DATE;TIME;HIGH;LOW;CLOSE;OPEN;VOLUME
2015.04.27;12:00:00;0.95163;0.94853;0.95025;0.95069;25979
2015.04.27;16:00:00;0.95182;0.94743;0.95091;0.95023;36421
2015.04.27;20:00:00;0.95139;0.94859;0.94943;0.95092;18590
2015.04.28;00:00:00;0.95164;0.94744;0.95099;0.94943;11852
2015.04.28;04:00:00;0.95262;0.95063;0.95243;0.951;11837
2015.04.28;08:00:00;0.95556;0.95234;0.95521;0.95244;27945
2015.04.28;12:00:00;0.96052;0.95474;0.95943;0.95524;34042
2015.04.28;16:00:00;0.96422;0.95926;0.96277;0.95943;40772
2015.04.28;20:00:00;0.96542;0.96243;0.96522;0.96276;19837
2015.04.29;00:00:00;0.9652;0.96149;0.96414;0.9652;13401
2015.04.29;04:00:00;0.96425;0.96076;0.96127;0.96414;15397
2015.04.29;08:00:00;0.96237;0.95988;0.96003;0.9613;26835
2015.04.29;12:00:00;0.96545;0.96;0.96276;0.96005;36900
2015.04.29;16:00:00;0.96591;0.9622;0.96449;0.96276;52522
2015.04.29;20:00:00;0.96664;0.96175;0.96176;0.96448;33983
2015.04.30;00:00:00;0.96294;0.95855;0.96284;0.96188;15165
2015.04.30;04:00:00;0.96341;0.9601;0.96147;0.96286;17086
2015.04.30;08:00:00;0.96152;0.9536;0.95459;0.96147;39456
2015.04.30;12:00:00;0.95598;0.94916;0.95102;0.95457;40969
2015.04.30;16:00:00;0.95683;0.94905;0.9547;0.95101;48580
2015.04.30;20:00:00;0.95761;0.95336;0.95433;0.9547;24711
2015.05.01;00:00:00;0.95529;0.95296;0.9537;0.95434;9692
2015.05.01;04:00:00;0.95454;0.9525;0.95333;0.95366;9751
2015.05.01;08:00:00;0.95502;0.95062;0.95398;0.95333;20184
2015.05.01;12:00:00;0.95463;0.95114;0.95279;0.95399;25709
2015.05.01;16:00:00;0.95563;0.95055;0.95213;0.95281;43179
2015.05.01;20:00:00;0.95458;0.95157;0.95434;0.9521;16405
2015.05.04;00:00:00;0.95354;0.95039;0.95054;0.95127;10191
2015.05.04;04:00:00;0.95346;0.94983;0.95186;0.95055;11799
2015.05.04;08:00:00;0.95304;0.95079;0.95088;0.95185;21692
2015.05.04;12:00:00;0.95137;0.94753;0.94803;0.95088;22499
2015.05.04;16:00:00;0.95048;0.948;0.95013;0.94802;21903
2015.05.04;20:00:00;0.95051;0.9468;0.94749;0.95011;9723
2015.05.05;00:00:00;0.94921;0.94689;0.94848;0.94749;9314
2015.05.05;04:00:00;0.95779;0.94367;0.95708;0.94849;17803
2015.05.05;08:00:00;0.95873;0.95306;0.95379;0.95707;31832
2015.05.05;12:00:00;0.95548;0.95051;0.95298;0.95378;29039
2015.05.05;16:00:00;0.95701;0.95056;0.95635;0.95297;40265
2015.05.05;20:00:00;0.95887;0.95636;0.95816;0.95636;16081
2015.05.06;00:00:00;0.95935;0.9566;0.95894;0.95816;15620
2015.05.06;04:00:00;0.96011;0.95743;0.9588;0.95893;17412
2015.05.06;08:00:00;0.96104;0.9576;0.95938;0.95881;30459
2015.05.06;12:00:00;0.96238;0.95766;0.96167;0.95936;32378
2015.05.06;16:00:00;0.96244;0.95831;0.95926;0.96166;41931
2015.05.06;20:00:00;0.96061;0.95831;0.95941;0.95922;17949
2015.05.07;00:00:00;0.96023;0.9571;0.95929;0.95944;15121
2015.05.07;04:00:00;0.96367;0.95512;0.96075;0.95928;23696
2015.05.07;08:00:00;0.96234;0.95803;0.95887;0.96075;27713
2015.05.07;12:00:00;0.96211;0.9585;0.96093;0.95885;35089
2015.05.07;16:00:00;0.96299;0.95998;0.96048;0.96095;33094
2015.05.07;20:00:00;0.96108;0.95722;0.95873;0.96048;16839
2015.05.08;00:00:00;0.95948;0.955;0.95585;0.95873;13778
2015.05.08;04:00:00;0.95916;0.95205;0.95758;0.95585;20234
2015.05.08;08:00:00;0.9593;0.95592;0.95654;0.95758;27528
2015.05.08;12:00:00;0.95988;0.95449;0.95957;0.95653;33196
2015.05.08;16:00:00;0.96212;0.95528;0.95774;0.95963;39803
2015.05.08;20:00:00;0.95898;0.95642;0.9578;0.95773;15242
2015.05.11;00:00:00;0.95861;0.95632;0.95729;0.95709;10654
2015.05.11;04:00:00;0.95734;0.95512;0.95654;0.95728;16732
2015.05.11;08:00:00;0.95882;0.95599;0.95867;0.95655;24343
2015.05.11;12:00:00;0.95947;0.95521;0.95644;0.95869;22830
2015.05.11;16:00:00;0.9573;0.95411;0.95605;0.95646;28812
2015.05.11;20:00:00;0.95676;0.95417;0.95469;0.95606;12081
2015.05.12;00:00:00;0.95588;0.95393;0.95497;0.95473;10385
2015.05.12;04:00:00;0.95839;0.95461;0.95808;0.95497;13767
2015.05.12;08:00:00;0.96003;0.95779;0.9593;0.95811;28515
2015.05.12;12:00:00;0.96183;0.95805;0.95823;0.95929;30806
2015.05.12;16:00:00;0.95926;0.95617;0.95619;0.95823;29957
2015.05.12;20:00:00;0.95965;0.95598;0.95835;0.95618;14669
2015.05.13;00:00:00;0.96088;0.95465;0.95937;0.95839;12383
2015.05.13;04:00:00;0.96023;0.95713;0.95856;0.95939;15174
2015.05.13;08:00:00;0.95948;0.95736;0.95864;0.95856;23874
2015.05.13;12:00:00;0.96641;0.95805;0.96623;0.95864;33356
2015.05.13;16:00:00;0.97057;0.96621;0.9682;0.96623;35780
2015.05.13;20:00:00;0.97051;0.96783;0.96972;0.9682;14909
2015.05.14;00:00:00;0.97166;0.96826;0.97107;0.96966;12294
2015.05.14;04:00:00;0.97459;0.96902;0.96926;0.97109;17478
2015.05.14;08:00:00;0.97008;0.96428;0.96532;0.96926;27282
2015.05.14;12:00:00;0.97002;0.96493;0.96853;0.96532;26991
2015.05.14;16:00:00;0.97093;0.96582;0.97085;0.96852;30949
2015.05.14;20:00:00;0.97088;0.96677;0.96765;0.97086;14257
2015.05.15;00:00:00;0.96906;0.96467;0.96536;0.96752;11914
2015.05.15;04:00:00;0.96776;0.9651;0.9661;0.96537;11743
2015.05.15;08:00:00;0.96658;0.96284;0.96292;0.96609;26995
2015.05.15;12:00:00;0.96413;0.9624;0.96351;0.96294;23478
2015.05.15;16:00:00;0.96838;0.9635;0.96674;0.96351;35094
2015.05.15;20:00:00;0.96805;0.96492;0.96527;0.96677;14487
2015.05.18;00:00:00;0.96707;0.96304;0.96356;0.96442;9798
2015.05.18;04:00:00;0.96591;0.96349;0.96492;0.96356;11569
2015.05.18;08:00:00;0.96514;0.96218;0.96466;0.96491;22157
2015.05.18;12:00:00;0.96598;0.96345;0.96577;0.96468;22756
2015.05.18;16:00:00;0.97306;0.96573;0.971;0.96578;28650
2015.05.18;20:00:00;0.97201;0.96959;0.97126;0.971;14346
2015.05.19;00:00:00;0.97182;0.97031;0.97123;0.97126;11523
2015.05.19;04:00:00;0.97191;0.96806;0.96954;0.97123;17606
2015.05.19;08:00:00;0.97207;0.96898;0.97088;0.96953;31165
2015.05.19;12:00:00;0.97223;0.96676;0.96878;0.97088;26721
2015.05.19;16:00:00;0.97187;0.96625;0.96716;0.96876;33762
2015.05.19;20:00:00;0.9685;0.96688;0.9677;0.96717;14242
2015.05.20;00:00:00;0.96893;0.96686;0.96794;0.96774;11917
2015.05.20;04:00:00;0.96942;0.96742;0.96814;0.9679;12329
2015.05.20;08:00:00;0.96915;0.96459;0.9652;0.96815;29677
2015.05.20;12:00:00;0.96662;0.96383;0.96467;0.96517;26037
2015.05.20;16:00:00;0.96478;0.96155;0.96201;0.96467;31787
2015.05.20;20:00:00;0.96351;0.95973;0.96109;0.96202;29428
2015.05.21;00:00:00;0.9623;0.95724;0.96188;0.96097;9211
2015.05.21;04:00:00;0.96377;0.96081;0.96367;0.9619;13533
2015.05.21;08:00:00;0.96418;0.9613;0.96274;0.96365;25138
2015.05.21;12:00:00;0.96443;0.96172;0.96267;0.96274;24655
2015.05.21;16:00:00;0.96476;0.96135;0.96196;0.96266;33081
2015.05.21;20:00:00;0.96352;0.96175;0.96274;0.96195;16592
2015.05.22;00:00:00;0.9642;0.96234;0.9642;0.96274;10696
2015.05.22;04:00:00;0.96535;0.96309;0.96455;0.9642;14808
2015.05.22;08:00:00;0.96584;0.96287;0.96367;0.96453;22009
2015.05.22;12:00:00;0.96383;0.95947;0.9605;0.96368;29124
2015.05.22;16:00:00;0.96325;0.95992;0.96243;0.96049;31982
2015.05.22;20:00:00;0.96351;0.96086;0.96132;0.96242;16366
2015.05.25;00:00:00;0.96194;0.95969;0.96018;0.96099;9544
2015.05.25;04:00:00;0.96218;0.95991;0.9619;0.96018;12972
2015.05.25;08:00:00;0.96307;0.96038;0.96226;0.9619;17179
2015.05.25;12:00:00;0.96326;0.96166;0.96285;0.96227;11800
2015.05.25;16:00:00;0.96411;0.96191;0.96342;0.96282;12362
2015.05.25;20:00:00;0.96392;0.96289;0.96295;0.96343;14469
2015.05.26;00:00:00;0.96397;0.96267;0.96327;0.96282;10335
2015.05.26;04:00:00;0.96464;0.96284;0.96387;0.96328;11364
2015.05.26;08:00:00;0.96404;0.95929;0.96172;0.96388;32864
2015.05.26;12:00:00;0.96522;0.96163;0.96187;0.96168;31675
2015.05.26;16:00:00;0.96423;0.9607;0.9624;0.96187;38765
2015.05.26;20:00:00;0.96294;0.96031;0.96152;0.96241;15814
2015.05.27;00:00:00;0.96276;0.9601;0.96246;0.9616;6486
2015.05.27;04:00:00;0.96357;0.96092;0.96265;0.96243;13038
2015.05.27;08:00:00;0.96377;0.9604;0.96194;0.96262;27049
2015.05.27;12:00:00;0.96322;0.95877;0.9598;0.96194;32047
2015.05.27;16:00:00;0.96328;0.95863;0.96264;0.95981;37645
2015.05.27;20:00:00;0.96357;0.96163;0.9619;0.96263;17436
2015.05.28;00:00:00;0.96428;0.96128;0.96424;0.96128;9107
2015.05.28;04:00:00;0.96585;0.95647;0.9585;0.96426;23093
2015.05.28;08:00:00;0.96037;0.9557;0.9573;0.9585;33257
2015.05.28;12:00:00;0.95766;0.95257;0.95429;0.9573;33965
2015.05.28;16:00:00;0.95615;0.95114;0.95242;0.95431;38617
2015.05.28;20:00:00;0.95283;0.95043;0.95084;0.95242;20293
2015.05.29;00:00:00;0.95181;0.94857;0.95041;0.95081;10329
2015.05.29;04:00:00;0.95271;0.94952;0.95168;0.95037;13523
2015.05.29;08:00:00;0.95315;0.95085;0.95204;0.95168;26010
2015.05.29;12:00:00;0.95716;0.95049;0.95549;0.95204;31422
2015.05.29;16:00:00;0.95693;0.95351;0.95377;0.95544;35721
2015.05.29;20:00:00;0.95493;0.95033;0.95124;0.95376;12683
2015.06.01;00:00:00;0.95317;0.94972;0.9527;0.94973;8899
2015.06.01;04:00:00;0.95447;0.95111;0.95406;0.95274;13325
2015.06.01;08:00:00;0.95563;0.9526;0.9545;0.95405;22258
2015.06.01;12:00:00;0.9551;0.95178;0.95497;0.95448;24965
2015.06.01;16:00:00;0.95569;0.95356;0.95406;0.95498;33075
2015.06.01;20:00:00;0.95423;0.95166;0.95205;0.95407;14685
2015.06.02;00:00:00;0.95547;0.95189;0.95487;0.95202;11546
2015.06.02;04:00:00;0.96154;0.95378;0.96008;0.95487;17854
2015.06.02;08:00:00;0.96337;0.95984;0.9615;0.96009;29641
2015.06.02;12:00:00;0.96295;0.96004;0.96064;0.96149;34410
2015.06.02;16:00:00;0.96577;0.96035;0.96303;0.96068;45088
2015.06.02;20:00:00;0.96511;0.96301;0.96338;0.96302;20044
2015.06.03;00:00:00;0.96486;0.96307;0.96349;0.96341;13023
2015.06.03;04:00:00;0.96872;0.96341;0.96599;0.96345;17985
2015.06.03;08:00:00;0.96789;0.96585;0.96656;0.96597;27646
2015.06.03;12:00:00;0.97018;0.9659;0.96966;0.96656;29547
2015.06.03;16:00:00;0.97156;0.96892;0.96917;0.96965;39359
2015.06.03;20:00:00;0.96994;0.96767;0.96926;0.96919;15492
2015.06.04;00:00:00;0.96937;0.96719;0.96776;0.96922;11986
2015.06.04;04:00:00;0.96861;0.96096;0.96274;0.96778;17758
2015.06.04;08:00:00;0.96605;0.96115;0.96526;0.96275;35836
2015.06.04;12:00:00;0.96559;0.96211;0.96251;0.96521;29948
2015.06.04;16:00:00;0.96369;0.95627;0.95846;0.9625;33662
2015.06.04;20:00:00;0.96101;0.95795;0.96093;0.95846;17553
2015.06.05;00:00:00;0.96103;0.9592;0.96102;0.96085;13653
2015.06.05;04:00:00;0.96235;0.96061;0.96183;0.96101;11127
2015.06.05;08:00:00;0.96403;0.96071;0.96366;0.96181;24171
2015.06.05;12:00:00;0.96524;0.95186;0.95339;0.96366;29072
2015.06.05;16:00:00;0.95536;0.95056;0.95148;0.95339;41422
2015.06.05;20:00:00;0.95179;0.9463;0.94637;0.95147;15286
2015.06.08;00:00:00;0.95003;0.94696;0.9488;0.94721;7447
2015.06.08;04:00:00;0.9519;0.9479;0.94803;0.94883;12763
2015.06.08;08:00:00;0.95165;0.94769;0.95003;0.94803;28322
2015.06.08;12:00:00;0.9508;0.94704;0.94827;0.95002;21600
2015.06.08;16:00:00;0.95158;0.94816;0.95111;0.94828;27508
2015.06.08;20:00:00;0.9557;0.95107;0.95559;0.95113;19810
2015.06.09;00:00:00;0.95549;0.95318;0.95427;0.95549;9926
2015.06.09;04:00:00;0.95703;0.95245;0.95308;0.9543;16696
2015.06.09;08:00:00;0.95358;0.95024;0.95126;0.95308;31472
2015.06.09;12:00:00;0.95279;0.94828;0.94871;0.95129;33751
2015.06.09;16:00:00;0.9503;0.94478;0.94587;0.94873;34171
2015.06.09;20:00:00;0.94853;0.94571;0.94843;0.94588;14721
2015.06.10;00:00:00;0.95011;0.94712;0.94814;0.94843;13265
2015.06.10;04:00:00;0.94858;0.943;0.94726;0.94812;21383
2015.06.10;08:00:00;0.95364;0.94654;0.95013;0.94728;41276
2015.06.10;12:00:00;0.95084;0.94654;0.94704;0.95013;32116
2015.06.10;16:00:00;0.95227;0.94668;0.95202;0.94703;37602
2015.06.10;20:00:00;0.95339;0.95019;0.95019;0.95203;15977
2015.06.11;00:00:00;0.95049;0.94237;0.94765;0.94909;14779
2015.06.11;04:00:00;0.95568;0.94632;0.95332;0.94765;17010
2015.06.11;08:00:00;0.9537;0.95136;0.95319;0.95331;29966
2015.06.11;12:00:00;0.95319;0.94922;0.95197;0.95319;31510
2015.06.11;16:00:00;0.95227;0.94951;0.95208;0.95198;32293
2015.06.11;20:00:00;0.95346;0.95121;0.95282;0.95208;16309
2015.06.12;00:00:00;0.9537;0.95119;0.95256;0.95282;13961
2015.06.12;04:00:00;0.95288;0.95043;0.95053;0.95257;13314
2015.06.12;08:00:00;0.95122;0.94606;0.94709;0.95053;24576
2015.06.12;12:00:00;0.94932;0.94639;0.94846;0.94707;27484
2015.06.12;16:00:00;0.95387;0.94793;0.95301;0.94847;29916
2015.06.12;20:00:00;0.95421;0.95039;0.9513;0.95302;11743
2015.06.15;00:00:00;0.95452;0.94992;0.95037;0.95407;9599
2015.06.15;04:00:00;0.95206;0.95025;0.95088;0.95037;14529
2015.06.15;08:00:00;0.9524;0.95023;0.95203;0.95087;24135
2015.06.15;12:00:00;0.95903;0.95184;0.95851;0.95201;21683
2015.06.15;16:00:00;0.95922;0.95529;0.95604;0.95852;21045
2015.06.15;20:00:00;0.95689;0.95468;0.95676;0.95604;14797
2015.06.16;00:00:00;0.95681;0.95468;0.95525;0.95672;11242
2015.06.16;04:00:00;0.95814;0.9543;0.95526;0.95524;15180
2015.06.16;08:00:00;0.95542;0.95247;0.95301;0.95528;20304
2015.06.16;12:00:00;0.95628;0.95293;0.95576;0.953;17950
2015.06.16;16:00:00;0.95677;0.95486;0.95579;0.95575;18660
2015.06.16;20:00:00;0.95594;0.95193;0.95265;0.95581;12232
2015.06.17;00:00:00;0.95313;0.95156;0.95212;0.95261;9380
2015.06.17;04:00:00;0.95235;0.94882;0.94932;0.95212;12672
2015.06.17;08:00:00;0.95055;0.94671;0.94701;0.94931;21259
2015.06.17;12:00:00;0.94731;0.94436;0.94632;0.947;21027
2015.06.17;16:00:00;0.94777;0.94291;0.94399;0.94632;22532
2015.06.17;20:00:00;0.94941;0.9421;0.94703;0.94398;36865
2015.06.18;00:00:00;0.94856;0.94301;0.94548;0.94676;14586
2015.06.18;04:00:00;0.94654;0.94329;0.9442;0.94547;15584
2015.06.18;08:00:00;0.94902;0.94386;0.94819;0.9442;29115
2015.06.18;12:00:00;0.95299;0.94736;0.95101;0.94819;28374
2015.06.18;16:00:00;0.95605;0.95028;0.95506;0.95104;29074
2015.06.18;20:00:00;0.95561;0.95283;0.95284;0.95504;18332
2015.06.19;00:00:00;0.95452;0.95138;0.95317;0.95277;11507
2015.06.19;04:00:00;0.95374;0.94932;0.94997;0.95319;13948
2015.06.19;08:00:00;0.95029;0.94824;0.94916;0.94999;23790
2015.06.19;12:00:00;0.95227;0.94752;0.95158;0.94914;22394
2015.06.19;16:00:00;0.95365;0.95093;0.95232;0.95158;22227
2015.06.19;20:00:00;0.95428;0.95158;0.95354;0.95231;13435
2015.06.22;00:00:00;0.95394;0.95127;0.95362;0.95142;8367
2015.06.22;04:00:00;0.95468;0.95261;0.9534;0.95361;11743
2015.06.22;08:00:00;0.95453;0.95232;0.95309;0.95341;21759
2015.06.22;12:00:00;0.9534;0.94856;0.9514;0.95308;22946
2015.06.22;16:00:00;0.95381;0.95053;0.95179;0.9514;27191
2015.06.22;20:00:00;0.95251;0.95079;0.95079;0.95179;14049
2015.06.23;00:00:00;0.95316;0.95036;0.95232;0.95083;11084
2015.06.23;04:00:00;0.95292;0.9496;0.95044;0.95233;16827
2015.06.23;08:00:00;0.95452;0.95008;0.95253;0.95044;24405
2015.06.23;12:00:00;0.95313;0.94841;0.94967;0.95253;23583
2015.06.23;16:00:00;0.95424;0.94854;0.9524;0.94967;28139
2015.06.23;20:00:00;0.9546;0.95231;0.95322;0.9524;14082
2015.06.24;00:00:00;0.95551;0.9528;0.95459;0.95322;9768
2015.06.24;04:00:00;0.9551;0.95135;0.9517;0.9546;12034
2015.06.24;08:00:00;0.95387;0.95166;0.95268;0.9517;23621
2015.06.24;12:00:00;0.95358;0.95102;0.95299;0.95269;25042
2015.06.24;16:00:00;0.95529;0.95259;0.95448;0.95298;30437
2015.06.24;20:00:00;0.95551;0.95333;0.95333;0.95448;14657
2015.06.25;00:00:00;0.95611;0.95318;0.95601;0.95332;10977
2015.06.25;04:00:00;0.95899;0.95568;0.95807;0.95602;13632
2015.06.25;08:00:00;0.95948;0.95677;0.95739;0.9581;19581
2015.06.25;12:00:00;0.95888;0.95714;0.95761;0.95739;23413
2015.06.25;16:00:00;0.95766;0.95389;0.95592;0.95761;20213
2015.06.25;20:00:00;0.95641;0.95284;0.95348;0.95591;12323
2015.06.26;00:00:00;0.9542;0.95246;0.95319;0.95342;13614
2015.06.26;04:00:00;0.95358;0.9515;0.95247;0.95316;13314
2015.06.26;08:00:00;0.95261;0.95076;0.95168;0.95249;18162
2015.06.26;12:00:00;0.95175;0.94528;0.94549;0.95165;19756
2015.06.26;16:00:00;0.94722;0.94373;0.94383;0.94551;25624
2015.06.26;20:00:00;0.94428;0.94172;0.94254;0.94385;10781
2015.06.29;00:00:00;0.94362;0.93635;0.94177;0.93977;18015
2015.06.29;04:00:00;0.94935;0.94167;0.94339;0.94175;16877
2015.06.29;08:00:00;0.9449;0.94096;0.94393;0.94339;33540
2015.06.29;12:00:00;0.9481;0.94367;0.94726;0.94395;25300
2015.06.29;16:00:00;0.95238;0.94629;0.95205;0.94728;28040
2015.06.29;20:00:00;0.9544;0.95169;0.95209;0.95204;15691
2015.06.30;00:00:00;0.95289;0.95115;0.95244;0.95203;12104
2015.06.30;04:00:00;0.95336;0.95028;0.95127;0.95246;16694
2015.06.30;08:00:00;0.95344;0.95071;0.95201;0.95127;26256
2015.06.30;12:00:00;0.95797;0.94903;0.9573;0.95199;28016
2015.06.30;16:00:00;0.96315;0.9573;0.96195;0.95733;30866
2015.06.30;20:00:00;0.96373;0.96142;0.96257;0.96191;17677
2015.07.01;00:00:00;0.96341;0.95882;0.96214;0.96228;15589
2015.07.01;04:00:00;0.96623;0.9608;0.96448;0.96219;13941
2015.07.01;08:00:00;0.96538;0.96214;0.96372;0.96449;20496
2015.07.01;12:00:00;0.96495;0.96022;0.96246;0.96372;22334
2015.07.01;16:00:00;0.9632;0.95973;0.96234;0.96245;24022
2015.07.01;20:00:00;0.96367;0.96189;0.96214;0.96232;13689
2015.07.02;00:00:00;0.96336;0.9608;0.96336;0.96208;11382
2015.07.02;04:00:00;0.96371;0.96042;0.96269;0.96336;13449
2015.07.02;08:00:00;0.96307;0.95835;0.95962;0.96266;25421
2015.07.02;12:00:00;0.96133;0.95695;0.95828;0.95962;30582
2015.07.02;16:00:00;0.95994;0.95726;0.95772;0.9583;29862
2015.07.02;20:00:00;0.9581;0.95661;0.95677;0.95772;12345
2015.07.03;00:00:00;0.95915;0.95647;0.95848;0.95677;9828
2015.07.03;04:00:00;0.95894;0.95043;0.95264;0.95847;15249
2015.07.03;08:00:00;0.95321;0.94688;0.94688;0.95265;22715
2015.07.03;12:00:00;0.94754;0.94313;0.94679;0.94667;23927
2015.07.03;16:00:00;0.94698;0.94395;0.94549;0.94681;19673
2015.07.03;20:00:00;0.9462;0.94315;0.94388;0.9455;8499
2015.07.06;00:00:00;0.9467;0.94042;0.94637;0.94192;12377
2015.07.06;04:00:00;0.94693;0.94164;0.94298;0.94637;13805
2015.07.06;08:00:00;0.94637;0.94126;0.94435;0.94298;27005
2015.07.06;12:00:00;0.94859;0.9439;0.94845;0.94435;25897
2015.07.06;16:00:00;0.95095;0.94843;0.94884;0.94845;28611
2015.07.06;20:00:00;0.95078;0.94773;0.94848;0.94882;13025
2015.07.07;00:00:00;0.94871;0.94611;0.94659;0.94844;10092
2015.07.07;04:00:00;0.94782;0.94459;0.94702;0.9466;14609
2015.07.07;08:00:00;0.9492;0.94264;0.9441;0.94703;27756
2015.07.07;12:00:00;0.94692;0.94287;0.94507;0.94413;31130
2015.07.07;16:00:00;0.94794;0.94425;0.94677;0.94508;37677
2015.07.07;20:00:00;0.94787;0.94578;0.94644;0.94677;17205
2015.07.08;00:00:00;0.94844;0.94589;0.94602;0.94629;12531
2015.07.08;04:00:00;0.94658;0.94138;0.94247;0.946;21192
2015.07.08;08:00:00;0.9439;0.94028;0.94157;0.94252;29793
2015.07.08;12:00:00;0.94716;0.94112;0.94621;0.94157;27313
2015.07.08;16:00:00;0.94801;0.94388;0.94761;0.94621;37195
2015.07.08;20:00:00;0.94814;0.94493;0.94667;0.94764;15465
2015.07.09;00:00:00;0.94677;0.94157;0.94269;0.94657;11828
2015.07.09;04:00:00;0.95019;0.94247;0.94935;0.94269;19755
2015.07.09;08:00:00;0.95141;0.94811;0.94835;0.94935;26775
2015.07.09;12:00:00;0.94844;0.94325;0.94571;0.94834;27521
2015.07.09;16:00:00;0.94708;0.94474;0.94617;0.94569;29042
2015.07.09;20:00:00;0.94722;0.94543;0.94593;0.94616;15562
2015.07.10;00:00:00;0.94983;0.94545;0.94934;0.94574;11422
2015.07.10;04:00:00;0.95117;0.94859;0.94859;0.94934;15492
2015.07.10;08:00:00;0.94923;0.94678;0.94731;0.94858;24564
2015.07.10;12:00:00;0.95052;0.94522;0.94676;0.94735;28273
2015.07.10;16:00:00;0.94735;0.9426;0.9433;0.94675;28950
2015.07.10;20:00:00;0.94484;0.94125;0.9416;0.94329;10979
2015.07.13;00:00:00;0.94392;0.94121;0.94338;0.94122;8308
2015.07.13;04:00:00;0.94697;0.94292;0.94507;0.94338;16922
2015.07.13;08:00:00;0.94674;0.9438;0.94515;0.94508;34663
2015.07.13;12:00:00;0.94586;0.94344;0.94417;0.94519;26051
2015.07.13;16:00:00;0.94635;0.94255;0.94466;0.94415;27144
2015.07.13;20:00:00;0.9452;0.94283;0.94344;0.94464;14631
2015.07.14;00:00:00;0.94451;0.94211;0.94427;0.94359;15280
2015.07.14;04:00:00;0.94688;0.94352;0.94607;0.94424;16964
2015.07.14;08:00:00;0.95059;0.94541;0.94906;0.94607;28025
2015.07.14;12:00:00;0.95179;0.94836;0.95067;0.94907;29847
2015.07.14;16:00:00;0.95184;0.94757;0.94945;0.95064;26941
2015.07.14;20:00:00;0.94981;0.94792;0.94797;0.94946;11870
2015.07.15;00:00:00;0.94953;0.94752;0.9484;0.94793;13883
2015.07.15;04:00:00;0.95261;0.94797;0.95101;0.9484;16111
2015.07.15;08:00:00;0.95268;0.94996;0.95099;0.95103;25945
2015.07.15;12:00:00;0.95258;0.94963;0.95122;0.95098;24495
2015.07.15;16:00:00;0.95726;0.94828;0.95335;0.95122;37381
2015.07.15;20:00:00;0.95405;0.95221;0.95245;0.9534;16375
2015.07.16;00:00:00;0.95404;0.95184;0.95303;0.95236;14907
2015.07.16;04:00:00;0.9537;0.95094;0.95158;0.95302;18138
2015.07.16;08:00:00;0.95519;0.95065;0.95459;0.95159;27367
2015.07.16;12:00:00;0.95831;0.9544;0.95625;0.9546;26702
2015.07.16;16:00:00;0.96182;0.95622;0.96034;0.95627;26153
2015.07.16;20:00:00;0.96097;0.95875;0.95915;0.96036;14027
2015.07.17;00:00:00;0.96179;0.95885;0.96115;0.95902;13722
2015.07.17;04:00:00;0.9616;0.95929;0.96068;0.96117;14477
2015.07.17;08:00:00;0.96105;0.95876;0.95985;0.96067;22508
2015.07.17;12:00:00;0.96108;0.95766;0.95838;0.95985;24036
2015.07.17;16:00:00;0.95874;0.9569;0.95853;0.95838;25799
2015.07.17;20:00:00;0.95874;0.95595;0.9562;0.95854;11067
2015.07.20;00:00:00;0.95766;0.95621;0.95697;0.95681;6655
2015.07.20;04:00:00;0.95749;0.95226;0.9552;0.95697;16656
2015.07.20;08:00:00;0.95871;0.95447;0.95728;0.9552;27091
2015.07.20;12:00:00;0.95863;0.95677;0.95814;0.95727;24894
2015.07.20;16:00:00;0.95855;0.95589;0.95805;0.95814;25051
2015.07.20;20:00:00;0.95888;0.95734;0.95734;0.95806;14774
2015.07.21;00:00:00;0.9586;0.95715;0.95762;0.95725;10353
2015.07.21;04:00:00;0.95877;0.95514;0.95575;0.95762;18863
2015.07.21;08:00:00;0.9579;0.95449;0.95743;0.95575;27394
2015.07.21;12:00:00;0.95851;0.95618;0.95713;0.9574;26420
2015.07.21;16:00:00;0.96349;0.95707;0.96257;0.95711;35486
2015.07.21;20:00:00;0.96324;0.96014;0.96021;0.96257;18115
2015.07.22;00:00:00;0.96166;0.95965;0.96006;0.96017;11128
2015.07.22;04:00:00;0.96233;0.95555;0.96113;0.96004;20508
2015.07.22;08:00:00;0.96263;0.95987;0.96108;0.96117;23840
2015.07.22;12:00:00;0.9623;0.95896;0.9618;0.96111;26724
2015.07.22;16:00:00;0.9628;0.95915;0.95946;0.96183;29398
2015.07.22;20:00:00;0.9617;0.95922;0.96045;0.95946;13282
2015.07.23;00:00:00;0.96264;0.95865;0.95984;0.9603;13565
2015.07.23;04:00:00;0.9625;0.95981;0.96072;0.95983;12405
2015.07.23;08:00:00;0.96295;0.95971;0.96139;0.96072;24272
2015.07.23;12:00:00;0.96258;0.95851;0.9588;0.96139;24680
2015.07.23;16:00:00;0.96105;0.95665;0.95974;0.95879;28978
2015.07.23;20:00:00;0.96019;0.95821;0.9583;0.95976;14992
2015.07.24;00:00:00;0.95887;0.95625;0.95756;0.95818;9931
2015.07.24;04:00:00;0.95763;0.94813;0.95011;0.95755;16060
2015.07.24;08:00:00;0.9519;0.94944;0.95015;0.95011;19540
2015.07.24;12:00:00;0.95227;0.94897;0.95149;0.95015;25709
2015.07.24;16:00:00;0.95211;0.9493;0.95198;0.95149;28478
2015.07.24;20:00:00;0.95236;0.94861;0.94945;0.95195;10364
2015.07.27;00:00:00;0.94964;0.94711;0.94871;0.94775;7822
2015.07.27;04:00:00;0.95071;0.94853;0.94943;0.94872;12245
2015.07.27;08:00:00;0.9501;0.945;0.94697;0.94941;26745
2015.07.27;12:00:00;0.95116;0.94665;0.94986;0.94696;27558
2015.07.27;16:00:00;0.95215;0.94914;0.95078;0.94987;30626
2015.07.27;20:00:00;0.95112;0.94677;0.94745;0.95081;10567
2015.07.28;00:00:00;0.94914;0.94678;0.94899;0.94746;8955
2015.07.28;04:00:00;0.95226;0.94602;0.9513;0.94899;17463
2015.07.28;08:00:00;0.95266;0.95006;0.95133;0.9513;26225
2015.07.28;12:00:00;0.95248;0.94979;0.95083;0.95132;26276
2015.07.28;16:00:00;0.95171;0.94663;0.94738;0.95087;31163
2015.07.28;20:00:00;0.9483;0.9465;0.94742;0.94738;13664
2015.07.29;00:00:00;0.95027;0.94561;0.94951;0.94561;13548
2015.07.29;04:00:00;0.94986;0.94668;0.94727;0.94953;14154
2015.07.29;08:00:00;0.94802;0.94611;0.94738;0.94725;26607
2015.07.29;12:00:00;0.94777;0.94528;0.94725;0.94734;24371
2015.07.29;16:00:00;0.94762;0.94085;0.94281;0.9472;30348
2015.07.29;20:00:00;0.94568;0.9422;0.944;0.94282;25315
2015.07.30;00:00:00;0.94593;0.9434;0.94566;0.94405;12469
2015.07.30;04:00:00;0.94846;0.9454;0.94829;0.94567;13666
2015.07.30;08:00:00;0.94864;0.94567;0.94734;0.94828;25135
2015.07.30;12:00:00;0.94809;0.94212;0.94476;0.94732;28048
2015.07.30;16:00:00;0.94856;0.9439;0.94689;0.94477;31972
2015.07.30;20:00:00;0.94886;0.94662;0.9476;0.94689;17166
2015.07.31;00:00:00;0.949;0.94715;0.94794;0.9475;12974
2015.07.31;04:00:00;0.94971;0.94698;0.9488;0.94793;16148
2015.07.31;08:00:00;0.94938;0.94713;0.94778;0.94878;27842
2015.07.31;12:00:00;0.95338;0.9432;0.95097;0.94778;35183
2015.07.31;16:00:00;0.9566;0.95081;0.95348;0.95098;44222
2015.07.31;20:00:00;0.95648;0.95347;0.95541;0.95348;19708
2015.08.03;00:00:00;0.95843;0.95563;0.95806;0.95761;15007
2015.08.03;04:00:00;0.95909;0.95693;0.95718;0.95808;16704
2015.08.03;08:00:00;0.96025;0.95563;0.95931;0.9572;24758
2015.08.03;12:00:00;0.95967;0.95468;0.95622;0.95931;31316
2015.08.03;16:00:00;0.95776;0.95407;0.95564;0.95621;31371
2015.08.03;20:00:00;0.95861;0.9545;0.95815;0.95563;13683
2015.08.04;00:00:00;0.95867;0.95617;0.9569;0.95817;18895
2015.08.04;04:00:00;0.96699;0.95665;0.96694;0.95688;24282
2015.08.04;08:00:00;0.9696;0.96605;0.96881;0.96694;34565
2015.08.04;12:00:00;0.97212;0.9679;0.9708;0.96882;30671
2015.08.04;16:00:00;0.97407;0.97027;0.9737;0.9708;35290
2015.08.04;20:00:00;0.9747;0.97192;0.97323;0.97371;27277
2015.08.05;00:00:00;0.97372;0.97218;0.97284;0.97325;17420
2015.08.05;04:00:00;0.97289;0.96959;0.97025;0.97283;19969
2015.08.05;08:00:00;0.97211;0.96824;0.97103;0.9702;30039
2015.08.05;12:00:00;0.97295;0.96785;0.96853;0.97103;34773
2015.08.05;16:00:00;0.96944;0.96599;0.96845;0.96853;38702
2015.08.05;20:00:00;0.96995;0.96812;0.96904;0.96847;19576
2015.08.06;00:00:00;0.96946;0.96741;0.96742;0.96899;15169
2015.08.06;04:00:00;0.97245;0.96386;0.965;0.96742;21915
2015.08.06;08:00:00;0.96576;0.96387;0.96467;0.96501;28716
2015.08.06;12:00:00;0.96656;0.96436;0.96646;0.96469;32314
2015.08.06;16:00:00;0.96759;0.96428;0.96435;0.96646;31012
2015.08.06;20:00:00;0.9647;0.96219;0.96264;0.96437;19998
2015.08.07;00:00:00;0.96359;0.96222;0.96346;0.96259;14847
2015.08.07;04:00:00;0.96798;0.96345;0.96573;0.96346;19381
2015.08.07;08:00:00;0.96733;0.96504;0.96662;0.9657;24297
2015.08.07;12:00:00;0.96953;0.9643;0.9684;0.96663;31647
2015.08.07;16:00:00;0.9724;0.96584;0.97222;0.96842;43316
2015.08.07;20:00:00;0.97432;0.9715;0.97415;0.97227;17114
2015.08.10;00:00:00;0.97412;0.97161;0.97203;0.97228;10519
2015.08.10;04:00:00;0.97323;0.97148;0.97231;0.97202;16291
2015.08.10;08:00:00;0.97252;0.96982;0.97038;0.97231;24055
2015.08.10;12:00:00;0.97053;0.96562;0.96709;0.97044;24997
2015.08.10;16:00:00;0.96805;0.96469;0.96544;0.96711;35606
2015.08.10;20:00:00;0.96556;0.9628;0.96344;0.96548;19935
2015.08.11;00:00:00;0.96671;0.96315;0.96624;0.96344;18575
2015.08.11;04:00:00;0.96648;0.95614;0.95698;0.96624;33724
2015.08.11;08:00:00;0.95781;0.95469;0.95579;0.95699;35480
2015.08.11;12:00:00;0.9581;0.95529;0.95799;0.95581;33483
2015.08.11;16:00:00;0.95832;0.95557;0.95712;0.95799;36546
2015.08.11;20:00:00;0.95792;0.95604;0.95736;0.95712;16160
2015.08.12;00:00:00;0.95864;0.957;0.95749;0.9573;17892
2015.08.12;04:00:00;0.9584;0.94889;0.95093;0.95749;29601
2015.08.12;08:00:00;0.95579;0.95008;0.95397;0.95093;39182
2015.08.12;12:00:00;0.95755;0.95257;0.95505;0.95399;35902
2015.08.12;16:00:00;0.95795;0.95393;0.9575;0.95505;37142
2015.08.12;20:00:00;0.95846;0.9569;0.95718;0.95751;15720
2015.08.13;00:00:00;0.95889;0.95599;0.95769;0.95718;14653
2015.08.13;04:00:00;0.96013;0.95364;0.95786;0.95769;20534
2015.08.13;08:00:00;0.95797;0.95369;0.95435;0.95786;25864
2015.08.13;12:00:00;0.95806;0.95324;0.95749;0.95434;28472
2015.08.13;16:00:00;0.96262;0.95609;0.96185;0.95749;31760
2015.08.13;20:00:00;0.96242;0.96055;0.96055;0.96185;20701
2015.08.14;00:00:00;0.96408;0.96054;0.96284;0.96054;20084
2015.08.14;04:00:00;0.96481;0.96144;0.96295;0.96286;22266
2015.08.14;08:00:00;0.96548;0.96249;0.96514;0.96295;26663
2015.08.14;12:00:00;0.96573;0.96277;0.96498;0.96512;27993
2015.08.14;16:00:00;0.9656;0.9622;0.96446;0.96492;31068
2015.08.14;20:00:00;0.96674;0.96379;0.96568;0.96445;10965
2015.08.17;00:00:00;0.96618;0.96468;0.96515;0.96514;8582
2015.08.17;04:00:00;0.96709;0.96479;0.96657;0.96514;14872
2015.08.17;08:00:00;0.96747;0.96614;0.96664;0.96659;23272
2015.08.17;12:00:00;0.96716;0.96511;0.96644;0.96664;25285
2015.08.17;16:00:00;0.96771;0.96596;0.96625;0.96643;29442
2015.08.17;20:00:00;0.9665;0.96384;0.96384;0.96626;18217
2015.08.18;00:00:00;0.96554;0.96374;0.96487;0.96374;14875
2015.08.18;04:00:00;0.9667;0.96414;0.96461;0.96489;21621
2015.08.18;08:00:00;0.96534;0.96166;0.96357;0.96458;27441
2015.08.18;12:00:00;0.96413;0.95884;0.95917;0.96358;27400
2015.08.18;16:00:00;0.96012;0.9575;0.95872;0.95916;29833
2015.08.18;20:00:00;0.95964;0.95746;0.95834;0.95875;16864
2015.08.19;00:00:00;0.95871;0.95724;0.958;0.95786;18136
2015.08.19;04:00:00;0.95835;0.95455;0.95636;0.958;20406
2015.08.19;08:00:00;0.95978;0.95632;0.95899;0.95637;25061
2015.08.19;12:00:00;0.96052;0.95834;0.9598;0.959;27772
2015.08.19;16:00:00;0.96473;0.95903;0.96404;0.95981;31938
2015.08.19;20:00:00;0.96552;0.96046;0.96422;0.96406;32590
2015.08.20;00:00:00;0.96616;0.96327;0.9643;0.96428;17685
2015.08.20;04:00:00;0.9645;0.96276;0.96342;0.9643;19630
2015.08.20;08:00:00;0.96364;0.95854;0.95959;0.96344;30314
2015.08.20;12:00:00;0.96159;0.95666;0.95724;0.95959;29499
2015.08.20;16:00:00;0.96283;0.95692;0.96181;0.95725;35989
2015.08.20;20:00:00;0.96238;0.95942;0.95967;0.96184;22351
2015.08.21;00:00:00;0.9602;0.95829;0.95875;0.95979;16594
2015.08.21;04:00:00;0.95886;0.95452;0.95784;0.95877;25715
2015.08.21;08:00:00;0.95863;0.95569;0.95821;0.95786;28034
2015.08.21;12:00:00;0.96142;0.95693;0.95952;0.9582;31740
2015.08.21;16:00:00;0.96682;0.95951;0.96528;0.95952;40534
2015.08.21;20:00:00;0.96638;0.96258;0.96342;0.96527;23594
2015.08.24;00:00:00;0.96359;0.95764;0.95937;0.9606;18338
2015.08.24;04:00:00;0.9604;0.95423;0.95689;0.95938;31510
2015.08.24;08:00:00;0.96196;0.95597;0.95905;0.95688;32606
2015.08.24;12:00:00;0.95924;0.95603;0.95791;0.95904;39581
2015.08.24;16:00:00;0.95805;0.93387;0.95255;0.95796;60770
2015.08.24;20:00:00;0.95412;0.94934;0.95054;0.95256;33227
2015.08.25;00:00:00;0.95564;0.94695;0.95416;0.95059;16436
2015.08.25;04:00:00;0.95855;0.95318;0.95388;0.95416;21972
2015.08.25;08:00:00;0.95499;0.9503;0.95055;0.95387;34492
2015.08.25;12:00:00;0.95527;0.94826;0.95164;0.95056;36017
2015.08.25;16:00:00;0.9568;0.95032;0.95625;0.95166;29941
2015.08.25;20:00:00;0.95627;0.95021;0.95049;0.95626;18104
2015.08.26;00:00:00;0.95365;0.94712;0.95034;0.95054;19071
2015.08.26;04:00:00;0.95236;0.94781;0.94878;0.95034;24598
2015.08.26;08:00:00;0.95142;0.94551;0.94692;0.94878;33039
2015.08.26;12:00:00;0.94972;0.94577;0.94795;0.94693;31783
2015.08.26;16:00:00;0.94894;0.94078;0.94318;0.94795;33509
2015.08.26;20:00:00;0.94905;0.94254;0.94634;0.94318;23030
2015.08.27;00:00:00;0.94796;0.94559;0.94661;0.94639;15820
2015.08.27;04:00:00;0.94946;0.94394;0.9446;0.9466;15944
2015.08.27;08:00:00;0.94549;0.94253;0.94293;0.94459;26761
2015.08.27;12:00:00;0.94708;0.94282;0.94444;0.94294;25145
2015.08.27;16:00:00;0.94851;0.94394;0.94525;0.94445;34955
2015.08.27;20:00:00;0.94909;0.94485;0.94549;0.94524;19795
2015.08.28;00:00:00;0.94811;0.94507;0.94774;0.94544;12422
2015.08.28;04:00:00;0.9493;0.94456;0.94604;0.94774;17392
2015.08.28;08:00:00;0.94919;0.94479;0.94806;0.94605;25769
2015.08.28;12:00:00;0.94864;0.94347;0.94709;0.94806;27753
2015.08.28;16:00:00;0.94988;0.94393;0.94533;0.94709;37122
2015.08.28;20:00:00;0.94794;0.94458;0.94622;0.94532;15551
2015.08.31;00:00:00;0.9464;0.9435;0.94454;0.94443;13535
2015.08.31;04:00:00;0.94662;0.94397;0.94559;0.94454;17623
2015.08.31;08:00:00;0.9468;0.94433;0.94551;0.94559;18229
2015.08.31;12:00:00;0.94566;0.9432;0.94478;0.94554;15393
2015.08.31;16:00:00;0.94716;0.93796;0.94025;0.94477;26991
2015.08.31;20:00:00;0.94036;0.93277;0.93434;0.94025;20590
2015.09.01;00:00:00;0.93604;0.9334;0.93584;0.93439;11457
2015.09.01;04:00:00;0.93994;0.93334;0.93661;0.93579;18933
2015.09.01;08:00:00;0.93923;0.93463;0.93507;0.93667;32238
2015.09.01;12:00:00;0.93508;0.92561;0.928;0.93506;34556
2015.09.01;16:00:00;0.92949;0.92447;0.92687;0.928;36831
2015.09.01;20:00:00;0.93049;0.92654;0.93004;0.92684;24535
2015.09.02;00:00:00;0.93077;0.92749;0.93013;0.92994;18029
2015.09.02;04:00:00;0.93048;0.92458;0.92961;0.93013;24204
2015.09.02;08:00:00;0.93172;0.92755;0.92837;0.92957;25810
2015.09.02;12:00:00;0.9296;0.9261;0.92767;0.92836;26241
2015.09.02;16:00:00;0.93363;0.92703;0.93229;0.92764;38649
2015.09.02;20:00:00;0.93499;0.93188;0.93369;0.9323;26418
2015.09.03;00:00:00;0.93642;0.93337;0.93448;0.93364;11544
2015.09.03;04:00:00;0.93459;0.9293;0.93084;0.93448;14830
2015.09.03;08:00:00;0.93181;0.92792;0.93055;0.93086;21254
2015.09.03;12:00:00;0.93129;0.92773;0.92912;0.93055;26696
2015.09.03;16:00:00;0.92963;0.92382;0.92659;0.92912;35943
2015.09.03;20:00:00;0.92782;0.92409;0.92454;0.92661;20579
2015.09.04;00:00:00;0.92594;0.92347;0.92412;0.92449;15409
2015.09.04;04:00:00;0.92451;0.91955;0.92123;0.92413;20089
2015.09.04;08:00:00;0.92316;0.92014;0.92306;0.92123;25824
2015.09.04;12:00:00;0.92489;0.91645;0.91707;0.92304;22258
2015.09.04;16:00:00;0.91994;0.91603;0.91744;0.91712;27521
2015.09.04;20:00:00;0.91848;0.91485;0.91721;0.91739;10958
2015.09.07;00:00:00;0.92208;0.91559;0.92041;0.9176;13944
2015.09.07;04:00:00;0.92163;0.9175;0.91764;0.92041;15894
2015.09.07;08:00:00;0.9204;0.91705;0.91979;0.91766;21618
2015.09.07;12:00:00;0.92267;0.91931;0.92206;0.91979;19694
2015.09.07;16:00:00;0.92261;0.92;0.92225;0.92206;13800
2015.09.07;20:00:00;0.92237;0.92095;0.92114;0.92225;22320
2015.09.08;00:00:00;0.92412;0.92047;0.92359;0.92114;9360
2015.09.08;04:00:00;0.92732;0.9222;0.92465;0.92359;16926
2015.09.08;08:00:00;0.92747;0.92271;0.92578;0.92464;19971
2015.09.08;12:00:00;0.92589;0.92287;0.92524;0.92577;20576
2015.09.08;16:00:00;0.92938;0.92487;0.92926;0.92525;25633
2015.09.08;20:00:00;0.92972;0.9263;0.92664;0.92929;10844
2015.09.09;00:00:00;0.92973;0.92604;0.92941;0.92659;11363
2015.09.09;04:00:00;0.93198;0.92858;0.93017;0.92941;15464
2015.09.09;08:00:00;0.93235;0.92961;0.93076;0.93015;20857
2015.09.09;12:00:00;0.9328;0.92954;0.93202;0.93078;20865
2015.09.09;16:00:00;0.93394;0.92632;0.92853;0.93201;27557
2015.09.09;20:00:00;0.9302;0.9277;0.92984;0.92855;15021
2015.09.10;00:00:00;0.93029;0.92319;0.92462;0.92999;14823
2015.09.10;04:00:00;0.92907;0.92206;0.92651;0.92462;18728
2015.09.10;08:00:00;0.93522;0.92651;0.93169;0.92651;28753
2015.09.10;12:00:00;0.93794;0.93169;0.93525;0.93169;27615
2015.09.10;16:00:00;0.93799;0.93336;0.93405;0.93527;34198
2015.09.10;20:00:00;0.93738;0.93381;0.93669;0.93405;18602
2015.09.11;00:00:00;0.93708;0.93464;0.93614;0.93679;12204
2015.09.11;04:00:00;0.93664;0.9339;0.9341;0.93616;9573
2015.09.11;08:00:00;0.93579;0.93318;0.93399;0.93412;18615
2015.09.11;12:00:00;0.93776;0.93271;0.93721;0.93399;19523
2015.09.11;16:00:00;0.93994;0.93603;0.93884;0.93723;24481
2015.09.11;20:00:00;0.94055;0.93802;0.94028;0.93884;11023
2015.09.14;00:00:00;0.94319;0.93765;0.94228;0.93781;9058
2015.09.14;04:00:00;0.94366;0.93709;0.93823;0.9423;13667
2015.09.14;08:00:00;0.9426;0.93525;0.94254;0.93823;17800
2015.09.14;12:00:00;0.94459;0.94107;0.94354;0.94257;15970
2015.09.14;16:00:00;0.94796;0.94158;0.9474;0.94355;19425
2015.09.14;20:00:00;0.94765;0.94529;0.94644;0.94741;9712
2015.09.15;00:00:00;0.94945;0.9451;0.94783;0.94634;11420
2015.09.15;04:00:00;0.94798;0.94399;0.94446;0.94783;12410
2015.09.15;08:00:00;0.94471;0.94209;0.94411;0.94446;20500
2015.09.15;12:00:00;0.94471;0.94247;0.94301;0.94412;17181
2015.09.15;16:00:00;0.94353;0.93974;0.94194;0.94297;19791
2015.09.15;20:00:00;0.94704;0.94179;0.94584;0.94198;11119
2015.09.16;00:00:00;0.94629;0.94333;0.94404;0.94589;8591
2015.09.16;04:00:00;0.94567;0.94357;0.945;0.94404;10916
2015.09.16;08:00:00;0.94887;0.94457;0.94743;0.94499;14723
2015.09.16;12:00:00;0.94882;0.94572;0.9464;0.94744;14751
2015.09.16;16:00:00;0.95008;0.94566;0.94652;0.94639;23933
2015.09.16;20:00:00;0.9489;0.94584;0.94779;0.94652;10332
2015.09.17;00:00:00;0.94918;0.94602;0.94621;0.94784;9645
2015.09.17;04:00:00;0.9487;0.94594;0.94639;0.94624;11358
2015.09.17;08:00:00;0.94792;0.94494;0.94594;0.94637;14925
2015.09.17;12:00:00;0.94674;0.94447;0.94464;0.94595;13750
2015.09.17;16:00:00;0.94505;0.94131;0.94284;0.94463;18947
2015.09.17;20:00:00;0.95185;0.94247;0.94534;0.94283;34555
2015.09.18;00:00:00;0.94766;0.94308;0.94656;0.94494;11407
2015.09.18;04:00:00;0.94785;0.94583;0.94732;0.94657;10468
2015.09.18;08:00:00;0.95073;0.94698;0.94879;0.94735;22603
2015.09.18;12:00:00;0.94906;0.94515;0.94692;0.94879;24650
2015.09.18;16:00:00;0.95033;0.94546;0.95012;0.9469;28272
2015.09.18;20:00:00;0.95156;0.94859;0.94969;0.95012;15949
2015.09.21;00:00:00;0.95129;0.9493;0.94981;0.94989;8075
2015.09.21;04:00:00;0.9505;0.94642;0.94771;0.94977;11798
2015.09.21;08:00:00;0.94822;0.94546;0.94589;0.94771;15030
2015.09.21;12:00:00;0.94662;0.94372;0.94544;0.9459;16932
2015.09.21;16:00:00;0.94688;0.9434;0.94431;0.94544;24028
2015.09.21;20:00:00;0.94567;0.94356;0.94469;0.94431;12149
2015.09.22;00:00:00;0.94537;0.94325;0.94496;0.94479;5977
2015.09.22;04:00:00;0.94595;0.94328;0.94339;0.94501;7770
2015.09.22;08:00:00;0.94657;0.94231;0.94241;0.94337;18313
2015.09.22;12:00:00;0.9431;0.93958;0.94038;0.94243;20720
2015.09.22;16:00:00;0.94077;0.93703;0.93918;0.94042;22201
2015.09.22;20:00:00;0.94074;0.93883;0.94057;0.93918;11058
2015.09.23;00:00:00;0.94079;0.9382;0.94009;0.94069;6548
2015.09.23;04:00:00;0.94038;0.93256;0.93385;0.94007;13659
2015.09.23;08:00:00;0.93543;0.93352;0.93452;0.93384;17371
2015.09.23;12:00:00;0.93796;0.93358;0.93732;0.93443;18087
2015.09.23;16:00:00;0.93802;0.93162;0.93544;0.93732;28477
2015.09.23;20:00:00;0.93546;0.93234;0.93244;0.93544;12683
2015.09.24;00:00:00;0.93442;0.93163;0.9328;0.93239;9610
2015.09.24;04:00:00;0.93474;0.93058;0.93101;0.93279;14203
2015.09.24;08:00:00;0.93238;0.92698;0.92724;0.93101;20011
2015.09.24;12:00:00;0.9339;0.92591;0.93375;0.92722;22585
2015.09.24;16:00:00;0.93662;0.93279;0.93527;0.93375;30121
2015.09.24;20:00:00;0.93725;0.93391;0.93421;0.93525;16540
2015.09.25;00:00:00;0.93657;0.92919;0.93537;0.93399;12662
2015.09.25;04:00:00;0.93595;0.93307;0.93421;0.93537;11810
2015.09.25;08:00:00;0.9378;0.93354;0.93637;0.9342;19431
2015.09.25;12:00:00;0.93673;0.93199;0.93433;0.93637;20561
2015.09.25;16:00:00;0.93648;0.93225;0.93617;0.93432;24737
2015.09.25;20:00:00;0.93703;0.935;0.9362;0.93616;9069
2015.09.28;00:00:00;0.93704;0.93412;0.93644;0.93621;8312
2015.09.28;04:00:00;0.93751;0.93494;0.93504;0.93646;9003
2015.09.28;08:00:00;0.93709;0.93413;0.93671;0.93505;16123
2015.09.28;12:00:00;0.93712;0.9329;0.93353;0.93671;15940
2015.09.28;16:00:00;0.93629;0.93193;0.93405;0.93354;22576
2015.09.28;20:00:00;0.93615;0.93373;0.93589;0.93403;10804
2015.09.29;00:00:00;0.93619;0.93229;0.93229;0.93609;8158
2015.09.29;04:00:00;0.93303;0.93096;0.93147;0.93229;11494
2015.09.29;08:00:00;0.93642;0.92996;0.93624;0.93149;22222
2015.09.29;12:00:00;0.93827;0.93444;0.9378;0.93623;17370
2015.09.29;16:00:00;0.9403;0.93714;0.93992;0.93781;28279
2015.09.29;20:00:00;0.94056;0.93691;0.93699;0.93991;14377
2015.09.30;00:00:00;0.94193;0.93674;0.94141;0.93709;8612
2015.09.30;04:00:00;0.94194;0.9393;0.94094;0.94138;12177
2015.09.30;08:00:00;0.94277;0.93786;0.94252;0.94099;19680
2015.09.30;12:00:00;0.94343;0.93941;0.94175;0.94253;16457
2015.09.30;16:00:00;0.9422;0.93836;0.93948;0.94176;27665
2015.09.30;20:00:00;0.93984;0.93334;0.93379;0.93949;17622
2015.10.01;00:00:00;0.93554;0.93195;0.93416;0.93384;12275
2015.10.01;04:00:00;0.93849;0.93405;0.93803;0.93416;15386
2015.10.01;08:00:00;0.93908;0.93619;0.93853;0.93803;17253
2015.10.01;12:00:00;0.93937;0.93648;0.93673;0.93853;18832
2015.10.01;16:00:00;0.93681;0.93123;0.93224;0.93673;31112
2015.10.01;20:00:00;0.93276;0.93127;0.93214;0.93226;15263
2015.10.02;00:00:00;0.93302;0.93001;0.93169;0.93211;9290
2015.10.02;04:00:00;0.93322;0.92811;0.92993;0.9317;10903
2015.10.02;08:00:00;0.93278;0.92989;0.93101;0.92994;14338
2015.10.02;12:00:00;0.93265;0.92769;0.92789;0.93102;19447
2015.10.02;16:00:00;0.93071;0.92582;0.92792;0.92786;31122
2015.10.02;20:00:00;0.92931;0.92614;0.92694;0.92792;14090
2015.10.05;00:00:00;0.9293;0.92664;0.92732;0.9273;8090
2015.10.05;04:00:00;0.93058;0.92731;0.92791;0.92731;10393
2015.10.05;08:00:00;0.92997;0.92705;0.9291;0.92791;22462
2015.10.05;12:00:00;0.9306;0.9271;0.92803;0.92912;24181
2015.10.05;16:00:00;0.92812;0.92493;0.92763;0.92801;27267
2015.10.05;20:00:00;0.92855;0.92639;0.92639;0.92765;11750
2015.10.06;00:00:00;0.92737;0.92454;0.92627;0.92634;10458
2015.10.06;04:00:00;0.93233;0.92557;0.9316;0.92626;13480
2015.10.06;08:00:00;0.93195;0.92996;0.93042;0.9316;20379
2015.10.06;12:00:00;0.93356;0.93026;0.93306;0.93041;19711
2015.10.06;16:00:00;0.93382;0.9312;0.93263;0.93306;30042
2015.10.06;20:00:00;0.93487;0.93196;0.93359;0.93264;15088
2015.10.07;00:00:00;0.93401;0.9327;0.93353;0.93364;9216
2015.10.07;04:00:00;0.93555;0.93324;0.93432;0.93352;12632
2015.10.07;08:00:00;0.93783;0.93383;0.93635;0.93432;21552
2015.10.07;12:00:00;0.94019;0.93614;0.93984;0.93635;20739
2015.10.07;16:00:00;0.94142;0.93721;0.94046;0.93984;32017
2015.10.07;20:00:00;0.94236;0.94035;0.94084;0.94044;15676
2015.10.08;00:00:00;0.94144;0.93922;0.94047;0.94074;10338
2015.10.08;04:00:00;0.94172;0.93622;0.93711;0.94047;14116
2015.10.08;08:00:00;0.93777;0.93593;0.93683;0.93715;17930
2015.10.08;12:00:00;0.93827;0.93633;0.93789;0.93682;21298
2015.10.08;16:00:00;0.94147;0.93742;0.94117;0.9379;26768
2015.10.08;20:00:00;0.94521;0.94079;0.9446;0.94118;21142
2015.10.09;00:00:00;0.94499;0.943;0.94341;0.94461;10308
2015.10.09;04:00:00;0.94487;0.94295;0.94411;0.9434;12962
2015.10.09;08:00:00;0.94709;0.9439;0.94583;0.94411;23095
2015.10.09;12:00:00;0.95047;0.94505;0.95019;0.94583;27986
2015.10.09;16:00:00;0.95074;0.9469;0.94762;0.9502;26750
2015.10.09;20:00:00;0.9497;0.94712;0.94888;0.94765;10536
2015.10.12;00:00:00;0.94883;0.94623;0.9473;0.9477;12012
2015.10.12;04:00:00;0.94874;0.94657;0.94706;0.94733;9935
2015.10.12;08:00:00;0.95132;0.94605;0.95131;0.94706;16358
2015.10.12;12:00:00;0.9537;0.95082;0.95326;0.95131;17905
2015.10.12;16:00:00;0.95682;0.95235;0.95602;0.95326;23269
2015.10.12;20:00:00;0.95817;0.95599;0.95659;0.95599;9906
2015.10.13;00:00:00;0.95719;0.95479;0.95502;0.95654;9706
2015.10.13;04:00:00;0.95666;0.95223;0.95438;0.95502;14485
2015.10.13;08:00:00;0.95527;0.95148;0.9518;0.95437;18673
2015.10.13;12:00:00;0.95425;0.95101;0.95196;0.95183;22264
2015.10.13;16:00:00;0.95213;0.94467;0.94618;0.95195;32399
2015.10.13;20:00:00;0.94654;0.9434;0.94429;0.94618;14999
2015.10.14;00:00:00;0.94444;0.93771;0.93973;0.94444;15032
2015.10.14;04:00:00;0.9414;0.93762;0.94009;0.93972;14276
2015.10.14;08:00:00;0.94456;0.93896;0.94377;0.94008;23784
2015.10.14;12:00:00;0.9461;0.94104;0.94576;0.94375;23859
2015.10.14;16:00:00;0.94625;0.94148;0.94202;0.94578;32082
2015.10.14;20:00:00;0.94477;0.94128;0.94394;0.942;16817
2015.10.15;00:00:00;0.94784;0.94312;0.94426;0.94404;13384
2015.10.15;04:00:00;0.94892;0.9432;0.94537;0.94427;18249
2015.10.15;08:00:00;0.94814;0.94422;0.9456;0.94535;26216
2015.10.15;12:00:00;0.94765;0.9402;0.94225;0.94559;21973
2015.10.15;16:00:00;0.94488;0.94143;0.94278;0.9423;33916
2015.10.15;20:00:00;0.94398;0.94085;0.94209;0.94271;13071
2015.10.16;00:00:00;0.94339;0.93839;0.94005;0.94214;13213
2015.10.16;04:00:00;0.9403;0.93781;0.93795;0.94004;11695
2015.10.16;08:00:00;0.93934;0.93672;0.93848;0.93798;16387
2015.10.16;12:00:00;0.9394;0.93719;0.93788;0.9385;20597
2015.10.16;16:00:00;0.93969;0.93599;0.93942;0.93787;25518
2015.10.16;20:00:00;0.94014;0.93778;0.93818;0.93942;10937
2015.10.19;00:00:00;0.93834;0.93572;0.93687;0.93598;9101
2015.10.19;04:00:00;0.94219;0.93665;0.9401;0.93687;11946
2015.10.19;08:00:00;0.94318;0.93933;0.9415;0.9401;13432
2015.10.19;12:00:00;0.94288;0.93958;0.94032;0.9415;17479
2015.10.19;16:00:00;0.94433;0.93929;0.94361;0.94033;21654
2015.10.19;20:00:00;0.94476;0.94252;0.94334;0.9436;7462
2015.10.20;00:00:00;0.94699;0.9428;0.94626;0.94324;10192
2015.10.20;04:00:00;0.94765;0.9449;0.94744;0.94626;9207
2015.10.20;08:00:00;0.94819;0.94648;0.94779;0.94742;15783
2015.10.20;12:00:00;0.94842;0.94587;0.94594;0.94779;17685
2015.10.20;16:00:00;0.94622;0.93977;0.9419;0.94596;22582
2015.10.20;20:00:00;0.94282;0.94132;0.942;0.94187;10623
2015.10.21;00:00:00;0.94393;0.94143;0.9427;0.94209;8672
2015.10.21;04:00:00;0.94381;0.94208;0.94325;0.9427;8713
2015.10.21;08:00:00;0.94331;0.93849;0.93914;0.94328;19451
2015.10.21;12:00:00;0.94034;0.9383;0.9396;0.93915;16329
2015.10.21;16:00:00;0.94798;0.93835;0.94757;0.93959;27279
2015.10.21;20:00:00;0.94863;0.94653;0.94694;0.94757;12328
2015.10.22;00:00:00;0.94804;0.94633;0.9479;0.94699;10021
2015.10.22;04:00:00;0.949;0.94255;0.94521;0.94785;12944
2015.10.22;08:00:00;0.9477;0.94413;0.94702;0.94521;17850
2015.10.22;12:00:00;0.9474;0.94402;0.94557;0.9471;22001
2015.10.22;16:00:00;0.94822;0.94373;0.94544;0.94557;30718
2015.10.22;20:00:00;0.94564;0.94304;0.94309;0.94539;11848
2015.10.23;00:00:00;0.94641;0.9428;0.94602;0.94314;12295
2015.10.23;04:00:00;0.94885;0.94578;0.94844;0.94601;10731
2015.10.23;08:00:00;0.95187;0.94803;0.95095;0.94843;21384
2015.10.23;12:00:00;0.9536;0.94819;0.95112;0.95095;28734
2015.10.23;16:00:00;0.95151;0.94929;0.95045;0.95112;33470
2015.10.23;20:00:00;0.95137;0.94909;0.95023;0.95046;10491
2015.10.25;23:00:00;0.95079;0.94853;0.94927;0.94937;3490
2015.10.26;00:00:00;0.95404;0.949;0.95353;0.94927;10222
2015.10.26;04:00:00;0.95532;0.95335;0.95377;0.95353;12503
2015.10.26;08:00:00;0.95507;0.95288;0.95293;0.95377;20041
2015.10.26;12:00:00;0.95442;0.95226;0.954;0.95291;23448
2015.10.26;16:00:00;0.95517;0.95204;0.9528;0.9541;24104
2015.10.26;20:00:00;0.95446;0.95183;0.9531;0.95281;12587
2015.10.27;00:00:00;0.95451;0.95284;0.95413;0.95308;11238
2015.10.27;04:00:00;0.9544;0.95183;0.95285;0.95412;11525
2015.10.27;08:00:00;0.95642;0.95286;0.95534;0.95286;19119
2015.10.27;12:00:00;0.95746;0.95339;0.9561;0.95531;24946
2015.10.27;16:00:00;0.95766;0.95379;0.95433;0.9561;27136
2015.10.27;20:00:00;0.95568;0.95243;0.95496;0.9543;14604
2015.10.28;00:00:00;0.95595;0.9445;0.94455;0.95497;21641
2015.10.28;04:00:00;0.94581;0.94387;0.94439;0.94455;12303
2015.10.28;08:00:00;0.94533;0.9423;0.94287;0.94437;21216
2015.10.28;12:00:00;0.94456;0.94103;0.94117;0.94288;23918
2015.10.28;16:00:00;0.94156;0.9354;0.93637;0.94117;28816
2015.10.28;20:00:00;0.93924;0.93354;0.93705;0.93641;31884
2015.10.29;00:00:00;0.93786;0.93586;0.93763;0.93695;13161
2015.10.29;04:00:00;0.93913;0.93757;0.93853;0.93764;10414
2015.10.29;08:00:00;0.9404;0.93631;0.93657;0.93854;24366
2015.10.29;12:00:00;0.93804;0.93275;0.93406;0.93656;28949
2015.10.29;16:00:00;0.93442;0.93097;0.9311;0.93402;27008
2015.10.29;20:00:00;0.93244;0.93049;0.93189;0.9311;15039
2015.10.30;00:00:00;0.93441;0.93149;0.9339;0.93197;12818
2015.10.30;04:00:00;0.93563;0.93369;0.93477;0.93392;15226
2015.10.30;08:00:00;0.93732;0.93288;0.9334;0.93473;21658
2015.10.30;12:00:00;0.93568;0.93287;0.93377;0.9334;26668
2015.10.30;16:00:00;0.93604;0.9323;0.93366;0.93368;30396
2015.10.30;20:00:00;0.93375;0.93171;0.93238;0.93368;10808
2015.11.02;00:00:00;0.93397;0.9296;0.93347;0.92971;12646
2015.11.02;04:00:00;0.93384;0.93268;0.93326;0.93347;9289
2015.11.02;08:00:00;0.93618;0.93283;0.93482;0.93326;22328
2015.11.02;12:00:00;0.93639;0.9341;0.93482;0.93486;21567
2015.11.02;16:00:00;0.93529;0.93367;0.93467;0.93482;22446
2015.11.02;20:00:00;0.93631;0.93417;0.93544;0.93467;12654
2015.11.03;00:00:00;0.93836;0.93502;0.93709;0.93544;12841
2015.11.03;04:00:00;0.94345;0.93074;0.94146;0.93709;17064
2015.11.03;08:00:00;0.9442;0.94072;0.94168;0.94145;19205
2015.11.03;12:00:00;0.9426;0.94015;0.94161;0.94168;18557
2015.11.03;16:00:00;0.9417;0.93879;0.93954;0.94162;29320
2015.11.03;20:00:00;0.93979;0.93787;0.93819;0.9396;16966
2015.11.04;00:00:00;0.94079;0.93748;0.94069;0.93824;15914
2015.11.04;04:00:00;0.94226;0.93983;0.9407;0.94065;13415
2015.11.04;08:00:00;0.94194;0.93923;0.93974;0.94071;21073
2015.11.04;12:00:00;0.94016;0.93695;0.93805;0.93972;19163
2015.11.04;16:00:00;0.94172;0.93771;0.94161;0.93807;30402
2015.11.04;20:00:00;0.94178;0.93936;0.93969;0.94159;15101
2015.11.05;00:00:00;0.94081;0.93743;0.94018;0.93969;13765
2015.11.05;04:00:00;0.94131;0.93943;0.94049;0.94017;11405
2015.11.05;08:00:00;0.94093;0.93738;0.9387;0.94049;22257
2015.11.05;12:00:00;0.94281;0.93849;0.94207;0.93864;24356
2015.11.05;16:00:00;0.94383;0.93958;0.94028;0.94205;27792
2015.11.05;20:00:00;0.94086;0.93929;0.94039;0.94024;14267
2015.11.06;00:00:00;0.94169;0.93962;0.93996;0.94044;12197
2015.11.06;04:00:00;0.94106;0.93946;0.94061;0.93995;9521
2015.11.06;08:00:00;0.94384;0.94023;0.94202;0.94061;21222
2015.11.06;12:00:00;0.94425;0.93625;0.93791;0.94205;25061
2015.11.06;16:00:00;0.93851;0.93492;0.93565;0.9379;37603
2015.11.06;20:00:00;0.93753;0.9349;0.93631;0.93571;15572
2015.11.09;00:00:00;0.93678;0.93409;0.93667;0.93421;11850
2015.11.09;04:00:00;0.93808;0.93562;0.93779;0.93667;13855
2015.11.09;08:00:00;0.93803;0.93562;0.93714;0.9378;19248
2015.11.09;12:00:00;0.93779;0.93513;0.93689;0.93714;21249
2015.11.09;16:00:00;0.93691;0.93471;0.93505;0.93689;27242
2015.11.09;20:00:00;0.93636;0.93479;0.9357;0.93504;10895
2015.11.10;00:00:00;0.93605;0.93461;0.93547;0.93575;12171
2015.11.10;04:00:00;0.93601;0.9347;0.93537;0.93545;10305
2015.11.10;08:00:00;0.9375;0.93536;0.93637;0.93537;18859
2015.11.10;12:00:00;0.93712;0.93411;0.93449;0.93636;21914
2015.11.10;16:00:00;0.93461;0.93111;0.93178;0.93449;26060
2015.11.10;20:00:00;0.93345;0.93121;0.93295;0.93182;13668
2015.11.11;00:00:00;0.93603;0.9323;0.93533;0.9331;15223
2015.11.11;04:00:00;0.93706;0.93463;0.93605;0.93533;13697
2015.11.11;08:00:00;0.93692;0.9354;0.93646;0.93609;19981
2015.11.11;12:00:00;0.93681;0.93477;0.93665;0.93645;19427
2015.11.11;16:00:00;0.93679;0.93397;0.93607;0.93663;24060
2015.11.11;20:00:00;0.93673;0.93548;0.93584;0.93605;12185
2015.11.12;00:00:00;0.94675;0.93567;0.94541;0.9357;21200
2015.11.12;04:00:00;0.94672;0.9445;0.94569;0.9454;14407
2015.11.12;08:00:00;0.94834;0.9455;0.94655;0.94571;25016
2015.11.12;12:00:00;0.94923;0.94577;0.94617;0.94653;23170
2015.11.12;16:00:00;0.94785;0.94503;0.94665;0.94617;38279
2015.11.12;20:00:00;0.94713;0.94555;0.9468;0.94665;12755
2015.11.13;00:00:00;0.94805;0.94621;0.94772;0.94685;14726
2015.11.13;04:00:00;0.94912;0.94709;0.94857;0.94772;10823
2015.11.13;08:00:00;0.94922;0.94719;0.94851;0.94856;18054
2015.11.13;12:00:00;0.95056;0.94755;0.94912;0.94851;24816
2015.11.13;16:00:00;0.94989;0.94784;0.94908;0.94911;29564
2015.11.13;20:00:00;0.94955;0.94821;0.94955;0.94906;11800
2015.11.16;00:00:00;0.94829;0.94545;0.94625;0.94668;16289
2015.11.16;04:00:00;0.94786;0.94617;0.94636;0.94626;8073
2015.11.16;08:00:00;0.94831;0.94631;0.94721;0.94639;20834
2015.11.16;12:00:00;0.94775;0.94519;0.94665;0.94721;22495
2015.11.16;16:00:00;0.94718;0.94499;0.94543;0.94664;23874
2015.11.16;20:00:00;0.94616;0.9449;0.94565;0.94543;10765
2015.11.17;00:00:00;0.947;0.94456;0.94653;0.94566;16778
2015.11.17;04:00:00;0.94653;0.94434;0.94462;0.94653;12582
2015.11.17;08:00:00;0.94591;0.94329;0.94591;0.94461;19557
2015.11.17;12:00:00;0.9493;0.94538;0.94792;0.94591;24920
2015.11.17;16:00:00;0.94988;0.94719;0.94786;0.94793;34235
2015.11.17;20:00:00;0.94843;0.947;0.9472;0.94785;17964
2015.11.18;00:00:00;0.94778;0.94575;0.94582;0.94705;11954
2015.11.18;04:00:00;0.9465;0.94424;0.94548;0.94582;11801
2015.11.18;08:00:00;0.94661;0.94437;0.946;0.94547;19658
2015.11.18;12:00:00;0.94699;0.9455;0.94628;0.94599;21483
2015.11.18;16:00:00;0.94724;0.94384;0.94582;0.94627;28825
2015.11.18;20:00:00;0.94763;0.94475;0.94565;0.94581;23311
2015.11.19;00:00:00;0.95063;0.94495;0.94934;0.94565;19299
2015.11.19;04:00:00;0.95089;0.94872;0.95013;0.94934;15169
2015.11.19;08:00:00;0.9514;0.94907;0.9501;0.9501;23736
2015.11.19;12:00:00;0.9521;0.94989;0.95134;0.95009;22552
2015.11.19;16:00:00;0.95669;0.95079;0.95551;0.95134;34727
2015.11.19;20:00:00;0.95682;0.95525;0.9554;0.95552;16115
2015.11.20;00:00:00;0.95655;0.95491;0.95576;0.95545;14972
2015.11.20;04:00:00;0.95784;0.95564;0.9568;0.95577;13737
2015.11.20;08:00:00;0.96037;0.95647;0.95955;0.9568;23402
2015.11.20;12:00:00;0.96249;0.95847;0.96175;0.95956;22442
2015.11.20;16:00:00;0.9654;0.96086;0.96479;0.96173;29177
2015.11.20;20:00:00;0.96625;0.96391;0.96589;0.96479;17732
2015.11.23;00:00:00;0.96556;0.96151;0.96238;0.96306;13026
2015.11.23;04:00:00;0.96238;0.95898;0.96131;0.96238;15395
2015.11.23;08:00:00;0.96199;0.95998;0.96177;0.96129;23702
2015.11.23;12:00:00;0.96387;0.96001;0.9619;0.96177;29898
2015.11.23;16:00:00;0.96243;0.95963;0.96098;0.9619;32356
2015.11.23;20:00:00;0.96205;0.96063;0.9608;0.96091;14864
2015.11.24;00:00:00;0.96154;0.96004;0.96094;0.96085;13222
2015.11.24;04:00:00;0.96132;0.95962;0.96086;0.96096;10810
2015.11.24;08:00:00;0.96343;0.95943;0.9632;0.9608;24776
2015.11.24;12:00:00;0.9647;0.96206;0.96328;0.96321;29519
2015.11.24;16:00:00;0.96489;0.96218;0.96242;0.96328;34588
2015.11.24;20:00:00;0.96547;0.96235;0.96495;0.96241;19995
2015.11.25;00:00:00;0.9675;0.9645;0.96493;0.96515;15480
2015.11.25;04:00:00;0.96662;0.96479;0.96582;0.96494;14358
2015.11.25;08:00:00;0.96779;0.96484;0.96596;0.96581;26257
2015.11.25;12:00:00;0.96649;0.96403;0.96477;0.96596;30263
2015.11.25;16:00:00;0.96503;0.96229;0.96424;0.96476;33550
2015.11.25;20:00:00;0.96506;0.9632;0.9633;0.96421;17801
2015.11.26;00:00:00;0.96526;0.95986;0.96071;0.96325;14471
2015.11.26;04:00:00;0.96269;0.9606;0.96196;0.96071;10616
2015.11.26;08:00:00;0.96248;0.96061;0.96097;0.96195;22174
2015.11.26;12:00:00;0.96127;0.95977;0.96123;0.96096;23836
2015.11.26;16:00:00;0.96187;0.95995;0.96141;0.96123;15448
2015.11.26;20:00:00;0.96198;0.96001;0.96023;0.96141;35881
2015.11.27;00:00:00;0.96148;0.95862;0.96068;0.9602;13090
2015.11.27;04:00:00;0.96216;0.96012;0.96188;0.96068;9687
2015.11.27;08:00:00;0.96298;0.9583;0.96012;0.96188;26583
2015.11.27;12:00:00;0.96118;0.95911;0.96068;0.96012;27093
2015.11.27;16:00:00;0.96159;0.95992;0.96099;0.96068;28608
2015.11.27;20:00:00;0.96201;0.96069;0.96141;0.96099;9304
2015.11.30;00:00:00;0.96154;0.95901;0.96098;0.96076;12268
2015.11.30;04:00:00;0.96251;0.96059;0.96251;0.96097;11433
2015.11.30;08:00:00;0.96413;0.96184;0.96388;0.96251;22495
2015.11.30;12:00:00;0.9652;0.96315;0.96495;0.9639;25578
2015.11.30;16:00:00;0.96566;0.96384;0.96551;0.96496;30950
2015.11.30;20:00:00;0.96633;0.96505;0.96535;0.96553;19175
2015.12.01;00:00:00;0.96909;0.9633;0.96807;0.9654;15565
2015.12.01;04:00:00;0.97055;0.9668;0.96849;0.96808;19118
2015.12.01;08:00:00;0.97171;0.96815;0.97132;0.96849;30086
2015.12.01;12:00:00;0.97585;0.97008;0.9743;0.97133;30043
2015.12.01;16:00:00;0.97908;0.97408;0.97867;0.97429;43946
2015.12.01;20:00:00;0.98101;0.9779;0.9779;0.97865;25140
2015.12.02;00:00:00;0.98038;0.9765;0.97733;0.97795;17638
2015.12.02;04:00:00;0.97855;0.97676;0.9772;0.97734;14851
2015.12.02;08:00:00;0.98019;0.97678;0.97988;0.9772;26450
2015.12.02;12:00:00;0.98081;0.97832;0.98048;0.9799;28380
2015.12.02;16:00:00;0.98108;0.97475;0.97618;0.98048;44910
2015.12.02;20:00:00;0.97708;0.9745;0.9749;0.97618;31420
2015.12.03;00:00:00;0.97548;0.97216;0.97367;0.9749;16272
2015.12.03;04:00:00;0.9757;0.97265;0.97453;0.97367;19569
2015.12.03;08:00:00;0.97648;0.97338;0.97579;0.97451;28553
2015.12.03;12:00:00;0.97925;0.9745;0.97807;0.9758;37768
2015.12.03;16:00:00;0.98142;0.97554;0.98081;0.97807;46165
2015.12.03;20:00:00;0.98192;0.97949;0.98001;0.9808;32160
2015.12.04;00:00:00;0.9806;0.97713;0.97843;0.98001;16918
2015.12.04;04:00:00;0.97872;0.97644;0.97727;0.97844;14809
2015.12.04;08:00:00;0.97977;0.97608;0.97626;0.97723;34544
2015.12.04;12:00:00;0.98095;0.97431;0.98051;0.97627;41589
2015.12.04;16:00:00;0.98438;0.97979;0.98289;0.98048;57699
2015.12.04;20:00:00;0.98301;0.97979;0.98033;0.98288;22767
2015.12.07;00:00:00;0.98259;0.98029;0.98163;0.98087;15516
2015.12.07;04:00:00;0.983;0.98069;0.98165;0.98165;13377
2015.12.07;08:00:00;0.98264;0.9794;0.98007;0.98166;22899
2015.12.07;12:00:00;0.9815;0.97867;0.98142;0.98003;31055
2015.12.07;16:00:00;0.98269;0.97955;0.98223;0.98143;42115
2015.12.07;20:00:00;0.98266;0.98065;0.9807;0.98223;21930
2015.12.08;00:00:00;0.98208;0.97948;0.9812;0.9807;13355
2015.12.08;04:00:00;0.98143;0.976;0.97665;0.98122;15019
2015.12.08;08:00:00;0.97874;0.97455;0.97556;0.97667;29009
2015.12.08;12:00:00;0.98055;0.97531;0.97919;0.97554;34532
2015.12.08;16:00:00;0.98137;0.97783;0.98031;0.97919;35200
2015.12.08;20:00:00;0.98129;0.97837;0.97985;0.98033;21404
2015.12.09;00:00:00;0.98226;0.9792;0.98111;0.97983;12510
2015.12.09;04:00:00;0.98111;0.97897;0.97908;0.98111;12830
2015.12.09;08:00:00;0.98068;0.97534;0.97594;0.97907;21557
2015.12.09;12:00:00;0.98061;0.97517;0.98023;0.97594;30277
2015.12.09;16:00:00;0.98115;0.9778;0.9792;0.98024;45965
2015.12.09;20:00:00;0.9827;0.97872;0.98145;0.97922;30905
2015.12.10;00:00:00;0.99393;0.97977;0.98978;0.9815;22719
2015.12.10;04:00:00;0.98987;0.98728;0.98761;0.98978;12870
2015.12.10;08:00:00;0.98933;0.9862;0.98791;0.98762;25586
2015.12.10;12:00:00;0.99061;0.9871;0.99058;0.98793;31039
2015.12.10;16:00:00;0.99392;0.98996;0.99334;0.99057;33004
2015.12.10;20:00:00;0.99357;0.99097;0.99175;0.99338;18207
2015.12.11;00:00:00;0.9923;0.98935;0.98968;0.9918;11725
2015.12.11;04:00:00;0.9905;0.98794;0.9886;0.98968;10434
2015.12.11;08:00:00;0.9906;0.98703;0.98722;0.98859;21898
2015.12.11;12:00:00;0.98787;0.98507;0.98617;0.9872;28366
2015.12.11;16:00:00;0.98881;0.98399;0.98825;0.98617;40073
2015.12.11;20:00:00;0.98994;0.9868;0.9881;0.98824;19297
2015.12.14;00:00:00;0.98824;0.9838;0.98612;0.98814;14375
2015.12.14;04:00:00;0.98885;0.98587;0.98799;0.98613;14049
2015.12.14;08:00:00;0.99068;0.98709;0.99009;0.98799;20279
2015.12.14;12:00:00;0.99315;0.98878;0.99104;0.99009;29994
2015.12.14;16:00:00;0.99798;0.99004;0.99621;0.99109;43648
2015.12.14;20:00:00;0.99657;0.99347;0.9943;0.99621;20427
2015.12.15;00:00:00;0.99613;0.9929;0.99517;0.9943;14266
2015.12.15;04:00:00;0.9978;0.99309;0.99392;0.99515;13955
2015.12.15;08:00:00;0.99461;0.99073;0.99147;0.99392;27067
2015.12.15;12:00:00;0.99389;0.98903;0.98988;0.99148;32443
2015.12.15;16:00:00;0.99017;0.9836;0.98415;0.98987;38207
2015.12.15;20:00:00;0.98421;0.98414;0.98421;0.98414;4
