DATE;TIME;HIGH;LOW;CLOSE;OPEN;VOLUME
2015.04.27;12:00:00;0.74804;0.7459;0.74747;0.74654;24672
2015.04.27;16:00:00;0.75073;0.74632;0.74776;0.74749;32982
2015.04.27;20:00:00;0.75099;0.74744;0.74998;0.74777;15782
2015.04.28;00:00:00;0.752;0.74871;0.75082;0.75001;9019
2015.04.28;04:00:00;0.75158;0.75014;0.75125;0.75082;9501
2015.04.28;08:00:00;0.75512;0.75089;0.75493;0.75126;25795
2015.04.28;12:00:00;0.76263;0.75466;0.7619;0.75493;30853
2015.04.28;16:00:00;0.765;0.7601;0.76453;0.76192;36601
2015.04.28;20:00:00;0.76716;0.76401;0.7661;0.76453;15709
2015.04.29;00:00:00;0.76664;0.76306;0.76497;0.76614;10852
2015.04.29;04:00:00;0.76507;0.76289;0.76379;0.76494;14825
2015.04.29;08:00:00;0.76509;0.76134;0.76146;0.76382;28731
2015.04.29;12:00:00;0.76293;0.75956;0.76231;0.76146;36881
2015.04.29;16:00:00;0.76283;0.75269;0.75546;0.76231;51627
2015.04.29;20:00:00;0.75585;0.75171;0.75188;0.75546;28596
2015.04.30;00:00:00;0.75289;0.74969;0.7526;0.7519;12457
2015.04.30;04:00:00;0.75347;0.75012;0.75131;0.75262;18382
2015.04.30;08:00:00;0.75146;0.74142;0.743;0.75129;41657
2015.04.30;12:00:00;0.74638;0.73973;0.74169;0.74288;40867
2015.04.30;16:00:00;0.74445;0.73757;0.74062;0.74174;45723
2015.04.30;20:00:00;0.74151;0.73654;0.7367;0.74064;22867
2015.05.01;00:00:00;0.7381;0.73628;0.73659;0.73667;7892
2015.05.01;04:00:00;0.73723;0.73529;0.73604;0.73661;8264
2015.05.01;08:00:00;0.73751;0.73241;0.73475;0.73604;19454
2015.05.01;12:00:00;0.73489;0.72981;0.7309;0.73476;25827
2015.05.01;16:00:00;0.73209;0.72833;0.73083;0.73091;38265
2015.05.01;20:00:00;0.73182;0.73001;0.7316;0.73083;13343
2015.05.04;00:00:00;0.73195;0.72887;0.72896;0.72912;9921
2015.05.04;04:00:00;0.73125;0.72805;0.73029;0.72897;11485
2015.05.04;08:00:00;0.73462;0.73008;0.73362;0.73026;19711
2015.05.04;12:00:00;0.73406;0.73061;0.73079;0.73362;21307
2015.05.04;16:00:00;0.73388;0.72966;0.73366;0.73078;23224
2015.05.04;20:00:00;0.73382;0.73104;0.73151;0.73365;10252
2015.05.05;00:00:00;0.73276;0.73106;0.73172;0.73151;7359
2015.05.05;04:00:00;0.73955;0.72837;0.73894;0.73172;17630
2015.05.05;08:00:00;0.74075;0.73635;0.73799;0.73893;34276
2015.05.05;12:00:00;0.73804;0.73274;0.73596;0.73799;33298
2015.05.05;16:00:00;0.73698;0.73353;0.73472;0.73598;39521
2015.05.05;20:00:00;0.73621;0.7342;0.73544;0.7347;14570
2015.05.06;00:00:00;0.7363;0.73436;0.73587;0.73543;12652
2015.05.06;04:00:00;0.7378;0.73494;0.73687;0.73586;16559
2015.05.06;08:00:00;0.73787;0.73493;0.73749;0.73688;34166
2015.05.06;12:00:00;0.73957;0.736;0.73694;0.73753;35198
2015.05.06;16:00:00;0.73816;0.73141;0.73146;0.73694;41353
2015.05.06;20:00:00;0.7316;0.72828;0.72963;0.73146;15594
2015.05.07;00:00:00;0.73065;0.7283;0.72959;0.72963;11512
2015.05.07;04:00:00;0.73335;0.72617;0.73122;0.72958;19337
2015.05.07;08:00:00;0.73129;0.72379;0.7244;0.7312;30049
2015.05.07;12:00:00;0.72944;0.72107;0.72826;0.72441;38127
2015.05.07;16:00:00;0.72999;0.72545;0.72868;0.72825;32966
2015.05.07;20:00:00;0.7291;0.72754;0.72844;0.72869;13656
2015.05.08;00:00:00;0.72999;0.72712;0.72819;0.72844;12744
2015.05.08;04:00:00;0.73067;0.72538;0.72978;0.72819;21742
2015.05.08;08:00:00;0.73279;0.72793;0.72892;0.72978;28806
2015.05.08;12:00:00;0.73314;0.72794;0.73279;0.72892;31560
2015.05.08;16:00:00;0.73695;0.73092;0.73627;0.73281;38418
2015.05.08;20:00:00;0.73926;0.73614;0.73879;0.73628;12948
2015.05.11;00:00:00;0.73861;0.73687;0.73784;0.73824;11503
2015.05.11;04:00:00;0.73869;0.73581;0.73653;0.73783;16197
2015.05.11;08:00:00;0.73726;0.73363;0.73528;0.73654;28482
2015.05.11;12:00:00;0.7388;0.73425;0.73877;0.73527;25273
2015.05.11;16:00:00;0.73943;0.73686;0.73792;0.73878;28584
2015.05.11;20:00:00;0.73928;0.73672;0.7368;0.73792;11127
2015.05.12;00:00:00;0.73835;0.73654;0.73772;0.73681;8603
2015.05.12;04:00:00;0.73981;0.73693;0.73934;0.73772;13571
2015.05.12;08:00:00;0.74038;0.73456;0.73558;0.73936;34497
2015.05.12;12:00:00;0.7392;0.73347;0.73829;0.73558;35243
2015.05.12;16:00:00;0.74041;0.73515;0.74016;0.73829;30855
2015.05.12;20:00:00;0.74259;0.74001;0.74095;0.74014;12644
2015.05.13;00:00:00;0.74337;0.73818;0.74152;0.74093;10585
2015.05.13;04:00:00;0.74251;0.73869;0.73902;0.74152;17087
2015.05.13;08:00:00;0.74231;0.73743;0.74212;0.73902;28260
2015.05.13;12:00:00;0.74691;0.74181;0.74527;0.74212;36593
2015.05.13;16:00:00;0.74647;0.74213;0.74341;0.74526;38100
2015.05.13;20:00:00;0.74423;0.74191;0.74329;0.74339;13656
2015.05.14;00:00:00;0.74533;0.74239;0.74479;0.74331;11311
2015.05.14;04:00:00;0.74813;0.74312;0.74344;0.74478;17110
2015.05.14;08:00:00;0.74428;0.73715;0.73769;0.74344;33170
2015.05.14;12:00:00;0.73991;0.73463;0.73944;0.73767;33987
2015.05.14;16:00:00;0.74308;0.73733;0.73912;0.73943;34185
2015.05.14;20:00:00;0.73914;0.73632;0.73639;0.73913;13106
2015.05.15;00:00:00;0.73811;0.73455;0.73526;0.7364;9394
2015.05.15;04:00:00;0.73626;0.73497;0.73517;0.73527;13425
2015.05.15;08:00:00;0.73701;0.7333;0.73535;0.73517;33015
2015.05.15;12:00:00;0.73999;0.73512;0.73961;0.73535;28412
2015.05.15;16:00:00;0.74115;0.73651;0.73775;0.73963;37129
2015.05.15;20:00:00;0.73784;0.73483;0.73593;0.73777;14365
2015.05.18;00:00:00;0.73692;0.73339;0.73452;0.73339;9434
2015.05.18;04:00:00;0.73668;0.73404;0.73533;0.73451;10710
2015.05.18;08:00:00;0.73733;0.73467;0.73669;0.73532;24885
2015.05.18;12:00:00;0.73756;0.73314;0.73466;0.73669;25807
2015.05.18;16:00:00;0.73912;0.73433;0.73837;0.73466;27533
2015.05.18;20:00:00;0.74005;0.73769;0.73961;0.73836;14260
2015.05.19;00:00:00;0.74057;0.73916;0.73977;0.73961;8347
2015.05.19;04:00:00;0.7414;0.73709;0.74032;0.73979;16747
2015.05.19;08:00:00;0.74585;0.73918;0.74264;0.74031;38596
2015.05.19;12:00:00;0.74377;0.74085;0.7433;0.74264;32526
2015.05.19;16:00:00;0.74353;0.74054;0.74058;0.7433;33426
2015.05.19;20:00:00;0.74234;0.74053;0.74115;0.7406;11696
2015.05.20;00:00:00;0.74242;0.7406;0.74134;0.74116;10387
2015.05.20;04:00:00;0.74277;0.74105;0.74185;0.74134;11993
2015.05.20;08:00:00;0.74285;0.73865;0.74024;0.74185;33421
2015.05.20;12:00:00;0.74187;0.73884;0.73927;0.74022;30719
2015.05.20;16:00:00;0.74037;0.73726;0.73865;0.73928;34665
2015.05.20;20:00:00;0.73968;0.7367;0.73755;0.73864;29778
2015.05.21;00:00:00;0.73793;0.73667;0.73733;0.7375;9006
2015.05.21;04:00:00;0.73876;0.73659;0.73872;0.73732;13953
2015.05.21;08:00:00;0.74056;0.73572;0.73739;0.73872;33917
2015.05.21;12:00:00;0.7376;0.73427;0.736;0.73739;31249
2015.05.21;16:00:00;0.73759;0.73546;0.73647;0.73601;33967
2015.05.21;20:00:00;0.7394;0.73635;0.73913;0.73648;15794
2015.05.22;00:00:00;0.7407;0.73866;0.7406;0.73911;9529
2015.05.22;04:00:00;0.74092;0.73977;0.74036;0.7406;14428
2015.05.22;08:00:00;0.74075;0.73615;0.73616;0.74037;24706
2015.05.22;12:00:00;0.73863;0.73279;0.73776;0.73616;32414
2015.05.22;16:00:00;0.73937;0.73665;0.73729;0.73777;36046
2015.05.22;20:00:00;0.73869;0.73606;0.73711;0.73724;15469
2015.05.25;00:00:00;0.73858;0.73647;0.73695;0.73731;12262
2015.05.25;04:00:00;0.73808;0.73675;0.73777;0.73699;12591
2015.05.25;08:00:00;0.73878;0.73558;0.73815;0.73776;18975
2015.05.25;12:00:00;0.73934;0.73727;0.73783;0.73815;13168
2015.05.25;16:00:00;0.74024;0.73733;0.73955;0.73783;9912
2015.05.25;20:00:00;0.74;0.739;0.739;0.73947;12932
2015.05.26;00:00:00;0.74016;0.73873;0.73993;0.739;9152
2015.05.26;04:00:00;0.74211;0.73963;0.74175;0.73994;13452
2015.05.26;08:00:00;0.74232;0.73851;0.73977;0.74174;38101
2015.05.26;12:00:00;0.7404;0.73618;0.73619;0.73976;36222
2015.05.26;16:00:00;0.73686;0.73418;0.73514;0.73621;37979
2015.05.26;20:00:00;0.73747;0.73504;0.73714;0.73515;15358
2015.05.27;00:00:00;0.73788;0.7362;0.73752;0.7372;6653
2015.05.27;04:00:00;0.73821;0.73625;0.73686;0.73749;13759
2015.05.27;08:00:00;0.73712;0.73321;0.73382;0.73685;30427
2015.05.27;12:00:00;0.73417;0.73216;0.73364;0.73382;35726
2015.05.27;16:00:00;0.73562;0.73171;0.73264;0.73365;39865
2015.05.27;20:00:00;0.73485;0.73216;0.73309;0.73263;16824
2015.05.28;00:00:00;0.73486;0.73258;0.73484;0.73276;7902
2015.05.28;04:00:00;0.7361;0.72769;0.72847;0.73483;22634
2015.05.28;08:00:00;0.73065;0.72539;0.72597;0.72847;38667
2015.05.28;12:00:00;0.72653;0.72392;0.72466;0.72594;38181
2015.05.28;16:00:00;0.72552;0.72046;0.72184;0.72467;39635
2015.05.28;20:00:00;0.72208;0.72034;0.72144;0.72182;18719
2015.05.29;00:00:00;0.72243;0.71877;0.72132;0.72119;10097
2015.05.29;04:00:00;0.72307;0.7207;0.72174;0.72132;14444
2015.05.29;08:00:00;0.72516;0.72117;0.72258;0.72173;30050
2015.05.29;12:00:00;0.72269;0.71804;0.71859;0.72256;35990
2015.05.29;16:00:00;0.72297;0.71521;0.72084;0.7186;37279
2015.05.29;20:00:00;0.72085;0.71761;0.7178;0.72085;13277
2015.06.01;00:00:00;0.72077;0.71653;0.71997;0.71658;9512
2015.06.01;04:00:00;0.72189;0.71895;0.72164;0.71997;13948
2015.06.01;08:00:00;0.72508;0.72057;0.72374;0.72163;27720
2015.06.01;12:00:00;0.72422;0.71999;0.72133;0.72379;29741
2015.06.01;16:00:00;0.72131;0.7182;0.71952;0.72131;36893
2015.06.01;20:00:00;0.71976;0.71841;0.71903;0.71952;15092
2015.06.02;00:00:00;0.72096;0.71831;0.72037;0.7191;11404
2015.06.02;04:00:00;0.72544;0.71969;0.72459;0.72037;17729
2015.06.02;08:00:00;0.72635;0.72324;0.72325;0.7246;33338
2015.06.02;12:00:00;0.72486;0.72074;0.72238;0.72323;43890
2015.06.02;16:00:00;0.72586;0.72094;0.72524;0.72238;47031
2015.06.02;20:00:00;0.72606;0.72429;0.72467;0.72525;19286
2015.06.03;00:00:00;0.72543;0.72414;0.72462;0.72467;9871
2015.06.03;04:00:00;0.72927;0.72453;0.72677;0.72461;18846
2015.06.03;08:00:00;0.72906;0.72619;0.72694;0.72675;34688
2015.06.03;12:00:00;0.73097;0.72647;0.72935;0.72693;36529
2015.06.03;16:00:00;0.72995;0.7262;0.72733;0.72935;42551
2015.06.03;20:00:00;0.72784;0.7263;0.7267;0.72733;14711
2015.06.04;00:00:00;0.72709;0.72541;0.72588;0.7267;9238
2015.06.04;04:00:00;0.72636;0.7205;0.72193;0.72589;16230
2015.06.04;08:00:00;0.72275;0.71868;0.72047;0.72194;42461
2015.06.04;12:00:00;0.72207;0.71869;0.72007;0.7205;38806
2015.06.04;16:00:00;0.72092;0.71597;0.71673;0.72007;34885
2015.06.04;20:00:00;0.71753;0.71566;0.71738;0.71675;16699
2015.06.05;00:00:00;0.71903;0.7164;0.71903;0.71723;12295
2015.06.05;04:00:00;0.71974;0.71868;0.71896;0.71903;12773
2015.06.05;08:00:00;0.71944;0.71437;0.71736;0.71895;33093
2015.06.05;12:00:00;0.72172;0.71629;0.72033;0.71736;33376
2015.06.05;16:00:00;0.72358;0.71635;0.71646;0.72034;44420
2015.06.05;20:00:00;0.7174;0.71446;0.71473;0.71648;14207
2015.06.08;00:00:00;0.71745;0.71606;0.71661;0.71617;7370
2015.06.08;04:00:00;0.71907;0.71589;0.71618;0.71661;12718
2015.06.08;08:00:00;0.71828;0.71447;0.71744;0.71617;34516
2015.06.08;12:00:00;0.71877;0.71414;0.71617;0.71743;25929
2015.06.08;16:00:00;0.71745;0.71272;0.71306;0.71615;27269
2015.06.08;20:00:00;0.71576;0.71188;0.71398;0.71305;20237
2015.06.09;00:00:00;0.7141;0.71214;0.71304;0.71391;10129
2015.06.09;04:00:00;0.71446;0.71154;0.7124;0.71307;17696
2015.06.09;08:00:00;0.71276;0.7079;0.71094;0.71239;37183
2015.06.09;12:00:00;0.71706;0.71049;0.71581;0.71094;37071
2015.06.09;16:00:00;0.71707;0.71323;0.71418;0.71581;34621
2015.06.09;20:00:00;0.71609;0.7139;0.71533;0.71419;12137
2015.06.10;00:00:00;0.71602;0.71361;0.71429;0.71535;10404
2015.06.10;04:00:00;0.71622;0.7114;0.71487;0.71429;20077
2015.06.10;08:00:00;0.71992;0.7145;0.71949;0.71487;44878
2015.06.10;12:00:00;0.72159;0.71794;0.71897;0.7195;37775
2015.06.10;16:00:00;0.7226;0.71803;0.7219;0.71896;40077
2015.06.10;20:00:00;0.72341;0.72137;0.72201;0.72189;14573
2015.06.11;00:00:00;0.72199;0.71567;0.71952;0.7214;12021
2015.06.11;04:00:00;0.72599;0.71818;0.72433;0.71952;17128
2015.06.11;08:00:00;0.72564;0.72123;0.72462;0.72433;34035
2015.06.11;12:00:00;0.7248;0.72197;0.72361;0.72463;35264
2015.06.11;16:00:00;0.72493;0.72187;0.72337;0.72361;35105
2015.06.11;20:00:00;0.72465;0.72327;0.72341;0.72338;13365
2015.06.12;00:00:00;0.72398;0.72246;0.72329;0.72341;11654
2015.06.12;04:00:00;0.72381;0.72203;0.72256;0.7233;13715
2015.06.12;08:00:00;0.72285;0.71826;0.72;0.72254;30583
2015.06.12;12:00:00;0.72106;0.71633;0.71637;0.72001;33904
2015.06.12;16:00:00;0.71797;0.71445;0.71722;0.71636;33568
2015.06.12;20:00:00;0.71867;0.71558;0.7162;0.71722;11942
2015.06.15;00:00:00;0.72057;0.71781;0.71834;0.71999;9042
2015.06.15;04:00:00;0.72077;0.71824;0.71832;0.71832;13558
2015.06.15;08:00:00;0.7204;0.71722;0.71788;0.71826;28391
2015.06.15;12:00:00;0.72722;0.71762;0.72684;0.71788;27472
2015.06.15;16:00:00;0.72905;0.7246;0.72526;0.72679;24328
2015.06.15;20:00:00;0.72528;0.72011;0.72151;0.72524;13842
2015.06.16;00:00:00;0.72193;0.72058;0.72145;0.72151;9230
2015.06.16;04:00:00;0.72359;0.72049;0.72127;0.72145;13437
2015.06.16;08:00:00;0.72142;0.71775;0.71949;0.72128;22634
2015.06.16;12:00:00;0.7228;0.71947;0.72229;0.71949;21038
2015.06.16;16:00:00;0.7236;0.72165;0.72264;0.72229;19111
2015.06.16;20:00:00;0.72285;0.72136;0.7222;0.72263;9026
2015.06.17;00:00:00;0.72285;0.72118;0.72161;0.7222;6503
2015.06.17;04:00:00;0.72177;0.71814;0.71872;0.72161;11077
2015.06.17;08:00:00;0.71933;0.71018;0.71122;0.71872;25464
2015.06.17;12:00:00;0.71376;0.71089;0.71223;0.71126;25467
2015.06.17;16:00:00;0.71374;0.7096;0.71;0.71224;23846
2015.06.17;20:00:00;0.71524;0.70813;0.71383;0.70999;33831
2015.06.18;00:00:00;0.71497;0.70993;0.71117;0.71379;13007
2015.06.18;04:00:00;0.7125;0.70971;0.71054;0.71116;15012
2015.06.18;08:00:00;0.71477;0.7101;0.71474;0.71055;33486
2015.06.18;12:00:00;0.71886;0.71393;0.71788;0.71474;33149
2015.06.18;16:00:00;0.72168;0.71718;0.72103;0.7179;30215
2015.06.18;20:00:00;0.72126;0.71807;0.71819;0.721;15531
2015.06.19;00:00:00;0.71931;0.71653;0.71812;0.71816;10630
2015.06.19;04:00:00;0.71848;0.71533;0.71578;0.71815;12199
2015.06.19;08:00:00;0.7176;0.71538;0.71674;0.71578;28171
2015.06.19;12:00:00;0.71731;0.7147;0.71514;0.71675;24716
2015.06.19;16:00:00;0.71678;0.71289;0.71379;0.71519;20884
2015.06.19;20:00:00;0.71433;0.71158;0.71307;0.71381;11576
2015.06.22;00:00:00;0.71335;0.71142;0.71301;0.7116;6788
2015.06.22;04:00:00;0.71398;0.71269;0.71321;0.71299;9747
2015.06.22;08:00:00;0.7163;0.7129;0.71511;0.71321;25031
2015.06.22;12:00:00;0.71616;0.71218;0.71391;0.71512;24678
2015.06.22;16:00:00;0.71641;0.7099;0.71147;0.7139;27946
2015.06.22;20:00:00;0.71271;0.71119;0.71171;0.71147;10268
2015.06.23;00:00:00;0.71308;0.71144;0.71258;0.71171;7360
2015.06.23;04:00:00;0.71483;0.71098;0.7143;0.71258;16045
2015.06.23;08:00:00;0.71861;0.71393;0.71716;0.71429;26673
2015.06.23;12:00:00;0.72126;0.71676;0.72104;0.71716;26629
2015.06.23;16:00:00;0.72296;0.72029;0.72179;0.72103;27303
2015.06.23;20:00:00;0.7235;0.72131;0.72201;0.72178;11448
2015.06.24;00:00:00;0.72394;0.72181;0.72334;0.72204;7663
2015.06.24;04:00:00;0.72366;0.7201;0.72043;0.72333;10192
2015.06.24;08:00:00;0.72151;0.71904;0.72138;0.72043;26270
2015.06.24;12:00:00;0.72284;0.71988;0.7213;0.72138;28495
2015.06.24;16:00:00;0.72185;0.71822;0.72055;0.7213;27000
2015.06.24;20:00:00;0.72141;0.7186;0.71872;0.72055;11810
2015.06.25;00:00:00;0.72059;0.71845;0.72057;0.71875;6330
2015.06.25;04:00:00;0.72311;0.72045;0.72258;0.72058;10342
2015.06.25;08:00:00;0.72482;0.72119;0.7242;0.72258;22408
2015.06.25;12:00:00;0.72858;0.72418;0.72585;0.72419;27626
2015.06.25;16:00:00;0.72713;0.7225;0.72475;0.72586;18661
2015.06.25;20:00:00;0.72579;0.724;0.72437;0.72476;9496
2015.06.26;00:00:00;0.72472;0.72289;0.72323;0.72428;8558
2015.06.26;04:00:00;0.72326;0.72142;0.72245;0.72323;10779
2015.06.26;08:00:00;0.72328;0.71774;0.71869;0.72245;20097
2015.06.26;12:00:00;0.71892;0.71356;0.71448;0.7187;21693
2015.06.26;16:00:00;0.71604;0.71186;0.71503;0.71447;26100
2015.06.26;20:00:00;0.71675;0.71314;0.71336;0.71503;9283
2015.06.29;00:00:00;0.71777;0.71325;0.71542;0.71397;18890
2015.06.29;04:00:00;0.72178;0.71543;0.71799;0.71545;12868
2015.06.29;08:00:00;0.7201;0.7155;0.71735;0.71798;36107
2015.06.29;12:00:00;0.71774;0.71359;0.7147;0.71734;28950
2015.06.29;16:00:00;0.71482;0.70927;0.71166;0.71472;27416
2015.06.29;20:00:00;0.71409;0.70996;0.70998;0.71167;14763
2015.06.30;00:00:00;0.7111;0.70926;0.71047;0.70998;8242
2015.06.30;04:00:00;0.71408;0.70954;0.71398;0.71049;12948
2015.06.30;08:00:00;0.71645;0.71313;0.71516;0.71399;29080
2015.06.30;12:00:00;0.71708;0.71243;0.71689;0.71516;29463
2015.06.30;16:00:00;0.72215;0.71591;0.72063;0.71689;29523
2015.06.30;20:00:00;0.72161;0.71939;0.7206;0.72063;11430
2015.07.01;00:00:00;0.72105;0.71843;0.71994;0.72047;12493
2015.07.01;04:00:00;0.72318;0.71891;0.72202;0.71998;9670
2015.07.01;08:00:00;0.72547;0.7212;0.7232;0.72202;24134
2015.07.01;12:00:00;0.72603;0.72102;0.72268;0.72316;27651
2015.07.01;16:00:00;0.72534;0.72169;0.72464;0.72268;21935
2015.07.01;20:00:00;0.72588;0.72417;0.72452;0.72464;10474
2015.07.02;00:00:00;0.72538;0.72363;0.72538;0.72445;8334
2015.07.02;04:00:00;0.72566;0.72265;0.72348;0.72539;10389
2015.07.02;08:00:00;0.72398;0.71994;0.71997;0.72348;31519
2015.07.02;12:00:00;0.72284;0.71754;0.71905;0.71998;36259
2015.07.02;16:00:00;0.72105;0.71757;0.72102;0.71906;33037
2015.07.02;20:00:00;0.72102;0.71892;0.71976;0.72102;8373
2015.07.03;00:00:00;0.72104;0.71953;0.72067;0.71984;6208
2015.07.03;04:00:00;0.72085;0.71354;0.71519;0.72067;11342
2015.07.03;08:00:00;0.71565;0.70962;0.71018;0.71519;26952
2015.07.03;12:00:00;0.71078;0.70692;0.70894;0.70975;28207
2015.07.03;16:00:00;0.70897;0.70606;0.7086;0.70895;24857
2015.07.03;20:00:00;0.70928;0.70407;0.70522;0.70858;6914
2015.07.06;00:00:00;0.70867;0.70309;0.70822;0.70357;12697
2015.07.06;04:00:00;0.70833;0.70494;0.70585;0.70823;11845
2015.07.06;08:00:00;0.70951;0.70452;0.70813;0.7059;30836
2015.07.06;12:00:00;0.71023;0.70691;0.70993;0.70812;29478
2015.07.06;16:00:00;0.71133;0.70741;0.70794;0.70991;27435
2015.07.06;20:00:00;0.70858;0.70591;0.70644;0.70792;8986
2015.07.07;00:00:00;0.70686;0.70471;0.7052;0.70644;6977
2015.07.07;04:00:00;0.70678;0.7043;0.70608;0.70521;11322
2015.07.07;08:00:00;0.70827;0.70203;0.70452;0.70609;29594
2015.07.07;12:00:00;0.70593;0.70284;0.70548;0.70456;36363
2015.07.07;16:00:00;0.70573;0.70165;0.70491;0.70548;38927
2015.07.07;20:00:00;0.70612;0.70349;0.70487;0.70485;15567
2015.07.08;00:00:00;0.70593;0.70349;0.70363;0.70474;9078
2015.07.08;04:00:00;0.70381;0.69975;0.70033;0.70362;16604
2015.07.08;08:00:00;0.70157;0.69596;0.69731;0.70033;32148
2015.07.08;12:00:00;0.70677;0.69691;0.7042;0.6973;34214
2015.07.08;16:00:00;0.70677;0.7034;0.70419;0.7042;41179
2015.07.08;20:00:00;0.70472;0.70132;0.70185;0.70421;13241
2015.07.09;00:00:00;0.70257;0.69871;0.69986;0.70187;8371
2015.07.09;04:00:00;0.7064;0.69981;0.70539;0.69983;15509
2015.07.09;08:00:00;0.70866;0.70517;0.70778;0.70542;29906
2015.07.09;12:00:00;0.70938;0.70443;0.70877;0.70776;37324
2015.07.09;16:00:00;0.70902;0.70337;0.70511;0.70877;32762
2015.07.09;20:00:00;0.70729;0.70429;0.7054;0.70511;11706
2015.07.10;00:00:00;0.70791;0.70523;0.70752;0.70532;8286
2015.07.10;04:00:00;0.70909;0.70732;0.7077;0.70752;10234
2015.07.10;08:00:00;0.70839;0.69929;0.7007;0.70772;30193
2015.07.10;12:00:00;0.70111;0.69736;0.69844;0.70072;37539
2015.07.10;16:00:00;0.69902;0.6948;0.69839;0.69844;31729
2015.07.10;20:00:00;0.70067;0.69616;0.69739;0.69837;9811
2015.07.13;00:00:00;0.69974;0.69597;0.69795;0.69767;5834
2015.07.13;04:00:00;0.70149;0.69704;0.69977;0.69794;11172
2015.07.13;08:00:00;0.70366;0.69816;0.70326;0.69977;35005
2015.07.13;12:00:00;0.70441;0.70221;0.70282;0.70329;33430
2015.07.13;16:00:00;0.70349;0.70034;0.70297;0.7028;28289
2015.07.13;20:00:00;0.70394;0.70192;0.70352;0.70296;9657
2015.07.14;00:00:00;0.70496;0.70234;0.70476;0.70351;10269
2015.07.14;04:00:00;0.70657;0.7038;0.7054;0.70475;11574
2015.07.14;08:00:00;0.7077;0.69965;0.69999;0.70539;30872
2015.07.14;12:00:00;0.7041;0.6998;0.70261;0.69999;38804
2015.07.14;16:00:00;0.70542;0.70213;0.70443;0.7026;30742
2015.07.14;20:00:00;0.70478;0.70337;0.70365;0.70443;7969
2015.07.15;00:00:00;0.70525;0.70313;0.7041;0.70398;8137
2015.07.15;04:00:00;0.70765;0.70381;0.70593;0.7041;12417
2015.07.15;08:00:00;0.70721;0.70426;0.70535;0.70594;29725
2015.07.15;12:00:00;0.70836;0.70512;0.70684;0.70531;31415
2015.07.15;16:00:00;0.70774;0.7;0.70141;0.70684;37476
2015.07.15;20:00:00;0.70252;0.70101;0.70196;0.7014;10914
2015.07.16;00:00:00;0.70301;0.70125;0.70191;0.70204;9626
2015.07.16;04:00:00;0.70335;0.7011;0.7017;0.70191;12470
2015.07.16;08:00:00;0.70615;0.70127;0.705;0.70171;32770
2015.07.16;12:00:00;0.70869;0.705;0.70859;0.70505;31949
2015.07.16;16:00:00;0.71102;0.70766;0.71045;0.70858;27451
2015.07.16;20:00:00;0.71064;0.70832;0.70883;0.71042;8289
2015.07.17;00:00:00;0.70992;0.70855;0.7093;0.70883;7600
2015.07.17;04:00:00;0.71002;0.70818;0.70935;0.70934;9136
2015.07.17;08:00:00;0.70952;0.70738;0.70805;0.70934;25122
2015.07.17;12:00:00;0.70968;0.70711;0.70828;0.70805;28337
2015.07.17;16:00:00;0.70899;0.70745;0.70854;0.7083;24045
2015.07.17;20:00:00;0.70975;0.70815;0.70862;0.70855;5656
2015.07.20;00:00:00;0.7093;0.70804;0.70867;0.70902;4306
2015.07.20;04:00:00;0.70911;0.70541;0.7083;0.70865;12386
2015.07.20;08:00:00;0.71171;0.70763;0.70967;0.70829;27113
2015.07.20;12:00:00;0.71093;0.70907;0.71027;0.70967;29654
2015.07.20;16:00:00;0.71098;0.70786;0.71047;0.71027;22830
2015.07.20;20:00:00;0.71141;0.71036;0.71058;0.71049;9284
2015.07.21;00:00:00;0.71103;0.70957;0.70999;0.71054;6789
2015.07.21;04:00:00;0.71117;0.70858;0.70904;0.70999;16382
2015.07.21;08:00:00;0.71025;0.70741;0.70833;0.70907;27076
2015.07.21;12:00:00;0.71;0.70723;0.70804;0.70832;27329
2015.07.21;16:00:00;0.71279;0.70702;0.71208;0.70804;34177
2015.07.21;20:00:00;0.71238;0.71055;0.71061;0.7121;13593
2015.07.22;00:00:00;0.71168;0.70962;0.71031;0.71051;6949
2015.07.22;04:00:00;0.71159;0.70622;0.71049;0.7103;15345
2015.07.22;08:00:00;0.71128;0.70794;0.70985;0.71054;20801
2015.07.22;12:00:00;0.7115;0.70888;0.71005;0.70985;28053
2015.07.22;16:00:00;0.71033;0.70775;0.70836;0.71005;28349
2015.07.22;20:00:00;0.70887;0.7074;0.7074;0.70834;7502
2015.07.23;00:00:00;0.70934;0.70596;0.70643;0.70747;8170
2015.07.23;04:00:00;0.70815;0.70608;0.70682;0.70644;7809
2015.07.23;08:00:00;0.70771;0.70494;0.70725;0.70682;23300
2015.07.23;12:00:00;0.70846;0.706;0.706;0.70726;25209
2015.07.23;16:00:00;0.70726;0.70459;0.70481;0.706;27289
2015.07.23;20:00:00;0.70622;0.70445;0.70504;0.7048;9745
2015.07.24;00:00:00;0.70629;0.70438;0.70523;0.7046;7278
2015.07.24;04:00:00;0.70607;0.69798;0.70065;0.70524;14756
2015.07.24;08:00:00;0.70305;0.69876;0.70157;0.70066;20607
2015.07.24;12:00:00;0.7016;0.69766;0.69921;0.7016;23929
2015.07.24;16:00:00;0.70037;0.69728;0.69992;0.69922;27490
2015.07.24;20:00:00;0.70129;0.69907;0.70041;0.69993;8599
2015.07.27;00:00:00;0.70085;0.69777;0.69938;0.69891;5133
2015.07.27;04:00:00;0.70128;0.69909;0.69962;0.6994;9405
2015.07.27;08:00:00;0.70038;0.6942;0.69702;0.69962;27728
2015.07.27;12:00:00;0.69885;0.69649;0.69777;0.69699;25764
2015.07.27;16:00:00;0.70203;0.69778;0.7006;0.69778;31187
2015.07.27;20:00:00;0.70186;0.69908;0.69921;0.7006;9318
2015.07.28;00:00:00;0.70078;0.69828;0.69973;0.69866;5839
2015.07.28;04:00:00;0.70386;0.69757;0.70312;0.69973;11017
2015.07.28;08:00:00;0.70502;0.70252;0.70498;0.70313;24163
2015.07.28;12:00:00;0.70686;0.70414;0.70667;0.705;24142
2015.07.28;16:00:00;0.70668;0.7041;0.70569;0.70666;25191
2015.07.28;20:00:00;0.70607;0.70441;0.70564;0.70569;9067
2015.07.29;00:00:00;0.70702;0.70411;0.70562;0.70423;9140
2015.07.29;04:00:00;0.70597;0.70385;0.70431;0.70563;8703
2015.07.29;08:00:00;0.70596;0.70284;0.70402;0.70431;21828
2015.07.29;12:00:00;0.70424;0.70167;0.70283;0.70398;21253
2015.07.29;16:00:00;0.70492;0.70259;0.70369;0.70282;24942
2015.07.29;20:00:00;0.70648;0.7028;0.70557;0.70367;22725
2015.07.30;00:00:00;0.7069;0.70467;0.70683;0.70557;6904
2015.07.30;04:00:00;0.70902;0.7067;0.7088;0.70685;6897
2015.07.30;08:00:00;0.70925;0.70671;0.70856;0.70878;18906
2015.07.30;12:00:00;0.70976;0.70455;0.70577;0.70856;24767
2015.07.30;16:00:00;0.7071;0.70472;0.70656;0.70576;28226
2015.07.30;20:00:00;0.70733;0.70625;0.70635;0.70655;9468
2015.07.31;00:00:00;0.70665;0.70553;0.70573;0.70641;7097
2015.07.31;04:00:00;0.70658;0.70503;0.70556;0.70573;7787
2015.07.31;08:00:00;0.70595;0.7001;0.70049;0.70557;21168
2015.07.31;12:00:00;0.7022;0.69636;0.70023;0.70051;27505
2015.07.31;16:00:00;0.70768;0.7001;0.70606;0.70023;34292
2015.07.31;20:00:00;0.70639;0.70389;0.70452;0.70605;11424
2015.08.03;00:00:00;0.70704;0.70476;0.70544;0.70622;7561
2015.08.03;04:00:00;0.70627;0.70391;0.70428;0.70541;9279
2015.08.03;08:00:00;0.70585;0.70344;0.70531;0.7043;17992
2015.08.03;12:00:00;0.70586;0.7025;0.7031;0.70531;24217
2015.08.03;16:00:00;0.70468;0.70272;0.70297;0.70309;28380
2015.08.03;20:00:00;0.70592;0.70277;0.70569;0.70297;9785
2015.08.04;00:00:00;0.70607;0.70425;0.70473;0.70571;5648
2015.08.04;04:00:00;0.71231;0.70443;0.71223;0.70476;12217
2015.08.04;08:00:00;0.71519;0.71177;0.71463;0.71223;27756
2015.08.04;12:00:00;0.71785;0.71343;0.71714;0.71463;26428
2015.08.04;16:00:00;0.72231;0.71694;0.72122;0.71717;30877
2015.08.04;20:00:00;0.72274;0.72024;0.72157;0.72124;18618
2015.08.05;00:00:00;0.72177;0.72071;0.72105;0.72153;7820
2015.08.05;04:00:00;0.72111;0.71843;0.71879;0.72106;11194
2015.08.05;08:00:00;0.7217;0.7178;0.72159;0.7188;23404
2015.08.05;12:00:00;0.72245;0.72028;0.72222;0.72158;28853
2015.08.05;16:00:00;0.72284;0.71978;0.72057;0.72222;32503
2015.08.05;20:00:00;0.72064;0.71931;0.71979;0.72057;10672
2015.08.06;00:00:00;0.72018;0.71871;0.7194;0.7197;6487
2015.08.06;04:00:00;0.72303;0.71636;0.71728;0.7194;13581
2015.08.06;08:00:00;0.72047;0.71636;0.72019;0.71729;23045
2015.08.06;12:00:00;0.72205;0.71913;0.72175;0.7202;26634
2015.08.06;16:00:00;0.72184;0.7192;0.71977;0.72176;24824
2015.08.06;20:00:00;0.72063;0.71959;0.72;0.71975;10803
2015.08.07;00:00:00;0.72055;0.71972;0.72004;0.71995;5841
2015.08.07;04:00:00;0.72384;0.72;0.7219;0.72004;11264
2015.08.07;08:00:00;0.7245;0.72154;0.7243;0.72189;18488
2015.08.07;12:00:00;0.72711;0.72311;0.72591;0.7243;25896
2015.08.07;16:00:00;0.72815;0.72433;0.72679;0.72592;36657
2015.08.07;20:00:00;0.72979;0.72645;0.72967;0.72681;9569
2015.08.10;00:00:00;0.72901;0.72713;0.7272;0.72719;5895
2015.08.10;04:00:00;0.72821;0.72656;0.72707;0.72721;8306
2015.08.10;08:00:00;0.72749;0.7229;0.72323;0.72705;19486
2015.08.10;12:00:00;0.72696;0.72278;0.72614;0.72325;21702
2015.08.10;16:00:00;0.72989;0.72611;0.72885;0.72613;27574
2015.08.10;20:00:00;0.72913;0.72741;0.72875;0.7289;9366
2015.08.11;00:00:00;0.73067;0.72832;0.72982;0.72882;8693
2015.08.11;04:00:00;0.72993;0.7196;0.72062;0.72982;22108
2015.08.11;08:00:00;0.72235;0.71826;0.72081;0.72064;27702
2015.08.11;12:00:00;0.72221;0.71821;0.71862;0.72082;27572
2015.08.11;16:00:00;0.72116;0.71605;0.72089;0.71861;33657
2015.08.11;20:00:00;0.72179;0.71964;0.7212;0.7209;11552
2015.08.12;00:00:00;0.72308;0.72099;0.7226;0.7212;9386
2015.08.12;04:00:00;0.72327;0.71247;0.71303;0.72259;18655
2015.08.12;08:00:00;0.72041;0.71288;0.7145;0.71306;35135
2015.08.12;12:00:00;0.71895;0.71177;0.71625;0.71448;30183
2015.08.12;16:00:00;0.71663;0.71266;0.71663;0.71624;33187
2015.08.12;20:00:00;0.72005;0.71528;0.71946;0.71663;12122
2015.08.13;00:00:00;0.72051;0.71813;0.71909;0.71946;6694
2015.08.13;04:00:00;0.72242;0.71482;0.72075;0.71907;13460
2015.08.13;08:00:00;0.72132;0.71717;0.71762;0.72077;21914
2015.08.13;12:00:00;0.71879;0.71517;0.7171;0.71761;22911
2015.08.13;16:00:00;0.71922;0.71417;0.71916;0.71708;27654
2015.08.13;20:00:00;0.71952;0.71782;0.71787;0.71916;11827
2015.08.14;00:00:00;0.71989;0.71784;0.7188;0.71787;7624
2015.08.14;04:00:00;0.72091;0.71791;0.71868;0.71881;11779
2015.08.14;08:00:00;0.72133;0.71869;0.72046;0.71869;21558
2015.08.14;12:00:00;0.72125;0.71817;0.7186;0.72044;23751
2015.08.14;16:00:00;0.72147;0.71843;0.72103;0.71858;25324
2015.08.14;20:00:00;0.72155;0.71943;0.71974;0.72103;6630
2015.08.17;00:00:00;0.72053;0.7192;0.71954;0.71941;4303
2015.08.17;04:00:00;0.72145;0.71931;0.7209;0.71954;7493
2015.08.17;08:00:00;0.72187;0.71809;0.7186;0.72091;20296
2015.08.17;12:00:00;0.71905;0.71734;0.7185;0.7186;20903
2015.08.17;16:00:00;0.72212;0.7184;0.72121;0.7185;21566
2015.08.17;20:00:00;0.72138;0.72006;0.72112;0.72121;6736
2015.08.18;00:00:00;0.72178;0.72065;0.72086;0.72112;7209
2015.08.18;04:00:00;0.72261;0.7203;0.72078;0.72087;11351
2015.08.18;08:00:00;0.72137;0.7159;0.71669;0.72078;22080
2015.08.18;12:00:00;0.71895;0.71567;0.71645;0.71669;21435
2015.08.18;16:00:00;0.71746;0.71534;0.71647;0.71644;23764
2015.08.18;20:00:00;0.71786;0.71592;0.71695;0.71647;7242
2015.08.19;00:00:00;0.71767;0.71634;0.71713;0.71654;7509
2015.08.19;04:00:00;0.71739;0.7142;0.71551;0.71714;10603
2015.08.19;08:00:00;0.71778;0.71443;0.71603;0.71551;19771
2015.08.19;12:00:00;0.71711;0.714;0.71404;0.71604;24137
2015.08.19;16:00:00;0.71421;0.70902;0.70973;0.71406;24282
2015.08.19;20:00:00;0.71232;0.70895;0.70907;0.70973;22128
2015.08.20;00:00:00;0.71106;0.70846;0.70987;0.70925;8179
2015.08.20;04:00:00;0.71058;0.70907;0.71011;0.70987;10304
2015.08.20;08:00:00;0.71036;0.70098;0.70128;0.71013;25898
2015.08.20;12:00:00;0.7067;0.70097;0.70534;0.7013;25396
2015.08.20;16:00:00;0.70879;0.70484;0.70672;0.70535;30189
2015.08.20;20:00:00;0.70715;0.70266;0.7027;0.70672;13898
2015.08.21;00:00:00;0.70377;0.70236;0.7032;0.7028;9769
2015.08.21;04:00:00;0.70324;0.69734;0.6994;0.7032;17177
2015.08.21;08:00:00;0.7016;0.69742;0.70069;0.6994;23113
2015.08.21;12:00:00;0.7016;0.69887;0.6997;0.70072;28789
2015.08.21;16:00:00;0.70163;0.69482;0.69485;0.6997;36142
2015.08.21;20:00:00;0.69649;0.69115;0.69139;0.69481;16883
2015.08.24;00:00:00;0.69243;0.68528;0.68672;0.68945;12181
2015.08.24;04:00:00;0.68727;0.675;0.68096;0.68674;27024
2015.08.24;08:00:00;0.68729;0.68018;0.68382;0.68097;29662
2015.08.24;12:00:00;0.68408;0.67495;0.67579;0.68381;35319
2015.08.24;16:00:00;0.67743;0.65313;0.6773;0.67577;58161
2015.08.24;20:00:00;0.67834;0.66498;0.66539;0.67729;24595
2015.08.25;00:00:00;0.67164;0.66448;0.67076;0.66539;15171
2015.08.25;04:00:00;0.67727;0.66981;0.67248;0.67076;19621
2015.08.25;08:00:00;0.67883;0.66821;0.67518;0.67248;36999
2015.08.25;12:00:00;0.68336;0.67386;0.67824;0.67518;38719
2015.08.25;16:00:00;0.68279;0.67614;0.68013;0.67824;33918
2015.08.25;20:00:00;0.68016;0.66874;0.66915;0.68013;19127
2015.08.26;00:00:00;0.67256;0.66591;0.66978;0.66917;15189
2015.08.26;04:00:00;0.67333;0.66807;0.67272;0.66975;21312
2015.08.26;08:00:00;0.67555;0.66935;0.67195;0.67273;33106
2015.08.26;12:00:00;0.67679;0.67045;0.67524;0.67196;33767
2015.08.26;16:00:00;0.67601;0.66935;0.67164;0.67524;34700
2015.08.26;20:00:00;0.6799;0.67087;0.67955;0.67163;20641
2015.08.27;00:00:00;0.68011;0.67711;0.67749;0.67955;12225
2015.08.27;04:00:00;0.68095;0.67642;0.67692;0.67749;10471
2015.08.27;08:00:00;0.68238;0.67569;0.68018;0.67692;26769
2015.08.27;12:00:00;0.68395;0.6797;0.68357;0.6802;24021
2015.08.27;16:00:00;0.69243;0.68218;0.69069;0.68356;32456
2015.08.27;20:00:00;0.69311;0.68917;0.69198;0.6907;15088
2015.08.28;00:00:00;0.69476;0.69155;0.69445;0.69198;8559
2015.08.28;04:00:00;0.69588;0.69072;0.69227;0.69446;10597
2015.08.28;08:00:00;0.69225;0.68777;0.6891;0.69225;24010
2015.08.28;12:00:00;0.68918;0.6834;0.68473;0.6891;25343
2015.08.28;16:00:00;0.68875;0.68411;0.68835;0.68475;29954
2015.08.28;20:00:00;0.6901;0.68581;0.68978;0.68835;13929
2015.08.31;00:00:00;0.68995;0.68468;0.68486;0.68714;9343
2015.08.31;04:00:00;0.68765;0.68383;0.68562;0.68486;12710
2015.08.31;08:00:00;0.68775;0.68479;0.68712;0.68562;14469
2015.08.31;12:00:00;0.68841;0.68466;0.68539;0.68715;15442
2015.08.31;16:00:00;0.68842;0.68463;0.6881;0.68536;24494
2015.08.31;20:00:00;0.68929;0.6867;0.68768;0.68809;14590
2015.09.01;00:00:00;0.68803;0.68428;0.68584;0.68772;7808
2015.09.01;04:00:00;0.68797;0.68244;0.68528;0.68584;15558
2015.09.01;08:00:00;0.68569;0.67779;0.68081;0.68532;32239
2015.09.01;12:00:00;0.68315;0.67732;0.67773;0.6808;30957
2015.09.01;16:00:00;0.68094;0.675;0.67702;0.67773;33407
2015.09.01;20:00:00;0.67754;0.67224;0.67224;0.67703;19939
2015.09.02;00:00:00;0.67621;0.67177;0.6759;0.67223;10231
2015.09.02;04:00:00;0.67719;0.67027;0.67599;0.6759;16637
2015.09.02;08:00:00;0.67926;0.67315;0.67513;0.67597;24294
2015.09.02;12:00:00;0.67967;0.67341;0.67898;0.67514;23135
2015.09.02;16:00:00;0.68128;0.67808;0.681;0.67899;28124
2015.09.02;20:00:00;0.68339;0.68011;0.68177;0.681;12534
2015.09.03;00:00:00;0.68449;0.68161;0.68286;0.68175;6684
2015.09.03;04:00:00;0.68287;0.67851;0.68027;0.68287;10899
2015.09.03;08:00:00;0.6814;0.67748;0.67985;0.6803;20712
2015.09.03;12:00:00;0.68395;0.67808;0.68295;0.67984;27242
2015.09.03;16:00:00;0.68785;0.68211;0.68479;0.68294;32204
2015.09.03;20:00:00;0.68545;0.68111;0.68276;0.68479;17380
2015.09.04;00:00:00;0.68385;0.68115;0.68115;0.68278;7231
2015.09.04;04:00:00;0.68192;0.67518;0.67712;0.68115;14852
2015.09.04;08:00:00;0.68112;0.676;0.67993;0.67713;25322
2015.09.04;12:00:00;0.68112;0.67391;0.67654;0.67994;24319
2015.09.04;16:00:00;0.67891;0.67222;0.67326;0.67654;26651
2015.09.04;20:00:00;0.67418;0.67111;0.67111;0.67327;12134
2015.09.07;00:00:00;0.6752;0.6714;0.67321;0.67263;8802
2015.09.07;04:00:00;0.67591;0.67214;0.67298;0.67322;12984
2015.09.07;08:00:00;0.67553;0.67235;0.67465;0.67299;20817
2015.09.07;12:00:00;0.67784;0.67346;0.67714;0.67466;21658
2015.09.07;16:00:00;0.67731;0.67461;0.67614;0.67715;10866
2015.09.07;20:00:00;0.6762;0.67472;0.67482;0.67614;13913
2015.09.08;00:00:00;0.678;0.67468;0.67688;0.67483;6062
2015.09.08;04:00:00;0.67912;0.6739;0.67546;0.67688;13360
2015.09.08;08:00:00;0.68115;0.6741;0.68062;0.67547;22229
2015.09.08;12:00:00;0.6845;0.6806;0.68393;0.68062;20761
2015.09.08;16:00:00;0.68938;0.6836;0.68857;0.68391;23329
2015.09.08;20:00:00;0.69062;0.68661;0.6868;0.68859;9933
2015.09.09;00:00:00;0.69004;0.68625;0.69002;0.68685;8900
2015.09.09;04:00:00;0.69222;0.68958;0.69063;0.69002;12110
2015.09.09;08:00:00;0.69321;0.68363;0.68505;0.69062;24151
2015.09.09;12:00:00;0.68949;0.68449;0.68922;0.68518;22133
2015.09.09;16:00:00;0.69132;0.68518;0.68596;0.68925;26439
2015.09.09;20:00:00;0.68711;0.68277;0.68386;0.68596;15154
2015.09.10;00:00:00;0.68405;0.67686;0.67798;0.68397;11665
2015.09.10;04:00:00;0.68576;0.67622;0.68375;0.67798;17392
2015.09.10;08:00:00;0.69246;0.68285;0.68837;0.68377;28392
2015.09.10;12:00:00;0.69256;0.68684;0.68767;0.68837;27148
2015.09.10;16:00:00;0.69076;0.68612;0.68731;0.68767;28183
2015.09.10;20:00:00;0.68958;0.68657;0.68779;0.68733;13328
2015.09.11;00:00:00;0.68956;0.68692;0.68827;0.68779;9828
2015.09.11;04:00:00;0.68926;0.68763;0.6878;0.68829;7881
2015.09.11;08:00:00;0.68793;0.68378;0.68556;0.68781;18729
2015.09.11;12:00:00;0.69223;0.68507;0.69151;0.68556;18682
2015.09.11;16:00:00;0.69183;0.6871;0.69;0.6915;21804
2015.09.11;20:00:00;0.69042;0.68572;0.68703;0.68996;10243
2015.09.14;00:00:00;0.69003;0.68503;0.68944;0.68598;7201
2015.09.14;04:00:00;0.69098;0.68476;0.68571;0.68944;9955
2015.09.14;08:00:00;0.69098;0.68329;0.69055;0.68572;17655
2015.09.14;12:00:00;0.69236;0.68932;0.69168;0.69055;15376
2015.09.14;16:00:00;0.69396;0.68973;0.69051;0.69165;19869
2015.09.14;20:00:00;0.69149;0.69009;0.69068;0.69053;6398
2015.09.15;00:00:00;0.69368;0.68992;0.69242;0.6907;8721
2015.09.15;04:00:00;0.69246;0.68911;0.68929;0.69242;9997
2015.09.15;08:00:00;0.69175;0.68762;0.69109;0.68929;19711
2015.09.15;12:00:00;0.69165;0.68938;0.69038;0.69107;14103
2015.09.15;16:00:00;0.69211;0.68927;0.69189;0.6904;16975
2015.09.15;20:00:00;0.69649;0.69191;0.69527;0.69192;7539
2015.09.16;00:00:00;0.69589;0.69361;0.69498;0.6953;5367
2015.09.16;04:00:00;0.69502;0.69324;0.69409;0.69496;9065
2015.09.16;08:00:00;0.69889;0.69367;0.69694;0.69408;18613
2015.09.16;12:00:00;0.69858;0.69367;0.69426;0.69693;17752
2015.09.16;16:00:00;0.6969;0.69297;0.69535;0.69425;21637
2015.09.16;20:00:00;0.6993;0.69529;0.69864;0.69532;7297
2015.09.17;00:00:00;0.69927;0.6966;0.69665;0.69872;7472
2015.09.17;04:00:00;0.69913;0.69555;0.69715;0.69666;8589
2015.09.17;08:00:00;0.69873;0.69256;0.69391;0.69715;17790
2015.09.17;12:00:00;0.69536;0.69254;0.69282;0.69392;14585
2015.09.17;16:00:00;0.69487;0.69179;0.69452;0.6928;17817
2015.09.17;20:00:00;0.69994;0.68726;0.68802;0.69453;40894
2015.09.18;00:00:00;0.69168;0.68703;0.69013;0.68814;10956
2015.09.18;04:00:00;0.69121;0.68897;0.69075;0.69014;9860
2015.09.18;08:00:00;0.69564;0.69048;0.6943;0.69078;23752
2015.09.18;12:00:00;0.6952;0.69078;0.6941;0.6943;26303
2015.09.18;16:00:00;0.69567;0.6912;0.69473;0.6941;24768
2015.09.18;20:00:00;0.69787;0.69383;0.6952;0.69473;13124
2015.09.21;00:00:00;0.6973;0.69465;0.69576;0.69481;6232
2015.09.21;04:00:00;0.69658;0.69326;0.69416;0.69576;10006
2015.09.21;08:00:00;0.69558;0.69098;0.69203;0.69416;17836
2015.09.21;12:00:00;0.69527;0.6915;0.69429;0.69203;16417
2015.09.21;16:00:00;0.69608;0.68997;0.69004;0.69429;23067
2015.09.21;20:00:00;0.69313;0.68975;0.69252;0.69005;11094
2015.09.22;00:00:00;0.69377;0.69188;0.69345;0.69252;4681
2015.09.22;04:00:00;0.69436;0.69235;0.69244;0.69345;6009
2015.09.22;08:00:00;0.69671;0.69062;0.69134;0.69244;21689
2015.09.22;12:00:00;0.69245;0.68854;0.6895;0.69134;22383
2015.09.22;16:00:00;0.68985;0.6863;0.6886;0.68952;22897
2015.09.22;20:00:00;0.69153;0.68838;0.69104;0.68862;6642
2015.09.23;00:00:00;0.69135;0.68915;0.69111;0.69099;5098
2015.09.23;04:00:00;0.69131;0.68365;0.68449;0.6911;11457
2015.09.23;08:00:00;0.68953;0.68436;0.68946;0.68448;20473
2015.09.23;12:00:00;0.68946;0.68698;0.68831;0.68943;18842
2015.09.23;16:00:00;0.68918;0.6844;0.68534;0.6883;25129
2015.09.23;20:00:00;0.68625;0.68303;0.68556;0.68535;10670
2015.09.24;00:00:00;0.68656;0.68425;0.68524;0.68553;7772
2015.09.24;04:00:00;0.68823;0.68392;0.68409;0.68525;10386
2015.09.24;08:00:00;0.68543;0.67849;0.67906;0.68409;21952
2015.09.24;12:00:00;0.67947;0.67511;0.67659;0.67903;24895
2015.09.24;16:00:00;0.68307;0.67553;0.68162;0.67658;28413
2015.09.24;20:00:00;0.68725;0.6809;0.68469;0.68162;13777
2015.09.25;00:00:00;0.68725;0.68053;0.6859;0.68431;11389
2015.09.25;04:00:00;0.68669;0.68414;0.68649;0.6859;10323
2015.09.25;08:00:00;0.69067;0.68588;0.68976;0.68649;22795
2015.09.25;12:00:00;0.68984;0.68243;0.68638;0.68976;20356
2015.09.25;16:00:00;0.6879;0.68291;0.6874;0.68638;23783
2015.09.25;20:00:00;0.68937;0.68589;0.68736;0.68738;7985
2015.09.28;00:00:00;0.68816;0.68542;0.68773;0.68622;6869
2015.09.28;04:00:00;0.68884;0.68711;0.68766;0.68774;6886
2015.09.28;08:00:00;0.69032;0.6861;0.68805;0.68767;18266
2015.09.28;12:00:00;0.68824;0.68399;0.68543;0.68803;17859
2015.09.28;16:00:00;0.6855;0.68034;0.68073;0.68546;24194
2015.09.28;20:00:00;0.68205;0.67952;0.68013;0.68073;9590
2015.09.29;00:00:00;0.6802;0.67695;0.67707;0.68015;6649
2015.09.29;04:00:00;0.67728;0.67483;0.67515;0.67704;9193
2015.09.29;08:00:00;0.67896;0.67233;0.67809;0.67515;25978
2015.09.29;12:00:00;0.68146;0.67607;0.68105;0.6781;21335
2015.09.29;16:00:00;0.68226;0.67705;0.67813;0.68106;28046
2015.09.29;20:00:00;0.68021;0.67691;0.67812;0.67812;14635
2015.09.30;00:00:00;0.6816;0.67706;0.68087;0.67819;5999
2015.09.30;04:00:00;0.68177;0.67927;0.68136;0.68087;9665
2015.09.30;08:00:00;0.68508;0.68;0.68456;0.68137;23525
2015.09.30;12:00:00;0.68515;0.6831;0.68465;0.68458;19789
2015.09.30;16:00:00;0.68659;0.68324;0.68355;0.68465;30597
2015.09.30;20:00:00;0.68453;0.68248;0.68248;0.68355;13989
2015.10.01;00:00:00;0.68389;0.68143;0.68323;0.6825;6496
2015.10.01;04:00:00;0.68884;0.68317;0.68858;0.68323;11898
2015.10.01;08:00:00;0.69122;0.68783;0.69056;0.68859;17300
2015.10.01;12:00:00;0.69258;0.68985;0.69007;0.69056;20693
2015.10.01;16:00:00;0.69166;0.68449;0.68626;0.69006;27640
2015.10.01;20:00:00;0.68732;0.68539;0.68636;0.68628;12848
2015.10.02;00:00:00;0.68842;0.68611;0.68734;0.68636;7417
2015.10.02;04:00:00;0.68899;0.6848;0.68688;0.68737;9024
2015.10.02;08:00:00;0.6894;0.68682;0.68771;0.68692;13963
2015.10.02;12:00:00;0.68825;0.67872;0.67924;0.68769;21011
2015.10.02;16:00:00;0.68344;0.67577;0.68174;0.67918;32611
2015.10.02;20:00:00;0.68527;0.68142;0.68429;0.68169;12262
2015.10.05;00:00:00;0.68578;0.68381;0.68448;0.68474;6513
2015.10.05;04:00:00;0.68667;0.68446;0.68538;0.68448;7819
2015.10.05;08:00:00;0.68876;0.68481;0.68802;0.68536;23313
2015.10.05;12:00:00;0.69078;0.68761;0.68971;0.68804;24189
2015.10.05;16:00:00;0.69138;0.68742;0.69056;0.68971;26085
2015.10.05;20:00:00;0.69271;0.69019;0.69047;0.69054;8616
2015.10.06;00:00:00;0.69148;0.6892;0.69052;0.69048;7483
2015.10.06;04:00:00;0.69616;0.69032;0.69593;0.69051;12442
2015.10.06;08:00:00;0.69593;0.69139;0.69293;0.69593;21244
2015.10.06;12:00:00;0.69454;0.69125;0.69312;0.69293;20279
2015.10.06;16:00:00;0.69486;0.69044;0.69242;0.69314;27641
2015.10.06;20:00:00;0.69339;0.69099;0.69229;0.69242;10629
2015.10.07;00:00:00;0.69283;0.69132;0.6919;0.6923;6709
2015.10.07;04:00:00;0.69428;0.6918;0.69358;0.69189;10004
2015.10.07;08:00:00;0.69834;0.69322;0.69591;0.69358;22600
2015.10.07;12:00:00;0.69945;0.69572;0.69807;0.6959;22121
2015.10.07;16:00:00;0.70316;0.6979;0.70135;0.69806;30295
2015.10.07;20:00:00;0.70261;0.6997;0.70135;0.70136;13267
2015.10.08;00:00:00;0.7017;0.69953;0.70092;0.70135;7135
2015.10.08;04:00:00;0.702;0.69662;0.6973;0.70094;10491
2015.10.08;08:00:00;0.69796;0.69281;0.6946;0.69734;20378
2015.10.08;12:00:00;0.69914;0.69422;0.69719;0.6946;22104
2015.10.08;16:00:00;0.69976;0.69578;0.6987;0.6972;24150
2015.10.08;20:00:00;0.70215;0.69769;0.70091;0.6987;19866
2015.10.09;00:00:00;0.70261;0.69837;0.70134;0.70047;9158
2015.10.09;04:00:00;0.70388;0.70128;0.70335;0.70134;10307
2015.10.09;08:00:00;0.70508;0.70083;0.70417;0.70335;24684
2015.10.09;12:00:00;0.70571;0.7025;0.70308;0.70417;26939
2015.10.09;16:00:00;0.70611;0.70258;0.70348;0.70308;26030
2015.10.09;20:00:00;0.70552;0.70298;0.70459;0.70348;7553
2015.10.12;00:00:00;0.70418;0.70212;0.70337;0.7028;10022
2015.10.12;04:00:00;0.70562;0.70322;0.70454;0.70336;8944
2015.10.12;08:00:00;0.70842;0.70389;0.70752;0.70454;14932
2015.10.12;12:00:00;0.70869;0.70626;0.70775;0.70752;15084
2015.10.12;16:00:00;0.70945;0.70508;0.70833;0.70775;19283
2015.10.12;20:00:00;0.70919;0.70765;0.70852;0.7083;7882
2015.10.13;00:00:00;0.70859;0.70639;0.70649;0.70855;6712
2015.10.13;04:00:00;0.70839;0.70282;0.70442;0.70645;9498
2015.10.13;08:00:00;0.70488;0.69939;0.70092;0.70442;20309
2015.10.13;12:00:00;0.70206;0.69729;0.69818;0.7009;20886
2015.10.13;16:00:00;0.70104;0.69537;0.69688;0.69818;25146
2015.10.13;20:00:00;0.69698;0.69355;0.69361;0.69687;11385
2015.10.14;00:00:00;0.69382;0.68914;0.69105;0.69364;11256
2015.10.14;04:00:00;0.69355;0.6893;0.69187;0.69103;10978
2015.10.14;08:00:00;0.69622;0.69061;0.6947;0.69188;20635
2015.10.14;12:00:00;0.69468;0.69087;0.69285;0.69468;21036
2015.10.14;16:00:00;0.695;0.68942;0.69095;0.69285;27630
2015.10.14;20:00:00;0.69428;0.68942;0.69251;0.69096;13506
2015.10.15;00:00:00;0.69717;0.69253;0.69337;0.69253;10442
2015.10.15;04:00:00;0.69778;0.69292;0.69463;0.69338;13644
2015.10.15;08:00:00;0.69939;0.69371;0.69668;0.69462;23513
2015.10.15;12:00:00;0.69855;0.69325;0.6954;0.69667;22684
2015.10.15;16:00:00;0.69747;0.69395;0.6962;0.6954;31329
2015.10.15;20:00:00;0.69852;0.69569;0.69571;0.69616;10107
2015.10.16;00:00:00;0.6977;0.69409;0.69485;0.69565;8765
2015.10.16;04:00:00;0.69518;0.69275;0.693;0.69485;9103
2015.10.16;08:00:00;0.6955;0.69204;0.69425;0.69299;16279
2015.10.16;12:00:00;0.69494;0.69021;0.69248;0.69424;20018
2015.10.16;16:00:00;0.69281;0.69023;0.69097;0.69247;21850
2015.10.16;20:00:00;0.69393;0.69092;0.69245;0.69099;8930
2015.10.19;00:00:00;0.69298;0.6899;0.69048;0.69065;6203
2015.10.19;04:00:00;0.69588;0.68995;0.69398;0.69048;9586
2015.10.19;08:00:00;0.69636;0.69248;0.69484;0.69398;16079
2015.10.19;12:00:00;0.69842;0.69355;0.69371;0.69484;19866
2015.10.19;16:00:00;0.69458;0.69265;0.69405;0.69372;20243
2015.10.19;20:00:00;0.6942;0.69216;0.69279;0.69404;5891
2015.10.20;00:00:00;0.69557;0.69191;0.69423;0.69279;6472
2015.10.20;04:00:00;0.69505;0.69277;0.69489;0.69422;5687
2015.10.20;08:00:00;0.69639;0.69169;0.69169;0.69488;14099
2015.10.20;12:00:00;0.69419;0.69124;0.69326;0.69169;17551
2015.10.20;16:00:00;0.69467;0.69185;0.69344;0.69325;19653
2015.10.20;20:00:00;0.6945;0.69274;0.69386;0.69344;5630
2015.10.21;00:00:00;0.69516;0.69341;0.69446;0.69381;7392
2015.10.21;04:00:00;0.69511;0.69386;0.69466;0.69447;6970
2015.10.21;08:00:00;0.69465;0.68711;0.68923;0.69465;19735
2015.10.21;12:00:00;0.69395;0.68928;0.68995;0.6893;14999
2015.10.21;16:00:00;0.69181;0.68918;0.69142;0.68996;20872
2015.10.21;20:00:00;0.69268;0.69066;0.69141;0.69142;9312
2015.10.22;00:00:00;0.69246;0.69092;0.69221;0.69144;5657
2015.10.22;04:00:00;0.69438;0.68881;0.6911;0.69221;9901
2015.10.22;08:00:00;0.69381;0.6898;0.69362;0.69112;17785
2015.10.22;12:00:00;0.6987;0.69271;0.69797;0.69364;22174
2015.10.22;16:00:00;0.70287;0.69753;0.70066;0.69796;30360
2015.10.22;20:00:00;0.70202;0.69972;0.70106;0.7007;9568
2015.10.23;00:00:00;0.70396;0.70035;0.70346;0.70106;11297
2015.10.23;04:00:00;0.70583;0.70336;0.70541;0.70347;10338
2015.10.23;08:00:00;0.7095;0.70497;0.70663;0.7054;21739
2015.10.23;12:00:00;0.7118;0.70544;0.70613;0.70661;26952
2015.10.23;16:00:00;0.70625;0.70251;0.70613;0.70613;28680
2015.10.23;20:00:00;0.70689;0.70571;0.70612;0.70614;7930
2015.10.25;23:00:00;0.70657;0.70525;0.7057;0.70527;418
2015.10.26;00:00:00;0.70881;0.70537;0.70802;0.7057;6269
2015.10.26;04:00:00;0.70952;0.70725;0.70791;0.70802;8514
2015.10.26;08:00:00;0.7106;0.70738;0.7106;0.70791;18009
2015.10.26;12:00:00;0.71364;0.70995;0.71193;0.71058;20824
2015.10.26;16:00:00;0.71334;0.71061;0.71257;0.71194;21636
2015.10.26;20:00:00;0.71336;0.71126;0.71156;0.71257;8767
2015.10.27;00:00:00;0.71267;0.71148;0.71245;0.71159;6989
2015.10.27;04:00:00;0.71243;0.70909;0.70982;0.71243;8195
2015.10.27;08:00:00;0.71355;0.70982;0.7129;0.70982;17633
2015.10.27;12:00:00;0.71375;0.71039;0.71127;0.7129;22455
2015.10.27;16:00:00;0.71281;0.70857;0.70985;0.71116;22808
2015.10.27;20:00:00;0.71057;0.7083;0.70986;0.70986;9861
2015.10.28;00:00:00;0.71069;0.70216;0.70236;0.70986;16327
2015.10.28;04:00:00;0.70316;0.70112;0.70203;0.70236;8039
2015.10.28;08:00:00;0.70354;0.70072;0.7008;0.70202;17682
2015.10.28;12:00:00;0.70221;0.70005;0.7015;0.7008;20978
2015.10.28;16:00:00;0.7044;0.70094;0.7018;0.70149;23393
2015.10.28;20:00:00;0.70751;0.70047;0.70562;0.7018;28284
2015.10.29;00:00:00;0.70688;0.70478;0.70662;0.70553;9285
2015.10.29;04:00:00;0.70707;0.70516;0.70572;0.70663;7308
2015.10.29;08:00:00;0.70686;0.70137;0.70186;0.70573;22935
2015.10.29;12:00:00;0.70329;0.70066;0.70156;0.70185;26000
2015.10.29;16:00:00;0.70252;0.70047;0.70082;0.70156;21709
2015.10.29;20:00:00;0.70114;0.69904;0.69998;0.70082;9408
2015.10.30;00:00:00;0.70306;0.69985;0.70241;0.70002;9118
2015.10.30;04:00:00;0.70427;0.70192;0.70297;0.7024;12801
2015.10.30;08:00:00;0.70501;0.70004;0.70106;0.70297;20392
2015.10.30;12:00:00;0.70297;0.70036;0.70066;0.70106;23741
2015.10.30;16:00:00;0.70539;0.70007;0.70463;0.70071;25925
2015.10.30;20:00:00;0.70515;0.70405;0.70458;0.70462;7150
2015.11.02;00:00:00;0.70529;0.70027;0.70456;0.70068;10418
2015.11.02;04:00:00;0.70545;0.70409;0.70433;0.70457;6257
2015.11.02;08:00:00;0.70595;0.70351;0.70465;0.70434;19823
2015.11.02;12:00:00;0.70518;0.703;0.70317;0.70465;18911
2015.11.02;16:00:00;0.70434;0.70251;0.70368;0.70317;20908
2015.11.02;20:00:00;0.70548;0.70295;0.70441;0.70368;7847
2015.11.03;00:00:00;0.70772;0.70406;0.70679;0.70444;9086
2015.11.03;04:00:00;0.71156;0.70202;0.7101;0.70678;13782
2015.11.03;08:00:00;0.71156;0.7088;0.7098;0.7101;17512
2015.11.03;12:00:00;0.71095;0.709;0.7099;0.70982;18080
2015.11.03;16:00:00;0.71267;0.70915;0.71241;0.70991;24476
2015.11.03;20:00:00;0.71336;0.71135;0.71163;0.71242;10167
2015.11.04;00:00:00;0.71448;0.71102;0.71434;0.71163;12299
2015.11.04;04:00:00;0.71644;0.71372;0.7146;0.71438;9742
2015.11.04;08:00:00;0.71589;0.71157;0.71242;0.71461;19590
2015.11.04;12:00:00;0.71256;0.70953;0.70955;0.71242;19316
2015.11.04;16:00:00;0.71132;0.70904;0.71108;0.70955;28661
2015.11.04;20:00:00;0.71106;0.70949;0.70965;0.71106;9262
2015.11.05;00:00:00;0.70987;0.70769;0.70911;0.70967;9634
2015.11.05;04:00:00;0.71041;0.70885;0.70973;0.7091;8012
2015.11.05;08:00:00;0.71165;0.70911;0.71055;0.70973;21642
2015.11.05;12:00:00;0.71278;0.71008;0.71267;0.71049;24980
2015.11.05;16:00:00;0.71447;0.71075;0.71252;0.71268;26726
2015.11.05;20:00:00;0.71251;0.71039;0.71049;0.71251;9955
2015.11.06;00:00:00;0.71218;0.71005;0.71074;0.71053;8598
2015.11.06;04:00:00;0.71148;0.71027;0.71113;0.71073;6734
2015.11.06;08:00:00;0.71313;0.71102;0.71176;0.71114;18070
2015.11.06;12:00:00;0.713;0.70917;0.71063;0.7118;23853
2015.11.06;16:00:00;0.71062;0.70615;0.70706;0.71062;34532
2015.11.06;20:00:00;0.70914;0.70691;0.70709;0.70706;10963
2015.11.09;00:00:00;0.70851;0.70537;0.70851;0.7059;9779
2015.11.09;04:00:00;0.70908;0.7073;0.70905;0.70853;9360
2015.11.09;08:00:00;0.70916;0.70469;0.70783;0.70905;19982
2015.11.09;12:00:00;0.70934;0.70739;0.70854;0.70782;22515
2015.11.09;16:00:00;0.70896;0.70532;0.70592;0.70853;27438
2015.11.09;20:00:00;0.70761;0.70559;0.70652;0.70596;7911
2015.11.10;00:00:00;0.70768;0.70615;0.70758;0.70658;9495
2015.11.10;04:00:00;0.70842;0.70693;0.70795;0.70757;8120
2015.11.10;08:00:00;0.7092;0.70698;0.70785;0.70794;21466
2015.11.10;12:00:00;0.70929;0.70687;0.70826;0.70785;24685
2015.11.10;16:00:00;0.70891;0.70675;0.70818;0.70826;25323
2015.11.10;20:00:00;0.70847;0.70631;0.70722;0.70819;9337
2015.11.11;00:00:00;0.70934;0.70662;0.70877;0.70721;12243
2015.11.11;04:00:00;0.70994;0.70813;0.7089;0.70876;11793
2015.11.11;08:00:00;0.70951;0.70826;0.7092;0.70888;20582
2015.11.11;12:00:00;0.7105;0.70793;0.71008;0.7092;19531
2015.11.11;16:00:00;0.71068;0.70732;0.70871;0.71011;20260
2015.11.11;20:00:00;0.70957;0.70822;0.70882;0.70871;7105
2015.11.12;00:00:00;0.71716;0.70832;0.7164;0.70886;16377
2015.11.12;04:00:00;0.71674;0.71528;0.71592;0.7164;10676
2015.11.12;08:00:00;0.71932;0.7155;0.71601;0.71592;26503
2015.11.12;12:00:00;0.71732;0.71316;0.71358;0.716;23256
2015.11.12;16:00:00;0.71384;0.71088;0.71216;0.71358;34655
2015.11.12;20:00:00;0.71375;0.71212;0.71224;0.71218;11619
2015.11.13;00:00:00;0.71439;0.71201;0.71407;0.71226;12029
2015.11.13;04:00:00;0.71481;0.71358;0.71425;0.71405;8294
2015.11.13;08:00:00;0.71649;0.71356;0.71565;0.71428;19934
2015.11.13;12:00:00;0.71655;0.71386;0.71555;0.71565;26371
2015.11.13;16:00:00;0.71877;0.7144;0.71823;0.71555;27969
2015.11.13;20:00:00;0.71854;0.71641;0.7165;0.71823;8848
2015.11.16;00:00:00;0.71714;0.71489;0.71575;0.71633;13421
2015.11.16;04:00:00;0.71695;0.71554;0.71604;0.71576;6188
2015.11.16;08:00:00;0.71758;0.71529;0.71644;0.71605;21724
2015.11.16;12:00:00;0.71664;0.71331;0.71422;0.71644;20164
2015.11.16;16:00:00;0.71578;0.71305;0.71528;0.71423;23961
2015.11.16;20:00:00;0.71678;0.71522;0.71615;0.7153;7751
2015.11.17;00:00:00;0.71742;0.71516;0.71723;0.71629;12627
2015.11.17;04:00:00;0.71723;0.7156;0.71628;0.71723;8640
2015.11.17;08:00:00;0.71859;0.71535;0.71853;0.71627;21946
2015.11.17;12:00:00;0.72271;0.71786;0.72248;0.71852;24305
2015.11.17;16:00:00;0.72363;0.72126;0.72282;0.72247;28797
2015.11.17;20:00:00;0.72321;0.72116;0.72133;0.72282;11356
2015.11.18;00:00:00;0.72152;0.71977;0.71986;0.72122;9819
2015.11.18;04:00:00;0.72206;0.71986;0.72093;0.71986;8578
2015.11.18;08:00:00;0.72128;0.71935;0.72062;0.72093;19374
2015.11.18;12:00:00;0.72178;0.72011;0.7216;0.72061;19858
2015.11.18;16:00:00;0.72288;0.72088;0.72141;0.7216;24654
2015.11.18;20:00:00;0.72525;0.72108;0.72473;0.72142;17544
2015.11.19;00:00:00;0.72775;0.7239;0.72743;0.72475;15694
2015.11.19;04:00:00;0.72882;0.72682;0.72792;0.72742;11535
2015.11.19;08:00:00;0.73054;0.72702;0.72997;0.72789;23333
2015.11.19;12:00:00;0.73047;0.72825;0.72893;0.72996;24344
2015.11.19;16:00:00;0.7316;0.72777;0.73002;0.72894;32896
2015.11.19;20:00:00;0.73022;0.72788;0.72821;0.73002;9799
2015.11.20;00:00:00;0.72983;0.72767;0.7291;0.72825;12599
2015.11.20;04:00:00;0.7306;0.72821;0.72907;0.72911;9437
2015.11.20;08:00:00;0.73203;0.72858;0.73155;0.72907;24853
2015.11.20;12:00:00;0.73441;0.73081;0.73383;0.73155;21289
2015.11.20;16:00:00;0.73769;0.73341;0.73745;0.73385;27956
2015.11.20;20:00:00;0.73809;0.73646;0.7368;0.73743;11124
2015.11.23;00:00:00;0.73717;0.73293;0.73398;0.73526;11495
2015.11.23;04:00:00;0.73402;0.73109;0.73226;0.73398;12557
2015.11.23;08:00:00;0.73281;0.73009;0.73098;0.73226;21923
2015.11.23;12:00:00;0.73497;0.73087;0.73298;0.73098;24965
2015.11.23;16:00:00;0.73383;0.73245;0.73346;0.73297;27782
2015.11.23;20:00:00;0.73383;0.7317;0.73176;0.73347;8507
2015.11.24;00:00:00;0.73293;0.73151;0.73254;0.73179;11466
2015.11.24;04:00:00;0.73334;0.73174;0.73312;0.73253;8986
2015.11.24;08:00:00;0.73515;0.73115;0.73465;0.73312;23455
2015.11.24;12:00:00;0.73511;0.73241;0.73311;0.73464;28070
2015.11.24;16:00:00;0.73622;0.73309;0.73475;0.73309;28811
2015.11.24;20:00:00;0.73775;0.7346;0.73729;0.73476;11606
2015.11.25;00:00:00;0.73948;0.73687;0.73734;0.73722;12576
2015.11.25;04:00:00;0.73934;0.73718;0.73907;0.73734;11278
2015.11.25;08:00:00;0.74064;0.7373;0.73965;0.73906;28149
2015.11.25;12:00:00;0.74187;0.73942;0.7401;0.73965;32141
2015.11.25;16:00:00;0.74225;0.73959;0.74007;0.74007;28320
2015.11.25;20:00:00;0.74204;0.73953;0.74047;0.74007;10351
2015.11.26;00:00:00;0.74178;0.73756;0.73878;0.74002;12550
2015.11.26;04:00:00;0.74043;0.73867;0.73942;0.73878;7889
2015.11.26;08:00:00;0.73993;0.73796;0.73814;0.73942;20469
2015.11.26;12:00:00;0.74043;0.73656;0.73979;0.73813;20564
2015.11.26;16:00:00;0.74075;0.73896;0.74022;0.73979;13614
2015.11.26;20:00:00;0.74117;0.73934;0.73965;0.74022;25406
2015.11.27;00:00:00;0.74038;0.73823;0.73942;0.73965;9143
2015.11.27;04:00:00;0.74039;0.73877;0.74001;0.73942;8401
2015.11.27;08:00:00;0.74152;0.73639;0.7414;0.74003;26790
2015.11.27;12:00:00;0.74347;0.74034;0.74153;0.74138;27680
2015.11.27;16:00:00;0.74184;0.73993;0.74032;0.74153;24254
2015.11.27;20:00:00;0.74073;0.73973;0.73995;0.74034;5958
2015.11.30;00:00:00;0.74082;0.73882;0.74031;0.74053;8699
2015.11.30;04:00:00;0.74139;0.7397;0.74139;0.74031;9080
2015.11.30;08:00:00;0.74286;0.74092;0.74184;0.7414;22460
2015.11.30;12:00:00;0.74489;0.74145;0.74474;0.74186;23861
2015.11.30;16:00:00;0.74526;0.74281;0.74286;0.74473;28397
2015.11.30;20:00:00;0.74429;0.74253;0.74324;0.74287;12020
2015.12.01;00:00:00;0.74705;0.74263;0.74618;0.74324;12107
2015.12.01;04:00:00;0.74756;0.74417;0.74448;0.74617;15554
2015.12.01;08:00:00;0.7501;0.74406;0.74932;0.74447;25960
2015.12.01;12:00:00;0.75055;0.74828;0.74912;0.74931;22602
2015.12.01;16:00:00;0.75387;0.74879;0.75319;0.74916;32760
2015.12.01;20:00:00;0.75371;0.75061;0.75092;0.75321;14386
2015.12.02;00:00:00;0.75353;0.75012;0.75078;0.75094;13439
2015.12.02;04:00:00;0.75126;0.74996;0.75033;0.75079;11288
2015.12.02;08:00:00;0.75212;0.74938;0.75201;0.75033;23667
2015.12.02;12:00:00;0.7539;0.75044;0.75131;0.75203;26860
2015.12.02;16:00:00;0.75471;0.74676;0.74775;0.7513;36746
2015.12.02;20:00:00;0.74807;0.7434;0.7439;0.74776;20572
2015.12.03;00:00:00;0.74446;0.74189;0.74306;0.74395;13127
2015.12.03;04:00:00;0.74696;0.74292;0.74682;0.74306;12408
2015.12.03;08:00:00;0.75031;0.74577;0.74957;0.74681;24263
2015.12.03;12:00:00;0.75197;0.73703;0.73933;0.74958;41709
2015.12.03;16:00:00;0.74141;0.72954;0.73166;0.7393;44820
2015.12.03;20:00:00;0.73194;0.72556;0.72889;0.73166;27288
2015.12.04;00:00:00;0.72948;0.7272;0.72807;0.72891;14202
2015.12.04;04:00:00;0.7284;0.72509;0.72598;0.72806;12184
2015.12.04;08:00:00;0.73229;0.72543;0.73132;0.72595;32283
2015.12.04;12:00:00;0.73268;0.72818;0.73103;0.73135;37680
2015.12.04;16:00:00;0.7363;0.73028;0.73443;0.73102;51449
2015.12.04;20:00:00;0.7355;0.73023;0.7303;0.73444;17377
2015.12.07;00:00:00;0.73198;0.73005;0.73138;0.73165;10878
2015.12.07;04:00:00;0.73262;0.7312;0.73171;0.7314;9556
2015.12.07;08:00:00;0.73303;0.73059;0.73125;0.7317;22585
2015.12.07;12:00:00;0.73194;0.72817;0.72909;0.73123;23556
2015.12.07;16:00:00;0.73024;0.72695;0.72735;0.72908;31783
2015.12.07;20:00:00;0.72781;0.72573;0.72646;0.72734;16838
2015.12.08;00:00:00;0.7274;0.72513;0.72641;0.72647;8949
2015.12.08;04:00:00;0.72648;0.72144;0.72158;0.72642;11537
2015.12.08;08:00:00;0.72388;0.7184;0.71921;0.72158;25602
2015.12.08;12:00:00;0.72061;0.71365;0.7143;0.71927;29553
2015.12.08;16:00:00;0.71847;0.71374;0.71571;0.71427;29485
2015.12.08;20:00:00;0.71649;0.71454;0.71565;0.71572;14559
2015.12.09;00:00:00;0.71892;0.71562;0.71748;0.71562;8191
2015.12.09;04:00:00;0.71748;0.7152;0.71601;0.71747;10448
2015.12.09;08:00:00;0.71784;0.71102;0.71225;0.71601;24122
2015.12.09;12:00:00;0.71469;0.71109;0.7128;0.71224;24296
2015.12.09;16:00:00;0.71643;0.70893;0.70902;0.71276;40185
2015.12.09;20:00:00;0.71217;0.70823;0.71021;0.70903;28220
2015.12.10;00:00:00;0.72151;0.70987;0.7187;0.71021;18284
2015.12.10;04:00:00;0.71872;0.71681;0.71735;0.7187;9242
2015.12.10;08:00:00;0.72077;0.71642;0.71979;0.71735;23685
2015.12.10;12:00:00;0.72212;0.71832;0.71869;0.7198;30049
2015.12.10;16:00:00;0.72275;0.71866;0.72141;0.7187;30010
2015.12.10;20:00:00;0.72172;0.71845;0.71888;0.72145;11779
2015.12.11;00:00:00;0.71934;0.71654;0.71705;0.7189;7014
2015.12.11;04:00:00;0.71736;0.71519;0.71571;0.71705;7501
2015.12.11;08:00:00;0.71713;0.71264;0.71386;0.71573;22229
2015.12.11;12:00:00;0.7152;0.71138;0.71221;0.71388;31708
2015.12.11;16:00:00;0.71234;0.70449;0.7068;0.7122;42216
2015.12.11;20:00:00;0.70807;0.70532;0.70559;0.70682;16918
2015.12.14;00:00:00;0.7085;0.70444;0.70647;0.70839;12413
2015.12.14;04:00:00;0.70985;0.70585;0.70913;0.70648;9566
2015.12.14;08:00:00;0.71228;0.70858;0.71108;0.70911;22592
2015.12.14;12:00:00;0.71112;0.70549;0.7104;0.71107;32380
2015.12.14;16:00:00;0.71431;0.70902;0.7137;0.7104;40266
2015.12.14;20:00:00;0.71422;0.71209;0.71315;0.71368;16364
2015.12.15;00:00:00;0.71507;0.71263;0.71333;0.71316;11926
2015.12.15;04:00:00;0.71611;0.71181;0.71218;0.71334;10374
2015.12.15;08:00:00;0.71292;0.70858;0.71146;0.71219;25685
2015.12.15;12:00:00;0.71469;0.71104;0.71249;0.71145;31847
2015.12.15;16:00:00;0.71264;0.70909;0.71207;0.71246;35766
2015.12.15;20:00:00;0.71209;0.71208;0.71209;0.71208;3
