DATE;TIME;HIGH;LOW;CLOSE;OPEN;VOLUME
2015.04.27;12:00:00;93.252;93.049;93.225;93.076;25814
2015.04.27;16:00:00;93.756;93.21;93.442;93.226;31536
2015.04.27;20:00:00;93.573;93.389;93.503;93.442;15648
2015.04.28;00:00:00;93.744;93.305;93.66;93.503;12096
2015.04.28;04:00:00;93.728;93.584;93.678;93.661;12886
2015.04.28;08:00:00;94.037;93.666;93.987;93.677;27327
2015.04.28;12:00:00;94.703;93.964;94.657;93.987;32076
2015.04.28;16:00:00;95.249;94.648;95.218;94.658;36033
2015.04.28;20:00:00;95.398;95.169;95.331;95.218;15914
2015.04.29;00:00:00;95.356;94.89;95.154;95.304;12879
2015.04.29;04:00:00;95.154;94.831;94.904;95.154;15127
2015.04.29;08:00:00;95.218;94.886;95.172;94.905;26530
2015.04.29;12:00:00;95.562;95.159;95.485;95.172;34851
2015.04.29;16:00:00;95.928;95.442;95.619;95.486;49974
2015.04.29;20:00:00;95.695;95.257;95.265;95.618;33014
2015.04.30;00:00:00;95.348;95.013;95.341;95.246;16968
2015.04.30;04:00:00;95.384;94.642;94.824;95.344;25013
2015.04.30;08:00:00;94.828;94.345;94.354;94.826;41139
2015.04.30;12:00:00;94.403;93.975;94.224;94.354;38117
2015.04.30;16:00:00;94.448;94.046;94.448;94.225;44681
2015.04.30;20:00:00;94.559;94.291;94.334;94.448;23888
2015.05.01;00:00:00;94.508;94.296;94.403;94.323;11724
2015.05.01;04:00:00;94.482;94.213;94.345;94.41;12619
2015.05.01;08:00:00;94.643;94.154;94.464;94.345;20230
2015.05.01;12:00:00;94.566;94.058;94.19;94.465;24082
2015.05.01;16:00:00;94.352;93.798;93.997;94.189;39042
2015.05.01;20:00:00;94.28;93.987;94.276;93.998;14008
2015.05.04;00:00:00;94.262;93.797;93.835;94.107;9544
2015.05.04;04:00:00;94.093;93.708;93.912;93.836;13879
2015.05.04;08:00:00;94.133;93.849;94.036;93.911;21810
2015.05.04;12:00:00;94.245;94.006;94.143;94.036;22068
2015.05.04;16:00:00;94.29;94.069;94.25;94.142;20751
2015.05.04;20:00:00;94.276;94.07;94.107;94.251;9110
2015.05.05;00:00:00;94.239;94.069;94.126;94.107;8234
2015.05.05;04:00:00;94.938;93.551;94.839;94.125;18436
2015.05.05;08:00:00;95.024;94.424;94.685;94.838;33275
2015.05.05;12:00:00;95.051;94.586;94.948;94.684;30406
2015.05.05;16:00:00;95.376;94.895;95.213;94.95;39990
2015.05.05;20:00:00;95.332;95.054;95.135;95.215;15651
2015.05.06;00:00:00;95.242;94.956;95.195;95.131;14228
2015.05.06;04:00:00;95.598;95.062;95.539;95.194;17160
2015.05.06;08:00:00;95.632;95.285;95.528;95.54;33347
2015.05.06;12:00:00;95.918;95.454;95.768;95.527;35126
2015.05.06;16:00:00;95.856;95.331;95.341;95.77;38239
2015.05.06;20:00:00;95.395;94.986;95.161;95.342;17398
2015.05.07;00:00:00;95.277;94.928;95.051;95.161;15982
2015.05.07;04:00:00;95.622;94.645;95.299;95.052;24261
2015.05.07;08:00:00;95.495;94.616;94.794;95.293;32530
2015.05.07;12:00:00;94.973;94.572;94.939;94.795;37948
2015.05.07;16:00:00;94.991;94.488;94.688;94.94;33066
2015.05.07;20:00:00;94.713;94.537;94.64;94.688;14275
2015.05.08;00:00:00;94.776;94.451;94.603;94.637;15565
2015.05.08;04:00:00;94.958;94.294;94.821;94.602;23650
2015.05.08;08:00:00;95.11;94.631;94.956;94.821;29428
2015.05.08;12:00:00;95.215;94.626;95.042;94.956;31379
2015.05.08;16:00:00;95.299;94.509;94.797;95.048;38780
2015.05.08;20:00:00;95;94.772;95;94.796;13209
2015.05.11;00:00:00;94.978;94.711;94.756;94.823;14158
2015.05.11;04:00:00;94.783;94.44;94.587;94.756;18531
2015.05.11;08:00:00;94.846;94.517;94.752;94.59;25423
2015.05.11;12:00:00;94.827;94.548;94.796;94.752;21372
2015.05.11;16:00:00;95.002;94.668;94.826;94.797;26896
2015.05.11;20:00:00;94.998;94.716;94.719;94.827;10475
2015.05.12;00:00:00;94.896;94.703;94.766;94.721;11566
2015.05.12;04:00:00;95.281;94.721;95.247;94.765;16189
2015.05.12;08:00:00;95.494;95.188;95.493;95.247;31661
2015.05.12;12:00:00;95.901;95.391;95.676;95.493;32364
2015.05.12;16:00:00;95.744;95.465;95.634;95.674;29133
2015.05.12;20:00:00;95.908;95.538;95.578;95.635;13257
2015.05.13;00:00:00;95.92;95.257;95.706;95.578;14507
2015.05.13;04:00:00;95.814;95.417;95.591;95.704;19087
2015.05.13;08:00:00;95.922;95.478;95.834;95.591;24674
2015.05.13;12:00:00;96.572;95.726;96.506;95.832;33683
2015.05.13;16:00:00;96.756;96.343;96.581;96.507;35468
2015.05.13;20:00:00;96.721;96.432;96.636;96.581;13427
2015.05.14;00:00:00;96.912;96.494;96.852;96.636;14814
2015.05.14;04:00:00;97.275;96.759;96.793;96.851;19498
2015.05.14;08:00:00;96.886;96.113;96.236;96.792;31635
2015.05.14;12:00:00;96.72;96.224;96.645;96.236;28054
2015.05.14;16:00:00;96.803;96.145;96.364;96.642;30617
2015.05.14;20:00:00;96.365;96.139;96.25;96.365;12969
2015.05.15;00:00:00;96.418;95.935;96.085;96.231;14767
2015.05.15;04:00:00;96.288;96.062;96.151;96.086;18116
2015.05.15;08:00:00;96.31;95.788;95.806;96.151;30430
2015.05.15;12:00:00;96.091;95.802;95.877;95.807;26150
2015.05.15;16:00:00;96.162;95.746;95.973;95.878;34518
2015.05.15;20:00:00;96;95.865;95.95;95.972;11492
2015.05.18;00:00:00;96.072;95.62;95.802;95.771;13592
2015.05.18;04:00:00;95.983;95.755;95.934;95.802;15691
2015.05.18;08:00:00;96.038;95.62;95.859;95.932;26011
2015.05.18;12:00:00;95.91;95.663;95.689;95.86;25512
2015.05.18;16:00:00;95.99;95.619;95.837;95.689;28147
2015.05.18;20:00:00;95.96;95.693;95.823;95.838;14513
2015.05.19;00:00:00;95.912;95.725;95.748;95.828;13146
2015.05.19;04:00:00;95.946;95.423;95.827;95.753;18754
2015.05.19;08:00:00;96.04;95.598;95.652;95.825;32616
2015.05.19;12:00:00;95.823;95.432;95.5;95.653;28452
2015.05.19;16:00:00;95.625;95.362;95.397;95.501;34958
2015.05.19;20:00:00;95.563;95.387;95.482;95.398;15126
2015.05.20;00:00:00;95.622;95.45;95.607;95.483;16429
2015.05.20;04:00:00;95.868;95.569;95.769;95.605;16851
2015.05.20;08:00:00;95.844;95.373;95.438;95.769;32124
2015.05.20;12:00:00;95.575;95.374;95.511;95.437;27118
2015.05.20;16:00:00;95.604;95.246;95.552;95.512;32165
2015.05.20;20:00:00;95.73;95.422;95.517;95.552;28609
2015.05.21;00:00:00;95.565;95.351;95.488;95.498;13036
2015.05.21;04:00:00;95.711;95.436;95.701;95.49;18858
2015.05.21;08:00:00;95.743;95.448;95.584;95.7;29852
2015.05.21;12:00:00;95.596;95.356;95.37;95.583;28127
2015.05.21;16:00:00;95.521;95.309;95.458;95.37;31390
2015.05.21;20:00:00;95.547;95.381;95.501;95.457;17037
2015.05.22;00:00:00;95.686;95.483;95.655;95.502;15276
2015.05.22;04:00:00;95.743;95.571;95.641;95.657;20257
2015.05.22;08:00:00;95.745;95.361;95.392;95.647;21128
2015.05.22;12:00:00;95.462;95.071;95.21;95.393;30417
2015.05.22;16:00:00;95.215;94.953;95.043;95.208;30114
2015.05.22;20:00:00;95.188;94.926;95.134;95.039;14346
2015.05.25;00:00:00;95.146;94.898;95.001;95.025;13982
2015.05.25;04:00:00;95.273;95;95.217;95.002;17204
2015.05.25;08:00:00;95.235;95.045;95.182;95.217;20978
2015.05.25;12:00:00;95.225;95.066;95.083;95.182;13856
2015.05.25;16:00:00;95.147;95.02;95.071;95.084;11569
2015.05.25;20:00:00;95.107;95.015;95.061;95.072;15261
2015.05.26;00:00:00;95.175;95.029;95.142;95.063;14366
2015.05.26;04:00:00;95.44;95.13;95.398;95.143;14987
2015.05.26;08:00:00;95.725;95.277;95.537;95.398;38839
2015.05.26;12:00:00;95.745;95.484;95.533;95.537;33713
2015.05.26;16:00:00;95.591;95.136;95.155;95.532;38437
2015.05.26;20:00:00;95.239;95.07;95.189;95.155;16162
2015.05.27;00:00:00;95.303;95.09;95.266;95.184;9923
2015.05.27;04:00:00;95.413;95.175;95.362;95.264;19195
2015.05.27;08:00:00;95.483;95.117;95.278;95.361;31965
2015.05.27;12:00:00;95.592;95.172;95.212;95.277;35238
2015.05.27;16:00:00;95.509;95.145;95.482;95.215;37465
2015.05.27;20:00:00;95.66;95.418;95.538;95.479;18844
2015.05.28;00:00:00;95.776;95.448;95.776;95.448;14181
2015.05.28;04:00:00;95.981;95.043;95.27;95.776;30157
2015.05.28;08:00:00;95.39;94.886;95.067;95.27;37292
2015.05.28;12:00:00;95.119;94.747;94.808;95.068;33660
2015.05.28;16:00:00;94.927;94.59;94.636;94.808;37278
2015.05.28;20:00:00;94.897;94.557;94.775;94.636;19083
2015.05.29;00:00:00;94.87;94.582;94.693;94.768;17204
2015.05.29;04:00:00;94.879;94.603;94.847;94.693;19281
2015.05.29;08:00:00;94.995;94.638;94.737;94.845;28595
2015.05.29;12:00:00;94.863;94.648;94.724;94.736;32849
2015.05.29;16:00:00;95.122;94.639;94.965;94.726;37243
2015.05.29;20:00:00;95.042;94.809;94.854;94.967;10786
2015.06.01;00:00:00;95.022;94.705;94.944;94.706;12784
2015.06.01;04:00:00;95.071;94.763;94.989;94.952;18100
2015.06.01;08:00:00;95.157;94.808;94.857;94.989;25356
2015.06.01;12:00:00;94.858;94.586;94.738;94.858;27125
2015.06.01;16:00:00;94.969;94.623;94.92;94.739;35038
2015.06.01;20:00:00;94.968;94.846;94.87;94.918;14951
2015.06.02;00:00:00;95.191;94.864;95.136;94.872;17084
2015.06.02;04:00:00;95.757;95.056;95.634;95.137;25560
2015.06.02;08:00:00;95.957;95.603;95.679;95.634;33472
2015.06.02;12:00:00;96.051;95.576;95.813;95.678;36982
2015.06.02;16:00:00;96.467;95.803;96.425;95.815;45203
2015.06.02;20:00:00;96.563;96.329;96.427;96.424;19686
2015.06.03;00:00:00;96.502;96.232;96.338;96.431;17379
2015.06.03;04:00:00;96.875;96.306;96.55;96.338;23173
2015.06.03;08:00:00;96.773;96.529;96.637;96.549;32349
2015.06.03;12:00:00;96.753;96.587;96.685;96.636;32839
2015.06.03;16:00:00;96.971;96.644;96.798;96.683;40184
2015.06.03;20:00:00;96.803;96.58;96.719;96.798;14612
2015.06.04;00:00:00;96.725;96.538;96.613;96.714;14667
2015.06.04;04:00:00;96.697;95.956;96.194;96.612;21284
2015.06.04;08:00:00;96.199;95.754;96.117;96.194;39017
2015.06.04;12:00:00;96.284;95.913;95.994;96.119;33818
2015.06.04;16:00:00;96.026;95.402;95.668;95.996;35701
2015.06.04;20:00:00;95.683;95.4;95.58;95.667;18268
2015.06.05;00:00:00;95.722;95.45;95.716;95.561;18930
2015.06.05;04:00:00;95.892;95.665;95.82;95.718;15732
2015.06.05;08:00:00;96.011;95.703;95.98;95.82;28461
2015.06.05;12:00:00;96.332;95.709;95.718;95.981;30595
2015.06.05;16:00:00;96.088;95.555;95.678;95.718;41615
2015.06.05;20:00:00;95.788;95.59;95.597;95.676;13091
2015.06.08;00:00:00;95.789;95.526;95.553;95.673;11192
2015.06.08;04:00:00;95.772;95.409;95.466;95.552;16822
2015.06.08;08:00:00;95.768;95.448;95.69;95.465;32209
2015.06.08;12:00:00;95.781;95.594;95.614;95.689;23312
2015.06.08;16:00:00;95.754;95.59;95.637;95.615;27364
2015.06.08;20:00:00;95.946;95.624;95.854;95.636;21399
2015.06.09;00:00:00;95.88;95.694;95.773;95.83;13550
2015.06.09;04:00:00;96.081;95.672;95.764;95.776;20633
2015.06.09;08:00:00;95.769;95.222;95.285;95.764;34649
2015.06.09;12:00:00;95.621;95.15;95.454;95.286;37248
2015.06.09;16:00:00;95.74;95.295;95.343;95.456;35657
2015.06.09;20:00:00;95.638;95.338;95.595;95.345;15077
2015.06.10;00:00:00;95.722;95.431;95.551;95.593;20179
2015.06.10;04:00:00;95.592;94.493;94.6;95.55;33678
2015.06.10;08:00:00;95.513;94.503;95.212;94.6;50597
2015.06.10;12:00:00;95.619;94.999;95.035;95.21;33804
2015.06.10;16:00:00;95.333;94.991;95.173;95.034;36781
2015.06.10;20:00:00;95.242;95.078;95.124;95.173;17949
2015.06.11;00:00:00;95.11;94.356;94.964;95.098;20130
2015.06.11;04:00:00;95.731;94.752;95.682;94.964;22359
2015.06.11;08:00:00;95.746;95.482;95.712;95.682;35127
2015.06.11;12:00:00;95.739;95.374;95.593;95.712;33434
2015.06.11;16:00:00;95.61;95.4;95.528;95.593;34211
2015.06.11;20:00:00;95.802;95.508;95.674;95.527;16497
2015.06.12;00:00:00;95.801;95.611;95.694;95.673;22795
2015.06.12;04:00:00;95.772;95.43;95.48;95.695;20329
2015.06.12;08:00:00;95.575;94.981;95.081;95.48;31762
2015.06.12;12:00:00;95.457;95.023;95.224;95.079;30642
2015.06.12;16:00:00;95.565;95.109;95.506;95.225;34061
2015.06.12;20:00:00;95.604;95.319;95.337;95.507;13405
2015.06.15;00:00:00;95.553;95.145;95.239;95.478;14726
2015.06.15;04:00:00;95.343;95.164;95.187;95.237;22159
2015.06.15;08:00:00;95.481;95.119;95.287;95.19;32799
2015.06.15;12:00:00;95.863;95.275;95.791;95.287;26830
2015.06.15;16:00:00;95.971;95.685;95.889;95.791;25357
2015.06.15;20:00:00;95.91;95.736;95.812;95.889;16254
2015.06.16;00:00:00;95.86;95.642;95.676;95.809;18005
2015.06.16;04:00:00;95.985;95.533;95.865;95.676;23702
2015.06.16;08:00:00;95.88;95.385;95.473;95.866;26161
2015.06.16;12:00:00;95.666;95.436;95.632;95.47;19712
2015.06.16;16:00:00;95.819;95.58;95.597;95.632;20098
2015.06.16;20:00:00;95.625;95.469;95.579;95.597;11098
2015.06.17;00:00:00;95.687;95.502;95.597;95.581;16555
2015.06.17;04:00:00;95.619;95.231;95.327;95.597;21277
2015.06.17;08:00:00;95.449;95.045;95.134;95.329;29010
2015.06.17;12:00:00;95.282;95.023;95.247;95.134;26123
2015.06.17;16:00:00;95.438;95.16;95.212;95.248;25490
2015.06.17;20:00:00;95.76;95.076;95.591;95.211;38965
2015.06.18;00:00:00;95.684;95.257;95.38;95.568;22478
2015.06.18;04:00:00;95.427;94.93;95.054;95.38;25255
2015.06.18;08:00:00;95.631;94.995;95.621;95.054;37229
2015.06.18;12:00:00;96.157;95.529;96.079;95.621;33099
2015.06.18;16:00:00;96.292;96.062;96.086;96.08;31924
2015.06.18;20:00:00;96.134;95.804;95.857;96.086;21002
2015.06.19;00:00:00;96.043;95.7;95.864;95.864;20502
2015.06.19;04:00:00;95.893;95.515;95.564;95.865;22518
2015.06.19;08:00:00;95.661;95.391;95.54;95.564;32091
2015.06.19;12:00:00;95.575;95.265;95.271;95.539;27287
2015.06.19;16:00:00;95.293;95.067;95.097;95.271;26387
2015.06.19;20:00:00;95.426;95.095;95.314;95.095;14026
2015.06.22;00:00:00;95.498;95.283;95.341;95.451;13817
2015.06.22;04:00:00;95.522;95.33;95.481;95.34;20438
2015.06.22;08:00:00;95.814;95.403;95.628;95.482;29556
2015.06.22;12:00:00;95.754;95.557;95.632;95.628;28685
2015.06.22;16:00:00;95.751;95.256;95.319;95.632;31095
2015.06.22;20:00:00;95.444;95.257;95.296;95.319;15458
2015.06.23;00:00:00;95.478;95.24;95.4;95.3;16461
2015.06.23;04:00:00;95.484;95.167;95.311;95.399;23799
2015.06.23;08:00:00;95.715;95.261;95.482;95.311;29372
2015.06.23;12:00:00;95.558;95.309;95.445;95.485;25924
2015.06.23;16:00:00;95.846;95.331;95.642;95.445;28838
2015.06.23;20:00:00;95.937;95.62;95.845;95.642;16555
2015.06.24;00:00:00;96.027;95.744;95.945;95.845;17629
2015.06.24;04:00:00;96.008;95.658;95.685;95.944;20607
2015.06.24;08:00:00;96.164;95.634;96.03;95.686;30638
2015.06.24;12:00:00;96.091;95.714;95.796;96.03;30472
2015.06.24;16:00:00;95.852;95.466;95.539;95.796;32104
2015.06.24;20:00:00;95.566;95.35;95.351;95.538;20319
2015.06.25;00:00:00;95.592;95.342;95.589;95.342;18235
2015.06.25;04:00:00;95.764;95.576;95.703;95.59;23175
2015.06.25;08:00:00;95.779;95.564;95.636;95.704;27256
2015.06.25;12:00:00;95.721;95.402;95.616;95.636;29185
2015.06.25;16:00:00;95.786;95.486;95.685;95.619;22110
2015.06.25;20:00:00;95.73;95.613;95.616;95.683;14366
2015.06.26;00:00:00;95.66;95.403;95.442;95.617;19287
2015.06.26;04:00:00;95.441;95.115;95.23;95.441;24140
2015.06.26;08:00:00;95.243;94.955;95.086;95.23;26399
2015.06.26;12:00:00;95.09;94.609;94.635;95.087;24805
2015.06.26;16:00:00;94.82;94.54;94.731;94.636;30569
2015.06.26;20:00:00;94.818;94.678;94.8;94.729;12684
2015.06.29;00:00:00;93.917;92.648;93.824;93.488;31833
2015.06.29;04:00:00;94.7;93.756;93.797;93.825;30236
2015.06.29;08:00:00;94.175;93.435;94.142;93.798;46945
2015.06.29;12:00:00;94.186;93.976;94.142;94.144;27793
2015.06.29;16:00:00;94.153;93.793;94.097;94.141;34329
2015.06.29;20:00:00;94.419;94.062;94.062;94.097;19468
2015.06.30;00:00:00;94.164;93.84;93.924;94.062;18692
2015.06.30;04:00:00;94.053;93.653;93.829;93.92;28946
2015.06.30;08:00:00;94.119;93.593;93.703;93.827;37048
2015.06.30;12:00:00;94.357;93.679;94.33;93.703;32748
2015.06.30;16:00:00;94.431;93.945;94.104;94.331;35202
2015.06.30;20:00:00;94.437;94.057;94.381;94.104;24263
2015.07.01;00:00:00;94.521;94.103;94.437;94.354;25655
2015.07.01;04:00:00;94.787;94.273;94.512;94.442;19990
2015.07.01;08:00:00;94.718;94.454;94.699;94.511;25535
2015.07.01;12:00:00;94.966;94.29;94.409;94.703;28397
2015.07.01;16:00:00;94.446;94.16;94.236;94.409;27233
2015.07.01;20:00:00;94.299;94.072;94.131;94.234;16410
2015.07.02;00:00:00;94.38;94.033;94.38;94.124;21142
2015.07.02;04:00:00;94.417;94.134;94.349;94.379;21507
2015.07.02;08:00:00;94.377;93.901;93.901;94.347;33541
2015.07.02;12:00:00;94.017;93.618;93.817;93.901;39023
2015.07.02;16:00:00;93.992;93.7;93.979;93.818;38367
2015.07.02;20:00:00;93.977;93.776;93.884;93.977;13730
2015.07.03;00:00:00;93.993;93.864;93.963;93.884;18507
2015.07.03;04:00:00;93.986;93.154;93.398;93.963;22556
2015.07.03;08:00:00;93.48;92.726;92.777;93.396;30544
2015.07.03;12:00:00;92.837;92.313;92.375;92.735;32657
2015.07.03;16:00:00;92.377;92.066;92.305;92.374;26513
2015.07.03;20:00:00;92.508;92.104;92.271;92.305;8842
2015.07.06;00:00:00;92.093;90.916;91.988;91.096;19685
2015.07.06;04:00:00;92.14;91.332;91.465;91.986;20673
2015.07.06;08:00:00;92.226;91.199;91.919;91.466;38452
2015.07.06;12:00:00;92.137;91.833;92.028;91.92;38097
2015.07.06;16:00:00;92.398;91.987;92.091;92.031;38289
2015.07.06;20:00:00;92.119;91.703;91.885;92.094;14041
2015.07.07;00:00:00;91.921;91.652;91.812;91.887;15137
2015.07.07;04:00:00;91.849;91.525;91.778;91.813;21496
2015.07.07;08:00:00;92.002;91.11;91.216;91.776;38013
2015.07.07;12:00:00;91.234;90.722;90.92;91.218;39259
2015.07.07;16:00:00;90.932;90.414;90.776;90.92;43984
2015.07.07;20:00:00;91.621;90.732;91.289;90.776;19539
2015.07.08;00:00:00;91.384;90.919;90.933;91.287;21358
2015.07.08;04:00:00;90.942;90.204;90.333;90.932;35796
2015.07.08;08:00:00;90.547;89.604;89.98;90.333;43699
2015.07.08;12:00:00;90.478;89.918;90.053;89.981;37050
2015.07.08;16:00:00;90.112;89.664;89.734;90.053;45039
2015.07.08;20:00:00;89.827;89.44;89.642;89.733;20835
2015.07.09;00:00:00;89.706;89.141;89.345;89.597;20419
2015.07.09;04:00:00;90.626;89.343;90.599;89.346;32594
2015.07.09;08:00:00;90.999;90.367;90.472;90.6;33994
2015.07.09;12:00:00;90.672;89.979;90.567;90.469;35159
2015.07.09;16:00:00;90.585;90.073;90.224;90.567;34674
2015.07.09;20:00:00;90.502;90.061;90.324;90.224;18393
2015.07.10;00:00:00;91.002;90.303;90.918;90.323;21602
2015.07.10;04:00:00;91.431;90.913;91.074;90.918;25181
2015.07.10;08:00:00;91.355;90.946;90.972;91.075;34424
2015.07.10;12:00:00;91.766;90.916;91.339;90.972;34330
2015.07.10;16:00:00;91.404;90.914;91.105;91.336;33851
2015.07.10;20:00:00;91.478;91.002;91.25;91.107;13401
2015.07.13;00:00:00;91.262;90.548;91.032;90.548;15772
2015.07.13;04:00:00;91.613;90.859;91.21;91.031;26642
2015.07.13;08:00:00;91.86;91.181;91.624;91.21;42472
2015.07.13;12:00:00;91.817;91.487;91.513;91.627;30563
2015.07.13;16:00:00;91.513;91.124;91.449;91.511;30554
2015.07.13;20:00:00;91.489;91.274;91.4;91.45;18189
2015.07.14;00:00:00;91.584;91.308;91.561;91.394;22087
2015.07.14;04:00:00;91.777;91.415;91.666;91.56;24376
2015.07.14;08:00:00;91.745;91.47;91.57;91.665;35795
2015.07.14;12:00:00;91.981;91.569;91.747;91.57;30489
2015.07.14;16:00:00;91.951;91.706;91.904;91.747;27900
2015.07.14;20:00:00;91.936;91.776;91.907;91.904;13125
2015.07.15;00:00:00;91.968;91.685;91.818;91.907;21470
2015.07.15;04:00:00;92.409;91.777;92.173;91.818;24262
2015.07.15;08:00:00;92.37;92.014;92.113;92.173;33720
2015.07.15;12:00:00;92.277;92.045;92.049;92.114;28007
2015.07.15;16:00:00;92.079;91.087;91.237;92.049;37237
2015.07.15;20:00:00;91.341;91.132;91.29;91.238;19406
2015.07.16;00:00:00;91.558;91.194;91.256;91.29;24780
2015.07.16;04:00:00;91.333;91.038;91.109;91.258;25942
2015.07.16;08:00:00;91.531;91;91.503;91.107;34964
2015.07.16;12:00:00;91.833;91.47;91.784;91.504;34804
2015.07.16;16:00:00;92.195;91.773;91.999;91.784;32626
2015.07.16;20:00:00;92.046;91.82;91.89;91.999;15328
2015.07.17;00:00:00;92.081;91.862;92.01;91.877;23945
2015.07.17;04:00:00;92.075;91.849;91.987;92.011;20674
2015.07.17;08:00:00;91.993;91.709;91.727;91.987;32183
2015.07.17;12:00:00;91.824;91.513;91.56;91.728;33266
2015.07.17;16:00:00;91.629;91.35;91.53;91.56;30567
2015.07.17;20:00:00;91.575;91.417;91.445;91.533;10176
2015.07.20;00:00:00;91.555;91.396;91.47;91.463;10161
2015.07.20;04:00:00;91.531;90.975;91.321;91.469;25418
2015.07.20;08:00:00;91.781;91.232;91.659;91.322;37222
2015.07.20;12:00:00;91.773;91.539;91.664;91.66;35135
2015.07.20;16:00:00;91.793;91.331;91.658;91.663;32002
2015.07.20;20:00:00;91.713;91.556;91.569;91.658;18304
2015.07.21;00:00:00;91.679;91.475;91.645;91.495;17049
2015.07.21;04:00:00;91.8;91.358;91.457;91.645;25894
2015.07.21;08:00:00;91.723;91.325;91.616;91.458;39286
2015.07.21;12:00:00;91.77;91.555;91.622;91.613;39840
2015.07.21;16:00:00;92.241;91.603;92.136;91.622;45603
2015.07.21;20:00:00;92.14;91.879;91.881;92.135;21007
2015.07.22;00:00:00;92.002;91.772;91.836;91.879;18274
2015.07.22;04:00:00;91.986;91.176;91.755;91.836;29239
2015.07.22;08:00:00;91.829;91.511;91.637;91.76;35503
2015.07.22;12:00:00;91.761;91.34;91.436;91.639;39697
2015.07.22;16:00:00;91.552;91.307;91.445;91.437;41065
2015.07.22;20:00:00;91.515;91.363;91.363;91.443;15067
2015.07.23;00:00:00;91.611;91.237;91.327;91.375;20963
2015.07.23;04:00:00;91.561;91.317;91.438;91.328;20296
2015.07.23;08:00:00;91.787;91.305;91.736;91.438;34534
2015.07.23;12:00:00;91.792;91.458;91.465;91.736;38031
2015.07.23;16:00:00;91.501;91.167;91.19;91.466;41264
2015.07.23;20:00:00;91.264;91.032;91.087;91.189;21194
2015.07.24;00:00:00;91.18;91.011;91.172;91.083;21301
2015.07.24;04:00:00;91.178;90.073;90.35;91.172;26749
2015.07.24;08:00:00;90.583;90.202;90.448;90.35;33891
2015.07.24;12:00:00;90.488;90.049;90.172;90.448;38962
2015.07.24;16:00:00;90.195;89.914;89.983;90.17;40252
2015.07.24;20:00:00;90.212;89.909;90.162;89.984;9355
2015.07.27;00:00:00;90.159;89.89;89.978;89.921;13413
2015.07.27;04:00:00;90.194;89.877;89.962;89.978;21831
2015.07.27;08:00:00;90.115;89.626;89.958;89.962;39193
2015.07.27;12:00:00;90.038;89.661;89.752;89.959;42979
2015.07.27;16:00:00;90.105;89.741;89.872;89.753;43107
2015.07.27;20:00:00;89.892;89.513;89.558;89.873;12092
2015.07.28;00:00:00;89.756;89.51;89.66;89.558;17580
2015.07.28;04:00:00;90.417;89.321;90.335;89.66;28293
2015.07.28;08:00:00;90.505;90.172;90.426;90.337;41054
2015.07.28;12:00:00;90.567;90.289;90.495;90.428;38507
2015.07.28;16:00:00;90.691;90.16;90.532;90.495;40434
2015.07.28;20:00:00;90.693;90.453;90.618;90.532;13918
2015.07.29;00:00:00;90.808;90.44;90.706;90.607;22350
2015.07.29;04:00:00;90.73;90.334;90.344;90.706;21533
2015.07.29;08:00:00;90.51;90.266;90.463;90.344;35372
2015.07.29;12:00:00;90.485;90.301;90.408;90.463;36946
2015.07.29;16:00:00;90.718;90.348;90.508;90.406;40082
2015.07.29;20:00:00;90.791;90.266;90.375;90.5;26088
2015.07.30;00:00:00;90.594;90.304;90.563;90.378;20930
2015.07.30;04:00:00;90.873;90.556;90.804;90.565;23463
2015.07.30;08:00:00;90.85;90.45;90.693;90.804;33014
2015.07.30;12:00:00;90.745;90.293;90.511;90.693;40661
2015.07.30;16:00:00;90.58;90.352;90.532;90.509;42669
2015.07.30;20:00:00;90.591;90.461;90.484;90.531;17653
2015.07.31;00:00:00;90.585;90.394;90.453;90.483;24731
2015.07.31;04:00:00;90.568;90.35;90.503;90.453;23432
2015.07.31;08:00:00;90.561;90.275;90.325;90.504;37287
2015.07.31;12:00:00;90.725;89.907;90.477;90.324;42471
2015.07.31;16:00:00;91.004;90.471;90.644;90.476;51377
2015.07.31;20:00:00;90.695;90.362;90.409;90.642;17028
2015.08.03;00:00:00;90.646;90.45;90.584;90.646;18510
2015.08.03;04:00:00;90.627;90.433;90.5;90.585;20101
2015.08.03;08:00:00;90.562;90.387;90.546;90.499;31580
2015.08.03;12:00:00;90.614;90.227;90.286;90.545;38127
2015.08.03;16:00:00;90.433;89.959;90.003;90.287;43213
2015.08.03;20:00:00;90.345;89.946;90.327;90.002;16018
2015.08.04;00:00:00;90.373;90.029;90.094;90.329;21377
2015.08.04;04:00:00;91.107;90.065;91.107;90.094;27659
2015.08.04;08:00:00;91.602;91.063;91.566;91.107;42218
2015.08.04;12:00:00;91.758;91.436;91.682;91.564;40741
2015.08.04;16:00:00;92.018;91.639;91.945;91.688;43532
2015.08.04;20:00:00;91.955;91.651;91.753;91.945;28620
2015.08.05;00:00:00;91.79;91.598;91.665;91.747;23675
2015.08.05;04:00:00;91.688;91.405;91.444;91.665;24982
2015.08.05;08:00:00;91.663;91.233;91.61;91.445;34951
2015.08.05;12:00:00;91.743;91.441;91.665;91.609;39766
2015.08.05;16:00:00;91.891;91.636;91.719;91.663;41458
2015.08.05;20:00:00;91.853;91.676;91.814;91.717;21361
2015.08.06;00:00:00;91.841;91.652;91.741;91.814;21935
2015.08.06;04:00:00;92.233;91.325;91.477;91.741;28485
2015.08.06;08:00:00;91.559;91.35;91.412;91.476;35322
2015.08.06;12:00:00;91.618;91.368;91.618;91.413;40285
2015.08.06;16:00:00;91.676;91.399;91.504;91.618;38430
2015.08.06;20:00:00;91.651;91.491;91.59;91.504;20492
2015.08.07;00:00:00;91.648;91.541;91.596;91.585;19542
2015.08.07;04:00:00;92.08;91.594;91.846;91.594;24678
2015.08.07;08:00:00;92.039;91.799;91.94;91.846;32037
2015.08.07;12:00:00;92.2;91.812;91.837;91.94;37753
2015.08.07;16:00:00;92.073;91.557;91.95;91.836;52497
2015.08.07;20:00:00;92.153;91.902;92.13;91.948;15913
2015.08.10;00:00:00;92.168;91.907;91.924;92.003;14660
2015.08.10;04:00:00;92.05;91.86;92.029;91.923;21776
2015.08.10;08:00:00;92.052;91.74;91.829;92.031;32466
2015.08.10;12:00:00;91.905;91.725;91.762;91.829;33329
2015.08.10;16:00:00;92.423;91.727;92.395;91.762;39268
2015.08.10;20:00:00;92.416;92.226;92.353;92.397;18683
2015.08.11;00:00:00;92.675;92.248;92.585;92.352;25180
2015.08.11;04:00:00;92.604;91.154;91.283;92.583;37414
2015.08.11;08:00:00;91.766;91.173;91.572;91.284;46792
2015.08.11;12:00:00;91.608;91.346;91.437;91.571;42556
2015.08.11;16:00:00;91.437;90.941;91.209;91.436;46170
2015.08.11;20:00:00;91.388;91.121;91.341;91.213;15903
2015.08.12;00:00:00;91.554;91.32;91.491;91.334;20111
2015.08.12;04:00:00;91.629;90.335;90.585;91.49;33682
2015.08.12;08:00:00;91.051;90.5;90.854;90.584;47180
2015.08.12;12:00:00;91.615;90.732;91.25;90.853;44009
2015.08.12;16:00:00;91.512;91.061;91.499;91.248;47514
2015.08.12;20:00:00;91.719;91.364;91.617;91.5;18722
2015.08.13;00:00:00;91.769;91.535;91.674;91.617;16949
2015.08.13;04:00:00;92.041;91.175;91.818;91.675;23655
2015.08.13;08:00:00;91.863;91.415;91.455;91.818;31117
2015.08.13;12:00:00;91.476;91.255;91.326;91.456;35569
2015.08.13;16:00:00;91.549;91.131;91.527;91.326;43950
2015.08.13;20:00:00;91.645;91.415;91.515;91.526;22052
2015.08.14;00:00:00;91.781;91.513;91.693;91.524;22085
2015.08.14;04:00:00;91.873;91.538;91.664;91.694;23019
2015.08.14;08:00:00;91.901;91.636;91.789;91.666;32265
2015.08.14;12:00:00;91.845;91.618;91.679;91.789;35326
2015.08.14;16:00:00;91.892;91.539;91.747;91.68;38883
2015.08.14;20:00:00;91.76;91.591;91.654;91.745;10505
2015.08.17;00:00:00;91.73;91.544;91.597;91.551;10436
2015.08.17;04:00:00;91.801;91.58;91.696;91.597;16083
2015.08.17;08:00:00;91.781;91.564;91.633;91.697;31660
2015.08.17;12:00:00;91.692;91.458;91.569;91.633;33136
2015.08.17;16:00:00;91.853;91.544;91.832;91.569;34159
2015.08.17;20:00:00;91.846;91.648;91.661;91.832;17210
2015.08.18;00:00:00;91.75;91.641;91.685;91.661;22565
2015.08.18;04:00:00;91.878;91.575;91.644;91.685;25789
2015.08.18;08:00:00;91.697;91.073;91.299;91.644;37282
2015.08.18;12:00:00;91.469;91.071;91.131;91.298;36602
2015.08.18;16:00:00;91.315;91.081;91.234;91.13;38610
2015.08.18;20:00:00;91.326;91.167;91.292;91.234;16553
2015.08.19;00:00:00;91.332;91.16;91.265;91.243;24080
2015.08.19;04:00:00;91.307;90.91;91.086;91.265;25076
2015.08.19;08:00:00;91.468;91.05;91.351;91.086;35981
2015.08.19;12:00:00;91.449;91.217;91.266;91.357;36784
2015.08.19;16:00:00;91.31;90.724;90.83;91.268;41787
2015.08.19;20:00:00;91.373;90.795;90.918;90.831;36146
2015.08.20;00:00:00;91.295;90.918;91.127;90.918;22733
2015.08.20;04:00:00;91.206;90.967;91.095;91.128;22866
2015.08.20;08:00:00;91.159;90.227;90.25;91.102;38181
2015.08.20;12:00:00;90.702;90.244;90.594;90.251;37375
2015.08.20;16:00:00;90.948;90.549;90.67;90.595;45451
2015.08.20;20:00:00;90.74;90.481;90.488;90.671;24137
2015.08.21;00:00:00;90.591;90.386;90.487;90.487;20665
2015.08.21;04:00:00;90.493;89.7;89.935;90.487;33759
2015.08.21;08:00:00;90.079;89.716;90.059;89.937;38102
2015.08.21;12:00:00;90.16;89.875;89.911;90.059;41923
2015.08.21;16:00:00;90.072;89.363;89.367;89.91;59465
2015.08.21;20:00:00;89.695;89.176;89.228;89.367;29818
2015.08.24;00:00:00;89.148;87.867;88.226;88.852;26730
2015.08.24;04:00:00;88.323;86.929;87.508;88.227;44549
2015.08.24;08:00:00;87.863;87.229;87.402;87.508;48169
2015.08.24;12:00:00;87.455;86.463;86.5;87.402;57316
2015.08.24;16:00:00;86.506;81.991;86.03;86.501;76353
2015.08.24;20:00:00;86.26;84.656;84.708;86.03;44643
2015.08.25;00:00:00;85.572;84.457;85.472;84.706;24723
2015.08.25;04:00:00;86.82;85.36;86.062;85.47;38306
2015.08.25;08:00:00;86.418;85.254;85.843;86.063;49213
2015.08.25;12:00:00;87.146;85.687;86.423;85.843;56558
2015.08.25;16:00:00;86.519;85.857;86.126;86.426;59529
2015.08.25;20:00:00;86.132;84.526;84.683;86.126;33338
2015.08.26;00:00:00;85.308;84.124;84.831;84.668;30193
2015.08.26;04:00:00;85.333;84.437;85.235;84.831;34786
2015.08.26;08:00:00;85.621;84.832;85.169;85.236;46575
2015.08.26;12:00:00;85.621;85.004;85.475;85.17;48486
2015.08.26;16:00:00;85.531;84.166;84.559;85.473;60516
2015.08.26;20:00:00;85.421;84.456;85.372;84.554;34221
2015.08.27;00:00:00;85.77;85.279;85.441;85.377;28439
2015.08.27;04:00:00;85.981;85.207;85.24;85.443;29631
2015.08.27;08:00:00;86.148;85.035;85.827;85.239;41947
2015.08.27;12:00:00;86.259;85.766;85.968;85.828;41993
2015.08.27;16:00:00;86.932;85.83;86.828;85.968;56674
2015.08.27;20:00:00;86.869;86.254;86.683;86.828;30134
2015.08.28;00:00:00;87.136;86.677;87.082;86.679;19700
2015.08.28;04:00:00;87.3;86.573;86.831;87.083;27051
2015.08.28;08:00:00;86.888;86.442;86.563;86.831;37011
2015.08.28;12:00:00;86.579;86.046;86.069;86.564;45269
2015.08.28;16:00:00;86.881;86.027;86.861;86.071;56404
2015.08.28;20:00:00;87.166;86.607;87.16;86.859;20308
2015.08.31;00:00:00;87.075;86.378;86.478;86.982;20392
2015.08.31;04:00:00;86.775;86.314;86.506;86.477;26301
2015.08.31;08:00:00;86.694;86.28;86.477;86.507;25471
2015.08.31;12:00:00;86.544;86.16;86.244;86.476;23020
2015.08.31;16:00:00;86.324;85.775;86.291;86.245;29534
2015.08.31;20:00:00;86.4;86.165;86.196;86.291;21322
2015.09.01;00:00:00;86.282;85.845;86.136;86.196;17497
2015.09.01;04:00:00;86.445;85.658;86.036;86.118;28028
2015.09.01;08:00:00;86.1;84.548;84.767;86.041;53725
2015.09.01;12:00:00;85.168;84.309;84.362;84.765;54811
2015.09.01;16:00:00;84.783;84.16;84.259;84.365;57068
2015.09.01;20:00:00;84.38;83.657;83.733;84.259;30699
2015.09.02;00:00:00;84.607;83.622;84.553;83.729;26298
2015.09.02;04:00:00;84.659;83.828;84.489;84.554;34185
2015.09.02;08:00:00;84.709;83.825;84.013;84.486;45620
2015.09.02;12:00:00;84.478;83.723;84.418;84.013;44364
2015.09.02;16:00:00;84.523;84.02;84.412;84.415;52226
2015.09.02;20:00:00;84.751;84.317;84.667;84.412;23100
2015.09.03;00:00:00;85.125;84.643;84.953;84.665;19962
2015.09.03;04:00:00;84.952;84.273;84.568;84.952;26224
2015.09.03;08:00:00;84.581;84.145;84.379;84.569;36807
2015.09.03;12:00:00;84.47;84.064;84.185;84.379;45213
2015.09.03;16:00:00;84.834;83.815;84.281;84.184;57024
2015.09.03;20:00:00;84.349;83.953;84.223;84.28;31075
2015.09.04;00:00:00;84.361;83.828;83.828;84.227;21749
2015.09.04;04:00:00;83.969;82.886;83.116;83.828;30826
2015.09.04;08:00:00;83.485;82.857;83.15;83.115;47958
2015.09.04;12:00:00;83.424;82.332;82.681;83.148;36943
2015.09.04;16:00:00;82.942;82.097;82.288;82.681;53698
2015.09.04;20:00:00;82.496;82.155;82.225;82.29;17066
2015.09.07;00:00:00;82.827;82.187;82.582;82.339;18887
2015.09.07;04:00:00;83.067;82.448;82.618;82.581;25148
2015.09.07;08:00:00;82.868;82.474;82.711;82.619;36823
2015.09.07;12:00:00;82.955;82.604;82.884;82.711;36485
2015.09.07;16:00:00;82.906;82.586;82.7;82.884;12424
2015.09.07;20:00:00;82.716;82.553;82.563;82.7;19715
2015.09.08;00:00:00;82.993;82.53;82.913;82.559;12833
2015.09.08;04:00:00;83.168;82.498;82.813;82.912;27668
2015.09.08;08:00:00;83.968;82.645;83.691;82.814;34274
2015.09.08;12:00:00;83.97;83.58;83.95;83.691;26573
2015.09.08;16:00:00;84.33;83.758;84.187;83.949;30970
2015.09.08;20:00:00;84.399;84.045;84.05;84.189;14740
2015.09.09;00:00:00;84.79;84.037;84.741;84.05;17242
2015.09.09;04:00:00;85.105;84.58;84.745;84.741;24664
2015.09.09;08:00:00;85.106;84.635;84.767;84.744;32426
2015.09.09;12:00:00;85.214;84.679;85.182;84.767;28164
2015.09.09;16:00:00;85.47;84.884;84.998;85.183;37337
2015.09.09;20:00:00;85.075;84.35;84.483;84.999;27753
2015.09.10;00:00:00;84.562;83.493;83.718;84.499;21352
2015.09.10;04:00:00;84.979;83.318;84.37;83.717;28090
2015.09.10;08:00:00;85.722;84.296;85.25;84.37;38784
2015.09.10;12:00:00;85.891;85.058;85.12;85.25;36836
2015.09.10;16:00:00;85.635;85.083;85.221;85.122;41760
2015.09.10;20:00:00;85.608;85.167;85.258;85.223;23435
2015.09.11;00:00:00;85.585;85.163;85.428;85.263;18561
2015.09.11;04:00:00;85.538;85.291;85.383;85.429;15503
2015.09.11;08:00:00;85.392;84.768;84.862;85.382;28140
2015.09.11;12:00:00;85.331;84.778;85.261;84.86;25298
2015.09.11;16:00:00;85.55;85.031;85.49;85.262;30483
2015.09.11;20:00:00;85.563;85.223;85.481;85.489;12143
2015.09.14;00:00:00;85.97;85.287;85.875;85.32;13466
2015.09.14;04:00:00;86.08;85.08;85.248;85.874;23201
2015.09.14;08:00:00;85.564;84.917;85.55;85.248;28336
2015.09.14;12:00:00;85.814;85.466;85.682;85.55;20767
2015.09.14;16:00:00;85.868;85.442;85.653;85.683;27910
2015.09.14;20:00:00;85.795;85.535;85.781;85.656;11635
2015.09.15;00:00:00;86.308;85.699;86.258;85.781;15881
2015.09.15;04:00:00;86.278;85.424;85.434;86.258;20041
2015.09.15;08:00:00;85.451;84.93;85.21;85.434;30923
2015.09.15;12:00:00;85.373;85.095;85.266;85.21;24309
2015.09.15;16:00:00;85.528;85.142;85.502;85.266;28815
2015.09.15;20:00:00;86.092;85.499;85.958;85.505;13405
2015.09.16;00:00:00;86.025;85.674;85.824;85.961;13194
2015.09.16;04:00:00;85.901;85.705;85.814;85.823;15456
2015.09.16;08:00:00;86.417;85.703;86.227;85.813;24849
2015.09.16;12:00:00;86.406;86.113;86.347;86.227;23376
2015.09.16;16:00:00;86.803;86.25;86.7;86.345;28880
2015.09.16;20:00:00;86.831;86.61;86.743;86.699;13515
2015.09.17;00:00:00;86.933;86.545;86.551;86.759;12388
2015.09.17;04:00:00;86.865;86.433;86.697;86.552;15857
2015.09.17;08:00:00;86.916;86.566;86.657;86.696;22817
2015.09.17;12:00:00;86.716;86.522;86.557;86.659;16555
2015.09.17;16:00:00;86.589;86.291;86.411;86.556;22847
2015.09.17;20:00:00;87.499;85.83;86.045;86.412;40675
2015.09.18;00:00:00;86.368;85.778;86.036;85.979;18095
2015.09.18;04:00:00;86.54;85.899;86.159;86.034;20868
2015.09.18;08:00:00;86.732;86.088;86.453;86.158;31741
2015.09.18;12:00:00;86.806;86.307;86.73;86.453;31247
2015.09.18;16:00:00;86.851;86.418;86.57;86.73;33395
2015.09.18;20:00:00;86.638;86.133;86.154;86.571;17781
2015.09.21;00:00:00;86.363;86.029;86.083;86.237;10941
2015.09.21;04:00:00;86.243;85.742;85.901;86.086;14279
2015.09.21;08:00:00;86.302;85.864;86.11;85.903;23878
2015.09.21;12:00:00;86.365;86.085;86.167;86.119;23951
2015.09.21;16:00:00;86.183;85.7;85.706;86.166;29433
2015.09.21;20:00:00;86.048;85.703;85.921;85.707;16204
2015.09.22;00:00:00;86.004;85.84;85.916;85.921;9639
2015.09.22;04:00:00;86.022;85.767;85.831;85.916;11420
2015.09.22;08:00:00;86.101;85.23;85.308;85.832;27831
2015.09.22;12:00:00;85.381;84.778;84.898;85.309;29768
2015.09.22;16:00:00;85.016;84.618;84.869;84.9;31559
2015.09.22;20:00:00;85.222;84.761;85.137;84.869;15107
2015.09.23;00:00:00;85.167;84.846;85.139;85.132;10012
2015.09.23;04:00:00;85.193;84.011;84.133;85.139;19212
2015.09.23;08:00:00;84.788;84.02;84.755;84.133;28121
2015.09.23;12:00:00;84.948;84.519;84.653;84.75;23821
2015.09.23;16:00:00;84.941;84.045;84.263;84.651;34370
2015.09.23;20:00:00;84.353;83.987;84.188;84.264;17032
2015.09.24;00:00:00;84.4;84.046;84.113;84.188;14385
2015.09.24;04:00:00;84.458;83.811;83.928;84.113;23242
2015.09.24;08:00:00;84.07;83.44;83.515;83.93;29023
2015.09.24;12:00:00;83.547;82.979;83.246;83.512;34888
2015.09.24;16:00:00;83.992;83.099;83.751;83.246;42788
2015.09.24;20:00:00;84.53;83.663;84.308;83.749;25853
2015.09.25;00:00:00;84.494;83.843;84.333;84.288;20779
2015.09.25;04:00:00;84.453;83.919;84.279;84.333;24675
2015.09.25;08:00:00;84.988;84.246;84.98;84.279;34148
2015.09.25;12:00:00;84.984;84.46;84.818;84.979;29323
2015.09.25;16:00:00;84.967;84.453;84.823;84.818;35636
2015.09.25;20:00:00;84.972;84.533;84.687;84.823;19438
2015.09.28;00:00:00;84.682;84.307;84.614;84.67;14635
2015.09.28;04:00:00;84.663;84.406;84.463;84.615;16706
2015.09.28;08:00:00;84.718;84.24;84.49;84.463;30167
2015.09.28;12:00:00;84.507;83.821;84.068;84.491;25755
2015.09.28;16:00:00;84.076;83.716;83.825;84.069;36789
2015.09.28;20:00:00;83.885;83.658;83.789;83.825;19224
2015.09.29;00:00:00;83.798;83.214;83.276;83.795;15703
2015.09.29;04:00:00;83.386;83.021;83.046;83.276;21217
2015.09.29;08:00:00;83.796;82.807;83.74;83.046;36340
2015.09.29;12:00:00;84.075;83.463;84.051;83.74;27716
2015.09.29;16:00:00;84.29;83.541;83.62;84.053;44365
2015.09.29;20:00:00;83.913;83.42;83.587;83.62;22436
2015.09.30;00:00:00;84.197;83.553;84.111;83.6;14720
2015.09.30;04:00:00;84.157;83.79;84.114;84.111;19690
2015.09.30;08:00:00;84.61;83.83;84.572;84.113;29424
2015.09.30;12:00:00;84.654;84.274;84.358;84.571;23814
2015.09.30;16:00:00;84.476;83.89;83.914;84.357;39572
2015.09.30;20:00:00;84.208;83.913;84.084;83.913;19484
2015.10.01;00:00:00;84.155;83.897;84.136;84.09;15987
2015.10.01;04:00:00;84.907;84.127;84.842;84.137;25407
2015.10.01;08:00:00;84.983;84.651;84.837;84.845;25493
2015.10.01;12:00:00;85.04;84.477;84.533;84.836;29759
2015.10.01;16:00:00;84.764;84.005;84.144;84.532;40203
2015.10.01;20:00:00;84.341;84.015;84.261;84.143;17710
2015.10.02;00:00:00;84.487;84.196;84.39;84.257;14551
2015.10.02;04:00:00;84.602;84.115;84.252;84.392;19356
2015.10.02;08:00:00;84.653;84.252;84.494;84.252;22883
2015.10.02;12:00:00;84.62;83.665;83.758;84.494;28014
2015.10.02;16:00:00;84.247;83.253;84.184;83.759;52245
2015.10.02;20:00:00;84.656;84.041;84.479;84.184;22890
2015.10.05;00:00:00;84.696;84.496;84.571;84.595;13621
2015.10.05;04:00:00;84.927;84.563;84.742;84.57;18138
2015.10.05;08:00:00;85.243;84.642;85.192;84.739;33324
2015.10.05;12:00:00;85.508;84.97;85.047;85.194;34345
2015.10.05;16:00:00;85.325;84.795;85.3;85.047;36554
2015.10.05;20:00:00;85.496;85.267;85.281;85.3;16918
2015.10.06;00:00:00;85.388;85.09;85.252;85.285;13636
2015.10.06;04:00:00;85.934;85.214;85.91;85.251;20457
2015.10.06;08:00:00;85.91;85.362;85.591;85.91;28903
2015.10.06;12:00:00;85.732;85.428;85.638;85.591;28113
2015.10.06;16:00:00;86.025;85.592;86.012;85.639;40612
2015.10.06;20:00:00;86.241;85.867;86.107;86.011;20455
2015.10.07;00:00:00;86.142;86.013;86.066;86.106;12986
2015.10.07;04:00:00;86.355;85.93;86.17;86.067;24627
2015.10.07;08:00:00;86.587;86.131;86.366;86.169;32302
2015.10.07;12:00:00;86.878;86.294;86.67;86.366;30303
2015.10.07;16:00:00;86.785;86.277;86.45;86.669;41441
2015.10.07;20:00:00;86.657;86.353;86.471;86.45;20205
2015.10.08;00:00:00;86.514;86.17;86.456;86.458;12355
2015.10.08;04:00:00;86.648;85.883;85.969;86.456;20387
2015.10.08;08:00:00;86.112;85.791;85.917;85.972;28663
2015.10.08;12:00:00;86.273;85.893;86.111;85.917;29490
2015.10.08;16:00:00;86.745;86.001;86.668;86.111;32990
2015.10.08;20:00:00;87.18;86.635;87.035;86.669;23313
2015.10.09;00:00:00;87.237;86.884;87.063;87.036;12835
2015.10.09;04:00:00;87.441;87.055;87.37;87.063;18231
2015.10.09;08:00:00;87.871;87.323;87.818;87.37;30343
2015.10.09;12:00:00;88.317;87.741;88.124;87.818;34937
2015.10.09;16:00:00;88.282;87.876;88.161;88.125;34112
2015.10.09;20:00:00;88.194;88.026;88.113;88.16;10996
2015.10.12;00:00:00;88.048;87.755;87.956;87.882;11988
2015.10.12;04:00:00;88.299;87.873;88.084;87.956;9692
2015.10.12;08:00:00;88.534;87.989;88.459;88.086;18035
2015.10.12;12:00:00;88.597;88.313;88.48;88.463;19923
2015.10.12;16:00:00;88.553;88.199;88.428;88.481;26789
2015.10.12;20:00:00;88.459;88.248;88.345;88.428;7551
2015.10.13;00:00:00;88.386;87.88;87.892;88.342;10634
2015.10.13;04:00:00;88.113;87.396;87.666;87.892;17004
2015.10.13;08:00:00;87.776;87.193;87.339;87.665;23477
2015.10.13;12:00:00;87.502;87.212;87.225;87.34;28139
2015.10.13;16:00:00;87.5;86.805;87.143;87.225;34308
2015.10.13;20:00:00;87.156;86.717;86.728;87.142;19046
2015.10.14;00:00:00;86.755;86.184;86.255;86.723;17096
2015.10.14;04:00:00;86.666;86.073;86.447;86.255;17058
2015.10.14;08:00:00;87.075;86.261;86.761;86.449;28810
2015.10.14;12:00:00;86.988;86.393;86.769;86.762;28512
2015.10.14;16:00:00;86.943;86.386;86.561;86.77;38099
2015.10.14;20:00:00;86.868;86.349;86.718;86.565;24759
2015.10.15;00:00:00;87.336;86.696;86.892;86.719;18140
2015.10.15;04:00:00;87.493;86.826;87.096;86.892;20591
2015.10.15;08:00:00;87.17;86.66;86.878;87.094;33703
2015.10.15;12:00:00;86.979;86.276;86.438;86.877;29530
2015.10.15;16:00:00;86.843;86.328;86.81;86.437;38986
2015.10.15;20:00:00;87.217;86.805;87.062;86.805;15551
2015.10.16;00:00:00;87.31;86.825;86.975;87.059;15350
2015.10.16;04:00:00;87.097;86.717;86.776;86.975;15604
2015.10.16;08:00:00;86.957;86.565;86.662;86.778;21096
2015.10.16;12:00:00;86.828;86.323;86.597;86.663;24352
2015.10.16;16:00:00;86.871;86.411;86.777;86.599;31667
2015.10.16;20:00:00;86.951;86.719;86.805;86.776;12419
2015.10.19;00:00:00;86.757;86.359;86.476;86.612;9190
2015.10.19;04:00:00;87.12;86.261;86.871;86.476;16262
2015.10.19;08:00:00;87.19;86.618;87.023;86.872;19881
2015.10.19;12:00:00;87.192;86.642;86.643;87.024;23204
2015.10.19;16:00:00;86.744;86.532;86.689;86.642;24040
2015.10.19;20:00:00;86.717;86.546;86.587;86.688;9686
2015.10.20;00:00:00;86.938;86.543;86.816;86.583;11245
2015.10.20;04:00:00;86.888;86.621;86.86;86.818;9581
2015.10.20;08:00:00;87.3;86.79;86.947;86.858;18311
2015.10.20;12:00:00;87.322;86.853;87.223;86.947;19165
2015.10.20;16:00:00;87.341;86.875;86.997;87.223;23815
2015.10.20;20:00:00;87.065;86.9;86.972;86.996;9641
2015.10.21;00:00:00;87.217;86.948;87.126;86.968;12392
2015.10.21;04:00:00;87.285;87.066;87.237;87.127;10375
2015.10.21;08:00:00;87.247;86.383;86.642;87.236;23075
2015.10.21;12:00:00;86.817;86.549;86.557;86.644;18136
2015.10.21;16:00:00;86.743;86.351;86.678;86.558;26461
2015.10.21;20:00:00;86.707;86.423;86.433;86.677;14285
2015.10.22;00:00:00;86.558;86.343;86.476;86.437;11353
2015.10.22;04:00:00;86.764;85.981;86.189;86.478;15481
2015.10.22;08:00:00;86.491;86.098;86.468;86.191;23138
2015.10.22;12:00:00;86.543;86.143;86.487;86.474;29012
2015.10.22;16:00:00;87.147;86.428;87.089;86.487;38689
2015.10.22;20:00:00;87.098;86.798;86.961;87.087;15358
2015.10.23;00:00:00;87.437;86.895;87.351;86.959;16911
2015.10.23;04:00:00;87.553;87.222;87.467;87.351;17049
2015.10.23;08:00:00;87.869;87.393;87.482;87.466;29852
2015.10.23;12:00:00;88.091;87.372;87.556;87.483;37421
2015.10.23;16:00:00;87.594;87.08;87.517;87.556;40146
2015.10.23;20:00:00;87.664;87.429;87.659;87.516;16178
2015.10.25;23:00:00;87.653;87.496;87.566;87.578;2385
2015.10.26;00:00:00;87.776;87.485;87.736;87.56;21288
2015.10.26;04:00:00;87.981;87.71;87.802;87.736;14927
2015.10.26;08:00:00;87.894;87.647;87.836;87.798;25678
2015.10.26;12:00:00;87.859;87.62;87.637;87.834;32561
2015.10.26;16:00:00;87.855;87.547;87.73;87.637;34155
2015.10.26;20:00:00;87.838;87.575;87.628;87.731;19595
2015.10.27;00:00:00;87.738;87.472;87.587;87.62;16196
2015.10.27;04:00:00;87.587;87.081;87.297;87.587;16040
2015.10.27;08:00:00;87.463;87.246;87.294;87.297;27554
2015.10.27;12:00:00;87.296;86.902;87.009;87.294;33723
2015.10.27;16:00:00;87.032;86.591;86.657;87;37764
2015.10.27;20:00:00;86.699;86.461;86.676;86.656;20785
2015.10.28;00:00:00;86.729;85.616;85.744;86.675;26006
2015.10.28;04:00:00;85.803;85.62;85.695;85.743;15542
2015.10.28;08:00:00;85.856;85.686;85.733;85.695;25160
2015.10.28;12:00:00;85.907;85.674;85.844;85.733;31418
2015.10.28;16:00:00;86.24;85.706;86.122;85.845;33765
2015.10.28;20:00:00;86.174;85.599;85.982;86.114;33969
2015.10.29;00:00:00;86.044;85.641;85.743;85.988;20723
2015.10.29;04:00:00;85.864;85.666;85.799;85.744;14166
2015.10.29;08:00:00;85.978;85.503;85.608;85.799;30909
2015.10.29;12:00:00;85.865;85.526;85.753;85.608;35826
2015.10.29;16:00:00;85.914;85.64;85.667;85.746;32194
2015.10.29;20:00:00;85.779;85.574;85.69;85.665;18905
2015.10.30;00:00:00;85.945;85.598;85.837;85.696;19896
2015.10.30;04:00:00;86.271;85.5;86.023;85.837;25808
2015.10.30;08:00:00;86.093;85.498;85.554;86.023;31021
2015.10.30;12:00:00;85.654;85.414;85.497;85.554;35976
2015.10.30;16:00:00;86.247;85.478;86.181;85.497;37598
2015.10.30;20:00:00;86.194;85.976;86.021;86.179;15300
2015.11.02;00:00:00;86.112;85.586;86.018;85.586;20909
2015.11.02;04:00:00;86.04;85.841;85.915;86.018;13398
2015.11.02;08:00:00;86.23;85.9;86.024;85.914;29052
2015.11.02;12:00:00;86.13;85.955;86.027;86.024;28505
2015.11.02;16:00:00;86.246;85.971;86.134;86.027;33086
2015.11.02;20:00:00;86.339;86.081;86.261;86.134;19437
2015.11.03;00:00:00;86.611;86.194;86.482;86.263;20440
2015.11.03;04:00:00;87.008;85.856;86.834;86.483;20383
2015.11.03;08:00:00;87.066;86.657;86.712;86.834;23489
2015.11.03;12:00:00;86.799;86.598;86.711;86.712;25333
2015.11.03;16:00:00;87.076;86.642;87.024;86.713;37882
2015.11.03;20:00:00;87.17;86.928;86.969;87.025;22157
2015.11.04;00:00:00;87.459;86.887;87.435;86.969;25851
2015.11.04;04:00:00;87.57;87.128;87.288;87.433;19756
2015.11.04;08:00:00;87.382;87.112;87.219;87.287;27845
2015.11.04;12:00:00;87.254;86.911;86.922;87.219;27784
2015.11.04;16:00:00;87.083;86.742;86.927;86.924;44315
2015.11.04;20:00:00;86.956;86.729;86.872;86.925;23258
2015.11.05;00:00:00;86.905;86.597;86.754;86.874;21842
2015.11.05;04:00:00;86.935;86.72;86.802;86.753;18092
2015.11.05;08:00:00;86.934;86.657;86.898;86.803;30598
2015.11.05;12:00:00;87.165;86.863;87.109;86.892;34599
2015.11.05;16:00:00;87.298;86.765;87.039;87.107;41180
2015.11.05;20:00:00;87.038;86.842;86.932;87.038;20808
2015.11.06;00:00:00;87.08;86.849;86.913;86.929;22039
2015.11.06;04:00:00;87.064;86.865;87.001;86.913;15362
2015.11.06;08:00:00;87.365;86.983;87.171;87.003;26853
2015.11.06;12:00:00;87.254;86.659;86.777;87.176;31573
2015.11.06;16:00:00;86.942;86.498;86.606;86.777;51486
2015.11.06;20:00:00;86.843;86.605;86.703;86.605;21355
2015.11.09;00:00:00;87.006;86.575;87.006;86.595;18931
2015.11.09;04:00:00;87.099;86.871;87.081;87.008;18090
2015.11.09;08:00:00;87.187;86.919;87.154;87.082;25827
2015.11.09;12:00:00;87.259;87.035;87.061;87.156;28408
2015.11.09;16:00:00;87.104;86.617;86.706;87.06;37840
2015.11.09;20:00:00;86.862;86.614;86.742;86.707;20293
2015.11.10;00:00:00;86.866;86.665;86.845;86.744;21398
2015.11.10;04:00:00;86.885;86.761;86.856;86.844;15731
2015.11.10;08:00:00;87.085;86.846;86.879;86.857;30092
2015.11.10;12:00:00;86.956;86.692;86.718;86.878;34045
2015.11.10;16:00:00;86.756;86.515;86.607;86.718;41342
2015.11.10;20:00:00;86.65;86.452;86.551;86.606;21840
2015.11.11;00:00:00;86.755;86.536;86.705;86.548;23236
2015.11.11;04:00:00;86.934;86.666;86.802;86.706;20008
2015.11.11;08:00:00;86.946;86.771;86.882;86.802;26165
2015.11.11;12:00:00;86.909;86.694;86.89;86.882;23796
2015.11.11;16:00:00;86.98;86.641;86.681;86.891;30020
2015.11.11;20:00:00;86.783;86.637;86.718;86.679;16359
2015.11.12;00:00:00;87.942;86.712;87.876;86.715;28529
2015.11.12;04:00:00;87.891;87.694;87.728;87.876;19702
2015.11.12;08:00:00;87.935;87.633;87.709;87.728;30047
2015.11.12;12:00:00;87.795;87.342;87.393;87.709;29482
2015.11.12;16:00:00;87.511;87.131;87.334;87.392;45076
2015.11.12;20:00:00;87.468;87.277;87.336;87.335;16458
2015.11.13;00:00:00;87.552;87.325;87.506;87.337;24264
2015.11.13;04:00:00;87.543;87.376;87.484;87.506;16193
2015.11.13;08:00:00;87.621;87.363;87.527;87.484;23768
2015.11.13;12:00:00;87.671;87.389;87.45;87.527;30788
2015.11.13;16:00:00;87.573;87.175;87.49;87.451;35190
2015.11.13;20:00:00;87.522;87.327;87.362;87.491;15018
2015.11.16;00:00:00;87.217;86.81;87.056;87.018;26908
2015.11.16;04:00:00;87.175;87.034;87.049;87.057;12480
2015.11.16;08:00:00;87.605;87.052;87.517;87.052;27747
2015.11.16;12:00:00;87.562;87.202;87.23;87.516;31524
2015.11.16;16:00:00;87.365;87.135;87.307;87.231;37514
2015.11.16;20:00:00;87.478;87.306;87.393;87.306;16036
2015.11.17;00:00:00;87.622;87.314;87.563;87.397;23641
2015.11.17;04:00:00;87.565;87.356;87.405;87.563;18586
2015.11.17;08:00:00;87.584;87.235;87.583;87.404;26978
2015.11.17;12:00:00;87.914;87.514;87.873;87.583;30535
2015.11.17;16:00:00;88.009;87.713;87.864;87.872;38638
2015.11.17;20:00:00;87.896;87.73;87.768;87.862;22767
2015.11.18;00:00:00;87.81;87.592;87.601;87.761;18159
2015.11.18;04:00:00;87.671;87.425;87.504;87.6;15880
2015.11.18;08:00:00;87.723;87.43;87.635;87.505;25384
2015.11.18;12:00:00;87.725;87.559;87.601;87.636;26598
2015.11.18;16:00:00;87.708;87.382;87.44;87.602;32489
2015.11.18;20:00:00;87.909;87.375;87.887;87.438;24183
2015.11.19;00:00:00;88.458;87.766;88.33;87.886;25638
2015.11.19;04:00:00;88.386;88.113;88.354;88.33;23726
2015.11.19;08:00:00;88.381;88.204;88.314;88.35;27081
2015.11.19;12:00:00;88.379;88.084;88.102;88.313;27152
2015.11.19;16:00:00;88.505;88.029;88.349;88.102;37817
2015.11.19;20:00:00;88.395;88.271;88.363;88.348;16269
2015.11.20;00:00:00;88.444;88.299;88.386;88.364;22713
2015.11.20;04:00:00;88.588;88.279;88.387;88.385;17091
2015.11.20;08:00:00;88.642;88.352;88.544;88.387;28792
2015.11.20;12:00:00;88.86;88.476;88.83;88.544;25502
2015.11.20;16:00:00;89.005;88.759;88.869;88.83;34457
2015.11.20;20:00:00;88.965;88.832;88.858;88.868;14812
2015.11.23;00:00:00;88.876;88.444;88.538;88.734;19952
2015.11.23;04:00:00;88.537;88.226;88.423;88.536;16615
2015.11.23;08:00:00;88.437;88.268;88.392;88.423;25284
2015.11.23;12:00:00;88.713;88.305;88.46;88.392;29805
2015.11.23;16:00:00;88.506;88.351;88.431;88.455;30153
2015.11.23;20:00:00;88.467;88.223;88.311;88.432;13662
2015.11.24;00:00:00;88.425;88.296;88.362;88.308;21098
2015.11.24;04:00:00;88.412;88.241;88.335;88.363;15712
2015.11.24;08:00:00;88.502;88.023;88.427;88.335;26705
2015.11.24;12:00:00;88.503;88.264;88.303;88.428;28749
2015.11.24;16:00:00;88.718;88.303;88.562;88.303;32367
2015.11.24;20:00:00;88.908;88.561;88.875;88.563;16356
2015.11.25;00:00:00;89.109;88.795;88.82;88.898;22334
2015.11.25;04:00:00;89.041;88.801;88.974;88.82;18581
2015.11.25;08:00:00;89.074;88.84;88.894;88.975;27343
2015.11.25;12:00:00;89.008;88.829;88.978;88.893;30129
2015.11.25;16:00:00;88.997;88.79;88.918;88.978;31801
2015.11.25;20:00:00;89.085;88.891;88.968;88.919;15675
2015.11.26;00:00:00;89.074;88.506;88.669;88.979;20729
2015.11.26;04:00:00;88.799;88.622;88.669;88.668;14355
2015.11.26;08:00:00;88.734;88.467;88.505;88.67;22440
2015.11.26;12:00:00;88.586;88.365;88.549;88.505;19615
2015.11.26;16:00:00;88.689;88.495;88.683;88.547;12786
2015.11.26;20:00:00;88.752;88.539;88.541;88.683;28626
2015.11.27;00:00:00;88.718;88.445;88.587;88.539;20182
2015.11.27;04:00:00;88.641;88.489;88.573;88.587;14207
2015.11.27;08:00:00;88.65;88.097;88.282;88.572;28682
2015.11.27;12:00:00;88.383;88.219;88.288;88.282;24296
2015.11.27;16:00:00;88.378;88.167;88.335;88.289;22796
2015.11.27;20:00:00;88.374;88.221;88.249;88.333;7235
2015.11.30;00:00:00;88.332;88.033;88.167;88.322;17829
2015.11.30;04:00:00;88.305;88.116;88.303;88.166;16409
2015.11.30;08:00:00;88.656;88.225;88.593;88.306;21909
2015.11.30;12:00:00;88.884;88.561;88.874;88.592;22675
2015.11.30;16:00:00;89.407;88.855;89.049;88.875;27775
2015.11.30;20:00:00;89.146;88.915;88.94;89.049;17529
2015.12.01;00:00:00;89.454;88.876;89.342;88.943;22043
2015.12.01;04:00:00;89.457;89.042;89.209;89.343;27330
2015.12.01;08:00:00;89.784;89.183;89.692;89.21;27098
2015.12.01;12:00:00;89.846;89.585;89.671;89.693;22805
2015.12.01;16:00:00;89.984;89.658;89.929;89.671;33869
2015.12.01;20:00:00;90.096;89.89;89.946;89.929;19439
2015.12.02;00:00:00;90.223;89.798;89.902;89.951;19571
2015.12.02;04:00:00;90.047;89.877;89.937;89.902;17923
2015.12.02;08:00:00;90.314;89.88;90.248;89.936;24452
2015.12.02;12:00:00;90.301;90.095;90.23;90.252;25395
2015.12.02;16:00:00;90.474;90.14;90.231;90.229;35176
2015.12.02;20:00:00;90.29;89.9;90.049;90.231;25852
2015.12.03;00:00:00;90.101;89.786;89.915;90.049;21168
2015.12.03;04:00:00;90.353;89.885;90.333;89.914;20198
2015.12.03;08:00:00;90.482;90.234;90.424;90.333;24124
2015.12.03;12:00:00;90.58;90.107;90.407;90.425;36458
2015.12.03;16:00:00;90.445;89.689;90.013;90.408;42003
2015.12.03;20:00:00;90.135;89.828;89.975;90.011;28813
2015.12.04;00:00:00;90.071;89.822;89.924;89.976;25278
2015.12.04;04:00:00;89.953;89.596;89.719;89.924;19175
2015.12.04;08:00:00;90.027;89.643;89.851;89.716;28626
2015.12.04;12:00:00;90.072;89.716;90.041;89.851;35276
2015.12.04;16:00:00;90.713;89.961;90.433;90.038;50260
2015.12.04;20:00:00;90.522;90.304;90.334;90.435;17666
2015.12.07;00:00:00;90.446;90.193;90.372;90.397;22569
2015.12.07;04:00:00;90.468;90.262;90.337;90.373;16368
2015.12.07;08:00:00;90.43;90.044;90.093;90.336;20204
2015.12.07;12:00:00;90.167;89.747;89.83;90.091;22671
2015.12.07;16:00:00;89.874;89.46;89.535;89.831;33625
2015.12.07;20:00:00;89.654;89.498;89.634;89.535;20270
2015.12.08;00:00:00;89.659;89.321;89.505;89.634;20062
2015.12.08;04:00:00;89.511;88.858;88.922;89.505;18998
2015.12.08;08:00:00;89.173;88.574;88.744;88.921;24782
2015.12.08;12:00:00;88.917;88.255;88.322;88.745;26884
2015.12.08;16:00:00;88.873;88.26;88.704;88.321;29242
2015.12.08;20:00:00;88.748;88.556;88.669;88.703;17834
2015.12.09;00:00:00;88.981;88.639;88.809;88.671;20317
2015.12.09;04:00:00;88.809;88.493;88.552;88.809;19816
2015.12.09;08:00:00;88.752;87.972;88.128;88.552;24288
2015.12.09;12:00:00;88.411;88.064;88.158;88.126;24979
2015.12.09;16:00:00;88.447;87.377;87.41;88.157;41510
2015.12.09;20:00:00;87.887;87.281;87.778;87.409;37906
2015.12.10;00:00:00;89.125;87.776;88.726;87.778;33016
2015.12.10;04:00:00;88.787;88.559;88.629;88.724;17656
2015.12.10;08:00:00;88.908;88.471;88.691;88.628;24078
2015.12.10;12:00:00;88.869;88.431;88.542;88.691;28926
2015.12.10;16:00:00;88.872;88.502;88.625;88.543;32134
2015.12.10;20:00:00;88.682;88.422;88.479;88.63;18968
2015.12.11;00:00:00;88.616;88.305;88.559;88.486;21287
2015.12.11;04:00:00;88.607;88.348;88.412;88.558;15175
2015.12.11;08:00:00;88.575;88.027;88.077;88.411;22237
2015.12.11;12:00:00;88.084;87.506;87.663;88.077;29601
2015.12.11;16:00:00;87.696;86.814;86.864;87.662;43425
2015.12.11;20:00:00;87.04;86.783;86.823;86.865;22395
2015.12.14;00:00:00;87.273;86.498;86.783;87.252;22101
2015.12.14;04:00:00;87.275;86.727;87.237;86.783;21091
2015.12.14;08:00:00;87.595;87.159;87.404;87.238;23766
2015.12.14;12:00:00;87.557;86.824;87.453;87.403;31875
2015.12.14;16:00:00;87.706;87.149;87.533;87.455;44056
2015.12.14;20:00:00;87.65;87.374;87.631;87.532;21102
2015.12.15;00:00:00;87.956;87.547;87.768;87.627;22216
2015.12.15;04:00:00;88.12;87.586;87.602;87.768;18137
2015.12.15;08:00:00;87.726;87.229;87.578;87.6;26443
2015.12.15;12:00:00;87.952;87.325;87.534;87.578;28610
2015.12.15;16:00:00;87.637;87.131;87.455;87.534;33799
2015.12.15;20:00:00;87.457;87.452;87.452;87.454;5
