DATE;TIME;HIGH;LOW;CLOSE;OPEN;VOLUME
2015.04.27;12:00:00;1.02844;1.02668;1.02793;1.02788;24630
2015.04.27;16:00:00;1.02932;1.02675;1.02722;1.02794;32875
2015.04.27;20:00:00;1.02815;1.02675;1.02735;1.02721;18498
2015.04.28;00:00:00;1.03203;1.02597;1.0299;1.02758;11338
2015.04.28;04:00:00;1.03246;1.02979;1.03233;1.02991;13931
2015.04.28;08:00:00;1.03329;1.02946;1.02966;1.03231;27763
2015.04.28;12:00:00;1.0354;1.02932;1.03473;1.02966;31182
2015.04.28;16:00:00;1.03716;1.0333;1.03635;1.03474;38562
2015.04.28;20:00:00;1.03935;1.03611;1.03795;1.03638;20427
2015.04.29;00:00:00;1.03922;1.03461;1.03808;1.03861;14463
2015.04.29;04:00:00;1.03915;1.03682;1.03793;1.03808;19650
2015.04.29;08:00:00;1.03821;1.03602;1.03646;1.03794;28791
2015.04.29;12:00:00;1.04184;1.03638;1.041;1.03646;34504
2015.04.29;16:00:00;1.04391;1.04051;1.04204;1.041;52093
2015.04.29;20:00:00;1.04404;1.03868;1.04017;1.04204;32746
2015.04.30;00:00:00;1.05185;1.04129;1.05106;1.04133;17704
2015.04.30;04:00:00;1.05116;1.04808;1.0493;1.05108;22130
2015.04.30;08:00:00;1.05073;1.04264;1.04296;1.04929;40333
2015.04.30;12:00:00;1.04332;1.03852;1.03959;1.04295;36412
2015.04.30;16:00:00;1.04;1.03374;1.03707;1.03963;41476
2015.04.30;20:00:00;1.0381;1.03519;1.0371;1.03707;22546
2015.05.01;00:00:00;1.03957;1.03652;1.03788;1.03705;10656
2015.05.01;04:00:00;1.04088;1.03694;1.03955;1.0379;12067
2015.05.01;08:00:00;1.0411;1.03746;1.04022;1.03957;22584
2015.05.01;12:00:00;1.04041;1.03653;1.03763;1.04023;26054
2015.05.01;16:00:00;1.03943;1.03613;1.03877;1.03762;39733
2015.05.01;20:00:00;1.04048;1.03837;1.04016;1.03876;15012
2015.05.04;00:00:00;1.0413;1.03833;1.03978;1.03833;10593
2015.05.04;04:00:00;1.04102;1.03794;1.03912;1.03977;15059
2015.05.04;08:00:00;1.04085;1.03814;1.03874;1.03912;18512
2015.05.04;12:00:00;1.04071;1.0385;1.03996;1.03875;14928
2015.05.04;16:00:00;1.04225;1.03841;1.042;1.03995;15177
2015.05.04;20:00:00;1.04216;1.03937;1.03937;1.04199;9911
2015.05.05;00:00:00;1.04053;1.03905;1.03928;1.03922;10726
2015.05.05;04:00:00;1.04748;1.0337;1.04694;1.03928;17969
2015.05.05;08:00:00;1.04967;1.04541;1.04851;1.04694;32784
2015.05.05;12:00:00;1.05143;1.04746;1.05105;1.04851;29581
2015.05.05;16:00:00;1.0532;1.04881;1.04972;1.05104;37054
2015.05.05;20:00:00;1.05092;1.04907;1.05043;1.04968;15088
2015.05.06;00:00:00;1.06196;1.04879;1.06139;1.05043;17268
2015.05.06;04:00:00;1.06594;1.0607;1.06461;1.06138;20186
2015.05.06;08:00:00;1.06528;1.06175;1.06476;1.06464;33657
2015.05.06;12:00:00;1.06839;1.06457;1.0652;1.06473;33487
2015.05.06;16:00:00;1.06654;1.0627;1.06357;1.06521;38946
2015.05.06;20:00:00;1.06357;1.05996;1.0624;1.06357;20269
2015.05.07;00:00:00;1.06423;1.06132;1.06172;1.06244;15230
2015.05.07;04:00:00;1.06435;1.05742;1.06352;1.06172;25647
2015.05.07;08:00:00;1.06423;1.06085;1.06242;1.06349;30461
2015.05.07;12:00:00;1.06539;1.06168;1.0647;1.06239;30206
2015.05.07;16:00:00;1.06538;1.06217;1.06221;1.06473;31535
2015.05.07;20:00:00;1.06257;1.06048;1.06115;1.06223;16312
2015.05.08;00:00:00;1.06348;1.05966;1.06057;1.06115;14263
2015.05.08;04:00:00;1.06407;1.05802;1.06072;1.06057;20869
2015.05.08;08:00:00;1.06537;1.06013;1.06376;1.06073;23028
2015.05.08;12:00:00;1.06544;1.05968;1.06164;1.06376;30481
2015.05.08;16:00:00;1.06326;1.05625;1.05732;1.06169;38528
2015.05.08;20:00:00;1.06035;1.05712;1.05881;1.05732;15569
2015.05.11;00:00:00;1.06957;1.06002;1.06808;1.06004;13583
2015.05.11;04:00:00;1.06866;1.0658;1.06834;1.06808;19444
2015.05.11;08:00:00;1.06985;1.06743;1.06981;1.06834;25485
2015.05.11;12:00:00;1.07205;1.06817;1.07193;1.06981;23566
2015.05.11;16:00:00;1.0758;1.07154;1.07464;1.07197;28529
2015.05.11;20:00:00;1.07577;1.0742;1.07546;1.07464;12963
2015.05.12;00:00:00;1.07645;1.0742;1.07594;1.07543;11041
2015.05.12;04:00:00;1.07673;1.07451;1.07662;1.07593;17724
2015.05.12;08:00:00;1.08005;1.07602;1.07993;1.07663;32949
2015.05.12;12:00:00;1.08325;1.07853;1.08142;1.08004;33750
2015.05.12;16:00:00;1.08422;1.08047;1.0835;1.08137;30250
2015.05.12;20:00:00;1.08522;1.08245;1.08279;1.0835;16552
2015.05.13;00:00:00;1.08946;1.07673;1.0805;1.08283;17174
2015.05.13;04:00:00;1.0846;1.0782;1.07898;1.08048;22358
2015.05.13;08:00:00;1.08006;1.07493;1.07773;1.079;27274
2015.05.13;12:00:00;1.08112;1.0767;1.07975;1.0777;34783
2015.05.13;16:00:00;1.08486;1.07971;1.08412;1.07976;36020
2015.05.13;20:00:00;1.08451;1.08256;1.08363;1.08412;13191
2015.05.14;00:00:00;1.0839;1.07331;1.07655;1.08365;17153
2015.05.14;04:00:00;1.07989;1.07655;1.07846;1.07655;20433
2015.05.14;08:00:00;1.07934;1.0752;1.07774;1.07847;30263
2015.05.14;12:00:00;1.08004;1.07747;1.07858;1.07773;28422
2015.05.14;16:00:00;1.07903;1.07497;1.07789;1.07862;31114
2015.05.14;20:00:00;1.07826;1.07601;1.077;1.0779;13685
2015.05.15;00:00:00;1.07974;1.07651;1.07918;1.07708;15582
2015.05.15;04:00:00;1.07986;1.0771;1.07767;1.0792;18858
2015.05.15;08:00:00;1.0795;1.07623;1.07656;1.07766;30591
2015.05.15;12:00:00;1.07773;1.07497;1.0761;1.07658;24077
2015.05.15;16:00:00;1.07748;1.07412;1.07469;1.07612;32106
2015.05.15;20:00:00;1.07691;1.07344;1.07481;1.0747;12776
2015.05.18;00:00:00;1.07983;1.07618;1.07691;1.07748;10872
2015.05.18;04:00:00;1.08021;1.07687;1.07861;1.07692;14317
2015.05.18;08:00:00;1.07976;1.07683;1.07944;1.07861;24576
2015.05.18;12:00:00;1.08041;1.07771;1.08031;1.07943;24035
2015.05.18;16:00:00;1.08297;1.08026;1.08181;1.08032;27260
2015.05.18;20:00:00;1.08382;1.08042;1.08072;1.08181;14486
2015.05.19;00:00:00;1.08486;1.07944;1.08254;1.08074;13799
2015.05.19;04:00:00;1.08362;1.07534;1.07652;1.08256;21609
2015.05.19;08:00:00;1.07867;1.07444;1.07452;1.07653;32469
2015.05.19;12:00:00;1.07746;1.07451;1.07554;1.07452;28583
2015.05.19;16:00:00;1.07853;1.07523;1.07744;1.07556;31435
2015.05.19;20:00:00;1.07853;1.0763;1.07721;1.07743;12938
2015.05.20;00:00:00;1.07847;1.07462;1.07597;1.07721;17282
2015.05.20;04:00:00;1.07671;1.07512;1.07571;1.07598;17806
2015.05.20;08:00:00;1.07713;1.07428;1.07644;1.07573;33653
2015.05.20;12:00:00;1.07717;1.07502;1.07588;1.07643;26135
2015.05.20;16:00:00;1.07979;1.07555;1.07893;1.07587;31256
2015.05.20;20:00:00;1.08012;1.07682;1.07725;1.07894;28063
2015.05.21;00:00:00;1.07948;1.07654;1.07864;1.07726;11803
2015.05.21;04:00:00;1.07916;1.07688;1.0776;1.07864;22170
2015.05.21;08:00:00;1.08032;1.07691;1.07911;1.07761;31191
2015.05.21;12:00:00;1.07996;1.07748;1.07748;1.07911;27803
2015.05.21;16:00:00;1.07829;1.07642;1.07723;1.07751;32546
2015.05.21;20:00:00;1.07784;1.07344;1.07356;1.07722;16600
2015.05.22;00:00:00;1.07499;1.07164;1.07175;1.07385;20359
2015.05.22;04:00:00;1.07275;1.07031;1.07201;1.07173;23776
2015.05.22;08:00:00;1.07355;1.0712;1.07137;1.072;27316
2015.05.22;12:00:00;1.07192;1.06962;1.07107;1.07138;30526
2015.05.22;16:00:00;1.0717;1.06922;1.06927;1.07106;35211
2015.05.22;20:00:00;1.07157;1.06876;1.06992;1.06927;14871
2015.05.25;00:00:00;1.07082;1.06817;1.07034;1.06899;14138
2015.05.25;04:00:00;1.07192;1.0695;1.07104;1.07034;25373
2015.05.25;08:00:00;1.07171;1.06955;1.07127;1.07104;25256
2015.05.25;12:00:00;1.07256;1.07079;1.07109;1.07127;14528
2015.05.25;16:00:00;1.07123;1.06988;1.0705;1.07105;10157
2015.05.25;20:00:00;1.07068;1.06964;1.06969;1.07046;18273
2015.05.26;00:00:00;1.07082;1.06929;1.06992;1.06969;11599
2015.05.26;04:00:00;1.07179;1.06938;1.07045;1.06992;16284
2015.05.26;08:00:00;1.07082;1.06874;1.06961;1.07044;35523
2015.05.26;12:00:00;1.07017;1.06768;1.0686;1.06961;33089
2015.05.26;16:00:00;1.07059;1.06734;1.06979;1.0686;37501
2015.05.26;20:00:00;1.07053;1.06872;1.06934;1.0698;16733
2015.05.27;00:00:00;1.07;1.06772;1.06901;1.06841;9002
2015.05.27;04:00:00;1.0705;1.06794;1.06814;1.06901;21237
2015.05.27;08:00:00;1.0696;1.06781;1.06839;1.0681;30841
2015.05.27;12:00:00;1.06863;1.0659;1.06623;1.06838;32567
2015.05.27;16:00:00;1.06788;1.06487;1.06758;1.06623;37101
2015.05.27;20:00:00;1.06967;1.06285;1.06285;1.06757;16465
2015.05.28;00:00:00;1.06833;1.06224;1.06736;1.06228;14840
2015.05.28;04:00:00;1.0682;1.06029;1.06106;1.06736;26556
2015.05.28;08:00:00;1.06238;1.05906;1.05961;1.06107;35930
2015.05.28;12:00:00;1.06794;1.05748;1.0673;1.05965;37806
2015.05.28;16:00:00;1.06894;1.06613;1.06684;1.06731;38425
2015.05.28;20:00:00;1.06728;1.0647;1.0653;1.06683;19495
2015.05.29;00:00:00;1.06837;1.06363;1.06707;1.06526;16176
2015.05.29;04:00:00;1.07407;1.06716;1.07265;1.06716;23049
2015.05.29;08:00:00;1.07669;1.07158;1.07529;1.07263;31245
2015.05.29;12:00:00;1.07549;1.07233;1.07392;1.0753;34651
2015.05.29;16:00:00;1.07858;1.07221;1.0774;1.07391;37513
2015.05.29;20:00:00;1.07839;1.07398;1.07398;1.0774;12335
2015.06.01;00:00:00;1.07877;1.07533;1.07797;1.07657;10039
2015.06.01;04:00:00;1.07928;1.0756;1.07781;1.07797;18462
2015.06.01;08:00:00;1.07826;1.07399;1.07511;1.07781;26006
2015.06.01;12:00:00;1.07519;1.07037;1.07049;1.0751;26978
2015.06.01;16:00:00;1.0728;1.06977;1.07263;1.07051;33898
2015.06.01;20:00:00;1.07377;1.07162;1.07254;1.07262;14805
2015.06.02;00:00:00;1.07319;1.07013;1.07223;1.07253;17013
2015.06.02;04:00:00;1.08031;1.0714;1.07851;1.07223;27619
2015.06.02;08:00:00;1.08213;1.07814;1.08191;1.07852;34462
2015.06.02;12:00:00;1.08222;1.07898;1.07908;1.08191;40168
2015.06.02;16:00:00;1.08347;1.07855;1.08184;1.07906;47963
2015.06.02;20:00:00;1.08336;1.08104;1.08185;1.0818;21783
2015.06.03;00:00:00;1.08429;1.0817;1.08314;1.08189;19955
2015.06.03;04:00:00;1.08868;1.08294;1.08656;1.08314;25014
2015.06.03;08:00:00;1.08883;1.0854;1.08778;1.08656;32073
2015.06.03;12:00:00;1.08983;1.08675;1.08926;1.08773;31324
2015.06.03;16:00:00;1.0912;1.08694;1.09024;1.08924;41008
2015.06.03;20:00:00;1.09028;1.08704;1.08808;1.09025;17781
2015.06.04;00:00:00;1.08842;1.0855;1.08591;1.08806;15259
2015.06.04;04:00:00;1.08627;1.08044;1.08369;1.08591;20631
2015.06.04;08:00:00;1.08391;1.08101;1.08337;1.08368;29717
2015.06.04;12:00:00;1.08502;1.08042;1.08132;1.0834;27694
2015.06.04;16:00:00;1.08145;1.07619;1.07825;1.08132;31506
2015.06.04;20:00:00;1.07989;1.07714;1.07773;1.07827;17018
2015.06.05;00:00:00;1.07959;1.07723;1.07956;1.07756;18121
2015.06.05;04:00:00;1.07989;1.07714;1.07859;1.07961;19344
2015.06.05;08:00:00;1.0796;1.0773;1.07934;1.07859;26594
2015.06.05;12:00:00;1.08542;1.07545;1.08147;1.07937;28505
2015.06.05;16:00:00;1.08455;1.08026;1.08096;1.08147;41546
2015.06.05;20:00:00;1.08295;1.07992;1.08026;1.08095;14095
2015.06.08;00:00:00;1.08218;1.07973;1.08052;1.08082;9187
2015.06.08;04:00:00;1.08271;1.07885;1.07894;1.08052;17002
2015.06.08;08:00:00;1.08218;1.0789;1.0815;1.07891;29758
2015.06.08;12:00:00;1.08158;1.07771;1.07813;1.08151;20635
2015.06.08;16:00:00;1.07952;1.07739;1.07832;1.07813;21784
2015.06.08;20:00:00;1.079;1.0758;1.07767;1.07831;17689
2015.06.09;00:00:00;1.07947;1.07628;1.07947;1.07814;12029
2015.06.09;04:00:00;1.08209;1.07876;1.08126;1.07948;19713
2015.06.09;08:00:00;1.08185;1.07732;1.07832;1.08125;33140
2015.06.09;12:00:00;1.07834;1.07384;1.07745;1.07832;33791
2015.06.09;16:00:00;1.0786;1.07502;1.07558;1.07745;30671
2015.06.09;20:00:00;1.07813;1.07492;1.07782;1.07558;12388
2015.06.10;00:00:00;1.07782;1.07391;1.07489;1.07782;17300
2015.06.10;04:00:00;1.07743;1.07094;1.07507;1.07489;26560
2015.06.10;08:00:00;1.08033;1.07445;1.07939;1.07507;45314
2015.06.10;12:00:00;1.07966;1.07566;1.07738;1.07935;31309
2015.06.10;16:00:00;1.07866;1.07565;1.07689;1.07738;33563
2015.06.10;20:00:00;1.07864;1.07428;1.07471;1.07689;17825
2015.06.11;00:00:00;1.10203;1.08669;1.0983;1.08706;20904
2015.06.11;04:00:00;1.1068;1.0957;1.10629;1.0983;21336
2015.06.11;08:00:00;1.10783;1.10238;1.10353;1.10629;33620
2015.06.11;12:00:00;1.10462;1.10087;1.10301;1.10354;32945
2015.06.11;16:00:00;1.10602;1.10226;1.10481;1.103;33365
2015.06.11;20:00:00;1.10646;1.10453;1.10549;1.10481;16810
2015.06.12;00:00:00;1.10611;1.10282;1.10465;1.10547;17553
2015.06.12;04:00:00;1.10503;1.10335;1.1042;1.10466;19253
2015.06.12;08:00:00;1.10539;1.10292;1.104;1.10419;29649
2015.06.12;12:00:00;1.10546;1.10291;1.10475;1.104;30182
2015.06.12;16:00:00;1.10936;1.1045;1.10714;1.10476;30522
2015.06.12;20:00:00;1.10798;1.10442;1.10484;1.10716;10772
2015.06.15;00:00:00;1.10849;1.10461;1.10544;1.1083;11452
2015.06.15;04:00:00;1.10776;1.10536;1.10636;1.10536;21645
2015.06.15;08:00:00;1.10744;1.10554;1.10682;1.10634;30180
2015.06.15;12:00:00;1.11072;1.10682;1.10913;1.10682;24256
2015.06.15;16:00:00;1.1114;1.10808;1.10892;1.10912;21605
2015.06.15;20:00:00;1.11052;1.10819;1.10917;1.10892;16513
2015.06.16;00:00:00;1.10957;1.10704;1.10877;1.10913;16391
2015.06.16;04:00:00;1.11065;1.10669;1.11004;1.10878;20963
2015.06.16;08:00:00;1.11032;1.10704;1.10752;1.11004;21614
2015.06.16;12:00:00;1.10931;1.10739;1.10819;1.10752;18730
2015.06.16;16:00:00;1.11154;1.10813;1.10904;1.10819;17355
2015.06.16;20:00:00;1.10932;1.1072;1.10867;1.10904;8940
2015.06.17;00:00:00;1.11029;1.10747;1.1089;1.10857;16496
2015.06.17;04:00:00;1.10919;1.10717;1.10829;1.10891;20162
2015.06.17;08:00:00;1.10967;1.10721;1.10865;1.10825;28078
2015.06.17;12:00:00;1.10887;1.10734;1.10824;1.10867;24535
2015.06.17;16:00:00;1.11053;1.10818;1.10847;1.10824;22770
2015.06.17;20:00:00;1.11201;1.10626;1.10828;1.10845;35931
2015.06.18;00:00:00;1.12149;1.1073;1.12043;1.10808;22158
2015.06.18;04:00:00;1.12135;1.11823;1.11985;1.12043;19609
2015.06.18;08:00:00;1.12429;1.11952;1.12401;1.11987;32323
2015.06.18;12:00:00;1.12781;1.12278;1.12538;1.12399;32052
2015.06.18;16:00:00;1.12845;1.12489;1.12748;1.12536;27736
2015.06.18;20:00:00;1.12759;1.12354;1.12523;1.1275;20882
2015.06.19;00:00:00;1.12671;1.1244;1.12567;1.12505;18822
2015.06.19;04:00:00;1.12634;1.12166;1.12243;1.12563;22228
2015.06.19;08:00:00;1.12519;1.12163;1.12503;1.12242;30437
2015.06.19;12:00:00;1.12557;1.12241;1.12302;1.12501;23636
2015.06.19;16:00:00;1.12521;1.12283;1.12489;1.12303;20474
2015.06.19;20:00:00;1.12611;1.12381;1.12392;1.1249;11958
2015.06.22;00:00:00;1.12648;1.12352;1.12605;1.12417;11529
2015.06.22;04:00:00;1.12672;1.12423;1.1248;1.12605;18094
2015.06.22;08:00:00;1.12708;1.12385;1.12702;1.12481;26473
2015.06.22;12:00:00;1.12878;1.12687;1.12768;1.12702;24949
2015.06.22;16:00:00;1.12948;1.12495;1.125;1.12767;25926
2015.06.22;20:00:00;1.126;1.12429;1.12534;1.125;14746
2015.06.23;00:00:00;1.12651;1.12445;1.12566;1.1254;15930
2015.06.23;04:00:00;1.12603;1.12298;1.12425;1.12568;21187
2015.06.23;08:00:00;1.12829;1.12391;1.12781;1.12425;25533
2015.06.23;12:00:00;1.12874;1.12627;1.12779;1.12779;25532
2015.06.23;16:00:00;1.12979;1.12603;1.12943;1.12781;27899
2015.06.23;20:00:00;1.12959;1.12809;1.12841;1.1294;17879
2015.06.24;00:00:00;1.12938;1.12682;1.12917;1.12803;15365
2015.06.24;04:00:00;1.12973;1.12465;1.12538;1.12916;19514
2015.06.24;08:00:00;1.12756;1.12432;1.12601;1.12537;27978
2015.06.24;12:00:00;1.12682;1.12323;1.12323;1.12601;25409
2015.06.24;16:00:00;1.12365;1.11823;1.11896;1.12324;28538
2015.06.24;20:00:00;1.11946;1.11603;1.11722;1.11896;18293
2015.06.25;00:00:00;1.11932;1.11733;1.11779;1.11733;19159
2015.06.25;04:00:00;1.11982;1.11629;1.11911;1.11777;22001
2015.06.25;08:00:00;1.12148;1.11893;1.12141;1.11912;23595
2015.06.25;12:00:00;1.12219;1.11815;1.11915;1.12141;23307
2015.06.25;16:00:00;1.12106;1.11837;1.12079;1.11917;17989
2015.06.25;20:00:00;1.12117;1.11921;1.11949;1.12075;16412
2015.06.26;00:00:00;1.12612;1.11769;1.1214;1.11855;19136
2015.06.26;04:00:00;1.12168;1.11915;1.1207;1.1214;22895
2015.06.26;08:00:00;1.12152;1.11917;1.12095;1.1207;22037
2015.06.26;12:00:00;1.12126;1.11686;1.11691;1.12093;20406
2015.06.26;16:00:00;1.12078;1.11628;1.11917;1.11688;26640
2015.06.26;20:00:00;1.11972;1.11763;1.11919;1.11914;11504
2015.06.29;00:00:00;1.11941;1.11307;1.11693;1.11314;21747
2015.06.29;04:00:00;1.12069;1.1165;1.11935;1.11691;28012
2015.06.29;08:00:00;1.12137;1.11746;1.12118;1.11934;33877
2015.06.29;12:00:00;1.12182;1.11906;1.12099;1.12118;21527
2015.06.29;16:00:00;1.12338;1.11975;1.12018;1.12098;28078
2015.06.29;20:00:00;1.12178;1.11898;1.12043;1.12019;16701
2015.06.30;00:00:00;1.12272;1.11937;1.12167;1.12043;15376
2015.06.30;04:00:00;1.12829;1.12113;1.12697;1.12167;28249
2015.06.30;08:00:00;1.1347;1.12619;1.13464;1.12699;31564
2015.06.30;12:00:00;1.13802;1.13413;1.13688;1.13463;28147
2015.06.30;16:00:00;1.13866;1.13535;1.13775;1.13694;26931
2015.06.30;20:00:00;1.13902;1.13668;1.13877;1.13775;21556
2015.07.01;00:00:00;1.13863;1.13285;1.13496;1.13863;25500
2015.07.01;04:00:00;1.13734;1.13331;1.13528;1.13487;21673
2015.07.01;08:00:00;1.13754;1.13316;1.1369;1.1353;23791
2015.07.01;12:00:00;1.13803;1.13424;1.1348;1.13689;24179
2015.07.01;16:00:00;1.1371;1.13265;1.13419;1.13479;25410
2015.07.01;20:00:00;1.13522;1.13294;1.13456;1.13419;15098
2015.07.02;00:00:00;1.14138;1.13425;1.14012;1.13472;21877
2015.07.02;04:00:00;1.14145;1.13791;1.14106;1.14011;22494
2015.07.02;08:00:00;1.14285;1.13776;1.13784;1.14106;28700
2015.07.02;12:00:00;1.13913;1.13436;1.13695;1.13784;30047
2015.07.02;16:00:00;1.13716;1.13334;1.13393;1.13695;27556
2015.07.02;20:00:00;1.13541;1.13335;1.13501;1.13389;17729
2015.07.03;00:00:00;1.1368;1.13418;1.13616;1.13482;20737
2015.07.03;04:00:00;1.13635;1.12729;1.12837;1.13618;23200
2015.07.03;08:00:00;1.13101;1.12679;1.12679;1.12837;24625
2015.07.03;12:00:00;1.1277;1.12174;1.12491;1.1267;25685
2015.07.03;16:00:00;1.12507;1.1222;1.12409;1.1249;17890
2015.07.03;20:00:00;1.12591;1.12005;1.12144;1.12414;6469
2015.07.06;00:00:00;1.12335;1.11835;1.12265;1.11933;13549
2015.07.06;04:00:00;1.12375;1.11844;1.12036;1.12265;16165
2015.07.06;08:00:00;1.12332;1.11804;1.12154;1.12036;28698
2015.07.06;12:00:00;1.12198;1.11868;1.11946;1.12153;20342
2015.07.06;16:00:00;1.12281;1.11893;1.12202;1.11946;23747
2015.07.06;20:00:00;1.12272;1.11884;1.12093;1.12202;10148
2015.07.07;00:00:00;1.12422;1.12;1.12083;1.12096;17677
2015.07.07;04:00:00;1.12323;1.11788;1.1231;1.12085;27117
2015.07.07;08:00:00;1.12505;1.12074;1.12177;1.12309;30398
2015.07.07;12:00:00;1.12211;1.11805;1.11977;1.12181;30079
2015.07.07;16:00:00;1.11993;1.1147;1.11554;1.11978;29280
2015.07.07;20:00:00;1.12047;1.11554;1.11984;1.11554;13798
2015.07.08;00:00:00;1.12047;1.11571;1.1164;1.11975;23479
2015.07.08;04:00:00;1.11786;1.11373;1.11493;1.11647;33609
2015.07.08;08:00:00;1.11662;1.10824;1.10887;1.11494;33144
2015.07.08;12:00:00;1.10912;1.10483;1.1077;1.10887;22198
2015.07.08;16:00:00;1.1083;1.10327;1.10488;1.1077;32311
2015.07.08;20:00:00;1.10528;1.1009;1.10352;1.10487;15254
2015.07.09;00:00:00;1.10627;1.1021;1.10447;1.10353;15210
2015.07.09;04:00:00;1.10934;1.10342;1.10886;1.1045;25663
2015.07.09;08:00:00;1.11172;1.10822;1.10914;1.10886;24906
2015.07.09;12:00:00;1.10934;1.10512;1.10576;1.10916;26240
2015.07.09;16:00:00;1.10679;1.10316;1.10635;1.10576;23723
2015.07.09;20:00:00;1.10677;1.10395;1.10395;1.10638;15404
2015.07.10;00:00:00;1.10696;1.10169;1.10662;1.10372;17517
2015.07.10;04:00:00;1.10886;1.10574;1.10593;1.10661;19557
2015.07.10;08:00:00;1.10731;1.1028;1.10362;1.10594;20965
2015.07.10;12:00:00;1.10833;1.10288;1.10654;1.10362;21371
2015.07.10;16:00:00;1.10889;1.10544;1.1085;1.10653;23150
2015.07.10;20:00:00;1.10941;1.10386;1.10552;1.10845;8568
2015.07.13;00:00:00;1.10819;1.10522;1.10595;1.10522;12237
2015.07.13;04:00:00;1.1061;1.10396;1.1052;1.10595;25456
2015.07.13;08:00:00;1.10824;1.10415;1.10699;1.10522;40748
2015.07.13;12:00:00;1.10879;1.10538;1.10546;1.107;25162
2015.07.13;16:00:00;1.10658;1.10465;1.10577;1.10549;24101
2015.07.13;20:00:00;1.10749;1.10519;1.10599;1.10575;19266
2015.07.14;00:00:00;1.10877;1.10523;1.10816;1.1059;20721
2015.07.14;04:00:00;1.11197;1.10685;1.11175;1.10814;19054
2015.07.14;08:00:00;1.11284;1.10888;1.10991;1.11176;26898
2015.07.14;12:00:00;1.11345;1.10751;1.11021;1.10992;25099
2015.07.14;16:00:00;1.11151;1.10894;1.11025;1.11018;21510
2015.07.14;20:00:00;1.1108;1.10916;1.10931;1.11023;9885
2015.07.15;00:00:00;1.11152;1.10837;1.11126;1.10946;23990
2015.07.15;04:00:00;1.11477;1.11051;1.11368;1.11126;24040
2015.07.15;08:00:00;1.11593;1.11227;1.11387;1.11371;25789
2015.07.15;12:00:00;1.11557;1.11385;1.11441;1.11386;21351
2015.07.15;16:00:00;1.11833;1.11386;1.11646;1.11442;30212
2015.07.15;20:00:00;1.11934;1.11579;1.11899;1.11646;17057
2015.07.16;00:00:00;1.12389;1.11726;1.12371;1.11897;20807
2015.07.16;04:00:00;1.13031;1.1234;1.129;1.12372;29732
2015.07.16;08:00:00;1.13284;1.12859;1.1313;1.12898;27947
2015.07.16;12:00:00;1.1349;1.13119;1.13312;1.1313;22511
2015.07.16;16:00:00;1.13687;1.13255;1.13666;1.13311;22704
2015.07.16;20:00:00;1.13779;1.13522;1.1361;1.13667;14595
2015.07.17;00:00:00;1.13757;1.13557;1.13645;1.13628;26419
2015.07.17;04:00:00;1.13673;1.13292;1.13359;1.13642;24923
2015.07.17;08:00:00;1.13482;1.13116;1.13191;1.13359;25885
2015.07.17;12:00:00;1.13213;1.12839;1.12922;1.1319;19019
2015.07.17;16:00:00;1.13071;1.12731;1.13052;1.12922;19715
2015.07.17;20:00:00;1.13096;1.12925;1.12975;1.13047;10280
2015.07.20;00:00:00;1.13213;1.12975;1.13036;1.1307;11232
2015.07.20;04:00:00;1.13043;1.12042;1.12104;1.13036;28379
2015.07.20;08:00:00;1.12368;1.11844;1.12229;1.12104;32201
2015.07.20;12:00:00;1.12252;1.12019;1.12161;1.12227;23366
2015.07.20;16:00:00;1.12405;1.1215;1.12309;1.12163;19965
2015.07.20;20:00:00;1.12316;1.12103;1.12187;1.12306;17895
2015.07.21;00:00:00;1.12347;1.11831;1.1192;1.12124;19947
2015.07.21;04:00:00;1.11982;1.11457;1.11532;1.11921;33202
2015.07.21;08:00:00;1.11601;1.11249;1.11484;1.1153;38060
2015.07.21;12:00:00;1.11738;1.11404;1.11687;1.11484;30023
2015.07.21;16:00:00;1.12102;1.11661;1.11917;1.11687;32933
2015.07.21;20:00:00;1.12008;1.11759;1.11917;1.11913;21636
2015.07.22;00:00:00;1.12158;1.1163;1.11917;1.11905;18830
2015.07.22;04:00:00;1.12166;1.11395;1.12098;1.11917;34888
2015.07.22;08:00:00;1.12269;1.11919;1.11948;1.12103;28296
2015.07.22;12:00:00;1.1225;1.11935;1.12084;1.11948;22555
2015.07.22;16:00:00;1.12293;1.12008;1.12091;1.12084;23376
2015.07.22;20:00:00;1.12248;1.11873;1.11873;1.12091;14725
2015.07.23;00:00:00;1.1201;1.10894;1.11351;1.11912;24248
2015.07.23;04:00:00;1.11453;1.11136;1.11204;1.11351;26235
2015.07.23;08:00:00;1.11234;1.10645;1.10755;1.11201;29684
2015.07.23;12:00:00;1.11049;1.10708;1.1092;1.10755;20642
2015.07.23;16:00:00;1.11036;1.10795;1.10915;1.10923;24900
2015.07.23;20:00:00;1.11349;1.10899;1.11238;1.10915;16969
2015.07.24;00:00:00;1.11437;1.11079;1.11163;1.11239;22357
2015.07.24;04:00:00;1.11257;1.10595;1.10778;1.11162;29587
2015.07.24;08:00:00;1.11043;1.10547;1.10936;1.10776;23150
2015.07.24;12:00:00;1.10944;1.10598;1.10633;1.10937;20890
2015.07.24;16:00:00;1.10734;1.10432;1.10568;1.10636;23728
2015.07.24;20:00:00;1.10906;1.10558;1.10689;1.10568;7199
2015.07.27;00:00:00;1.10723;1.10495;1.10575;1.10582;15934
2015.07.27;04:00:00;1.10612;1.10404;1.106;1.10575;23134
2015.07.27;08:00:00;1.10615;1.1009;1.10195;1.10601;28612
2015.07.27;12:00:00;1.10406;1.10159;1.10234;1.10196;22244
2015.07.27;16:00:00;1.1036;1.10018;1.10064;1.10236;24914
2015.07.27;20:00:00;1.10156;1.09967;1.10026;1.10065;9609
2015.07.28;00:00:00;1.10125;1.09646;1.09654;1.10026;18469
2015.07.28;04:00:00;1.09978;1.0949;1.09666;1.09654;29350
2015.07.28;08:00:00;1.09884;1.09402;1.09631;1.09666;25937
2015.07.28;12:00:00;1.09829;1.09554;1.09598;1.0963;20968
2015.07.28;16:00:00;1.09611;1.09341;1.09545;1.09594;25071
2015.07.28;20:00:00;1.09747;1.09473;1.09535;1.09545;15357
2015.07.29;00:00:00;1.09966;1.08943;1.09408;1.09515;20142
2015.07.29;04:00:00;1.09446;1.09144;1.0921;1.0941;25141
2015.07.29;08:00:00;1.09472;1.09046;1.09458;1.09208;25965
2015.07.29;12:00:00;1.09552;1.09365;1.09473;1.09457;19621
2015.07.29;16:00:00;1.09522;1.09214;1.09258;1.09468;23769
2015.07.29;20:00:00;1.09445;1.09098;1.09365;1.09261;25520
2015.07.30;00:00:00;1.09992;1.09292;1.09941;1.09342;19154
2015.07.30;04:00:00;1.10338;1.09881;1.10227;1.09939;23391
2015.07.30;08:00:00;1.10317;1.1;1.10109;1.10229;22744
2015.07.30;12:00:00;1.10297;1.09988;1.10234;1.1011;23471
2015.07.30;16:00:00;1.10698;1.10133;1.10417;1.10235;29286
2015.07.30;20:00:00;1.10532;1.10309;1.1039;1.10419;20281
2015.07.31;00:00:00;1.10539;1.10153;1.10485;1.10389;23789
2015.07.31;04:00:00;1.10957;1.10492;1.10827;1.10492;26340
2015.07.31;08:00:00;1.11109;1.10728;1.11021;1.10827;27346
2015.07.31;12:00:00;1.11029;1.10473;1.10724;1.1102;26982
2015.07.31;16:00:00;1.10772;1.10187;1.10646;1.10723;37465
2015.07.31;20:00:00;1.10924;1.10615;1.10721;1.10646;16340
2015.08.03;00:00:00;1.10959;1.10535;1.10901;1.10743;16575
2015.08.03;04:00:00;1.10979;1.10702;1.10719;1.10901;22834
2015.08.03;08:00:00;1.1084;1.10505;1.10634;1.10721;21826
2015.08.03;12:00:00;1.1068;1.10201;1.1029;1.10635;23448
2015.08.03;16:00:00;1.1036;1.10099;1.10116;1.1029;26331
2015.08.03;20:00:00;1.11002;1.10092;1.10954;1.10116;14705
2015.08.04;00:00:00;1.11197;1.10666;1.10721;1.10902;25022
2015.08.04;04:00:00;1.11979;1.1071;1.11975;1.10714;32213
2015.08.04;08:00:00;1.12054;1.11738;1.1179;1.11976;32573
2015.08.04;12:00:00;1.12279;1.11762;1.12235;1.11791;24259
2015.08.04;16:00:00;1.1272;1.12222;1.12625;1.12234;27182
2015.08.04;20:00:00;1.13071;1.1263;1.12799;1.1263;20683
2015.08.05;00:00:00;1.13011;1.12655;1.12717;1.12795;23134
2015.08.05;04:00:00;1.12905;1.12639;1.12652;1.12725;26054
2015.08.05;08:00:00;1.12789;1.12424;1.1267;1.12651;26562
2015.08.05;12:00:00;1.12791;1.12447;1.12486;1.12662;25172
2015.08.05;16:00:00;1.1297;1.12345;1.12871;1.12486;31439
2015.08.05;20:00:00;1.13166;1.128;1.12922;1.12871;15574
2015.08.06;00:00:00;1.12995;1.1248;1.12535;1.12891;21680
2015.08.06;04:00:00;1.12977;1.12008;1.12083;1.12531;29101
2015.08.06;08:00:00;1.12226;1.11913;1.12071;1.12082;26646
2015.08.06;12:00:00;1.12258;1.1194;1.12245;1.12072;22891
2015.08.06;16:00:00;1.12296;1.1205;1.12145;1.12245;23249
2015.08.06;20:00:00;1.12218;1.12005;1.12044;1.12146;19162
2015.08.07;00:00:00;1.12253;1.11986;1.12145;1.12016;20455
2015.08.07;04:00:00;1.12902;1.12087;1.12256;1.12146;27392
2015.08.07;08:00:00;1.12419;1.1211;1.12351;1.12258;24003
2015.08.07;12:00:00;1.12579;1.1205;1.12477;1.12353;24605
2015.08.07;16:00:00;1.12495;1.11953;1.12131;1.12476;36749
2015.08.07;20:00:00;1.12141;1.11723;1.11933;1.12133;15168
2015.08.10;00:00:00;1.12161;1.11857;1.11899;1.11943;18466
2015.08.10;04:00:00;1.1195;1.11728;1.11892;1.11899;26155
2015.08.10;08:00:00;1.12135;1.11772;1.12116;1.11894;23667
2015.08.10;12:00:00;1.12184;1.1188;1.12004;1.1212;19101
2015.08.10;16:00:00;1.12235;1.11957;1.1205;1.12006;27840
2015.08.10;20:00:00;1.12104;1.11857;1.11912;1.12055;22497
2015.08.11;00:00:00;1.12182;1.1187;1.12121;1.11902;27671
2015.08.11;04:00:00;1.12211;1.11674;1.11682;1.12121;37563
2015.08.11;08:00:00;1.11996;1.11622;1.11923;1.11682;36266
2015.08.11;12:00:00;1.11948;1.11652;1.11686;1.11922;22946
2015.08.11;16:00:00;1.11731;1.1133;1.11645;1.11687;31009
2015.08.11;20:00:00;1.11748;1.11545;1.11686;1.11645;11665
2015.08.12;00:00:00;1.11755;1.11478;1.11696;1.11692;21254
2015.08.12;04:00:00;1.11859;1.11266;1.11542;1.11696;32598
2015.08.12;08:00:00;1.11618;1.10962;1.11154;1.1154;34344
2015.08.12;12:00:00;1.11554;1.11009;1.11549;1.11152;30465
2015.08.12;16:00:00;1.11567;1.10988;1.11223;1.11549;31851
2015.08.12;20:00:00;1.11543;1.11179;1.11401;1.11223;12596
2015.08.13;00:00:00;1.11715;1.11322;1.1159;1.11401;16321
2015.08.13;04:00:00;1.11673;1.11198;1.11581;1.11594;20474
2015.08.13;08:00:00;1.11743;1.11352;1.11677;1.11581;20528
2015.08.13;12:00:00;1.11871;1.1148;1.11754;1.11684;19418
2015.08.13;16:00:00;1.1218;1.11625;1.12085;1.1175;27927
2015.08.13;20:00:00;1.12126;1.11878;1.11913;1.12083;24660
2015.08.14;00:00:00;1.12611;1.11846;1.12562;1.11871;23453
2015.08.14;04:00:00;1.12931;1.12563;1.12787;1.12563;26252
2015.08.14;08:00:00;1.13027;1.12727;1.12901;1.12787;24966
2015.08.14;12:00:00;1.1294;1.1253;1.12757;1.12902;21533
2015.08.14;16:00:00;1.12765;1.12487;1.12679;1.12759;26437
2015.08.14;20:00:00;1.12872;1.12644;1.12772;1.1268;9305
2015.08.17;00:00:00;1.12808;1.12521;1.12767;1.12606;11354
2015.08.17;04:00:00;1.12843;1.12614;1.12744;1.12768;18240
2015.08.17;08:00:00;1.12768;1.12363;1.12386;1.12746;19794
2015.08.17;12:00:00;1.12575;1.12075;1.12144;1.12385;18393
2015.08.17;16:00:00;1.12293;1.12131;1.1225;1.12144;24167
2015.08.17;20:00:00;1.12261;1.12086;1.12124;1.12245;20748
2015.08.18;00:00:00;1.12185;1.11931;1.11975;1.12094;28839
2015.08.18;04:00:00;1.11987;1.11618;1.1167;1.11975;36527
2015.08.18;08:00:00;1.11693;1.11479;1.1165;1.1167;26950
2015.08.18;12:00:00;1.11774;1.1145;1.11578;1.11648;24320
2015.08.18;16:00:00;1.11698;1.11147;1.11415;1.11579;25123
2015.08.18;20:00:00;1.11496;1.11155;1.1117;1.11418;17932
2015.08.19;00:00:00;1.11543;1.11087;1.11459;1.11087;31777
2015.08.19;04:00:00;1.11488;1.11204;1.11331;1.11459;37687
2015.08.19;08:00:00;1.11744;1.11296;1.11619;1.11331;29291
2015.08.19;12:00:00;1.11727;1.11534;1.11672;1.11621;22166
2015.08.19;16:00:00;1.11778;1.11386;1.11415;1.11673;29210
2015.08.19;20:00:00;1.11496;1.11075;1.11244;1.11416;28862
2015.08.20;00:00:00;1.11501;1.11136;1.11344;1.11233;21419
2015.08.20;04:00:00;1.11486;1.11031;1.11118;1.11345;25649
2015.08.20;08:00:00;1.11172;1.10514;1.10684;1.11115;31107
2015.08.20;12:00:00;1.10834;1.10474;1.10609;1.1068;21188
2015.08.20;16:00:00;1.10916;1.10575;1.10794;1.10608;29215
2015.08.20;20:00:00;1.10798;1.10507;1.10581;1.10792;21282
2015.08.21;00:00:00;1.10889;1.10525;1.10671;1.10551;22288
2015.08.21;04:00:00;1.10674;1.10183;1.1042;1.10671;27822
2015.08.21;08:00:00;1.10495;1.10258;1.10468;1.1042;27860
2015.08.21;12:00:00;1.10495;1.09828;1.09897;1.10468;26114
2015.08.21;16:00:00;1.10002;1.09314;1.09415;1.09897;35684
2015.08.21;20:00:00;1.09658;1.09202;1.0924;1.09415;19972
2015.08.24;00:00:00;1.09752;1.09189;1.09569;1.09329;22793
2015.08.24;04:00:00;1.09783;1.0929;1.09616;1.09567;36663
2015.08.24;08:00:00;1.10008;1.09468;1.09892;1.09616;31397
2015.08.24;12:00:00;1.10257;1.09712;1.10201;1.09892;34565
2015.08.24;16:00:00;1.14045;1.1011;1.10694;1.10202;59996
2015.08.24;20:00:00;1.10723;1.101;1.10299;1.10693;26295
2015.08.25;00:00:00;1.11219;1.09997;1.10786;1.10174;15885
2015.08.25;04:00:00;1.11042;1.10481;1.10745;1.10786;24196
2015.08.25;08:00:00;1.10819;1.10408;1.106;1.10744;34755
2015.08.25;12:00:00;1.1085;1.10229;1.10257;1.10603;30445
2015.08.25;16:00:00;1.10335;1.09965;1.10057;1.10263;16836
2015.08.25;20:00:00;1.104;1.09848;1.10045;1.10058;14331
2015.08.26;00:00:00;1.10296;1.09672;1.09959;1.10044;22852
2015.08.26;04:00:00;1.10143;1.09575;1.09735;1.09959;27253
2015.08.26;08:00:00;1.09879;1.09441;1.09783;1.09735;20969
2015.08.26;12:00:00;1.10081;1.09693;1.10053;1.09785;20381
2015.08.26;16:00:00;1.10669;1.10045;1.10264;1.1005;26627
2015.08.26;20:00:00;1.10641;1.10224;1.10517;1.10264;17282
2015.08.27;00:00:00;1.10578;1.10296;1.10411;1.1048;25179
2015.08.27;04:00:00;1.10638;1.09938;1.10413;1.10411;21209
2015.08.27;08:00:00;1.10482;1.10122;1.10415;1.10414;23458
2015.08.27;12:00:00;1.10859;1.1033;1.10541;1.10411;15430
2015.08.27;16:00:00;1.10887;1.10279;1.10834;1.10541;23229
2015.08.27;20:00:00;1.11013;1.10729;1.10744;1.10827;15462
2015.08.28;00:00:00;1.10837;1.10578;1.10709;1.10733;17457
2015.08.28;04:00:00;1.10792;1.10606;1.10786;1.1071;16812
2015.08.28;08:00:00;1.10894;1.10666;1.10696;1.10785;15881
2015.08.28;12:00:00;1.10722;1.10489;1.10677;1.10696;16955
2015.08.28;16:00:00;1.1087;1.10553;1.10826;1.10676;23823
2015.08.28;20:00:00;1.1097;1.10693;1.10796;1.10827;12261
2015.08.31;00:00:00;1.10918;1.10383;1.10603;1.10514;16481
2015.08.31;04:00:00;1.11343;1.10609;1.11211;1.10609;28705
2015.08.31;08:00:00;1.11368;1.11046;1.11092;1.11211;22557
2015.08.31;12:00:00;1.11421;1.11089;1.11381;1.11095;12415
2015.08.31;16:00:00;1.12017;1.11353;1.11868;1.11382;17952
2015.08.31;20:00:00;1.12618;1.11859;1.12138;1.11868;23851
2015.09.01;00:00:00;1.12178;1.11714;1.12067;1.12143;16891
2015.09.01;04:00:00;1.12059;1.11536;1.11736;1.12059;20123
2015.09.01;08:00:00;1.11936;1.11382;1.11901;1.11742;33642
2015.09.01;12:00:00;1.11928;1.11083;1.11122;1.11901;31001
2015.09.01;16:00:00;1.11228;1.10826;1.10945;1.11122;28418
2015.09.01;20:00:00;1.11084;1.10737;1.10749;1.10945;20567
2015.09.02;00:00:00;1.10968;1.10406;1.10697;1.10406;17172
2015.09.02;04:00:00;1.10713;1.10126;1.1045;1.10697;22157
2015.09.02;08:00:00;1.10686;1.10353;1.10603;1.10447;23290
2015.09.02;12:00:00;1.10674;1.10368;1.10562;1.10601;19943
2015.09.02;16:00:00;1.10675;1.10339;1.10629;1.10561;27673
2015.09.02;20:00:00;1.10965;1.10618;1.1078;1.1063;17090
2015.09.03;00:00:00;1.10874;1.10528;1.10557;1.10794;21395
2015.09.03;04:00:00;1.1064;1.10125;1.10602;1.10558;27477
2015.09.03;08:00:00;1.10652;1.10256;1.10512;1.10602;25223
2015.09.03;12:00:00;1.10524;1.10207;1.10232;1.10512;20846
2015.09.03;16:00:00;1.10239;1.09686;1.09696;1.10237;25349
2015.09.03;20:00:00;1.09724;1.0957;1.0962;1.09696;25096
2015.09.04;00:00:00;1.09963;1.09548;1.09561;1.09617;21282
2015.09.04;04:00:00;1.09739;1.09483;1.09548;1.09553;21955
2015.09.04;08:00:00;1.09738;1.0947;1.09571;1.09548;30791
2015.09.04;12:00:00;1.09794;1.09397;1.09581;1.09571;22778
2015.09.04;16:00:00;1.10264;1.09565;1.09969;1.09582;25230
2015.09.04;20:00:00;1.10087;1.09739;1.09888;1.09969;11349
2015.09.07;00:00:00;1.10495;1.09705;1.10402;1.09822;13656
2015.09.07;04:00:00;1.10633;1.10309;1.10345;1.10402;14340
2015.09.07;08:00:00;1.10689;1.10253;1.10673;1.10343;14880
2015.09.07;12:00:00;1.10865;1.10606;1.10827;1.10673;13923
2015.09.07;16:00:00;1.10858;1.10652;1.10752;1.10829;11589
2015.09.07;20:00:00;1.10856;1.10467;1.10566;1.10747;30133
2015.09.08;00:00:00;1.10922;1.10354;1.10905;1.10567;12684
2015.09.08;04:00:00;1.10993;1.10584;1.10791;1.10902;17150
2015.09.08;08:00:00;1.11037;1.10602;1.11022;1.10793;17854
2015.09.08;12:00:00;1.11296;1.10928;1.11012;1.11019;14231
2015.09.08;16:00:00;1.11043;1.10488;1.10821;1.11011;22568
2015.09.08;20:00:00;1.10862;1.10511;1.10511;1.10813;10517
2015.09.09;00:00:00;1.10731;1.10236;1.1031;1.10474;13620
2015.09.09;04:00:00;1.10612;1.10261;1.10583;1.1031;15830
2015.09.09;08:00:00;1.10758;1.1041;1.10576;1.10582;17298
2015.09.09;12:00:00;1.10675;1.0985;1.10021;1.10598;17097
2015.09.09;16:00:00;1.10093;1.0955;1.09691;1.10018;23322
2015.09.09;20:00:00;1.09847;1.09347;1.09516;1.09696;15254
2015.09.10;00:00:00;1.11236;1.1015;1.10931;1.10211;19669
2015.09.10;04:00:00;1.11653;1.10694;1.11536;1.1093;19092
2015.09.10;08:00:00;1.12132;1.11528;1.11993;1.11539;28663
2015.09.10;12:00:00;1.1248;1.11865;1.12193;1.11993;21162
2015.09.10;16:00:00;1.12636;1.12136;1.12252;1.1219;27480
2015.09.10;20:00:00;1.12395;1.12164;1.12346;1.12253;13515
2015.09.11;00:00:00;1.12448;1.11984;1.12047;1.12363;13913
2015.09.11;04:00:00;1.12168;1.12002;1.1204;1.12053;11246
2015.09.11;08:00:00;1.12088;1.11765;1.12069;1.1204;15720
2015.09.11;12:00:00;1.12335;1.12018;1.12304;1.12067;15023
2015.09.11;16:00:00;1.12348;1.12026;1.12103;1.12304;19117
2015.09.11;20:00:00;1.12231;1.11966;1.1219;1.121;9450
2015.09.14;00:00:00;1.1246;1.1195;1.12341;1.12094;8816
2015.09.14;04:00:00;1.12563;1.12119;1.12177;1.12348;12479
2015.09.14;08:00:00;1.12511;1.11855;1.12497;1.12176;15630
2015.09.14;12:00:00;1.131;1.12413;1.12939;1.125;12185
2015.09.14;16:00:00;1.12981;1.12639;1.12667;1.12943;17254
2015.09.14;20:00:00;1.12781;1.12647;1.127;1.12672;8050
2015.09.15;00:00:00;1.13031;1.12627;1.12964;1.12698;12001
2015.09.15;04:00:00;1.13057;1.12699;1.12828;1.12966;12093
2015.09.15;08:00:00;1.12879;1.12681;1.12711;1.1283;15477
2015.09.15;12:00:00;1.12727;1.12328;1.12408;1.12717;12939
2015.09.15;16:00:00;1.12717;1.12232;1.12435;1.12405;15901
2015.09.15;20:00:00;1.12577;1.12194;1.1235;1.12438;12250
2015.09.16;00:00:00;1.12399;1.1211;1.12223;1.12356;10145
2015.09.16;04:00:00;1.12492;1.12052;1.12445;1.12222;11302
2015.09.16;08:00:00;1.12776;1.12277;1.12699;1.12445;17765
2015.09.16;12:00:00;1.12939;1.127;1.12888;1.1271;13092
2015.09.16;16:00:00;1.13306;1.12719;1.13084;1.12888;19225
2015.09.16;20:00:00;1.13178;1.12915;1.12974;1.13085;9156
2015.09.17;00:00:00;1.13469;1.12777;1.13182;1.12988;12837
2015.09.17;04:00:00;1.13314;1.12844;1.12861;1.13183;12516
2015.09.17;08:00:00;1.13138;1.12775;1.12917;1.12865;13299
2015.09.17;12:00:00;1.13068;1.12856;1.12977;1.12915;11848
2015.09.17;16:00:00;1.13151;1.12911;1.13116;1.12977;17257
2015.09.17;20:00:00;1.13265;1.12588;1.1288;1.13115;35999
2015.09.18;00:00:00;1.13104;1.12406;1.13073;1.1264;14147
2015.09.18;04:00:00;1.13151;1.128;1.12913;1.13071;12805
2015.09.18;08:00:00;1.13273;1.12894;1.12996;1.12916;22127
2015.09.18;12:00:00;1.13107;1.12576;1.12648;1.12996;22723
2015.09.18;16:00:00;1.1281;1.12441;1.12549;1.1265;22338
2015.09.18;20:00:00;1.12624;1.12048;1.12048;1.12552;10330
2015.09.21;00:00:00;1.12683;1.1226;1.12587;1.12262;8113
2015.09.21;04:00:00;1.12814;1.12353;1.12786;1.12586;12955
2015.09.21;08:00:00;1.13017;1.12729;1.1275;1.12788;14681
2015.09.21;12:00:00;1.12925;1.12651;1.12766;1.12754;13993
2015.09.21;16:00:00;1.13111;1.12724;1.12828;1.12766;20113
2015.09.21;20:00:00;1.13044;1.12771;1.12797;1.12831;12010
2015.09.22;00:00:00;1.12901;1.12556;1.12792;1.12771;12066
2015.09.22;04:00:00;1.13108;1.1273;1.12804;1.12792;10813
2015.09.22;08:00:00;1.13072;1.12473;1.12519;1.12804;14675
2015.09.22;12:00:00;1.12647;1.12294;1.12576;1.12519;16096
2015.09.22;16:00:00;1.12603;1.12394;1.12515;1.12573;18657
2015.09.22;20:00:00;1.12709;1.12441;1.12555;1.12515;8314
2015.09.23;00:00:00;1.12718;1.12435;1.12448;1.1258;8618
2015.09.23;04:00:00;1.12467;1.12125;1.12197;1.12444;14792
2015.09.23;08:00:00;1.12508;1.12176;1.12306;1.12201;13825
2015.09.23;12:00:00;1.12345;1.11935;1.1214;1.12301;13881
2015.09.23;16:00:00;1.12262;1.11942;1.12048;1.12137;24324
2015.09.23;20:00:00;1.12184;1.11539;1.11539;1.12053;13410
2015.09.24;00:00:00;1.11702;1.1131;1.11402;1.1154;12657
2015.09.24;04:00:00;1.11487;1.11083;1.11151;1.11402;13387
2015.09.24;08:00:00;1.11317;1.10549;1.10655;1.11151;15551
2015.09.24;12:00:00;1.10759;1.10469;1.10664;1.10656;14901
2015.09.24;16:00:00;1.10683;1.1008;1.10407;1.10668;21428
2015.09.24;20:00:00;1.10634;1.10375;1.10436;1.10406;11201
2015.09.25;00:00:00;1.10813;1.10095;1.10777;1.10423;16097
2015.09.25;04:00:00;1.10826;1.10561;1.10588;1.10781;9649
2015.09.25;08:00:00;1.11049;1.10566;1.10991;1.10588;13761
2015.09.25;12:00:00;1.1104;1.10399;1.10541;1.10993;12909
2015.09.25;16:00:00;1.10642;1.09989;1.10118;1.10541;16971
2015.09.25;20:00:00;1.10275;1.09947;1.10013;1.10122;6405
2015.09.28;00:00:00;1.10369;1.09945;1.1011;1.10274;11068
2015.09.28;04:00:00;1.10166;1.09808;1.09873;1.10104;10404
2015.09.28;08:00:00;1.10221;1.09721;1.10164;1.09872;14913
2015.09.28;12:00:00;1.10345;1.10012;1.10301;1.10164;13782
2015.09.28;16:00:00;1.10476;1.10244;1.10278;1.10296;19648
2015.09.28;20:00:00;1.10464;1.10234;1.1039;1.10277;9564
2015.09.29;00:00:00;1.10581;1.10275;1.10425;1.10398;8995
2015.09.29;04:00:00;1.10506;1.10183;1.10219;1.10425;11604
2015.09.29;08:00:00;1.10289;1.09907;1.10069;1.10215;17841
2015.09.29;12:00:00;1.10103;1.09809;1.10053;1.10073;13304
2015.09.29;16:00:00;1.10168;1.09658;1.10082;1.10053;21774
2015.09.29;20:00:00;1.10248;1.09908;1.09984;1.10082;12794
2015.09.30;00:00:00;1.10304;1.09933;1.09992;1.09987;10132
2015.09.30;04:00:00;1.10125;1.099;1.10067;1.09994;12168
2015.09.30;08:00:00;1.10156;1.09631;1.10146;1.10061;16925
2015.09.30;12:00:00;1.10315;1.10058;1.1019;1.10148;12237
2015.09.30;16:00:00;1.10196;1.097;1.09771;1.10192;21053
2015.09.30;20:00:00;1.09811;1.09562;1.09604;1.09767;12644
2015.10.01;00:00:00;1.0972;1.09457;1.09601;1.09611;10731
2015.10.01;04:00:00;1.10021;1.09576;1.10018;1.09601;16016
2015.10.01;08:00:00;1.10229;1.10013;1.10065;1.10018;13564
2015.10.01;12:00:00;1.10102;1.09677;1.10052;1.10064;13994
2015.10.01;16:00:00;1.10357;1.09745;1.09753;1.10052;19486
2015.10.01;20:00:00;1.09907;1.09633;1.09757;1.09753;10980
2015.10.02;00:00:00;1.10011;1.09745;1.09869;1.09749;9711
2015.10.02;04:00:00;1.10053;1.09629;1.09842;1.09869;11016
2015.10.02;08:00:00;1.10069;1.0962;1.09632;1.09842;10093
2015.10.02;12:00:00;1.09791;1.09097;1.09351;1.09634;13931
2015.10.02;16:00:00;1.09527;1.09151;1.09415;1.09352;22763
2015.10.02;20:00:00;1.09497;1.09193;1.09224;1.09415;8394
2015.10.05;00:00:00;1.09517;1.09076;1.09237;1.09081;9432
2015.10.05;04:00:00;1.09506;1.09216;1.09252;1.09237;9749
2015.10.05;08:00:00;1.09252;1.08697;1.08928;1.09252;16380
2015.10.05;12:00:00;1.08975;1.0877;1.08834;1.08923;16359
2015.10.05;16:00:00;1.09084;1.08655;1.0908;1.08834;18923
2015.10.05;20:00:00;1.09151;1.08805;1.09102;1.0908;10782
2015.10.06;00:00:00;1.09207;1.08844;1.09117;1.09102;11266
2015.10.06;04:00:00;1.09725;1.0887;1.09616;1.09116;16072
2015.10.06;08:00:00;1.09761;1.09308;1.09401;1.09613;15838
2015.10.06;12:00:00;1.09742;1.09371;1.09739;1.09404;13992
2015.10.06;16:00:00;1.09858;1.09208;1.09299;1.09739;22338
2015.10.06;20:00:00;1.09567;1.09251;1.0944;1.09301;11769
2015.10.07;00:00:00;1.09487;1.0931;1.09366;1.0944;9539
2015.10.07;04:00:00;1.09422;1.08887;1.08968;1.09366;14391
2015.10.07;08:00:00;1.08997;1.08608;1.08917;1.08968;17638
2015.10.07;12:00:00;1.09044;1.08793;1.09001;1.08916;14618
2015.10.07;16:00:00;1.09023;1.08655;1.08907;1.08998;24324
2015.10.07;20:00:00;1.09156;1.08836;1.08962;1.08906;12899
2015.10.08;00:00:00;1.09033;1.08685;1.08875;1.08953;11825
2015.10.08;04:00:00;1.0892;1.0868;1.08741;1.08878;15704
2015.10.08;08:00:00;1.08865;1.08615;1.08697;1.08746;15461
2015.10.08;12:00:00;1.08881;1.08615;1.08715;1.08697;15077
2015.10.08;16:00:00;1.08982;1.08652;1.08862;1.08713;17412
2015.10.08;20:00:00;1.09049;1.08457;1.08826;1.08862;16412
2015.10.09;00:00:00;1.09058;1.0866;1.08902;1.08833;11741
2015.10.09;04:00:00;1.09093;1.08836;1.09069;1.089;13069
2015.10.09;08:00:00;1.0917;1.08687;1.09002;1.09068;21257
2015.10.09;12:00:00;1.0953;1.08979;1.0952;1.09004;20876
2015.10.09;16:00:00;1.09551;1.09224;1.09338;1.09521;19802
2015.10.09;20:00:00;1.09524;1.09313;1.09407;1.09338;7229
2015.10.12;00:00:00;1.09614;1.09423;1.09553;1.09444;8988
2015.10.12;04:00:00;1.09639;1.09357;1.09373;1.09552;7975
2015.10.12;08:00:00;1.09537;1.09163;1.09497;1.09373;13626
2015.10.12;12:00:00;1.09644;1.09405;1.09483;1.09493;13128
2015.10.12;16:00:00;1.0954;1.09208;1.09497;1.09475;17346
2015.10.12;20:00:00;1.09651;1.09424;1.09532;1.09498;7830
2015.10.13;00:00:00;1.09781;1.09411;1.09628;1.09532;9909
2015.10.13;04:00:00;1.09822;1.09426;1.09529;1.09626;13368
2015.10.13;08:00:00;1.09562;1.09131;1.09209;1.09531;14428
2015.10.13;12:00:00;1.09253;1.08832;1.08965;1.09212;15993
2015.10.13;16:00:00;1.09158;1.08813;1.08857;1.08965;19986
2015.10.13;20:00:00;1.09584;1.08817;1.0903;1.08855;13292
2015.10.14;00:00:00;1.09062;1.08461;1.085;1.09018;14120
2015.10.14;04:00:00;1.0851;1.0816;1.0819;1.08502;11226
2015.10.14;08:00:00;1.08368;1.07656;1.07694;1.08193;18554
2015.10.14;12:00:00;1.07799;1.07384;1.07399;1.07698;17554
2015.10.14;16:00:00;1.07475;1.07199;1.07423;1.0741;20417
2015.10.14;20:00:00;1.07642;1.07227;1.07443;1.07424;14768
2015.10.15;00:00:00;1.07613;1.06862;1.07248;1.07443;13256
2015.10.15;04:00:00;1.07767;1.07135;1.07262;1.07246;13745
2015.10.15;08:00:00;1.07291;1.06705;1.06857;1.07264;21382
2015.10.15;12:00:00;1.0691;1.06605;1.06642;1.06857;18791
2015.10.15;16:00:00;1.06813;1.06373;1.06781;1.06642;25203
2015.10.15;20:00:00;1.07039;1.06769;1.06881;1.06777;10183
2015.10.16;00:00:00;1.07392;1.06348;1.06923;1.06879;14918
2015.10.16;04:00:00;1.06977;1.06574;1.06704;1.06923;13149
2015.10.16;08:00:00;1.07051;1.0661;1.06991;1.06702;14753
2015.10.16;12:00:00;1.07195;1.06803;1.06957;1.06989;18511
2015.10.16;16:00:00;1.06986;1.06703;1.06839;1.06954;20051
2015.10.16;20:00:00;1.06848;1.06567;1.06607;1.06841;8399
2015.10.19;00:00:00;1.06845;1.06512;1.06801;1.06606;6378
2015.10.19;04:00:00;1.07133;1.06628;1.06988;1.06799;10718
2015.10.19;08:00:00;1.07225;1.06889;1.06989;1.06986;12001
2015.10.19;12:00:00;1.07222;1.06779;1.06781;1.06989;14107
2015.10.19;16:00:00;1.06783;1.06574;1.06739;1.06782;13921
2015.10.19;20:00:00;1.06773;1.06589;1.06657;1.06739;7252
2015.10.20;00:00:00;1.06883;1.06482;1.06874;1.06661;8426
2015.10.20;04:00:00;1.06883;1.06617;1.06861;1.06873;6866
2015.10.20;08:00:00;1.0702;1.06502;1.0658;1.06859;11135
2015.10.20;12:00:00;1.06912;1.06414;1.06899;1.0658;11411
2015.10.20;16:00:00;1.0766;1.06825;1.07465;1.06902;17464
2015.10.20;20:00:00;1.07603;1.07395;1.07459;1.07467;8080
2015.10.21;00:00:00;1.07674;1.0744;1.07653;1.07481;8709
2015.10.21;04:00:00;1.07911;1.07589;1.07895;1.07651;7775
2015.10.21;08:00:00;1.08005;1.07281;1.07342;1.07893;17885
2015.10.21;12:00:00;1.07481;1.07222;1.07425;1.0734;12017
2015.10.21;16:00:00;1.07457;1.07113;1.07331;1.07419;19645
2015.10.21;20:00:00;1.07479;1.0718;1.07434;1.07331;11626
2015.10.22;00:00:00;1.07507;1.0722;1.07248;1.07439;6797
2015.10.22;04:00:00;1.07267;1.06286;1.06542;1.07247;11698
2015.10.22;08:00:00;1.06816;1.06333;1.06686;1.0654;13606
2015.10.22;12:00:00;1.06778;1.0626;1.06417;1.06683;16972
2015.10.22;16:00:00;1.06466;1.05966;1.06372;1.06417;21592
2015.10.22;20:00:00;1.0639;1.06034;1.06035;1.06369;10570
2015.10.23;00:00:00;1.06364;1.05713;1.05824;1.06034;11769
2015.10.23;04:00:00;1.05984;1.05719;1.05964;1.05824;12588
2015.10.23;08:00:00;1.06671;1.05961;1.06499;1.05964;16742
2015.10.23;12:00:00;1.07138;1.06477;1.06841;1.06496;20488
2015.10.23;16:00:00;1.06996;1.06711;1.06956;1.06841;18651
2015.10.23;20:00:00;1.06991;1.06721;1.06758;1.06956;8757
2015.10.25;23:00:00;1.07008;1.06688;1.06815;1.06846;1695
2015.10.26;00:00:00;1.07136;1.06796;1.07069;1.06812;13137
2015.10.26;04:00:00;1.07104;1.06865;1.0688;1.07067;10254
2015.10.26;08:00:00;1.07329;1.06842;1.07274;1.0688;13852
2015.10.26;12:00:00;1.0729;1.06901;1.06948;1.07275;14866
2015.10.26;16:00:00;1.06998;1.06741;1.06852;1.06948;18072
2015.10.26;20:00:00;1.06992;1.06608;1.06895;1.06856;21267
2015.10.27;00:00:00;1.07036;1.06751;1.0701;1.06885;12920
2015.10.27;04:00:00;1.07024;1.06696;1.06751;1.07008;10324
2015.10.27;08:00:00;1.07061;1.0675;1.06841;1.06751;11545
2015.10.27;12:00:00;1.06853;1.06191;1.06387;1.06841;17263
2015.10.27;16:00:00;1.06446;1.06136;1.06173;1.06379;21815
2015.10.27;20:00:00;1.0641;1.06072;1.06367;1.06173;21178
2015.10.28;00:00:00;1.06418;1.05199;1.0565;1.06354;21120
2015.10.28;04:00:00;1.05948;1.05605;1.05893;1.05639;13670
2015.10.28;08:00:00;1.05998;1.05712;1.05851;1.05893;13760
2015.10.28;12:00:00;1.06288;1.05804;1.06232;1.05851;16434
2015.10.28;16:00:00;1.06408;1.06039;1.06204;1.06236;21729
2015.10.28;20:00:00;1.07095;1.05828;1.06221;1.06135;35480
2015.10.29;00:00:00;1.06475;1.06119;1.06413;1.06212;14372
2015.10.29;04:00:00;1.06856;1.06334;1.06579;1.06417;9758
2015.10.29;08:00:00;1.06782;1.06173;1.06173;1.06579;18598
2015.10.29;12:00:00;1.06207;1.05763;1.06027;1.06206;21922
2015.10.29;16:00:00;1.06119;1.05785;1.05839;1.06026;21199
2015.10.29;20:00:00;1.05846;1.0554;1.0577;1.05836;23447
2015.10.30;00:00:00;1.05809;1.05381;1.05513;1.05773;17191
2015.10.30;04:00:00;1.05594;1.05202;1.0528;1.05517;20779
2015.10.30;08:00:00;1.05459;1.04952;1.05138;1.0528;17442
2015.10.30;12:00:00;1.05455;1.05044;1.05311;1.05136;19114
2015.10.30;16:00:00;1.056;1.05192;1.05338;1.05315;26132
2015.10.30;20:00:00;1.05368;1.05157;1.05281;1.05334;11790
2015.11.02;00:00:00;1.05637;1.05188;1.05303;1.05485;25584
2015.11.02;04:00:00;1.05497;1.05274;1.0544;1.05302;11143
2015.11.02;08:00:00;1.05933;1.05372;1.05837;1.0544;20872
2015.11.02;12:00:00;1.05873;1.05667;1.05674;1.05833;16327
2015.11.02;16:00:00;1.05923;1.0557;1.05847;1.05667;20790
2015.11.02;20:00:00;1.0612;1.05823;1.05882;1.05839;26109
2015.11.03;00:00:00;1.06008;1.05746;1.05833;1.05874;27161
2015.11.03;04:00:00;1.06858;1.05028;1.06712;1.0583;24954
2015.11.03;08:00:00;1.07105;1.06603;1.0691;1.06712;16691
2015.11.03;12:00:00;1.07333;1.06797;1.07236;1.06909;16608
2015.11.03;16:00:00;1.07554;1.07203;1.07403;1.07238;26212
2015.11.03;20:00:00;1.07957;1.0713;1.07777;1.07401;24071
2015.11.04;00:00:00;1.08421;1.07719;1.08323;1.07777;23570
2015.11.04;04:00:00;1.08414;1.08189;1.08372;1.08324;14681
2015.11.04;08:00:00;1.08425;1.08171;1.08295;1.08373;18046
2015.11.04;12:00:00;1.08708;1.08175;1.087;1.08292;17436
2015.11.04;16:00:00;1.0881;1.08419;1.08469;1.08698;32053
2015.11.04;20:00:00;1.08695;1.08312;1.0836;1.08476;21462
2015.11.05;00:00:00;1.08427;1.08167;1.08404;1.08295;21593
2015.11.05;04:00:00;1.08511;1.08203;1.08268;1.08405;12911
2015.11.05;08:00:00;1.0834;1.07945;1.07964;1.08268;17828
2015.11.05;12:00:00;1.08123;1.07817;1.07872;1.07962;21378
2015.11.05;16:00:00;1.08042;1.07808;1.07875;1.07867;24766
2015.11.05;20:00:00;1.08122;1.07802;1.07961;1.07875;22801
2015.11.06;00:00:00;1.08296;1.07955;1.08047;1.07961;23697
2015.11.06;04:00:00;1.08133;1.07987;1.08082;1.08046;14703
2015.11.06;08:00:00;1.08475;1.08075;1.08243;1.0808;18485
2015.11.06;12:00:00;1.08484;1.07817;1.08358;1.08246;21255
2015.11.06;16:00:00;1.08369;1.07816;1.07891;1.08356;36371
2015.11.06;20:00:00;1.08115;1.07761;1.07766;1.07887;15292
2015.11.09;00:00:00;1.07848;1.07576;1.07685;1.07737;16011
2015.11.09;04:00:00;1.077;1.07426;1.07614;1.07685;11563
2015.11.09;08:00:00;1.07938;1.07475;1.0793;1.07616;15377
2015.11.09;12:00:00;1.07973;1.07554;1.07897;1.07927;16943
2015.11.09;16:00:00;1.07994;1.07683;1.0771;1.07897;22604
2015.11.09;20:00:00;1.07857;1.07635;1.07786;1.07714;11075
2015.11.10;00:00:00;1.07998;1.07744;1.07946;1.07789;12671
2015.11.10;04:00:00;1.07998;1.07846;1.07938;1.07946;9809
2015.11.10;08:00:00;1.08232;1.07839;1.07885;1.07938;14826
2015.11.10;12:00:00;1.07902;1.07657;1.07697;1.07889;17131
2015.11.10;16:00:00;1.07743;1.07555;1.07595;1.07696;20986
2015.11.10;20:00:00;1.07782;1.0726;1.07614;1.07595;15698
2015.11.11;00:00:00;1.07692;1.0738;1.07476;1.07619;15552
2015.11.11;04:00:00;1.07579;1.07285;1.0735;1.07474;15994
2015.11.11;08:00:00;1.07748;1.07309;1.07739;1.07348;14616
2015.11.11;12:00:00;1.07785;1.07473;1.07557;1.07737;16387
2015.11.11;16:00:00;1.07708;1.07485;1.07551;1.07557;17510
2015.11.11;20:00:00;1.07695;1.07507;1.07595;1.07546;12607
2015.11.12;00:00:00;1.08913;1.07518;1.08856;1.07598;25607
2015.11.12;04:00:00;1.09102;1.08696;1.08994;1.08863;16566
2015.11.12;08:00:00;1.09171;1.0882;1.0888;1.08992;18398
2015.11.12;12:00:00;1.09154;1.08819;1.08947;1.08882;16100
2015.11.12;16:00:00;1.09034;1.08771;1.08976;1.08947;30596
2015.11.12;20:00:00;1.09035;1.08846;1.0885;1.08976;13293
2015.11.13;00:00:00;1.0908;1.08785;1.08983;1.08852;14523
2015.11.13;04:00:00;1.09102;1.08876;1.09004;1.08983;11916
2015.11.13;08:00:00;1.09484;1.08881;1.09331;1.09004;13754
2015.11.13;12:00:00;1.09377;1.09131;1.09267;1.09331;17249
2015.11.13;16:00:00;1.09278;1.08918;1.09112;1.09267;18628
2015.11.13;20:00:00;1.09122;1.08867;1.08937;1.09116;6900
2015.11.16;00:00:00;1.08982;1.08584;1.08838;1.08602;15583
2015.11.16;04:00:00;1.09006;1.08807;1.08818;1.0883;4950
2015.11.16;08:00:00;1.09258;1.08788;1.09199;1.08821;13442
2015.11.16;12:00:00;1.09647;1.09197;1.09486;1.09198;18187
2015.11.16;16:00:00;1.09521;1.09141;1.09164;1.09483;20624
2015.11.16;20:00:00;1.09301;1.09147;1.09218;1.09164;9558
2015.11.17;00:00:00;1.09659;1.09187;1.09572;1.09221;13488
2015.11.17;04:00:00;1.09785;1.09562;1.09708;1.09572;14467
2015.11.17;08:00:00;1.09813;1.09454;1.09789;1.09708;15647
2015.11.17;12:00:00;1.10124;1.09722;1.10065;1.09791;20699
2015.11.17;16:00:00;1.10294;1.09951;1.10066;1.10065;29470
2015.11.17;20:00:00;1.10129;1.09801;1.09824;1.10064;19572
2015.11.18;00:00:00;1.09932;1.09697;1.09739;1.09809;14440
2015.11.18;04:00:00;1.0982;1.09336;1.09412;1.09739;10549
2015.11.18;08:00:00;1.09721;1.09388;1.09694;1.09411;16613
2015.11.18;12:00:00;1.09852;1.09666;1.09775;1.09693;19025
2015.11.18;16:00:00;1.10059;1.0976;1.09878;1.09775;24666
2015.11.18;20:00:00;1.10122;1.09776;1.0981;1.09873;23004
2015.11.19;00:00:00;1.09927;1.09355;1.09509;1.09812;22252
2015.11.19;04:00:00;1.09699;1.09444;1.09624;1.09509;18901
2015.11.19;08:00:00;1.10042;1.09505;1.09971;1.09632;22560
2015.11.19;12:00:00;1.10176;1.09778;1.09827;1.09971;22306
2015.11.19;16:00:00;1.09829;1.09398;1.09519;1.09827;31861
2015.11.19;20:00:00;1.0973;1.09468;1.09503;1.09516;14979
2015.11.20;00:00:00;1.09674;1.09396;1.094;1.09503;16784
2015.11.20;04:00:00;1.09419;1.09108;1.09229;1.09401;14936
2015.11.20;08:00:00;1.0984;1.09222;1.0981;1.09229;21489
2015.11.20;12:00:00;1.10053;1.09725;1.09983;1.09805;19377
2015.11.20;16:00:00;1.10365;1.09918;1.10349;1.09982;27540
2015.11.20;20:00:00;1.10375;1.10058;1.10241;1.1035;12604
2015.11.23;00:00:00;1.10584;1.09933;1.1023;1.09933;16726
2015.11.23;04:00:00;1.10236;1.10047;1.10129;1.10228;10729
2015.11.23;08:00:00;1.10284;1.09994;1.10261;1.10127;18805
2015.11.23;12:00:00;1.1064;1.1024;1.1035;1.10263;25276
2015.11.23;16:00:00;1.10582;1.10316;1.10471;1.10349;25535
2015.11.23;20:00:00;1.10535;1.10209;1.10213;1.1047;11449
2015.11.24;00:00:00;1.1047;1.10157;1.10253;1.10175;14341
2015.11.24;04:00:00;1.1046;1.10146;1.10385;1.10253;10026
2015.11.24;08:00:00;1.10669;1.10146;1.10622;1.10382;20590
2015.11.24;12:00:00;1.10853;1.10614;1.10618;1.10622;24532
2015.11.24;16:00:00;1.10824;1.10531;1.10557;1.10617;28094
2015.11.24;20:00:00;1.10711;1.10449;1.10646;1.10556;15798
2015.11.25;00:00:00;1.1084;1.10453;1.10471;1.10647;18472
2015.11.25;04:00:00;1.10624;1.1045;1.10544;1.10471;12455
2015.11.25;08:00:00;1.10784;1.10463;1.10651;1.10543;22197
2015.11.25;12:00:00;1.10703;1.10373;1.10468;1.10651;27167
2015.11.25;16:00:00;1.10478;1.1021;1.10285;1.1047;28032
2015.11.25;20:00:00;1.10323;1.10154;1.10159;1.10309;15715
2015.11.26;00:00:00;1.10401;1.09697;1.09744;1.10155;15098
2015.11.26;04:00:00;1.09897;1.09731;1.09777;1.09746;10550
2015.11.26;08:00:00;1.0983;1.09531;1.09783;1.0978;17719
2015.11.26;12:00:00;1.09926;1.09758;1.09897;1.09783;17882
2015.11.26;16:00:00;1.10077;1.09819;1.10054;1.09897;14040
2015.11.26;20:00:00;1.10131;1.09872;1.09909;1.1004;16950
2015.11.27;00:00:00;1.10033;1.09749;1.09911;1.09905;16103
2015.11.27;04:00:00;1.10035;1.0986;1.09979;1.09912;13214
2015.11.27;08:00:00;1.10261;1.09804;1.10184;1.09979;22745
2015.11.27;12:00:00;1.10298;1.1006;1.10141;1.10186;20087
2015.11.27;16:00:00;1.10204;1.09966;1.10013;1.10141;20047
2015.11.27;20:00:00;1.10112;1.09905;1.09992;1.10019;10017
2015.11.30;00:00:00;1.10202;1.09976;1.1014;1.10018;14132
2015.11.30;04:00:00;1.10163;1.09761;1.09838;1.10139;17362
2015.11.30;08:00:00;1.09919;1.09731;1.0987;1.09845;19291
2015.11.30;12:00:00;1.09999;1.09756;1.09852;1.0987;20340
2015.11.30;16:00:00;1.1005;1.09799;1.09933;1.09851;25331
2015.11.30;20:00:00;1.09965;1.09682;1.09692;1.09933;16817
2015.12.01;00:00:00;1.09896;1.09315;1.09495;1.09687;18590
2015.12.01;04:00:00;1.09832;1.09354;1.09457;1.09493;21552
2015.12.01;08:00:00;1.09559;1.09223;1.0946;1.09456;25751
2015.12.01;12:00:00;1.09663;1.09455;1.09479;1.09459;22814
2015.12.01;16:00:00;1.09831;1.0947;1.09649;1.09479;34593
2015.12.01;20:00:00;1.0981;1.09576;1.09624;1.09651;22462
2015.12.02;00:00:00;1.09899;1.09582;1.09815;1.0963;19771
2015.12.02;04:00:00;1.0989;1.09628;1.09694;1.09817;18792
2015.12.02;08:00:00;1.10014;1.09623;1.09899;1.09693;23207
2015.12.02;12:00:00;1.10142;1.09772;1.10105;1.09899;24739
2015.12.02;16:00:00;1.10277;1.09974;1.10167;1.10106;37521
2015.12.02;20:00:00;1.10226;1.09889;1.09986;1.10162;26300
2015.12.03;00:00:00;1.10091;1.09709;1.0986;1.09978;19329
2015.12.03;04:00:00;1.10014;1.09803;1.09995;1.0986;19143
2015.12.03;08:00:00;1.10037;1.09848;1.09978;1.09994;25393
2015.12.03;12:00:00;1.10488;1.09976;1.10212;1.09978;33466
2015.12.03;16:00:00;1.10431;1.10035;1.1011;1.10212;37487
2015.12.03;20:00:00;1.10153;1.09644;1.09697;1.10111;26103
2015.12.04;00:00:00;1.10209;1.09435;1.0974;1.097;18298
2015.12.04;04:00:00;1.09802;1.09281;1.09435;1.0974;15610
2015.12.04;08:00:00;1.09623;1.09335;1.09553;1.09435;25055
2015.12.04;12:00:00;1.09777;1.09362;1.09417;1.09552;30103
2015.12.04;16:00:00;1.0967;1.08669;1.08883;1.09416;54306
2015.12.04;20:00:00;1.08925;1.0865;1.08662;1.08882;18603
2015.12.07;00:00:00;1.0926;1.08788;1.09186;1.0884;19191
2015.12.07;04:00:00;1.09587;1.09179;1.09415;1.09191;16552
2015.12.07;08:00:00;1.09499;1.0929;1.09393;1.09413;19518
2015.12.07;12:00:00;1.09537;1.09214;1.09403;1.09394;22139
2015.12.07;16:00:00;1.09459;1.09171;1.09331;1.09405;30452
2015.12.07;20:00:00;1.09541;1.09212;1.09328;1.09334;19259
2015.12.08;00:00:00;1.09476;1.09218;1.09386;1.09328;13552
2015.12.08;04:00:00;1.09407;1.08839;1.08858;1.09388;17961
2015.12.08;08:00:00;1.08895;1.08522;1.08673;1.08858;23897
2015.12.08;12:00:00;1.08988;1.08495;1.08585;1.08671;24720
2015.12.08;16:00:00;1.08796;1.08414;1.08647;1.08584;23629
2015.12.08;20:00:00;1.08719;1.08444;1.0848;1.08646;15329
2015.12.09;00:00:00;1.08977;1.08391;1.08898;1.08484;16604
2015.12.09;04:00:00;1.08961;1.08794;1.08854;1.08898;18719
2015.12.09;08:00:00;1.08933;1.08589;1.08666;1.08852;19910
2015.12.09;12:00:00;1.08893;1.08594;1.08673;1.08666;19599
2015.12.09;16:00:00;1.0895;1.08503;1.08509;1.08673;37198
2015.12.09;20:00:00;1.09372;1.07062;1.07524;1.08509;33587
2015.12.10;00:00:00;1.08416;1.07079;1.08291;1.07522;27063
2015.12.10;04:00:00;1.08392;1.08162;1.08219;1.08291;18353
2015.12.10;08:00:00;1.08366;1.07961;1.08357;1.08221;18865
2015.12.10;12:00:00;1.08392;1.07852;1.07914;1.08357;24333
2015.12.10;16:00:00;1.08118;1.07752;1.07857;1.07913;27901
2015.12.10;20:00:00;1.08011;1.07742;1.07759;1.07857;21558
2015.12.11;00:00:00;1.07831;1.07469;1.07585;1.07757;16468
2015.12.11;04:00:00;1.07648;1.07298;1.07387;1.07587;12561
2015.12.11;08:00:00;1.0742;1.07069;1.0711;1.07386;18629
2015.12.11;12:00:00;1.0732;1.07033;1.07068;1.07111;23163
2015.12.11;16:00:00;1.07415;1.06981;1.07154;1.07068;31341
2015.12.11;20:00:00;1.0723;1.06876;1.0697;1.07151;15859
2015.12.14;00:00:00;1.07245;1.06613;1.07051;1.07168;17394
2015.12.14;04:00:00;1.07372;1.07015;1.07314;1.07051;16879
2015.12.14;08:00:00;1.07428;1.07243;1.07282;1.07311;15327
2015.12.14;12:00:00;1.073;1.06721;1.06987;1.0728;22826
2015.12.14;16:00:00;1.0731;1.06871;1.06976;1.06993;33846
2015.12.14;20:00:00;1.07164;1.06928;1.07092;1.0697;15282
2015.12.15;00:00:00;1.07212;1.06739;1.06842;1.07095;17551
2015.12.15;04:00:00;1.07159;1.06498;1.06589;1.06842;12775
2015.12.15;08:00:00;1.06683;1.06179;1.06607;1.06589;18184
2015.12.15;12:00:00;1.06824;1.06224;1.06422;1.06609;25494
2015.12.15;16:00:00;1.0658;1.06097;1.06457;1.06422;30894
2015.12.15;20:00:00;1.06468;1.06452;1.06461;1.06461;10
