DATE;TIME;HIGH;LOW;CLOSE;OPEN;VOLUME
2015.04.27;12:00:00;0.78235;0.7802;0.78111;0.78107;19659
2015.04.27;16:00:00;0.78714;0.78089;0.78578;0.78112;24003
2015.04.27;20:00:00;0.78658;0.78458;0.78568;0.78578;13420
2015.04.28;00:00:00;0.78688;0.78323;0.78626;0.78568;9329
2015.04.28;04:00:00;0.78735;0.7858;0.78663;0.78627;9513
2015.04.28;08:00:00;0.79007;0.78646;0.78973;0.78664;20734
2015.04.28;12:00:00;0.7971;0.78957;0.79532;0.78973;24372
2015.04.28;16:00:00;0.80172;0.79511;0.80072;0.79532;28021
2015.04.28;20:00:00;0.80264;0.80042;0.8023;0.80071;13033
2015.04.29;00:00:00;0.80246;0.79869;0.80117;0.80229;10239
2015.04.29;04:00:00;0.80116;0.79784;0.79857;0.80114;12149
2015.04.29;08:00:00;0.80054;0.79835;0.79866;0.79858;19201
2015.04.29;12:00:00;0.80375;0.79757;0.80113;0.79865;24831
2015.04.29;16:00:00;0.80748;0.8007;0.80557;0.80112;37092
2015.04.29;20:00:00;0.80659;0.80049;0.80058;0.80556;24147
2015.04.30;00:00:00;0.80161;0.7979;0.80146;0.8004;10982
2015.04.30;04:00:00;0.80214;0.79821;0.79951;0.80149;14077
2015.04.30;08:00:00;0.79962;0.79297;0.79386;0.79951;29184
2015.04.30;12:00:00;0.794;0.78903;0.78999;0.79385;28071
2015.04.30;16:00:00;0.79025;0.78622;0.78962;0.79002;31407
2015.04.30;20:00:00;0.79191;0.789;0.79047;0.7896;16025
2015.05.01;00:00:00;0.79172;0.78826;0.78912;0.7904;8395
2015.05.01;04:00:00;0.78983;0.78727;0.7888;0.78911;9642
2015.05.01;08:00:00;0.79042;0.78625;0.7888;0.78879;15886
2015.05.01;12:00:00;0.78997;0.78486;0.78568;0.7888;18236
2015.05.01;16:00:00;0.78722;0.78024;0.78175;0.78569;29600
2015.05.01;20:00:00;0.78467;0.78168;0.7846;0.78176;10630
2015.05.04;00:00:00;0.7844;0.78083;0.78107;0.78294;8877
2015.05.04;04:00:00;0.78353;0.78013;0.78223;0.78106;11162
2015.05.04;08:00:00;0.78429;0.78159;0.78306;0.78223;14566
2015.05.04;12:00:00;0.78435;0.78217;0.78404;0.78306;13558
2015.05.04;16:00:00;0.78508;0.78295;0.78461;0.78405;13294
2015.05.04;20:00:00;0.78475;0.78326;0.78349;0.7846;6382
2015.05.05;00:00:00;0.78457;0.78333;0.78357;0.78352;7536
2015.05.05;04:00:00;0.79084;0.77866;0.79;0.78357;16464
2015.05.05;08:00:00;0.79171;0.78598;0.78734;0.78996;24752
2015.05.05;12:00:00;0.79153;0.78624;0.79064;0.78735;19899
2015.05.05;16:00:00;0.79528;0.7889;0.79451;0.79064;26760
2015.05.05;20:00:00;0.79549;0.79319;0.79397;0.79455;10345
2015.05.06;00:00:00;0.7945;0.79177;0.79362;0.79402;12508
2015.05.06;04:00:00;0.79738;0.79226;0.79684;0.79361;14833
2015.05.06;08:00:00;0.79859;0.7952;0.79776;0.79683;22725
2015.05.06;12:00:00;0.80187;0.79651;0.80103;0.79778;23420
2015.05.06;16:00:00;0.80296;0.79712;0.79724;0.80102;26825
2015.05.06;20:00:00;0.79805;0.79622;0.79686;0.79724;12468
2015.05.07;00:00:00;0.79767;0.79492;0.79618;0.79686;11325
2015.05.07;04:00:00;0.80039;0.79223;0.79782;0.79616;18445
2015.05.07;08:00:00;0.79913;0.79328;0.7945;0.79782;21272
2015.05.07;12:00:00;0.79717;0.79349;0.79575;0.7945;24512
2015.05.07;16:00:00;0.79641;0.79047;0.79047;0.79571;20402
2015.05.07;20:00:00;0.79068;0.78896;0.79056;0.79048;11026
2015.05.08;00:00:00;0.79191;0.7887;0.78957;0.79048;10362
2015.05.08;04:00:00;0.79262;0.78625;0.79113;0.78956;17281
2015.05.08;08:00:00;0.7926;0.78913;0.7909;0.7911;19173
2015.05.08;12:00:00;0.79475;0.78749;0.79377;0.79089;23112
2015.05.08;16:00:00;0.79674;0.78836;0.79192;0.79379;26385
2015.05.08;20:00:00;0.79334;0.79113;0.79334;0.79192;10311
2015.05.11;00:00:00;0.79324;0.79094;0.79138;0.7925;9533
2015.05.11;04:00:00;0.79142;0.78754;0.78902;0.79139;13670
2015.05.11;08:00:00;0.79117;0.78813;0.79013;0.78903;17159
2015.05.11;12:00:00;0.79093;0.78874;0.79067;0.79013;15336
2015.05.11;16:00:00;0.79214;0.78888;0.78995;0.79069;18927
2015.05.11;20:00:00;0.79163;0.78887;0.78894;0.78994;8131
2015.05.12;00:00:00;0.79024;0.78853;0.78901;0.7889;8228
2015.05.12;04:00:00;0.79302;0.78872;0.79256;0.789;12118
2015.05.12;08:00:00;0.79564;0.79218;0.79564;0.79258;22180
2015.05.12;12:00:00;0.79923;0.79497;0.79658;0.79567;23090
2015.05.12;16:00:00;0.79904;0.79493;0.79825;0.7966;18990
2015.05.12;20:00:00;0.79991;0.79684;0.79751;0.79825;10475
2015.05.13;00:00:00;0.80092;0.79469;0.7991;0.79754;11331
2015.05.13;04:00:00;0.79947;0.79643;0.79754;0.79907;13495
2015.05.13;08:00:00;0.80101;0.79633;0.80005;0.79755;17775
2015.05.13;12:00:00;0.80962;0.79912;0.80862;0.80005;24813
2015.05.13;16:00:00;0.81233;0.80817;0.81116;0.80864;24961
2015.05.13;20:00:00;0.81176;0.80974;0.81117;0.81116;9477
2015.05.14;00:00:00;0.81279;0.80974;0.8121;0.81115;11426
2015.05.14;04:00:00;0.81625;0.81185;0.81227;0.81211;14329
2015.05.14;08:00:00;0.81367;0.80623;0.80746;0.81228;22239
2015.05.14;12:00:00;0.81244;0.80726;0.81157;0.80745;20488
2015.05.14;16:00:00;0.81344;0.80638;0.80901;0.81158;21064
2015.05.14;20:00:00;0.80903;0.80641;0.80782;0.80901;10107
2015.05.15;00:00:00;0.80884;0.80426;0.8052;0.80764;11617
2015.05.15;04:00:00;0.80667;0.80449;0.80553;0.8052;13517
2015.05.15;08:00:00;0.80637;0.80158;0.8017;0.80552;21333
2015.05.15;12:00:00;0.80222;0.79954;0.80008;0.80172;16426
2015.05.15;16:00:00;0.80613;0.79975;0.8039;0.80009;23453
2015.05.15;20:00:00;0.8049;0.80318;0.80365;0.80389;9097
2015.05.18;00:00:00;0.80512;0.80044;0.80087;0.80325;8958
2015.05.18;04:00:00;0.80231;0.80039;0.80203;0.80088;10572
2015.05.18;08:00:00;0.80285;0.79915;0.80107;0.80202;17445
2015.05.18;12:00:00;0.80152;0.79914;0.79942;0.80107;16390
2015.05.18;16:00:00;0.80095;0.79804;0.79966;0.79942;18400
2015.05.18;20:00:00;0.80065;0.79763;0.79874;0.79965;9577
2015.05.19;00:00:00;0.79986;0.79816;0.79869;0.79888;9395
2015.05.19;04:00:00;0.79996;0.79557;0.79897;0.79872;15409
2015.05.19;08:00:00;0.80098;0.79659;0.79713;0.79896;24134
2015.05.19;12:00:00;0.7977;0.79238;0.79301;0.79713;19408
2015.05.19;16:00:00;0.79432;0.79056;0.79114;0.79302;21602
2015.05.19;20:00:00;0.79184;0.79077;0.79124;0.79114;9446
2015.05.20;00:00:00;0.79226;0.78969;0.79107;0.79129;11758
2015.05.20;04:00:00;0.79338;0.7905;0.79179;0.79107;11899
2015.05.20;08:00:00;0.79284;0.78827;0.78948;0.7918;23867
2015.05.20;12:00:00;0.79114;0.78874;0.79058;0.78947;18129
2015.05.20;16:00:00;0.79058;0.78681;0.78825;0.79058;21326
2015.05.20;20:00:00;0.79141;0.78601;0.78736;0.78826;22017
2015.05.21;00:00:00;0.78922;0.78649;0.78877;0.78722;9048
2015.05.21;04:00:00;0.7908;0.78759;0.79073;0.78878;13388
2015.05.21;08:00:00;0.79126;0.78821;0.79095;0.79072;22016
2015.05.21;12:00:00;0.79095;0.78666;0.78676;0.79095;19074
2015.05.21;16:00:00;0.78917;0.78657;0.78861;0.78678;22422
2015.05.21;20:00:00;0.78947;0.78839;0.78925;0.7886;13047
2015.05.22;00:00:00;0.7909;0.78883;0.79086;0.78924;10232
2015.05.22;04:00:00;0.7927;0.79046;0.79172;0.79087;14428
2015.05.22;08:00:00;0.79299;0.78981;0.78988;0.79164;14950
2015.05.22;12:00:00;0.79034;0.78307;0.78383;0.78989;20997
2015.05.22;16:00:00;0.78381;0.78169;0.78227;0.7838;22591
2015.05.22;20:00:00;0.78338;0.78097;0.78294;0.78222;10751
2015.05.25;00:00:00;0.78309;0.78024;0.78074;0.78224;8060
2015.05.25;04:00:00;0.78294;0.78066;0.78274;0.78074;12524
2015.05.25;08:00:00;0.78316;0.78149;0.78273;0.78273;14459
2015.05.25;12:00:00;0.78387;0.78262;0.78285;0.78272;8444
2015.05.25;16:00:00;0.7834;0.78218;0.7826;0.78284;6720
2015.05.25;20:00:00;0.78287;0.78212;0.78221;0.78261;14379
2015.05.26;00:00:00;0.78304;0.78114;0.78178;0.78215;10403
2015.05.26;04:00:00;0.78388;0.78125;0.78298;0.78179;10137
2015.05.26;08:00:00;0.78318;0.77714;0.77824;0.78298;26071
2015.05.26;12:00:00;0.78066;0.77531;0.77547;0.77822;23116
2015.05.26;16:00:00;0.77647;0.77335;0.77426;0.77547;25354
2015.05.26;20:00:00;0.77485;0.77263;0.77339;0.77427;11863
2015.05.27;00:00:00;0.77491;0.77257;0.77447;0.77339;5176
2015.05.27;04:00:00;0.77529;0.77247;0.77478;0.77444;13066
2015.05.27;08:00:00;0.77679;0.7732;0.77434;0.77478;22565
2015.05.27;12:00:00;0.77464;0.7691;0.76951;0.77433;21679
2015.05.27;16:00:00;0.77327;0.76902;0.7709;0.76952;24501
2015.05.27;20:00:00;0.77343;0.77022;0.77267;0.77089;11381
2015.05.28;00:00:00;0.77454;0.77207;0.77444;0.7723;9945
2015.05.28;04:00:00;0.77602;0.76703;0.76874;0.77445;20331
2015.05.28;08:00:00;0.77116;0.76638;0.76751;0.76874;26317
2015.05.28;12:00:00;0.7675;0.76252;0.76379;0.7675;25226
2015.05.28;16:00:00;0.76466;0.76166;0.7643;0.76379;27162
2015.05.28;20:00:00;0.76553;0.76397;0.76471;0.76431;13256
2015.05.29;00:00:00;0.7662;0.76297;0.76515;0.76469;11982
2015.05.29;04:00:00;0.76737;0.76414;0.76644;0.7651;13976
2015.05.29;08:00:00;0.76691;0.76455;0.76514;0.76645;20457
2015.05.29;12:00:00;0.76638;0.76352;0.76377;0.76515;22285
2015.05.29;16:00:00;0.76628;0.76286;0.76524;0.76379;22885
2015.05.29;20:00:00;0.76622;0.76407;0.76425;0.76525;6830
2015.06.01;00:00:00;0.76527;0.7634;0.76437;0.76348;8226
2015.06.01;04:00:00;0.76623;0.76259;0.76586;0.76437;12043
2015.06.01;08:00:00;0.76673;0.76437;0.76447;0.76585;17337
2015.06.01;12:00:00;0.76497;0.76234;0.76431;0.76448;18677
2015.06.01;16:00:00;0.76592;0.75972;0.76024;0.76432;22386
2015.06.01;20:00:00;0.76098;0.7599;0.76052;0.76024;10142
2015.06.02;00:00:00;0.7629;0.76023;0.7623;0.76052;11307
2015.06.02;04:00:00;0.7684;0.76205;0.76743;0.7623;16701
2015.06.02;08:00:00;0.77081;0.76699;0.76853;0.76743;22216
2015.06.02;12:00:00;0.77016;0.7666;0.76842;0.76853;26265
2015.06.02;16:00:00;0.77803;0.76834;0.77758;0.76844;32809
2015.06.02;20:00:00;0.77894;0.77675;0.77714;0.77757;14247
2015.06.03;00:00:00;0.77763;0.77554;0.77602;0.77713;12391
2015.06.03;04:00:00;0.7818;0.77595;0.77912;0.77603;16813
2015.06.03;08:00:00;0.78116;0.77709;0.77737;0.77912;22329
2015.06.03;12:00:00;0.77795;0.77504;0.77596;0.77735;23045
2015.06.03;16:00:00;0.78135;0.77566;0.77835;0.77594;27828
2015.06.03;20:00:00;0.77883;0.77673;0.77853;0.77835;10627
2015.06.04;00:00:00;0.77863;0.77641;0.77708;0.77849;10152
2015.06.04;04:00:00;0.7779;0.77076;0.77277;0.77709;15441
2015.06.04;08:00:00;0.7762;0.77078;0.77492;0.77276;27833
2015.06.04;12:00:00;0.77606;0.7721;0.77218;0.77493;23409
2015.06.04;16:00:00;0.7723;0.76633;0.76837;0.77219;23064
2015.06.04;20:00:00;0.7692;0.76694;0.76865;0.76837;12330
2015.06.05;00:00:00;0.76907;0.76706;0.76906;0.76844;11936
2015.06.05;04:00:00;0.77064;0.76843;0.77014;0.76906;10375
2015.06.05;08:00:00;0.77056;0.76771;0.76944;0.77014;18521
2015.06.05;12:00:00;0.77257;0.76192;0.76193;0.76944;21256
2015.06.05;16:00:00;0.76597;0.75981;0.76237;0.76193;28682
2015.06.05;20:00:00;0.76311;0.76106;0.76119;0.76237;9558
2015.06.08;00:00:00;0.76285;0.76079;0.76093;0.76199;8519
2015.06.08;04:00:00;0.76421;0.76052;0.76094;0.76094;10504
2015.06.08;08:00:00;0.76529;0.76024;0.76331;0.76093;22082
2015.06.08;12:00:00;0.76478;0.76301;0.76429;0.7633;14941
2015.06.08;16:00:00;0.76585;0.763;0.76482;0.76428;15700
2015.06.08;20:00:00;0.77112;0.76471;0.77012;0.76484;13558
2015.06.09;00:00:00;0.77004;0.7677;0.76867;0.76994;8620
2015.06.09;04:00:00;0.77221;0.76828;0.76887;0.76868;14180
2015.06.09;08:00:00;0.77;0.76455;0.76678;0.76887;23876
2015.06.09;12:00:00;0.7715;0.76633;0.76803;0.7668;24501
2015.06.09;16:00:00;0.771;0.7667;0.76718;0.76803;22697
2015.06.09;20:00:00;0.76936;0.76697;0.76892;0.76719;10027
2015.06.10;00:00:00;0.77026;0.76734;0.76817;0.76891;12306
2015.06.10;04:00:00;0.76999;0.76349;0.76919;0.76817;20349
2015.06.10;08:00:00;0.77843;0.76851;0.77636;0.7692;33443
2015.06.10;12:00:00;0.77754;0.77266;0.77457;0.77637;22889
2015.06.10;16:00:00;0.77703;0.77409;0.7753;0.77457;23559
2015.06.10;20:00:00;0.77668;0.77509;0.77557;0.7753;12702
2015.06.11;00:00:00;0.77518;0.76935;0.772;0.77444;13586
2015.06.11;04:00:00;0.7792;0.77043;0.77662;0.77199;14568
2015.06.11;08:00:00;0.77688;0.77362;0.77462;0.77663;22851
2015.06.11;12:00:00;0.77549;0.76924;0.77411;0.77462;21273
2015.06.11;16:00:00;0.77426;0.77132;0.77273;0.77412;19726
2015.06.11;20:00:00;0.77674;0.77253;0.77531;0.77273;11873
2015.06.12;00:00:00;0.77579;0.7736;0.77515;0.77531;13614
2015.06.12;04:00:00;0.77569;0.77353;0.77355;0.77516;12699
2015.06.12;08:00:00;0.77454;0.76772;0.76852;0.77356;19343
2015.06.12;12:00:00;0.77192;0.76787;0.76987;0.76852;19800
2015.06.12;16:00:00;0.77538;0.76888;0.77429;0.76986;20954
2015.06.12;20:00:00;0.77477;0.77231;0.77249;0.77428;9159
2015.06.15;00:00:00;0.77527;0.77113;0.77142;0.7751;8558
2015.06.15;04:00:00;0.77226;0.77093;0.7711;0.77142;13009
2015.06.15;08:00:00;0.77325;0.77031;0.77153;0.77109;20066
2015.06.15;12:00:00;0.77702;0.77139;0.77635;0.77153;15743
2015.06.15;16:00:00;0.77761;0.77531;0.7769;0.77634;14510
2015.06.15;20:00:00;0.77694;0.77524;0.77644;0.77689;9974
2015.06.16;00:00:00;0.77654;0.77468;0.77528;0.77646;10783
2015.06.16;04:00:00;0.77794;0.77423;0.77587;0.77527;14177
2015.06.16;08:00:00;0.776;0.7721;0.77263;0.77587;16057
2015.06.16;12:00:00;0.77523;0.77246;0.77498;0.77264;12732
2015.06.16;16:00:00;0.77694;0.77463;0.77478;0.77499;13109
2015.06.16;20:00:00;0.77524;0.77382;0.77499;0.77478;7244
2015.06.17;00:00:00;0.77559;0.77391;0.77463;0.77501;8823
2015.06.17;04:00:00;0.77482;0.77145;0.77213;0.77463;12176
2015.06.17;08:00:00;0.77276;0.76804;0.76817;0.77214;17307
2015.06.17;12:00:00;0.76896;0.76693;0.76835;0.76816;14431
2015.06.17;16:00:00;0.76985;0.76594;0.76656;0.76835;14126
2015.06.17;20:00:00;0.77692;0.76438;0.77467;0.76655;28000
2015.06.18;00:00:00;0.77556;0.77093;0.77296;0.77456;14311
2015.06.18;04:00:00;0.774;0.77139;0.77227;0.77296;13688
2015.06.18;08:00:00;0.77936;0.77182;0.77874;0.77227;22514
2015.06.18;12:00:00;0.78484;0.77806;0.78312;0.77875;20975
2015.06.18;16:00:00;0.78473;0.78049;0.7811;0.78312;17938
2015.06.18;20:00:00;0.78169;0.77921;0.77974;0.78111;13329
2015.06.19;00:00:00;0.7814;0.77795;0.78023;0.77967;12361
2015.06.19;04:00:00;0.78071;0.77619;0.7767;0.78019;13412
2015.06.19;08:00:00;0.77731;0.7753;0.77682;0.7767;18791
2015.06.19;12:00:00;0.77724;0.77357;0.77455;0.77683;15756
2015.06.19;16:00:00;0.77705;0.77419;0.77556;0.77454;13571
2015.06.19;20:00:00;0.77749;0.77553;0.77682;0.77555;8663
2015.06.22;00:00:00;0.77751;0.77594;0.77719;0.77639;7430
2015.06.22;04:00:00;0.77879;0.77709;0.77803;0.77718;11012
2015.06.22;08:00:00;0.77955;0.77632;0.77741;0.77803;17307
2015.06.22;12:00:00;0.77784;0.77513;0.77718;0.77741;16114
2015.06.22;16:00:00;0.778;0.77221;0.77312;0.77718;16339
2015.06.22;20:00:00;0.77357;0.77202;0.7726;0.77312;10165
2015.06.23;00:00:00;0.77381;0.77218;0.77286;0.77257;9795
2015.06.23;04:00:00;0.77342;0.76937;0.77028;0.77287;15153
2015.06.23;08:00:00;0.7743;0.77007;0.77226;0.77028;17960
2015.06.23;12:00:00;0.77307;0.76842;0.76929;0.77225;15754
2015.06.23;16:00:00;0.7748;0.76786;0.77227;0.76927;17667
2015.06.23;20:00:00;0.77429;0.77206;0.77338;0.77227;11189
2015.06.24;00:00:00;0.77578;0.77253;0.7745;0.7735;9830
2015.06.24;04:00:00;0.77504;0.77117;0.77142;0.77451;11473
2015.06.24;08:00:00;0.77702;0.7714;0.77533;0.77141;17762
2015.06.24;12:00:00;0.77561;0.77241;0.77259;0.77533;16925
2015.06.24;16:00:00;0.77282;0.76822;0.77036;0.77261;17897
2015.06.24;20:00:00;0.77152;0.77007;0.7701;0.77036;11722
2015.06.25;00:00:00;0.77188;0.76954;0.7718;0.77004;10570
2015.06.25;04:00:00;0.77477;0.77127;0.77421;0.77181;12504
2015.06.25;08:00:00;0.7748;0.77228;0.77316;0.77422;14901
2015.06.25;12:00:00;0.77466;0.77255;0.77363;0.77316;15839
2015.06.25;16:00:00;0.77507;0.77325;0.77432;0.77364;12052
2015.06.25;20:00:00;0.77514;0.77356;0.77356;0.7743;9607
2015.06.26;00:00:00;0.77393;0.77235;0.77261;0.77361;12560
2015.06.26;04:00:00;0.77277;0.77088;0.77185;0.77261;12530
2015.06.26;08:00:00;0.77207;0.76954;0.7706;0.77186;14008
2015.06.26;12:00:00;0.77066;0.76444;0.76449;0.7706;13272
2015.06.26;16:00:00;0.76573;0.76296;0.76492;0.76449;16701
2015.06.26;20:00:00;0.76572;0.76428;0.76546;0.76491;7149
2015.06.29;00:00:00;0.76456;0.75853;0.76318;0.76196;17293
2015.06.29;04:00:00;0.76927;0.76318;0.76496;0.76319;15631
2015.06.29;08:00:00;0.76682;0.76317;0.76572;0.76496;26911
2015.06.29;12:00:00;0.76724;0.76457;0.76663;0.76572;16718
2015.06.29;16:00:00;0.76849;0.76415;0.76846;0.76663;19652
2015.06.29;20:00:00;0.77112;0.76771;0.76771;0.76846;13185
2015.06.30;00:00:00;0.76814;0.76632;0.7671;0.76771;12471
2015.06.30;04:00:00;0.76804;0.76587;0.76743;0.76711;16244
2015.06.30;08:00:00;0.76939;0.76673;0.76791;0.76745;22072
2015.06.30;12:00:00;0.7713;0.76648;0.77074;0.76791;20406
2015.06.30;16:00:00;0.77234;0.76803;0.77072;0.77075;23363
2015.06.30;20:00:00;0.77166;0.77006;0.77062;0.7707;15227
2015.07.01;00:00:00;0.7715;0.76875;0.77081;0.77048;15814
2015.07.01;04:00:00;0.77375;0.76942;0.77162;0.77075;12887
2015.07.01;08:00:00;0.77202;0.77001;0.77115;0.77163;15092
2015.07.01;12:00:00;0.77207;0.76644;0.76758;0.77116;15621
2015.07.01;16:00:00;0.76765;0.76506;0.76604;0.76757;16325
2015.07.01;20:00:00;0.76603;0.76379;0.76432;0.76603;11163
2015.07.02;00:00:00;0.76513;0.76322;0.76512;0.76426;12589
2015.07.02;04:00:00;0.76565;0.76284;0.76498;0.76513;13084
2015.07.02;08:00:00;0.76521;0.76018;0.7604;0.76498;20471
2015.07.02;12:00:00;0.7642;0.75888;0.76215;0.7604;24161
2015.07.02;16:00:00;0.76357;0.76121;0.76332;0.76214;21423
2015.07.02;20:00:00;0.76356;0.76197;0.76306;0.76332;9220
2015.07.03;00:00:00;0.76479;0.76286;0.76418;0.76307;11116
2015.07.03;04:00:00;0.76443;0.75662;0.75883;0.76418;15501
2015.07.03;08:00:00;0.75938;0.75363;0.75408;0.75883;18229
2015.07.03;12:00:00;0.75476;0.75102;0.75242;0.75382;19272
2015.07.03;16:00:00;0.75243;0.75084;0.75169;0.75241;13209
2015.07.03;20:00:00;0.75358;0.75066;0.75102;0.75163;5897
2015.07.06;00:00:00;0.75139;0.74617;0.75105;0.74741;10776
2015.07.06;04:00:00;0.75174;0.74671;0.74777;0.75106;12145
2015.07.06;08:00:00;0.75207;0.74631;0.75001;0.74776;21732
2015.07.06;12:00:00;0.75119;0.74827;0.7504;0.75001;20753
2015.07.06;16:00:00;0.7532;0.75014;0.7516;0.7504;20810
2015.07.06;20:00:00;0.75207;0.74904;0.74977;0.75161;9368
2015.07.07;00:00:00;0.75013;0.74731;0.74775;0.74977;10003
2015.07.07;04:00:00;0.7491;0.74634;0.7483;0.74775;14187
2015.07.07;08:00:00;0.74984;0.74243;0.74377;0.74829;22674
2015.07.07;12:00:00;0.74431;0.74118;0.74245;0.74379;23904
2015.07.07;16:00:00;0.74387;0.73969;0.74249;0.74245;26217
2015.07.07;20:00:00;0.74755;0.74232;0.74508;0.74248;12677
2015.07.08;00:00:00;0.74583;0.7433;0.74342;0.74504;11684
2015.07.08;04:00:00;0.74363;0.73898;0.74079;0.74342;19861
2015.07.08;08:00:00;0.74214;0.73712;0.73989;0.74078;23875
2015.07.08;12:00:00;0.74384;0.73982;0.74174;0.73989;20158
2015.07.08;16:00:00;0.74489;0.74124;0.74324;0.74174;25787
2015.07.08;20:00:00;0.74426;0.74173;0.74276;0.74328;10893
2015.07.09;00:00:00;0.7432;0.73913;0.74028;0.74274;11928
2015.07.09;04:00:00;0.74739;0.74022;0.74674;0.74027;18817
2015.07.09;08:00:00;0.74907;0.74493;0.74531;0.74676;20985
2015.07.09;12:00:00;0.74675;0.74119;0.74548;0.74531;20943
2015.07.09;16:00:00;0.74594;0.74225;0.74379;0.74547;20031
2015.07.09;20:00:00;0.74622;0.74258;0.74451;0.74379;11515
2015.07.10;00:00:00;0.74758;0.7443;0.7471;0.74453;11780
2015.07.10;04:00:00;0.74948;0.7471;0.74796;0.7471;13831
2015.07.10;08:00:00;0.74894;0.74459;0.74495;0.74797;19916
2015.07.10;12:00:00;0.74956;0.74476;0.746;0.74495;22565
2015.07.10;16:00:00;0.7465;0.74112;0.74178;0.74598;21056
2015.07.10;20:00:00;0.74475;0.74084;0.74347;0.74177;6966
2015.07.13;00:00:00;0.74372;0.74122;0.74312;0.74122;9126
2015.07.13;04:00:00;0.74676;0.74207;0.74405;0.74313;17165
2015.07.13;08:00:00;0.7465;0.74097;0.74224;0.74406;27841
2015.07.13;12:00:00;0.74432;0.74129;0.74159;0.74225;17676
2015.07.13;16:00:00;0.74159;0.73823;0.74136;0.74159;18127
2015.07.13;20:00:00;0.74153;0.73977;0.74061;0.74135;11539
2015.07.14;00:00:00;0.74103;0.73865;0.74045;0.74058;15471
2015.07.14;04:00:00;0.74312;0.73961;0.7422;0.74045;15791
2015.07.14;08:00:00;0.7436;0.74125;0.74184;0.74219;22995
2015.07.14;12:00:00;0.74778;0.74185;0.7455;0.74186;22715
2015.07.14;16:00:00;0.74635;0.74403;0.74508;0.74551;18495
2015.07.14;20:00:00;0.7456;0.74436;0.74496;0.74509;8499
2015.07.15;00:00:00;0.74569;0.74357;0.7446;0.74499;14546
2015.07.15;04:00:00;0.74878;0.74427;0.74691;0.7446;16253
2015.07.15;08:00:00;0.74832;0.74449;0.74549;0.74691;21971
2015.07.15;12:00:00;0.74749;0.74376;0.74393;0.74551;18876
2015.07.15;16:00:00;0.74395;0.73528;0.73657;0.74395;27942
2015.07.15;20:00:00;0.73796;0.73606;0.73771;0.73656;13381
2015.07.16;00:00:00;0.73885;0.73632;0.73674;0.73771;15526
2015.07.16;04:00:00;0.7377;0.73533;0.73595;0.73675;17391
2015.07.16;08:00:00;0.73926;0.7349;0.73855;0.73594;20442
2015.07.16;12:00:00;0.74057;0.73802;0.73954;0.73856;17922
2015.07.16;16:00:00;0.74362;0.73942;0.74163;0.73953;18088
2015.07.16;20:00:00;0.74225;0.74;0.74026;0.74162;11032
2015.07.17;00:00:00;0.74176;0.74011;0.74095;0.74017;15276
2015.07.17;04:00:00;0.74179;0.74038;0.74165;0.74094;13863
2015.07.17;08:00:00;0.74178;0.73942;0.73945;0.74165;17863
2015.07.17;12:00:00;0.74042;0.73755;0.73802;0.73947;17126
2015.07.17;16:00:00;0.73859;0.73666;0.73807;0.73802;17477
2015.07.17;20:00:00;0.7382;0.73682;0.73696;0.73806;7845
2015.07.20;00:00:00;0.73806;0.73645;0.73713;0.73758;7970
2015.07.20;04:00:00;0.73752;0.73267;0.73573;0.73711;17667
2015.07.20;08:00:00;0.73965;0.73493;0.73766;0.73573;22539
2015.07.20;12:00:00;0.73854;0.7364;0.73763;0.73768;18375
2015.07.20;16:00:00;0.73899;0.73459;0.73759;0.73764;18248
2015.07.20;20:00:00;0.73821;0.73673;0.73686;0.73759;12914
2015.07.21;00:00:00;0.73758;0.73645;0.73708;0.73683;11316
2015.07.21;04:00:00;0.73846;0.73474;0.73505;0.73708;19297
2015.07.21;08:00:00;0.73798;0.73403;0.73705;0.73505;22384
2015.07.21;12:00:00;0.73833;0.73616;0.73688;0.73705;20060
2015.07.21;16:00:00;0.74484;0.73674;0.74432;0.73688;27591
2015.07.21;20:00:00;0.74451;0.74167;0.74173;0.74433;14979
2015.07.22;00:00:00;0.7428;0.74156;0.74169;0.74171;12798
2015.07.22;04:00:00;0.74379;0.73717;0.74192;0.7417;21062
2015.07.22;08:00:00;0.74288;0.73935;0.7406;0.74193;20013
2015.07.22;12:00:00;0.74194;0.73801;0.7387;0.7406;22029
2015.07.22;16:00:00;0.73904;0.73598;0.73714;0.73869;24531
2015.07.22;20:00:00;0.73797;0.73651;0.73702;0.73713;10247
2015.07.23;00:00:00;0.73921;0.73555;0.73613;0.73734;14897
2015.07.23;04:00:00;0.7388;0.736;0.73735;0.73613;13346
2015.07.23;08:00:00;0.74166;0.73611;0.74121;0.73735;20174
2015.07.23;12:00:00;0.74146;0.7372;0.73727;0.74121;17594
2015.07.23;16:00:00;0.73795;0.73554;0.73673;0.73727;21943
2015.07.23;20:00:00;0.73736;0.73509;0.73516;0.73672;13590
2015.07.24;00:00:00;0.73612;0.73426;0.73548;0.73511;14405
2015.07.24;04:00:00;0.73558;0.72681;0.72918;0.73548;20136
2015.07.24;08:00:00;0.73069;0.72803;0.72968;0.72917;17854
2015.07.24;12:00:00;0.7301;0.72589;0.72768;0.72969;18124
2015.07.24;16:00:00;0.7292;0.72629;0.72733;0.72767;20287
2015.07.24;20:00:00;0.72873;0.72656;0.728;0.72733;6373
2015.07.27;00:00:00;0.72827;0.72668;0.72781;0.72689;8324
2015.07.27;04:00:00;0.72979;0.72765;0.72852;0.7278;13541
2015.07.27;08:00:00;0.73023;0.72648;0.72861;0.72853;22806
2015.07.27;12:00:00;0.73002;0.7277;0.72879;0.72862;19980
2015.07.27;16:00:00;0.73238;0.72865;0.72954;0.7288;22379
2015.07.27;20:00:00;0.7298;0.72645;0.72686;0.72955;8215
2015.07.28;00:00:00;0.72868;0.72642;0.72837;0.72679;11047
2015.07.28;04:00:00;0.73199;0.72562;0.7315;0.72836;17338
2015.07.28;08:00:00;0.73258;0.72925;0.73101;0.7315;21411
2015.07.28;12:00:00;0.73236;0.72976;0.73143;0.73101;17658
2015.07.28;16:00:00;0.73435;0.72965;0.73262;0.73143;20035
2015.07.28;20:00:00;0.73405;0.73214;0.7335;0.73262;10127
2015.07.29;00:00:00;0.73492;0.73198;0.73437;0.73317;14575
2015.07.29;04:00:00;0.735;0.7317;0.73186;0.73437;12961
2015.07.29;08:00:00;0.73235;0.72997;0.73192;0.73186;18028
2015.07.29;12:00:00;0.73214;0.73003;0.73125;0.73191;15192
2015.07.29;16:00:00;0.73304;0.72928;0.73108;0.73124;19956
2015.07.29;20:00:00;0.73449;0.72813;0.72936;0.73108;19956
2015.07.30;00:00:00;0.73053;0.7284;0.73015;0.72934;13039
2015.07.30;04:00:00;0.73206;0.72986;0.73183;0.73017;14671
2015.07.30;08:00:00;0.73217;0.72849;0.7304;0.73181;15849
2015.07.30;12:00:00;0.73088;0.7254;0.72795;0.7304;19133
2015.07.30;16:00:00;0.72849;0.72624;0.72817;0.72794;22694
2015.07.30;20:00:00;0.72935;0.72785;0.72898;0.72817;12289
2015.07.31;00:00:00;0.73039;0.72857;0.72931;0.72901;15773
2015.07.31;04:00:00;0.7309;0.72833;0.7301;0.72931;14737
2015.07.31;08:00:00;0.73024;0.72642;0.72714;0.73009;18105
2015.07.31;12:00:00;0.73309;0.72335;0.73078;0.72715;23925
2015.07.31;16:00:00;0.73655;0.73075;0.73124;0.73078;31311
2015.07.31;20:00:00;0.73201;0.72894;0.72999;0.73123;13319
2015.08.03;00:00:00;0.7318;0.72892;0.73044;0.7318;12956
2015.08.03;04:00:00;0.73116;0.7293;0.7298;0.73044;13843
2015.08.03;08:00:00;0.73026;0.72824;0.7293;0.72981;16670
2015.08.03;12:00:00;0.72974;0.72618;0.72703;0.7293;18362
2015.08.03;16:00:00;0.72895;0.72592;0.72669;0.72702;23509
2015.08.03;20:00:00;0.72853;0.72608;0.72835;0.72669;11468
2015.08.04;00:00:00;0.72873;0.72623;0.72646;0.72837;13297
2015.08.04;04:00:00;0.73483;0.72634;0.73483;0.72648;19807
2015.08.04;08:00:00;0.73939;0.73432;0.7387;0.73483;24489
2015.08.04;12:00:00;0.74049;0.73736;0.73959;0.73869;20558
2015.08.04;16:00:00;0.74277;0.73911;0.74177;0.73959;25708
2015.08.04;20:00:00;0.74192;0.73729;0.73773;0.74177;21364
2015.08.05;00:00:00;0.73828;0.73675;0.73742;0.73776;14263
2015.08.05;04:00:00;0.73747;0.73492;0.73525;0.73744;16105
2015.08.05;08:00:00;0.73708;0.73333;0.73656;0.73525;19675
2015.08.05;12:00:00;0.7394;0.73494;0.73766;0.73656;20146
2015.08.05;16:00:00;0.73808;0.73355;0.73447;0.73765;25129
2015.08.05;20:00:00;0.73591;0.73431;0.73538;0.73448;13439
2015.08.06;00:00:00;0.73576;0.73462;0.7351;0.73538;13408
2015.08.06;04:00:00;0.73912;0.73205;0.73309;0.73511;19378
2015.08.06;08:00:00;0.73405;0.7314;0.73215;0.7331;19229
2015.08.06;12:00:00;0.73348;0.73211;0.73348;0.73216;17872
2015.08.06;16:00:00;0.73507;0.73315;0.73445;0.73346;20392
2015.08.06;20:00:00;0.73512;0.73374;0.73432;0.73446;16426
2015.08.07;00:00:00;0.73487;0.73387;0.73444;0.73426;14431
2015.08.07;04:00:00;0.73785;0.73443;0.73606;0.73446;17098
2015.08.07;08:00:00;0.7379;0.73565;0.73692;0.73606;18005
2015.08.07;12:00:00;0.7396;0.73458;0.7346;0.73691;21050
2015.08.07;16:00:00;0.7411;0.73327;0.74008;0.7346;32723
2015.08.07;20:00:00;0.7419;0.73967;0.74175;0.74007;13189
2015.08.10;00:00:00;0.74155;0.73891;0.73904;0.74131;9572
2015.08.10;04:00:00;0.74053;0.73856;0.73993;0.73905;13601
2015.08.10;08:00:00;0.74009;0.73593;0.73657;0.73992;16655
2015.08.10;12:00:00;0.7375;0.73525;0.73608;0.73661;14592
2015.08.10;16:00:00;0.74214;0.73558;0.74181;0.7361;23360
2015.08.10;20:00:00;0.7419;0.74035;0.74106;0.74182;15780
2015.08.11;00:00:00;0.74387;0.74062;0.7431;0.74109;19204
2015.08.11;04:00:00;0.7431;0.73065;0.73193;0.74309;28702
2015.08.11;08:00:00;0.73556;0.73045;0.73382;0.73195;28128
2015.08.11;12:00:00;0.73413;0.73129;0.73234;0.73383;23051
2015.08.11;16:00:00;0.73242;0.72823;0.72899;0.73234;25594
2015.08.11;20:00:00;0.73039;0.72826;0.7301;0.72902;12167
2015.08.12;00:00:00;0.73213;0.72981;0.73139;0.7301;16358
2015.08.12;04:00:00;0.73246;0.72144;0.72364;0.73139;24878
2015.08.12;08:00:00;0.73189;0.72352;0.72898;0.72363;29695
2015.08.12;12:00:00;0.73866;0.72803;0.73507;0.72898;26773
2015.08.12;16:00:00;0.73851;0.73352;0.73822;0.73506;27062
2015.08.12;20:00:00;0.73857;0.73592;0.73766;0.73821;11928
2015.08.13;00:00:00;0.73889;0.7365;0.7375;0.73766;11685
2015.08.13;04:00:00;0.74082;0.73306;0.73775;0.7375;16879
2015.08.13;08:00:00;0.73836;0.73383;0.73425;0.73775;18903
2015.08.13;12:00:00;0.73466;0.73254;0.73374;0.73424;19400
2015.08.13;16:00:00;0.73645;0.73221;0.73575;0.73373;23424
2015.08.13;20:00:00;0.73687;0.73501;0.73556;0.73575;16786
2015.08.14;00:00:00;0.73786;0.73552;0.73718;0.73553;17393
2015.08.14;04:00:00;0.73836;0.7354;0.73696;0.73719;17049
2015.08.14;08:00:00;0.73956;0.73685;0.73859;0.73697;19904
2015.08.14;12:00:00;0.73952;0.73739;0.73789;0.7386;19194
2015.08.14;16:00:00;0.73969;0.73651;0.73879;0.73789;21974
2015.08.14;20:00:00;0.7388;0.73705;0.73722;0.73878;9108
2015.08.17;00:00:00;0.738;0.73631;0.73642;0.73718;7777
2015.08.17;04:00:00;0.73814;0.73641;0.73733;0.73643;12335
2015.08.17;08:00:00;0.7377;0.73533;0.7362;0.73734;17101
2015.08.17;12:00:00;0.73724;0.73429;0.73664;0.7362;16250
2015.08.17;16:00:00;0.73883;0.73622;0.73852;0.73664;18575
2015.08.17;20:00:00;0.73873;0.73688;0.73695;0.73852;15643
2015.08.18;00:00:00;0.7376;0.73637;0.73674;0.73694;15939
2015.08.18;04:00:00;0.73852;0.73559;0.73612;0.73674;19028
2015.08.18;08:00:00;0.7367;0.73306;0.73452;0.7361;19804
2015.08.18;12:00:00;0.73624;0.73248;0.73265;0.73451;16723
2015.08.18;16:00:00;0.73449;0.73191;0.73363;0.73264;19475
2015.08.18;20:00:00;0.73437;0.73307;0.73391;0.73363;12072
2015.08.19;00:00:00;0.73438;0.73301;0.73402;0.73391;17017
2015.08.19;04:00:00;0.73447;0.73131;0.73262;0.73402;16989
2015.08.19;08:00:00;0.73626;0.73263;0.73534;0.73263;17842
2015.08.19;12:00:00;0.73633;0.7332;0.73388;0.73537;17486
2015.08.19;16:00:00;0.73408;0.73113;0.73219;0.73387;21563
2015.08.19;20:00:00;0.73747;0.73135;0.73448;0.7322;25946
2015.08.20;00:00:00;0.73722;0.73452;0.73585;0.73453;15107
2015.08.20;04:00:00;0.7361;0.73406;0.73502;0.73586;14910
2015.08.20;08:00:00;0.73525;0.72839;0.72852;0.73505;21815
2015.08.20;12:00:00;0.732;0.72841;0.73104;0.72853;16342
2015.08.20;16:00:00;0.73621;0.73104;0.73454;0.73105;23037
2015.08.20;20:00:00;0.73479;0.73335;0.7334;0.73455;15221
2015.08.21;00:00:00;0.73393;0.73238;0.73305;0.7335;14798
2015.08.21;04:00:00;0.73317;0.72859;0.73162;0.73305;21118
2015.08.21;08:00:00;0.73288;0.72957;0.73247;0.73163;20937
2015.08.21;12:00:00;0.73592;0.7311;0.73333;0.73247;20451
2015.08.21;16:00:00;0.73572;0.73202;0.7336;0.73333;29307
2015.08.21;20:00:00;0.73365;0.73068;0.73095;0.73359;15118
2015.08.24;00:00:00;0.73107;0.72441;0.72532;0.72913;14841
2015.08.24;04:00:00;0.72629;0.72001;0.72257;0.72534;27421
2015.08.24;08:00:00;0.7275;0.72205;0.72429;0.72257;25260
2015.08.24;12:00:00;0.7249;0.72084;0.7231;0.72428;26309
2015.08.24;16:00:00;0.72491;0.704;0.72191;0.7231;48538
2015.08.24;20:00:00;0.7226;0.71504;0.71546;0.72192;23976
2015.08.25;00:00:00;0.71934;0.71272;0.71891;0.71543;13420
2015.08.25;04:00:00;0.72319;0.71806;0.71972;0.7189;18343
2015.08.25;08:00:00;0.72156;0.71695;0.71889;0.71973;25366
2015.08.25;12:00:00;0.72492;0.71757;0.72068;0.7189;28704
2015.08.25;16:00:00;0.72108;0.71669;0.71823;0.72071;23670
2015.08.25;20:00:00;0.7183;0.71221;0.71283;0.71822;14689
2015.08.26;00:00:00;0.71559;0.70957;0.71263;0.71285;19039
2015.08.26;04:00:00;0.71473;0.71064;0.7129;0.71263;21637
2015.08.26;08:00:00;0.71518;0.71068;0.71288;0.7129;22589
2015.08.26;12:00:00;0.71496;0.71191;0.71374;0.71287;20833
2015.08.26;16:00:00;0.71392;0.70688;0.70853;0.71373;25032
2015.08.26;20:00:00;0.71229;0.70787;0.71204;0.70853;18125
2015.08.27;00:00:00;0.71296;0.71106;0.71212;0.71203;16793
2015.08.27;04:00:00;0.71517;0.71055;0.71088;0.71211;16421
2015.08.27;08:00:00;0.71506;0.70979;0.71312;0.71087;21125
2015.08.27;12:00:00;0.71694;0.71204;0.71318;0.71312;18048
2015.08.27;16:00:00;0.71802;0.71256;0.71634;0.71317;24056
2015.08.27;20:00:00;0.71786;0.71534;0.71636;0.71634;14115
2015.08.28;00:00:00;0.71895;0.71624;0.71871;0.71636;12751
2015.08.28;04:00:00;0.72049;0.71596;0.71736;0.71871;16196
2015.08.28;08:00:00;0.71819;0.71563;0.71669;0.71737;17285
2015.08.28;12:00:00;0.7167;0.71246;0.71272;0.71669;19681
2015.08.28;16:00:00;0.71632;0.71198;0.71571;0.71273;28029
2015.08.28;20:00:00;0.71706;0.71497;0.71656;0.71571;11840
2015.08.31;00:00:00;0.71618;0.7132;0.71372;0.71493;12944
2015.08.31;04:00:00;0.71563;0.71238;0.71461;0.71372;16068
2015.08.31;08:00:00;0.71576;0.71218;0.71317;0.71461;12399
2015.08.31;12:00:00;0.71375;0.71062;0.71117;0.71318;9167
2015.08.31;16:00:00;0.71197;0.70814;0.71179;0.71116;15660
2015.08.31;20:00:00;0.71265;0.71096;0.7111;0.71174;15324
2015.09.01;00:00:00;0.7121;0.7101;0.71194;0.7111;9173
2015.09.01;04:00:00;0.71528;0.71034;0.71243;0.71194;15623
2015.09.01;08:00:00;0.71316;0.70641;0.70773;0.71248;22955
2015.09.01;12:00:00;0.70875;0.70357;0.70502;0.70771;23997
2015.09.01;16:00:00;0.70644;0.70149;0.70349;0.70502;26767
2015.09.01;20:00:00;0.70482;0.7013;0.70148;0.70349;18503
2015.09.02;00:00:00;0.70301;0.6997;0.70269;0.7014;15004
2015.09.02;04:00:00;0.70336;0.69814;0.70293;0.7027;18906
2015.09.02;08:00:00;0.70467;0.70023;0.70113;0.70289;19653
2015.09.02;12:00:00;0.70246;0.69823;0.70184;0.70114;18120
2015.09.02;16:00:00;0.70287;0.70014;0.70267;0.70183;26274
2015.09.02;20:00:00;0.70481;0.70198;0.7037;0.70266;18681
2015.09.03;00:00:00;0.70613;0.70356;0.70435;0.70368;12343
2015.09.03;04:00:00;0.70445;0.7001;0.70168;0.70435;14926
2015.09.03;08:00:00;0.70243;0.69913;0.70154;0.70169;17010
2015.09.03;12:00:00;0.70178;0.69935;0.7004;0.70154;18456
2015.09.03;16:00:00;0.70618;0.69983;0.70241;0.7004;25001
2015.09.03;20:00:00;0.70287;0.70048;0.7015;0.70241;15929
2015.09.04;00:00:00;0.70205;0.69984;0.69984;0.70153;12618
2015.09.04;04:00:00;0.70067;0.69579;0.69693;0.69983;16854
2015.09.04;08:00:00;0.69872;0.69589;0.69834;0.69694;19577
2015.09.04;12:00:00;0.70123;0.69265;0.69444;0.69834;17565
2015.09.04;16:00:00;0.69553;0.69076;0.69208;0.69444;23065
2015.09.04;20:00:00;0.69339;0.69065;0.69065;0.69207;11253
2015.09.07;00:00:00;0.69437;0.69108;0.69328;0.69243;11077
2015.09.07;04:00:00;0.69477;0.69153;0.69184;0.69328;12875
2015.09.07;08:00:00;0.69449;0.69132;0.69355;0.69183;16437
2015.09.07;12:00:00;0.69491;0.69305;0.69417;0.69354;14883
2015.09.07;16:00:00;0.69436;0.6921;0.69311;0.69416;8234
2015.09.07;20:00:00;0.6932;0.69213;0.69232;0.69311;21092
2015.09.08;00:00:00;0.69502;0.69201;0.69446;0.69228;8311
2015.09.08;04:00:00;0.69706;0.69323;0.69565;0.69445;14012
2015.09.08;08:00:00;0.69859;0.6947;0.69788;0.69564;14464
2015.09.08;12:00:00;0.69962;0.69716;0.69958;0.69788;11796
2015.09.08;16:00:00;0.70371;0.6994;0.70279;0.69957;16646
2015.09.08;20:00:00;0.70387;0.70157;0.70158;0.70281;7952
2015.09.09;00:00:00;0.70474;0.7013;0.70464;0.7016;9174
2015.09.09;04:00:00;0.70692;0.70398;0.70481;0.70463;12350
2015.09.09;08:00:00;0.70626;0.70324;0.70398;0.70481;13418
2015.09.09;12:00:00;0.70462;0.70171;0.70409;0.70404;12296
2015.09.09;16:00:00;0.70572;0.70152;0.70211;0.7041;18171
2015.09.09;20:00:00;0.7027;0.70045;0.70128;0.70211;12522
2015.09.10;00:00:00;0.70176;0.6952;0.69623;0.70145;12086
2015.09.10;04:00:00;0.70089;0.69449;0.69949;0.69624;16086
2015.09.10;08:00:00;0.70919;0.69939;0.7054;0.6995;23648
2015.09.10;12:00:00;0.70804;0.70451;0.705;0.7054;20649
2015.09.10;16:00:00;0.70924;0.70452;0.70672;0.705;24690
2015.09.10;20:00:00;0.70987;0.70662;0.70689;0.70671;14044
2015.09.11;00:00:00;0.70853;0.70609;0.70733;0.70691;10038
2015.09.11;04:00:00;0.70794;0.70644;0.70675;0.70735;7969
2015.09.11;08:00:00;0.70686;0.70346;0.70443;0.70676;13101
2015.09.11;12:00:00;0.70715;0.704;0.70683;0.70441;13098
2015.09.11;16:00:00;0.70901;0.7055;0.70856;0.70684;15085
2015.09.11;20:00:00;0.70911;0.70738;0.70892;0.70856;7381
2015.09.14;00:00:00;0.71235;0.70769;0.71189;0.708;7531
2015.09.14;04:00:00;0.71347;0.70742;0.70847;0.71188;10761
2015.09.14;08:00:00;0.71221;0.70621;0.71206;0.70848;14263
2015.09.14;12:00:00;0.71322;0.71139;0.71241;0.71208;10702
2015.09.14;16:00:00;0.71506;0.71148;0.71386;0.71241;13614
2015.09.14;20:00:00;0.71395;0.71295;0.71351;0.71387;5823
2015.09.15;00:00:00;0.71649;0.71273;0.71526;0.71352;9359
2015.09.15;04:00:00;0.7154;0.71215;0.71231;0.71526;9427
2015.09.15;08:00:00;0.71323;0.71019;0.71294;0.71232;12484
2015.09.15;12:00:00;0.71348;0.71151;0.71161;0.71293;9125
2015.09.15;16:00:00;0.71206;0.70845;0.71047;0.7116;10694
2015.09.15;20:00:00;0.71512;0.71047;0.71398;0.71049;6666
2015.09.16;00:00:00;0.71443;0.71222;0.71304;0.71398;6347
2015.09.16;04:00:00;0.71464;0.71272;0.71401;0.71306;7610
2015.09.16;08:00:00;0.71824;0.71341;0.71659;0.714;12224
2015.09.16;12:00:00;0.71708;0.7144;0.71615;0.7166;9403
2015.09.16;16:00:00;0.71964;0.71562;0.71852;0.71616;12406
2015.09.16;20:00:00;0.7199;0.71819;0.71958;0.7185;5176
2015.09.17;00:00:00;0.72066;0.71805;0.71822;0.71963;7404
2015.09.17;04:00:00;0.72031;0.71768;0.71832;0.71823;8523
2015.09.17;08:00:00;0.71927;0.7163;0.71723;0.71833;10869
2015.09.17;12:00:00;0.71757;0.71561;0.7161;0.71723;8989
2015.09.17;16:00:00;0.71641;0.71369;0.71461;0.71609;12240
2015.09.17;20:00:00;0.72747;0.7143;0.71712;0.71462;35131
2015.09.18;00:00:00;0.71937;0.71616;0.71838;0.71661;9566
2015.09.18;04:00:00;0.71953;0.71773;0.71915;0.71841;8864
2015.09.18;08:00:00;0.72605;0.71885;0.72513;0.71916;16960
2015.09.18;12:00:00;0.72789;0.72441;0.72678;0.72512;16589
2015.09.18;16:00:00;0.72747;0.72144;0.72253;0.72678;18795
2015.09.18;20:00:00;0.72306;0.71809;0.71827;0.72249;9547
2015.09.21;00:00:00;0.71964;0.71794;0.71863;0.71805;4766
2015.09.21;04:00:00;0.71951;0.71613;0.71729;0.71864;7552
2015.09.21;08:00:00;0.71814;0.71575;0.71598;0.7173;9808
2015.09.21;12:00:00;0.71718;0.7151;0.71551;0.71598;9224
2015.09.21;16:00:00;0.71567;0.71205;0.71261;0.71552;12849
2015.09.21;20:00:00;0.71364;0.71241;0.71278;0.71262;4989
2015.09.22;00:00:00;0.71387;0.71206;0.71346;0.71279;4506
2015.09.22;04:00:00;0.7147;0.71263;0.71272;0.71347;5782
2015.09.22;08:00:00;0.71581;0.71122;0.71132;0.71272;12649
2015.09.22;12:00:00;0.71191;0.70767;0.70834;0.71131;13391
2015.09.22;16:00:00;0.7086;0.70558;0.7075;0.70837;13664
2015.09.22;20:00:00;0.70949;0.70708;0.70875;0.7075;5583
2015.09.23;00:00:00;0.70892;0.70697;0.70798;0.70877;4725
2015.09.23;04:00:00;0.70836;0.70181;0.70261;0.70797;10365
2015.09.23;08:00:00;0.70491;0.70231;0.7048;0.70262;11924
2015.09.23;12:00:00;0.70635;0.70381;0.70428;0.70476;10043
2015.09.23;16:00:00;0.70528;0.69983;0.7011;0.70427;16496
2015.09.23;20:00:00;0.70151;0.69881;0.70017;0.70111;7015
2015.09.24;00:00:00;0.70125;0.69914;0.70009;0.70007;7201
2015.09.24;04:00:00;0.70225;0.69905;0.69927;0.70009;10058
2015.09.24;08:00:00;0.70026;0.69541;0.69555;0.69927;13707
2015.09.24;12:00:00;0.69664;0.69376;0.6965;0.69554;14608
2015.09.24;16:00:00;0.7014;0.6959;0.70037;0.6965;19110
2015.09.24;20:00:00;0.70419;0.69985;0.70226;0.7004;10419
2015.09.25;00:00:00;0.70219;0.69759;0.70095;0.70199;10084
2015.09.25;04:00:00;0.70177;0.69912;0.70109;0.70094;8612
2015.09.25;08:00:00;0.70415;0.69972;0.70207;0.70106;13720
2015.09.25;12:00:00;0.70219;0.69899;0.70115;0.70207;12297
2015.09.25;16:00:00;0.70308;0.70024;0.70258;0.70115;13840
2015.09.25;20:00:00;0.70332;0.70143;0.70243;0.70258;4796
2015.09.28;00:00:00;0.70292;0.70059;0.70258;0.70262;6370
2015.09.28;04:00:00;0.70352;0.70158;0.7021;0.70259;5485
2015.09.28;08:00:00;0.70352;0.70093;0.70257;0.70209;8726
2015.09.28;12:00:00;0.70322;0.69807;0.69916;0.70255;8627
2015.09.28;16:00:00;0.70119;0.69781;0.69978;0.69916;13097
2015.09.28;20:00:00;0.69981;0.69785;0.69874;0.69977;4760
2015.09.29;00:00:00;0.69879;0.69566;0.69571;0.69875;5387
2015.09.29;04:00:00;0.69636;0.69449;0.69491;0.6957;7425
2015.09.29;08:00:00;0.69845;0.69354;0.69823;0.69492;14918
2015.09.29;12:00:00;0.70071;0.69644;0.70034;0.69824;10090
2015.09.29;16:00:00;0.70229;0.69813;0.69871;0.70035;17764
2015.09.29;20:00:00;0.70016;0.69779;0.69813;0.6987;7350
2015.09.30;00:00:00;0.70197;0.69791;0.70107;0.69818;6128
2015.09.30;04:00:00;0.70197;0.69952;0.70171;0.70107;9050
2015.09.30;08:00:00;0.70374;0.69884;0.70343;0.70173;13353
2015.09.30;12:00:00;0.70367;0.70151;0.70233;0.70342;9446
2015.09.30;16:00:00;0.70336;0.70112;0.70131;0.70234;15721
2015.09.30;20:00:00;0.70207;0.70052;0.70147;0.70129;7656
2015.10.01;00:00:00;0.70201;0.69972;0.70192;0.70148;8587
2015.10.01;04:00:00;0.70609;0.70172;0.70572;0.70192;11577
2015.10.01;08:00:00;0.70728;0.70457;0.70664;0.7057;11007
2015.10.01;12:00:00;0.70838;0.70588;0.70609;0.70665;11444
2015.10.01;16:00:00;0.70807;0.70267;0.70275;0.70609;17076
2015.10.01;20:00:00;0.70355;0.70206;0.70264;0.70277;7061
2015.10.02;00:00:00;0.70452;0.70247;0.70375;0.70264;6075
2015.10.02;04:00:00;0.70545;0.70106;0.70253;0.70376;8113
2015.10.02;08:00:00;0.70507;0.70254;0.70343;0.70254;8871
2015.10.02;12:00:00;0.70651;0.70208;0.70282;0.70343;12110
2015.10.02;16:00:00;0.70452;0.70014;0.70291;0.70284;20304
2015.10.02;20:00:00;0.70554;0.70187;0.7047;0.70288;6903
2015.10.05;00:00:00;0.70571;0.70421;0.70474;0.70511;6194
2015.10.05;04:00:00;0.70796;0.70473;0.70618;0.70474;6670
2015.10.05;08:00:00;0.70938;0.70583;0.70888;0.70619;13263
2015.10.05;12:00:00;0.71101;0.70681;0.70745;0.70889;11558
2015.10.05;16:00:00;0.70896;0.7055;0.70815;0.70746;12871
2015.10.05;20:00:00;0.70976;0.70782;0.70797;0.70814;5422
2015.10.06;00:00:00;0.70881;0.70645;0.70772;0.70802;7139
2015.10.06;04:00:00;0.71335;0.70701;0.71296;0.70773;11132
2015.10.06;08:00:00;0.71296;0.7103;0.71116;0.71296;11592
2015.10.06;12:00:00;0.7123;0.71012;0.71135;0.71114;9350
2015.10.06;16:00:00;0.71555;0.71115;0.71522;0.71135;16931
2015.10.06;20:00:00;0.71743;0.71414;0.7163;0.71524;8139
2015.10.07;00:00:00;0.71645;0.71489;0.71536;0.7163;6372
2015.10.07;04:00:00;0.71872;0.71524;0.71774;0.71535;9207
2015.10.07;08:00:00;0.72144;0.71733;0.71948;0.71773;12484
2015.10.07;12:00:00;0.72335;0.71911;0.72228;0.71948;11125
2015.10.07;16:00:00;0.72337;0.72011;0.72084;0.7223;18131
2015.10.07;20:00:00;0.72225;0.72015;0.72056;0.72085;7884
2015.10.08;00:00:00;0.72112;0.71895;0.72042;0.7205;6764
2015.10.08;04:00:00;0.72152;0.7164;0.71727;0.72043;10781
2015.10.08;08:00:00;0.71873;0.7166;0.71738;0.7173;10184
2015.10.08;12:00:00;0.71995;0.71724;0.71837;0.71737;10036
2015.10.08;16:00:00;0.72332;0.71773;0.72279;0.71836;12900
2015.10.08;20:00:00;0.72707;0.72267;0.72573;0.7228;13161
2015.10.09;00:00:00;0.72727;0.72466;0.72595;0.72576;6814
2015.10.09;04:00:00;0.72879;0.72586;0.7283;0.72595;9359
2015.10.09;08:00:00;0.73102;0.72786;0.73061;0.72828;15697
2015.10.09;12:00:00;0.73434;0.73006;0.73293;0.73062;16823
2015.10.09;16:00:00;0.73374;0.73084;0.73306;0.73293;15249
2015.10.09;20:00:00;0.73377;0.73203;0.73313;0.73307;5934
2015.10.12;00:00:00;0.73291;0.73039;0.73225;0.73149;8617
2015.10.12;04:00:00;0.73469;0.73166;0.73313;0.73224;7044
2015.10.12;08:00:00;0.73675;0.73225;0.73617;0.73313;9669
2015.10.12;12:00:00;0.73765;0.73529;0.73657;0.7362;8458
2015.10.12;16:00:00;0.73813;0.73467;0.7374;0.73657;12208
2015.10.12;20:00:00;0.73764;0.73559;0.73601;0.73742;3933
2015.10.13;00:00:00;0.7363;0.73261;0.73274;0.736;6585
2015.10.13;04:00:00;0.73486;0.72924;0.73153;0.73275;10050
2015.10.13;08:00:00;0.73258;0.72902;0.72971;0.73153;11438
2015.10.13;12:00:00;0.73094;0.72828;0.72941;0.72976;11386
2015.10.13;16:00:00;0.73015;0.72529;0.72768;0.72941;17371
2015.10.13;20:00:00;0.72777;0.72424;0.72433;0.72771;8619
2015.10.14;00:00:00;0.7246;0.71976;0.72176;0.72434;11620
2015.10.14;04:00:00;0.72407;0.72004;0.72255;0.72176;10381
2015.10.14;08:00:00;0.72769;0.72142;0.72628;0.72255;14795
2015.10.14;12:00:00;0.72929;0.72319;0.72741;0.72628;13866
2015.10.14;16:00:00;0.72811;0.72455;0.72637;0.72742;16276
2015.10.14;20:00:00;0.73164;0.72553;0.72973;0.72636;8869
2015.10.15;00:00:00;0.73426;0.72965;0.73047;0.72974;10771
2015.10.15;04:00:00;0.73505;0.72967;0.73179;0.73049;13989
2015.10.15;08:00:00;0.73626;0.73118;0.7338;0.73179;17740
2015.10.15;12:00:00;0.73488;0.72647;0.72886;0.7338;13739
2015.10.15;16:00:00;0.73376;0.72741;0.73318;0.72887;21002
2015.10.15;20:00:00;0.73453;0.73235;0.73238;0.73317;6544
2015.10.16;00:00:00;0.73365;0.72949;0.73047;0.73234;9652
2015.10.16;04:00:00;0.73075;0.72819;0.7284;0.73049;9277
2015.10.16;08:00:00;0.73017;0.72679;0.72747;0.72839;10073
2015.10.16;12:00:00;0.72879;0.72523;0.72703;0.72749;12510
2015.10.16;16:00:00;0.72829;0.72483;0.72684;0.72703;15154
2015.10.16;20:00:00;0.72787;0.72638;0.72658;0.72686;5198
2015.10.19;00:00:00;0.72661;0.72411;0.72487;0.72543;6686
2015.10.19;04:00:00;0.72886;0.72379;0.72735;0.72488;9461
2015.10.19;08:00:00;0.73063;0.72641;0.72902;0.72736;9076
2015.10.19;12:00:00;0.73;0.72647;0.72651;0.72902;10507
2015.10.19;16:00:00;0.7268;0.72491;0.7257;0.72652;9990
2015.10.19;20:00:00;0.72595;0.72418;0.7246;0.72571;3731
2015.10.20;00:00:00;0.72746;0.72411;0.72653;0.72455;6564
2015.10.20;04:00:00;0.72707;0.72493;0.72687;0.72654;5666
2015.10.20;08:00:00;0.72952;0.72669;0.72758;0.72686;8627
2015.10.20;12:00:00;0.72971;0.72673;0.72853;0.72758;8547
2015.10.20;16:00:00;0.72927;0.7252;0.72594;0.72854;11854
2015.10.20;20:00:00;0.72634;0.72477;0.72577;0.72593;4296
2015.10.21;00:00:00;0.72734;0.72533;0.72669;0.72578;6291
2015.10.21;04:00:00;0.72752;0.72614;0.72725;0.72671;5393
2015.10.21;08:00:00;0.7273;0.72097;0.72206;0.72725;12239
2015.10.21;12:00:00;0.72333;0.72113;0.72126;0.72208;7862
2015.10.21;16:00:00;0.72314;0.72014;0.72257;0.72123;14479
2015.10.21;20:00:00;0.72282;0.72068;0.7207;0.72259;6837
2015.10.22;00:00:00;0.72188;0.72034;0.72149;0.72074;5424
2015.10.22;04:00:00;0.72384;0.71819;0.72021;0.72146;8989
2015.10.22;08:00:00;0.72254;0.71932;0.72223;0.72022;10505
2015.10.22;12:00:00;0.72255;0.7185;0.71996;0.72223;12537
2015.10.22;16:00:00;0.72363;0.7194;0.72182;0.71995;17551
2015.10.22;20:00:00;0.72178;0.71975;0.72051;0.72177;6378
2015.10.23;00:00:00;0.72312;0.71965;0.7226;0.72051;8247
2015.10.23;04:00:00;0.72555;0.72249;0.72493;0.72261;8333
2015.10.23;08:00:00;0.72884;0.72454;0.72686;0.72493;12459
2015.10.23;12:00:00;0.72957;0.7229;0.72365;0.72686;17581
2015.10.23;16:00:00;0.72365;0.72001;0.72173;0.72363;17677
2015.10.23;20:00:00;0.72187;0.72054;0.72173;0.72173;5582
2015.10.25;23:00:00;0.72189;0.7206;0.72085;0.7213;4807
2015.10.26;00:00:00;0.72466;0.72068;0.72408;0.72084;10642
2015.10.26;04:00:00;0.72633;0.72406;0.72507;0.72409;9762
2015.10.26;08:00:00;0.72655;0.72438;0.72535;0.72506;10541
2015.10.26;12:00:00;0.72629;0.72464;0.72544;0.72535;11047
2015.10.26;16:00:00;0.72688;0.72495;0.72514;0.72547;12384
2015.10.26;20:00:00;0.72565;0.72352;0.7243;0.72514;9408
2015.10.27;00:00:00;0.72544;0.72411;0.72511;0.72431;8574
2015.10.27;04:00:00;0.72511;0.72269;0.72381;0.72511;9041
2015.10.27;08:00:00;0.72576;0.72381;0.72462;0.72381;9373
2015.10.27;12:00:00;0.72515;0.72218;0.72279;0.72461;12721
2015.10.27;16:00:00;0.72338;0.7192;0.71993;0.7228;15647
2015.10.27;20:00:00;0.72037;0.71781;0.71994;0.71991;10965
2015.10.28;00:00:00;0.72058;0.71175;0.71182;0.71996;17543
2015.10.28;04:00:00;0.7128;0.71104;0.7118;0.71181;9824
2015.10.28;08:00:00;0.71346;0.71162;0.71222;0.71181;11222
2015.10.28;12:00:00;0.71383;0.71187;0.71302;0.71221;12073
2015.10.28;16:00:00;0.71586;0.71209;0.71472;0.71303;16030
2015.10.28;20:00:00;0.71538;0.70797;0.71004;0.71472;26857
2015.10.29;00:00:00;0.71054;0.70907;0.71035;0.71003;10215
2015.10.29;04:00:00;0.7112;0.70978;0.71036;0.71034;7747
2015.10.29;08:00:00;0.71184;0.70824;0.70895;0.71037;13949
2015.10.29;12:00:00;0.71049;0.70682;0.70847;0.70893;16321
2015.10.29;16:00:00;0.7102;0.70713;0.70747;0.70845;14930
2015.10.29;20:00:00;0.70828;0.70662;0.70788;0.70746;11358
2015.10.30;00:00:00;0.71077;0.70766;0.70978;0.70789;10483
2015.10.30;04:00:00;0.71164;0.70952;0.7101;0.70978;12909
2015.10.30;08:00:00;0.71358;0.70967;0.71026;0.7101;12685
2015.10.30;12:00:00;0.71121;0.70834;0.70934;0.71024;16261
2015.10.30;16:00:00;0.71476;0.70907;0.71408;0.70932;19612
2015.10.30;20:00:00;0.71422;0.71257;0.71337;0.7141;8496
2015.11.02;00:00:00;0.71474;0.71119;0.71426;0.71119;11531
2015.11.02;04:00:00;0.71457;0.71345;0.71402;0.71426;7343
2015.11.02;08:00:00;0.71527;0.7129;0.71296;0.714;11959
2015.11.02;12:00:00;0.71441;0.71276;0.71393;0.71298;10479
2015.11.02;16:00:00;0.71488;0.71316;0.71358;0.71392;13846
2015.11.02;20:00:00;0.71491;0.71317;0.71442;0.71359;10823
2015.11.03;00:00:00;0.71718;0.71389;0.71615;0.71444;11319
2015.11.03;04:00:00;0.72115;0.71107;0.71957;0.71617;15545
2015.11.03;08:00:00;0.72179;0.7176;0.71804;0.71957;10943
2015.11.03;12:00:00;0.71875;0.71563;0.71639;0.71803;9910
2015.11.03;16:00:00;0.71948;0.71505;0.71892;0.71639;16414
2015.11.03;20:00:00;0.71991;0.71822;0.71837;0.71896;12972
2015.11.04;00:00:00;0.72067;0.71781;0.72057;0.71839;14487
2015.11.04;04:00:00;0.72233;0.71977;0.72073;0.72057;10765
2015.11.04;08:00:00;0.72158;0.71832;0.71888;0.72074;12190
2015.11.04;12:00:00;0.7195;0.71609;0.71612;0.71886;10617
2015.11.04;16:00:00;0.71717;0.71373;0.71507;0.71609;21265
2015.11.04;20:00:00;0.71545;0.71351;0.71461;0.71507;11729
2015.11.05;00:00:00;0.71493;0.71255;0.71437;0.71463;11450
2015.11.05;04:00:00;0.71551;0.71397;0.71465;0.71436;9309
2015.11.05;08:00:00;0.71502;0.71249;0.71294;0.71466;12212
2015.11.05;12:00:00;0.71627;0.71247;0.71588;0.71292;14443
2015.11.05;16:00:00;0.71689;0.71369;0.71466;0.71587;17657
2015.11.05;20:00:00;0.7147;0.71375;0.71407;0.71465;12043
2015.11.06;00:00:00;0.71572;0.71365;0.71433;0.7141;11918
2015.11.06;04:00:00;0.71466;0.71387;0.7143;0.71434;7038
2015.11.06;08:00:00;0.71688;0.7139;0.71504;0.71429;10059
2015.11.06;12:00:00;0.71567;0.70585;0.70663;0.71508;15365
2015.11.06;16:00:00;0.70729;0.7022;0.70306;0.70662;27448
2015.11.06;20:00:00;0.70493;0.70272;0.70391;0.70308;10116
2015.11.09;00:00:00;0.70475;0.70218;0.70475;0.70246;11010
2015.11.09;04:00:00;0.70641;0.70409;0.70637;0.70477;9719
2015.11.09;08:00:00;0.70652;0.70405;0.70548;0.70638;10645
2015.11.09;12:00:00;0.70692;0.70464;0.70486;0.70548;12365
2015.11.09;16:00:00;0.70533;0.70383;0.70417;0.70485;16960
2015.11.09;20:00:00;0.70531;0.70396;0.70424;0.70417;8807
2015.11.10;00:00:00;0.70507;0.70394;0.70476;0.70422;10688
2015.11.10;04:00:00;0.70552;0.70444;0.70497;0.70474;8299
2015.11.10;08:00:00;0.70616;0.70477;0.70554;0.70498;10777
2015.11.10;12:00:00;0.70633;0.7028;0.70329;0.70554;13066
2015.11.10;16:00:00;0.70363;0.70184;0.70335;0.70328;16993
2015.11.10;20:00:00;0.7035;0.70156;0.70287;0.70334;11823
2015.11.11;00:00:00;0.70619;0.70237;0.70587;0.7029;11420
2015.11.11;04:00:00;0.70773;0.70548;0.70635;0.70586;11189
2015.11.11;08:00:00;0.7068;0.70528;0.70591;0.70634;11939
2015.11.11;12:00:00;0.70651;0.70395;0.70651;0.70591;11054
2015.11.11;16:00:00;0.70698;0.70481;0.70498;0.70652;14052
2015.11.11;20:00:00;0.70642;0.70482;0.70586;0.70496;8446
2015.11.12;00:00:00;0.71535;0.70583;0.71451;0.70588;18013
2015.11.12;04:00:00;0.71473;0.71339;0.71376;0.71462;11247
2015.11.12;08:00:00;0.71502;0.71269;0.71293;0.71377;17329
2015.11.12;12:00:00;0.71383;0.71029;0.71046;0.71293;14896
2015.11.12;16:00:00;0.7131;0.70857;0.71137;0.71045;25509
2015.11.12;20:00:00;0.71295;0.71132;0.71237;0.71139;8965
2015.11.13;00:00:00;0.71359;0.712;0.71315;0.71237;11892
2015.11.13;04:00:00;0.71382;0.71273;0.7132;0.71315;8116
2015.11.13;08:00:00;0.71373;0.71185;0.71327;0.71319;10439
2015.11.13;12:00:00;0.71583;0.71223;0.7124;0.71327;15139
2015.11.13;16:00:00;0.71292;0.71053;0.71187;0.7124;17068
2015.11.13;20:00:00;0.71298;0.71155;0.71243;0.71186;7596
2015.11.16;00:00:00;0.71263;0.70982;0.71049;0.71181;13663
2015.11.16;04:00:00;0.71168;0.71046;0.71105;0.7105;5777
2015.11.16;08:00:00;0.71316;0.71102;0.71194;0.71108;11468
2015.11.16;12:00:00;0.71221;0.7089;0.70957;0.71194;12797
2015.11.16;16:00:00;0.70957;0.70795;0.70875;0.70956;16911
2015.11.16;20:00:00;0.70979;0.70877;0.70943;0.70877;9190
2015.11.17;00:00:00;0.71074;0.70847;0.70993;0.70954;13847
2015.11.17;04:00:00;0.70994;0.70785;0.70837;0.70993;9535
2015.11.17;08:00:00;0.71066;0.70714;0.71065;0.70835;13638
2015.11.17;12:00:00;0.71349;0.70999;0.71221;0.71065;16573
2015.11.17;16:00:00;0.71391;0.71109;0.71203;0.71221;21364
2015.11.17;20:00:00;0.71223;0.71092;0.71105;0.71202;11063
2015.11.18;00:00:00;0.71155;0.70955;0.70959;0.71098;10074
2015.11.18;04:00:00;0.71033;0.70899;0.71;0.70959;8995
2015.11.18;08:00:00;0.71167;0.70899;0.71088;0.71001;12749
2015.11.18;12:00:00;0.71138;0.70911;0.70966;0.71088;13463
2015.11.18;16:00:00;0.71065;0.70715;0.708;0.70966;17984
2015.11.18;20:00:00;0.71146;0.70679;0.7109;0.708;16587
2015.11.19;00:00:00;0.71675;0.71013;0.71561;0.7109;15565
2015.11.19;04:00:00;0.71757;0.71493;0.71675;0.7156;11502
2015.11.19;08:00:00;0.71778;0.71521;0.71679;0.71672;17403
2015.11.19;12:00:00;0.71796;0.71522;0.71556;0.71678;15299
2015.11.19;16:00:00;0.72138;0.71521;0.71923;0.71556;22854
2015.11.19;20:00:00;0.71965;0.71891;0.7192;0.71923;9983
2015.11.20;00:00:00;0.71952;0.71827;0.71884;0.71922;12574
2015.11.20;04:00:00;0.72097;0.71867;0.71983;0.71884;10272
2015.11.20;08:00:00;0.72166;0.71888;0.72131;0.71984;16707
2015.11.20;12:00:00;0.7238;0.72005;0.72343;0.72129;15577
2015.11.20;16:00:00;0.72495;0.72275;0.72368;0.72343;19309
2015.11.20;20:00:00;0.7244;0.72321;0.72361;0.72368;8556
2015.11.23;00:00:00;0.72321;0.71837;0.7192;0.72234;10942
2015.11.23;04:00:00;0.7192;0.71583;0.71753;0.7192;12086
2015.11.23;08:00:00;0.71812;0.71644;0.71776;0.71752;15531
2015.11.23;12:00:00;0.72038;0.71696;0.71918;0.71775;18044
2015.11.23;16:00:00;0.72066;0.71811;0.71957;0.71916;19867
2015.11.23;20:00:00;0.71992;0.71837;0.71889;0.71958;9299
2015.11.24;00:00:00;0.72062;0.71841;0.72004;0.71889;11246
2015.11.24;04:00:00;0.7204;0.71878;0.72003;0.72005;8766
2015.11.24;08:00:00;0.72201;0.71883;0.72147;0.72;16579
2015.11.24;12:00:00;0.7222;0.72036;0.72126;0.72148;18643
2015.11.24;16:00:00;0.72453;0.72126;0.72337;0.72126;20990
2015.11.24;20:00:00;0.72567;0.72336;0.7253;0.72338;10822
2015.11.25;00:00:00;0.72741;0.72498;0.72578;0.72532;12118
2015.11.25;04:00:00;0.72753;0.72567;0.72706;0.72579;11468
2015.11.25;08:00:00;0.72822;0.72518;0.72529;0.7271;18656
2015.11.25;12:00:00;0.72607;0.72372;0.72421;0.72528;21850
2015.11.25;16:00:00;0.72561;0.72263;0.72484;0.72422;21865
2015.11.25;20:00:00;0.72596;0.72458;0.72492;0.72483;10406
2015.11.26;00:00:00;0.72616;0.72161;0.72292;0.72494;12548
2015.11.26;04:00:00;0.72445;0.72265;0.72344;0.72292;8626
2015.11.26;08:00:00;0.72398;0.7214;0.72184;0.72345;16421
2015.11.26;12:00:00;0.72271;0.72094;0.72252;0.72183;15861
2015.11.26;16:00:00;0.72354;0.72205;0.72347;0.72252;9677
2015.11.26;20:00:00;0.72392;0.72233;0.72242;0.72348;24656
2015.11.27;00:00:00;0.72325;0.72134;0.72232;0.7224;11070
2015.11.27;04:00:00;0.72328;0.72183;0.72284;0.72233;7382
2015.11.27;08:00:00;0.72386;0.71942;0.72015;0.72285;18310
2015.11.27;12:00:00;0.72093;0.71932;0.71962;0.72015;15915
2015.11.27;16:00:00;0.71984;0.71843;0.71924;0.71963;16171
2015.11.27;20:00:00;0.71942;0.71885;0.71896;0.71924;5658
2015.11.30;00:00:00;0.71923;0.71693;0.71816;0.71913;9301
2015.11.30;04:00:00;0.71938;0.7178;0.71938;0.71816;8843
2015.11.30;08:00:00;0.72065;0.71862;0.71981;0.7194;14427
2015.11.30;12:00:00;0.72236;0.71962;0.72223;0.71982;17734
2015.11.30;16:00:00;0.72492;0.72212;0.72313;0.72224;21440
2015.11.30;20:00:00;0.72404;0.72239;0.72247;0.72314;10517
2015.12.01;00:00:00;0.72656;0.72204;0.72576;0.72249;13598
2015.12.01;04:00:00;0.7283;0.72503;0.7257;0.72576;15739
2015.12.01;08:00:00;0.72985;0.72533;0.72862;0.7257;19162
2015.12.01;12:00:00;0.72949;0.72765;0.72823;0.72862;17912
2015.12.01;16:00:00;0.73223;0.72815;0.73162;0.72822;25505
2015.12.01;20:00:00;0.73352;0.73134;0.73208;0.73164;12695
2015.12.02;00:00:00;0.73413;0.73061;0.73134;0.73211;13897
2015.12.02;04:00:00;0.73189;0.73041;0.73073;0.73134;11434
2015.12.02;08:00:00;0.73332;0.73034;0.73292;0.73072;17180
2015.12.02;12:00:00;0.73344;0.73073;0.73142;0.73292;19010
2015.12.02;16:00:00;0.73311;0.72921;0.73053;0.73141;27436
2015.12.02;20:00:00;0.73133;0.72984;0.73062;0.73053;17055
2015.12.03;00:00:00;0.73105;0.72833;0.72947;0.7307;14080
2015.12.03;04:00:00;0.73205;0.72926;0.73188;0.72945;13177
2015.12.03;08:00:00;0.73262;0.73089;0.73232;0.73187;17156
2015.12.03;12:00:00;0.73489;0.73158;0.73428;0.73233;28901
2015.12.03;16:00:00;0.73454;0.72883;0.73325;0.73427;29956
2015.12.03;20:00:00;0.73621;0.73304;0.73382;0.73323;16994
2015.12.04;00:00:00;0.73468;0.73204;0.73295;0.73384;13817
2015.12.04;04:00:00;0.73351;0.73121;0.73181;0.73294;9657
2015.12.04;08:00:00;0.73327;0.73116;0.73197;0.7318;20413
2015.12.04;12:00:00;0.73304;0.72787;0.73273;0.73199;26523
2015.12.04;16:00:00;0.73844;0.73223;0.73414;0.73272;37760
2015.12.04;20:00:00;0.73445;0.73336;0.73374;0.73413;10479
2015.12.07;00:00:00;0.73417;0.73208;0.73329;0.73385;12903
2015.12.07;04:00:00;0.73384;0.73219;0.7328;0.73331;9664
2015.12.07;08:00:00;0.73354;0.7295;0.72998;0.73279;13013
2015.12.07;12:00:00;0.73049;0.727;0.72779;0.72996;17448
2015.12.07;16:00:00;0.7283;0.72558;0.72649;0.72779;22928
2015.12.07;20:00:00;0.72709;0.72599;0.72654;0.72649;12240
2015.12.08;00:00:00;0.72696;0.72485;0.72651;0.72656;10313
2015.12.08;04:00:00;0.72659;0.72187;0.72244;0.72653;11148
2015.12.08;08:00:00;0.72438;0.71995;0.72104;0.72245;17837
2015.12.08;12:00:00;0.72202;0.71858;0.71913;0.72103;19423
2015.12.08;16:00:00;0.72284;0.71892;0.72147;0.7191;19634
2015.12.08;20:00:00;0.72166;0.72006;0.7213;0.72146;9860
2015.12.09;00:00:00;0.7236;0.72122;0.72272;0.72122;10036
2015.12.09;04:00:00;0.72275;0.72074;0.7215;0.72274;10285
2015.12.09;08:00:00;0.72325;0.71712;0.71823;0.7215;14179
2015.12.09;12:00:00;0.72304;0.71793;0.72201;0.71822;16616
2015.12.09;16:00:00;0.72444;0.71884;0.72003;0.722;26639
2015.12.09;20:00:00;0.72414;0.71988;0.72282;0.72002;21515
2015.12.10;00:00:00;0.73335;0.72207;0.72998;0.72281;22221
2015.12.10;04:00:00;0.73003;0.72828;0.72849;0.72999;10495
2015.12.10;08:00:00;0.73002;0.72738;0.72848;0.7285;17711
2015.12.10;12:00:00;0.73103;0.728;0.72992;0.72849;19032
2015.12.10;16:00:00;0.73118;0.72907;0.72972;0.72993;19502
2015.12.10;20:00:00;0.72981;0.72727;0.72792;0.72976;10313
2015.12.11;00:00:00;0.72809;0.72499;0.72534;0.72793;9597
2015.12.11;04:00:00;0.72573;0.72348;0.72431;0.72535;8353
2015.12.11;08:00:00;0.72628;0.72224;0.72232;0.72432;13677
2015.12.11;12:00:00;0.72272;0.72065;0.72142;0.72232;18734
2015.12.11;16:00:00;0.72198;0.71861;0.71903;0.72142;27599
2015.12.11;20:00:00;0.72008;0.71822;0.71841;0.71904;11060
2015.12.14;00:00:00;0.72043;0.71589;0.7175;0.72019;12985
2015.12.14;04:00:00;0.72031;0.71717;0.71988;0.71748;9742
2015.12.14;08:00:00;0.72216;0.71934;0.72167;0.71988;12919
2015.12.14;12:00:00;0.72425;0.71941;0.72371;0.72166;18443
2015.12.14;16:00:00;0.72688;0.72258;0.72519;0.72374;25096
2015.12.14;20:00:00;0.72543;0.72352;0.72407;0.72518;9894
2015.12.15;00:00:00;0.72612;0.7235;0.72558;0.72401;12538
2015.12.15;04:00:00;0.72821;0.72437;0.72506;0.72558;11167
2015.12.15;08:00:00;0.72629;0.72294;0.72404;0.72505;15841
2015.12.15;12:00:00;0.72664;0.72115;0.72191;0.72405;19778
2015.12.15;16:00:00;0.72242;0.71596;0.7183;0.72192;22450
2015.12.15;20:00:00;0.71829;0.71827;0.71828;0.71829;7
