DATE;TIME;HIGH;LOW;CLOSE;OPEN;VOLUME
2015.04.27;12:00:00;5984.5;5952;5972;5969;1138
2015.04.27;16:00:00;5988.5;5965.5;5980.5;5971.5;971
2015.04.27;20:00:00;5994;5964;5991.5;5980;738
2015.04.28;00:00:00;6017.7;5991;6012.5;5992;505
2015.04.28;04:00:00;6017.5;5991.5;5997;6012;670
2015.04.28;08:00:00;5998;5981;5991;5997.5;526
2015.04.28;12:00:00;5994.5;5964.5;5965;5990.2;1150
2015.04.28;16:00:00;5972.5;5956;5963.5;5964;1105
2015.04.28;20:00:00;5964.5;5926.8;5929;5963;1316
2015.04.29;00:00:00;5936.5;5914;5931.5;5928.5;1392
2015.04.29;04:00:00;5950.5;5916.5;5944.5;5933;1346
2015.04.29;08:00:00;5953.5;5938.5;5942.2;5944;788
2015.04.29;12:00:00;5947.1;5915.5;5917.5;5941.9;1245
2015.04.29;16:00:00;5917.5;5850.5;5856.5;5916.5;2535
2015.04.29;20:00:00;5862.5;5818;5825;5855.5;1839
2015.04.30;00:00:00;5825;5785.5;5787;5824;795
2015.04.30;04:00:00;5799.6;5768.5;5779;5786;1606
2015.04.30;08:00:00;5815.6;5771;5796;5778.5;1756
2015.04.30;12:00:00;5795.5;5747;5768.5;5793.9;2223
2015.04.30;16:00:00;5798.5;5742.5;5762;5768;3003
2015.04.30;20:00:00;5790;5753;5767.5;5762.5;2532
2015.05.01;00:00:00;5771.5;5753.5;5760.5;5767;523
2015.05.01;04:00:00;5780;5745;5771.5;5761;1507
2015.05.01;08:00:00;5781;5747.5;5768;5771;1311
2015.05.01;12:00:00;5788.5;5760.5;5786.5;5768.8;1783
2015.05.01;16:00:00;5820.5;5783;5820.5;5786;1322
2015.05.01;20:00:00;5822.5;5803;5803;5821.5;1145
2015.05.04;00:00:00;5819.5;5801;5818;5804;260
2015.05.04;04:00:00;5841;5817.5;5840;5817.5;770
2015.05.04;08:00:00;5853.5;5836.5;5853;5839;453
2015.05.04;12:00:00;5849.5;5797.5;5813.5;5838;2064
2015.05.04;16:00:00;5836.5;5789.5;5824.5;5814;1031
2015.05.04;20:00:00;5835.5;5814.4;5825;5824;1227
2015.05.05;00:00:00;5863;5825;5861.5;5825.5;410
2015.05.05;04:00:00;5861;5848;5855;5861;657
2015.05.05;08:00:00;5862.5;5848;5850.5;5855.5;581
2015.05.05;12:00:00;5905;5841.2;5874.5;5848.9;1611
2015.05.05;16:00:00;5900.5;5806.5;5812.5;5874;3137
2015.05.05;20:00:00;5828.5;5800.5;5819.5;5815.5;1786
2015.05.06;00:00:00;5821;5792;5792;5820.5;426
2015.05.06;04:00:00;5813;5761;5769.5;5791.5;1495
2015.05.06;08:00:00;5771;5747;5770;5770;1192
2015.05.06;12:00:00;5773.8;5708.5;5724.5;5769.2;2088
2015.05.06;16:00:00;5741.5;5710.5;5720.5;5723.5;2044
2015.05.06;20:00:00;5721.5;5659;5678;5719.5;2616
2015.05.07;00:00:00;5683;5664.5;5671.5;5679;636
2015.05.07;04:00:00;5680;5634;5638.5;5672.5;1563
2015.05.07;08:00:00;5648;5625;5647.5;5637;841
2015.05.07;12:00:00;5649;5575.5;5638.5;5646.1;2366
2015.05.07;16:00:00;5641.5;5599.5;5627.5;5637.5;2206
2015.05.07;20:00:00;5641.5;5613.5;5622;5628.5;2369
2015.05.08;00:00:00;5623;5584;5609;5622.5;879
2015.05.08;04:00:00;5625.5;5593;5625;5609.5;1408
2015.05.08;08:00:00;5630;5617.5;5626.5;5626;832
2015.05.08;12:00:00;5662;5615;5651.5;5626.3;1646
2015.05.08;16:00:00;5671;5617.5;5626.5;5651;2044
2015.05.08;20:00:00;5632;5603.5;5614.5;5626;2171
2015.05.11;00:00:00;5635.5;5601.5;5634;5614;719
2015.05.11;04:00:00;5658.5;5630;5657.5;5633.5;493
2015.05.11;08:00:00;5665.5;5654.5;5665;5658.5;191
2015.05.11;12:00:00;5689;5603;5615.5;5662.5;2942
2015.05.11;16:00:00;5637;5595;5610.5;5616;2699
2015.05.11;20:00:00;5611.5;5575.6;5580;5610;1244
2015.05.12;00:00:00;5595.5;5575.5;5594.5;5579.5;621
2015.05.12;04:00:00;5607.5;5587;5593;5596;576
2015.05.12;08:00:00;5594.5;5576.5;5580;5593.5;516
2015.05.12;12:00:00;5661;5578.4;5645.5;5579;2271
2015.05.12;16:00:00;5679;5625.5;5678;5645;1886
2015.05.12;20:00:00;5686;5648;5652.5;5677;2006
2015.05.13;00:00:00;5653.5;5635;5644.5;5652;674
2015.05.13;04:00:00;5659.5;5636.5;5654;5644;1205
2015.05.13;08:00:00;5669;5651;5663.5;5654.5;507
2015.05.13;12:00:00;5695;5652.5;5692.5;5653;1863
2015.05.13;16:00:00;5715;5689;5711;5692;1701
2015.05.13;20:00:00;5721.5;5698.5;5721;5711.5;1644
2015.05.14;00:00:00;5724;5695.5;5697.5;5721.5;445
2015.05.14;04:00:00;5708;5675.5;5678;5697;1028
2015.05.14;08:00:00;5687.5;5671;5683.5;5678.5;960
2015.05.14;12:00:00;5688;5666.5;5679;5682.8;1778
2015.05.14;16:00:00;5689;5660;5676;5678.5;1397
2015.05.14;20:00:00;5708.5;5674;5707;5675;1578
2015.05.15;00:00:00;5715.5;5698.5;5712;5706.5;316
2015.05.15;04:00:00;5724.5;5705.5;5724;5712.5;523
2015.05.15;08:00:00;5730.5;5721.5;5723.5;5724.5;480
2015.05.15;12:00:00;5756;5711.2;5720.5;5713.7;1668
2015.05.15;16:00:00;5730.5;5706;5712;5720;1213
2015.05.15;20:00:00;5743.5;5709;5742.5;5713;1584
2015.05.18;00:00:00;5744.5;5729.5;5729.5;5741.5;264
2015.05.18;04:00:00;5740.5;5721.5;5739.5;5730.5;850
2015.05.18;08:00:00;5745.5;5734;5744.5;5738.5;562
2015.05.18;12:00:00;5751;5704;5706.5;5732;2252
2015.05.18;16:00:00;5707;5658;5659.5;5706;3337
2015.05.18;20:00:00;5661.5;5642;5660;5647.7;571
2015.05.19;00:00:00;5662;5645.5;5647.9;5659;653
2015.05.19;04:00:00;5665.5;5645.5;5648;5659;500
2015.05.19;08:00:00;5667;5645;5663.5;5648.5;633
2015.05.19;12:00:00;5677;5662;5676.5;5663;286
2015.05.19;16:00:00;5677.5;5673;5675;5677;59
2015.05.19;20:00:00;5678;5604.5;5617;5674.3;2064
2015.05.20;00:00:00;5671;5616;5636.5;5618;2245
2015.05.20;04:00:00;5636;5606.5;5619;5636;1934
2015.05.20;08:00:00;5622;5609.5;5612.5;5619.5;439
2015.05.20;12:00:00;5613.5;5597.5;5608;5613.5;911
2015.05.20;16:00:00;5621;5603.5;5612.5;5607.5;436
2015.05.20;20:00:00;5620;5588;5608;5611.7;1839
2015.05.21;00:00:00;5625.5;5571.5;5603;5607.5;2192
2015.05.21;04:00:00;5618;5581.5;5589;5603.5;1528
2015.05.21;08:00:00;5606.5;5588.5;5604;5588.5;320
2015.05.21;12:00:00;5619.5;5599;5617;5604.5;910
2015.05.21;16:00:00;5626.5;5608.5;5614.5;5616.5;833
2015.05.21;20:00:00;5662;5597;5660;5612.5;2201
2015.05.22;00:00:00;5666.5;5640;5664;5660.5;1208
2015.05.22;04:00:00;5670;5642.5;5645.5;5663.5;1260
2015.05.22;08:00:00;5650;5642.5;5649.5;5645;306
2015.05.22;12:00:00;5675.5;5650;5672;5650;692
2015.05.22;16:00:00;5677.5;5667.5;5676;5672.5;420
2015.05.22;20:00:00;5695;5667.5;5680;5675.2;1070
2015.05.25;00:00:00;5684;5654;5663;5680.5;807
2015.05.25;04:00:00;5678.5;5655.5;5660.5;5663.5;822
2015.05.25;08:00:00;5671.5;5658;5668.5;5661;361
2015.05.25;12:00:00;5676.5;5662.5;5668.5;5668;617
2015.05.25;16:00:00;5674.5;5668;5673;5669;234
2015.05.25;20:00:00;5735;5660.5;5732;5663;1873
2015.05.26;00:00:00;5734;5704;5711;5731;1178
2015.05.26;04:00:00;5717;5702.5;5707;5711.5;225
2015.05.26;08:00:00;5713;5703.5;5713;5706.5;87
2015.05.26;12:00:00;5756;5702.5;5755;5702.5;837
2015.05.26;16:00:00;5775.5;5753;5764.5;5754.5;1249
2015.05.26;20:00:00;5776;5741;5742.5;5765.5;1699
2015.05.27;00:00:00;5759.5;5735;5754;5742;492
2015.05.27;04:00:00;5762;5731;5737;5754.5;1008
2015.05.27;08:00:00;5742;5729;5738;5736.5;824
2015.05.27;12:00:00;5752.5;5719;5740.5;5738.4;1366
2015.05.27;16:00:00;5750.5;5712.5;5725.5;5741.5;1001
2015.05.27;20:00:00;5733;5716.5;5727;5724.5;1333
2015.05.28;00:00:00;5734;5723;5724.5;5727.5;495
2015.05.28;04:00:00;5745.5;5722;5737.5;5725;1398
2015.05.28;08:00:00;5749;5737;5739.5;5738;601
2015.05.28;12:00:00;5759.5;5703.5;5704.5;5738.7;1173
2015.05.28;16:00:00;5728.5;5687.5;5713.5;5705.5;1143
2015.05.28;20:00:00;5721;5705;5712;5714.5;1253
2015.05.29;00:00:00;5719;5697;5704.5;5711.5;672
2015.05.29;04:00:00;5718;5692.5;5707.5;5705;1260
2015.05.29;08:00:00;5723.5;5707;5719;5707;363
2015.05.29;12:00:00;5783.5;5702.7;5781.5;5718.9;1086
2015.05.29;16:00:00;5805.5;5771.5;5790.5;5782.5;1240
2015.05.29;20:00:00;5804.5;5748;5749;5791.5;1607
2015.06.01;00:00:00;5770;5746;5765;5748;595
2015.06.01;04:00:00;5770;5745;5762.5;5764.5;1695
2015.06.01;08:00:00;5766;5746.5;5750.5;5762;1059
2015.06.01;12:00:00;5752;5677;5711;5750.5;2670
2015.06.01;16:00:00;5739.5;5710;5728.5;5711.5;1467
2015.06.01;20:00:00;5738.5;5710.5;5737;5729;732
2015.06.02;00:00:00;5736.5;5713.5;5725.5;5736.5;1571
2015.06.02;04:00:00;5747.5;5723.5;5740;5725;605
2015.06.02;08:00:00;5740;5734.5;5736.5;5739.5;94
2015.06.02;12:00:00;5771.5;5666.5;5674.5;5735.2;2385
2015.06.02;16:00:00;5690;5644;5648.5;5675.5;1759
2015.06.02;20:00:00;5655.5;5585.5;5588;5648;2041
2015.06.03;00:00:00;5618.5;5588;5616.5;5588.5;1192
2015.06.03;04:00:00;5629.5;5605.5;5625.5;5615.5;2030
2015.06.03;08:00:00;5641.5;5623;5632;5625;895
2015.06.03;12:00:00;5642.5;5578;5593;5630.9;2011
2015.06.03;16:00:00;5605;5568;5576;5593.5;2459
2015.06.03;20:00:00;5591;5566.5;5587.5;5575;1804
2015.06.04;00:00:00;5593.5;5578.5;5584;5587;958
2015.06.04;04:00:00;5606.5;5575.5;5583;5584.5;1443
2015.06.04;08:00:00;5595.5;5579.5;5588;5583.5;694
2015.06.04;12:00:00;5609.5;5540;5547.5;5586.7;2011
2015.06.04;16:00:00;5564;5500;5518.5;5547;3155
2015.06.04;20:00:00;5519;5485;5499;5518;2904
2015.06.05;00:00:00;5501.5;5473;5482;5498.5;906
2015.06.05;04:00:00;5495;5468.5;5488;5482.5;1857
2015.06.05;08:00:00;5488;5469;5483.5;5487.5;1100
2015.06.05;12:00:00;5525;5479;5498;5483.1;2343
2015.06.05;16:00:00;5516;5472;5473.5;5496.5;2165
2015.06.05;20:00:00;5510;5466.5;5501;5472.5;1665
2015.06.08;00:00:00;5502.5;5480;5491.5;5502;912
2015.06.08;04:00:00;5499;5472.5;5483;5490.5;1621
2015.06.08;08:00:00;5504.5;5479.5;5491.5;5482.5;666
2015.06.08;12:00:00;5494;5483;5489;5493.5;153
2015.06.08;16:00:00;5501;5481;5491.5;5490.5;428
2015.06.08;20:00:00;5496;5473;5473.5;5491;623
2015.06.09;00:00:00;5477.5;5454;5466.5;5475;443
2015.06.09;04:00:00;5475.5;5459;5473;5467;223
2015.06.09;08:00:00;5513.8;5466.3;5512.8;5470.9;1802
2015.06.09;12:00:00;5521.8;5476.5;5483.5;5511.8;1311
2015.06.09;16:00:00;5483.5;5448;5448.5;5482.5;1653
2015.06.09;20:00:00;5448;5420;5434.5;5448;1235
2015.06.10;00:00:00;5457;5431;5456.5;5434;1393
2015.06.10;04:00:00;5462;5450;5458.5;5457;565
2015.06.10;08:00:00;5478;5442;5466;5457.5;1713
2015.06.10;12:00:00;5486;5451.5;5478.5;5466.5;1299
2015.06.10;16:00:00;5482.5;5463.8;5471.5;5478;1559
2015.06.10;20:00:00;5487.5;5470;5484;5471;458
2015.06.11;00:00:00;5521.5;5484.5;5518.5;5484.5;702
2015.06.11;04:00:00;5533.5;5504.5;5532;5519;643
2015.06.11;08:00:00;5540.5;5499.5;5539;5530.7;1998
2015.06.11;12:00:00;5557;5533;5555;5540;1866
2015.06.11;16:00:00;5566.5;5542;5555;5556;1655
2015.06.11;20:00:00;5575;5549.5;5574.5;5556;630
2015.06.12;00:00:00;5583;5556.5;5567.5;5575;1192
2015.06.12;04:00:00;5573.5;5546.5;5546.5;5567;665
2015.06.12;08:00:00;5557;5526;5536;5545.7;1245
2015.06.12;12:00:00;5558;5530;5538;5535;1036
2015.06.12;16:00:00;5547.5;5527.1;5538;5537;1366
2015.06.12;20:00:00;5550;5526.5;5527.5;5537.5;678
2015.06.15;00:00:00;5539.5;5523;5528.5;5528;1624
2015.06.15;04:00:00;5533;5521.5;5524.5;5528;587
2015.06.15;08:00:00;5527;5489;5514;5513.5;2400
2015.06.15;12:00:00;5547;5514;5528.5;5514.5;1589
2015.06.15;16:00:00;5531.5;5519;5520;5528;539
2015.06.15;20:00:00;5537;5514.5;5529;5519.5;1319
2015.06.16;00:00:00;5539.5;5520.5;5529;5529.5;908
2015.06.16;04:00:00;5540.5;5526.5;5535;5528.5;143
2015.06.16;08:00:00;5577;5525.7;5571.5;5533;1878
2015.06.16;12:00:00;5576;5543.5;5549;5570;1872
2015.06.16;16:00:00;5556.5;5516;5523.5;5549.5;1475
2015.06.16;20:00:00;5537;5517;5536.5;5522.5;559
2015.06.17;00:00:00;5570;5531.5;5567;5536;1108
2015.06.17;04:00:00;5578;5563.5;5571.5;5567.5;573
2015.06.17;08:00:00;5587;5559.5;5580.5;5570.3;889
2015.06.17;12:00:00;5607;5575.5;5585.5;5581.5;964
2015.06.17;16:00:00;5601;5572.5;5582;5586;1227
2015.06.17;20:00:00;5583.5;5567;5577.5;5583.5;456
2015.06.18;00:00:00;5589.5;5567.5;5569.5;5578;1012
2015.06.18;04:00:00;5592.5;5562;5574.5;5569;1146
2015.06.18;08:00:00;5588.5;5539.5;5547.5;5574;1718
2015.06.18;12:00:00;5547;5492.5;5496.5;5547;3252
2015.06.18;16:00:00;5530.4;5496.5;5524.5;5497.5;2228
2015.06.18;20:00:00;5540.5;5512.5;5531.5;5524;842
2015.06.19;00:00:00;5580.5;5529;5571;5530.5;1329
2015.06.19;04:00:00;5573.5;5559;5560;5570.5;495
2015.06.19;08:00:00;5617.5;5553.6;5605.5;5561.5;2415
2015.06.19;12:00:00;5611.5;5587.5;5598.5;5606.5;1533
2015.06.19;16:00:00;5612;5590;5604.5;5598;1188
2015.06.19;20:00:00;5615.2;5604;5607;5605;498
2015.06.22;00:00:00;5606.5;5595;5600.5;5606.5;640
2015.06.22;04:00:00;5604.5;5586;5589;5601;318
2015.06.22;08:00:00;5613.5;5563.5;5602.5;5611;2271
2015.06.22;12:00:00;5622.5;5600;5621.5;5603;1530
2015.06.22;16:00:00;5635;5618.5;5624.5;5622.5;664
2015.06.22;20:00:00;5646.5;5616.5;5643.5;5625.5;886
2015.06.23;00:00:00;5645;5628.5;5631.5;5644;631
2015.06.23;04:00:00;5633.5;5626;5633.5;5630.5;143
2015.06.23;08:00:00;5697;5632.1;5683.5;5632.7;1859
2015.06.23;12:00:00;5691;5664;5685;5684;1770
2015.06.23;16:00:00;5690.5;5664;5668;5684.5;1303
2015.06.23;20:00:00;5678;5666;5671.5;5667.5;424
2015.06.24;00:00:00;5681;5670;5673;5672;976
2015.06.24;04:00:00;5682;5669.5;5678.5;5674;514
2015.06.24;08:00:00;5704.5;5676.5;5688.5;5679.3;1334
2015.06.24;12:00:00;5708;5685.5;5693;5688;978
2015.06.24;16:00:00;5702;5677.5;5680;5692;1356
2015.06.24;20:00:00;5691;5669.5;5685.5;5679.5;922
2015.06.25;00:00:00;5702;5679;5681;5686;979
2015.06.25;04:00:00;5681.5;5666.5;5673.5;5680.5;589
2015.06.25;08:00:00;5679.5;5648;5656;5674.5;1916
2015.06.25;12:00:00;5672;5643;5648;5655.5;1475
2015.06.25;16:00:00;5647;5613.5;5628;5647;1537
2015.06.25;20:00:00;5646;5626.5;5632;5628.5;967
2015.06.26;00:00:00;5635;5620;5622.5;5632.5;833
2015.06.26;04:00:00;5625.5;5606.5;5611.5;5623.5;513
2015.06.26;08:00:00;5605.3;5517.1;5533.1;5602.1;2077
2015.06.26;12:00:00;5550;5525.6;5547;5534.1;1417
2015.06.26;16:00:00;5563;5533.5;5558.5;5548;1743
2015.06.26;20:00:00;5569;5550;5565;5557.5;699
2015.06.29;00:00:00;5565;5537.5;5538.5;5564.5;1215
2015.06.29;04:00:00;5560;5535.5;5557;5537.5;583
2015.06.29;08:00:00;5499;5416.5;5425;5498.5;3776
2015.06.29;12:00:00;5444.5;5411;5443;5425.5;2649
2015.06.29;16:00:00;5453.5;5425.5;5427;5444.5;964
2015.06.29;20:00:00;5466.5;5423.5;5434;5426.5;1782
2015.06.30;00:00:00;5439;5388.5;5393;5434.5;1031
2015.06.30;04:00:00;5397.5;5388.5;5395.5;5392.5;111
2015.06.30;08:00:00;5441;5376.5;5439;5392.9;2300
2015.06.30;12:00:00;5441;5404;5414;5438.5;1452
2015.06.30;16:00:00;5470.5;5413;5431;5413;2221
2015.06.30;20:00:00;5455;5427.8;5451;5431.5;1385
2015.07.01;00:00:00;5456;5407;5416;5450;1859
2015.07.01;04:00:00;5444.5;5411.5;5419.5;5415.5;1338
2015.07.01;08:00:00;5508;5413.1;5487.5;5420.5;1813
2015.07.01;12:00:00;5501.5;5476.5;5491.5;5488;1167
2015.07.01;16:00:00;5534;5492.5;5530;5492.5;1890
2015.07.01;20:00:00;5537.5;5520;5530.5;5530.5;1272
2015.07.02;00:00:00;5541.5;5509;5510.5;5529;1230
2015.07.02;04:00:00;5529;5507;5527.5;5509.5;742
2015.07.02;08:00:00;5566.5;5515.5;5548.5;5526.4;2310
2015.07.02;12:00:00;5607.5;5539.5;5606.5;5549.5;2049
2015.07.02;16:00:00;5613.5;5582.5;5589;5607.5;1647
2015.07.02;20:00:00;5596;5585.5;5591.5;5588.5;472
2015.07.03;00:00:00;5592;5569;5571;5592;1169
2015.07.03;04:00:00;5580.5;5567.5;5574;5570.5;560
2015.07.03;08:00:00;5589.5;5532.5;5535.5;5573.5;2114
2015.07.03;12:00:00;5545;5486.5;5533;5534.5;1554
2015.07.03;16:00:00;5545.5;5520;5535;5532.5;1661
2015.07.03;20:00:00;5543;5532.5;5535;5535.5;429
2015.07.06;00:00:00;5547.5;5524;5540.5;5534.5;552
2015.07.06;04:00:00;5550;5539;5542;5539.5;90
2015.07.06;08:00:00;5484.5;5430;5462.5;5478;3583
2015.07.06;12:00:00;5495.5;5452.5;5491.5;5463.5;2985
2015.07.06;16:00:00;5503.5;5481;5488.5;5492;1136
2015.07.06;20:00:00;5511;5482.5;5494.5;5488;1845
2015.07.07;00:00:00;5498;5477;5495.5;5495;914
2015.07.07;04:00:00;5507;5496;5501.5;5496;182
2015.07.07;08:00:00;5569.5;5498.3;5560.5;5501.3;2849
2015.07.07;12:00:00;5576.5;5549.5;5566.5;5561.5;2366
2015.07.07;16:00:00;5587.5;5556;5562;5567;2296
2015.07.07;20:00:00;5564;5545;5545.5;5561.5;713
2015.07.08;00:00:00;5545;5467.5;5517.5;5545;3144
2015.07.08;04:00:00;5566.5;5512;5558.5;5518;1654
2015.07.08;08:00:00;5559.5;5509;5549.5;5559.5;2521
2015.07.08;12:00:00;5554.5;5468.5;5479;5550.5;3028
2015.07.08;16:00:00;5489.5;5425;5456.5;5478.5;3646
2015.07.08;20:00:00;5476;5449.5;5462.5;5457.5;1512
2015.07.09;00:00:00;5471;5434;5445.5;5462;2282
2015.07.09;04:00:00;5451.5;5415;5422;5445;1672
2015.07.09;08:00:00;5428;5377.5;5396.5;5421.8;2576
2015.07.09;12:00:00;5477.5;5391.5;5474.5;5397.5;2812
2015.07.09;16:00:00;5491.5;5453.2;5467.5;5475.5;2772
2015.07.09;20:00:00;5490.5;5461.5;5490.5;5467;921
2015.07.10;00:00:00;5499;5466;5473.5;5491;1900
2015.07.10;04:00:00;5473.5;5435;5440;5473;990
2015.07.10;08:00:00;5528.5;5437.1;5510.5;5439.5;3821
2015.07.10;12:00:00;5530;5494.5;5494.5;5511.5;1670
2015.07.10;16:00:00;5509;5480.7;5500.5;5493.5;2461
2015.07.10;20:00:00;5525.5;5497.5;5525;5499.5;805
2015.07.13;00:00:00;5536;5511;5533.5;5524.5;1487
2015.07.13;04:00:00;5534.5;5524.5;5524.5;5534;618
2015.07.13;08:00:00;5545.5;5446.5;5526.5;5503;3433
2015.07.13;12:00:00;5536.5;5453;5502.5;5527.5;4393
2015.07.13;16:00:00;5536;5501.5;5532;5503;1205
2015.07.13;20:00:00;5554;5529;5547.5;5532.5;1355
2015.07.14;00:00:00;5557;5539;5556;5548;789
2015.07.14;04:00:00;5556.5;5547.5;5548.5;5555.5;111
2015.07.14;08:00:00;5576.5;5539;5562;5548;2108
2015.07.14;12:00:00;5588.5;5557.5;5582.5;5562.5;1510
2015.07.14;16:00:00;5589.5;5563;5572;5583.5;1435
2015.07.14;20:00:00;5581;5567;5571;5571;478
2015.07.15;00:00:00;5597;5569.5;5586;5570.5;994
2015.07.15;04:00:00;5599.5;5586.5;5589;5587;482
2015.07.15;08:00:00;5627.5;5578;5619.5;5588.3;1366
2015.07.15;12:00:00;5638.5;5617.5;5630.5;5620;1309
2015.07.15;16:00:00;5644;5625.5;5641;5629.5;1351
2015.07.15;20:00:00;5650;5638;5638;5641.5;492
2015.07.16;00:00:00;5645;5629.5;5637.5;5638.5;1009
2015.07.16;04:00:00;5644;5616;5642;5637;971
2015.07.16;08:00:00;5693;5633;5688;5643.7;2131
2015.07.16;12:00:00;5689;5645;5661.5;5687;1206
2015.07.16;16:00:00;5679.5;5660;5671.5;5661;1335
2015.07.16;20:00:00;5684.9;5671.5;5683.5;5673.5;484
2015.07.17;00:00:00;5685.5;5672.5;5675;5683;996
2015.07.17;04:00:00;5684;5664.5;5683;5674.5;498
2015.07.17;08:00:00;5696;5645;5656;5681.3;1618
2015.07.17;12:00:00;5672;5648;5667.5;5657;1176
2015.07.17;16:00:00;5675.5;5657;5661;5668.5;915
2015.07.17;20:00:00;5670;5659.5;5665.5;5661.5;352
2015.07.20;00:00:00;5673;5656;5663.5;5665;787
2015.07.20;04:00:00;5669.5;5661;5667;5664;440
2015.07.20;08:00:00;5684.5;5649.5;5667.5;5676;1896
2015.07.20;12:00:00;5697;5667.5;5694.5;5668.5;870
2015.07.20;16:00:00;5702.2;5691.5;5698;5695;517
2015.07.20;20:00:00;5710.5;5694.5;5707;5697;1115
2015.07.21;00:00:00;5712.5;5703;5705.5;5708;639
2015.07.21;04:00:00;5705.5;5701.5;5704.5;5705;105
2015.07.21;08:00:00;5722.5;5686.5;5697.5;5702.9;1981
2015.07.21;12:00:00;5714.5;5687.5;5710.5;5698;1142
2015.07.21;16:00:00;5720.5;5694;5697;5711.5;1412
2015.07.21;20:00:00;5707;5694;5694;5698;377
2015.07.22;00:00:00;5700;5673.5;5676;5693.5;916
2015.07.22;04:00:00;5687;5667;5670.5;5675.5;630
2015.07.22;08:00:00;5676;5649.5;5654;5667.4;1737
2015.07.22;12:00:00;5659.5;5638;5641;5653.5;1490
2015.07.22;16:00:00;5643;5599.5;5609;5640.5;1638
2015.07.22;20:00:00;5611.5;5597.5;5600.5;5609.5;510
2015.07.23;00:00:00;5616;5592.5;5597.5;5601;1443
2015.07.23;04:00:00;5606;5593;5604;5597;728
2015.07.23;08:00:00;5618;5584;5597;5603;1333
2015.07.23;12:00:00;5614;5583;5608.5;5597.5;1063
2015.07.23;16:00:00;5614;5580.5;5586.5;5608;1262
2015.07.23;20:00:00;5595.5;5583.5;5586;5585.5;561
2015.07.24;00:00:00;5592;5554;5559;5585.5;1403
2015.07.24;04:00:00;5570.5;5553.5;5568.5;5558.5;928
2015.07.24;08:00:00;5607;5551;5599;5568.4;1427
2015.07.24;12:00:00;5600;5542.5;5556;5600;1536
2015.07.24;16:00:00;5586.5;5556;5584;5556.5;1326
2015.07.24;20:00:00;5585;5561.5;5564;5584.5;474
2015.07.27;00:00:00;5565.5;5527;5527;5563.5;1223
2015.07.27;04:00:00;5530.5;5508;5519.5;5527.5;936
2015.07.27;08:00:00;5567;5520.5;5551.5;5529.5;2135
2015.07.27;12:00:00;5593.5;5551;5564.5;5551;1859
2015.07.27;16:00:00;5570.5;5551.5;5554;5565;989
2015.07.27;20:00:00;5554.5;5532.5;5539;5554.5;1859
2015.07.28;00:00:00;5545.5;5531.5;5536.5;5537.5;1185
2015.07.28;04:00:00;5550;5534.5;5550;5536;201
2015.07.28;08:00:00;5555.5;5524;5539;5548.6;1897
2015.07.28;12:00:00;5610;5524;5574.5;5538.5;2730
2015.07.28;16:00:00;5601.5;5569;5600;5574;2354
2015.07.28;20:00:00;5610;5596;5604;5599;788
2015.07.29;00:00:00;5615;5570.5;5608.5;5603.5;1794
2015.07.29;04:00:00;5630.5;5607.5;5622.5;5609;512
2015.07.29;08:00:00;5649.5;5618;5640;5621.7;1448
2015.07.29;12:00:00;5652;5628;5643;5639.5;924
2015.07.29;16:00:00;5647.5;5621.5;5646;5643.5;1379
2015.07.29;20:00:00;5654.5;5638.5;5639;5646.5;745
2015.07.30;00:00:00;5664.5;5638;5651.5;5639.5;1527
2015.07.30;04:00:00;5670.5;5642;5663.5;5651;1306
2015.07.30;08:00:00;5668;5647;5655;5663;2041
2015.07.30;12:00:00;5676;5650;5676;5655.5;1597
2015.07.30;16:00:00;5677;5654.5;5663;5675;1616
2015.07.30;20:00:00;5683.9;5659.5;5674.5;5663.5;879
2015.07.31;00:00:00;5685.5;5657.5;5685.5;5673.5;2013
2015.07.31;04:00:00;5686.5;5674;5681.5;5684.5;679
2015.07.31;08:00:00;5700.5;5664.5;5692;5680.8;1079
2015.07.31;12:00:00;5701;5683;5697;5693;973
2015.07.31;16:00:00;5712.5;5685;5704;5696;1823
2015.07.31;20:00:00;5708.2;5690.5;5704.5;5703.5;849
2015.08.03;00:00:00;5710.5;5690.5;5705;5705;1337
2015.08.03;04:00:00;5706;5679;5690.5;5704.5;634
2015.08.03;08:00:00;5707;5668;5676;5707;2126
2015.08.03;12:00:00;5681.5;5667.5;5674;5678;1358
2015.08.03;16:00:00;5695.5;5671;5694.5;5675;1333
2015.08.03;20:00:00;5696.5;5673;5691;5695;1871
2015.08.04;00:00:00;5691;5653.5;5667;5690.5;1454
2015.08.04;04:00:00;5674.5;5666.5;5671.5;5667.5;171
2015.08.04;08:00:00;5721;5660;5714;5669.9;2071
2015.08.04;12:00:00;5732;5698;5703;5712.5;1832
2015.08.04;16:00:00;5710;5686;5698.5;5702;1686
2015.08.04;20:00:00;5702;5683.5;5693;5699.5;830
2015.08.05;00:00:00;5705.5;5686.5;5689.5;5693.5;1505
2015.08.05;04:00:00;5696;5676.5;5682.5;5688.5;833
2015.08.05;08:00:00;5692.5;5639;5644.5;5680.8;1833
2015.08.05;12:00:00;5686;5636;5662;5645;2504
2015.08.05;16:00:00;5684.9;5651;5681.5;5662.5;1589
2015.08.05;20:00:00;5700.9;5677.5;5692;5681;785
2015.08.06;00:00:00;5717.9;5683;5690.5;5693.5;1446
2015.08.06;04:00:00;5692;5679;5687.5;5691;820
2015.08.06;08:00:00;5686.5;5616.5;5636.5;5685.8;2509
2015.08.06;12:00:00;5636.5;5591;5594;5636;1981
2015.08.06;16:00:00;5597.5;5579.5;5585;5593.5;1834
2015.08.06;20:00:00;5588;5575.5;5577;5584.5;813
2015.08.07;00:00:00;5581;5525;5527.5;5577.5;1866
2015.08.07;04:00:00;5553.5;5526.5;5553;5526.5;1048
2015.08.07;08:00:00;5555.8;5505;5517;5551.6;1974
2015.08.07;12:00:00;5524;5492;5500;5516.5;2065
2015.08.07;16:00:00;5499.5;5451.7;5467.5;5499;2332
2015.08.07;20:00:00;5468.5;5452;5468.5;5468;931
2015.08.10;00:00:00;5467.5;5438.5;5439.5;5467.5;1764
2015.08.10;04:00:00;5462;5437.5;5462;5439;890
2015.08.10;08:00:00;5510;5441.5;5494;5459.5;2561
2015.08.10;12:00:00;5510.5;5485.5;5486.5;5493;1317
2015.08.10;16:00:00;5500.5;5480.5;5496;5485.5;859
2015.08.10;20:00:00;5529;5496;5522;5496.5;1391
2015.08.11;00:00:00;5534;5523;5533;5523;612
2015.08.11;04:00:00;5540.5;5533.5;5539.5;5533.5;120
2015.08.11;08:00:00;5554;5506.5;5508.5;5536.1;2112
2015.08.11;12:00:00;5509;5457.5;5475.5;5509;3167
2015.08.11;16:00:00;5485.5;5459.1;5468.5;5476.5;2002
2015.08.11;20:00:00;5470;5447;5450;5469;850
2015.08.12;00:00:00;5453;5416;5416.5;5449;2030
2015.08.12;04:00:00;5436;5412;5435.5;5417;1348
2015.08.12;08:00:00;5495.5;5420.7;5464.5;5432.5;2021
2015.08.12;12:00:00;5466;5349;5350.5;5465;3415
2015.08.12;16:00:00;5378.5;5325.5;5326.5;5351;2969
2015.08.12;20:00:00;5351;5324.5;5340.5;5327;1338
2015.08.13;00:00:00;5342.5;5310.5;5333;5341;3390
2015.08.13;04:00:00;5382.5;5333;5381;5333.5;1726
2015.08.13;08:00:00;5398.5;5360.5;5398.5;5375.9;1533
2015.08.13;12:00:00;5427.5;5376;5421.5;5397.5;2357
2015.08.13;16:00:00;5422.5;5364.8;5380;5422.5;2229
2015.08.13;20:00:00;5384;5358;5359.5;5379.5;1002
2015.08.14;00:00:00;5373;5343.5;5371;5360;2863
2015.08.14;04:00:00;5382;5359;5367.5;5371.5;1054
2015.08.14;08:00:00;5376;5359.5;5370;5366.1;1429
2015.08.14;12:00:00;5392.5;5335.5;5341.5;5370.5;1736
2015.08.14;16:00:00;5357;5326.5;5335;5341;2090
2015.08.14;20:00:00;5339.8;5319;5323;5335.5;1342
2015.08.17;00:00:00;5340.5;5321;5337;5322;2416
2015.08.17;04:00:00;5354;5335;5354;5336;629
2015.08.17;08:00:00;5396.5;5336;5370.5;5354.5;3091
2015.08.17;12:00:00;5379.5;5355;5359;5369.5;1729
2015.08.17;16:00:00;5358.5;5342;5343.5;5358.5;928
2015.08.17;20:00:00;5367;5323.5;5359.5;5344;1974
2015.08.18;00:00:00;5371;5353;5368;5359;656
2015.08.18;04:00:00;5375.5;5365;5369;5367.5;71
2015.08.18;08:00:00;5376.6;5337.6;5369.6;5354.1;1972
2015.08.18;12:00:00;5390.6;5322.6;5324.6;5368.6;2363
2015.08.18;16:00:00;5328.6;5292.1;5310.6;5323.6;2608
2015.08.18;20:00:00;5317.6;5304.1;5316.1;5311.1;993
2015.08.19;00:00:00;5336.1;5308.1;5323.1;5316.6;2025
2015.08.19;04:00:00;5329.1;5316.6;5321.1;5322.6;879
2015.08.19;08:00:00;5384.4;5314.9;5379.4;5320.7;1502
2015.08.19;12:00:00;5380.4;5339.4;5368.4;5379.9;1821
2015.08.19;16:00:00;5406.7;5361.9;5380.9;5368.9;2372
2015.08.19;20:00:00;5385.2;5375.9;5378.4;5380.4;1165
2015.08.20;00:00:00;5380.4;5330.9;5342.4;5377.9;2521
2015.08.20;04:00:00;5383.9;5338.9;5344.9;5342.9;2821
2015.08.20;08:00:00;5349.8;5304.4;5310.9;5343.3;2028
2015.08.20;12:00:00;5326.4;5291.4;5308.4;5310.4;2070
2015.08.20;16:00:00;5309.4;5270.4;5275.9;5309.4;3060
2015.08.20;20:00:00;5278.9;5259.9;5276.9;5276.4;1544
2015.08.21;00:00:00;5286.9;5226.9;5230.4;5277.9;3770
2015.08.21;04:00:00;5242.9;5196.4;5211.9;5229.9;2428
2015.08.21;08:00:00;5235.4;5198.4;5225.4;5209.4;2792
2015.08.21;12:00:00;5250.4;5168.4;5172.4;5224.9;2969
2015.08.21;16:00:00;5227.9;5166.4;5218.9;5172.9;3516
2015.08.21;20:00:00;5231.9;5196.4;5202.9;5219.9;2113
2015.08.24;00:00:00;5207.9;5131.4;5131.4;5203.4;4812
2015.08.24;04:00:00;5151.4;5092.9;5093.4;5130.9;3310
2015.08.24;08:00:00;5121.1;5008.1;5036.1;5091.6;6848
2015.08.24;12:00:00;5057.1;4975;5003.1;5035.1;6414
2015.08.24;16:00:00;5010.1;4935.1;4952.6;5002.6;3705
2015.08.24;20:00:00;4956.1;4783.1;4855.1;4952.1;10700
2015.08.25;00:00:00;4934.6;4774.1;4819.6;4854.6;5320
2015.08.25;04:00:00;4831.6;4782.6;4810.1;4819.1;866
2015.08.25;08:00:00;5038.5;4781.9;5028;4794.9;6732
2015.08.25;12:00:00;5150;5027;5120.5;5029;7949
2015.08.25;16:00:00;5224.5;5085;5199;5119.5;8198
2015.08.25;20:00:00;5284.5;5181.5;5235.5;5198.5;5468
2015.08.26;00:00:00;5256.5;5194;5203;5235;6924
2015.08.26;04:00:00;5211;5091.5;5109.5;5202.5;5863
2015.08.26;08:00:00;5143;5009;5108;5109.5;8283
2015.08.26;12:00:00;5172.5;5078.5;5167;5108.5;7052
2015.08.26;16:00:00;5185.5;5122.8;5172;5166;6400
2015.08.26;20:00:00;5210.5;5160.5;5195;5172.5;3511
2015.08.27;00:00:00;5209;5120.5;5146;5195.5;8528
2015.08.27;04:00:00;5252.5;5136.5;5234.5;5147;4159
2015.08.27;08:00:00;5261;5217.5;5249;5235.2;3667
2015.08.27;12:00:00;5272;5236;5242;5249.5;2129
2015.08.27;16:00:00;5260.5;5210.6;5242;5241.5;4058
2015.08.27;20:00:00;5243.5;5204;5232;5242.5;2556
2015.08.28;00:00:00;5301.5;5230;5300;5232.5;4623
2015.08.28;04:00:00;5314.5;5254.5;5302;5300.5;4628
2015.08.28;08:00:00;5312.5;5266;5273;5298.2;2905
2015.08.28;12:00:00;5277;5232;5239;5273.5;2323
2015.08.28;16:00:00;5274.5;5227.5;5228.5;5240;3801
2015.08.28;20:00:00;5254.5;5215.5;5223.5;5230.6;2058
2015.08.31;00:00:00;5281.5;5218.5;5279.5;5222.5;4410
2015.08.31;04:00:00;5280;5255.5;5273;5280;1925
2015.08.31;08:00:00;5242.5;5166;5177;5241.5;3442
2015.08.31;12:00:00;5212.5;5155;5203.5;5176;3076
2015.08.31;16:00:00;5209.5;5190.5;5207;5203;1320
2015.08.31;20:00:00;5212;5164.5;5200.5;5206.5;2952
2015.09.01;00:00:00;5203.5;5169;5185;5200;3014
2015.09.01;04:00:00;5187;5165.5;5171;5186;377
2015.09.01;08:00:00;5214;5149;5165.5;5168;3411
2015.09.01;12:00:00;5182.5;5124;5137;5166;4084
2015.09.01;16:00:00;5137.5;5030.5;5031;5136;5433
2015.09.01;20:00:00;5072;5012.5;5012.5;5032;3338
2015.09.02;00:00:00;5056;5011;5016;5012;5846
2015.09.02;04:00:00;5037.5;4988;5016.5;5015.5;4492
2015.09.02;08:00:00;5058;4999.9;5029;5013.7;3945
2015.09.02;12:00:00;5088;5008;5084;5030;3629
2015.09.02;16:00:00;5104.5;5045.5;5052.5;5083.5;5178
2015.09.02;20:00:00;5089.5;5044.5;5088;5053;2486
2015.09.03;00:00:00;5099.5;5045.5;5074;5088.5;5513
2015.09.03;04:00:00;5107.5;5067;5101.5;5073.5;2458
2015.09.03;08:00:00;5181;5096.9;5106;5100.8;3431
2015.09.03;12:00:00;5106;5032;5042;5105;3232
2015.09.03;16:00:00;5047;5017.6;5042;5041;3102
2015.09.03;20:00:00;5058;5027.5;5047;5042.5;2311
2015.09.04;00:00:00;5091.5;5037.5;5064.5;5047.5;4020
2015.09.04;04:00:00;5066;5029.5;5045;5065;3458
2015.09.04;08:00:00;5064;4990;5023;5043;2660
2015.09.04;12:00:00;5074;5004.5;5036;5022.5;3934
2015.09.04;16:00:00;5054.5;5019;5029;5035;3862
2015.09.04;20:00:00;5042.5;4999;5009;5028;2134
2015.09.07;00:00:00;5043.5;4991;4996.5;5008.5;3892
2015.09.07;04:00:00;5022;4981;5004;4996;1852
2015.09.07;08:00:00;5054;4970.5;5015.5;5024;6119
2015.09.07;12:00:00;5052.5;5007.5;5022.5;5016.5;2859
2015.09.07;16:00:00;5035;5009;5015.5;5022;1288
2015.09.07;20:00:00;5026;5013;5020;5015;654
2015.09.08;00:00:00;5024;5015;5023;5019;174
2015.09.08;04:00:00;5031;5021;5027.5;5022.5;39
2015.09.08;08:00:00;5102;5057.5;5087;5057.5;1837
2015.09.08;12:00:00;5094.5;5059.5;5083.5;5087.5;2783
2015.09.08;16:00:00;5159.5;5080.5;5151;5084.5;3312
2015.09.08;20:00:00;5160.5;5134;5138.5;5151.5;1395
2015.09.09;00:00:00;5144.5;5118.5;5123.5;5138;2801
2015.09.09;04:00:00;5162;5118;5157.5;5124;1104
2015.09.09;08:00:00;5202.5;5135.2;5183;5142.7;2832
2015.09.09;12:00:00;5223;5164.5;5198;5183.5;2376
2015.09.09;16:00:00;5234;5194;5209.5;5199.5;2725
2015.09.09;20:00:00;5214.5;5180.5;5199;5210;1178
2015.09.10;00:00:00;5201.5;5152.5;5161;5198.5;3377
2015.09.10;04:00:00;5171.5;5113.5;5130;5161.5;3096
2015.09.10;08:00:00;5140;5091;5098;5121.9;4041
2015.09.10;12:00:00;5125.5;5084;5106;5097;3034
2015.09.10;16:00:00;5117.5;5065.8;5089.5;5107;3639
2015.09.10;20:00:00;5115.5;5025;5032.5;5089;2393
2015.09.11;00:00:00;5104.5;5033.5;5095.5;5033.5;4319
2015.09.11;04:00:00;5119.5;5081;5095.5;5095;2820
2015.09.11;08:00:00;5107.8;5026;5037;5095.4;3161
2015.09.11;12:00:00;5105;5038;5086.5;5038;2873
2015.09.11;16:00:00;5094;5044.3;5051.5;5087;3632
2015.09.11;20:00:00;5071.5;5047.5;5062;5052;1750
2015.09.14;00:00:00;5083.5;5051;5079.5;5062.5;3127
2015.09.14;04:00:00;5087.5;5061.5;5087;5080;1245
2015.09.14;08:00:00;5146;5069;5072;5125.5;4845
2015.09.14;12:00:00;5121;5065.5;5113;5072.5;4054
2015.09.14;16:00:00;5114.5;5087.5;5092.5;5113.5;1551
2015.09.14;20:00:00;5097.5;5070;5074;5093.5;2234
2015.09.15;00:00:00;5076.5;5061.5;5071;5074.5;1231
2015.09.15;04:00:00;5076.5;5070.5;5076.5;5070.5;76
2015.09.15;08:00:00;5115.5;5056;5074.5;5075.2;2394
2015.09.15;12:00:00;5082.5;5013;5017.5;5075;3013
2015.09.15;16:00:00;5036.5;4989;4997.5;5018.5;3125
2015.09.15;20:00:00;5014;4986;5011.5;4997;1568
2015.09.16;00:00:00;5053;5008.5;5050.5;5012.5;2732
2015.09.16;04:00:00;5064.5;5047.5;5058.5;5049.5;1371
2015.09.16;08:00:00;5088;5033.5;5082;5056.3;1743
2015.09.16;12:00:00;5095;5072;5093;5081.5;1219
2015.09.16;16:00:00;5129;5086;5108;5092.5;2507
2015.09.16;20:00:00;5118.5;5097.5;5104;5107.5;914
2015.09.17;00:00:00;5148.5;5102;5148.5;5104.5;1482
2015.09.17;04:00:00;5159.5;5134;5151.5;5147.5;908
2015.09.17;08:00:00;5196;5138.5;5177;5149.5;2358
2015.09.17;12:00:00;5192;5146;5162;5178;1070
2015.09.17;16:00:00;5165;5108.5;5114.5;5164;2906
2015.09.17;20:00:00;5122.5;5109.5;5118;5115;582
2015.09.18;00:00:00;5143;5116.5;5139.5;5117.5;2810
2015.09.18;04:00:00;5194.5;5107;5118;5139;7895
2015.09.18;08:00:00;5163;5087;5153.5;5117.6;3045
2015.09.18;12:00:00;5195.5;5139;5192;5153;2537
2015.09.18;16:00:00;5194.5;5136;5137.5;5192.5;3405
2015.09.18;20:00:00;5143;5101;5106;5137;2316
2015.09.21;00:00:00;5116;5084;5102;5105;5954
2015.09.21;04:00:00;5109;5071;5080.5;5101.5;4209
2015.09.21;08:00:00;5091;5022.5;5030.5;5091;3334
2015.09.21;12:00:00;5085.5;5019.5;5075;5029.5;3058
2015.09.21;16:00:00;5109.5;5065.5;5104;5074.5;1626
2015.09.21;20:00:00;5110;5085.5;5092.5;5104.5;3653
2015.09.22;00:00:00;5106.5;5068.5;5085;5092;5020
2015.09.22;04:00:00;5102.3;5080;5100.8;5084.5;395
2015.09.22;08:00:00;5132.3;5086.8;5097.8;5099.1;2323
2015.09.22;12:00:00;5111.8;5075.8;5078.8;5096.8;1696
2015.09.22;16:00:00;5113.3;5038.3;5049.3;5080.8;3409
2015.09.22;20:00:00;5055.3;5022.3;5024.8;5048.8;2904
2015.09.23;00:00:00;5043.3;5014.3;5015.3;5025.3;5453
2015.09.23;04:00:00;5049.3;5014.3;5042.3;5014.3;3607
2015.09.23;08:00:00;5053.8;5020;5041.8;5041.3;2747
2015.09.23;12:00:00;5053.8;4985.8;4994.8;5042.8;2410
2015.09.23;16:00:00;5048.8;4988.8;5045.3;4995.8;3348
2015.09.23;20:00:00;5045.8;5019.3;5026.8;5045.8;1739
2015.09.24;00:00:00;5043.3;5002.3;5010.8;5027.3;4832
2015.09.24;04:00:00;5035.3;5007.8;5020.8;5011.3;3682
2015.09.24;08:00:00;5068.6;5015.1;5033.6;5019.6;2464
2015.09.24;12:00:00;5068.6;5031.6;5062.6;5034.1;2229
2015.09.24;16:00:00;5094.1;5054.6;5084.6;5061.6;3388
2015.09.24;20:00:00;5088.6;5039.6;5049.1;5085.1;2711
2015.09.25;00:00:00;5065.1;5022.1;5039.6;5048.6;5306
2015.09.25;04:00:00;5089.1;5030.6;5074.6;5039.1;6125
2015.09.25;08:00:00;5118.1;5061.7;5079.1;5073.1;3781
2015.09.25;12:00:00;5081.5;5032.5;5077.5;5078.1;3037
2015.09.25;16:00:00;5096;5035.5;5095.5;5078;3521
2015.09.25;20:00:00;5104;5085;5091;5097;1838
2015.09.28;00:00:00;5093;5063;5076;5090.5;5579
2015.09.28;04:00:00;5088;5030.5;5048;5076.5;5968
2015.09.28;08:00:00;5104.5;5008;5101.5;5021;3108
2015.09.28;12:00:00;5129.5;5096.5;5112.5;5100.5;3290
2015.09.28;16:00:00;5114.5;5068.5;5072.5;5113;2334
2015.09.28;20:00:00;5090.5;5035;5037;5073.5;5621
2015.09.29;00:00:00;5040;4996;5017;5036.5;4807
2015.09.29;04:00:00;5021;5003.5;5018.5;5017.5;343
2015.09.29;08:00:00;5029.2;4962.5;4980.5;5017.5;2420
2015.09.29;12:00:00;4985.5;4957.5;4963;4983.5;1944
2015.09.29;16:00:00;4964;4891;4933.5;4964;4888
2015.09.29;20:00:00;4940;4918.5;4935.5;4934;2089
2015.09.30;00:00:00;4950.5;4907.5;4920.5;4935;8572
2015.09.30;04:00:00;4948.5;4907;4942.5;4921;5049
2015.09.30;08:00:00;4996;4915.5;4985;4941.5;2470
2015.09.30;12:00:00;5018.5;4938;5017;4986;2467
2015.09.30;16:00:00;5033.4;4988.5;5005.5;5015.5;3498
2015.09.30;20:00:00;5020;5001.5;5003.5;5006;1448
2015.10.01;00:00:00;5017.5;4976.5;4983.5;5004;5436
2015.10.01;04:00:00;5033.5;4983;5021.5;4984.5;3931
2015.10.01;08:00:00;5069;5019;5053.5;5020.5;1760
2015.10.01;12:00:00;5119;5043;5111.5;5054;2177
2015.10.01;16:00:00;5119;5086.5;5091;5112;2945
2015.10.01;20:00:00;5096.5;5067;5072.5;5091.5;2164
2015.10.02;00:00:00;5089;5038.5;5049.5;5072;8108
2015.10.02;04:00:00;5081;5041.5;5078.5;5049;4836
2015.10.02;08:00:00;5121;5045.5;5103.5;5077.5;2377
2015.10.02;12:00:00;5106;5043;5055;5103;2163
2015.10.02;16:00:00;5063.5;5039;5054;5054;3209
2015.10.02;20:00:00;5069.5;4993.5;4997;5054.5;2164
2015.10.05;00:00:00;5072.5;4981.5;5069.5;4996.5;8058
2015.10.05;04:00:00;5110;5068.5;5110;5070;4487
2015.10.05;08:00:00;5155;5135;5153;5144.5;2019
2015.10.05;12:00:00;5159.5;5139.5;5157;5152;2261
2015.10.05;16:00:00;5184.5;5152.5;5180;5158;1785
2015.10.05;20:00:00;5204.5;5174.5;5202.5;5180.5;3523
2015.10.06;00:00:00;5226.5;5201.5;5223.5;5203.5;2349
2015.10.06;04:00:00;5226.5;5216.7;5224.3;5224.5;708
2015.10.06;08:00:00;5225.1;5187.5;5193.5;5224.6;2271
2015.10.06;12:00:00;5208;5166;5167;5193;2067
2015.10.06;16:00:00;5193.5;5159.5;5190.5;5166.5;2047
2015.10.06;20:00:00;5203.5;5184.5;5202.5;5191;1311
2015.10.07;00:00:00;5218.5;5178.5;5187.5;5203.5;5213
2015.10.07;04:00:00;5200.5;5169.3;5173.6;5187;3695
2015.10.07;08:00:00;5194;5131;5152;5173;2198
2015.10.07;12:00:00;5197;5152.5;5186;5152.5;2828
2015.10.07;16:00:00;5247.5;5181.5;5242;5185.5;2700
2015.10.07;20:00:00;5245.5;5220.5;5241;5242.5;1666
2015.10.08;00:00:00;5264.5;5211.5;5218;5240.5;6000
2015.10.08;04:00:00;5244.5;5216;5239.5;5219;3459
2015.10.08;08:00:00;5259;5228.5;5240;5236.5;2223
2015.10.08;12:00:00;5248;5201;5210;5241;2520
2015.10.08;16:00:00;5225;5204;5209;5211;2399
2015.10.08;20:00:00;5232.5;5206.5;5224;5210;1665
2015.10.09;00:00:00;5252.5;5222.5;5240.5;5224.5;4406
2015.10.09;04:00:00;5279.6;5237.5;5275.7;5240;4217
2015.10.09;08:00:00;5291;5254;5256;5277.6;1891
2015.10.09;12:00:00;5279.5;5246;5274;5256.5;1763
2015.10.09;16:00:00;5285.5;5252.5;5262;5273;2328
2015.10.09;20:00:00;5284.5;5261;5277.5;5261.5;1192
2015.10.12;00:00:00;5277.5;5254.5;5256.5;5277;3929
2015.10.12;04:00:00;5269.5;5250;5265.5;5257;1939
2015.10.12;08:00:00;5252;5231;5232;5235;1655
2015.10.12;12:00:00;5262.5;5221;5258;5234;1971
2015.10.12;16:00:00;5259.5;5241;5248;5258.5;1265
2015.10.12;20:00:00;5250.5;5226.5;5236.5;5247.5;2897
2015.10.13;00:00:00;5238;5223;5230;5237;1208
2015.10.13;04:00:00;5241.3;5227;5238.5;5230.5;500
2015.10.13;08:00:00;5239.6;5189;5193.5;5239.3;3108
2015.10.13;12:00:00;5211.5;5172.5;5204.5;5193;2818
2015.10.13;16:00:00;5213.5;5180;5188;5203;1912
2015.10.13;20:00:00;5195;5178;5184.5;5187.5;1220
2015.10.14;00:00:00;5216;5177;5195;5184;2800
2015.10.14;04:00:00;5197;5169.6;5172.3;5194.5;2646
2015.10.14;08:00:00;5190.5;5153;5166.5;5172;2123
2015.10.14;12:00:00;5202.5;5160.5;5197;5167.5;1817
2015.10.14;16:00:00;5199.3;5178;5186.5;5196.5;1964
2015.10.14;20:00:00;5218;5184.5;5204;5186;1165
2015.10.15;00:00:00;5221;5194;5214.5;5203.5;4199
2015.10.15;04:00:00;5219;5187;5195.7;5215;3515
2015.10.15;08:00:00;5245.5;5193.4;5226;5195.5;2665
2015.10.15;12:00:00;5235.5;5203.5;5230.5;5226.5;1984
2015.10.15;16:00:00;5241.5;5221;5240;5230;1890
2015.10.15;20:00:00;5255.7;5234.5;5244;5241;1225
2015.10.16;00:00:00;5246;5221.5;5241.5;5243;3848
2015.10.16;04:00:00;5272.7;5241;5272.3;5242;2476
2015.10.16;08:00:00;5312;5267.2;5291.5;5273.2;2624
2015.10.16;12:00:00;5299.5;5259.5;5283.5;5289.5;2226
2015.10.16;16:00:00;5295;5265.1;5291;5283;1409
2015.10.16;20:00:00;5293;5276;5282;5292;700
2015.10.19;00:00:00;5296;5276;5286;5283;1806
2015.10.19;04:00:00;5293;5272;5290;5285.5;695
2015.10.19;08:00:00;5288;5253.5;5262.5;5285;2543
2015.10.19;12:00:00;5282;5253.3;5273;5261.5;1657
2015.10.19;16:00:00;5277;5254.5;5256.5;5272;950
2015.10.19;20:00:00;5267;5243.5;5257;5256;2280
2015.10.20;00:00:00;5261;5240;5254;5257.5;2337
2015.10.20;04:00:00;5258;5246.2;5247.9;5254.5;577
2015.10.20;08:00:00;5264.5;5222.5;5251.5;5247.6;1962
2015.10.20;12:00:00;5255.5;5227.5;5235.5;5252.5;1183
2015.10.20;16:00:00;5240;5213;5214.5;5234.5;1451
2015.10.20;20:00:00;5220;5212;5216;5214;955
2015.10.21;00:00:00;5236;5207;5221;5215.5;2769
2015.10.21;04:00:00;5228.5;5210.7;5211.5;5220.5;2274
2015.10.21;08:00:00;5221.5;5199.5;5211.5;5212.2;1706
2015.10.21;12:00:00;5262;5189.5;5246.5;5212.5;2076
2015.10.21;16:00:00;5264.4;5228.5;5243;5246;2118
2015.10.21;20:00:00;5267;5243;5263;5244;1026
2015.10.22;00:00:00;5266.5;5239;5253;5263.5;3134
2015.10.22;04:00:00;5253;5213.8;5220.5;5252.5;3790
2015.10.22;08:00:00;5247.5;5211.5;5242.5;5220.2;2453
2015.10.22;12:00:00;5266;5232.5;5265;5243.5;1886
2015.10.22;16:00:00;5265.5;5248;5262.5;5264.5;1495
2015.10.22;20:00:00;5284.5;5261.5;5280.5;5264;1253
2015.10.23;00:00:00;5338.5;5273.5;5336.5;5279.5;3649
2015.10.23;04:00:00;5347.3;5313.5;5347.3;5335.5;3339
2015.10.23;08:00:00;5379.5;5339.1;5364;5342.7;2769
2015.10.23;12:00:00;5371;5350;5353;5364.5;1447
2015.10.23;16:00:00;5355.5;5342.5;5348;5352.5;1712
2015.10.23;20:00:00;5394.5;5346;5393;5347.5;1568
2015.10.25;23:00:00;5397.5;5381.5;5393;5393.5;4551
2015.10.26;00:00:00;5406.5;5387;5397;5392.5;1687
2015.10.26;04:00:00;5381;5356;5358;5373.5;1719
2015.10.26;08:00:00;5362;5346.5;5350.5;5357;1404
2015.10.26;12:00:00;5369;5340.5;5365.5;5351.5;1263
2015.10.26;16:00:00;5379;5353.5;5353.5;5364.5;2531
2015.10.26;20:00:00;5363.5;5348;5354.5;5354;1704
2015.10.27;00:00:00;5356;5349.8;5352.8;5355;387
2015.10.27;04:00:00;5369.5;5345.5;5363.5;5353.3;2558
2015.10.27;08:00:00;5368.5;5345;5364.5;5363;1974
2015.10.27;12:00:00;5372.5;5354.5;5367;5364.3;1065
2015.10.27;16:00:00;5368;5348.5;5357.5;5366.5;1171
2015.10.27;20:00:00;5360.5;5336.5;5341;5356.5;2733
2015.10.28;00:00:00;5358;5339.5;5355.8;5340.5;1959
2015.10.28;04:00:00;5357;5314;5352;5349.6;2864
2015.10.28;08:00:00;5353;5324.8;5326.1;5353;1590
2015.10.28;12:00:00;5330.5;5316.5;5328;5326.3;1115
2015.10.28;16:00:00;5349.5;5322.5;5349.5;5327.5;1183
2015.10.28;20:00:00;5370.5;5348.5;5369;5349;1818
2015.10.29;00:00:00;5372.6;5329;5366.1;5368;4124
2015.10.29;04:00:00;5364;5293;5300;5361;1789
2015.10.29;08:00:00;5309;5254;5260.9;5299;1821
2015.10.29;12:00:00;5275;5257;5261.5;5260.5;1587
2015.10.29;16:00:00;5266;5247;5256.5;5262;1178
2015.10.29;20:00:00;5267.5;5241.5;5243.5;5256;2445
2015.10.30;00:00:00;5253.5;5240.5;5253.2;5242.5;1139
2015.10.30;04:00:00;5255.3;5200;5229;5251.7;2678
2015.10.30;08:00:00;5266.5;5227;5254.8;5228;2810
2015.10.30;12:00:00;5256.5;5232.5;5235.5;5254.9;1111
2015.10.30;16:00:00;5237;5217.5;5225;5236;1143
2015.10.30;20:00:00;5257.5;5224.5;5251.5;5224.5;1870
2015.11.02;00:00:00;5256;5225.5;5230;5250.5;1266
2015.11.02;04:00:00;5193;5157;5174;5193;2090
2015.11.02;08:00:00;5174.5;5148.5;5155;5174.5;1320
2015.11.02;12:00:00;5175.5;5153;5171;5155.5;1041
2015.11.02;16:00:00;5204.5;5169.5;5198.5;5171.5;1344
2015.11.02;20:00:00;5226.1;5198.5;5217.8;5199.5;2072
2015.11.03;00:00:00;5222;5211.8;5213.8;5218;1103
2015.11.03;04:00:00;5252;5194;5228.5;5216.8;3064
2015.11.03;08:00:00;5255.5;5208;5249.4;5228;1976
2015.11.03;12:00:00;5254.5;5229;5234;5249.2;966
2015.11.03;16:00:00;5235;5225;5229;5233.5;643
2015.11.03;20:00:00;5271.5;5229.5;5270;5229.5;1521
2015.11.04;00:00:00;5285.5;5266.1;5270.9;5270.5;3896
2015.11.04;04:00:00;5318.5;5268.8;5289;5269.6;2278
2015.11.04;08:00:00;5300;5233;5239;5289.5;1883
2015.11.04;12:00:00;5264.5;5237.5;5258;5239.3;1079
2015.11.04;16:00:00;5269.5;5251;5266;5258.5;742
2015.11.04;20:00:00;5269;5235.5;5249;5265.5;2634
2015.11.05;00:00:00;5249.5;5235;5245;5248.5;2006
2015.11.05;04:00:00;5245;5167.5;5188.5;5233.8;2754
2015.11.05;08:00:00;5204;5177.5;5199.5;5189.5;2306
2015.11.05;12:00:00;5223.5;5199.2;5202.5;5199.3;1275
2015.11.05;16:00:00;5221;5199;5209.5;5202;829
2015.11.05;20:00:00;5212;5168;5191;5210;2610
2015.11.06;00:00:00;5197;5174.5;5193.4;5191.5;2211
2015.11.06;04:00:00;5222.5;5153;5205;5184.1;2751
2015.11.06;08:00:00;5239.5;5202;5226.4;5204;1837
2015.11.06;12:00:00;5227.1;5199.5;5200.5;5226.2;1171
2015.11.06;16:00:00;5201.5;5169;5187;5200;1589
2015.11.06;20:00:00;5205;5167.5;5182.5;5187.5;4374
2015.11.09;00:00:00;5207.5;5179.5;5203;5182;1909
2015.11.09;04:00:00;5160;5096.5;5124;5142;3174
2015.11.09;08:00:00;5130;5101.5;5117.5;5123.5;1843
2015.11.09;12:00:00;5117.5;5091.5;5094.5;5117;926
2015.11.09;16:00:00;5094.5;5049.5;5055;5094;2409
2015.11.09;20:00:00;5080.5;5046.5;5078.5;5055.5;2307
2015.11.10;00:00:00;5078.5;5067.8;5071.2;5078;668
2015.11.10;04:00:00;5099;5050;5077;5070.1;2931
2015.11.10;08:00:00;5103;5040.5;5082.1;5076.5;2411
2015.11.10;12:00:00;5090;5052;5053.5;5082.4;1285
2015.11.10;16:00:00;5071;5047.5;5069;5053;932
2015.11.10;20:00:00;5080;5052.5;5069.5;5070;2404
2015.11.11;00:00:00;5091;5062.5;5084.5;5069;1571
2015.11.11;04:00:00;5131.5;5072.2;5103;5073;3636
2015.11.11;08:00:00;5129.5;5099;5116.8;5102.5;2070
2015.11.11;12:00:00;5123.5;5108.5;5116;5116.9;948
2015.11.11;16:00:00;5125.5;5104;5122.5;5115.5;821
2015.11.11;20:00:00;5133.5;5097.5;5129;5123;1746
2015.11.12;00:00:00;5129;5100.5;5104.7;5128.5;1973
2015.11.12;04:00:00;5134;5078;5133.5;5104.9;3055
2015.11.12;08:00:00;5154;5117.5;5127.1;5133;2043
2015.11.12;12:00:00;5137;5103.5;5106;5126.9;1351
2015.11.12;16:00:00;5109.5;5088.5;5090.5;5105.5;1135
2015.11.12;20:00:00;5095.5;5070.5;5075.5;5090;2958
2015.11.13;00:00:00;5085.5;5051.8;5052.9;5076;2463
2015.11.13;04:00:00;5054.4;5004.5;5036;5053.1;3608
2015.11.13;08:00:00;5063;5026.5;5027.7;5037;2684
2015.11.13;12:00:00;5033.5;5015;5022.5;5027.8;1219
2015.11.13;16:00:00;5025.5;5002;5014;5023;1196
2015.11.13;20:00:00;5022.5;4989.5;5006.5;5013.5;2939
2015.11.16;00:00:00;5008.5;4983.5;4990.5;5007.5;1782
2015.11.16;04:00:00;5025;4996;5010;5013.5;2087
2015.11.16;08:00:00;5010;4979.5;5006.5;5009.5;1850
2015.11.16;12:00:00;5012.5;4993.5;5000;5007.5;1341
2015.11.16;16:00:00;5019.5;4987.5;5017;4999.5;3048
2015.11.16;20:00:00;5049.5;5013.5;5046.5;5016.5;1719
2015.11.17;00:00:00;5054.5;5045;5050.3;5046;868
2015.11.17;04:00:00;5072;5033;5065;5049.4;3274
2015.11.17;08:00:00;5125.5;5063;5114.2;5064;3101
2015.11.17;12:00:00;5125.5;5103.5;5120.5;5113.9;1079
2015.11.17;16:00:00;5123;5104;5112;5120;925
2015.11.17;20:00:00;5127;5096.5;5111.5;5111.5;2215
2015.11.18;00:00:00;5115;5085.5;5097.5;5111;2522
2015.11.18;04:00:00;5112;5083;5107;5097.9;2108
2015.11.18;08:00:00;5147;5100;5125.4;5108;2583
2015.11.18;12:00:00;5133.5;5118.5;5124;5124.8;1003
2015.11.18;16:00:00;5152.5;5123;5152;5124.5;735
2015.11.18;20:00:00;5172.5;5146.5;5165.5;5152.5;2019
2015.11.19;00:00:00;5185.6;5161.5;5179.3;5165;1171
2015.11.19;04:00:00;5220;5160;5217;5179.7;3102
2015.11.19;08:00:00;5256.5;5200;5247.6;5218;2208
2015.11.19;12:00:00;5274.5;5244.5;5268;5247.3;1008
2015.11.19;16:00:00;5280;5264.5;5267;5268.5;651
2015.11.19;20:00:00;5269.5;5245;5255.5;5266.5;1830
2015.11.20;00:00:00;5266.1;5245.5;5262.7;5256;1373
2015.11.20;04:00:00;5275.8;5233.3;5270;5262.5;3138
2015.11.20;08:00:00;5275.5;5241;5259.1;5269.5;1631
2015.11.20;12:00:00;5280;5258;5268.5;5259.4;965
2015.11.20;16:00:00;5291;5267;5290.5;5269;647
2015.11.20;20:00:00;5292;5263;5266;5291;1358
2015.11.23;00:00:00;5272;5252;5254.5;5266.5;799
2015.11.23;04:00:00;5289.5;5266.5;5276.5;5276.5;1621
2015.11.23;08:00:00;5283.3;5254;5259;5275.5;1392
2015.11.23;12:00:00;5282.5;5258;5281;5258;972
2015.11.23;16:00:00;5295;5273;5291;5280;1124
2015.11.23;20:00:00;5293;5261;5265;5291.5;807
2015.11.24;00:00:00;5266;5258.2;5258.5;5265.5;511
2015.11.24;04:00:00;5271.5;5230.5;5249.5;5258.2;2598
2015.11.24;08:00:00;5264.5;5220;5220.3;5248.5;2249
2015.11.24;12:00:00;5241;5203;5223;5220.5;1452
2015.11.24;16:00:00;5228.5;5201;5206;5222.5;1264
2015.11.24;20:00:00;5233;5199;5232;5207;1440
2015.11.25;00:00:00;5249;5232.5;5238.5;5232.5;1266
2015.11.25;04:00:00;5239.9;5188.5;5199.5;5239.4;2105
2015.11.25;08:00:00;5226.5;5184;5198.6;5200.5;1908
2015.11.25;12:00:00;5219;5197.3;5216;5198.5;963
2015.11.25;16:00:00;5222;5206.5;5212;5215;589
2015.11.25;20:00:00;5215;5199;5210.5;5211.5;1093
2015.11.26;00:00:00;5211;5187;5197.2;5211;734
2015.11.26;04:00:00;5259.5;5176.5;5241;5196.8;3515
2015.11.26;08:00:00;5245.5;5207.5;5216.6;5241.5;1890
2015.11.26;12:00:00;5234;5215.3;5230.5;5216.9;876
2015.11.26;16:00:00;5253;5230;5247.5;5231.5;451
2015.11.26;20:00:00;5254.5;5236.5;5242.5;5247;296
2015.11.27;00:00:00;5245.5;5238;5240;5238;52
2015.11.27;04:00:00;5269.5;5222;5236.5;5240.5;2949
2015.11.27;08:00:00;5237.5;5195.5;5199.6;5237.5;1833
2015.11.27;12:00:00;5200;5174;5189;5199.4;1151
2015.11.27;16:00:00;5195;5182;5182;5188;517
2015.11.27;20:00:00;5204;5179;5195.5;5182.5;1121
2015.11.30;00:00:00;5203;5195.5;5202;5197;124
2015.11.30;04:00:00;5191.5;5163.5;5184;5182.5;2241
2015.11.30;08:00:00;5192.5;5161;5178.5;5183.5;1726
2015.11.30;12:00:00;5188.5;5172;5186.5;5179;702
2015.11.30;16:00:00;5196;5180;5180;5187;987
2015.11.30;20:00:00;5195.5;5178;5182;5179;915
2015.12.01;00:00:00;5194.2;5177.5;5193.3;5181.5;786
2015.12.01;04:00:00;5284.5;5168.5;5279.5;5193.1;3643
2015.12.01;08:00:00;5281.5;5254.2;5254.9;5278.5;2659
2015.12.01;12:00:00;5266;5240.5;5247;5255.1;851
2015.12.01;16:00:00;5262.5;5239.5;5241;5247.5;723
2015.12.01;20:00:00;5262.5;5238.5;5255.5;5241.5;1263
2015.12.02;00:00:00;5262.5;5244.5;5259.6;5255;1068
2015.12.02;04:00:00;5268.4;5232.4;5257.9;5259.3;3236
2015.12.02;08:00:00;5277;5249.5;5266.6;5256.9;1929
2015.12.02;12:00:00;5277;5262;5265;5266.3;798
2015.12.02;16:00:00;5276;5253;5255.5;5265.5;737
2015.12.02;20:00:00;5263.5;5240;5244.5;5255;1459
2015.12.03;00:00:00;5245;5210;5231.3;5244;2185
2015.12.03;04:00:00;5238.4;5189.4;5232.5;5231;2853
2015.12.03;08:00:00;5235.5;5215;5224.5;5233;1595
2015.12.03;12:00:00;5252;5221;5251;5224.7;906
2015.12.03;16:00:00;5258;5197;5214;5252;2391
2015.12.03;20:00:00;5223;5164;5171;5213.5;2532
2015.12.04;00:00:00;5175;5144;5165.3;5170;3758
2015.12.04;04:00:00;5166.1;5113;5134;5165.2;2755
2015.12.04;08:00:00;5157.5;5118;5148.6;5133;1979
2015.12.04;12:00:00;5153.5;5136.5;5146.5;5148.5;1328
2015.12.04;16:00:00;5157;5130.5;5130.5;5147.5;1529
2015.12.04;20:00:00;5168;5118;5166.5;5129.5;3034
2015.12.07;00:00:00;5185.5;5166;5179.5;5167;1086
2015.12.07;04:00:00;5204;5151;5164.5;5204;2817
2015.12.07;08:00:00;5165;5139.6;5159;5165;1177
2015.12.07;12:00:00;5175.5;5158.5;5163.5;5159.5;991
2015.12.07;16:00:00;5163;5118.5;5130;5163;2611
2015.12.07;20:00:00;5136.5;5119.5;5133.5;5129.5;2300
2015.12.08;00:00:00;5138.5;5127;5131.3;5133;921
2015.12.08;04:00:00;5136;5092;5125;5130.7;3331
2015.12.08;08:00:00;5141;5097.6;5100.2;5124;2488
2015.12.08;12:00:00;5111.5;5088.5;5089.5;5100;1072
2015.12.08;16:00:00;5106.5;5066.5;5066.5;5090;1064
2015.12.08;20:00:00;5100.5;5056.5;5074;5065.5;3019
2015.12.09;00:00:00;5085.5;5066.5;5075.1;5074.5;2515
2015.12.09;04:00:00;5121;5063;5099;5075.2;3093
2015.12.09;08:00:00;5109;5067.5;5076.8;5098;2178
2015.12.09;12:00:00;5083.5;5055.5;5066.5;5076.6;1510
2015.12.09;16:00:00;5078.5;5055.5;5069.5;5065.5;1182
2015.12.09;20:00:00;5107.5;5028.5;5035;5070.5;4091
2015.12.10;00:00:00;5058.5;5029.5;5053.3;5034.5;3970
2015.12.10;04:00:00;5076;5003;5014;5053.2;3356
2015.12.10;08:00:00;5041.5;4992;5032;5013;2288
2015.12.10;12:00:00;5039.5;4999.5;5010;5031.4;1121
2015.12.10;16:00:00;5025;5006.5;5009;5009.5;1423
2015.12.10;20:00:00;5034.5;5002.5;5029.5;5009.5;3593
2015.12.11;00:00:00;5045;5016.6;5023.9;5029;2387
2015.12.11;04:00:00;5068;5012;5021;5023.6;2567
2015.12.11;08:00:00;5029;5015.3;5016.8;5022;2068
2015.12.11;12:00:00;5020.5;4998;5012.5;5017.1;1317
2015.12.11;16:00:00;5013;4976.5;4989.5;5012;1907
2015.12.11;20:00:00;4989;4940.5;4948.5;4989;5322
2015.12.14;00:00:00;4960.5;4931.5;4943;4949.5;2455
2015.12.14;04:00:00;4979;4923;4933;4953;3120
2015.12.14;08:00:00;4944.5;4914.5;4930.5;4932;2092
2015.12.14;12:00:00;4950.5;4895.5;4898.5;4931.5;2149
2015.12.14;16:00:00;4920.5;4861;4865.5;4899.5;6355
2015.12.14;20:00:00;4911;4865.5;4909.5;4866;3719
2015.12.15;00:00:00;4920;4901.7;4909.5;4910;966
2015.12.15;04:00:00;4969;4909.3;4939.5;4909.7;3182
2015.12.15;08:00:00;4943;4894;4894.3;4940.5;2419
2015.12.15;12:00:00;4938;4892.5;4932.5;4894.2;1825
2015.12.15;16:00:00;4941.5;4924;4940;4932;1593
2015.12.15;20:00:00;4966.5;4937.5;4966.5;4940.5;3023
