DATE;TIME;HIGH;LOW;CLOSE;OPEN;VOLUME
2015.04.27;12:00:00;0.78787;0.78481;0.78643;0.78506;22490
2015.04.27;16:00:00;0.79004;0.78456;0.78614;0.78644;32514
2015.04.27;20:00:00;0.79058;0.78567;0.78966;0.78615;14096
2015.04.28;00:00:00;0.79038;0.78872;0.78925;0.78966;5330
2015.04.28;04:00:00;0.7894;0.78811;0.78855;0.78924;7218
2015.04.28;08:00:00;0.79043;0.78809;0.7901;0.78854;24888
2015.04.28;12:00:00;0.7949;0.78949;0.79394;0.7901;29143
2015.04.28;16:00:00;0.79463;0.78985;0.79392;0.79393;35640
2015.04.28;20:00:00;0.79527;0.79247;0.79336;0.79392;14481
2015.04.29;00:00:00;0.79458;0.7921;0.79329;0.79336;5144
2015.04.29;04:00:00;0.79448;0.79313;0.79445;0.79329;6534
2015.04.29;08:00:00;0.79562;0.79277;0.79308;0.79445;23808
2015.04.29;12:00:00;0.79384;0.78781;0.79169;0.79309;33614
2015.04.29;16:00:00;0.79241;0.78123;0.78318;0.79169;48714
2015.04.29;20:00:00;0.78335;0.77901;0.78106;0.78318;26234
2015.04.30;00:00:00;0.78252;0.78089;0.78148;0.78106;6007
2015.04.30;04:00:00;0.7821;0.78082;0.78119;0.78149;10248
2015.04.30;08:00:00;0.78251;0.77626;0.77809;0.78118;34672
2015.04.30;12:00:00;0.78144;0.77647;0.77975;0.77808;35207
2015.04.30;16:00:00;0.78228;0.77132;0.77563;0.77973;41160
2015.04.30;20:00:00;0.77636;0.76966;0.77141;0.77562;19969
2015.05.01;00:00:00;0.77316;0.77111;0.77222;0.77141;5166
2015.05.01;04:00:00;0.7725;0.77165;0.7718;0.77221;5053
2015.05.01;08:00:00;0.77258;0.76956;0.76998;0.77179;16239
2015.05.01;12:00:00;0.77115;0.76602;0.7669;0.76997;20827
2015.05.01;16:00:00;0.76833;0.76369;0.76736;0.76691;33224
2015.05.01;20:00:00;0.76799;0.76547;0.76616;0.76739;11403
2015.05.04;00:00:00;0.76776;0.76501;0.76668;0.76724;5334
2015.05.04;04:00:00;0.76704;0.76588;0.767;0.76668;5369
2015.05.04;08:00:00;0.77138;0.76673;0.7713;0.76699;18262
2015.05.04;12:00:00;0.77253;0.77043;0.77065;0.77131;20872
2015.05.04;16:00:00;0.77317;0.76896;0.77198;0.77065;24613
2015.05.04;20:00:00;0.77258;0.77055;0.77146;0.77198;10618
2015.05.05;00:00:00;0.77248;0.77119;0.77129;0.77156;4089
2015.05.05;04:00:00;0.77259;0.77092;0.77188;0.77129;8004
2015.05.05;08:00:00;0.77627;0.77134;0.77354;0.77188;25158
2015.05.05;12:00:00;0.77444;0.76892;0.77208;0.77354;30083
2015.05.05;16:00:00;0.77437;0.76761;0.76805;0.77208;37568
2015.05.05;20:00:00;0.76851;0.76682;0.76721;0.76804;12957
2015.05.06;00:00:00;0.76799;0.76661;0.76717;0.76721;4650
2015.05.06;04:00:00;0.76881;0.76712;0.76833;0.76717;11259
2015.05.06;08:00:00;0.76859;0.7654;0.76854;0.76833;29123
2015.05.06;12:00:00;0.76982;0.76612;0.76613;0.76855;31753
2015.05.06;16:00:00;0.76745;0.76015;0.76237;0.76612;42561
2015.05.06;20:00:00;0.76238;0.75849;0.75986;0.76238;14040
2015.05.07;00:00:00;0.76114;0.75936;0.76036;0.75976;6046
2015.05.07;04:00:00;0.76102;0.76015;0.76085;0.76035;9043
2015.05.07;08:00:00;0.76104;0.75474;0.75526;0.76085;26569
2015.05.07;12:00:00;0.75861;0.75129;0.75765;0.75527;35323
2015.05.07;16:00:00;0.75859;0.75393;0.75848;0.7577;32746
2015.05.07;20:00:00;0.76043;0.75767;0.75921;0.75849;14213
2015.05.08;00:00:00;0.76193;0.75843;0.7616;0.75921;7065
2015.05.08;04:00:00;0.76289;0.76089;0.76184;0.76157;14835
2015.05.08;08:00:00;0.76384;0.76028;0.76183;0.76185;26886
2015.05.08;12:00:00;0.76516;0.75714;0.76346;0.76183;30211
2015.05.08;16:00:00;0.76927;0.7624;0.76859;0.76344;37022
2015.05.08;20:00:00;0.77144;0.76833;0.7712;0.76859;12795
2015.05.11;00:00:00;0.77073;0.76969;0.77055;0.77073;4706
2015.05.11;04:00:00;0.77182;0.76963;0.76978;0.77056;10217
2015.05.11;08:00:00;0.77016;0.76611;0.76677;0.76979;22719
2015.05.11;12:00:00;0.77231;0.76621;0.77224;0.76677;21445
2015.05.11;16:00:00;0.77341;0.77052;0.77162;0.77225;26525
2015.05.11;20:00:00;0.77321;0.77085;0.77146;0.77165;9724
2015.05.12;00:00:00;0.77284;0.77141;0.7723;0.77141;4200
2015.05.12;04:00:00;0.77255;0.77145;0.77153;0.77231;7064
2015.05.12;08:00:00;0.77191;0.76552;0.7666;0.77153;26744
2015.05.12;12:00:00;0.77043;0.7637;0.77033;0.7666;29800
2015.05.12;16:00:00;0.77394;0.76668;0.77391;0.77028;29453
2015.05.12;20:00:00;0.77464;0.77256;0.77261;0.7739;10574
2015.05.13;00:00:00;0.77357;0.77171;0.77273;0.77256;4311
2015.05.13;04:00:00;0.77346;0.77054;0.77079;0.77273;9821
2015.05.13;08:00:00;0.77427;0.76931;0.77399;0.77079;22334
2015.05.13;12:00:00;0.77525;0.77086;0.77117;0.77403;30171
2015.05.13;16:00:00;0.77124;0.7653;0.76766;0.77116;36438
2015.05.13;20:00:00;0.76861;0.76505;0.76596;0.76766;13076
2015.05.14;00:00:00;0.76707;0.76576;0.76668;0.76591;4197
2015.05.14;04:00:00;0.76758;0.76622;0.76674;0.76667;10373
2015.05.14;08:00:00;0.76727;0.76361;0.76388;0.76674;25647
2015.05.14;12:00:00;0.76436;0.75956;0.76324;0.76388;29342
2015.05.14;16:00:00;0.76591;0.76102;0.76106;0.76324;33395
2015.05.14;20:00:00;0.7624;0.76001;0.76076;0.76104;12227
2015.05.15;00:00:00;0.76169;0.76036;0.76144;0.76071;4607
2015.05.15;04:00:00;0.76167;0.75988;0.76072;0.76145;7565
2015.05.15;08:00:00;0.76356;0.75985;0.76348;0.76072;24907
2015.05.15;12:00:00;0.7683;0.76322;0.76744;0.76348;22717
2015.05.15;16:00:00;0.76764;0.76119;0.76294;0.76743;34806
2015.05.15;20:00:00;0.76298;0.76047;0.76181;0.76294;13718
2015.05.18;00:00:00;0.76252;0.76036;0.76209;0.76036;4779
2015.05.18;04:00:00;0.76288;0.76163;0.76187;0.76208;6508
2015.05.18;08:00:00;0.76478;0.76184;0.76348;0.76187;21049
2015.05.18;12:00:00;0.76488;0.76035;0.76053;0.76348;21526
2015.05.18;16:00:00;0.76083;0.75859;0.76023;0.76049;26488
2015.05.18;20:00:00;0.76179;0.75995;0.76131;0.76023;12656
2015.05.19;00:00:00;0.76232;0.761;0.7615;0.76136;4585
2015.05.19;04:00:00;0.76348;0.76106;0.76338;0.7615;10696
2015.05.19;08:00:00;0.76841;0.76069;0.76447;0.76339;33043
2015.05.19;12:00:00;0.76787;0.76293;0.76707;0.76453;29144
2015.05.19;16:00:00;0.76755;0.76316;0.76552;0.76707;32080
2015.05.19;20:00:00;0.76713;0.76528;0.76556;0.76553;12733
2015.05.20;00:00:00;0.76631;0.76473;0.76569;0.76556;5215
2015.05.20;04:00:00;0.76632;0.76533;0.76602;0.76572;7588
2015.05.20;08:00:00;0.76817;0.76499;0.76672;0.76603;26964
2015.05.20;12:00:00;0.76889;0.76516;0.76615;0.76675;27071
2015.05.20;16:00:00;0.76961;0.76554;0.76764;0.76615;32969
2015.05.20;20:00:00;0.7683;0.76635;0.767;0.76761;27878
2015.05.21;00:00:00;0.76747;0.76609;0.76635;0.76701;5420
2015.05.21;04:00:00;0.76671;0.76555;0.76638;0.76634;9106
2015.05.21;08:00:00;0.76937;0.76424;0.76574;0.76637;29054
2015.05.21;12:00:00;0.76597;0.7629;0.7644;0.76576;27665
2015.05.21;16:00:00;0.76662;0.76304;0.76539;0.7644;33128
2015.05.21;20:00:00;0.76747;0.76504;0.76746;0.76538;12735
2015.05.22;00:00:00;0.76858;0.76682;0.76792;0.76706;5156
2015.05.22;04:00:00;0.7685;0.76712;0.76741;0.76792;9113
2015.05.22;08:00:00;0.76745;0.76373;0.76378;0.76721;18278
2015.05.22;12:00:00;0.76882;0.76121;0.76795;0.76377;27621
2015.05.22;16:00:00;0.76978;0.76581;0.7659;0.76793;35406
2015.05.22;20:00:00;0.76797;0.76538;0.76681;0.76586;15123
2015.05.25;00:00:00;0.76839;0.76578;0.76732;0.76699;8267
2015.05.25;04:00:00;0.76771;0.76654;0.76679;0.76731;7405
2015.05.25;08:00:00;0.76752;0.76516;0.76691;0.76678;12773
2015.05.25;12:00:00;0.76822;0.76558;0.76611;0.76689;8868
2015.05.25;16:00:00;0.76799;0.76576;0.76737;0.76609;8669
2015.05.25;20:00:00;0.76784;0.76659;0.76659;0.76733;4311
2015.05.26;00:00:00;0.76838;0.76641;0.76797;0.76656;5670
2015.05.26;04:00:00;0.76942;0.76751;0.76936;0.76797;10118
2015.05.26;08:00:00;0.77085;0.76818;0.76906;0.76936;30780
2015.05.26;12:00:00;0.76918;0.76472;0.76513;0.76905;30845
2015.05.26;16:00:00;0.76544;0.76246;0.76366;0.76517;36927
2015.05.26;20:00:00;0.76704;0.76363;0.76625;0.76367;13823
2015.05.27;00:00:00;0.76704;0.76576;0.76611;0.76629;4385
2015.05.27;04:00:00;0.76637;0.76503;0.76529;0.76612;8919
2015.05.27;08:00:00;0.76529;0.76241;0.76268;0.76528;23184
2015.05.27;12:00:00;0.76427;0.76092;0.7642;0.76267;32945
2015.05.27;16:00:00;0.76621;0.75999;0.7609;0.7642;39029
2015.05.27;20:00:00;0.76324;0.76058;0.76196;0.76089;14816
2015.05.28;00:00:00;0.76266;0.76138;0.76189;0.76201;4203
2015.05.28;04:00:00;0.76223;0.75973;0.75984;0.76189;14410
2015.05.28;08:00:00;0.76142;0.75784;0.75818;0.75984;30930
2015.05.28;12:00:00;0.76122;0.75666;0.75918;0.75825;34169
2015.05.28;16:00:00;0.75975;0.75586;0.75769;0.75917;38059
2015.05.28;20:00:00;0.75918;0.75639;0.75834;0.75768;18522
2015.05.29;00:00:00;0.75967;0.75678;0.75874;0.75783;5479
2015.05.29;04:00:00;0.7592;0.75768;0.75818;0.75876;8720
2015.05.29;08:00:00;0.7615;0.75732;0.75879;0.75818;25444
2015.05.29;12:00:00;0.75891;0.75111;0.75191;0.75877;33654
2015.05.29;16:00:00;0.75663;0.74888;0.75559;0.75194;37379
2015.05.29;20:00:00;0.75568;0.75383;0.75463;0.7556;14817
2015.06.01;00:00:00;0.7563;0.75342;0.75557;0.75411;5762
2015.06.01;04:00:00;0.7566;0.75553;0.75618;0.75554;8325
2015.06.01;08:00:00;0.75935;0.75598;0.75803;0.7562;23841
2015.06.01;12:00:00;0.7589;0.75454;0.75516;0.75809;26470
2015.06.01;16:00:00;0.75523;0.75234;0.75394;0.75509;37350
2015.06.01;20:00:00;0.75545;0.75308;0.75485;0.75388;15013
2015.06.02;00:00:00;0.75588;0.75404;0.75422;0.75478;5772
2015.06.02;04:00:00;0.75466;0.75392;0.75452;0.75423;8804
2015.06.02;08:00:00;0.75566;0.75199;0.75199;0.75453;25499
2015.06.02;12:00:00;0.7543;0.7496;0.75178;0.75197;37361
2015.06.02;16:00:00;0.75378;0.74854;0.75292;0.75178;44059
2015.06.02;20:00:00;0.75293;0.75078;0.75173;0.75293;14892
2015.06.03;00:00:00;0.75222;0.75137;0.75191;0.7518;5406
2015.06.03;04:00:00;0.75322;0.75182;0.75218;0.7519;9700
2015.06.03;08:00:00;0.75384;0.75068;0.75188;0.75218;27367
2015.06.03;12:00:00;0.75471;0.75047;0.75197;0.75189;32063
2015.06.03;16:00:00;0.75231;0.74795;0.75023;0.75198;40769
2015.06.03;20:00:00;0.75095;0.7492;0.74926;0.75022;11664
2015.06.04;00:00:00;0.75028;0.74911;0.74991;0.74933;5147
2015.06.04;04:00:00;0.75035;0.74946;0.7497;0.74992;7720
2015.06.04;08:00:00;0.75059;0.74521;0.74625;0.7497;32710
2015.06.04;12:00:00;0.74917;0.7451;0.74798;0.74631;34003
2015.06.04;16:00:00;0.74953;0.74689;0.74764;0.74797;33433
2015.06.04;20:00:00;0.74793;0.74591;0.74626;0.74764;15425
2015.06.05;00:00:00;0.74844;0.74611;0.74807;0.74621;7810
2015.06.05;04:00:00;0.74837;0.74701;0.74734;0.74806;8133
2015.06.05;08:00:00;0.74774;0.74261;0.74429;0.74735;27350
2015.06.05;12:00:00;0.75687;0.74305;0.7554;0.74428;30517
2015.06.05;16:00:00;0.75999;0.75271;0.75281;0.75539;44579
2015.06.05;20:00:00;0.75561;0.75209;0.75513;0.75282;15577
2015.06.08;00:00:00;0.75631;0.7541;0.75509;0.75611;4301
2015.06.08;04:00:00;0.75543;0.75462;0.75527;0.75507;7250
2015.06.08;08:00:00;0.75639;0.75281;0.75499;0.75527;28077
2015.06.08;12:00:00;0.75619;0.75344;0.75506;0.75498;23445
2015.06.08;16:00:00;0.75565;0.74899;0.74953;0.75505;29371
2015.06.08;20:00:00;0.74973;0.7465;0.74681;0.74953;18812
2015.06.09;00:00:00;0.74761;0.74647;0.74702;0.74676;5364
2015.06.09;04:00:00;0.7475;0.74594;0.74728;0.74704;10480
2015.06.09;08:00:00;0.74856;0.74402;0.7472;0.74729;29514
2015.06.09;12:00:00;0.75532;0.74682;0.75433;0.74719;32996
2015.06.09;16:00:00;0.75591;0.75294;0.75485;0.75433;32904
2015.06.09;20:00:00;0.75574;0.75355;0.75381;0.75488;11586
2015.06.10;00:00:00;0.75491;0.75301;0.75317;0.75376;5234
2015.06.10;04:00:00;0.75511;0.75305;0.75443;0.75317;10592
2015.06.10;08:00:00;0.75707;0.75228;0.75705;0.75444;34351
2015.06.10;12:00:00;0.76006;0.75673;0.75899;0.75706;33950
2015.06.10;16:00:00;0.75963;0.75552;0.75806;0.75901;39786
2015.06.10;20:00:00;0.75984;0.75722;0.75961;0.75806;13254
2015.06.11;00:00:00;0.75979;0.75753;0.75909;0.75961;5359
2015.06.11;04:00:00;0.76011;0.75882;0.75958;0.7591;9065
2015.06.11;08:00:00;0.76132;0.75696;0.76002;0.75959;26145
2015.06.11;12:00:00;0.76184;0.75872;0.75995;0.76002;32396
2015.06.11;16:00:00;0.76221;0.75923;0.75961;0.75994;34197
2015.06.11;20:00:00;0.76103;0.75834;0.75834;0.75967;13035
2015.06.12;00:00:00;0.75956;0.75773;0.75915;0.75837;4570
2015.06.12;04:00:00;0.76006;0.75884;0.75999;0.75916;8493
2015.06.12;08:00:00;0.76171;0.7578;0.76;0.75996;23763
2015.06.12;12:00:00;0.76076;0.75504;0.75512;0.75999;29918
2015.06.12;16:00:00;0.75512;0.75142;0.7524;0.75512;32194
2015.06.12;20:00:00;0.75482;0.7519;0.75351;0.7524;11920
2015.06.15;00:00:00;0.75686;0.75371;0.75566;0.75431;5073
2015.06.15;04:00:00;0.75706;0.75501;0.75522;0.75567;7880
2015.06.15;08:00:00;0.7568;0.75302;0.75384;0.75517;21113
2015.06.15;12:00:00;0.75944;0.7532;0.7581;0.75385;23583
2015.06.15;16:00:00;0.75994;0.75769;0.75845;0.75811;24052
2015.06.15;20:00:00;0.75936;0.75285;0.75356;0.75845;13762
2015.06.16;00:00:00;0.75557;0.75332;0.75507;0.7536;4207
2015.06.16;04:00:00;0.7557;0.75443;0.75487;0.75507;6786
2015.06.16;08:00:00;0.75516;0.75239;0.75459;0.75488;18965
2015.06.16;12:00:00;0.75619;0.75375;0.75553;0.75463;19566
2015.06.16;16:00:00;0.75699;0.75458;0.75588;0.75554;19019
2015.06.16;20:00:00;0.75849;0.75569;0.75766;0.7559;9124
2015.06.17;00:00:00;0.75847;0.75748;0.75767;0.75766;3344
2015.06.17;04:00:00;0.75771;0.75654;0.75692;0.75766;5042
2015.06.17;08:00:00;0.75732;0.74894;0.75081;0.75694;19240
2015.06.17;12:00:00;0.75426;0.75076;0.75247;0.75087;20696
2015.06.17;16:00:00;0.75566;0.75155;0.75196;0.75248;22841
2015.06.17;20:00:00;0.75387;0.74991;0.75336;0.75195;28095
2015.06.18;00:00:00;0.7538;0.75184;0.75201;0.75341;6547
2015.06.18;04:00:00;0.75267;0.75196;0.75233;0.752;8743
2015.06.18;08:00:00;0.75524;0.75175;0.7536;0.75232;25268
2015.06.18;12:00:00;0.7558;0.75247;0.75462;0.7536;26850
2015.06.18;16:00:00;0.75583;0.75182;0.75475;0.75465;31463
2015.06.18;20:00:00;0.75487;0.75271;0.75324;0.75477;13783
2015.06.19;00:00:00;0.75361;0.75233;0.75321;0.75308;4235
2015.06.19;04:00:00;0.75356;0.75292;0.75329;0.75322;6787
2015.06.19;08:00:00;0.75593;0.75313;0.75497;0.7533;21150
2015.06.19;12:00:00;0.75555;0.75116;0.75137;0.75498;20892
2015.06.19;16:00:00;0.75325;0.74833;0.74935;0.7514;21145
2015.06.19;20:00:00;0.74989;0.74665;0.74758;0.74939;11325
2015.06.22;00:00:00;0.74797;0.74648;0.74749;0.74679;4306
2015.06.22;04:00:00;0.74849;0.74698;0.74789;0.74748;6332
2015.06.22;08:00:00;0.75146;0.74768;0.75014;0.74788;18511
2015.06.22;12:00:00;0.75399;0.74925;0.7502;0.75016;21885
2015.06.22;16:00:00;0.7525;0.74566;0.7473;0.75019;29698
2015.06.22;20:00:00;0.74847;0.74694;0.74826;0.74734;11060
2015.06.23;00:00:00;0.74838;0.74719;0.74806;0.74831;3659
2015.06.23;04:00:00;0.75208;0.7479;0.75136;0.74805;10274
2015.06.23;08:00:00;0.7536;0.75076;0.75274;0.75135;21193
2015.06.23;12:00:00;0.7597;0.752;0.75918;0.75275;23944
2015.06.23;16:00:00;0.7599;0.75621;0.75772;0.75919;28119
2015.06.23;20:00:00;0.75807;0.75605;0.75691;0.75772;11543
2015.06.24;00:00:00;0.75766;0.75691;0.75757;0.75694;4123
2015.06.24;04:00:00;0.75777;0.75641;0.75679;0.75756;5875
2015.06.24;08:00:00;0.75711;0.75422;0.75701;0.7568;21637
2015.06.24;12:00:00;0.75859;0.75595;0.7567;0.757;25614
2015.06.24;16:00:00;0.75698;0.75286;0.75475;0.7567;27871
2015.06.24;20:00:00;0.75566;0.75261;0.75341;0.75474;11630
2015.06.25;00:00:00;0.75386;0.75306;0.75354;0.75336;3644
2015.06.25;04:00:00;0.75456;0.75346;0.75401;0.75353;6154
2015.06.25;08:00:00;0.75643;0.75245;0.75626;0.75401;17530
2015.06.25;12:00:00;0.76015;0.75625;0.7578;0.75625;25034
2015.06.25;16:00:00;0.76036;0.75633;0.75798;0.75781;20058
2015.06.25;20:00:00;0.76038;0.75777;0.75932;0.75799;9233
2015.06.26;00:00:00;0.75951;0.75842;0.75855;0.75936;4560
2015.06.26;04:00:00;0.75882;0.75788;0.75832;0.75855;6826
2015.06.26;08:00:00;0.7593;0.75405;0.75502;0.75831;14501
2015.06.26;12:00:00;0.7558;0.75362;0.75552;0.75502;18430
2015.06.26;16:00:00;0.75834;0.75342;0.75737;0.75551;24953
2015.06.26;20:00:00;0.76;0.75626;0.75631;0.75737;10925
2015.06.29;00:00:00;0.76266;0.75819;0.7594;0.75966;10180
2015.06.29;04:00:00;0.76124;0.75924;0.76077;0.75938;5666
2015.06.29;08:00:00;0.76475;0.75815;0.75972;0.76078;30534
2015.06.29;12:00:00;0.76017;0.75298;0.75424;0.75973;27642
2015.06.29;16:00:00;0.75465;0.74666;0.74726;0.75423;30934
2015.06.29;20:00:00;0.74909;0.74512;0.74516;0.74727;15908
2015.06.30;00:00:00;0.74623;0.74496;0.74574;0.74512;4444
2015.06.30;04:00:00;0.75051;0.74571;0.75036;0.74574;8184
2015.06.30;08:00:00;0.75251;0.74941;0.7511;0.75033;23283
2015.06.30;12:00:00;0.75291;0.7479;0.74869;0.75107;28964
2015.06.30;16:00:00;0.75159;0.74533;0.74891;0.74867;32880
2015.06.30;20:00:00;0.74951;0.7475;0.74816;0.74888;11667
2015.07.01;00:00:00;0.74979;0.74776;0.74805;0.74824;5892
2015.07.01;04:00:00;0.74887;0.74789;0.74844;0.74805;5744
2015.07.01;08:00:00;0.75326;0.74799;0.75028;0.74843;19384
2015.07.01;12:00:00;0.75329;0.74914;0.75071;0.75023;23809
2015.07.01;16:00:00;0.75324;0.74989;0.75283;0.75071;24722
2015.07.01;20:00:00;0.75383;0.75208;0.75261;0.75284;12223
2015.07.02;00:00:00;0.75353;0.75191;0.75282;0.75261;3672
2015.07.02;04:00:00;0.75293;0.75131;0.75134;0.75282;6136
2015.07.02;08:00:00;0.75268;0.75002;0.75012;0.75135;35147
2015.07.02;12:00:00;0.75352;0.74756;0.75011;0.75009;49146
2015.07.02;16:00:00;0.75269;0.74883;0.75267;0.75016;46560
2015.07.02;20:00:00;0.75265;0.7509;0.75171;0.75265;9990
2015.07.03;00:00:00;0.75209;0.75124;0.75169;0.75186;3753
2015.07.03;04:00:00;0.75178;0.7503;0.75054;0.75169;5660
2015.07.03;08:00:00;0.75092;0.74856;0.74981;0.75054;35879
2015.07.03;12:00:00;0.75047;0.74839;0.74861;0.74962;44519
2015.07.03;16:00:00;0.74961;0.74647;0.74924;0.74861;35340
2015.07.03;20:00:00;0.75021;0.74478;0.74478;0.74921;9285
2015.07.06;00:00:00;0.74958;0.74618;0.74815;0.74721;9490
2015.07.06;04:00:00;0.74931;0.74725;0.74835;0.74816;9262
2015.07.06;08:00:00;0.75022;0.74664;0.74968;0.74839;41692
2015.07.06;12:00:00;0.75034;0.7472;0.74839;0.74966;50860
2015.07.06;16:00:00;0.74874;0.74512;0.7459;0.74836;49249
2015.07.06;20:00:00;0.74593;0.74355;0.74431;0.74593;11519
2015.07.07;00:00:00;0.74527;0.7442;0.7448;0.74436;3079
2015.07.07;04:00:00;0.74564;0.74428;0.74539;0.74481;5896
2015.07.07;08:00:00;0.74648;0.74376;0.7461;0.74538;37615
2015.07.07;12:00:00;0.74669;0.7442;0.7463;0.74611;53935
2015.07.07;16:00:00;0.74663;0.74211;0.74431;0.7463;56031
2015.07.07;20:00:00;0.74516;0.74261;0.74441;0.74431;18498
2015.07.08;00:00:00;0.745;0.74343;0.7436;0.74365;5233
2015.07.08;04:00:00;0.74376;0.74247;0.74286;0.74362;8544
2015.07.08;08:00:00;0.74316;0.73931;0.74043;0.74286;32669
2015.07.08;12:00:00;0.7479;0.73946;0.74406;0.74043;49703
2015.07.08;16:00:00;0.74685;0.74246;0.74294;0.74405;56574
2015.07.08;20:00:00;0.74456;0.74116;0.74121;0.74294;16534
2015.07.09;00:00:00;0.74267;0.74074;0.7422;0.7408;6000
2015.07.09;04:00:00;0.74347;0.74214;0.74282;0.74222;8087
2015.07.09;08:00:00;0.7463;0.74192;0.74614;0.74285;35537
2015.07.09;12:00:00;0.75027;0.74543;0.74931;0.74612;53648
2015.07.09;16:00:00;0.74956;0.74341;0.74503;0.74928;52132
2015.07.09;20:00:00;0.74669;0.74417;0.74526;0.74505;13670
2015.07.10;00:00:00;0.74675;0.74494;0.74504;0.74532;6002
2015.07.10;04:00:00;0.74608;0.74445;0.74587;0.74503;7015
2015.07.10;08:00:00;0.74635;0.73751;0.73949;0.74587;36249
2015.07.10;12:00:00;0.73988;0.73497;0.73755;0.73949;52599
2015.07.10;16:00:00;0.74077;0.73466;0.7402;0.73753;50734
2015.07.10;20:00:00;0.74179;0.73781;0.73966;0.74018;12638
2015.07.13;00:00:00;0.74113;0.73851;0.73961;0.74064;3443
2015.07.13;04:00:00;0.74125;0.73901;0.74024;0.7396;6101
2015.07.13;08:00:00;0.74508;0.73781;0.7439;0.74024;29596
2015.07.13;12:00:00;0.74559;0.74314;0.74417;0.74393;38594
2015.07.13;16:00:00;0.74478;0.74207;0.74396;0.74417;33909
2015.07.13;20:00:00;0.74593;0.74342;0.74519;0.74396;11027
2015.07.14;00:00:00;0.7467;0.74498;0.74618;0.74519;5299
2015.07.14;04:00:00;0.74633;0.74522;0.74545;0.74616;6469
2015.07.14;08:00:00;0.74683;0.73698;0.73738;0.74545;35427
2015.07.14;12:00:00;0.74052;0.73717;0.73892;0.73734;52588
2015.07.14;16:00:00;0.7442;0.73811;0.74175;0.73894;44905
2015.07.14;20:00:00;0.74226;0.74071;0.74201;0.74176;9795
2015.07.15;00:00:00;0.74268;0.74141;0.74224;0.74213;3858
2015.07.15;04:00:00;0.74291;0.74195;0.74209;0.74223;6638
2015.07.15;08:00:00;0.74276;0.74044;0.74149;0.74209;31352
2015.07.15;12:00:00;0.74491;0.74125;0.74292;0.74149;42268
2015.07.15;16:00:00;0.74482;0.73499;0.73553;0.74291;53525
2015.07.15;20:00:00;0.73724;0.73518;0.73661;0.73552;13420
2015.07.16;00:00:00;0.7371;0.73618;0.73631;0.73666;4769
2015.07.16;04:00:00;0.73748;0.7361;0.73721;0.73631;8270
2015.07.16;08:00:00;0.73942;0.73696;0.73843;0.73721;31978
2015.07.16;12:00:00;0.74106;0.73789;0.74083;0.73844;42546
2015.07.16;16:00:00;0.74101;0.73785;0.73958;0.74081;41684
2015.07.16;20:00:00;0.73986;0.73789;0.73871;0.73958;10164
2015.07.17;00:00:00;0.73891;0.73771;0.73777;0.73871;3895
2015.07.17;04:00:00;0.73828;0.73742;0.73816;0.73781;5913
2015.07.17;08:00:00;0.73905;0.73686;0.73749;0.73816;32027
2015.07.17;12:00:00;0.73978;0.73716;0.73885;0.73749;46009
2015.07.17;16:00:00;0.74031;0.73836;0.739;0.73886;42096
2015.07.17;20:00:00;0.74106;0.7388;0.74096;0.73899;7893
2015.07.20;00:00:00;0.74098;0.73981;0.74032;0.73984;3919
2015.07.20;04:00:00;0.74152;0.74005;0.74131;0.74032;9853
2015.07.20;08:00:00;0.74276;0.74049;0.74116;0.74131;32059
2015.07.20;12:00:00;0.74216;0.73981;0.74112;0.74117;48237
2015.07.20;16:00:00;0.74221;0.73971;0.7414;0.74111;40213
2015.07.20;20:00:00;0.74208;0.74103;0.74191;0.74141;10357
2015.07.21;00:00:00;0.74206;0.74085;0.74121;0.74191;3129
2015.07.21;04:00:00;0.74203;0.74105;0.74165;0.74121;12316
2015.07.21;08:00:00;0.74187;0.73947;0.73965;0.74166;37006
2015.07.21;12:00:00;0.74083;0.73857;0.73959;0.73966;63479
2015.07.21;16:00:00;0.74078;0.73791;0.73963;0.73958;62351
2015.07.21;20:00:00;0.74048;0.73855;0.7397;0.73964;16163
2015.07.22;00:00:00;0.74026;0.73871;0.73966;0.73951;3947
2015.07.22;04:00:00;0.73971;0.73867;0.73905;0.73966;8390
2015.07.22;08:00:00;0.73934;0.73693;0.73841;0.73905;42508
2015.07.22;12:00:00;0.74026;0.73733;0.73802;0.73842;57325
2015.07.22;16:00:00;0.73888;0.73604;0.73811;0.73804;54015
2015.07.22;20:00:00;0.73816;0.73592;0.73611;0.73811;9517
2015.07.23;00:00:00;0.73661;0.73543;0.73578;0.73556;4286
2015.07.23;04:00:00;0.736;0.73503;0.73549;0.73578;6083
2015.07.23;08:00:00;0.73633;0.73251;0.73549;0.73549;42674
2015.07.23;12:00:00;0.73734;0.73475;0.73623;0.7355;55063
2015.07.23;16:00:00;0.73906;0.7337;0.73415;0.73621;55078
2015.07.23;20:00:00;0.73622;0.73389;0.7353;0.73417;11940
2015.07.24;00:00:00;0.73691;0.73476;0.73631;0.73496;3711
2015.07.24;04:00:00;0.73767;0.73581;0.73723;0.73631;6960
2015.07.24;08:00:00;0.7387;0.73539;0.73819;0.73722;37645
2015.07.24;12:00:00;0.73824;0.7335;0.7347;0.7382;56882
2015.07.24;16:00:00;0.73665;0.73327;0.73506;0.73471;52041
2015.07.24;20:00:00;0.73815;0.7346;0.73766;0.73501;11827
2015.07.27;00:00:00;0.73806;0.73619;0.73698;0.73721;3481
2015.07.27;04:00:00;0.73781;0.73653;0.7367;0.73698;6464
2015.07.27;08:00:00;0.73727;0.73266;0.73584;0.73671;43808
2015.07.27;12:00:00;0.73648;0.73355;0.73445;0.73583;59287
2015.07.27;16:00:00;0.73901;0.73346;0.73666;0.73442;57313
2015.07.27;20:00:00;0.73939;0.73657;0.73775;0.73668;10058
2015.07.28;00:00:00;0.73828;0.73649;0.73711;0.73711;3489
2015.07.28;04:00:00;0.73924;0.73688;0.73892;0.73713;6252
2015.07.28;08:00:00;0.74095;0.7387;0.7409;0.73893;42530
2015.07.28;12:00:00;0.74332;0.73954;0.74307;0.74093;58893
2015.07.28;16:00:00;0.74526;0.7409;0.74471;0.74306;54623
2015.07.28;20:00:00;0.74529;0.74374;0.7444;0.74473;12410
2015.07.29;00:00:00;0.74453;0.74291;0.74296;0.74434;5922
2015.07.29;04:00:00;0.74353;0.74239;0.74332;0.74295;6170
2015.07.29;08:00:00;0.74511;0.74231;0.74294;0.74332;41856
2015.07.29;12:00:00;0.74404;0.74168;0.7418;0.74294;58671
2015.07.29;16:00:00;0.74756;0.74151;0.74613;0.7418;53651
2015.07.29;20:00:00;0.74816;0.74499;0.74698;0.74614;24902
2015.07.30;00:00:00;0.74746;0.74638;0.74721;0.74691;3904
2015.07.30;04:00:00;0.74787;0.74711;0.74726;0.74721;5059
2015.07.30;08:00:00;0.74806;0.74591;0.74773;0.74726;38473
2015.07.30;12:00:00;0.74897;0.74515;0.74685;0.74773;51025
2015.07.30;16:00:00;0.74729;0.74306;0.74604;0.74682;54088
2015.07.30;20:00:00;0.74665;0.74438;0.74507;0.74603;14087
2015.07.31;00:00:00;0.74533;0.74379;0.74433;0.74521;4588
2015.07.31;04:00:00;0.74459;0.74337;0.7435;0.74432;6217
2015.07.31;08:00:00;0.74421;0.7383;0.73905;0.7435;45672
2015.07.31;12:00:00;0.73971;0.73208;0.73615;0.7391;65893
2015.07.31;16:00:00;0.74073;0.73358;0.7404;0.73614;67992
2015.07.31;20:00:00;0.74041;0.73673;0.73715;0.74039;18006
2015.08.03;00:00:00;0.739;0.73607;0.73612;0.73682;5944
2015.08.03;04:00:00;0.73647;0.73512;0.73562;0.73612;6910
2015.08.03;08:00:00;0.73655;0.73407;0.73506;0.73567;41317
2015.08.03;12:00:00;0.73651;0.73372;0.73517;0.73506;61849
2015.08.03;16:00:00;0.73778;0.73507;0.73543;0.73516;58582
2015.08.03;20:00:00;0.73762;0.73532;0.73632;0.73543;11950
2015.08.04;00:00:00;0.73686;0.73558;0.73637;0.73632;5181
2015.08.04;04:00:00;0.73669;0.73551;0.73639;0.73637;6914
2015.08.04;08:00:00;0.73841;0.73616;0.73749;0.73641;43592
2015.08.04;12:00:00;0.73888;0.73598;0.73854;0.73749;59705
2015.08.04;16:00:00;0.7421;0.73814;0.74052;0.7386;57303
2015.08.04;20:00:00;0.74251;0.73937;0.74117;0.74052;23021
2015.08.05;00:00:00;0.74162;0.74082;0.74102;0.74117;5985
2015.08.05;04:00:00;0.74183;0.7405;0.74069;0.74104;9416
2015.08.05;08:00:00;0.74302;0.74021;0.74295;0.74071;42458
2015.08.05;12:00:00;0.74601;0.74061;0.74554;0.74295;65436
2015.08.05;16:00:00;0.74608;0.74325;0.74388;0.74554;44731
2015.08.05;20:00:00;0.74416;0.74201;0.74257;0.74388;15987
2015.08.06;00:00:00;0.74348;0.74184;0.74346;0.74257;4880
2015.08.06;04:00:00;0.74358;0.74265;0.74315;0.74346;7654
2015.08.06;08:00:00;0.74708;0.74221;0.74642;0.74314;35497
2015.08.06;12:00:00;0.74748;0.74504;0.74671;0.74641;61565
2015.08.06;16:00:00;0.74683;0.7444;0.7462;0.74669;52859
2015.08.06;20:00:00;0.74829;0.74614;0.74772;0.74621;14679
2015.08.07;00:00:00;0.74838;0.74711;0.7472;0.74767;4540
2015.08.07;04:00:00;0.74803;0.74691;0.74737;0.74719;6796
2015.08.07;08:00:00;0.74921;0.74734;0.74917;0.74736;36473
2015.08.07;12:00:00;0.75127;0.74761;0.74947;0.74916;54872
2015.08.07;16:00:00;0.75275;0.74728;0.74738;0.74947;58336
2015.08.07;20:00:00;0.74963;0.74702;0.74872;0.74737;11285
2015.08.10;00:00:00;0.74888;0.74752;0.74797;0.74802;4445
2015.08.10;04:00:00;0.7483;0.74754;0.74762;0.74797;6226
2015.08.10;08:00:00;0.74861;0.74489;0.74517;0.74759;37471
2015.08.10;12:00:00;0.75141;0.74515;0.75072;0.74518;51723
2015.08.10;16:00:00;0.75585;0.75047;0.75478;0.75069;54040
2015.08.10;20:00:00;0.75651;0.7536;0.75622;0.75479;14349
2015.08.11;00:00:00;0.75636;0.75513;0.75513;0.75617;5053
2015.08.11;04:00:00;0.75533;0.75138;0.75285;0.75512;18432
2015.08.11;08:00:00;0.75494;0.75146;0.75402;0.75283;45594
2015.08.11;12:00:00;0.75485;0.74977;0.74998;0.75404;54731
2015.08.11;16:00:00;0.75375;0.74827;0.75304;0.74998;53505
2015.08.11;20:00:00;0.75428;0.75161;0.75312;0.75303;15715
2015.08.12;00:00:00;0.75452;0.75292;0.75451;0.75307;6535
2015.08.12;04:00:00;0.75462;0.74912;0.7497;0.7545;13654
2015.08.12;08:00:00;0.75491;0.74804;0.74884;0.74971;50603
2015.08.12;12:00:00;0.75199;0.74606;0.74983;0.74882;58340
2015.08.12;16:00:00;0.75004;0.74586;0.74823;0.74982;57846
2015.08.12;20:00:00;0.75123;0.74687;0.75117;0.74824;15770
2015.08.13;00:00:00;0.75156;0.75006;0.75067;0.75122;5943
2015.08.13;04:00:00;0.75312;0.74925;0.75236;0.75067;8925
2015.08.13;08:00:00;0.75346;0.75123;0.75178;0.75238;43548
2015.08.13;12:00:00;0.75315;0.74799;0.74878;0.75179;54863
2015.08.13;16:00:00;0.74926;0.7455;0.74755;0.74877;54389
2015.08.13;20:00:00;0.74802;0.74628;0.74717;0.74754;15565
2015.08.14;00:00:00;0.74735;0.74599;0.74639;0.74722;6326
2015.08.14;04:00:00;0.74771;0.74602;0.74618;0.7464;9731
2015.08.14;08:00:00;0.74815;0.74597;0.74634;0.74619;41765
2015.08.14;12:00:00;0.74728;0.74397;0.74459;0.74631;48755
2015.08.14;16:00:00;0.74885;0.74458;0.74741;0.74458;48979
2015.08.14;20:00:00;0.748;0.7446;0.74488;0.74743;8996
2015.08.17;00:00:00;0.74622;0.74496;0.74537;0.7451;5408
2015.08.17;04:00:00;0.74637;0.74517;0.74568;0.74538;8646
2015.08.17;08:00:00;0.74658;0.74259;0.74325;0.74567;37936
2015.08.17;12:00:00;0.74441;0.74242;0.7433;0.74327;50828
2015.08.17;16:00:00;0.747;0.74304;0.74625;0.74331;49372
2015.08.17;20:00:00;0.7482;0.74576;0.74782;0.74625;11706
2015.08.18;00:00:00;0.74825;0.74667;0.74696;0.74782;5555
2015.08.18;04:00:00;0.74769;0.74653;0.74702;0.74696;9870
2015.08.18;08:00:00;0.74727;0.74325;0.74363;0.74703;39713
2015.08.18;12:00:00;0.74728;0.74354;0.7468;0.74362;47404
2015.08.18;16:00:00;0.74812;0.74602;0.74712;0.7468;42420
2015.08.18;20:00:00;0.74925;0.74608;0.74797;0.74712;12503
2015.08.19;00:00:00;0.74868;0.74746;0.74839;0.74787;4548
2015.08.19;04:00:00;0.74892;0.74771;0.748;0.74841;8837
2015.08.19;08:00:00;0.74852;0.74632;0.74652;0.748;36281
2015.08.19;12:00:00;0.74729;0.7431;0.74384;0.7465;49742
2015.08.19;16:00:00;0.74406;0.73534;0.73607;0.74384;48623
2015.08.19;20:00:00;0.74016;0.73507;0.73517;0.73605;25007
2015.08.20;00:00:00;0.73628;0.73383;0.736;0.73522;7961
2015.08.20;04:00:00;0.73706;0.73587;0.73691;0.73599;10506
2015.08.20;08:00:00;0.73742;0.73034;0.7307;0.73691;39900
2015.08.20;12:00:00;0.73837;0.73036;0.73674;0.73069;43563
2015.08.20;16:00:00;0.73724;0.73257;0.7346;0.73669;54049
2015.08.20;20:00:00;0.73543;0.73197;0.73197;0.73458;18596
2015.08.21;00:00:00;0.73338;0.73177;0.73329;0.73187;7857
2015.08.21;04:00:00;0.73338;0.72952;0.73003;0.73328;13184
2015.08.21;08:00:00;0.73233;0.72897;0.73115;0.73003;40360
2015.08.21;12:00:00;0.73201;0.72718;0.72908;0.73117;51720
2015.08.21;16:00:00;0.73011;0.71875;0.71969;0.72912;64011
2015.08.21;20:00:00;0.72191;0.71732;0.71743;0.71963;18599
2015.08.24;00:00:00;0.71883;0.71398;0.71562;0.71752;11322
2015.08.24;04:00:00;0.71575;0.707;0.71149;0.71561;21451
2015.08.24;08:00:00;0.71508;0.71053;0.71288;0.71148;45866
2015.08.24;12:00:00;0.71338;0.70407;0.70536;0.71289;63675
2015.08.24;16:00:00;0.71096;0.69681;0.71089;0.70538;67400
2015.08.24;20:00:00;0.71138;0.69968;0.69971;0.71087;28800
2015.08.25;00:00:00;0.70341;0.69962;0.7028;0.69972;10191
2015.08.25;04:00:00;0.70679;0.70249;0.70484;0.70282;14962
2015.08.25;08:00:00;0.71331;0.7014;0.71017;0.70484;43354
2015.08.25;12:00:00;0.71691;0.70961;0.7127;0.71017;53178
2015.08.25;16:00:00;0.71654;0.71029;0.71107;0.7127;62760
2015.08.25;20:00:00;0.71135;0.70295;0.70377;0.71106;22629
2015.08.26;00:00:00;0.70617;0.70292;0.70454;0.70382;9746
2015.08.26;04:00:00;0.70912;0.70372;0.70888;0.70455;15008
2015.08.26;08:00:00;0.7106;0.70674;0.7095;0.70886;49597
2015.08.26;12:00:00;0.71498;0.70791;0.71216;0.70951;55614
2015.08.26;16:00:00;0.71347;0.70807;0.71197;0.71217;58325
2015.08.26;20:00:00;0.71806;0.71055;0.71776;0.71199;21280
2015.08.27;00:00:00;0.71799;0.71507;0.71556;0.71767;7715
2015.08.27;04:00:00;0.71842;0.71547;0.71646;0.71558;6814
2015.08.27;08:00:00;0.72183;0.71582;0.7212;0.71646;40468
2015.08.27;12:00:00;0.72402;0.72007;0.72363;0.72119;50791
2015.08.27;16:00:00;0.73321;0.7209;0.73047;0.72362;59127
2015.08.27;20:00:00;0.73227;0.72714;0.7316;0.73047;19873
2015.08.28;00:00:00;0.73282;0.73057;0.73262;0.7316;5208
2015.08.28;04:00:00;0.73327;0.73106;0.73161;0.73263;7002
2015.08.28;08:00:00;0.73165;0.72539;0.72669;0.73158;45023
2015.08.28;12:00:00;0.72849;0.72042;0.72287;0.72669;66250
2015.08.28;16:00:00;0.72929;0.72215;0.72798;0.72286;63610
2015.08.28;20:00:00;0.72912;0.72425;0.72892;0.72799;18878
2015.08.31;00:00:00;0.72892;0.72473;0.72494;0.7268;5652
2015.08.31;04:00:00;0.72653;0.72372;0.72492;0.72492;9074
2015.08.31;08:00:00;0.7267;0.72417;0.72661;0.72492;21111
2015.08.31;12:00:00;0.72889;0.72519;0.72527;0.72663;29978
2015.08.31;16:00:00;0.73269;0.72412;0.73167;0.72527;30595
2015.08.31;20:00:00;0.73707;0.73152;0.73582;0.73166;16302
2015.09.01;00:00:00;0.73602;0.73232;0.73279;0.73587;4699
2015.09.01;04:00:00;0.73374;0.73102;0.73147;0.73279;10160
2015.09.01;08:00:00;0.73173;0.7241;0.72793;0.73152;48024
2015.09.01;12:00:00;0.7341;0.72716;0.73011;0.72793;68342
2015.09.01;16:00:00;0.73456;0.72737;0.73028;0.73015;61543
2015.09.01;20:00:00;0.7309;0.72272;0.72277;0.73028;26484
2015.09.02;00:00:00;0.72673;0.72235;0.72652;0.72272;8625
2015.09.02;04:00:00;0.72777;0.72476;0.72702;0.72649;11822
2015.09.02;08:00:00;0.72987;0.72504;0.72707;0.72703;45887
2015.09.02;12:00:00;0.73197;0.7258;0.73187;0.72707;59645
2015.09.02;16:00:00;0.73323;0.72702;0.73029;0.73188;63078
2015.09.02;20:00:00;0.73142;0.72836;0.73002;0.73029;20934
2015.09.03;00:00:00;0.73132;0.72998;0.73057;0.73;5120
2015.09.03;04:00:00;0.73111;0.72974;0.73067;0.73057;8469
2015.09.03;08:00:00;0.73184;0.72947;0.73045;0.73067;43551
2015.09.03;12:00:00;0.73529;0.72932;0.73493;0.73045;61560
2015.09.03;16:00:00;0.74228;0.73392;0.73887;0.73491;58110
2015.09.03;20:00:00;0.73983;0.7364;0.73827;0.73887;20281
2015.09.04;00:00:00;0.73852;0.73678;0.73692;0.73832;6173
2015.09.04;04:00:00;0.73774;0.73347;0.73492;0.73692;13967
2015.09.04;08:00:00;0.73811;0.73447;0.73649;0.7349;47468
2015.09.04;12:00:00;0.74051;0.73164;0.73755;0.73649;38408
2015.09.04;16:00:00;0.73881;0.73288;0.73369;0.73757;52330
2015.09.04;20:00:00;0.73507;0.73149;0.73149;0.73369;13139
2015.09.07;00:00:00;0.733;0.73081;0.73127;0.73193;7495
2015.09.07;04:00:00;0.73343;0.73109;0.73322;0.73128;8423
2015.09.07;08:00:00;0.73457;0.73272;0.73338;0.73322;47814
2015.09.07;12:00:00;0.7351;0.7313;0.73419;0.73337;59919
2015.09.07;16:00:00;0.73513;0.73217;0.73295;0.73422;13997
2015.09.07;20:00:00;0.73303;0.73217;0.73237;0.73297;3420
2015.09.08;00:00:00;0.73397;0.73151;0.73267;0.73237;4192
2015.09.08;04:00:00;0.73281;0.72927;0.73034;0.73269;8582
2015.09.08;08:00:00;0.73553;0.73004;0.73508;0.73037;19061
2015.09.08;12:00:00;0.74015;0.73502;0.73904;0.73503;23264
2015.09.08;16:00:00;0.74248;0.73692;0.74082;0.73903;28567
2015.09.08;20:00:00;0.74367;0.74008;0.74097;0.74084;8752
2015.09.09;00:00:00;0.74246;0.73993;0.74228;0.74107;6646
2015.09.09;04:00:00;0.74357;0.7421;0.74232;0.74228;8191
2015.09.09;08:00:00;0.74465;0.73466;0.73591;0.74231;23276
2015.09.09;12:00:00;0.73973;0.73568;0.73939;0.73587;22204
2015.09.09;16:00:00;0.74414;0.73756;0.73857;0.73939;29706
2015.09.09;20:00:00;0.74;0.73459;0.73532;0.73856;16041
2015.09.10;00:00:00;0.73617;0.73253;0.73311;0.73527;7831
2015.09.10;04:00:00;0.73857;0.73297;0.73782;0.73311;10101
2015.09.10;08:00:00;0.74106;0.73592;0.73871;0.73783;24685
2015.09.10;12:00:00;0.74053;0.73394;0.73515;0.73871;26815
2015.09.10;16:00:00;0.73878;0.73168;0.73572;0.73516;35999
2015.09.10;20:00:00;0.73661;0.73393;0.73407;0.73572;17578
2015.09.11;00:00:00;0.73579;0.73388;0.73508;0.73412;8369
2015.09.11;04:00:00;0.73667;0.73507;0.73618;0.73507;7222
2015.09.11;08:00:00;0.73618;0.73131;0.73388;0.73617;18015
2015.09.11;12:00:00;0.7398;0.73352;0.73771;0.73389;21806
2015.09.11;16:00:00;0.73772;0.73195;0.7348;0.7377;30538
2015.09.11;20:00:00;0.73495;0.72985;0.73037;0.73478;14376
2015.09.14;00:00:00;0.7319;0.73002;0.7315;0.73045;4964
2015.09.14;04:00:00;0.73226;0.73045;0.73071;0.73149;6213
2015.09.14;08:00:00;0.73349;0.7302;0.73245;0.73072;17251
2015.09.14;12:00:00;0.73337;0.73137;0.7329;0.73244;16702
2015.09.14;16:00:00;0.73398;0.72864;0.72871;0.73289;22834
2015.09.14;20:00:00;0.73053;0.72835;0.72962;0.72871;10141
2015.09.15;00:00:00;0.73118;0.72957;0.73039;0.72962;4478
2015.09.15;04:00:00;0.73046;0.72897;0.72966;0.73039;6983
2015.09.15;08:00:00;0.73282;0.72928;0.73184;0.72966;18747
2015.09.15;12:00:00;0.73271;0.73033;0.73195;0.73182;17192
2015.09.15;16:00:00;0.73553;0.73096;0.73433;0.73197;23928
2015.09.15;20:00:00;0.73662;0.73427;0.73487;0.73433;11244
2015.09.16;00:00:00;0.73608;0.73422;0.736;0.73492;4770
2015.09.16;04:00:00;0.736;0.73384;0.73433;0.736;6207
2015.09.16;08:00:00;0.73682;0.73399;0.73552;0.73434;16437
2015.09.16;12:00:00;0.73738;0.73286;0.73342;0.73552;19137
2015.09.16;16:00:00;0.73576;0.73147;0.73449;0.73343;28911
2015.09.16;20:00:00;0.73744;0.73416;0.73687;0.73448;12180
2015.09.17;00:00:00;0.7373;0.73608;0.7361;0.73697;4530
2015.09.17;04:00:00;0.7371;0.73497;0.73648;0.73609;5560
2015.09.17;08:00:00;0.73753;0.73251;0.73344;0.73649;15691
2015.09.17;12:00:00;0.73469;0.73225;0.73327;0.73345;14765
2015.09.17;16:00:00;0.73682;0.73325;0.7365;0.73326;22319
2015.09.17;20:00:00;0.73668;0.72745;0.72828;0.7365;36082
2015.09.18;00:00:00;0.73094;0.72744;0.72889;0.72837;7290
2015.09.18;04:00:00;0.72924;0.72814;0.72904;0.72891;6657
2015.09.18;08:00:00;0.73315;0.72886;0.73165;0.72904;22816
2015.09.18;12:00:00;0.73425;0.72922;0.73289;0.73164;30238
2015.09.18;16:00:00;0.7337;0.72991;0.73105;0.73288;35202
2015.09.18;20:00:00;0.73365;0.7305;0.73187;0.73106;18410
2015.09.21;00:00:00;0.73342;0.73083;0.73239;0.73083;6708
2015.09.21;04:00:00;0.73302;0.73206;0.73232;0.73237;9678
2015.09.21;08:00:00;0.7344;0.72965;0.73149;0.73232;15357
2015.09.21;12:00:00;0.7359;0.73111;0.7342;0.73148;17572
2015.09.21;16:00:00;0.73554;0.73047;0.73062;0.73419;30079
2015.09.21;20:00:00;0.73398;0.73018;0.73287;0.7306;16558
2015.09.22;00:00:00;0.73387;0.73266;0.73368;0.73282;3082
2015.09.22;04:00:00;0.73412;0.73327;0.73384;0.73368;4129
2015.09.22;08:00:00;0.73645;0.73247;0.73342;0.73387;19731
2015.09.22;12:00:00;0.73562;0.73173;0.7331;0.73342;23634
2015.09.22;16:00:00;0.73402;0.73124;0.73305;0.7331;27938
2015.09.22;20:00:00;0.73562;0.73284;0.73452;0.73306;13972
2015.09.23;00:00:00;0.73513;0.7338;0.73502;0.73457;3853
2015.09.23;04:00:00;0.73527;0.73256;0.73281;0.73501;5936
2015.09.23;08:00:00;0.73768;0.73281;0.73765;0.73281;17889
2015.09.23;12:00:00;0.73776;0.73378;0.73413;0.73766;22741
2015.09.23;16:00:00;0.73752;0.73224;0.7325;0.73415;35270
2015.09.23;20:00:00;0.73536;0.73193;0.73475;0.73254;14847
2015.09.24;00:00:00;0.73522;0.73412;0.73445;0.73471;5030
2015.09.24;04:00:00;0.73628;0.73432;0.7346;0.73445;7639
2015.09.24;08:00:00;0.73518;0.73115;0.73218;0.73462;19802
2015.09.24;12:00:00;0.7324;0.72429;0.72445;0.73216;25203
2015.09.24;16:00:00;0.7303;0.72367;0.72862;0.72444;33695
2015.09.24;20:00:00;0.73376;0.72807;0.73253;0.72863;17964
2015.09.25;00:00:00;0.73447;0.73091;0.73312;0.73238;8088
2015.09.25;04:00:00;0.73471;0.73254;0.73469;0.73312;6145
2015.09.25;08:00:00;0.73828;0.73358;0.73652;0.73469;20375
2015.09.25;12:00:00;0.73681;0.73123;0.73447;0.73653;24456
2015.09.25;16:00:00;0.7351;0.73098;0.73411;0.73446;31206
2015.09.25;20:00:00;0.73599;0.73336;0.73398;0.73411;10628
2015.09.28;00:00:00;0.73492;0.73196;0.73424;0.73204;4332
2015.09.28;04:00:00;0.73527;0.73364;0.73526;0.73424;4622
2015.09.28;08:00:00;0.73672;0.73302;0.73438;0.73527;17450
2015.09.28;12:00:00;0.73471;0.73222;0.73412;0.73439;18754
2015.09.28;16:00:00;0.73449;0.72748;0.72865;0.73413;30146
2015.09.28;20:00:00;0.72915;0.72637;0.72647;0.72865;13592
2015.09.29;00:00:00;0.72755;0.72577;0.72611;0.72642;4320
2015.09.29;04:00:00;0.72616;0.72469;0.72469;0.72607;5854
2015.09.29;08:00:00;0.72594;0.72152;0.72415;0.72467;23332
2015.09.29;12:00:00;0.72724;0.72265;0.72608;0.72416;21876
2015.09.29;16:00:00;0.7269;0.72097;0.72135;0.72608;34484
2015.09.29;20:00:00;0.72464;0.72124;0.72357;0.72135;20643
2015.09.30;00:00:00;0.72372;0.72236;0.72309;0.72362;4272
2015.09.30;04:00:00;0.72407;0.72288;0.72397;0.72309;5812
2015.09.30;08:00:00;0.72681;0.72392;0.72613;0.72395;20270
2015.09.30;12:00:00;0.72787;0.72487;0.72691;0.72615;19222
2015.09.30;16:00:00;0.72965;0.7268;0.72742;0.72691;32085
2015.09.30;20:00:00;0.73158;0.72721;0.73072;0.72742;22860
2015.10.01;00:00:00;0.73164;0.7298;0.73127;0.73077;4407
2015.10.01;04:00:00;0.73426;0.73124;0.73392;0.73127;5941
2015.10.01;08:00:00;0.7362;0.73332;0.73568;0.73392;16044
2015.10.01;12:00:00;0.73777;0.73545;0.73658;0.73569;21456
2015.10.01;16:00:00;0.7393;0.73443;0.73605;0.73657;35579
2015.10.01;20:00:00;0.73749;0.73527;0.73612;0.73605;16974
2015.10.02;00:00:00;0.73815;0.73582;0.73762;0.73607;5107
2015.10.02;04:00:00;0.73867;0.7374;0.73852;0.73762;5458
2015.10.02;08:00:00;0.73966;0.73788;0.73854;0.73856;12647
2015.10.02;12:00:00;0.73987;0.73115;0.73194;0.73854;20689
2015.10.02;16:00:00;0.73526;0.72849;0.73458;0.73193;40296
2015.10.02;20:00:00;0.73859;0.73451;0.73822;0.73459;19026
2015.10.05;00:00:00;0.73862;0.73706;0.73797;0.73788;5957
2015.10.05;04:00:00;0.73959;0.73724;0.73847;0.73796;7588
2015.10.05;08:00:00;0.7411;0.738;0.74037;0.73845;31823
2015.10.05;12:00:00;0.74401;0.74016;0.74301;0.74037;46980
2015.10.05;16:00:00;0.7457;0.74251;0.74428;0.74301;50188
2015.10.05;20:00:00;0.7462;0.74408;0.74507;0.74428;22566
2015.10.06;00:00:00;0.74577;0.74468;0.74532;0.74522;4019
2015.10.06;04:00:00;0.74698;0.74507;0.74689;0.74533;6026
2015.10.06;08:00:00;0.7469;0.74286;0.74461;0.7469;27016
2015.10.06;12:00:00;0.74567;0.74058;0.7427;0.74459;37553
2015.10.06;16:00:00;0.74551;0.74047;0.7423;0.74271;50994
2015.10.06;20:00:00;0.74262;0.74058;0.74137;0.74231;22974
2015.10.07;00:00:00;0.74201;0.74054;0.74099;0.74137;4316
2015.10.07;04:00:00;0.74267;0.74096;0.74217;0.741;6731
2015.10.07;08:00:00;0.74468;0.74162;0.74308;0.74217;33560
2015.10.07;12:00:00;0.74418;0.74174;0.74263;0.74307;38559
2015.10.07;16:00:00;0.74979;0.74262;0.74562;0.74262;51625
2015.10.07;20:00:00;0.74628;0.74319;0.74527;0.74563;25012
2015.10.08;00:00:00;0.74544;0.74445;0.74512;0.74517;5054
2015.10.08;04:00:00;0.74538;0.74352;0.74392;0.74514;6327
2015.10.08;08:00:00;0.74448;0.73981;0.74128;0.74394;30345
2015.10.08;12:00:00;0.74566;0.74092;0.74323;0.74129;43108
2015.10.08;16:00:00;0.7444;0.74045;0.74223;0.74322;47295
2015.10.08;20:00:00;0.744;0.74072;0.74183;0.74222;28783
2015.10.09;00:00:00;0.74352;0.73875;0.74325;0.74133;6981
2015.10.09;04:00:00;0.74508;0.74321;0.74484;0.74325;6614
2015.10.09;08:00:00;0.74597;0.74105;0.74437;0.74483;33371
2015.10.09;12:00:00;0.74511;0.73929;0.73979;0.74432;46717
2015.10.09;16:00:00;0.74467;0.73974;0.74223;0.73978;49388
2015.10.09;20:00:00;0.74318;0.74115;0.74233;0.74222;17110
2015.10.12;00:00:00;0.7426;0.74062;0.74233;0.74089;8275
2015.10.12;04:00:00;0.74386;0.74233;0.74377;0.74233;7509
2015.10.12;08:00:00;0.74507;0.74318;0.7436;0.74378;22296
2015.10.12;12:00:00;0.74402;0.74203;0.74234;0.7436;30935
2015.10.12;16:00:00;0.7434;0.73959;0.74076;0.74233;38908
2015.10.12;20:00:00;0.74111;0.73921;0.74042;0.74077;16718
2015.10.13;00:00:00;0.74112;0.73948;0.73958;0.74047;4771
2015.10.13;04:00:00;0.74026;0.73741;0.73793;0.73957;6510
2015.10.13;08:00:00;0.73824;0.73442;0.73631;0.73792;26389
2015.10.13;12:00:00;0.73669;0.73219;0.73327;0.73632;38920
2015.10.13;16:00:00;0.74039;0.73199;0.7364;0.73327;48825
2015.10.13;20:00:00;0.73723;0.73427;0.73432;0.73638;22224
2015.10.14;00:00:00;0.73605;0.73417;0.73521;0.73427;5453
2015.10.14;04:00:00;0.73678;0.73489;0.7358;0.73522;6108
2015.10.14;08:00:00;0.73706;0.73405;0.73595;0.73581;27360
2015.10.14;12:00:00;0.73636;0.73245;0.73247;0.73596;37453
2015.10.14;16:00:00;0.73617;0.73113;0.73332;0.73247;50251
2015.10.14;20:00:00;0.73497;0.73152;0.73347;0.73332;27370
2015.10.15;00:00:00;0.73538;0.73331;0.73417;0.73352;4631
2015.10.15;04:00:00;0.73557;0.73417;0.73461;0.73417;7794
2015.10.15;08:00:00;0.73809;0.73419;0.73663;0.73459;27756
2015.10.15;12:00:00;0.73793;0.73565;0.73789;0.73663;22632
2015.10.15;16:00:00;0.73938;0.73511;0.73837;0.73787;34544
2015.10.15;20:00:00;0.74136;0.73812;0.73812;0.73836;15210
2015.10.16;00:00:00;0.7403;0.73802;0.73901;0.73802;6344
2015.10.16;04:00:00;0.73946;0.7382;0.73867;0.73901;4905
2015.10.16;08:00:00;0.741;0.73843;0.7396;0.73866;16294
2015.10.16;12:00:00;0.74054;0.73572;0.73819;0.73958;19580
2015.10.16;16:00:00;0.73845;0.73505;0.73538;0.73819;24967
2015.10.16;20:00:00;0.73872;0.73528;0.73767;0.73538;11291
2015.10.19;00:00:00;0.73907;0.73667;0.73683;0.73762;4764
2015.10.19;04:00:00;0.73905;0.73599;0.73804;0.73685;6088
2015.10.19;08:00:00;0.73913;0.73668;0.73788;0.73805;12564
2015.10.19;12:00:00;0.74116;0.73666;0.73761;0.73788;17762
2015.10.19;16:00:00;0.73846;0.73393;0.73536;0.73761;24859
2015.10.19;20:00:00;0.73552;0.73335;0.7342;0.73535;9661
2015.10.20;00:00:00;0.73459;0.73327;0.73352;0.7342;5269
2015.10.20;04:00:00;0.73382;0.7324;0.73329;0.73352;5152
2015.10.20;08:00:00;0.73493;0.72965;0.72968;0.7333;14896
2015.10.20;12:00:00;0.73304;0.72934;0.73274;0.72964;18890
2015.10.20;16:00:00;0.73796;0.73266;0.73609;0.73273;24190
2015.10.20;20:00:00;0.73744;0.73529;0.73642;0.73608;11318
2015.10.21;00:00:00;0.73673;0.7358;0.73652;0.73637;5093
2015.10.21;04:00:00;0.73661;0.73566;0.7363;0.73652;6104
2015.10.21;08:00:00;0.73672;0.73156;0.73375;0.7363;16308
2015.10.21;12:00:00;0.73926;0.7338;0.73418;0.73384;16872
2015.10.21;16:00:00;0.7358;0.72871;0.72955;0.73419;29001
2015.10.21;20:00:00;0.73109;0.72838;0.72997;0.72955;12490
2015.10.22;00:00:00;0.73049;0.72952;0.73014;0.72997;5268
2015.10.22;04:00:00;0.73182;0.72988;0.73102;0.73014;6142
2015.10.22;08:00:00;0.73276;0.72965;0.73226;0.731;21878
2015.10.22;12:00:00;0.73891;0.73179;0.73805;0.73225;41244
2015.10.22;16:00:00;0.74197;0.73741;0.741;0.73804;49266
2015.10.22;20:00:00;0.74327;0.74083;0.74322;0.741;29076
2015.10.23;00:00:00;0.74376;0.7423;0.74346;0.74312;8804
2015.10.23;04:00:00;0.74401;0.74335;0.74362;0.74347;7249
2015.10.23;08:00:00;0.74569;0.74239;0.74299;0.74359;31282
2015.10.23;12:00:00;0.748;0.74178;0.74226;0.74298;44142
2015.10.23;16:00:00;0.74311;0.73924;0.74283;0.74228;52133
2015.10.23;20:00:00;0.74386;0.74219;0.74307;0.74281;20021
2015.10.25;23:00:00;0.74292;0.74152;0.74275;0.74227;536
2015.10.26;00:00:00;0.74324;0.74217;0.7424;0.74281;15301
2015.10.26;04:00:00;0.74275;0.74139;0.74204;0.74238;8101
2015.10.26;08:00:00;0.74555;0.74124;0.74554;0.74204;31024
2015.10.26;12:00:00;0.74821;0.74477;0.74608;0.74553;41290
2015.10.26;16:00:00;0.74878;0.74426;0.74773;0.74608;42962
2015.10.26;20:00:00;0.74809;0.74615;0.7465;0.74774;14880
2015.10.27;00:00:00;0.74691;0.74597;0.74652;0.74649;6794
2015.10.27;04:00:00;0.74652;0.74453;0.74478;0.74652;6474
2015.10.27;08:00:00;0.74637;0.74447;0.74605;0.74478;31251
2015.10.27;12:00:00;0.74657;0.74341;0.74357;0.74605;43702
2015.10.27;16:00:00;0.74478;0.74227;0.7437;0.74347;42951
2015.10.27;20:00:00;0.74402;0.7423;0.74313;0.74371;17786
2015.10.28;00:00:00;0.74401;0.74274;0.74341;0.74311;13080
2015.10.28;04:00:00;0.74365;0.74253;0.74322;0.74342;6163
2015.10.28;08:00:00;0.74528;0.74311;0.74311;0.74322;30487
2015.10.28;12:00:00;0.74535;0.74218;0.74522;0.7431;41962
2015.10.28;16:00:00;0.75114;0.74485;0.7482;0.74522;44990
2015.10.28;20:00:00;0.75508;0.74826;0.75285;0.74826;28392
2015.10.29;00:00:00;0.75434;0.75255;0.75347;0.75285;9481
2015.10.29;04:00:00;0.75348;0.75171;0.75182;0.75342;5067
2015.10.29;08:00:00;0.75255;0.7486;0.74926;0.75182;35768
2015.10.29;12:00:00;0.75282;0.74741;0.75093;0.74923;45687
2015.10.29;16:00:00;0.75372;0.75016;0.75256;0.75094;37642
2015.10.29;20:00:00;0.75292;0.75073;0.75097;0.75261;11158
2015.10.30;00:00:00;0.75247;0.75064;0.75194;0.75092;6487
2015.10.30;04:00:00;0.75272;0.75114;0.7519;0.75193;10650
2015.10.30;08:00:00;0.75349;0.74979;0.75081;0.75189;36110
2015.10.30;12:00:00;0.75226;0.75002;0.75007;0.75082;45175
2015.10.30;16:00:00;0.75588;0.74935;0.75455;0.75012;47232
2015.10.30;20:00:00;0.7563;0.75433;0.75557;0.75451;14817
2015.11.02;00:00:00;0.75522;0.75242;0.75462;0.75322;8874
2015.11.02;04:00:00;0.7554;0.75447;0.75457;0.75461;5522
2015.11.02;08:00:00;0.75482;0.75281;0.75365;0.75457;34092
2015.11.02;12:00:00;0.75407;0.75132;0.75205;0.75366;37324
2015.11.02;16:00:00;0.75342;0.75127;0.75269;0.75204;41383
2015.11.02;20:00:00;0.75359;0.75166;0.75287;0.75268;17700
2015.11.03;00:00:00;0.75429;0.75206;0.75408;0.75292;5471
2015.11.03;04:00:00;0.75456;0.75362;0.75402;0.75407;6265
2015.11.03;08:00:00;0.75409;0.75224;0.75364;0.75402;33949
2015.11.03;12:00:00;0.75546;0.75283;0.75381;0.75365;35494
2015.11.03;16:00:00;0.7583;0.75305;0.75808;0.75381;44917
2015.11.03;20:00:00;0.76029;0.75777;0.75812;0.75805;23685
2015.11.04;00:00:00;0.75936;0.75772;0.75923;0.75812;7696
2015.11.04;04:00:00;0.76019;0.75899;0.75946;0.75924;6792
2015.11.04;08:00:00;0.7606;0.7571;0.75795;0.75946;32220
2015.11.04;12:00:00;0.75811;0.75598;0.75626;0.75796;36024
2015.11.04;16:00:00;0.75732;0.75398;0.75504;0.75626;47922
2015.11.04;20:00:00;0.75545;0.75375;0.75497;0.75503;23646
2015.11.05;00:00:00;0.75537;0.75332;0.75407;0.75502;6825
2015.11.05;04:00:00;0.75483;0.75402;0.75449;0.75407;5314
2015.11.05;08:00:00;0.75763;0.75439;0.75682;0.75449;35799
2015.11.05;12:00:00;0.75752;0.75487;0.75638;0.7568;41420
2015.11.05;16:00:00;0.75787;0.75482;0.75765;0.75637;46451
2015.11.05;20:00:00;0.75784;0.75523;0.75532;0.75766;23697
2015.11.06;00:00:00;0.75634;0.75512;0.75594;0.75532;7707
2015.11.06;04:00:00;0.75607;0.75556;0.75588;0.75595;4744
2015.11.06;08:00:00;0.7564;0.75487;0.75545;0.75587;33260
2015.11.06;12:00:00;0.75854;0.75176;0.75754;0.75547;38087
2015.11.06;16:00:00;0.75788;0.75427;0.75559;0.75752;52330
2015.11.06;20:00:00;0.75727;0.75524;0.75544;0.75557;22240
2015.11.09;00:00:00;0.75634;0.75459;0.75624;0.75489;8520
2015.11.09;04:00:00;0.75639;0.75518;0.75594;0.75629;9109
2015.11.09;08:00:00;0.75611;0.75269;0.75518;0.75596;30883
2015.11.09;12:00:00;0.75755;0.75484;0.75614;0.75518;37423
2015.11.09;16:00:00;0.758;0.75326;0.75485;0.75614;41276
2015.11.09;20:00:00;0.75594;0.75444;0.75494;0.75486;21075
2015.11.10;00:00:00;0.7565;0.75479;0.75626;0.75499;6911
2015.11.10;04:00:00;0.75708;0.75579;0.75674;0.75627;5248
2015.11.10;08:00:00;0.75728;0.75468;0.75584;0.75674;31327
2015.11.10;12:00:00;0.75878;0.75524;0.75782;0.75582;39390
2015.11.10;16:00:00;0.76028;0.75745;0.7599;0.75781;45062
2015.11.10;20:00:00;0.7601;0.75743;0.75789;0.7599;22460
2015.11.11;00:00:00;0.75814;0.75725;0.75764;0.75779;9323
2015.11.11;04:00:00;0.7579;0.75696;0.75719;0.75764;8203
2015.11.11;08:00:00;0.75776;0.75639;0.75719;0.75719;27315
2015.11.11;12:00:00;0.75924;0.75675;0.75801;0.75719;25937
2015.11.11;16:00:00;0.75956;0.75541;0.75696;0.75801;38077
2015.11.11;20:00:00;0.75751;0.75636;0.75709;0.75695;16289
2015.11.12;00:00:00;0.75795;0.75635;0.75762;0.75704;10476
2015.11.12;04:00:00;0.75781;0.75661;0.7569;0.75762;7470
2015.11.12;08:00:00;0.76008;0.75523;0.75635;0.75691;28778
2015.11.12;12:00:00;0.75749;0.75308;0.75405;0.75634;35775
2015.11.12;16:00:00;0.7544;0.75102;0.75216;0.75406;49767
2015.11.12;20:00:00;0.75424;0.75204;0.75204;0.75217;21677
2015.11.13;00:00:00;0.75364;0.75199;0.75335;0.75214;7767
2015.11.13;04:00:00;0.75378;0.75265;0.75283;0.75334;7052
2015.11.13;08:00:00;0.75547;0.75287;0.7544;0.75287;26295
2015.11.13;12:00:00;0.75483;0.75244;0.75376;0.75437;36881
2015.11.13;16:00:00;0.75693;0.75304;0.75665;0.75378;42620
2015.11.13;20:00:00;0.75732;0.75455;0.75459;0.75666;16438
2015.11.16;00:00:00;0.75759;0.7551;0.75627;0.756;11821
2015.11.16;04:00:00;0.75664;0.75559;0.75648;0.75626;5904
2015.11.16;08:00:00;0.75759;0.75519;0.75625;0.75649;27187
2015.11.16;12:00:00;0.75638;0.75344;0.75434;0.75624;32008
2015.11.16;16:00:00;0.75721;0.75299;0.75644;0.75435;42578
2015.11.16;20:00:00;0.75799;0.75619;0.75714;0.75643;19922
2015.11.17;00:00:00;0.75774;0.75682;0.75762;0.75709;7835
2015.11.17;04:00:00;0.75815;0.75714;0.75814;0.7576;6966
2015.11.17;08:00:00;0.76008;0.75789;0.75949;0.75812;26834
2015.11.17;12:00:00;0.76241;0.75878;0.76205;0.75949;34410
2015.11.17;16:00:00;0.76323;0.7603;0.76244;0.76203;45355
2015.11.17;20:00:00;0.76288;0.76113;0.76139;0.76244;25052
2015.11.18;00:00:00;0.76182;0.76084;0.76099;0.76144;6987
2015.11.18;04:00:00;0.76309;0.76098;0.76238;0.76098;6648
2015.11.18;08:00:00;0.7626;0.76122;0.76162;0.76237;23719
2015.11.18;12:00:00;0.76272;0.76116;0.76244;0.76161;27644
2015.11.18;16:00:00;0.7652;0.76201;0.76264;0.76246;40473
2015.11.18;20:00:00;0.76657;0.76223;0.76619;0.76265;22867
2015.11.19;00:00:00;0.76631;0.76472;0.76615;0.76624;9784
2015.11.19;04:00:00;0.76647;0.76551;0.76601;0.76614;8362
2015.11.19;08:00:00;0.76829;0.76562;0.76822;0.76599;27889
2015.11.19;12:00:00;0.76849;0.76526;0.76613;0.76823;33916
2015.11.19;16:00:00;0.76671;0.76338;0.76386;0.76612;48042
2015.11.19;20:00:00;0.76387;0.76104;0.76204;0.76386;19155
2015.11.20;00:00:00;0.76304;0.76154;0.76271;0.76209;8079
2015.11.20;04:00:00;0.76288;0.76161;0.76182;0.76272;9109
2015.11.20;08:00:00;0.76298;0.76097;0.76231;0.76184;31106
2015.11.20;12:00:00;0.76383;0.76074;0.76292;0.7623;32701
2015.11.20;16:00:00;0.76524;0.76207;0.76422;0.76292;45587
2015.11.20;20:00:00;0.76487;0.76209;0.76247;0.76422;20341
2015.11.23;00:00:00;0.764;0.76179;0.76255;0.76185;9540
2015.11.23;04:00:00;0.76274;0.76154;0.76161;0.76255;9181
2015.11.23;08:00:00;0.76217;0.75929;0.75993;0.76162;28592
2015.11.23;12:00:00;0.76491;0.75934;0.76188;0.75993;37861
2015.11.23;16:00:00;0.7642;0.76147;0.76312;0.7619;39213
2015.11.23;20:00:00;0.76344;0.76115;0.76144;0.76317;14836
2015.11.24;00:00:00;0.76244;0.76129;0.76219;0.76149;6524
2015.11.24;04:00:00;0.76303;0.76194;0.76283;0.76218;5389
2015.11.24;08:00:00;0.76446;0.76176;0.76259;0.76283;20681
2015.11.24;12:00:00;0.7629;0.76021;0.7609;0.76258;27770
2015.11.24;16:00:00;0.76408;0.76072;0.7633;0.7609;35962
2015.11.24;20:00:00;0.76437;0.7629;0.76364;0.7633;17716
2015.11.25;00:00:00;0.76456;0.76329;0.76402;0.76365;8888
2015.11.25;04:00:00;0.7651;0.76367;0.76509;0.76401;7353
2015.11.25;08:00:00;0.76667;0.76246;0.76559;0.76508;24490
2015.11.25;12:00:00;0.76813;0.7656;0.76701;0.7656;33244
2015.11.25;16:00:00;0.76964;0.7667;0.76741;0.767;37329
2015.11.25;20:00:00;0.76892;0.76649;0.76837;0.76739;17301
2015.11.26;00:00:00;0.76891;0.76759;0.76886;0.76814;6503
2015.11.26;04:00:00;0.76936;0.76842;0.76851;0.76886;4642
2015.11.26;08:00:00;0.76925;0.76777;0.76799;0.76851;17140
2015.11.26;12:00:00;0.77028;0.76717;0.76951;0.768;20020
2015.11.26;16:00:00;0.77053;0.76865;0.76979;0.76951;17573
2015.11.26;20:00:00;0.77066;0.76965;0.77034;0.76979;19538
2015.11.27;00:00:00;0.7705;0.76924;0.76954;0.77036;4782
2015.11.27;04:00:00;0.76964;0.76899;0.7692;0.76958;5175
2015.11.27;08:00:00;0.77221;0.76748;0.77204;0.76921;24735
2015.11.27;12:00:00;0.77402;0.77093;0.77174;0.77205;28810
2015.11.27;16:00:00;0.7721;0.76991;0.77023;0.77175;30393
2015.11.27;20:00:00;0.77044;0.76907;0.76944;0.77023;7134
2015.11.30;00:00:00;0.7706;0.76952;0.77024;0.77043;6766
2015.11.30;04:00:00;0.77054;0.76977;0.77016;0.77025;5846
2015.11.30;08:00:00;0.77065;0.76924;0.76954;0.77015;19479
2015.11.30;12:00:00;0.77171;0.76915;0.77165;0.76954;25461
2015.11.30;16:00:00;0.77247;0.76927;0.76928;0.77163;33756
2015.11.30;20:00:00;0.77052;0.76879;0.76975;0.76927;18043
2015.12.01;00:00:00;0.77089;0.76848;0.77066;0.76969;7338
2015.12.01;04:00:00;0.77094;0.76823;0.76856;0.77065;11196
2015.12.01;08:00:00;0.77208;0.76828;0.77134;0.76854;22712
2015.12.01;12:00:00;0.77271;0.7672;0.76878;0.77134;25621
2015.12.01;16:00:00;0.77048;0.7683;0.76949;0.7688;41071
2015.12.01;20:00:00;0.76964;0.76709;0.76769;0.7695;18986
2015.12.02;00:00:00;0.7685;0.76709;0.76805;0.76774;8460
2015.12.02;04:00:00;0.76815;0.76728;0.76771;0.76804;6137
2015.12.02;08:00:00;0.76802;0.76636;0.76736;0.7677;20955
2015.12.02;12:00:00;0.7694;0.76561;0.76617;0.76736;26782
2015.12.02;16:00:00;0.77321;0.76476;0.76584;0.76617;45013
2015.12.02;20:00:00;0.76616;0.7617;0.76294;0.76585;25468
2015.12.03;00:00:00;0.76367;0.76232;0.76304;0.76299;7147
2015.12.03;04:00:00;0.76733;0.76289;0.7662;0.76304;10447
2015.12.03;08:00:00;0.76891;0.76586;0.76803;0.7662;23838
2015.12.03;12:00:00;0.76925;0.75408;0.75579;0.76802;40799
2015.12.03;16:00:00;0.75788;0.74479;0.74586;0.75574;49552
2015.12.03;20:00:00;0.74645;0.74011;0.74359;0.74585;31248
2015.12.04;00:00:00;0.74484;0.74293;0.74399;0.74354;10595
2015.12.04;04:00:00;0.74445;0.74233;0.74274;0.74399;10078
2015.12.04;08:00:00;0.74959;0.7421;0.749;0.74273;32802
2015.12.04;12:00:00;0.75035;0.74536;0.74545;0.74902;41825
2015.12.04;16:00:00;0.74938;0.74346;0.74708;0.74545;58690
2015.12.04;20:00:00;0.74842;0.74442;0.74504;0.74709;23358
2015.12.07;00:00:00;0.74609;0.744;0.74494;0.74538;7554
2015.12.07;04:00:00;0.74564;0.74488;0.74525;0.74493;7677
2015.12.07;08:00:00;0.74671;0.74439;0.74601;0.74525;21111
2015.12.07;12:00:00;0.74629;0.74272;0.74277;0.74602;27695
2015.12.07;16:00:00;0.74377;0.74009;0.74039;0.74276;40654
2015.12.07;20:00:00;0.74084;0.73932;0.74059;0.7404;19588
2015.12.08;00:00:00;0.74089;0.73988;0.74021;0.74054;5798
2015.12.08;04:00:00;0.74022;0.73869;0.73869;0.74022;8646
2015.12.08;08:00:00;0.73985;0.73603;0.73711;0.7387;25486
2015.12.08;12:00:00;0.73745;0.72902;0.72934;0.73711;32837
2015.12.08;16:00:00;0.7336;0.72881;0.72998;0.72934;37641
2015.12.08;20:00:00;0.73145;0.72919;0.73024;0.72997;19712
2015.12.09;00:00:00;0.73198;0.72994;0.73116;0.73024;5835
2015.12.09;04:00:00;0.73148;0.73037;0.73118;0.73115;6569
2015.12.09;08:00:00;0.73228;0.72862;0.72971;0.73117;22683
2015.12.09;12:00:00;0.73176;0.72678;0.72701;0.7297;27988
2015.12.09;16:00:00;0.73202;0.72385;0.72396;0.72701;48617
2015.12.09;20:00:00;0.72551;0.72264;0.72339;0.72398;28303
2015.12.10;00:00:00;0.72621;0.72339;0.72599;0.72339;8441
2015.12.10;04:00:00;0.72661;0.72538;0.72623;0.726;6071
2015.12.10;08:00:00;0.72974;0.7253;0.72846;0.72622;22283
2015.12.10;12:00:00;0.73077;0.72529;0.7254;0.72846;31088
2015.12.10;16:00:00;0.72832;0.72535;0.72611;0.72541;37183
2015.12.10;20:00:00;0.72719;0.7242;0.72474;0.72618;14746
2015.12.11;00:00:00;0.72509;0.72396;0.7244;0.72469;4986
2015.12.11;04:00:00;0.7244;0.72354;0.72384;0.7244;5301
2015.12.11;08:00:00;0.72436;0.72171;0.72303;0.72385;18707
2015.12.11;12:00:00;0.7243;0.72118;0.72204;0.72303;29743
2015.12.11;16:00:00;0.72218;0.7149;0.7151;0.72204;45156
2015.12.11;20:00:00;0.71631;0.71374;0.71389;0.71512;17759
2015.12.14;00:00:00;0.71653;0.71491;0.7163;0.71644;6927
2015.12.14;04:00:00;0.71776;0.71578;0.71763;0.71631;7279
2015.12.14;08:00:00;0.71997;0.71737;0.71806;0.71763;21403
2015.12.14;12:00:00;0.71807;0.71163;0.71669;0.71806;33341
2015.12.14;16:00:00;0.71808;0.71159;0.71629;0.71674;47424
2015.12.14;20:00:00;0.7179;0.71487;0.71699;0.71628;20474
2015.12.15;00:00:00;0.71809;0.71649;0.71667;0.71684;6637
2015.12.15;04:00:00;0.71782;0.71625;0.7164;0.71666;6206
2015.12.15;08:00:00;0.71876;0.71441;0.71747;0.7164;24239
2015.12.15;12:00:00;0.7197;0.7173;0.71967;0.71749;32238
2015.12.15;16:00:00;0.72421;0.71826;0.72343;0.71966;40517
2015.12.15;20:00:00;0.72342;0.72339;0.72339;0.72341;12
