DATE;TIME;HIGH;LOW;CLOSE;OPEN;VOLUME
2015.04.27;12:00:00;98.233;97.864;98.096;97.888;12786
2015.04.27;16:00:00;98.673;98.095;98.25;98.095;19004
2015.04.27;20:00:00;98.512;98.215;98.464;98.25;10603
2015.04.28;00:00:00;98.537;98.383;98.474;98.446;9004
2015.04.28;04:00:00;98.515;98.343;98.343;98.472;6103
2015.04.28;08:00:00;98.464;98.263;98.377;98.341;14174
2015.04.28;12:00:00;98.678;98.333;98.64;98.376;16817
2015.04.28;16:00:00;98.888;98.374;98.883;98.643;24699
2015.04.28;20:00:00;98.916;98.717;98.752;98.883;11676
2015.04.29;00:00:00;98.841;98.616;98.676;98.764;5990
2015.04.29;04:00:00;98.73;98.635;98.707;98.675;3660
2015.04.29;08:00:00;99.128;98.704;99.118;98.707;12982
2015.04.29;12:00:00;99.243;98.62;99.156;99.113;20916
2015.04.29;16:00:00;99.475;99.055;99.122;99.155;33620
2015.04.29;20:00:00;99.154;98.671;98.994;99.122;21234
2015.04.30;00:00:00;99.147;98.89;99.014;98.993;12229
2015.04.30;04:00:00;99.025;98.524;98.618;99.014;12380
2015.04.30;08:00:00;99.062;98.443;98.833;98.617;20498
2015.04.30;12:00:00;99.145;98.62;99.068;98.83;20406
2015.04.30;16:00:00;99.142;98.612;98.921;99.067;31348
2015.04.30;20:00:00;99.007;98.519;98.801;98.921;14410
2015.05.01;00:00:00;99.04;98.831;98.975;98.85;7019
2015.05.01;04:00:00;98.996;98.88;98.955;98.981;5846
2015.05.01;08:00:00;99.16;98.923;99.012;98.959;12471
2015.05.01;12:00:00;99.111;98.677;98.853;99.011;12760
2015.05.01;16:00:00;99.023;98.389;98.71;98.851;20850
2015.05.01;20:00:00;98.895;98.6;98.752;98.713;7715
2015.05.04;00:00:00;98.873;98.631;98.705;98.861;5238
2015.05.04;04:00:00;98.716;98.532;98.646;98.705;4487
2015.05.04;08:00:00;98.889;98.621;98.88;98.648;9553
2015.05.04;12:00:00;99.332;98.879;99.291;98.879;9648
2015.05.04;16:00:00;99.318;99.049;99.187;99.293;14480
2015.05.04;20:00:00;99.351;99.098;99.263;99.188;6580
2015.05.05;00:00:00;99.356;99.209;99.227;99.271;4296
2015.05.05;04:00:00;99.256;99.059;99.078;99.226;5204
2015.05.05;08:00:00;99.335;99.011;99.256;99.077;14375
2015.05.05;12:00:00;99.741;99.228;99.615;99.255;16980
2015.05.05;16:00:00;99.983;99.459;99.541;99.617;27824
2015.05.05;20:00:00;99.544;99.208;99.268;99.539;10621
2015.05.06;00:00:00;99.34;99.205;99.251;99.28;7109
2015.05.06;04:00:00;99.687;99.239;99.625;99.252;6763
2015.05.06;08:00:00;99.628;99.32;99.553;99.627;17382
2015.05.06;12:00:00;99.762;99.426;99.57;99.552;19836
2015.05.06;16:00:00;99.899;99.212;99.374;99.57;29300
2015.05.06;20:00:00;99.389;98.941;99.101;99.373;13032
2015.05.07;00:00:00;99.234;99.013;99.066;99.118;9784
2015.05.07;04:00:00;99.261;99.049;99.172;99.067;7392
2015.05.07;08:00:00;99.265;98.699;98.836;99.169;17867
2015.05.07;12:00:00;98.872;98.496;98.782;98.836;23558
2015.05.07;16:00:00;98.811;98.212;98.565;98.778;22901
2015.05.07;20:00:00;98.861;98.465;98.684;98.567;9831
2015.05.08;00:00:00;99.003;98.614;98.952;98.686;9081
2015.05.08;04:00:00;99.106;98.909;98.999;98.951;10505
2015.05.08;08:00:00;99.253;98.923;99.251;99.001;16354
2015.05.08;12:00:00;99.417;98.864;99.024;99.254;21476
2015.05.08;16:00:00;99.123;98.627;98.969;99.026;25106
2015.05.08;20:00:00;99.206;98.922;99.102;98.968;8306
2015.05.11;00:00:00;99.103;98.933;98.955;99.005;6334
2015.05.11;04:00:00;99.032;98.791;98.862;98.957;8913
2015.05.11;08:00:00;98.976;98.79;98.816;98.867;13316
2015.05.11;12:00:00;99.184;98.706;99.095;98.815;11656
2015.05.11;16:00:00;99.383;99.033;99.166;99.095;17607
2015.05.11;20:00:00;99.371;99.157;99.173;99.165;7270
2015.05.12;00:00:00;99.307;99.181;99.216;99.181;5683
2015.05.12;04:00:00;99.412;99.184;99.396;99.218;5635
2015.05.12;08:00:00;99.546;99.266;99.52;99.396;14402
2015.05.12;12:00:00;99.842;99.409;99.817;99.518;17289
2015.05.12;16:00:00;100.003;99.557;99.998;99.817;19584
2015.05.12;20:00:00;100.023;99.681;99.681;100;7459
2015.05.13;00:00:00;99.85;99.61;99.737;99.725;6197
2015.05.13;04:00:00;99.833;99.63;99.703;99.737;6939
2015.05.13;08:00:00;100.003;99.642;99.948;99.703;11147
2015.05.13;12:00:00;100.073;99.66;99.862;99.946;16871
2015.05.13;16:00:00;99.876;99.367;99.737;99.86;22320
2015.05.13;20:00:00;99.77;99.442;99.614;99.734;8417
2015.05.14;00:00:00;99.743;99.577;99.712;99.595;5504
2015.05.14;04:00:00;99.855;99.682;99.834;99.712;5779
2015.05.14;08:00:00;99.886;99.561;99.665;99.836;14217
2015.05.14;12:00:00;99.897;99.49;99.758;99.667;12502
2015.05.14;16:00:00;99.812;99.225;99.227;99.755;16722
2015.05.14;20:00:00;99.465;99.192;99.417;99.227;7178
2015.05.15;00:00:00;99.535;99.346;99.515;99.39;7363
2015.05.15;04:00:00;99.589;99.428;99.505;99.512;6131
2015.05.15;08:00:00;99.669;99.433;99.476;99.506;13226
2015.05.15;12:00:00;99.757;99.401;99.487;99.479;13335
2015.05.15;16:00:00;99.487;99.185;99.252;99.487;24315
2015.05.15;20:00:00;99.36;99.082;99.333;99.25;8104
2015.05.18;00:00:00;99.442;99.186;99.406;99.294;5169
2015.05.18;04:00:00;99.418;99.295;99.401;99.408;5933
2015.05.18;08:00:00;99.548;99.27;99.353;99.4;12323
2015.05.18;12:00:00;99.404;99.058;99.06;99.352;11653
2015.05.18;16:00:00;99.059;98.496;98.679;99.057;18092
2015.05.18;20:00:00;98.737;98.581;98.628;98.681;7930
2015.05.19;00:00:00;98.727;98.541;98.567;98.627;7294
2015.05.19;04:00:00;98.862;98.53;98.816;98.566;6205
2015.05.19;08:00:00;98.882;98.479;98.503;98.819;15470
2015.05.19;12:00:00;98.798;98.37;98.56;98.501;15308
2015.05.19;16:00:00;98.74;98.314;98.615;98.562;23884
2015.05.19;20:00:00;98.771;98.589;98.631;98.614;9260
2015.05.20;00:00:00;98.761;98.565;98.754;98.629;8868
2015.05.20;04:00:00;98.942;98.725;98.901;98.752;7685
2015.05.20;08:00:00;98.938;98.73;98.861;98.9;15820
2015.05.20;12:00:00;99.028;98.694;98.993;98.861;15298
2015.05.20;16:00:00;99.33;98.884;99.306;98.995;21652
2015.05.20;20:00:00;99.494;99.167;99.353;99.306;19733
2015.05.21;00:00:00;99.435;99.214;99.253;99.347;6970
2015.05.21;04:00:00;99.381;99.25;99.288;99.253;6902
2015.05.21;08:00:00;99.369;99.149;99.262;99.287;14227
2015.05.21;12:00:00;99.295;98.98;99.053;99.262;15209
2015.05.21;16:00:00;99.275;98.881;99.212;99.055;20142
2015.05.21;20:00:00;99.213;99.001;99.171;99.211;7709
2015.05.22;00:00:00;99.248;99.143;99.187;99.216;7538
2015.05.22;04:00:00;99.282;99.076;99.129;99.191;7856
2015.05.22;08:00:00;99.183;98.957;98.971;99.118;9466
2015.05.22;12:00:00;99.167;98.945;99.103;98.971;14729
2015.05.22;16:00:00;99.112;98.691;98.733;99.104;22238
2015.05.22;20:00:00;98.936;98.611;98.909;98.721;9034
2015.05.25;00:00:00;99.002;98.734;98.921;98.837;6545
2015.05.25;04:00:00;98.999;98.921;98.971;98.921;5856
2015.05.25;08:00:00;99.019;98.788;98.894;98.971;7252
2015.05.25;12:00:00;98.976;98.715;98.733;98.893;4333
2015.05.25;16:00:00;98.847;98.605;98.654;98.733;6437
2015.05.25;20:00:00;98.712;98.625;98.662;98.655;3814
2015.05.26;00:00:00;98.773;98.572;98.75;98.666;6554
2015.05.26;04:00:00;98.956;98.72;98.955;98.751;7722
2015.05.26;08:00:00;99.453;98.915;99.32;98.956;22252
2015.05.26;12:00:00;99.391;99.01;99.195;99.321;22434
2015.05.26;16:00:00;99.332;98.812;98.853;99.195;29289
2015.05.26;20:00:00;99.064;98.81;98.96;98.853;10922
2015.05.27;00:00:00;99.035;98.895;98.964;98.958;7675
2015.05.27;04:00:00;99.095;98.927;99.044;98.959;11172
2015.05.27;08:00:00;99.163;98.901;99.027;99.042;18998
2015.05.27;12:00:00;99.421;98.909;99.167;99.026;30984
2015.05.27;16:00:00;99.488;99.068;99.168;99.169;33350
2015.05.27;20:00:00;99.357;99.149;99.269;99.167;15966
2015.05.28;00:00:00;99.344;99.228;99.305;99.246;11396
2015.05.28;04:00:00;99.644;99.193;99.376;99.304;20834
2015.05.28;08:00:00;99.45;99.206;99.285;99.374;30321
2015.05.28;12:00:00;99.563;99.201;99.327;99.287;29129
2015.05.28;16:00:00;99.575;99.088;99.343;99.329;29438
2015.05.28;20:00:00;99.787;99.258;99.646;99.343;14797
2015.05.29;00:00:00;99.73;99.564;99.618;99.631;14288
2015.05.29;04:00:00;99.66;99.497;99.64;99.618;10221
2015.05.29;08:00:00;99.739;99.376;99.493;99.64;19223
2015.05.29;12:00:00;99.651;98.991;99.117;99.492;22779
2015.05.29;16:00:00;99.571;98.984;99.552;99.121;30393
2015.05.29;20:00:00;99.801;99.461;99.65;99.551;9871
2015.06.01;00:00:00;99.735;99.577;99.618;99.705;8628
2015.06.01;04:00:00;99.686;99.512;99.539;99.618;11150
2015.06.01;08:00:00;99.664;99.256;99.358;99.539;18591
2015.06.01;12:00:00;99.459;99.168;99.184;99.358;20611
2015.06.01;16:00:00;99.482;99.112;99.466;99.184;27756
2015.06.01;20:00:00;99.716;99.421;99.613;99.466;11276
2015.06.02;00:00:00;99.714;99.551;99.612;99.616;12502
2015.06.02;04:00:00;99.736;99.518;99.593;99.612;13965
2015.06.02;08:00:00;99.696;99.481;99.49;99.593;22382
2015.06.02;12:00:00;99.802;99.485;99.715;99.487;26476
2015.06.02;16:00:00;100.201;99.506;100.105;99.714;35366
2015.06.02;20:00:00;100.131;99.881;100.029;100.105;12428
2015.06.03;00:00:00;100.044;99.85;99.969;100.028;14118
2015.06.03;04:00:00;100.04;99.901;99.93;99.967;12379
2015.06.03;08:00:00;100.051;99.858;99.959;99.929;21229
2015.06.03;12:00:00;100.05;99.63;99.687;99.955;23177
2015.06.03;16:00:00;99.999;99.571;99.86;99.687;31857
2015.06.03;20:00:00;99.867;99.696;99.735;99.86;9995
2015.06.04;00:00:00;99.838;99.684;99.812;99.759;10086
2015.06.04;04:00:00;99.971;99.776;99.896;99.812;9765
2015.06.04;08:00:00;99.898;99.383;99.558;99.896;23634
2015.06.04;12:00:00;99.756;99.497;99.716;99.558;23462
2015.06.04;16:00:00;99.918;99.491;99.797;99.716;26468
2015.06.04;20:00:00;99.832;99.421;99.425;99.799;14377
2015.06.05;00:00:00;99.626;99.407;99.585;99.437;15477
2015.06.05;04:00:00;99.642;99.518;99.604;99.584;7983
2015.06.05;08:00:00;99.689;99.516;99.584;99.603;17992
2015.06.05;12:00:00;100.795;99.562;100.377;99.586;21792
2015.06.05;16:00:00;100.805;100.093;100.539;100.375;31763
2015.06.05;20:00:00;101.015;100.532;101.005;100.541;10630
2015.06.08;00:00:00;100.96;100.642;100.678;100.943;11141
2015.06.08;04:00:00;100.718;100.484;100.677;100.681;12264
2015.06.08;08:00:00;100.837;100.505;100.703;100.679;23661
2015.06.08;12:00:00;100.983;100.648;100.807;100.702;20967
2015.06.08;16:00:00;100.854;100.47;100.536;100.808;27736
2015.06.08;20:00:00;100.55;100.246;100.28;100.535;21763
2015.06.09;00:00:00;100.433;100.277;100.343;100.321;13102
2015.06.09;04:00:00;100.479;100.263;100.458;100.343;14440
2015.06.09;08:00:00;100.459;100.082;100.144;100.454;27330
2015.06.09;12:00:00;100.66;99.968;100.593;100.138;31604
2015.06.09;16:00:00;100.98;100.515;100.781;100.591;30119
2015.06.09;20:00:00;100.918;100.691;100.756;100.781;11380
2015.06.10;00:00:00;100.829;100.695;100.755;100.747;15271
2015.06.10;04:00:00;100.89;99.662;99.832;100.754;22484
2015.06.10;08:00:00;100.284;99.481;100.186;99.832;38077
2015.06.10;12:00:00;100.779;100.164;100.333;100.184;31016
2015.06.10;16:00:00;100.567;99.93;99.947;100.332;35118
2015.06.10;20:00:00;100.081;99.791;100.053;99.947;15472
2015.06.11;00:00:00;100.204;99.888;100.188;99.992;15769
2015.06.11;04:00:00;100.36;100.074;100.347;100.188;16484
2015.06.11;08:00:00;100.425;100.228;100.39;100.347;26617
2015.06.11;12:00:00;100.554;100.238;100.391;100.392;27519
2015.06.11;16:00:00;100.546;100.274;100.316;100.391;30298
2015.06.11;20:00:00;100.561;100.252;100.356;100.318;14876
2015.06.12;00:00:00;100.542;100.345;100.436;100.39;13828
2015.06.12;04:00:00;100.539;100.312;100.431;100.437;12193
2015.06.12;08:00:00;100.56;100.27;100.368;100.43;20519
2015.06.12;12:00:00;100.646;100.327;100.382;100.363;25179
2015.06.12;16:00:00;100.398;100.007;100.195;100.383;29124
2015.06.12;20:00:00;100.307;100.089;100.15;100.195;10953
2015.06.15;00:00:00;100.211;99.86;100.194;99.977;11966
2015.06.15;04:00:00;100.216;100.034;100.084;100.191;13031
2015.06.15;08:00:00;100.263;100.05;100.061;100.086;22301
2015.06.15;12:00:00;100.109;99.899;99.918;100.064;21310
2015.06.15;16:00:00;100.299;99.871;100.28;99.917;21825
2015.06.15;20:00:00;100.374;100.085;100.087;100.28;14125
2015.06.16;00:00:00;100.209;100.09;100.138;100.131;10967
2015.06.16;04:00:00;100.382;100.067;100.335;100.138;14596
2015.06.16;08:00:00;100.352;100.03;100.156;100.336;18796
2015.06.16;12:00:00;100.19;99.868;100.034;100.154;18011
2015.06.16;16:00:00;100.218;99.922;99.998;100.036;19283
2015.06.16;20:00:00;100.398;99.968;100.29;99.998;9896
2015.06.17;00:00:00;100.392;100.29;100.381;100.32;11732
2015.06.17;04:00:00;100.403;100.333;100.397;100.38;10544
2015.06.17;08:00:00;100.483;100.225;100.433;100.397;19125
2015.06.17;12:00:00;100.726;100.422;100.632;100.43;19175
2015.06.17;16:00:00;100.937;100.625;100.842;100.629;21239
2015.06.17;20:00:00;100.963;100.516;100.911;100.841;30496
2015.06.18;00:00:00;101.027;100.82;100.857;100.864;16912
2015.06.18;04:00:00;100.869;100.601;100.647;100.859;16737
2015.06.18;08:00:00;100.889;100.497;100.824;100.649;24897
2015.06.18;12:00:00;101.127;100.714;101.008;100.823;25609
2015.06.18;16:00:00;101.116;100.566;100.586;101.017;29853
2015.06.18;20:00:00;100.603;100.398;100.571;100.586;14760
2015.06.19;00:00:00;100.632;100.466;100.553;100.546;14378
2015.06.19;04:00:00;100.624;100.496;100.573;100.553;11796
2015.06.19;08:00:00;100.801;100.475;100.638;100.571;20642
2015.06.19;12:00:00;100.672;100.084;100.097;100.639;21086
2015.06.19;16:00:00;100.144;99.737;99.841;100.097;22462
2015.06.19;20:00:00;100.044;99.821;99.925;99.84;11369
2015.06.22;00:00:00;100.231;99.939;99.957;100.196;14536
2015.06.22;04:00:00;100.172;99.943;100.127;99.957;10942
2015.06.22;08:00:00;100.405;100.105;100.314;100.127;18453
2015.06.22;12:00:00;100.811;100.294;100.496;100.317;21758
2015.06.22;16:00:00;100.606;100.04;100.126;100.499;29328
2015.06.22;20:00:00;100.236;100.049;100.192;100.125;11381
2015.06.23;00:00:00;100.204;100.09;100.153;100.163;10116
2015.06.23;04:00:00;100.272;100.137;100.258;100.152;13384
2015.06.23;08:00:00;100.304;100.148;100.211;100.257;19280
2015.06.23;12:00:00;100.555;100.148;100.48;100.211;20898
2015.06.23;16:00:00;100.53;100.23;100.402;100.475;26283
2015.06.23;20:00:00;100.531;100.259;100.53;100.399;11016
2015.06.24;00:00:00;100.522;100.422;100.488;100.521;11189
2015.06.24;04:00:00;100.544;100.457;100.516;100.487;9940
2015.06.24;08:00:00;100.821;100.431;100.775;100.517;19801
2015.06.24;12:00:00;100.837;100.486;100.5;100.775;23956
2015.06.24;16:00:00;100.523;100.017;100.079;100.5;28339
2015.06.24;20:00:00;100.108;99.825;99.996;100.078;12852
2015.06.25;00:00:00;100.018;99.942;99.968;99.975;10967
2015.06.25;04:00:00;100.017;99.798;99.87;99.967;11998
2015.06.25;08:00:00;99.957;99.759;99.874;99.869;17256
2015.06.25;12:00:00;99.937;99.574;99.831;99.874;26374
2015.06.25;16:00:00;100.224;99.831;100.072;99.831;22195
2015.06.25;20:00:00;100.357;100.029;100.252;100.069;11349
2015.06.26;00:00:00;100.297;100.072;100.107;100.274;10980
2015.06.26;04:00:00;100.134;99.854;99.962;100.107;12908
2015.06.26;08:00:00;100.033;99.776;99.897;99.961;15904
2015.06.26;12:00:00;100.1;99.817;100.071;99.897;18623
2015.06.26;16:00:00;100.379;99.872;100.346;100.07;25354
2015.06.26;20:00:00;100.564;100.321;100.425;100.349;10584
2015.06.29;00:00:00;99.698;98.761;99.594;99.368;29175
2015.06.29;04:00:00;99.786;99.344;99.395;99.593;19690
2015.06.29;08:00:00;99.82;99.15;99.705;99.396;33653
2015.06.29;12:00:00;99.72;99.224;99.355;99.705;26059
2015.06.29;16:00:00;99.38;98.702;98.807;99.353;31399
2015.06.29;20:00:00;99.03;98.738;98.759;98.805;19580
2015.06.30;00:00:00;98.842;98.558;98.588;98.745;12263
2015.06.30;04:00:00;98.694;98.375;98.616;98.59;16672
2015.06.30;08:00:00;98.795;98.297;98.406;98.616;24528
2015.06.30;12:00:00;99.029;98.395;98.51;98.403;28798
2015.06.30;16:00:00;98.543;97.587;97.8;98.495;36524
2015.06.30;20:00:00;98.075;97.743;97.995;97.8;18353
2015.07.01;00:00:00;98.214;97.894;98.078;97.983;20110
2015.07.01;04:00:00;98.165;97.953;97.972;98.077;11738
2015.07.01;08:00:00;98.257;97.972;98.257;97.973;19907
2015.07.01;12:00:00;98.483;98.049;98.077;98.259;27600
2015.07.01;16:00:00;98.172;97.861;97.909;98.076;25192
2015.07.01;20:00:00;97.92;97.749;97.813;97.909;9525
2015.07.02;00:00:00;97.977;97.766;97.952;97.797;9667
2015.07.02;04:00:00;98.058;97.941;97.986;97.952;10010
2015.07.02;08:00:00;98.042;97.827;97.833;97.985;20598
2015.07.02;12:00:00;98.03;97.661;97.879;97.835;25290
2015.07.02;16:00:00;98.14;97.755;98.109;97.877;27488
2015.07.02;20:00:00;98.11;97.927;98.064;98.108;11562
2015.07.03;00:00:00;98.111;97.896;98.014;98.075;10322
2015.07.03;04:00:00;98.027;97.861;98.012;98.013;12752
2015.07.03;08:00:00;98.09;97.872;97.963;98.014;22514
2015.07.03;12:00:00;97.97;97.429;97.548;97.938;27649
2015.07.03;16:00:00;97.668;97.331;97.599;97.548;26810
2015.07.03;20:00:00;97.812;97.549;97.644;97.598;9680
2015.07.06;00:00:00;97.27;96.607;97.181;96.799;14779
2015.07.06;04:00:00;97.36;96.96;96.978;97.181;14985
2015.07.06;08:00:00;97.553;96.842;97.318;96.977;26054
2015.07.06;12:00:00;97.341;96.978;97.01;97.318;23077
2015.07.06;16:00:00;97.303;96.834;97.036;97.01;29215
2015.07.06;20:00:00;97.039;96.58;96.844;97.038;15318
2015.07.07;00:00:00;96.972;96.812;96.968;96.858;10145
2015.07.07;04:00:00;96.97;96.818;96.891;96.968;10458
2015.07.07;08:00:00;96.948;96.525;96.599;96.89;21648
2015.07.07;12:00:00;96.605;95.958;96.188;96.598;26650
2015.07.07;16:00:00;96.2;95.575;95.855;96.187;37714
2015.07.07;20:00:00;96.69;95.823;96.402;95.855;21870
2015.07.08;00:00:00;96.408;96.077;96.098;96.391;15674
2015.07.08;04:00:00;96.103;95.641;95.827;96.1;23350
2015.07.08;08:00:00;95.946;95.244;95.543;95.826;31394
2015.07.08;12:00:00;95.762;95.065;95.151;95.543;29447
2015.07.08;16:00:00;95.234;94.655;94.684;95.152;47363
2015.07.08;20:00:00;94.897;94.532;94.683;94.684;22315
2015.07.09;00:00:00;94.948;94.504;94.772;94.661;14756
2015.07.09;04:00:00;95.422;94.765;95.419;94.769;21139
2015.07.09;08:00:00;95.717;95.187;95.388;95.42;29381
2015.07.09;12:00:00;95.852;95.301;95.756;95.388;32341
2015.07.09;16:00:00;95.768;95.204;95.347;95.756;37163
2015.07.09;20:00:00;95.569;95.227;95.463;95.347;17953
2015.07.10;00:00:00;95.852;95.421;95.755;95.458;16229
2015.07.10;04:00:00;96.165;95.747;95.999;95.754;18251
2015.07.10;08:00:00;96.239;95.897;96.021;95.999;29202
2015.07.10;12:00:00;96.635;95.963;96.464;96.022;33771
2015.07.10;16:00:00;96.625;96.131;96.573;96.464;38873
2015.07.10;20:00:00;96.905;96.457;96.857;96.573;15966
2015.07.13;00:00:00;96.665;96.14;96.481;96.14;10799
2015.07.13;04:00:00;96.741;96.31;96.496;96.481;15156
2015.07.13;08:00:00;97.084;96.445;96.93;96.497;32168
2015.07.13;12:00:00;97.113;96.856;96.918;96.931;27264
2015.07.13;16:00:00;96.92;96.487;96.796;96.918;30501
2015.07.13;20:00:00;96.947;96.684;96.849;96.797;14690
2015.07.14;00:00:00;96.977;96.835;96.946;96.855;12063
2015.07.14;04:00:00;96.955;96.843;96.885;96.947;13726
2015.07.14;08:00:00;96.885;96.367;96.466;96.884;28509
2015.07.14;12:00:00;96.754;96.338;96.497;96.47;29450
2015.07.14;16:00:00;96.975;96.459;96.785;96.5;30343
2015.07.14;20:00:00;96.936;96.664;96.926;96.788;11452
2015.07.15;00:00:00;96.937;96.713;96.802;96.926;9824
2015.07.15;04:00:00;97.013;96.798;96.905;96.801;12084
2015.07.15;08:00:00;96.976;96.775;96.856;96.905;22576
2015.07.15;12:00:00;96.987;96.755;96.762;96.856;23966
2015.07.15;16:00:00;96.902;95.591;95.685;96.762;40739
2015.07.15;20:00:00;95.903;95.548;95.816;95.686;16505
2015.07.16;00:00:00;95.974;95.725;95.745;95.817;11850
2015.07.16;04:00:00;95.79;95.661;95.734;95.744;14827
2015.07.16;08:00:00;95.867;95.701;95.846;95.733;25305
2015.07.16;12:00:00;96.05;95.769;95.976;95.846;33670
2015.07.16;16:00:00;96.047;95.723;95.792;95.976;33684
2015.07.16;20:00:00;95.868;95.664;95.785;95.789;13208
2015.07.17;00:00:00;95.799;95.683;95.721;95.787;9233
2015.07.17;04:00:00;95.759;95.694;95.742;95.719;10344
2015.07.17;08:00:00;95.765;95.525;95.555;95.741;24139
2015.07.17;12:00:00;95.744;95.41;95.53;95.554;29444
2015.07.17;16:00:00;95.72;95.356;95.481;95.531;30426
2015.07.17;20:00:00;95.636;95.439;95.608;95.481;11408
2015.07.20;00:00:00;95.648;95.52;95.57;95.533;4943
2015.07.20;04:00:00;95.616;95.501;95.588;95.568;12820
2015.07.20;08:00:00;95.825;95.562;95.739;95.589;26931
2015.07.20;12:00:00;95.801;95.544;95.655;95.74;32062
2015.07.20;16:00:00;95.836;95.459;95.656;95.654;32262
2015.07.20;20:00:00;95.685;95.548;95.615;95.654;12693
2015.07.21;00:00:00;95.715;95.528;95.689;95.543;8758
2015.07.21;04:00:00;95.768;95.62;95.675;95.688;14718
2015.07.21;08:00:00;95.797;95.608;95.679;95.676;31385
2015.07.21;12:00:00;95.796;95.651;95.719;95.678;47097
2015.07.21;16:00:00;96.028;95.555;95.713;95.721;49209
2015.07.21;20:00:00;95.74;95.538;95.639;95.713;16876
2015.07.22;00:00:00;95.715;95.574;95.641;95.644;8290
2015.07.22;04:00:00;95.643;95.374;95.455;95.642;15018
2015.07.22;08:00:00;95.469;95.255;95.338;95.455;33334
2015.07.22;12:00:00;95.4;94.96;95.054;95.336;39357
2015.07.22;16:00:00;95.304;94.994;95.298;95.056;44560
2015.07.22;20:00:00;95.3;95.06;95.08;95.3;13072
2015.07.23;00:00:00;95.193;95.018;95.136;95.028;10589
2015.07.23;04:00:00;95.201;95.071;95.163;95.137;11833
2015.07.23;08:00:00;95.502;95.051;95.412;95.165;34097
2015.07.23;12:00:00;95.661;95.288;95.385;95.411;41606
2015.07.23;16:00:00;95.526;94.954;95.003;95.386;44927
2015.07.23;20:00:00;95.167;94.881;95.021;95.003;15659
2015.07.24;00:00:00;95.211;94.968;95.199;95.024;8603
2015.07.24;04:00:00;95.232;94.944;95.081;95.198;12623
2015.07.24;08:00:00;95.231;94.968;95.181;95.08;31554
2015.07.24;12:00:00;95.202;94.676;94.754;95.182;44757
2015.07.24;16:00:00;94.88;94.497;94.513;94.753;45725
2015.07.24;20:00:00;94.973;94.477;94.917;94.514;15424
2015.07.27;00:00:00;94.938;94.729;94.828;94.829;7734
2015.07.27;04:00:00;94.897;94.714;94.741;94.827;12865
2015.07.27;08:00:00;95.026;94.609;94.984;94.742;37411
2015.07.27;12:00:00;95.016;94.401;94.479;94.984;49794
2015.07.27;16:00:00;94.745;94.405;94.514;94.477;47885
2015.07.27;20:00:00;94.625;94.406;94.512;94.512;12649
2015.07.28;00:00:00;94.58;94.458;94.467;94.503;8917
2015.07.28;04:00:00;94.969;94.364;94.948;94.467;16072
2015.07.28;08:00:00;95.05;94.804;95.04;94.948;38841
2015.07.28;12:00:00;95.212;94.985;95.165;95.041;47870
2015.07.28;16:00:00;95.632;95.027;95.551;95.164;47575
2015.07.28;20:00:00;95.696;95.494;95.605;95.551;14404
2015.07.29;00:00:00;95.649;95.477;95.514;95.603;11721
2015.07.29;04:00:00;95.578;95.36;95.363;95.514;12398
2015.07.29;08:00:00;95.495;95.312;95.481;95.361;39507
2015.07.29;12:00:00;95.625;95.371;95.43;95.478;46635
2015.07.29;16:00:00;96.156;95.402;95.973;95.429;47650
2015.07.29;20:00:00;96.087;95.668;95.714;95.973;25830
2015.07.30;00:00:00;95.776;95.652;95.749;95.715;9166
2015.07.30;04:00:00;95.865;95.732;95.739;95.748;11853
2015.07.30;08:00:00;95.774;95.574;95.714;95.739;34445
2015.07.30;12:00:00;95.918;95.549;95.779;95.714;45445
2015.07.30;16:00:00;95.792;95.32;95.594;95.78;47936
2015.07.30;20:00:00;95.625;95.359;95.449;95.592;17601
2015.07.31;00:00:00;95.541;95.305;95.404;95.454;12917
2015.07.31;04:00:00;95.44;95.31;95.37;95.404;13625
2015.07.31;08:00:00;95.434;95.247;95.282;95.37;38376
2015.07.31;12:00:00;95.4;94.682;95.122;95.282;54406
2015.07.31;16:00:00;95.441;94.89;95.052;95.127;59199
2015.07.31;20:00:00;95.054;94.588;94.631;95.054;21441
2015.08.03;00:00:00;94.738;94.473;94.532;94.613;10451
2015.08.03;04:00:00;94.564;94.439;94.53;94.529;14589
2015.08.03;08:00:00;94.608;94.21;94.37;94.528;35181
2015.08.03;12:00:00;94.553;94.275;94.403;94.37;51486
2015.08.03;16:00:00;94.536;94.149;94.163;94.403;49081
2015.08.03;20:00:00;94.286;94.143;94.258;94.164;13110
2015.08.04;00:00:00;94.276;94.079;94.135;94.255;16677
2015.08.04;04:00:00;94.229;94.099;94.197;94.134;16637
2015.08.04;08:00:00;94.586;94.189;94.497;94.197;40387
2015.08.04;12:00:00;94.497;94.256;94.424;94.497;47319
2015.08.04;16:00:00;94.541;94.317;94.409;94.43;47903
2015.08.04;20:00:00;94.422;94.087;94.255;94.409;25513
2015.08.05;00:00:00;94.316;94.169;94.207;94.252;15929
2015.08.05;04:00:00;94.332;94.159;94.235;94.208;16532
2015.08.05;08:00:00;94.338;94.152;94.325;94.235;38093
2015.08.05;12:00:00;94.735;94.142;94.627;94.326;50854
2015.08.05;16:00:00;94.999;94.59;94.69;94.626;44726
2015.08.05;20:00:00;94.74;94.591;94.729;94.688;19010
2015.08.06;00:00:00;94.82;94.648;94.813;94.724;13447
2015.08.06;04:00:00;94.839;94.691;94.777;94.813;15279
2015.08.06;08:00:00;94.846;94.716;94.746;94.775;32772
2015.08.06;12:00:00;94.853;94.645;94.781;94.747;52463
2015.08.06;16:00:00;94.869;94.559;94.868;94.779;46729
2015.08.06;20:00:00;95.215;94.839;95.115;94.868;16568
2015.08.07;00:00:00;95.148;95.034;95.052;95.113;10295
2015.08.07;04:00:00;95.134;95.048;95.09;95.052;14702
2015.08.07;08:00:00;95.178;95.07;95.098;95.09;32800
2015.08.07;12:00:00;95.442;94.794;94.816;95.097;47501
2015.08.07;16:00:00;95.184;94.55;94.557;94.816;53263
2015.08.07;20:00:00;94.671;94.465;94.546;94.556;16191
2015.08.10;00:00:00;94.63;94.509;94.548;94.578;9425
2015.08.10;04:00:00;94.655;94.525;94.631;94.548;13132
2015.08.10;08:00:00;94.732;94.497;94.617;94.632;34279
2015.08.10;12:00:00;95.031;94.61;94.866;94.617;43682
2015.08.10;16:00:00;95.726;94.785;95.687;94.866;46893
2015.08.10;20:00:00;95.869;95.553;95.834;95.685;17776
2015.08.11;00:00:00;95.858;95.684;95.799;95.834;12690
2015.08.11;04:00:00;95.804;95.185;95.371;95.8;27567
2015.08.11;08:00:00;96;95.301;95.786;95.371;41434
2015.08.11;12:00:00;95.796;95.363;95.428;95.785;47605
2015.08.11;16:00:00;95.428;94.965;95.278;95.428;49900
2015.08.11;20:00:00;95.483;95.196;95.383;95.279;18605
2015.08.12;00:00:00;95.568;95.353;95.532;95.381;15473
2015.08.12;04:00:00;95.608;95.139;95.243;95.532;24698
2015.08.12;08:00:00;95.333;94.957;95.217;95.243;47052
2015.08.12;12:00:00;95.772;95.16;95.532;95.218;50755
2015.08.12;16:00:00;95.596;95.323;95.543;95.532;53472
2015.08.12;20:00:00;95.696;95.413;95.69;95.543;19627
2015.08.13;00:00:00;95.77;95.606;95.706;95.69;13098
2015.08.13;04:00:00;95.925;95.571;95.846;95.708;19802
2015.08.13;08:00:00;95.966;95.761;95.812;95.847;36684
2015.08.13;12:00:00;95.824;95.325;95.364;95.813;44330
2015.08.13;16:00:00;95.47;94.992;95.138;95.362;48224
2015.08.13;20:00:00;95.278;95.05;95.248;95.14;18753
2015.08.14;00:00:00;95.268;95.136;95.215;95.249;15455
2015.08.14;04:00:00;95.294;95.144;95.175;95.215;18332
2015.08.14;08:00:00;95.265;95.032;95.089;95.175;35851
2015.08.14;12:00:00;95.232;94.91;94.995;95.088;43569
2015.08.14;16:00:00;95.4;94.94;95.107;94.998;45963
2015.08.14;20:00:00;95.11;94.867;94.894;95.11;12070
2015.08.17;00:00:00;94.964;94.813;94.886;94.813;9809
2015.08.17;04:00:00;94.959;94.819;94.85;94.887;14691
2015.08.17;08:00:00;94.918;94.708;94.776;94.85;33210
2015.08.17;12:00:00;94.89;94.663;94.733;94.776;42216
2015.08.17;16:00:00;95.031;94.66;95.025;94.733;43258
2015.08.17;20:00:00;95.212;94.982;95.079;95.025;15768
2015.08.18;00:00:00;95.081;94.955;95.006;95.081;12678
2015.08.18;04:00:00;95.065;94.944;94.985;95.005;16894
2015.08.18;08:00:00;95;94.668;94.734;94.987;36091
2015.08.18;12:00:00;95.036;94.729;94.994;94.733;43971
2015.08.18;16:00:00;95.215;94.944;95.144;94.993;44996
2015.08.18;20:00:00;95.352;95.034;95.242;95.144;15934
2015.08.19;00:00:00;95.28;95.193;95.248;95.24;11607
2015.08.19;04:00:00;95.316;95.119;95.227;95.248;17149
2015.08.19;08:00:00;95.373;95.115;95.241;95.226;34295
2015.08.19;12:00:00;95.251;95.049;95.075;95.241;42241
2015.08.19;16:00:00;95.11;94.159;94.201;95.075;47256
2015.08.19;20:00:00;94.931;94.177;94.273;94.2;32389
2015.08.20;00:00:00;94.519;94.198;94.487;94.269;16154
2015.08.20;04:00:00;94.579;94.445;94.541;94.486;16650
2015.08.20;08:00:00;94.602;94.029;94.036;94.54;37080
2015.08.20;12:00:00;94.77;94.02;94.622;94.035;42819
2015.08.20;16:00:00;94.677;94.232;94.25;94.622;50352
2015.08.20;20:00:00;94.414;94.146;94.243;94.249;23418
2015.08.21;00:00:00;94.413;94.223;94.361;94.231;13178
2015.08.21;04:00:00;94.369;93.693;93.877;94.361;25499
2015.08.21;08:00:00;93.988;93.75;93.973;93.877;38279
2015.08.21;12:00:00;94.02;93.535;93.685;93.972;46944
2015.08.21;16:00:00;93.751;92.52;92.565;93.686;62786
2015.08.21;20:00:00;92.98;92.439;92.574;92.565;34286
2015.08.24;00:00:00;92.549;91.543;91.941;92.399;23792
2015.08.24;04:00:00;91.977;91.07;91.433;91.941;36807
2015.08.24;08:00:00;91.524;90.934;91.117;91.435;49059
2015.08.24;12:00:00;91.203;90.189;90.284;91.118;61085
2015.08.24;16:00:00;90.395;87.376;90.296;90.286;75031
2015.08.24;20:00:00;90.466;89.09;89.092;90.296;44634
2015.08.25;00:00:00;89.598;88.996;89.557;89.087;23022
2015.08.25;04:00:00;90.616;89.52;90.206;89.556;33688
2015.08.25;08:00:00;90.667;89.497;90.292;90.206;51624
2015.08.25;12:00:00;91.333;90.282;90.794;90.29;60042
2015.08.25;16:00:00;90.897;89.976;90.047;90.795;67113
2015.08.25;20:00:00;90.101;88.799;89.072;90.046;36487
2015.08.26;00:00:00;89.549;88.749;89.242;89.06;25775
2015.08.26;04:00:00;89.883;89.048;89.817;89.242;29577
2015.08.26;08:00:00;90.092;89.595;89.934;89.818;50243
2015.08.26;12:00:00;90.398;89.652;90.149;89.93;55056
2015.08.26;16:00:00;90.16;89.255;89.632;90.149;63690
2015.08.26;20:00:00;90.194;89.458;90.193;89.632;34039
2015.08.27;00:00:00;90.507;90.058;90.243;90.195;19960
2015.08.27;04:00:00;90.582;90.186;90.221;90.245;20603
2015.08.27;08:00:00;91.137;90.094;91.008;90.221;43165
2015.08.27;12:00:00;91.185;90.779;91.009;91.007;47100
2015.08.27;16:00:00;92.03;90.672;91.837;91.008;61050
2015.08.27;20:00:00;91.918;90.986;91.662;91.838;34006
2015.08.28;00:00:00;91.906;91.614;91.87;91.669;14132
2015.08.28;04:00:00;92.007;91.622;91.766;91.871;20643
2015.08.28;08:00:00;91.849;91.19;91.285;91.766;42944
2015.08.28;12:00:00;91.523;90.811;90.863;91.287;55856
2015.08.28;16:00:00;91.939;90.791;91.864;90.863;62861
2015.08.28;20:00:00;92.101;91.459;92.078;91.868;25259
2015.08.31;00:00:00;92.043;91.458;91.537;91.989;16137
2015.08.31;04:00:00;91.69;91.29;91.468;91.537;20244
2015.08.31;08:00:00;91.571;91.329;91.443;91.468;28407
2015.08.31;12:00:00;91.655;91.266;91.268;91.441;31449
2015.08.31;16:00:00;91.854;90.835;91.757;91.269;37116
2015.08.31;20:00:00;92.411;91.746;92.233;91.755;22857
2015.09.01;00:00:00;92.3;91.914;91.999;92.236;13033
2015.09.01;04:00:00;92.099;91.749;91.84;91.999;23045
2015.09.01;08:00:00;91.901;90.38;90.634;91.84;51765
2015.09.01;12:00:00;91.383;90.578;90.889;90.633;63576
2015.09.01;16:00:00;91.5;90.646;90.888;90.898;66573
2015.09.01;20:00:00;90.966;89.99;90;90.889;39253
2015.09.02;00:00:00;90.992;89.936;90.886;90;24099
2015.09.02;04:00:00;91.003;90.525;90.864;90.886;31638
2015.09.02;08:00:00;90.9;90.303;90.479;90.865;49983
2015.09.02;12:00:00;90.989;90.323;90.985;90.479;55564
2015.09.02;16:00:00;91.135;90.085;90.525;90.985;62144
2015.09.02;20:00:00;90.693;90.316;90.66;90.525;31512
2015.09.03;00:00:00;90.945;90.636;90.888;90.664;16775
2015.09.03;04:00:00;90.94;90.61;90.836;90.888;19899
2015.09.03;08:00:00;90.851;90.588;90.659;90.835;38217
2015.09.03;12:00:00;90.785;90.398;90.59;90.659;53082
2015.09.03;16:00:00;91.451;90.191;90.945;90.592;61594
2015.09.03;20:00:00;91.097;90.606;91.073;90.945;28300
2015.09.04;00:00:00;91.139;90.673;90.696;91.082;18008
2015.09.04;04:00:00;90.844;90.066;90.209;90.696;29181
2015.09.04;08:00:00;90.488;89.796;90.063;90.207;47708
2015.09.04;12:00:00;90.609;89.741;90.142;90.062;41790
2015.09.04;16:00:00;90.308;89.508;89.683;90.141;60291
2015.09.04;20:00:00;89.856;89.623;89.635;89.685;21328
2015.09.07;00:00:00;89.863;89.427;89.708;89.574;18032
2015.09.07;04:00:00;90.144;89.673;90.015;89.707;24961
2015.09.07;08:00:00;90.099;89.857;89.912;90.026;41741
2015.09.07;12:00:00;89.968;89.747;89.871;89.911;42521
2015.09.07;16:00:00;89.942;89.619;89.652;89.871;17175
2015.09.07;20:00:00;89.7;89.601;89.609;89.653;6116
2015.09.08;00:00:00;89.864;89.583;89.754;89.61;11942
2015.09.08;04:00:00;89.804;89.311;89.544;89.754;25047
2015.09.08;08:00:00;90.554;89.526;90.387;89.545;31761
2015.09.08;12:00:00;90.774;90.386;90.715;90.386;27866
2015.09.08;16:00:00;90.862;90.347;90.579;90.715;36209
2015.09.08;20:00:00;90.891;90.581;90.678;90.581;16134
2015.09.09;00:00:00;91.199;90.648;91.164;90.689;15473
2015.09.09;04:00:00;91.348;91.047;91.093;91.164;22839
2015.09.09;08:00:00;91.4;90.98;91.058;91.093;31396
2015.09.09;12:00:00;91.384;90.99;91.384;91.056;28560
2015.09.09;16:00:00;92.052;91.213;91.526;91.383;41507
2015.09.09;20:00:00;91.625;90.842;90.847;91.525;28107
2015.09.10;00:00:00;90.968;90.359;90.527;90.841;21443
2015.09.10;04:00:00;91.552;90.336;91.04;90.526;26319
2015.09.10;08:00:00;91.667;90.925;91.485;91.04;35706
2015.09.10;12:00:00;91.843;90.828;91;91.486;37884
2015.09.10;16:00:00;91.387;90.881;91.227;91.003;46865
2015.09.10;20:00:00;91.503;90.979;91.002;91.225;25822
2015.09.11;00:00:00;91.418;90.993;91.239;91.004;19449
2015.09.11;04:00:00;91.406;91.237;91.39;91.24;14799
2015.09.11;08:00:00;91.389;90.656;90.844;91.389;26133
2015.09.11;12:00:00;91.181;90.772;90.959;90.843;25121
2015.09.11;16:00:00;91.085;90.569;91.045;90.958;38062
2015.09.11;20:00:00;91.08;90.767;90.887;91.044;18584
2015.09.14;00:00:00;91.204;90.836;91.118;90.855;13511
2015.09.14;04:00:00;91.234;90.758;90.843;91.119;22749
2015.09.14;08:00:00;90.964;90.66;90.747;90.844;26923
2015.09.14;12:00:00;90.904;90.68;90.794;90.748;20434
2015.09.14;16:00:00;90.861;90.305;90.395;90.794;31152
2015.09.14;20:00:00;90.664;90.307;90.619;90.396;16732
2015.09.15;00:00:00;91.024;90.595;90.992;90.616;13522
2015.09.15;04:00:00;90.998;90.405;90.441;90.991;21356
2015.09.15;08:00:00;90.594;90.087;90.237;90.44;31297
2015.09.15;12:00:00;90.421;90.173;90.401;90.239;24488
2015.09.15;16:00:00;90.794;90.339;90.753;90.402;33846
2015.09.15;20:00:00;90.973;90.709;90.861;90.753;17467
2015.09.16;00:00:00;90.938;90.768;90.895;90.862;12876
2015.09.16;04:00:00;90.926;90.766;90.793;90.893;14550
2015.09.16;08:00:00;91.074;90.676;90.993;90.793;22818
2015.09.16;12:00:00;91.322;90.843;91.22;90.994;23493
2015.09.16;16:00:00;91.698;91.097;91.58;91.22;35365
2015.09.16;20:00:00;91.649;91.385;91.503;91.579;18436
2015.09.17;00:00:00;91.583;91.438;91.464;91.509;12137
2015.09.17;04:00:00;91.6;91.345;91.599;91.463;15016
2015.09.17;08:00:00;91.759;91.573;91.604;91.598;21081
2015.09.17;12:00:00;91.703;91.483;91.624;91.605;17052
2015.09.17;16:00:00;91.806;91.542;91.645;91.625;28494
2015.09.17;20:00:00;92.023;90.868;91.012;91.645;46751
2015.09.18;00:00:00;91.283;90.779;90.884;91.006;19218
2015.09.18;04:00:00;91.36;90.796;90.947;90.884;19887
2015.09.18;08:00:00;91.431;90.826;91.116;90.946;32483
2015.09.18;12:00:00;91.718;91.018;91.588;91.116;35426
2015.09.18;16:00:00;91.626;90.977;91.109;91.588;43459
2015.09.18;20:00:00;91.15;90.647;90.702;91.11;28711
2015.09.21;00:00:00;90.831;90.574;90.624;90.748;13704
2015.09.21;04:00:00;90.743;90.574;90.633;90.624;14506
2015.09.21;08:00:00;91.082;90.633;91.026;90.634;24488
2015.09.21;12:00:00;91.424;90.996;91.128;91.026;26086
2015.09.21;16:00:00;91.144;90.736;90.753;91.128;36055
2015.09.21;20:00:00;91.163;90.746;90.936;90.752;24441
2015.09.22;00:00:00;91.059;90.848;90.903;90.931;7879
2015.09.22;04:00:00;90.999;90.824;90.968;90.904;9990
2015.09.22;08:00:00;91.061;90.392;90.507;90.968;27727
2015.09.22;12:00:00;90.551;90.13;90.267;90.506;31209
2015.09.22;16:00:00;90.565;90.143;90.352;90.266;37567
2015.09.22;20:00:00;90.657;90.22;90.501;90.355;22515
2015.09.23;00:00:00;90.601;90.366;90.543;90.504;9824
2015.09.23;04:00:00;90.601;90.029;90.073;90.543;15760
2015.09.23;08:00:00;90.73;89.967;90.68;90.072;27475
2015.09.23;12:00:00;90.874;90.261;90.293;90.68;28069
2015.09.23;16:00:00;90.903;89.912;90.061;90.293;41952
2015.09.23;20:00:00;90.28;90.019;90.256;90.063;20906
2015.09.24;00:00:00;90.368;90.136;90.152;90.263;12546
2015.09.24;04:00:00;90.351;89.994;90.13;90.152;21602
2015.09.24;08:00:00;90.187;89.943;90.05;90.13;28711
2015.09.24;12:00:00;90.079;89.054;89.133;90.046;35398
2015.09.24;16:00:00;89.799;88.985;89.529;89.132;48090
2015.09.24;20:00:00;90.28;89.462;90.215;89.529;30237
2015.09.25;00:00:00;90.298;90.005;90.139;90.214;20195
2015.09.25;04:00:00;90.228;89.904;90.195;90.141;22937
2015.09.25;08:00:00;90.779;90.19;90.737;90.195;32438
2015.09.25;12:00:00;90.922;90.565;90.76;90.735;32305
2015.09.25;16:00:00;90.847;90.47;90.585;90.761;40792
2015.09.25;20:00:00;90.727;90.353;90.428;90.587;23582
2015.09.28;00:00:00;90.473;90.153;90.335;90.293;12462
2015.09.28;04:00:00;90.368;90.164;90.308;90.336;15413
2015.09.28;08:00:00;90.403;90.094;90.182;90.307;29317
2015.09.28;12:00:00;90.212;89.706;90.036;90.183;26526
2015.09.28;16:00:00;90.089;89.554;89.726;90.036;41358
2015.09.28;20:00:00;89.792;89.435;89.501;89.725;24067
2015.09.29;00:00:00;89.574;89.222;89.304;89.501;13690
2015.09.29;04:00:00;89.354;89.114;89.138;89.305;20025
2015.09.29;08:00:00;89.536;88.866;89.424;89.138;35872
2015.09.29;12:00:00;89.613;89.249;89.606;89.425;27252
2015.09.29;16:00:00;89.802;88.925;88.948;89.605;47858
2015.09.29;20:00:00;89.283;88.946;89.187;88.949;27951
2015.09.30;00:00:00;89.416;89.149;89.327;89.187;14931
2015.09.30;04:00:00;89.409;89.169;89.372;89.327;17683
2015.09.30;08:00:00;89.762;89.317;89.708;89.373;26023
2015.09.30;12:00:00;89.852;89.477;89.564;89.709;24069
2015.09.30;16:00:00;89.864;89.212;89.303;89.561;41545
2015.09.30;20:00:00;90.077;89.303;90.027;89.304;29503
2015.10.01;00:00:00;90.052;89.887;90.049;90.032;13839
2015.10.01;04:00:00;90.503;90.04;90.428;90.049;20190
2015.10.01;08:00:00;90.536;90.244;90.376;90.427;23414
2015.10.01;12:00:00;90.562;90.124;90.227;90.377;28427
2015.10.01;16:00:00;90.6;90.139;90.244;90.227;45220
2015.10.01;20:00:00;90.476;90.157;90.357;90.243;23605
2015.10.02;00:00:00;90.585;90.348;90.559;90.361;11515
2015.10.02;04:00:00;90.722;90.545;90.582;90.561;16245
2015.10.02;08:00:00;90.822;90.579;90.737;90.584;19858
2015.10.02;12:00:00;91.004;90.131;90.253;90.737;26522
2015.10.02;16:00:00;90.814;89.703;90.712;90.25;55194
2015.10.02;20:00:00;91.243;90.626;91.108;90.715;30965
2015.10.05;00:00:00;91.246;91.015;91.176;91.16;13911
2015.10.05;04:00:00;91.438;91.133;91.304;91.175;17271
2015.10.05;08:00:00;91.708;91.233;91.674;91.305;37876
2015.10.05;12:00:00;92.043;91.577;91.621;91.675;46242
2015.10.05;16:00:00;92.02;91.592;91.936;91.621;51012
2015.10.05;20:00:00;92.13;91.884;92.031;91.935;26572
2015.10.06;00:00:00;92.081;91.98;92.017;92.047;11632
2015.10.06;04:00:00;92.214;91.973;92.199;92.017;15061
2015.10.06;08:00:00;92.21;91.706;91.973;92.2;34376
2015.10.06;12:00:00;92.043;91.605;91.764;91.972;37476
2015.10.06;16:00:00;92.23;91.726;92.206;91.763;53717
2015.10.06;20:00:00;92.318;92.094;92.209;92.207;28744
2015.10.07;00:00:00;92.253;92.124;92.177;92.207;14020
2015.10.07;04:00:00;92.361;91.928;92.206;92.177;23295
2015.10.07;08:00:00;92.36;92.062;92.221;92.206;38748
2015.10.07;12:00:00;92.483;92.011;92.199;92.22;39671
2015.10.07;16:00:00;92.537;91.713;91.905;92.201;54311
2015.10.07;20:00:00;92.059;91.716;91.886;91.904;29038
2015.10.08;00:00:00;91.935;91.702;91.907;91.888;12232
2015.10.08;04:00:00;92.005;91.676;91.719;91.908;16650
2015.10.08;08:00:00;91.871;91.619;91.694;91.719;34528
2015.10.08;12:00:00;92.019;91.677;91.794;91.693;41756
2015.10.08;16:00:00;92.218;91.696;92.068;91.794;47699
2015.10.08;20:00:00;92.276;92.022;92.115;92.066;31968
2015.10.09;00:00:00;92.319;92.062;92.271;92.114;11871
2015.10.09;04:00:00;92.555;92.264;92.527;92.272;15590
2015.10.09;08:00:00;92.843;92.487;92.832;92.527;34517
2015.10.09;12:00:00;93.246;92.684;92.729;92.83;45841
2015.10.09;16:00:00;93.129;92.532;93.018;92.729;48884
2015.10.09;20:00:00;93.063;92.781;92.836;93.017;19741
2015.10.12;00:00:00;92.891;92.659;92.828;92.683;9440
2015.10.12;04:00:00;93.06;92.805;92.99;92.829;6635
2015.10.12;08:00:00;93.146;92.913;92.968;92.992;22396
2015.10.12;12:00:00;93.049;92.782;92.8;92.968;29704
2015.10.12;16:00:00;92.93;92.443;92.477;92.8;38633
2015.10.12;20:00:00;92.482;92.183;92.335;92.476;18903
2015.10.13;00:00:00;92.342;91.998;92.013;92.336;8608
2015.10.13;04:00:00;92.095;91.729;91.837;92.013;13506
2015.10.13;08:00:00;92.037;91.583;91.741;91.836;25283
2015.10.13;12:00:00;91.789;91.545;91.608;91.743;36250
2015.10.13;16:00:00;92.481;91.477;92.082;91.608;48915
2015.10.13;20:00:00;92.181;91.797;91.817;92.082;26216
2015.10.14;00:00:00;91.98;91.765;91.767;91.811;11753
2015.10.14;04:00:00;92.073;91.757;91.937;91.766;12610
2015.10.14;08:00:00;92.175;91.829;91.905;91.938;30917
2015.10.14;12:00:00;92.144;91.707;91.728;91.908;36778
2015.10.14;16:00:00;92.091;91.593;91.872;91.729;51197
2015.10.14;20:00:00;91.961;91.612;91.844;91.873;33687
2015.10.15;00:00:00;92.195;91.77;92.009;91.84;12083
2015.10.15;04:00:00;92.265;92.008;92.108;92.008;14684
2015.10.15;08:00:00;92.136;91.664;91.857;92.107;32230
2015.10.15;12:00:00;91.915;91.457;91.719;91.858;29232
2015.10.15;16:00:00;92.084;91.539;92.068;91.719;40961
2015.10.15;20:00:00;92.592;92.062;92.396;92.068;20371
2015.10.16;00:00:00;92.67;92.312;92.503;92.389;14224
2015.10.16;04:00:00;92.647;92.425;92.497;92.503;11703
2015.10.16;08:00:00;92.616;92.274;92.321;92.497;20405
2015.10.16;12:00:00;92.445;92.03;92.314;92.321;23817
2015.10.16;16:00:00;92.54;92.142;92.355;92.312;31997
2015.10.16;20:00:00;92.562;92.258;92.438;92.356;16946
2015.10.19;00:00:00;92.504;92.242;92.282;92.464;9548
2015.10.19;04:00:00;92.531;92.02;92.387;92.283;13075
2015.10.19;08:00:00;92.492;92.142;92.412;92.388;16692
2015.10.19;12:00:00;92.583;92.082;92.125;92.409;21404
2015.10.19;16:00:00;92.268;91.767;91.85;92.124;29641
2015.10.19;20:00:00;91.896;91.638;91.761;91.85;12630
2015.10.20;00:00:00;91.808;91.684;91.726;91.771;10572
2015.10.20;04:00:00;91.786;91.566;91.661;91.727;8740
2015.10.20;08:00:00;92.106;91.522;91.718;91.661;19664
2015.10.20;12:00:00;92.204;91.675;92.187;91.718;22810
2015.10.20;16:00:00;92.676;92.16;92.347;92.186;29183
2015.10.20;20:00:00;92.423;92.202;92.307;92.348;15254
2015.10.21;00:00:00;92.445;92.192;92.401;92.307;10294
2015.10.21;04:00:00;92.503;92.336;92.467;92.402;9867
2015.10.21;08:00:00;92.52;91.994;92.239;92.466;20950
2015.10.21;12:00:00;92.387;92.095;92.105;92.244;20502
2015.10.21;16:00:00;92.192;91.383;91.457;92.105;33485
2015.10.21;20:00:00;91.479;91.231;91.251;91.455;18262
2015.10.22;00:00:00;91.336;91.192;91.21;91.251;12640
2015.10.22;04:00:00;91.434;91.096;91.168;91.215;12663
2015.10.22;08:00:00;91.334;91.093;91.286;91.169;23627
2015.10.22;12:00:00;91.482;91.093;91.446;91.284;34449
2015.10.22;16:00:00;92.176;91.353;92.096;91.444;45299
2015.10.22;20:00:00;92.198;91.893;92.187;92.096;28298
2015.10.23;00:00:00;92.371;92.092;92.317;92.191;14586
2015.10.23;04:00:00;92.342;92.171;92.201;92.317;13758
2015.10.23;08:00:00;92.43;91.924;91.975;92.2;31628
2015.10.23;12:00:00;92.582;91.911;92.035;91.975;41702
2015.10.23;16:00:00;92.159;91.635;92.061;92.034;50712
2015.10.23;20:00:00;92.246;91.918;92.225;92.061;25412
2015.10.25;23:00:00;92.244;92.088;92.181;92.165;959
2015.10.26;00:00:00;92.208;91.861;91.993;92.202;19291
2015.10.26;04:00:00;92.099;91.931;92.034;91.992;13190
2015.10.26;08:00:00;92.168;91.812;92.154;92.034;32207
2015.10.26;12:00:00;92.153;91.836;91.839;92.153;38262
2015.10.26;16:00:00;92.202;91.714;92.057;91.833;40511
2015.10.26;20:00:00;92.126;91.874;91.928;92.057;17286
2015.10.27;00:00:00;91.975;91.698;91.776;91.92;13032
2015.10.27;04:00:00;91.776;91.46;91.597;91.776;11052
2015.10.27;08:00:00;91.663;91.254;91.355;91.597;30314
2015.10.27;12:00:00;91.379;90.897;90.981;91.356;40172
2015.10.27;16:00:00;91.003;90.712;90.786;90.966;42115
2015.10.27;20:00:00;90.813;90.633;90.728;90.787;20066
2015.10.28;00:00:00;90.842;90.571;90.753;90.727;18155
2015.10.28;04:00:00;90.753;90.639;90.721;90.752;9861
2015.10.28;08:00:00;90.999;90.721;90.908;90.721;27205
2015.10.28;12:00:00;91.218;90.867;91.197;90.907;36110
2015.10.28;16:00:00;92.051;91.069;91.838;91.197;41794
2015.10.28;20:00:00;91.98;91.39;91.735;91.838;31278
2015.10.29;00:00:00;91.795;91.375;91.425;91.747;16586
2015.10.29;04:00:00;91.485;91.273;91.402;91.427;9457
2015.10.29;08:00:00;91.469;91.151;91.389;91.403;32963
2015.10.29;12:00:00;91.905;91.331;91.784;91.389;40580
2015.10.29;16:00:00;92.159;91.713;91.987;91.779;34928
2015.10.29;20:00:00;92.052;91.908;91.92;91.986;13313
2015.10.30;00:00:00;92.008;91.86;91.893;91.924;14749
2015.10.30;04:00:00;92.25;91.44;92.01;91.894;23451
2015.10.30;08:00:00;92.049;91.565;91.64;92.012;36659
2015.10.30;12:00:00;91.68;91.389;91.541;91.641;42524
2015.10.30;16:00:00;92.466;91.5;92.288;91.551;43229
2015.10.30;20:00:00;92.359;92.209;92.259;92.286;19528
2015.11.02;00:00:00;92.219;91.967;92.131;91.967;16193
2015.11.02;04:00:00;92.136;91.987;92.039;92.13;9460
2015.11.02;08:00:00;92.161;92.002;92.009;92.038;32830
2015.11.02;12:00:00;92.116;91.907;92.008;92.009;33201
2015.11.02;16:00:00;92.27;91.939;92.131;92.009;36219
2015.11.02;20:00:00;92.221;92.036;92.194;92.139;18095
2015.11.03;00:00:00;92.3;92.136;92.265;92.2;11347
2015.11.03;04:00:00;92.282;92.172;92.211;92.267;9256
2015.11.03;08:00:00;92.215;91.989;92.062;92.21;28643
2015.11.03;12:00:00;92.197;91.918;92.068;92.062;30949
2015.11.03;16:00:00;92.617;92.015;92.605;92.067;42428
2015.11.03;20:00:00;92.905;92.581;92.676;92.605;24371
2015.11.04;00:00:00;92.962;92.608;92.925;92.669;16000
2015.11.04;04:00:00;92.935;92.678;92.767;92.927;14001
2015.11.04;08:00:00;92.808;92.651;92.792;92.766;30351
2015.11.04;12:00:00;92.88;92.621;92.642;92.792;31875
2015.11.04;16:00:00;92.732;92.221;92.294;92.641;45387
2015.11.04;20:00:00;92.437;92.132;92.427;92.296;21921
2015.11.05;00:00:00;92.447;92.143;92.253;92.427;14133
2015.11.05;04:00:00;92.346;92.226;92.272;92.253;11223
2015.11.05;08:00:00;92.627;92.256;92.555;92.272;33157
2015.11.05;12:00:00;92.726;92.317;92.448;92.555;37326
2015.11.05;16:00:00;92.596;92.183;92.546;92.447;45034
2015.11.05;20:00:00;92.581;92.347;92.423;92.549;23389
2015.11.06;00:00:00;92.473;92.395;92.442;92.42;12250
2015.11.06;04:00:00;92.511;92.394;92.476;92.443;8816
2015.11.06;08:00:00;92.602;92.467;92.515;92.475;31160
2015.11.06;12:00:00;92.759;92.177;92.501;92.518;36870
2015.11.06;16:00:00;92.739;92.346;92.538;92.5;49956
2015.11.06;20:00:00;92.705;92.535;92.553;92.539;24431
2015.11.09;00:00:00;92.876;92.599;92.864;92.639;13086
2015.11.09;04:00:00;92.919;92.773;92.833;92.864;12715
2015.11.09;08:00:00;93.099;92.795;92.979;92.835;25703
2015.11.09;12:00:00;93.238;92.862;92.907;92.978;29272
2015.11.09;16:00:00;93.012;92.601;92.708;92.906;38797
2015.11.09;20:00:00;92.778;92.597;92.678;92.709;20026
2015.11.10;00:00:00;92.858;92.63;92.815;92.679;14512
2015.11.10;04:00:00;92.871;92.753;92.836;92.814;8879
2015.11.10;08:00:00;92.97;92.704;92.763;92.837;26883
2015.11.10;12:00:00;92.962;92.73;92.778;92.763;32720
2015.11.10;16:00:00;93.028;92.744;92.928;92.778;40747
2015.11.10;20:00:00;92.934;92.735;92.742;92.926;21842
2015.11.11;00:00:00;92.817;92.597;92.678;92.738;18235
2015.11.11;04:00:00;92.801;92.613;92.713;92.679;13891
2015.11.11;08:00:00;92.829;92.673;92.758;92.713;23325
2015.11.11;12:00:00;92.862;92.677;92.745;92.758;21902
2015.11.11;16:00:00;92.965;92.517;92.578;92.746;32092
2015.11.11;20:00:00;92.676;92.524;92.617;92.578;15917
2015.11.12;00:00:00;92.958;92.58;92.926;92.619;18235
2015.11.12;04:00:00;92.948;92.699;92.745;92.927;12866
2015.11.12;08:00:00;92.787;92.573;92.641;92.744;26190
2015.11.12;12:00:00;92.71;92.252;92.346;92.64;29766
2015.11.12;16:00:00;92.471;92.111;92.232;92.345;47480
2015.11.12;20:00:00;92.43;92.22;92.221;92.233;22066
2015.11.13;00:00:00;92.357;92.203;92.311;92.217;16564
2015.11.13;04:00:00;92.329;92.161;92.205;92.31;12222
2015.11.13;08:00:00;92.387;92.17;92.263;92.204;23565
2015.11.13;12:00:00;92.37;92.09;92.117;92.262;32401
2015.11.13;16:00:00;92.216;91.89;92.163;92.118;38798
2015.11.13;20:00:00;92.228;91.976;91.977;92.163;18943
2015.11.16;00:00:00;92.014;91.774;91.979;91.833;22728
2015.11.16;04:00:00;92.006;91.869;91.965;91.98;9222
2015.11.16;08:00:00;92.406;91.948;92.379;91.965;27034
2015.11.16;12:00:00;92.506;92.105;92.125;92.38;29634
2015.11.16;16:00:00;92.418;92.018;92.324;92.126;36625
2015.11.16;20:00:00;92.504;92.307;92.375;92.323;17257
2015.11.17;00:00:00;92.519;92.37;92.488;92.374;15503
2015.11.17;04:00:00;92.532;92.429;92.505;92.488;12700
2015.11.17;08:00:00;92.606;92.396;92.572;92.506;22822
2015.11.17;12:00:00;92.709;92.421;92.682;92.573;28692
2015.11.17;16:00:00;92.773;92.507;92.676;92.681;38764
2015.11.17;20:00:00;92.712;92.532;92.642;92.675;22803
2015.11.18;00:00:00;92.686;92.565;92.595;92.646;11649
2015.11.18;04:00:00;92.646;92.506;92.531;92.595;8679
2015.11.18;08:00:00;92.679;92.516;92.618;92.53;20214
2015.11.18;12:00:00;92.705;92.464;92.556;92.618;23446
2015.11.18;16:00:00;92.638;92.342;92.427;92.555;33332
2015.11.18;20:00:00;92.937;92.388;92.911;92.428;22414
2015.11.19;00:00:00;93.066;92.806;93.032;92.907;16271
2015.11.19;04:00:00;93.077;92.792;92.975;93.032;18151
2015.11.19;08:00:00;93.016;92.825;92.938;92.974;23105
2015.11.19;12:00:00;92.949;92.581;92.596;92.939;25993
2015.11.19;16:00:00;92.686;92.39;92.444;92.596;40006
2015.11.19;20:00:00;92.491;92.276;92.47;92.444;17103
2015.11.20;00:00:00;92.49;92.367;92.46;92.471;15070
2015.11.20;04:00:00;92.511;92.33;92.359;92.459;13391
2015.11.20;08:00:00;92.396;92.133;92.258;92.36;25538
2015.11.20;12:00:00;92.413;92.07;92.349;92.26;24367
2015.11.20;16:00:00;92.547;91.968;92.096;92.347;36078
2015.11.20;20:00:00;92.191;91.956;91.963;92.095;20646
2015.11.23;00:00:00;92.129;91.875;91.978;91.962;12505
2015.11.23;04:00:00;92.026;91.917;91.963;91.978;9184
2015.11.23;08:00:00;92.008;91.861;91.887;91.963;23208
2015.11.23;12:00:00;92.324;91.651;91.942;91.888;32171
2015.11.23;16:00:00;92.127;91.846;92.003;91.942;33167
2015.11.23;20:00:00;92.028;91.79;91.891;92.01;13582
2015.11.24;00:00:00;92.016;91.871;91.932;91.888;12628
2015.11.24;04:00:00;91.984;91.877;91.913;91.933;9382
2015.11.24;08:00:00;92.102;91.716;91.786;91.912;23282
2015.11.24;12:00:00;91.831;91.614;91.649;91.784;28865
2015.11.24;16:00:00;92.137;91.647;91.999;91.649;33243
2015.11.24;20:00:00;92.117;91.973;92.052;91.998;18318
2015.11.25;00:00:00;92.117;91.988;92.029;92.064;15472
2015.11.25;04:00:00;92.144;92.003;92.101;92.028;11003
2015.11.25;08:00:00;92.106;91.865;92.004;92.1;23429
2015.11.25;12:00:00;92.24;91.987;92.207;92.005;28397
2015.11.25;16:00:00;92.342;92.094;92.199;92.207;33389
2015.11.25;20:00:00;92.337;92.124;92.32;92.199;15700
2015.11.26;00:00:00;92.349;92.165;92.274;92.343;12045
2015.11.26;04:00:00;92.278;92.136;92.151;92.273;8192
2015.11.26;08:00:00;92.18;92.011;92.079;92.152;17457
2015.11.26;12:00:00;92.155;92.033;92.099;92.079;17260
2015.11.26;16:00:00;92.233;92.047;92.221;92.098;12984
2015.11.26;20:00:00;92.271;92.176;92.181;92.223;20820
2015.11.27;00:00:00;92.266;92.126;92.194;92.181;13544
2015.11.27;04:00:00;92.206;92.043;92.06;92.196;9274
2015.11.27;08:00:00;92.07;91.799;91.927;92.06;23300
2015.11.27;12:00:00;92.002;91.802;91.881;91.926;23741
2015.11.27;16:00:00;91.951;91.781;91.901;91.883;25762
2015.11.27;20:00:00;91.917;91.71;91.763;91.901;8534
2015.11.30;00:00:00;91.886;91.7;91.723;91.852;12744
2015.11.30;04:00:00;91.76;91.67;91.725;91.724;10591
2015.11.30;08:00:00;91.954;91.677;91.895;91.725;19271
2015.11.30;12:00:00;92.108;91.875;92.08;91.895;21817
2015.11.30;16:00:00;92.613;92.058;92.21;92.079;29099
2015.11.30;20:00:00;92.294;92.087;92.11;92.21;16016
2015.12.01;00:00:00;92.33;92.073;92.266;92.112;14278
2015.12.01;04:00:00;92.268;91.978;92.089;92.267;18883
2015.12.01;08:00:00;92.417;92.023;92.322;92.091;21635
2015.12.01;12:00:00;92.504;91.85;92.016;92.321;23023
2015.12.01;16:00:00;92.247;91.82;91.871;92.017;37682
2015.12.01;20:00:00;91.968;91.777;91.951;91.87;20494
2015.12.02;00:00:00;92.014;91.857;91.964;91.953;11923
2015.12.02;04:00:00;92.024;91.947;92.014;91.964;9736
2015.12.02;08:00:00;92.13;91.988;92.081;92.013;19788
2015.12.02;12:00:00;92.104;91.972;92.007;92.086;24878
2015.12.02;16:00:00;92.683;91.969;92.412;92.008;39711
2015.12.02;20:00:00;92.468;92.111;92.35;92.411;27383
2015.12.03;00:00:00;92.38;92.257;92.324;92.35;11931
2015.12.03;04:00:00;92.763;92.311;92.674;92.324;15206
2015.12.03;08:00:00;92.732;92.564;92.65;92.673;20455
2015.12.03;12:00:00;92.696;92.245;92.415;92.649;36115
2015.12.03;16:00:00;92.467;91.721;91.754;92.416;47245
2015.12.03;20:00:00;91.92;91.593;91.785;91.752;34790
2015.12.04;00:00:00;91.976;91.758;91.886;91.781;19447
2015.12.04;04:00:00;91.927;91.701;91.787;91.886;15988
2015.12.04;08:00:00;92.037;91.663;92.016;91.786;25507
2015.12.04;12:00:00;92.273;91.721;91.812;92.016;34579
2015.12.04;16:00:00;92.378;91.515;91.987;91.812;53237
2015.12.04;20:00:00;92.139;91.982;92.121;91.991;22779
2015.12.07;00:00:00;92.163;91.95;92.049;92.088;14265
2015.12.07;04:00:00;92.058;91.968;92.005;92.047;10600
2015.12.07;08:00:00;92.04;91.897;91.906;92.005;17757
2015.12.07;12:00:00;91.938;91.5;91.511;91.906;24024
2015.12.07;16:00:00;91.576;91.105;91.136;91.51;38260
2015.12.07;20:00:00;91.389;91.105;91.374;91.136;20832
2015.12.08;00:00:00;91.39;91.136;91.196;91.374;12777
2015.12.08;04:00:00;91.198;91.019;91.028;91.198;13292
2015.12.08;08:00:00;91.117;90.784;90.949;91.027;22922
2015.12.08;12:00:00;91.007;90.149;90.182;90.949;30031
2015.12.08;16:00:00;90.725;90.117;90.467;90.181;38412
2015.12.08;20:00:00;90.645;90.308;90.464;90.466;22555
2015.12.09;00:00:00;90.586;90.388;90.497;90.464;11883
2015.12.09;04:00:00;90.497;90.353;90.422;90.496;12635
2015.12.09;08:00:00;90.512;90.136;90.281;90.421;22313
2015.12.09;12:00:00;90.493;89.881;89.917;90.281;29453
2015.12.09;16:00:00;90.354;89.218;89.244;89.913;52106
2015.12.09;20:00:00;89.532;89.081;89.41;89.245;35918
2015.12.10;00:00:00;89.714;89.405;89.62;89.409;18615
2015.12.10;04:00:00;89.77;89.546;89.717;89.617;12151
2015.12.10;08:00:00;89.915;89.673;89.756;89.717;22044
2015.12.10;12:00:00;89.86;89.324;89.366;89.756;31824
2015.12.10;16:00:00;89.57;89.064;89.198;89.366;39197
2015.12.10;20:00:00;89.348;89.124;89.195;89.201;19499
2015.12.11;00:00:00;89.495;89.149;89.462;89.196;15213
2015.12.11;04:00:00;89.5;89.352;89.41;89.462;10684
2015.12.11;08:00:00;89.464;89.136;89.199;89.41;21013
2015.12.11;12:00:00;89.202;88.698;88.869;89.199;30833
2015.12.11;16:00:00;88.89;87.863;87.879;88.87;49817
2015.12.11;20:00:00;88.021;87.715;87.837;87.879;24116
2015.12.14;00:00:00;88.259;87.781;87.983;88.259;17348
2015.12.14;04:00:00;88.299;87.916;88.279;87.982;17894
2015.12.14;08:00:00;88.528;88.173;88.258;88.28;24644
2015.12.14;12:00:00;88.38;87.56;88.222;88.258;37094
2015.12.14;16:00:00;88.374;87.446;87.845;88.224;53123
2015.12.14;20:00:00;88.154;87.717;88.109;87.846;25713
2015.12.15;00:00:00;88.29;88.056;88.175;88.109;15894
2015.12.15;04:00:00;88.35;88.09;88.117;88.175;14396
2015.12.15;08:00:00;88.403;87.901;88.312;88.116;27516
2015.12.15;12:00:00;88.528;88.131;88.409;88.312;33837
2015.12.15;16:00:00;88.878;88.34;88.845;88.409;40882
2015.12.15;20:00:00;88.844;88.838;88.838;88.844;6
