DATE;TIME;HIGH;LOW;CLOSE;OPEN;VOLUME
2015.04.27;12:00:00;124.878;124.58;124.709;124.661;27215
2015.04.27;16:00:00;125.455;124.664;124.958;124.71;32629
2015.04.27;20:00:00;125.015;124.442;124.588;124.958;16267
2015.04.28;00:00:00;124.778;124.518;124.751;124.518;13082
2015.04.28;04:00:00;124.802;124.657;124.699;124.751;13448
2015.04.28;08:00:00;124.872;124.415;124.507;124.699;29724
2015.04.28;12:00:00;124.577;123.961;124.241;124.501;34191
2015.04.28;16:00:00;125.035;124.058;124.549;124.241;37765
2015.04.28;20:00:00;124.72;124.266;124.357;124.548;16009
2015.04.29;00:00:00;124.507;124.235;124.345;124.358;9251
2015.04.29;04:00:00;124.366;124.21;124.213;124.346;10207
2015.04.29;08:00:00;124.97;124.128;124.945;124.214;26117
2015.04.29;12:00:00;125.723;124.827;125.22;124.944;34787
2015.04.29;16:00:00;127.22;125.126;126.537;125.222;47745
2015.04.29;20:00:00;126.732;126.271;126.642;126.536;26886
2015.04.30;00:00:00;126.742;126.491;126.667;126.641;13500
2015.04.30;04:00:00;126.671;126.113;126.223;126.665;20504
2015.04.30;08:00:00;127.429;125.878;126.967;126.228;39531
2015.04.30;12:00:00;127.172;126.272;127.038;126.968;35476
2015.04.30;16:00:00;127.921;126.559;127.526;127.039;43757
2015.04.30;20:00:00;128.273;127.323;128.002;127.524;20677
2015.05.01;00:00:00;128.17;127.914;128.134;128;9558
2015.05.01;04:00:00;128.204;128.037;128.185;128.136;10650
2015.05.01;08:00:00;128.687;128.16;128.575;128.182;22588
2015.05.01;12:00:00;129.159;128.471;128.881;128.577;22488
2015.05.01;16:00:00;129.145;128.555;128.62;128.884;34904
2015.05.01;20:00:00;128.892;128.621;128.842;128.623;11662
2015.05.04;00:00:00;128.867;128.369;128.707;128.582;10144
2015.05.04;04:00:00;128.755;128.556;128.593;128.708;9303
2015.05.04;08:00:00;128.71;128.035;128.184;128.593;20746
2015.05.04;12:00:00;128.877;128.181;128.822;128.184;23341
2015.05.04;16:00:00;128.979;128.407;128.466;128.822;27907
2015.05.04;20:00:00;128.734;128.425;128.62;128.468;13288
2015.05.05;00:00:00;128.7;128.537;128.619;128.622;7507
2015.05.05;04:00:00;128.683;128.27;128.325;128.618;12014
2015.05.05;08:00:00;128.476;127.776;128.287;128.325;30494
2015.05.05;12:00:00;129.462;128.263;129.003;128.287;33775
2015.05.05;16:00:00;129.722;128.898;129.585;129.003;40383
2015.05.05;20:00:00;129.677;129.223;129.3;129.586;14385
2015.05.06;00:00:00;129.387;129.217;129.331;129.291;7982
2015.05.06;04:00:00;129.75;129.292;129.635;129.331;16114
2015.05.06;08:00:00;129.857;129.406;129.497;129.635;35284
2015.05.06;12:00:00;130.002;129.336;129.934;129.496;35777
2015.05.06;16:00:00;130.837;129.745;130.32;129.94;40852
2015.05.06;20:00:00;130.577;130.242;130.336;130.32;15382
2015.05.07;00:00:00;130.413;130.171;130.245;130.337;13277
2015.05.07;04:00:00;130.475;130.222;130.295;130.245;16153
2015.05.07;08:00:00;130.872;130.261;130.84;130.297;34067
2015.05.07;12:00:00;131.405;130.073;130.344;130.84;41788
2015.05.07;16:00:00;130.407;129.73;129.92;130.342;37110
2015.05.07;20:00:00;130.08;129.799;129.862;129.923;13290
2015.05.08;00:00:00;129.96;129.612;129.896;129.862;14918
2015.05.08;04:00:00;130.104;129.706;129.909;129.896;23071
2015.05.08;08:00:00;130.367;129.65;130.259;129.911;32014
2015.05.08;12:00:00;130.372;129.422;129.677;130.255;32185
2015.05.08;16:00:00;129.795;128.673;128.727;129.675;41241
2015.05.08;20:00:00;128.846;128.403;128.49;128.729;12488
2015.05.11;00:00:00;128.655;128.278;128.387;128.334;11986
2015.05.11;04:00:00;128.498;128.218;128.397;128.387;17917
2015.05.11;08:00:00;129.032;128.331;128.844;128.401;30268
2015.05.11;12:00:00;128.899;128.287;128.291;128.842;24125
2015.05.11;16:00:00;128.684;128.213;128.485;128.292;29671
2015.05.11;20:00:00;128.66;128.354;128.51;128.487;9542
2015.05.12;00:00:00;128.599;128.331;128.421;128.51;11441
2015.05.12;04:00:00;128.799;128.391;128.793;128.421;14140
2015.05.12;08:00:00;129.943;128.735;129.783;128.793;34136
2015.05.12;12:00:00;130.236;129.527;129.563;129.784;34410
2015.05.12;16:00:00;130.017;129.144;129.176;129.562;32972
2015.05.12;20:00:00;129.203;128.927;128.939;129.177;10861
2015.05.13;00:00:00;129.097;128.863;129.017;128.938;12715
2015.05.13;04:00:00;129.399;128.878;129.3;129.017;19113
2015.05.13;08:00:00;129.585;129.047;129.076;129.301;27962
2015.05.13;12:00:00;129.59;128.896;129.448;129.077;33878
2015.05.13;16:00:00;130.03;129.24;129.874;129.447;40633
2015.05.13;20:00:00;130.036;129.732;129.955;129.874;14126
2015.05.14;00:00:00;130.042;129.868;130.011;129.954;12585
2015.05.14;04:00:00;130.197;129.947;130.168;130.01;17576
2015.05.14;08:00:00;130.512;130.011;130.434;130.167;32861
2015.05.14;12:00:00;131.282;130.381;130.671;130.433;33646
2015.05.14;16:00:00;130.692;130.105;130.349;130.672;36264
2015.05.14;20:00:00;130.676;130.284;130.564;130.352;12640
2015.05.15;00:00:00;130.696;130.521;130.657;130.554;12218
2015.05.15;04:00:00;130.866;130.645;130.764;130.657;14774
2015.05.15;08:00:00;130.996;130.229;130.266;130.764;33074
2015.05.15;12:00:00;130.483;129.545;129.611;130.264;31075
2015.05.15;16:00:00;130.324;129.347;130.061;129.609;39391
2015.05.15;20:00:00;130.547;130.034;130.306;130.062;14745
2015.05.18;00:00:00;130.463;130.041;130.4;130.096;10133
2015.05.18;04:00:00;130.446;130.186;130.433;130.399;12565
2015.05.18;08:00:00;130.525;129.882;130.097;130.433;26454
2015.05.18;12:00:00;130.559;129.833;130.226;130.097;25927
2015.05.18;16:00:00;130.317;129.567;129.771;130.22;28177
2015.05.18;20:00:00;129.85;129.483;129.501;129.772;14277
2015.05.19;00:00:00;129.554;129.38;129.4;129.483;10351
2015.05.19;04:00:00;129.54;129.344;129.408;129.401;13910
2015.05.19;08:00:00;129.717;128.163;128.757;129.408;37889
2015.05.19;12:00:00;129.188;128.41;128.463;128.751;33031
2015.05.19;16:00:00;128.89;128.441;128.789;128.462;38043
2015.05.19;20:00:00;128.918;128.604;128.797;128.789;14492
2015.05.20;00:00:00;128.94;128.664;128.932;128.797;14329
2015.05.20;04:00:00;129.108;128.923;129.071;128.931;15731
2015.05.20;08:00:00;129.212;128.674;128.9;129.071;34079
2015.05.20;12:00:00;129.202;128.63;129.173;128.902;31725
2015.05.20;16:00:00;129.377;128.917;129.34;129.172;38917
2015.05.20;20:00:00;129.646;129.227;129.456;129.347;29146
2015.05.21;00:00:00;129.561;129.363;129.476;129.457;13012
2015.05.21;04:00:00;129.735;129.457;129.519;129.476;16349
2015.05.21;08:00:00;129.753;129.026;129.598;129.518;36228
2015.05.21;12:00:00;130.063;129.53;129.554;129.597;34265
2015.05.21;16:00:00;129.676;129.334;129.596;129.554;37083
2015.05.21;20:00:00;129.606;129.141;129.157;129.593;15659
2015.05.22;00:00:00;129.245;129.055;129.121;129.157;13816
2015.05.22;04:00:00;129.249;129.055;129.154;129.123;17533
2015.05.22;08:00:00;129.559;129.046;129.554;129.14;24042
2015.05.22;12:00:00;130.005;128.873;129.018;129.558;32676
2015.05.22;16:00:00;129.026;128.504;128.878;129.021;36389
2015.05.22;20:00:00;128.917;128.605;128.63;128.883;15165
2015.05.25;00:00:00;128.972;128.557;128.877;128.649;16803
2015.05.25;04:00:00;129.067;128.839;129.037;128.877;13869
2015.05.25;08:00:00;129.261;128.813;128.924;129.038;20292
2015.05.25;12:00:00;129.066;128.729;128.849;128.926;14633
2015.05.25;16:00:00;128.951;128.449;128.501;128.849;11130
2015.05.25;20:00:00;128.625;128.457;128.619;128.514;6397
2015.05.26;00:00:00;128.625;128.473;128.553;128.616;11024
2015.05.26;04:00:00;128.73;128.482;128.584;128.554;17177
2015.05.26;08:00:00;129.215;128.545;129.123;128.588;42824
2015.05.26;12:00:00;129.782;129.123;129.74;129.123;39714
2015.05.26;16:00:00;129.951;129.385;129.418;129.738;42507
2015.05.26;20:00:00;129.423;129.058;129.058;129.416;16539
2015.05.27;00:00:00;129.215;128.954;129.146;129.057;12422
2015.05.27;04:00:00;129.44;129.141;129.4;129.144;18925
2015.05.27;08:00:00;129.901;129.338;129.818;129.402;32336
2015.05.27;12:00:00;130.299;129.729;129.754;129.818;43031
2015.05.27;16:00:00;130.423;129.495;130.298;129.754;45237
2015.05.27;20:00:00;130.489;130.088;130.189;130.294;19501
2015.05.28;00:00:00;130.354;130.125;130.314;130.183;10593
2015.05.28;04:00:00;130.912;130.253;130.748;130.314;24091
2015.05.28;08:00:00;131.016;130.439;130.922;130.75;41475
2015.05.28;12:00:00;131.228;130.611;130.814;130.921;39875
2015.05.28;16:00:00;131.413;130.718;131.087;130.815;41404
2015.05.28;20:00:00;131.484;130.999;131.26;131.087;20765
2015.05.29;00:00:00;131.458;131.072;131.26;131.247;16169
2015.05.29;04:00:00;131.45;131.1;131.385;131.259;18563
2015.05.29;08:00:00;131.418;130.755;131.088;131.385;33900
2015.05.29;12:00:00;131.891;131.066;131.797;131.09;38920
2015.05.29;16:00:00;132.454;131.352;131.722;131.796;43647
2015.05.29;20:00:00;132.094;131.721;131.988;131.722;15864
2015.06.01;00:00:00;132.078;131.632;131.817;131.653;11920
2015.06.01;04:00:00;131.879;131.59;131.603;131.818;17309
2015.06.01;08:00:00;131.682;130.918;131.033;131.603;31370
2015.06.01;12:00:00;131.501;130.886;131.314;131.033;34552
2015.06.01;16:00:00;131.942;131.314;131.908;131.317;44505
2015.06.01;20:00:00;132.058;131.837;131.869;131.892;17327
2015.06.02;00:00:00;132.065;131.694;132.037;131.869;15488
2015.06.02;04:00:00;132.209;131.888;131.958;132.035;19862
2015.06.02;08:00:00;132.324;131.78;132.254;131.958;36062
2015.06.02;12:00:00;132.876;132.222;132.609;132.252;48813
2015.06.02;16:00:00;133.236;132.587;132.936;132.61;51820
2015.06.02;20:00:00;133.161;132.83;132.995;132.934;18749
2015.06.03;00:00:00;133.025;132.809;132.918;132.998;14161
2015.06.03;04:00:00;132.934;132.702;132.817;132.918;18933
2015.06.03;08:00:00;133.144;132.586;132.905;132.817;38749
2015.06.03;12:00:00;133.098;132.179;132.539;132.905;41489
2015.06.03;16:00:00;133.3;132.535;133.077;132.54;48723
2015.06.03;20:00:00;133.106;132.856;132.992;133.077;14535
2015.06.04;00:00:00;133.11;132.948;133.065;132.992;13242
2015.06.04;04:00:00;133.278;133.036;133.214;133.064;17109
2015.06.04;08:00:00;133.428;132.575;133.377;133.215;46096
2015.06.04;12:00:00;133.578;133.029;133.281;133.377;44782
2015.06.04;16:00:00;133.657;133.042;133.454;133.284;42411
2015.06.04;20:00:00;133.523;133.034;133.181;133.454;19709
2015.06.05;00:00:00;133.277;132.891;133.082;133.179;18666
2015.06.05;04:00:00;133.312;132.976;133.245;133.084;16395
2015.06.05;08:00:00;134.064;133.17;133.76;133.244;38854
2015.06.05;12:00:00;133.966;132.819;132.847;133.763;39305
2015.06.05;16:00:00;133.539;132.362;133.515;132.847;48186
2015.06.05;20:00:00;133.854;133.355;133.685;133.515;16760
2015.06.08;00:00:00;133.637;133.109;133.3;133.151;11405
2015.06.08;04:00:00;133.358;133.057;133.268;133.307;14505
2015.06.08;08:00:00;133.783;133.06;133.349;133.272;38360
2015.06.08;12:00:00;133.881;133.134;133.478;133.351;32230
2015.06.08;16:00:00;134.18;133.363;134.095;133.479;35514
2015.06.08;20:00:00;134.458;133.89;134.17;134.095;23317
2015.06.09;00:00:00;134.423;134.067;134.289;134.17;14835
2015.06.09;04:00:00;134.485;134.253;134.398;134.289;21008
2015.06.09;08:00:00;134.611;133.897;133.999;134.394;42329
2015.06.09;12:00:00;134.063;133.204;133.328;133.999;43389
2015.06.09;16:00:00;133.799;133.237;133.476;133.328;38305
2015.06.09;20:00:00;133.679;133.372;133.562;133.476;12310
2015.06.10;00:00:00;133.814;133.487;133.745;133.563;13826
2015.06.10;04:00:00;133.805;132.111;132.303;133.74;28805
2015.06.10;08:00:00;132.942;131.87;132.309;132.298;51531
2015.06.10;12:00:00;132.698;132.094;132.167;132.309;42753
2015.06.10;16:00:00;132.59;131.715;131.813;132.166;45475
2015.06.10;20:00:00;131.852;131.555;131.633;131.813;16238
2015.06.11;00:00:00;131.991;131.603;131.949;131.634;14128
2015.06.11;04:00:00;132.088;131.772;132.068;131.949;20492
2015.06.11;08:00:00;132.488;131.761;132.061;132.069;39242
2015.06.11;12:00:00;132.355;131.838;132.072;132.06;41623
2015.06.11;16:00:00;132.281;131.752;132.028;132.074;40997
2015.06.11;20:00:00;132.307;131.901;132.18;132.026;14911
2015.06.12;00:00:00;132.389;132.144;132.265;132.18;14405
2015.06.12;04:00:00;132.415;131.976;132.11;132.265;17349
2015.06.12;08:00:00;132.586;131.733;132.007;132.111;33245
2015.06.12;12:00:00;132.94;131.914;132.902;132.011;37726
2015.06.12;16:00:00;133.244;132.723;133.141;132.903;40281
2015.06.12;20:00:00;133.205;132.724;132.876;133.132;13934
2015.06.15;00:00:00;132.72;132.254;132.557;132.254;13360
2015.06.15;04:00:00;132.581;132.213;132.486;132.558;16914
2015.06.15;08:00:00;132.953;132.234;132.692;132.487;31812
2015.06.15;12:00:00;132.799;131.698;131.77;132.692;32005
2015.06.15;16:00:00;132.222;131.479;132.189;131.769;30495
2015.06.15;20:00:00;132.993;131.993;132.742;132.189;15229
2015.06.16;00:00:00;132.827;132.551;132.589;132.743;11145
2015.06.16;04:00:00;132.93;132.505;132.88;132.582;17539
2015.06.16;08:00:00;133.245;132.613;132.635;132.88;25764
2015.06.16;12:00:00;132.788;132.164;132.373;132.635;24518
2015.06.16;16:00:00;132.574;132.18;132.259;132.372;21669
2015.06.16;20:00:00;132.405;132.206;132.29;132.259;9090
2015.06.17;00:00:00;132.47;132.264;132.452;132.29;9519
2015.06.17;04:00:00;132.651;132.427;132.607;132.451;13943
2015.06.17;08:00:00;133.931;132.583;133.699;132.607;28453
2015.06.17;12:00:00;133.876;133.367;133.705;133.703;29531
2015.06.17;16:00:00;134.171;133.482;134.08;133.708;28777
2015.06.17;20:00:00;134.31;133.678;133.824;134.079;32503
2015.06.18;00:00:00;134.181;133.728;134.081;133.825;16881
2015.06.18;04:00:00;134.095;133.68;133.755;134.082;21389
2015.06.18;08:00:00;134;133.304;133.759;133.758;37321
2015.06.18;12:00:00;133.971;133.484;133.824;133.765;36570
2015.06.18;16:00:00;134.05;133.137;133.236;133.825;36431
2015.06.18;20:00:00;133.485;133.155;133.367;133.237;14982
2015.06.19;00:00:00;133.616;133.344;133.463;133.379;12617
2015.06.19;04:00:00;133.544;133.375;133.48;133.463;14079
2015.06.19;08:00:00;133.568;133.054;133.266;133.48;31128
2015.06.19;12:00:00;133.534;133.112;133.197;133.267;28167
2015.06.19;16:00:00;133.441;132.833;133.202;133.188;28204
2015.06.19;20:00:00;133.843;133.162;133.586;133.199;12971
2015.06.22;00:00:00;134.066;133.627;133.686;133.972;13156
2015.06.22;04:00:00;133.936;133.666;133.842;133.687;14843
2015.06.22;08:00:00;134.184;133.496;133.698;133.842;28156
2015.06.22;12:00:00;134.267;133.599;133.932;133.698;30899
2015.06.22;16:00:00;134.506;133.525;133.944;133.932;37377
2015.06.22;20:00:00;134.073;133.741;133.851;133.946;12050
2015.06.23;00:00:00;133.963;133.771;133.851;133.835;10454
2015.06.23;04:00:00;133.957;133.186;133.401;133.85;20253
2015.06.23;08:00:00;133.531;132.954;133.116;133.402;30409
2015.06.23;12:00:00;133.157;132.284;132.321;133.118;32588
2015.06.23;16:00:00;132.739;132.198;132.482;132.321;34713
2015.06.23;20:00:00;132.712;132.436;132.643;132.482;13048
2015.06.24;00:00:00;132.692;132.572;132.613;132.638;11431
2015.06.24;04:00:00;132.836;132.598;132.786;132.614;13805
2015.06.24;08:00:00;133.402;132.764;133.103;132.786;31444
2015.06.24;12:00:00;133.157;132.685;132.783;133.103;36276
2015.06.24;16:00:00;133.066;132.465;132.574;132.787;34108
2015.06.24;20:00:00;132.725;132.381;132.583;132.573;13959
2015.06.25;00:00:00;132.707;132.554;132.631;132.583;9629
2015.06.25;04:00:00;132.667;132.296;132.417;132.629;14995
2015.06.25;08:00:00;132.631;132.028;132.035;132.417;26782
2015.06.25;12:00:00;132.043;131.314;131.708;132.036;36051
2015.06.25;16:00:00;132.225;131.576;131.996;131.708;26819
2015.06.25;20:00:00;132.076;131.844;131.887;131.996;11038
2015.06.26;00:00:00;132.112;131.844;131.936;131.851;10200
2015.06.26;04:00:00;132.002;131.611;131.788;131.935;15798
2015.06.26;08:00:00;132.348;131.602;132.284;131.787;23437
2015.06.26;12:00:00;132.67;132.162;132.426;132.284;27533
2015.06.26;16:00:00;132.937;132.28;132.46;132.423;34147
2015.06.26;20:00:00;132.791;132.198;132.664;132.456;14610
2015.06.29;00:00:00;131.235;129.607;131.099;130.569;32567
2015.06.29;04:00:00;131.274;130.482;130.608;131.098;19583
2015.06.29;08:00:00;131.431;130.245;131.204;130.609;44915
2015.06.29;12:00:00;131.891;131.083;131.696;131.206;36690
2015.06.29;16:00:00;132.331;131.573;132.194;131.697;41155
2015.06.29;20:00:00;132.504;132.079;132.442;132.192;21534
2015.06.30;00:00:00;132.523;132.125;132.172;132.442;14161
2015.06.30;04:00:00;132.202;131.381;131.382;132.173;20347
2015.06.30;08:00:00;131.688;130.875;130.981;131.382;33566
2015.06.30;12:00:00;131.882;130.954;131.56;130.982;38403
2015.06.30;16:00:00;131.649;130.25;130.559;131.556;42842
2015.06.30;20:00:00;131.009;130.445;130.87;130.559;18077
2015.07.01;00:00:00;131.139;130.619;131.078;130.858;13885
2015.07.01;04:00:00;131.202;130.834;130.869;131.078;11303
2015.07.01;08:00:00;131.089;130.251;130.925;130.868;27699
2015.07.01;12:00:00;131.38;130.277;130.614;130.931;35550
2015.07.01;16:00:00;130.685;129.929;130.017;130.613;31774
2015.07.01;20:00:00;130.036;129.778;129.837;130.018;13997
2015.07.02;00:00:00;130.113;129.797;130.08;129.826;12004
2015.07.02;04:00:00;130.389;130.075;130.378;130.08;12330
2015.07.02;08:00:00;130.571;130.138;130.396;130.377;33222
2015.07.02;12:00:00;130.529;129.691;130.454;130.397;42411
2015.07.02;16:00:00;130.625;130.233;130.316;130.451;42996
2015.07.02;20:00:00;130.493;130.194;130.387;130.316;11510
2015.07.03;00:00:00;130.498;130.212;130.363;130.381;10517
2015.07.03;04:00:00;130.595;130.293;130.56;130.362;12858
2015.07.03;08:00:00;130.848;130.493;130.615;130.561;30263
2015.07.03;12:00:00;130.686;130.045;130.273;130.618;30000
2015.07.03;16:00:00;130.553;130.156;130.201;130.274;29332
2015.07.03;20:00:00;130.67;130.194;130.532;130.201;11507
2015.07.06;00:00:00;129.996;128.814;129.849;129.178;21838
2015.07.06;04:00:00;130.191;129.436;129.552;129.85;19273
2015.07.06;08:00:00;130.196;129.349;129.782;129.554;37512
2015.07.06;12:00:00;130.037;129.55;129.604;129.781;38747
2015.07.06;16:00:00;130.166;129.425;130.065;129.603;37117
2015.07.06;20:00:00;130.114;129.76;130.012;130.065;14423
2015.07.07;00:00:00;130.172;129.969;130.162;130.015;9217
2015.07.07;04:00:00;130.189;129.833;129.952;130.157;14070
2015.07.07;08:00:00;130.059;129.371;129.441;129.953;34907
2015.07.07;12:00:00;129.593;128.723;128.857;129.442;46989
2015.07.07;16:00:00;129.18;128.487;128.757;128.86;52498
2015.07.07;20:00:00;129.908;128.74;129.34;128.76;23793
2015.07.08;00:00:00;129.478;129.178;129.204;129.411;14487
2015.07.08;04:00:00;129.208;128.78;128.963;129.203;24876
2015.07.08;08:00:00;129.192;128.584;129.019;128.963;42134
2015.07.08;12:00:00;129.229;127.736;127.854;129.021;47251
2015.07.08;16:00:00;127.858;127.158;127.397;127.854;51839
2015.07.08;20:00:00;127.727;127.333;127.622;127.398;24018
2015.07.09;00:00:00;127.819;127.379;127.64;127.595;16310
2015.07.09;04:00:00;128.429;127.633;128.412;127.637;23306
2015.07.09;08:00:00;128.848;127.722;127.799;128.412;38467
2015.07.09;12:00:00;128.056;127.578;127.752;127.8;46142
2015.07.09;16:00:00;128.23;127.604;127.934;127.756;42748
2015.07.09;20:00:00;128.039;127.754;127.987;127.928;16485
2015.07.10;00:00:00;128.537;127.777;128.48;127.97;15608
2015.07.10;04:00:00;128.961;128.464;128.663;128.48;17187
2015.07.10;08:00:00;130.202;128.565;129.805;128.66;36841
2015.07.10;12:00:00;131.185;129.739;130.744;129.803;45573
2015.07.10;16:00:00;130.991;130.242;130.428;130.742;41311
2015.07.10;20:00:00;130.958;130.318;130.603;130.428;16589
2015.07.13;00:00:00;130.473;129.651;130.394;129.651;10404
2015.07.13;04:00:00;130.605;130.241;130.311;130.399;15922
2015.07.13;08:00:00;131.336;129.934;130.26;130.311;40763
2015.07.13;12:00:00;130.497;130.016;130.192;130.262;40298
2015.07.13;16:00:00;130.233;129.888;130.065;130.193;36748
2015.07.13;20:00:00;130.106;129.856;129.859;130.065;13887
2015.07.14;00:00:00;130.07;129.754;129.882;129.851;13942
2015.07.14;04:00:00;129.975;129.768;129.919;129.882;14572
2015.07.14;08:00:00;130.846;129.453;130.736;129.92;36690
2015.07.14;12:00:00;130.857;130.329;130.552;130.724;43650
2015.07.14;16:00:00;130.678;130.244;130.443;130.557;38027
2015.07.14;20:00:00;130.594;130.345;130.571;130.443;10885
2015.07.15;00:00:00;130.608;130.304;130.378;130.57;10232
2015.07.15;04:00:00;130.633;130.369;130.541;130.379;13012
2015.07.15;08:00:00;130.739;130.338;130.576;130.541;32255
2015.07.15;12:00:00;130.624;130.12;130.213;130.577;35069
2015.07.15;16:00:00;130.289;129.788;130.05;130.215;42931
2015.07.15;20:00:00;130.077;129.847;129.977;130.05;13620
2015.07.16;00:00:00;130.246;129.901;130.006;129.977;11222
2015.07.16;04:00:00;130.049;129.772;129.818;130.006;14605
2015.07.16;08:00:00;129.881;129.473;129.734;129.818;31741
2015.07.16;12:00:00;129.94;129.481;129.515;129.731;37661
2015.07.16;16:00:00;129.928;129.462;129.478;129.52;32964
2015.07.16;20:00:00;129.662;129.474;129.556;129.478;9553
2015.07.17;00:00:00;129.747;129.518;129.7;129.576;9052
2015.07.17;04:00:00;129.758;129.623;129.661;129.7;10042
2015.07.17;08:00:00;129.699;129.475;129.527;129.662;24362
2015.07.17;12:00:00;129.658;129.21;129.258;129.527;29249
2015.07.17;16:00:00;129.364;128.956;129.179;129.255;27592
2015.07.17;20:00:00;129.21;128.942;128.958;129.179;7739
2015.07.20;00:00:00;129.167;128.88;129.053;128.88;5134
2015.07.20;04:00:00;129.081;128.872;128.904;129.054;10254
2015.07.20;08:00:00;129.272;128.823;129.134;128.904;24568
2015.07.20;12:00:00;129.215;128.899;129.033;129.136;32421
2015.07.20;16:00:00;129.203;128.914;128.98;129.033;28653
2015.07.20;20:00:00;129.002;128.757;128.783;128.976;10712
2015.07.21;00:00:00;129.126;128.67;129.074;128.676;9995
2015.07.21;04:00:00;129.12;128.885;128.962;129.057;17514
2015.07.21;08:00:00;129.391;128.941;129.32;128.962;31822
2015.07.21;12:00:00;129.529;129.134;129.383;129.319;32941
2015.07.21;16:00:00;129.697;129.131;129.367;129.383;40340
2015.07.21;20:00:00;129.396;129.169;129.169;129.361;15785
2015.07.22;00:00:00;129.333;129.121;129.264;129.17;9113
2015.07.22;04:00:00;129.283;128.961;129.128;129.264;16337
2015.07.22;08:00:00;129.282;128.976;129.074;129.127;24999
2015.07.22;12:00:00;129.137;128.643;128.754;129.073;29461
2015.07.22;16:00:00;129.146;128.752;129.072;128.754;32795
2015.07.22;20:00:00;129.163;129.005;129.116;129.075;9488
2015.07.23;00:00:00;129.308;129.055;129.256;129.118;9569
2015.07.23;04:00:00;129.405;129.2;129.346;129.257;11778
2015.07.23;08:00:00;129.855;129.211;129.684;129.347;27029
2015.07.23;12:00:00;129.831;129.381;129.529;129.681;29029
2015.07.23;16:00:00;129.536;129.196;129.363;129.529;32871
2015.07.23;20:00:00;129.391;128.961;129.06;129.362;13711
2015.07.24;00:00:00;129.28;128.917;129.249;129.054;8484
2015.07.24;04:00:00;129.251;128.857;128.925;129.249;13051
2015.07.24;08:00:00;129.29;128.796;128.901;128.925;21905
2015.07.24;12:00:00;129.149;128.891;128.934;128.901;25216
2015.07.24;16:00:00;129.089;128.512;128.541;128.933;33749
2015.07.24;20:00:00;128.685;128.372;128.592;128.541;12550
2015.07.27;00:00:00;128.683;128.316;128.628;128.411;6769
2015.07.27;04:00:00;128.72;128.419;128.564;128.627;13603
2015.07.27;08:00:00;129.33;128.538;129.039;128.565;28721
2015.07.27;12:00:00;129.121;128.465;128.607;129.04;31996
2015.07.27;16:00:00;128.8;128.071;128.259;128.606;37565
2015.07.27;20:00:00;128.266;127.886;127.99;128.256;11941
2015.07.28;00:00:00;128.228;127.965;128.11;127.99;8832
2015.07.28;04:00:00;128.489;128.001;128.454;128.108;15902
2015.07.28;08:00:00;128.54;128.042;128.236;128.454;28427
2015.07.28;12:00:00;128.487;127.874;128.034;128.234;29800
2015.07.28;16:00:00;128.443;127.979;128.266;128.033;33891
2015.07.28;20:00:00;128.492;128.253;128.344;128.263;10414
2015.07.29;00:00:00;128.544;128.295;128.518;128.345;9343
2015.07.29;04:00:00;128.58;128.25;128.25;128.518;12522
2015.07.29;08:00:00;128.475;128.059;128.474;128.25;24707
2015.07.29;12:00:00;128.718;128.346;128.612;128.475;27954
2015.07.29;16:00:00;128.704;128.366;128.59;128.612;32106
2015.07.29;20:00:00;128.634;127.915;127.944;128.589;24200
2015.07.30;00:00:00;128.167;127.913;128.099;127.914;9290
2015.07.30;04:00:00;128.195;128.052;128.081;128.1;12019
2015.07.30;08:00:00;128.178;127.85;127.968;128.08;24215
2015.07.30;12:00:00;128.303;127.797;128.214;127.969;33081
2015.07.30;16:00:00;128.336;127.978;128.096;128.216;42521
2015.07.30;20:00:00;128.17;127.988;128.039;128.102;12362
2015.07.31;00:00:00;128.218;128.027;128.139;128.039;12394
2015.07.31;04:00:00;128.254;128.053;128.237;128.139;11066
2015.07.31;08:00:00;129.002;128.118;128.895;128.235;30088
2015.07.31;12:00:00;129.302;128.873;129.183;128.895;41263
2015.07.31;16:00:00;129.401;128.258;128.353;129.19;46983
2015.07.31;20:00:00;128.502;128.081;128.254;128.355;16134
2015.08.03;00:00:00;128.402;127.994;128.383;128.033;8654
2015.08.03;04:00:00;128.5;128.249;128.472;128.383;12859
2015.08.03;08:00:00;128.553;128.183;128.36;128.471;24037
2015.08.03;12:00:00;128.548;128.274;128.379;128.358;33926
2015.08.03;16:00:00;128.45;127.879;128.002;128.381;40983
2015.08.03;20:00:00;128.062;127.723;127.946;127.999;12303
2015.08.04;00:00:00;127.972;127.773;127.811;127.945;7700
2015.08.04;04:00:00;128.001;127.79;127.88;127.812;12205
2015.08.04;08:00:00;128.218;127.831;128.101;127.884;29417
2015.08.04;12:00:00;128.212;127.761;127.82;128.1;37420
2015.08.04;16:00:00;127.83;127.251;127.457;127.823;38148
2015.08.04;20:00:00;127.481;126.95;127.07;127.457;20523
2015.08.05;00:00:00;127.194;127.03;127.097;127.07;9580
2015.08.05;04:00:00;127.241;127.042;127.191;127.101;14036
2015.08.05;08:00:00;127.259;126.896;126.925;127.19;28715
2015.08.05;12:00:00;127.09;126.773;126.895;126.925;40037
2015.08.05;16:00:00;127.476;126.839;127.259;126.895;41368
2015.08.05;20:00:00;127.565;127.225;127.509;127.257;14337
2015.08.06;00:00:00;127.662;127.371;127.492;127.507;10178
2015.08.06;04:00:00;127.587;127.367;127.499;127.495;13255
2015.08.06;08:00:00;127.665;126.869;126.902;127.497;23993
2015.08.06;12:00:00;127.171;126.775;126.908;126.902;36043
2015.08.06;16:00:00;127.22;126.88;127.104;126.907;35696
2015.08.06;20:00:00;127.225;127.049;127.146;127.103;11530
2015.08.07;00:00:00;127.213;127.079;127.181;127.143;6756
2015.08.07;04:00:00;127.243;127.118;127.197;127.181;11299
2015.08.07;08:00:00;127.251;126.902;126.908;127.197;21782
2015.08.07;12:00:00;127.23;126.429;126.487;126.906;33205
2015.08.07;16:00:00;126.676;126.261;126.486;126.485;46774
2015.08.07;20:00:00;126.549;126.154;126.223;126.486;11220
2015.08.10;00:00:00;126.42;126.222;126.373;126.399;7984
2015.08.10;04:00:00;126.558;126.335;126.545;126.373;10369
2015.08.10;08:00:00;126.966;126.469;126.944;126.545;23201
2015.08.10;12:00:00;127;126.256;126.345;126.943;31271
2015.08.10;16:00:00;126.792;126.03;126.736;126.345;32579
2015.08.10;20:00:00;126.787;126.597;126.676;126.732;11920
2015.08.11;00:00:00;126.843;126.582;126.828;126.676;9762
2015.08.11;04:00:00;126.877;126.553;126.642;126.83;22206
2015.08.11;08:00:00;127.36;126.58;127.003;126.641;35524
2015.08.11;12:00:00;127.247;126.644;127.222;127.004;35196
2015.08.11;16:00:00;127.292;126.323;126.493;127.219;41587
2015.08.11;20:00:00;126.653;126.357;126.588;126.495;14571
2015.08.12;00:00:00;126.658;126.49;126.586;126.589;10564
2015.08.12;04:00:00;127.142;126.559;127.009;126.586;19053
2015.08.12;08:00:00;127.144;126.213;127.117;127.01;40649
2015.08.12;12:00:00;127.659;127.077;127.374;127.118;36487
2015.08.12;16:00:00;127.957;127.348;127.655;127.374;44076
2015.08.12;20:00:00;127.762;127.293;127.297;127.659;16716
2015.08.13;00:00:00;127.472;127.261;127.457;127.295;7639
2015.08.13;04:00:00;127.594;127.27;127.358;127.456;15929
2015.08.13;08:00:00;127.48;127.226;127.417;127.362;25135
2015.08.13;12:00:00;127.52;127.081;127.329;127.415;29904
2015.08.13;16:00:00;127.652;127.193;127.241;127.329;38315
2015.08.13;20:00:00;127.559;127.198;127.385;127.24;12554
2015.08.14;00:00:00;127.567;127.367;127.533;127.387;8012
2015.08.14;04:00:00;127.557;127.369;127.515;127.533;11070
2015.08.14;08:00:00;127.535;127.138;127.343;127.513;23283
2015.08.14;12:00:00;127.576;127.261;127.552;127.347;29038
2015.08.14;16:00:00;127.568;126.983;127.216;127.553;32455
2015.08.14;20:00:00;127.419;127.05;127.304;127.216;9684
2015.08.17;00:00:00;127.327;127.045;127.267;127.045;6768
2015.08.17;04:00:00;127.306;127.122;127.167;127.267;10240
2015.08.17;08:00:00;127.614;127.031;127.486;127.169;23957
2015.08.17;12:00:00;127.603;127.313;127.419;127.485;28607
2015.08.17;16:00:00;127.473;126.976;127.301;127.42;28894
2015.08.17;20:00:00;127.357;127.044;127.056;127.303;9177
2015.08.18;00:00:00;127.178;126.994;127.158;127.057;8535
2015.08.18;04:00:00;127.246;127.03;127.117;127.157;11013
2015.08.18;08:00:00;127.432;127.023;127.358;127.117;25926
2015.08.18;12:00:00;127.434;127.029;127.171;127.359;29496
2015.08.18;16:00:00;127.475;127.04;127.317;127.17;33472
2015.08.18;20:00:00;127.369;127.128;127.24;127.312;9523
2015.08.19;00:00:00;127.319;127.168;127.234;127.245;8422
2015.08.19;04:00:00;127.302;127.149;127.276;127.233;12388
2015.08.19;08:00:00;127.556;127.255;127.553;127.275;24160
2015.08.19;12:00:00;127.919;127.354;127.788;127.555;30537
2015.08.19;16:00:00;128.052;127.749;127.943;127.788;37323
2015.08.19;20:00:00;128.341;127.94;128.125;127.95;26299
2015.08.20;00:00:00;128.497;128.043;128.341;128.124;12276
2015.08.20;04:00:00;128.398;128.212;128.256;128.342;13051
2015.08.20;08:00:00;128.78;128.169;128.667;128.255;29587
2015.08.20;12:00:00;128.852;128.29;128.411;128.667;33044
2015.08.20;16:00:00;128.81;128.212;128.266;128.41;41756
2015.08.20;20:00:00;128.73;128.216;128.708;128.265;19400
2015.08.21;00:00:00;128.747;128.59;128.648;128.706;10744
2015.08.21;04:00:00;128.723;128.398;128.557;128.649;22252
2015.08.21;08:00:00;128.631;128.215;128.497;128.557;29816
2015.08.21;12:00:00;128.662;128.362;128.469;128.497;37952
2015.08.21;16:00:00;128.836;128.181;128.584;128.469;51244
2015.08.21;20:00:00;128.968;128.562;128.954;128.591;26809
2015.08.24;00:00:00;128.831;128.146;128.435;128.577;19055
2015.08.24;04:00:00;129.01;128.254;128.475;128.435;40200
2015.08.24;08:00:00;128.534;127.333;127.779;128.475;41403
2015.08.24;12:00:00;128.163;127.609;127.967;127.781;49920
2015.08.24;16:00:00;128.081;125.027;126.974;127.964;69242
2015.08.24;20:00:00;127.441;126.81;127.248;126.981;38723
2015.08.25;00:00:00;127.658;126.924;127.391;127.242;26659
2015.08.25;04:00:00;128.378;127.372;127.937;127.391;37117
2015.08.25;08:00:00;128.074;126.893;127.107;127.939;50425
2015.08.25;12:00:00;127.65;127.064;127.354;127.108;51356
2015.08.25;16:00:00;127.485;126.196;126.603;127.351;58051
2015.08.25;20:00:00;126.935;126.214;126.486;126.603;35905
2015.08.26;00:00:00;127.131;126.085;126.62;126.469;27602
2015.08.26;04:00:00;126.754;126.278;126.666;126.619;32249
2015.08.26;08:00:00;126.982;126.518;126.719;126.666;43514
2015.08.26;12:00:00;126.837;126.368;126.554;126.723;46743
2015.08.26;16:00:00;126.579;125.573;125.86;126.554;54642
2015.08.26;20:00:00;126.135;125.317;125.573;125.86;31092
2015.08.27;00:00:00;126.352;125.539;126.08;125.577;21922
2015.08.27;04:00:00;126.334;125.87;125.896;126.079;17150
2015.08.27;08:00:00;126.493;125.78;126.156;125.895;36537
2015.08.27;12:00:00;126.324;125.635;125.741;126.159;37875
2015.08.27;16:00:00;125.855;125.226;125.692;125.741;53673
2015.08.27;20:00:00;125.704;124.976;125.179;125.691;31623
2015.08.28;00:00:00;125.484;125.187;125.363;125.19;13062
2015.08.28;04:00:00;125.55;125.271;125.401;125.361;18872
2015.08.28;08:00:00;125.886;125.376;125.59;125.4;35224
2015.08.28;12:00:00;126.116;125.492;125.673;125.589;37454
2015.08.28;16:00:00;126.197;125.471;126.159;125.671;47705
2015.08.28;20:00:00;126.385;125.94;126.271;126.159;26612
2015.08.31;00:00:00;126.335;125.978;126.24;126.136;16566
2015.08.31;04:00:00;126.284;125.995;126.147;126.239;21223
2015.08.31;08:00:00;126.287;125.762;125.821;126.148;22077
2015.08.31;12:00:00;125.897;125.595;125.821;125.822;21969
2015.08.31;16:00:00;125.833;125.179;125.377;125.821;33343
2015.08.31;20:00:00;125.514;125.237;125.295;125.378;18009
2015.09.01;00:00:00;125.571;125.291;125.524;125.291;13057
2015.09.01;04:00:00;125.75;125.382;125.524;125.517;24821
2015.09.01;08:00:00;125.618;124.435;124.481;125.523;46286
2015.09.01;12:00:00;124.813;124.312;124.456;124.481;52296
2015.09.01;16:00:00;124.778;124.379;124.424;124.459;54526
2015.09.01;20:00:00;124.757;124.285;124.474;124.423;34271
2015.09.02;00:00:00;125.252;124.222;125.062;124.498;20796
2015.09.02;04:00:00;125.13;124.755;124.952;125.062;29771
2015.09.02;08:00:00;124.981;124.339;124.417;124.951;39293
2015.09.02;12:00:00;124.535;124.156;124.296;124.415;39225
2015.09.02;16:00:00;124.316;123.742;123.926;124.296;44539
2015.09.02;20:00:00;124.153;123.844;124.108;123.929;17086
2015.09.03;00:00:00;124.424;124.06;124.375;124.109;15802
2015.09.03;04:00:00;124.439;124.108;124.298;124.375;20803
2015.09.03;08:00:00;124.298;123.997;124.088;124.297;30606
2015.09.03;12:00:00;124.215;123.186;123.241;124.088;41361
2015.09.03;16:00:00;123.469;122.767;123.057;123.243;48799
2015.09.03;20:00:00;123.426;122.893;123.32;123.058;26922
2015.09.04;00:00:00;123.449;123.002;123.041;123.321;15834
2015.09.04;04:00:00;123.154;122.676;122.721;123.041;29025
2015.09.04;08:00:00;122.924;121.963;122.256;122.72;41450
2015.09.04;12:00:00;122.679;122.044;122.193;122.256;40196
2015.09.04;16:00:00;122.335;121.933;122.206;122.193;47997
2015.09.04;20:00:00;122.487;122.096;122.478;122.209;23137
2015.09.07;00:00:00;122.644;122.187;122.639;122.207;15114
2015.09.07;04:00:00;122.978;122.583;122.745;122.638;27173
2015.09.07;08:00:00;122.783;122.524;122.572;122.748;34789
2015.09.07;12:00:00;122.738;122.289;122.378;122.572;33423
2015.09.07;16:00:00;122.471;122.222;122.287;122.375;14129
2015.09.07;20:00:00;122.444;122.278;122.282;122.286;6249
2015.09.08;00:00:00;122.536;122.214;122.469;122.283;12029
2015.09.08;04:00:00;122.665;122.248;122.57;122.469;25776
2015.09.08;08:00:00;123.307;122.531;122.943;122.571;37290
2015.09.08;12:00:00;123.02;122.506;122.724;122.943;29986
2015.09.08;16:00:00;122.759;122.154;122.238;122.724;34595
2015.09.08;20:00:00;122.45;122.15;122.327;122.239;16119
2015.09.09;00:00:00;122.875;122.316;122.785;122.327;16523
2015.09.09;04:00:00;122.968;122.623;122.685;122.785;23325
2015.09.09;08:00:00;124.072;122.583;123.709;122.685;35942
2015.09.09;12:00:00;123.815;123.378;123.567;123.71;32539
2015.09.09;16:00:00;124.028;123.451;123.892;123.567;39797
2015.09.09;20:00:00;123.953;123.384;123.49;123.892;28363
2015.09.10;00:00:00;123.578;123.229;123.455;123.494;20717
2015.09.10;04:00:00;123.944;123.041;123.357;123.454;28974
2015.09.10;08:00:00;123.828;123.272;123.826;123.357;36955
2015.09.10;12:00:00;124.132;123.685;123.758;123.826;36429
2015.09.10;16:00:00;124.265;123.571;123.971;123.753;38813
2015.09.10;20:00:00;124.283;123.87;123.913;123.967;19589
2015.09.11;00:00:00;124.268;123.836;124.091;123.914;20958
2015.09.11;04:00:00;124.129;123.97;124.109;124.092;18080
2015.09.11;08:00:00;124.171;123.714;123.76;124.109;30528
2015.09.11;12:00:00;123.764;123.199;123.272;123.759;28233
2015.09.11;16:00:00;124.017;123.269;123.875;123.272;36061
2015.09.11;20:00:00;124.503;123.739;124.37;123.876;16869
2015.09.14;00:00:00;124.677;124.271;124.536;124.293;13941
2015.09.14;04:00:00;124.578;124.209;124.29;124.536;22639
2015.09.14;08:00:00;124.374;123.723;123.87;124.29;30125
2015.09.14;12:00:00;124.089;123.799;123.859;123.871;22779
2015.09.14;16:00:00;124.018;123.537;124.018;123.86;29693
2015.09.14;20:00:00;124.146;123.882;124.109;124.019;10847
2015.09.15;00:00:00;124.58;124.073;124.553;124.106;14198
2015.09.15;04:00:00;124.578;123.908;123.918;124.551;21719
2015.09.15;08:00:00;124.015;123.139;123.263;123.917;30834
2015.09.15;12:00:00;123.576;123.258;123.478;123.263;23452
2015.09.15;16:00:00;123.619;123.229;123.557;123.478;31001
2015.09.15;20:00:00;123.664;123.375;123.588;123.555;13537
2015.09.16;00:00:00;123.667;123.391;123.467;123.588;9718
2015.09.16;04:00:00;123.728;123.428;123.61;123.466;17017
2015.09.16;08:00:00;123.793;123.423;123.681;123.609;28837
2015.09.16;12:00:00;124.436;123.457;124.345;123.678;28634
2015.09.16;16:00:00;124.779;124.323;124.652;124.345;31396
2015.09.16;20:00:00;124.654;124.021;124.057;124.651;13565
2015.09.17;00:00:00;124.333;124.072;124.232;124.072;8877
2015.09.17;04:00:00;124.352;124.061;124.351;124.231;12123
2015.09.17;08:00:00;125.047;124.34;124.877;124.35;22137
2015.09.17;12:00:00;125.031;124.606;124.942;124.877;17658
2015.09.17;16:00:00;124.942;124.32;124.411;124.941;21707
2015.09.17;20:00:00;125.145;124.397;124.978;124.41;40528
2015.09.18;00:00:00;125.208;124.55;124.668;124.925;15719
2015.09.18;04:00:00;125.278;124.655;124.725;124.662;16258
2015.09.18;08:00:00;124.778;124.4;124.514;124.723;27255
2015.09.18;12:00:00;125.077;124.476;124.951;124.511;32961
2015.09.18;16:00:00;125.058;124.546;124.609;124.952;30859
2015.09.18;20:00:00;124.618;123.61;123.885;124.608;19388
2015.09.21;00:00:00;123.954;123.671;123.708;123.781;9389
2015.09.21;04:00:00;123.827;123.622;123.738;123.708;11116
2015.09.21;08:00:00;124.594;123.736;124.416;123.738;23213
2015.09.21;12:00:00;124.601;124.095;124.095;124.419;21476
2015.09.21;16:00:00;124.261;123.666;124.188;124.095;30916
2015.09.21;20:00:00;124.341;123.997;124.005;124.188;16663
2015.09.22;00:00:00;124.067;123.829;123.875;124.005;7499
2015.09.22;04:00:00;123.985;123.782;123.932;123.873;8957
2015.09.22;08:00:00;123.945;123.188;123.382;123.932;27957
2015.09.22;12:00:00;123.463;122.913;123.106;123.381;30337
2015.09.22;16:00:00;123.47;123.092;123.223;123.105;35074
2015.09.22;20:00:00;123.266;123.076;123.166;123.223;12931
2015.09.23;00:00:00;123.256;123.037;123.155;123.159;9494
2015.09.23;04:00:00;123.209;122.749;122.884;123.155;15355
2015.09.23;08:00:00;123.308;122.698;122.898;122.883;30272
2015.09.23;12:00:00;123.27;122.801;122.955;122.896;29324
2015.09.23;16:00:00;123.645;122.702;122.914;122.957;36659
2015.09.23;20:00:00;123.079;122.685;122.819;122.914;19626
2015.09.24;00:00:00;122.901;122.672;122.705;122.82;13665
2015.09.24;04:00:00;122.774;122.397;122.662;122.704;19172
2015.09.24;08:00:00;123.028;122.519;122.957;122.66;30564
2015.09.24;12:00:00;123.136;122.636;123.009;122.956;38064
2015.09.24;16:00:00;123.343;122.797;122.839;123.009;45148
2015.09.24;20:00:00;123.129;122.65;123.029;122.839;22908
2015.09.25;00:00:00;123.293;122.777;122.923;123.029;21831
2015.09.25;04:00:00;122.966;122.599;122.737;122.923;21261
2015.09.25;08:00:00;123.177;122.713;123.167;122.736;34703
2015.09.25;12:00:00;123.937;123.058;123.544;123.164;34004
2015.09.25;16:00:00;123.959;123.291;123.364;123.545;45917
2015.09.25;20:00:00;123.448;123.007;123.124;123.364;27638
2015.09.28;00:00:00;123.11;122.846;123;123.084;11303
2015.09.28;04:00:00;123.075;122.726;122.794;123;14619
2015.09.28;08:00:00;122.992;122.603;122.77;122.794;34304
2015.09.28;12:00:00;122.843;122.388;122.616;122.769;29369
2015.09.28;16:00:00;123.187;122.489;123.109;122.615;44026
2015.09.28;20:00:00;123.184;122.832;123.149;123.111;21651
2015.09.29;00:00:00;123.181;122.857;122.952;123.151;12845
2015.09.29;04:00:00;123.103;122.9;122.971;122.954;18435
2015.09.29;08:00:00;123.562;122.833;123.45;122.971;38295
2015.09.29;12:00:00;123.577;123.085;123.38;123.459;33430
2015.09.29;16:00:00;123.572;123.028;123.273;123.378;47021
2015.09.29;20:00:00;123.35;123.076;123.129;123.273;26892
2015.09.30;00:00:00;123.564;122.941;123.501;123.129;11293
2015.09.30;04:00:00;123.524;123.259;123.417;123.499;17634
2015.09.30;08:00:00;123.624;122.97;123.488;123.416;31524
2015.09.30;12:00:00;123.645;123.13;123.18;123.488;29702
2015.09.30;16:00:00;123.22;122.477;122.731;123.181;45074
2015.09.30;20:00:00;123.16;122.719;123.147;122.732;23345
2015.10.01;00:00:00;123.162;122.909;123.09;123.153;9991
2015.10.01;04:00:00;123.312;122.926;123.185;123.094;19538
2015.10.01;08:00:00;123.212;122.793;122.823;123.184;25411
2015.10.01;12:00:00;122.976;122.259;122.469;122.82;32241
2015.10.01;16:00:00;122.976;122.45;122.58;122.469;44735
2015.10.01;20:00:00;122.763;122.453;122.68;122.58;20499
2015.10.02;00:00:00;122.758;122.598;122.739;122.698;12706
2015.10.02;04:00:00;122.895;122.59;122.624;122.74;16601
2015.10.02;08:00:00;122.923;122.562;122.827;122.618;22741
2015.10.02;12:00:00;123.389;122.616;123.278;122.828;30397
2015.10.02;16:00:00;123.577;122.819;123.453;123.287;58424
2015.10.02;20:00:00;123.643;123.215;123.356;123.454;26976
2015.10.05;00:00:00;123.605;123.291;123.522;123.361;12603
2015.10.05;04:00:00;123.751;123.458;123.612;123.52;16487
2015.10.05;08:00:00;123.885;123.403;123.791;123.616;30445
2015.10.05;12:00:00;124.053;123.261;123.287;123.789;32606
2015.10.05;16:00:00;123.587;123.204;123.494;123.289;36972
2015.10.05;20:00:00;123.57;123.338;123.448;123.496;16677
2015.10.06;00:00:00;123.504;123.389;123.425;123.452;10395
2015.10.06;04:00:00;123.472;123.354;123.411;123.424;14851
2015.10.06;08:00:00;123.558;123.179;123.489;123.412;27805
2015.10.06;12:00:00;123.803;123.306;123.526;123.488;27047
2015.10.06;16:00:00;124.289;123.515;124.187;123.526;37633
2015.10.06;20:00:00;124.395;124.159;124.308;124.189;16238
2015.10.07;00:00:00;124.413;124.183;124.359;124.315;10662
2015.10.07;04:00:00;124.398;123.878;124.204;124.36;19240
2015.10.07;08:00:00;124.277;123.883;124.075;124.204;29625
2015.10.07;12:00:00;124.409;123.879;124.126;124.076;28761
2015.10.07;16:00:00;124.151;123.114;123.23;124.126;38545
2015.10.07;20:00:00;123.412;123.185;123.239;123.23;17446
2015.10.08;00:00:00;123.322;123.127;123.312;123.24;9038
2015.10.08;04:00:00;123.406;123.229;123.257;123.311;13489
2015.10.08;08:00:00;123.867;123.173;123.665;123.256;27922
2015.10.08;12:00:00;123.931;123.25;123.479;123.664;30292
2015.10.08;16:00:00;124.042;123.437;124.013;123.477;32235
2015.10.08;20:00:00;124.364;123.858;124.093;124.012;23220
2015.10.09;00:00:00;124.193;123.867;124.119;124.087;10777
2015.10.09;04:00:00;124.235;123.917;124.195;124.117;12355
2015.10.09;08:00:00;124.917;124.072;124.69;124.196;26628
2015.10.09;12:00:00;125.397;124.637;125.319;124.69;32576
2015.10.09;16:00:00;125.341;124.91;125.294;125.32;33759
2015.10.09;20:00:00;125.327;124.917;124.927;125.294;11574
2015.10.12;00:00:00;125.094;124.816;125.013;124.875;11519
2015.10.12;04:00:00;125.139;124.886;124.993;125.014;8683
2015.10.12;08:00:00;125.236;124.819;124.991;124.996;18558
2015.10.12;12:00:00;125.184;124.876;124.982;124.99;19938
2015.10.12;16:00:00;125.066;124.639;124.807;124.983;23404
2015.10.12;20:00:00;124.809;124.536;124.624;124.807;9378
2015.10.13;00:00:00;124.698;124.34;124.373;124.628;9217
2015.10.13;04:00:00;124.486;124.28;124.421;124.372;12886
2015.10.13;08:00:00;124.894;124.385;124.56;124.422;24158
2015.10.13;12:00:00;125.113;124.425;124.908;124.558;26444
2015.10.13;16:00:00;125.062;124.66;125.009;124.908;30089
2015.10.13;20:00:00;125.176;124.945;124.981;125.017;15360
2015.10.14;00:00:00;125.042;124.755;124.785;124.982;11816
2015.10.14;04:00:00;124.979;124.766;124.917;124.785;14214
2015.10.14;08:00:00;125.266;124.791;124.855;124.916;23488
2015.10.14;12:00:00;125.295;124.812;125.203;124.855;28957
2015.10.14;16:00:00;125.303;125.006;125.253;125.202;36696
2015.10.14;20:00:00;125.313;125.004;125.073;125.256;21679
2015.10.15;00:00:00;125.436;125.025;125.283;125.073;14617
2015.10.15;04:00:00;125.49;125.232;125.351;125.284;15846
2015.10.15;08:00:00;125.36;124.391;124.669;125.35;30784
2015.10.15;12:00:00;124.861;124.228;124.268;124.67;32942
2015.10.15;16:00:00;124.725;124.2;124.661;124.267;41534
2015.10.15;20:00:00;125.097;124.54;124.993;124.665;16935
2015.10.16;00:00:00;125.183;124.914;125.134;124.982;14357
2015.10.16;04:00:00;125.289;125.129;125.188;125.135;13142
2015.10.16;08:00:00;125.267;124.699;124.8;125.19;22042
2015.10.16;12:00:00;125.272;124.652;125.023;124.799;28014
2015.10.16;16:00:00;125.614;124.94;125.554;125.021;37075
2015.10.16;20:00:00;125.564;125.179;125.202;125.555;16615
2015.10.19;00:00:00;125.275;125.007;125.207;125.04;7965
2015.10.19;04:00:00;125.335;124.946;125.147;125.207;13779
2015.10.19;08:00:00;125.278;124.951;125.205;125.148;20149
2015.10.19;12:00:00;125.228;124.665;124.865;125.205;23537
2015.10.19;16:00:00;125.057;124.74;124.871;124.865;26699
2015.10.19;20:00:00;125.033;124.806;124.913;124.874;8929
2015.10.20;00:00:00;125.024;124.858;125.019;124.923;8596
2015.10.20;04:00:00;125.114;124.926;124.968;125.02;7605
2015.10.20;08:00:00;125.676;124.866;125.668;124.967;19261
2015.10.20;12:00:00;125.931;125.495;125.782;125.669;22841
2015.10.20;16:00:00;125.867;125.388;125.427;125.784;26363
2015.10.20;20:00:00;125.542;125.254;125.279;125.425;10542
2015.10.21;00:00:00;125.472;125.234;125.424;125.283;11364
2015.10.21;04:00:00;125.57;125.398;125.553;125.425;9423
2015.10.21;08:00:00;125.791;125.286;125.674;125.553;20994
2015.10.21;12:00:00;125.668;124.88;125.431;125.668;18449
2015.10.21;16:00:00;125.472;125.141;125.335;125.429;24828
2015.10.21;20:00:00;125.372;124.923;124.959;125.329;13753
2015.10.22;00:00:00;125.027;124.877;124.89;124.96;9706
2015.10.22;04:00:00;125.025;124.609;124.677;124.89;12069
2015.10.22;08:00:00;124.97;124.466;124.635;124.676;21391
2015.10.22;12:00:00;124.679;123.626;123.878;124.635;28664
2015.10.22;16:00:00;124.335;123.746;124.269;123.876;42504
2015.10.22;20:00:00;124.258;123.876;123.992;124.257;17561
2015.10.23;00:00:00;124.224;123.91;124.138;123.99;18446
2015.10.23;04:00:00;124.139;123.919;123.961;124.139;15275
2015.10.23;08:00:00;124.227;123.448;123.768;123.961;26804
2015.10.23;12:00:00;124.093;123.449;123.962;123.768;32491
2015.10.23;16:00:00;124.125;123.655;123.903;123.961;38326
2015.10.23;20:00:00;124.093;123.783;124.024;123.904;15838
2015.10.25;23:00:00;124.097;123.955;124.01;123.965;968
2015.10.26;00:00:00;124.072;123.696;123.885;124.014;10944
2015.10.26;04:00:00;124.066;123.884;123.999;123.885;11066
2015.10.26;08:00:00;124.005;123.568;123.575;123.998;22601
2015.10.26;12:00:00;123.643;122.955;123.043;123.575;26705
2015.10.26;16:00:00;123.37;122.936;123.093;123.037;32511
2015.10.26;20:00:00;123.145;123.017;123.097;123.088;11080
2015.10.27;00:00:00;123.17;122.766;122.907;123.095;11751
2015.10.27;04:00:00;122.96;122.737;122.952;122.906;13464
2015.10.27;08:00:00;122.995;122.343;122.422;122.952;24269
2015.10.27;12:00:00;122.479;122.091;122.249;122.424;30584
2015.10.27;16:00:00;122.331;121.946;122.042;122.247;30948
2015.10.27;20:00:00;122.15;121.924;122.05;122.042;12841
2015.10.28;00:00:00;122.146;121.859;122.046;122.05;15691
2015.10.28;04:00:00;122.12;121.926;122.041;122.046;10262
2015.10.28;08:00:00;122.337;121.958;122.306;122.041;19645
2015.10.28;12:00:00;122.436;122.225;122.342;122.305;26311
2015.10.28;16:00:00;122.674;122.185;122.457;122.344;31379
2015.10.28;20:00:00;122.49;121.549;121.8;122.457;34302
2015.10.29;00:00:00;121.892;121.2;121.313;121.817;18662
2015.10.29;04:00:00;121.576;121.309;121.547;121.313;11865
2015.10.29;08:00:00;121.973;121.46;121.944;121.548;28010
2015.10.29;12:00:00;122.378;121.889;122.193;121.948;33604
2015.10.29;16:00:00;122.347;122.073;122.209;122.19;31177
2015.10.29;20:00:00;122.423;122.166;122.363;122.212;11964
2015.10.30;00:00:00;122.42;122.146;122.18;122.364;13274
2015.10.30;04:00:00;122.7;121.634;122.34;122.181;22926
2015.10.30;08:00:00;122.376;121.817;122.012;122.346;28026
2015.10.30;12:00:00;122.052;121.66;121.994;122.007;33378
2015.10.30;16:00:00;122.55;121.892;122.277;122;34183
2015.10.30;20:00:00;122.3;122.02;122.037;122.277;12303
2015.11.02;00:00:00;122.241;121.729;122.063;122.031;16616
2015.11.02;04:00:00;122.063;121.813;121.947;122.063;9290
2015.11.02;08:00:00;122.224;121.905;122.059;121.947;23935
2015.11.02;12:00:00;122.325;122.008;122.321;122.057;23704
2015.11.02;16:00:00;122.645;122.215;122.384;122.32;29237
2015.11.02;20:00:00;122.47;122.299;122.326;122.385;11370
2015.11.03;00:00:00;122.427;122.268;122.325;122.321;9075
2015.11.03;04:00:00;122.333;122.212;122.264;122.325;8357
2015.11.03;08:00:00;122.499;122.097;122.133;122.263;19531
2015.11.03;12:00:00;122.261;121.953;122.115;122.132;24425
2015.11.03;16:00:00;122.327;122.086;122.13;122.114;33902
2015.11.03;20:00:00;122.228;122.074;122.129;122.127;14374
2015.11.04;00:00:00;122.394;122.07;122.363;122.137;15237
2015.11.04;04:00:00;122.371;122.027;122.118;122.363;12052
2015.11.04;08:00:00;122.487;121.925;122.395;122.118;23593
2015.11.04;12:00:00;122.597;122.334;122.474;122.395;25165
2015.11.04;16:00:00;122.512;122.15;122.213;122.473;39663
2015.11.04;20:00:00;122.392;122.138;122.367;122.211;13657
2015.11.05;00:00:00;122.399;122.219;122.309;122.367;13939
2015.11.05;04:00:00;122.347;122.236;122.266;122.309;11237
2015.11.05;08:00:00;122.379;121.946;122.27;122.266;27037
2015.11.05;12:00:00;122.512;122.189;122.198;122.271;32853
2015.11.05;16:00:00;122.301;121.861;122.121;122.199;36342
2015.11.05;20:00:00;122.318;122.085;122.306;122.121;12449
2015.11.06;00:00:00;122.339;122.188;122.257;122.306;12117
2015.11.06;04:00:00;122.357;122.214;122.31;122.256;9836
2015.11.06;08:00:00;122.528;122.251;122.432;122.311;22645
2015.11.06;12:00:00;122.732;121.803;122.08;122.437;30398
2015.11.06;16:00:00;122.659;122.008;122.447;122.081;54347
2015.11.06;20:00:00;122.489;122.291;122.427;122.448;21758
2015.11.09;00:00:00;122.772;122.465;122.767;122.589;15430
2015.11.09;04:00:00;122.897;122.721;122.775;122.767;14069
2015.11.09;08:00:00;123.379;122.773;123.095;122.775;29812
2015.11.09;12:00:00;123.15;122.772;122.845;123.096;33991
2015.11.09;16:00:00;123.048;122.582;122.792;122.843;42931
2015.11.09;20:00:00;122.811;122.614;122.701;122.789;14359
2015.11.10;00:00:00;122.839;122.565;122.7;122.701;15365
2015.11.10;04:00:00;122.76;122.566;122.654;122.699;11533
2015.11.10;08:00:00;123.04;122.567;122.707;122.655;35728
2015.11.10;12:00:00;122.783;122.338;122.401;122.708;43011
2015.11.10;16:00:00;122.507;122.179;122.261;122.4;47184
2015.11.10;20:00:00;122.473;122.212;122.335;122.26;16550
2015.11.11;00:00:00;122.459;122.203;122.296;122.337;17771
2015.11.11;04:00:00;122.485;122.27;122.41;122.296;15436
2015.11.11;08:00:00;122.651;122.363;122.472;122.411;28525
2015.11.11;12:00:00;122.545;122.263;122.327;122.472;25953
2015.11.11;16:00:00;122.503;122.23;122.277;122.327;33701
2015.11.11;20:00:00;122.388;122.214;122.257;122.277;9969
2015.11.12;00:00:00;122.692;122.256;122.625;122.259;16983
2015.11.12;04:00:00;122.677;122.435;122.504;122.626;13005
2015.11.12;08:00:00;122.666;121.919;122.461;122.503;30433
2015.11.12;12:00:00;122.505;122.314;122.443;122.46;33157
2015.11.12;16:00:00;122.792;122.342;122.594;122.444;47656
2015.11.12;20:00:00;122.64;122.383;122.523;122.595;19326
2015.11.13;00:00:00;122.624;122.387;122.503;122.519;17635
2015.11.13;04:00:00;122.506;122.364;122.451;122.503;12297
2015.11.13;08:00:00;122.484;122.21;122.264;122.446;28310
2015.11.13;12:00:00;122.519;122.151;122.184;122.262;37892
2015.11.13;16:00:00;122.201;121.737;121.779;122.185;42426
2015.11.13;20:00:00;121.868;121.695;121.823;121.783;17438
2015.11.16;00:00:00;121.733;121.12;121.595;121.26;23803
2015.11.16;04:00:00;121.681;121.506;121.535;121.594;11331
2015.11.16;08:00:00;122.152;121.525;122.114;121.536;30707
2015.11.16;12:00:00;122.437;122.092;122.1;122.114;31680
2015.11.16;16:00:00;122.227;121.999;122.026;122.101;38078
2015.11.16;20:00:00;122.062;121.942;121.959;122.025;13933
2015.11.17;00:00:00;122.139;121.937;122.046;121.952;15235
2015.11.17;04:00:00;122.097;121.958;121.988;122.048;11714
2015.11.17;08:00:00;122.034;121.651;121.849;121.991;27121
2015.11.17;12:00:00;121.904;121.54;121.599;121.867;32109
2015.11.17;16:00:00;121.749;121.39;121.522;121.602;39613
2015.11.17;20:00:00;121.692;121.407;121.612;121.521;22271
2015.11.18;00:00:00;121.728;121.591;121.656;121.612;11913
2015.11.18;04:00:00;121.659;121.29;121.343;121.656;11827
2015.11.18;08:00:00;121.676;121.34;121.58;121.343;25183
2015.11.18;12:00:00;121.655;121.364;121.368;121.579;26249
2015.11.18;16:00:00;121.396;120.942;121.165;121.369;34340
2015.11.18;20:00:00;121.286;120.904;121.206;121.165;20102
2015.11.19;00:00:00;121.605;121.144;121.398;121.2;16691
2015.11.19;04:00:00;121.446;121.137;121.353;121.398;17788
2015.11.19;08:00:00;121.408;120.884;120.955;121.353;27194
2015.11.19;12:00:00;121.13;120.715;120.843;120.956;31367
2015.11.19;16:00:00;121.187;120.84;120.999;120.843;42178
2015.11.19;20:00:00;121.319;120.975;121.278;121;13165
2015.11.20;00:00:00;121.348;121.073;121.203;121.276;15477
2015.11.20;04:00:00;121.297;121.139;121.21;121.203;11593
2015.11.20;08:00:00;121.3;120.863;121.013;121.208;33145
2015.11.20;12:00:00;121.185;120.74;121.029;121.014;29966
2015.11.20;16:00:00;121.095;120.439;120.491;121.03;40766
2015.11.20;20:00:00;120.657;120.454;120.559;120.489;15100
2015.11.23;00:00:00;120.651;120.223;120.593;120.223;13949
2015.11.23;04:00:00;120.753;120.569;120.726;120.593;13348
2015.11.23;08:00:00;120.97;120.63;120.889;120.725;27082
2015.11.23;12:00:00;120.903;120.455;120.653;120.889;32720
2015.11.23;16:00:00;120.706;120.47;120.533;120.652;36978
2015.11.23;20:00:00;120.648;120.437;120.608;120.534;11768
2015.11.24;00:00:00;120.738;120.546;120.59;120.604;14411
2015.11.24;04:00:00;120.626;120.453;120.46;120.59;10422
2015.11.24;08:00:00;120.523;120.262;120.337;120.459;26972
2015.11.24;12:00:00;120.55;120.32;120.422;120.338;30742
2015.11.24;16:00:00;120.633;120.294;120.5;120.422;35829
2015.11.24;20:00:00;120.639;120.413;120.499;120.499;13641
2015.11.25;00:00:00;120.552;120.329;120.426;120.509;15722
2015.11.25;04:00:00;120.475;120.346;120.353;120.426;13905
2015.11.25;08:00:00;120.58;120.076;120.147;120.353;31554
2015.11.25;12:00:00;120.209;119.869;120.191;120.147;36749
2015.11.25;16:00:00;120.224;119.732;120.114;120.2;36014
2015.11.25;20:00:00;120.217;120.012;120.019;120.115;12393
2015.11.26;00:00:00;120.122;119.896;119.985;120.023;15465
2015.11.26;04:00:00;119.985;119.832;119.887;119.985;8236
2015.11.26;08:00:00;119.938;119.696;119.871;119.887;20920
2015.11.26;12:00:00;119.969;119.596;119.657;119.871;19222
2015.11.26;16:00:00;119.79;119.536;119.774;119.659;16653
2015.11.26;20:00:00;119.808;119.642;119.698;119.776;18466
2015.11.27;00:00:00;119.847;119.669;119.769;119.694;12365
2015.11.27;04:00:00;119.803;119.636;119.655;119.769;9603
2015.11.27;08:00:00;119.685;119.016;119.045;119.655;28132
2015.11.27;12:00:00;119.191;118.719;119.033;119.045;29136
2015.11.27;16:00:00;119.333;118.962;119.289;119.033;28578
2015.11.27;20:00:00;119.365;119.126;119.173;119.289;7980
2015.11.30;00:00:00;119.252;119.036;119.055;119.15;12216
2015.11.30;04:00:00;119.102;118.996;119.071;119.056;10556
2015.11.30;08:00:00;119.422;118.987;119.392;119.07;22976
2015.11.30;12:00:00;119.47;119.287;119.308;119.393;24670
2015.11.30;16:00:00;120.054;119.279;119.84;119.308;31623
2015.11.30;20:00:00;120.003;119.57;119.624;119.84;12937
2015.12.01;00:00:00;119.791;119.571;119.699;119.624;13403
2015.12.01;04:00:00;119.821;119.349;119.797;119.699;19529
2015.12.01;08:00:00;119.847;119.406;119.658;119.799;24136
2015.12.01;12:00:00;119.823;119.602;119.669;119.659;21227
2015.12.01;16:00:00;119.841;119.272;119.364;119.667;33797
2015.12.01;20:00:00;119.798;119.341;119.72;119.363;12392
2015.12.02;00:00:00;119.804;119.619;119.709;119.72;10989
2015.12.02;04:00:00;119.891;119.699;119.827;119.708;9429
2015.12.02;08:00:00;120.109;119.788;119.97;119.828;22733
2015.12.02;12:00:00;120.083;119.646;120.063;119.964;28363
2015.12.02;16:00:00;120.829;119.712;120.639;120.063;37036
2015.12.02;20:00:00;121.076;120.599;120.984;120.637;20259
2015.12.03;00:00:00;121.042;120.88;120.97;120.966;13953
2015.12.03;04:00:00;120.991;120.78;120.927;120.97;12034
2015.12.03;08:00:00;120.979;120.506;120.609;120.927;22475
2015.12.03;12:00:00;122.432;120.075;122.241;120.609;42413
2015.12.03;16:00:00;123.2;121.778;122.988;122.251;50418
2015.12.03;20:00:00;123.825;122.955;123.386;122.988;32501
2015.12.04;00:00:00;123.585;123.31;123.473;123.385;19342
2015.12.04;04:00:00;123.583;123.328;123.552;123.473;16161
2015.12.04;08:00:00;123.574;122.694;122.826;123.55;33028
2015.12.04;12:00:00;123.282;122.671;123.136;122.822;39985
2015.12.04;16:00:00;123.422;122.829;123.098;123.135;52396
2015.12.04;20:00:00;123.671;122.989;123.534;123.097;19322
2015.12.07;00:00:00;123.635;123.274;123.529;123.426;13030
2015.12.07;04:00:00;123.537;123.384;123.427;123.53;10343
2015.12.07;08:00:00;123.568;123.106;123.17;123.427;22484
2015.12.07;12:00:00;123.318;123.114;123.179;123.17;22558
2015.12.07;16:00:00;123.261;122.895;123.062;123.179;35738
2015.12.07;20:00:00;123.383;123.038;123.333;123.062;17406
2015.12.08;00:00:00;123.379;123.12;123.173;123.332;12473
2015.12.08;04:00:00;123.269;123.087;123.195;123.174;11074
2015.12.08;08:00:00;123.435;123.092;123.356;123.195;23845
2015.12.08;12:00:00;123.744;123.276;123.621;123.356;29832
2015.12.08;16:00:00;123.935;123.43;123.916;123.621;33313
2015.12.08;20:00:00;124.001;123.738;123.825;123.911;18212
2015.12.09;00:00:00;123.863;123.643;123.743;123.829;10270
2015.12.09;04:00:00;123.755;123.575;123.638;123.743;12000
2015.12.09;08:00:00;123.813;123.523;123.697;123.638;25037
2015.12.09;12:00:00;123.887;123.438;123.654;123.697;27104
2015.12.09;16:00:00;123.685;123.15;123.251;123.654;46448
2015.12.09;20:00:00;123.525;123.065;123.491;123.246;34592
2015.12.10;00:00:00;123.776;123.237;123.416;123.495;19434
2015.12.10;04:00:00;123.585;123.361;123.508;123.415;11182
2015.12.10;08:00:00;123.839;123.121;123.183;123.508;25814
2015.12.10;12:00:00;123.191;122.811;123.168;123.185;32807
2015.12.10;16:00:00;123.187;122.697;122.814;123.169;36529
2015.12.10;20:00:00;123.101;122.766;123.007;122.814;14917
2015.12.11;00:00:00;123.525;122.917;123.471;123.008;13260
2015.12.11;04:00:00;123.613;123.425;123.492;123.47;9410
2015.12.11;08:00:00;123.616;123.331;123.346;123.491;23867
2015.12.11;12:00:00;123.351;122.88;123.058;123.346;36221
2015.12.11;16:00:00;123.348;122.78;122.86;123.058;50817
2015.12.11;20:00:00;123.002;122.791;122.964;122.862;22834
2015.12.14;00:00:00;123.106;122.633;122.814;123.102;18226
2015.12.14;04:00:00;123.031;122.752;122.984;122.812;15926
2015.12.14;08:00:00;123.18;122.768;122.882;122.985;27666
2015.12.14;12:00:00;123.195;122.758;123.068;122.881;37864
2015.12.14;16:00:00;123.323;122.595;122.613;123.069;48545
2015.12.14;20:00:00;122.837;122.514;122.801;122.612;20663
2015.12.15;00:00:00;123.119;122.646;123;122.801;17290
2015.12.15;04:00:00;123.115;122.924;122.964;122.999;13834
2015.12.15;08:00:00;123.195;122.879;123.044;122.964;28013
2015.12.15;12:00:00;123.206;122.709;122.828;123.045;33879
2015.12.15;16:00:00;123.06;122.584;122.785;122.827;39709
2015.12.15;20:00:00;122.785;122.777;122.777;122.785;6
