DATE;TIME;HIGH;LOW;CLOSE;OPEN;VOLUME
2015.04.27;12:00:00;1.39683;1.39068;1.39393;1.39378;9396
2015.04.27;16:00:00;1.39548;1.39108;1.39198;1.39388;7937
2015.04.27;20:00:00;1.39678;1.39148;1.39413;1.39203;10903
2015.04.28;00:00:00;1.39463;1.38773;1.38918;1.39408;4733
2015.04.28;04:00:00;1.39093;1.38588;1.39073;1.38913;2642
2015.04.28;08:00:00;1.39273;1.38993;1.39023;1.39068;3396
2015.04.28;12:00:00;1.39188;1.38688;1.38703;1.39028;9497
2015.04.28;16:00:00;1.38813;1.37803;1.37813;1.38698;11211
2015.04.28;20:00:00;1.38538;1.37533;1.38078;1.37808;12026
2015.04.29;00:00:00;1.38243;1.37623;1.37833;1.38073;4914
2015.04.29;04:00:00;1.38043;1.37563;1.37988;1.37843;2818
2015.04.29;08:00:00;1.38248;1.37958;1.38053;1.37983;3655
2015.04.29;12:00:00;1.38488;1.37938;1.38433;1.38048;8347
2015.04.29;16:00:00;1.39408;1.38293;1.38793;1.38438;11310
2015.04.29;20:00:00;1.40898;1.38573;1.40388;1.38788;16440
2015.04.30;00:00:00;1.40628;1.39768;1.40358;1.40393;9950
2015.04.30;04:00:00;1.40673;1.40283;1.40478;1.40408;2934
2015.04.30;08:00:00;1.40808;1.40343;1.40703;1.40483;4803
2015.04.30;12:00:00;1.41763;1.40563;1.41138;1.40708;12810
2015.04.30;16:00:00;1.41318;1.40228;1.40988;1.41153;13550
2015.04.30;20:00:00;1.41453;1.40408;1.41243;1.40993;15602
2015.05.01;00:00:00;1.42188;1.41123;1.41878;1.41243;7630
2015.05.01;04:00:00;1.41968;1.41643;1.41713;1.41883;2406
2015.05.01;08:00:00;1.41803;1.41608;1.41788;1.41718;2322
2015.05.01;12:00:00;1.42168;1.41718;1.42078;1.41783;7644
2015.05.01;16:00:00;1.42733;1.42028;1.42513;1.42083;8844
2015.05.01;20:00:00;1.42798;1.42158;1.42263;1.42518;12130
2015.05.04;00:00:00;1.42663;1.42253;1.42468;1.42268;4245
2015.05.04;04:00:00;1.42693;1.41978;1.42683;1.42093;3284
2015.05.04;08:00:00;1.42748;1.42488;1.42578;1.42678;3196
2015.05.04;12:00:00;1.42648;1.41913;1.42118;1.42573;8045
2015.05.04;16:00:00;1.42783;1.42083;1.42703;1.42128;8273
2015.05.04;20:00:00;1.42878;1.42258;1.42418;1.42698;9096
2015.05.05;00:00:00;1.42648;1.42368;1.42443;1.42413;3924
2015.05.05;04:00:00;1.42733;1.42413;1.42708;1.42433;2915
2015.05.05;08:00:00;1.42953;1.42478;1.42698;1.42703;4016
2015.05.05;12:00:00;1.42928;1.42053;1.42558;1.42693;10330
2015.05.05;16:00:00;1.43573;1.42508;1.43223;1.42563;11871
2015.05.05;20:00:00;1.44108;1.42963;1.43903;1.43218;13690
2015.05.06;00:00:00;1.44008;1.43548;1.43688;1.43908;4677
2015.05.06;04:00:00;1.43728;1.43498;1.43593;1.43683;2620
2015.05.06;08:00:00;1.43738;1.43323;1.43523;1.43588;5679
2015.05.06;12:00:00;1.43903;1.43433;1.43593;1.43528;11644
2015.05.06;16:00:00;1.44178;1.43418;1.44023;1.43598;12841
2015.05.06;20:00:00;1.45013;1.43788;1.44448;1.44033;14990
2015.05.07;00:00:00;1.44783;1.44253;1.44363;1.44458;5372
2015.05.07;04:00:00;1.44598;1.44248;1.44573;1.44368;3009
2015.05.07;08:00:00;1.44923;1.44578;1.44808;1.44578;4596
2015.05.07;12:00:00;1.45883;1.44783;1.45803;1.44803;11617
2015.05.07;16:00:00;1.46548;1.45038;1.45373;1.45798;14474
2015.05.07;20:00:00;1.45438;1.44563;1.44568;1.45368;12199
2015.05.08;00:00:00;1.44648;1.44418;1.44503;1.44573;4788
2015.05.08;04:00:00;1.44603;1.44258;1.44388;1.44523;4709
2015.05.08;08:00:00;1.44678;1.44073;1.44203;1.44383;6954
2015.05.08;12:00:00;1.44478;1.43763;1.44368;1.44198;11240
2015.05.08;16:00:00;1.44438;1.43283;1.43708;1.44363;12021
2015.05.08;20:00:00;1.43903;1.42833;1.42838;1.43713;13254
2015.05.11;00:00:00;1.42938;1.42278;1.42498;1.42843;4101
2015.05.11;04:00:00;1.42883;1.42263;1.42778;1.42263;2946
2015.05.11;08:00:00;1.42903;1.42523;1.42898;1.42768;4920
2015.05.11;12:00:00;1.43578;1.42848;1.43338;1.42893;9273
2015.05.11;16:00:00;1.43413;1.42788;1.42798;1.43328;9131
2015.05.11;20:00:00;1.43173;1.42733;1.42968;1.42793;10392
2015.05.12;00:00:00;1.43198;1.42858;1.43073;1.42963;3693
2015.05.12;04:00:00;1.43253;1.42928;1.43173;1.43073;2283
2015.05.12;08:00:00;1.43463;1.43113;1.43453;1.43168;3952
2015.05.12;12:00:00;1.44573;1.43313;1.44373;1.43443;10915
2015.05.12;16:00:00;1.44873;1.44088;1.44178;1.44378;11231
2015.05.12;20:00:00;1.44743;1.43648;1.43753;1.44183;10767
2015.05.13;00:00:00;1.43758;1.43483;1.43483;1.43748;4201
2015.05.13;04:00:00;1.43718;1.43328;1.43598;1.43483;2737
2015.05.13;08:00:00;1.43988;1.43538;1.43978;1.43603;4693
2015.05.13;12:00:00;1.44253;1.43318;1.43338;1.43973;9327
2015.05.13;16:00:00;1.43873;1.43063;1.43653;1.43333;12312
2015.05.13;20:00:00;1.44568;1.43568;1.44418;1.43648;12835
2015.05.14;00:00:00;1.44628;1.44273;1.44443;1.44423;4375
2015.05.14;04:00:00;1.44553;1.44293;1.44493;1.44448;2886
2015.05.14;08:00:00;1.44528;1.44138;1.44323;1.44498;4700
2015.05.14;12:00:00;1.44583;1.43978;1.44448;1.44318;12117
2015.05.14;16:00:00;1.45088;1.44378;1.44488;1.44443;12079
2015.05.14;20:00:00;1.44608;1.43923;1.44398;1.44493;12327
2015.05.15;00:00:00;1.44673;1.44348;1.44603;1.44403;4549
2015.05.15;04:00:00;1.44733;1.44173;1.44703;1.44633;2857
2015.05.15;08:00:00;1.44843;1.44583;1.44743;1.44693;3898
2015.05.15;12:00:00;1.44988;1.44288;1.44318;1.44748;10876
2015.05.15;16:00:00;1.44388;1.43363;1.43433;1.44313;10152
2015.05.15;20:00:00;1.44203;1.43178;1.43798;1.43438;13131
2015.05.18;00:00:00;1.44348;1.43773;1.44043;1.43788;5195
2015.05.18;04:00:00;1.44248;1.43738;1.44068;1.43758;2618
2015.05.18;08:00:00;1.44148;1.43893;1.44048;1.44073;3350
2015.05.18;12:00:00;1.44198;1.43533;1.43738;1.44053;8813
2015.05.18;16:00:00;1.44163;1.43508;1.43903;1.43743;8847
2015.05.18;20:00:00;1.43978;1.43398;1.43598;1.43888;9561
2015.05.19;00:00:00;1.43728;1.43313;1.43328;1.43593;4829
2015.05.19;04:00:00;1.43393;1.43208;1.43218;1.43323;2372
2015.05.19;08:00:00;1.43448;1.43183;1.43228;1.43223;4592
2015.05.19;12:00:00;1.43593;1.42213;1.42798;1.43223;13047
2015.05.19;16:00:00;1.43113;1.42258;1.42318;1.42803;11212
2015.05.19;20:00:00;1.42703;1.42308;1.42553;1.42323;11260
2015.05.20;00:00:00;1.42583;1.42328;1.42478;1.42538;3871
2015.05.20;04:00:00;1.42508;1.41943;1.42403;1.42488;3097
2015.05.20;08:00:00;1.42663;1.42318;1.42573;1.42398;3876
2015.05.20;12:00:00;1.42783;1.42253;1.42523;1.42568;11036
2015.05.20;16:00:00;1.42828;1.42098;1.42803;1.42518;10464
2015.05.20;20:00:00;1.42788;1.42208;1.42703;1.42783;10995
2015.05.21;00:00:00;1.43038;1.42463;1.42558;1.42698;9611
2015.05.21;04:00:00;1.42728;1.42378;1.42698;1.42548;3086
2015.05.21;08:00:00;1.43018;1.42638;1.42848;1.42703;4212
2015.05.21;12:00:00;1.43258;1.42283;1.43113;1.42853;11628
2015.05.21;16:00:00;1.43438;1.42848;1.42863;1.43108;10557
2015.05.21;20:00:00;1.43138;1.42668;1.43023;1.42868;10810
2015.05.22;00:00:00;1.43053;1.42493;1.42493;1.43018;4011
2015.05.22;04:00:00;1.42593;1.42248;1.42293;1.42528;2563
2015.05.22;08:00:00;1.42453;1.42223;1.42243;1.42288;4115
2015.05.22;12:00:00;1.42678;1.42183;1.42653;1.42248;8518
2015.05.22;16:00:00;1.43088;1.41608;1.41778;1.42658;11322
2015.05.22;20:00:00;1.41878;1.41318;1.41633;1.41773;11924
2015.05.25;00:00:00;1.41708;1.41228;1.41328;1.41613;4966
2015.05.25;04:00:00;1.41838;1.41193;1.41758;1.41518;4045
2015.05.25;08:00:00;1.41973;1.41698;1.41973;1.41763;2654
2015.05.25;12:00:00;1.42543;1.41963;1.42168;1.41968;6201
2015.05.25;16:00:00;1.42408;1.42093;1.42268;1.42163;3899
2015.05.25;20:00:00;1.42338;1.41808;1.41843;1.42263;2527
2015.05.26;00:00:00;1.41938;1.41653;1.41893;1.41878;1478
2015.05.26;04:00:00;1.42018;1.41568;1.41968;1.41908;3066
2015.05.26;08:00:00;1.42078;1.41853;1.41963;1.41963;4509
2015.05.26;12:00:00;1.42203;1.41673;1.41803;1.41968;12340
2015.05.26;16:00:00;1.42318;1.41613;1.41928;1.41798;10991
2015.05.26;20:00:00;1.42268;1.41743;1.41988;1.41923;11559
2015.05.27;00:00:00;1.41993;1.41493;1.41498;1.41993;4522
2015.05.27;04:00:00;1.41683;1.41468;1.41533;1.41503;2484
2015.05.27;08:00:00;1.41968;1.41408;1.41913;1.41538;4299
2015.05.27;12:00:00;1.42273;1.41883;1.42178;1.41908;9049
2015.05.27;16:00:00;1.42438;1.41873;1.41888;1.42173;11249
2015.05.27;20:00:00;1.42493;1.41793;1.42208;1.41893;13632
2015.05.28;00:00:00;1.42338;1.41953;1.42193;1.42213;4490
2015.05.28;04:00:00;1.42273;1.41793;1.42203;1.42208;2469
2015.05.28;08:00:00;1.42458;1.42098;1.42388;1.42208;6224
2015.05.28;12:00:00;1.42618;1.42148;1.42528;1.42393;11943
2015.05.28;16:00:00;1.42723;1.42048;1.42298;1.42523;11943
2015.05.28;20:00:00;1.43133;1.42063;1.42983;1.42298;12091
2015.05.29;00:00:00;1.43218;1.42698;1.42753;1.42988;6510
2015.05.29;04:00:00;1.43033;1.42588;1.42878;1.42773;2943
2015.05.29;08:00:00;1.43103;1.42763;1.43008;1.42883;3943
2015.05.29;12:00:00;1.43053;1.42338;1.42733;1.43023;9724
2015.05.29;16:00:00;1.43498;1.42703;1.43353;1.42728;11826
2015.05.29;20:00:00;1.44118;1.42713;1.43108;1.43348;12988
2015.06.01;00:00:00;1.43518;1.43103;1.43273;1.43103;4336
2015.06.01;04:00:00;1.43368;1.42783;1.43323;1.42793;3392
2015.06.01;08:00:00;1.43363;1.43148;1.43153;1.43318;3864
2015.06.01;12:00:00;1.43193;1.42523;1.42688;1.43158;9515
2015.06.01;16:00:00;1.43223;1.42573;1.43073;1.42683;10227
2015.06.01;20:00:00;1.43428;1.42823;1.43168;1.43078;11582
2015.06.02;00:00:00;1.43493;1.43138;1.43293;1.43163;5081
2015.06.02;04:00:00;1.43418;1.43098;1.43353;1.43298;2803
2015.06.02;08:00:00;1.43473;1.43313;1.43408;1.43348;3982
2015.06.02;12:00:00;1.44048;1.43208;1.44018;1.43413;9843
2015.06.02;16:00:00;1.44263;1.43663;1.43988;1.44043;13964
2015.06.02;20:00:00;1.44863;1.43993;1.44348;1.43998;15189
2015.06.03;00:00:00;1.44548;1.44283;1.44458;1.44353;5749
2015.06.03;04:00:00;1.44488;1.44008;1.44413;1.44443;2533
2015.06.03;08:00:00;1.44448;1.44158;1.44253;1.44418;4481
2015.06.03;12:00:00;1.44583;1.43818;1.44018;1.44253;11405
2015.06.03;16:00:00;1.44123;1.43133;1.43568;1.43998;12736
2015.06.03;20:00:00;1.44273;1.43393;1.43628;1.43563;15649
2015.06.04;00:00:00;1.43733;1.43453;1.43653;1.43638;3960
2015.06.04;04:00:00;1.43843;1.43388;1.43828;1.43658;2647
2015.06.04;08:00:00;1.44158;1.43723;1.44073;1.43833;4140
2015.06.04;12:00:00;1.44603;1.43713;1.44473;1.44078;13213
2015.06.04;16:00:00;1.44743;1.44113;1.44278;1.44478;13228
2015.06.04;20:00:00;1.44428;1.43983;1.44283;1.44283;12066
2015.06.05;00:00:00;1.44473;1.44028;1.44163;1.44278;5858
2015.06.05;04:00:00;1.44283;1.43898;1.44108;1.44173;4514
2015.06.05;08:00:00;1.44373;1.43973;1.44323;1.44103;3468
2015.06.05;12:00:00;1.44913;1.44198;1.44493;1.44328;11190
2015.06.05;16:00:00;1.44673;1.43418;1.43463;1.44518;11612
2015.06.05;20:00:00;1.44273;1.42993;1.44263;1.43458;15257
2015.06.08;00:00:00;1.44598;1.44053;1.44418;1.44258;4779
2015.06.08;04:00:00;1.44453;1.44003;1.44358;1.44003;2292
2015.06.08;08:00:00;1.44648;1.44228;1.44608;1.44363;3702
2015.06.08;12:00:00;1.45153;1.44318;1.44853;1.44603;12095
2015.06.08;16:00:00;1.45143;1.44558;1.44838;1.44848;9403
2015.06.08;20:00:00;1.45623;1.44628;1.45468;1.44833;10084
2015.06.09;00:00:00;1.46038;1.45413;1.45803;1.45478;7195
2015.06.09;04:00:00;1.46058;1.45478;1.45868;1.45813;2671
2015.06.09;08:00:00;1.46173;1.45853;1.46078;1.45873;5034
2015.06.09;12:00:00;1.46373;1.45668;1.45898;1.46083;12221
2015.06.09;16:00:00;1.46073;1.44863;1.44983;1.45903;12739
2015.06.09;20:00:00;1.45538;1.44948;1.45133;1.44973;11889
2015.06.10;00:00:00;1.45258;1.45028;1.45153;1.45138;3649
2015.06.10;04:00:00;1.45378;1.45028;1.45358;1.45163;2543
2015.06.10;08:00:00;1.45398;1.44773;1.44948;1.45353;6352
2015.06.10;12:00:00;1.45323;1.44603;1.44888;1.44943;14955
2015.06.10;16:00:00;1.44933;1.44488;1.44638;1.44903;9510
2015.06.10;20:00:00;1.44903;1.43968;1.44093;1.44633;10661
2015.06.11;00:00:00;1.44233;1.43883;1.43888;1.44088;2888
2015.06.11;04:00:00;1.44268;1.43663;1.44193;1.43923;1149
2015.06.11;08:00:00;1.44198;1.43888;1.44098;1.44188;2535
2015.06.11;12:00:00;1.44578;1.43628;1.43928;1.44093;7923
2015.06.11;16:00:00;1.44073;1.43388;1.43918;1.43918;10117
2015.06.11;20:00:00;1.44023;1.43518;1.43888;1.43933;11727
2015.06.12;00:00:00;1.44178;1.43803;1.43923;1.43883;4221
2015.06.12;04:00:00;1.44073;1.43798;1.43913;1.43913;3007
2015.06.12;08:00:00;1.44168;1.43858;1.44038;1.43918;4391
2015.06.12;12:00:00;1.44518;1.43808;1.44063;1.44043;10633
2015.06.12;16:00:00;1.44853;1.43908;1.44763;1.44063;12377
2015.06.12;20:00:00;1.45198;1.44603;1.44968;1.44768;11813
2015.06.15;00:00:00;1.45018;1.44463;1.44638;1.44963;4467
2015.06.15;04:00:00;1.44673;1.43993;1.44518;1.44133;3376
2015.06.15;08:00:00;1.44648;1.44233;1.44638;1.44523;3966
2015.06.15;12:00:00;1.45033;1.44433;1.44763;1.44633;10057
2015.06.15;16:00:00;1.44943;1.43558;1.43703;1.44768;9599
2015.06.15;20:00:00;1.44133;1.43393;1.44063;1.43718;9174
2015.06.16;00:00:00;1.45028;1.43878;1.44738;1.44068;4669
2015.06.16;04:00:00;1.44788;1.44413;1.44503;1.44743;2388
2015.06.16;08:00:00;1.44803;1.44443;1.44763;1.44498;3830
2015.06.16;12:00:00;1.45143;1.44398;1.44398;1.44768;9742
2015.06.16;16:00:00;1.44658;1.44148;1.44283;1.44393;9107
2015.06.16;20:00:00;1.44378;1.43923;1.43973;1.44278;7611
2015.06.17;00:00:00;1.44113;1.43848;1.43928;1.43968;2826
2015.06.17;04:00:00;1.44143;1.43838;1.44133;1.43923;1641
2015.06.17;08:00:00;1.44333;1.44098;1.44273;1.44128;2937
2015.06.17;12:00:00;1.45618;1.44243;1.45283;1.44268;9444
2015.06.17;16:00:00;1.45413;1.44988;1.45253;1.45288;8977
2015.06.17;20:00:00;1.45558;1.44743;1.45458;1.45258;7712
2015.06.18;00:00:00;1.45833;1.44723;1.44808;1.45453;12987
2015.06.18;04:00:00;1.45178;1.44723;1.45063;1.44813;3385
2015.06.18;08:00:00;1.45153;1.44973;1.45023;1.45058;4354
2015.06.18;12:00:00;1.45253;1.44573;1.44918;1.45018;11534
2015.06.18;16:00:00;1.45343;1.44683;1.45173;1.44913;12235
2015.06.18;20:00:00;1.45428;1.44148;1.44328;1.45178;11615
2015.06.19;00:00:00;1.44823;1.44288;1.44618;1.44323;4994
2015.06.19;04:00:00;1.44878;1.44253;1.44608;1.44608;3094
2015.06.19;08:00:00;1.44813;1.44558;1.44768;1.44603;3462
2015.06.19;12:00:00;1.44938;1.44503;1.44873;1.44773;9799
2015.06.19;16:00:00;1.45058;1.44478;1.44648;1.44868;9144
2015.06.19;20:00:00;1.45253;1.44523;1.45008;1.44638;7592
2015.06.22;00:00:00;1.45753;1.44983;1.45178;1.44998;4328
2015.06.22;04:00:00;1.45448;1.45183;1.45393;1.45338;2441
2015.06.22;08:00:00;1.45523;1.44983;1.45013;1.45388;3593
2015.06.22;12:00:00;1.45293;1.44563;1.44793;1.45008;9079
2015.06.22;16:00:00;1.45393;1.44618;1.45053;1.44798;9407
2015.06.22;20:00:00;1.45658;1.44653;1.45013;1.45058;11954
2015.06.23;00:00:00;1.45053;1.44773;1.44778;1.45008;4111
2015.06.23;04:00:00;1.44998;1.44708;1.44858;1.44773;2042
2015.06.23;08:00:00;1.45018;1.44153;1.44328;1.44853;6297
2015.06.23;12:00:00;1.44513;1.43838;1.44018;1.44338;10591
2015.06.23;16:00:00;1.44118;1.42988;1.43013;1.44003;10350
2015.06.23;20:00:00;1.43678;1.42923;1.43438;1.43008;10789
2015.06.24;00:00:00;1.43603;1.43328;1.43423;1.43433;4034
2015.06.24;04:00:00;1.43638;1.43258;1.43603;1.43428;2342
2015.06.24;08:00:00;1.43813;1.43568;1.43713;1.43608;3845
2015.06.24;12:00:00;1.44463;1.43708;1.44203;1.43718;10533
2015.06.24;16:00:00;1.44293;1.43788;1.43853;1.44208;10491
2015.06.24;20:00:00;1.44083;1.43458;1.43668;1.43858;9372
2015.06.25;00:00:00;1.43968;1.43578;1.43713;1.43663;4593
2015.06.25;04:00:00;1.43908;1.43693;1.43848;1.43708;2030
2015.06.25;08:00:00;1.43908;1.43708;1.43818;1.43853;3747
2015.06.25;12:00:00;1.43928;1.43288;1.43308;1.43813;8614
2015.06.25;16:00:00;1.43313;1.42503;1.42988;1.43313;11596
2015.06.25;20:00:00;1.43658;1.42878;1.43388;1.42983;7415
2015.06.26;00:00:00;1.43488;1.43148;1.43233;1.43393;2995
2015.06.26;04:00:00;1.43568;1.43133;1.43538;1.43278;2985
2015.06.26;08:00:00;1.43613;1.43378;1.43533;1.43543;4173
2015.06.26;12:00:00;1.44258;1.43308;1.44153;1.43538;7016
2015.06.26;16:00:00;1.44683;1.44123;1.44313;1.44148;8190
2015.06.26;20:00:00;1.44658;1.43923;1.44203;1.44308;10397
2015.06.29;00:00:00;1.44593;1.43978;1.44533;1.44193;4239
2015.06.29;04:00:00;1.44483;1.43673;1.44223;1.44113;12900
2015.06.29;08:00:00;1.44273;1.43913;1.44013;1.44228;6071
2015.06.29;12:00:00;1.44588;1.43348;1.43998;1.44018;16334
2015.06.29;16:00:00;1.44763;1.43913;1.44643;1.43993;12102
2015.06.29;20:00:00;1.45528;1.44603;1.45283;1.44648;12247
2015.06.30;00:00:00;1.45528;1.45083;1.45438;1.45278;7600
2015.06.30;04:00:00;1.45468;1.45213;1.45318;1.45448;4079
2015.06.30;08:00:00;1.45403;1.44668;1.44698;1.45323;5922
2015.06.30;12:00:00;1.44793;1.44158;1.44398;1.44703;12093
2015.06.30;16:00:00;1.44843;1.44348;1.44608;1.44403;12521
2015.06.30;20:00:00;1.44833;1.43378;1.43988;1.44628;10593
2015.07.01;00:00:00;1.44258;1.43423;1.43463;1.44003;6158
2015.07.01;04:00:00;1.44113;1.43328;1.43948;1.43518;3136
2015.07.01;08:00:00;1.44038;1.43673;1.43708;1.44038;3606
2015.07.01;12:00:00;1.43823;1.43003;1.43478;1.43713;9329
2015.07.01;16:00:00;1.43728;1.42838;1.43293;1.43508;11773
2015.07.01;20:00:00;1.43398;1.42728;1.42833;1.43288;9552
2015.07.02;00:00:00;1.42853;1.42513;1.42518;1.42828;4842
2015.07.02;04:00:00;1.42708;1.42118;1.42538;1.42543;3108
2015.07.02;08:00:00;1.42863;1.42508;1.42853;1.42533;4293
2015.07.02;12:00:00;1.43043;1.42528;1.42768;1.42858;9769
2015.07.02;16:00:00;1.42998;1.42153;1.42913;1.42763;11294
2015.07.02;20:00:00;1.43143;1.42663;1.42773;1.42898;10248
2015.07.03;00:00:00;1.43003;1.42613;1.42763;1.42778;2998
2015.07.03;04:00:00;1.42963;1.42673;1.42918;1.42778;2418
2015.07.03;08:00:00;1.43168;1.42868;1.43138;1.42918;3538
2015.07.03;12:00:00;1.43278;1.42973;1.43093;1.43143;7784
2015.07.03;16:00:00;1.43268;1.42723;1.42948;1.43053;7878
2015.07.03;20:00:00;1.43333;1.42838;1.42893;1.42943;7331
2015.07.06;00:00:00;1.43173;1.42533;1.42708;1.42898;4679
2015.07.06;04:00:00;1.43448;1.42553;1.43168;1.42768;9189
2015.07.06;08:00:00;1.43298;1.42973;1.43083;1.43163;6866
2015.07.06;12:00:00;1.43488;1.42843;1.42878;1.43078;12529
2015.07.06;16:00:00;1.43078;1.42553;1.42703;1.42883;10998
2015.07.06;20:00:00;1.43213;1.42553;1.43033;1.42698;11030
2015.07.07;00:00:00;1.43178;1.42883;1.42908;1.43023;4267
2015.07.07;04:00:00;1.43278;1.42868;1.43238;1.42903;2246
2015.07.07;08:00:00;1.43443;1.43118;1.43248;1.43243;4493
2015.07.07;12:00:00;1.43453;1.42988;1.43118;1.43253;11543
2015.07.07;16:00:00;1.43283;1.42613;1.42758;1.43113;14260
2015.07.07;20:00:00;1.43188;1.42658;1.42878;1.42763;14503
2015.07.08;00:00:00;1.43478;1.42728;1.42788;1.42853;8189
2015.07.08;04:00:00;1.43173;1.42613;1.43128;1.42793;4576
2015.07.08;08:00:00;1.43433;1.43033;1.43303;1.43133;6562
2015.07.08;12:00:00;1.43963;1.43293;1.43798;1.43298;12538
2015.07.08;16:00:00;1.43983;1.42298;1.42483;1.43803;12959
2015.07.08;20:00:00;1.42858;1.42203;1.42523;1.42488;15263
2015.07.09;00:00:00;1.42788;1.42298;1.42693;1.42518;7161
2015.07.09;04:00:00;1.42978;1.42533;1.42913;1.42688;3645
2015.07.09;08:00:00;1.42943;1.42623;1.42903;1.42908;5558
2015.07.09;12:00:00;1.43148;1.42203;1.42238;1.42913;11860
2015.07.09;16:00:00;1.42488;1.41973;1.41993;1.42248;11611
2015.07.09;20:00:00;1.42613;1.41953;1.42518;1.42008;10662
2015.07.10;00:00:00;1.42648;1.42198;1.42208;1.42513;5771
2015.07.10;04:00:00;1.42443;1.41998;1.42373;1.42206;5465
2015.07.10;08:00:00;1.42508;1.42243;1.42453;1.42378;5098
2015.07.10;12:00:00;1.43868;1.42363;1.43453;1.42448;12688
2015.07.10;16:00:00;1.44368;1.43388;1.43893;1.43448;13778
2015.07.10;20:00:00;1.44198;1.43278;1.43393;1.43888;12116
2015.07.13;00:00:00;1.44013;1.43323;1.43593;1.43398;5969
2015.07.13;04:00:00;1.43838;1.43403;1.43723;1.43428;4744
2015.07.13;08:00:00;1.43858;1.43518;1.43688;1.43728;5005
2015.07.13;12:00:00;1.44053;1.42608;1.42798;1.43688;13344
2015.07.13;16:00:00;1.43068;1.42628;1.42963;1.42793;10619
2015.07.13;20:00:00;1.43163;1.42843;1.43003;1.42958;9580
2015.07.14;00:00:00;1.43043;1.42598;1.42598;1.42998;4503
2015.07.14;04:00:00;1.43073;1.42548;1.42953;1.42603;4601
2015.07.14;08:00:00;1.43243;1.42898;1.43128;1.42948;4489
2015.07.14;12:00:00;1.44298;1.42818;1.44058;1.43133;11746
2015.07.14;16:00:00;1.44348;1.43668;1.44108;1.44053;11841
2015.07.14;20:00:00;1.44188;1.43643;1.43918;1.44103;9280
2015.07.15;00:00:00;1.44083;1.43873;1.43918;1.43913;3275
2015.07.15;04:00:00;1.44058;1.43818;1.43863;1.43913;2410
2015.07.15;08:00:00;1.44003;1.43668;1.43998;1.43868;3634
2015.07.15;12:00:00;1.44183;1.43843;1.44018;1.43993;8974
2015.07.15;16:00:00;1.44058;1.43436;1.43546;1.44023;8915
2015.07.15;20:00:00;1.43666;1.43141;1.43376;1.43551;12260
2015.07.16;00:00:00;1.43606;1.43281;1.43311;1.43381;4072
2015.07.16;04:00:00;1.43466;1.43281;1.43291;1.43306;3181
2015.07.16;08:00:00;1.43501;1.43226;1.43306;1.43286;4478
2015.07.16;12:00:00;1.43391;1.42871;1.42991;1.43311;9968
2015.07.16;16:00:00;1.43126;1.42566;1.42616;1.42986;10611
2015.07.16;20:00:00;1.42996;1.42481;1.42491;1.42611;9673
2015.07.17;00:00:00;1.42731;1.42481;1.42621;1.42486;3203
2015.07.17;04:00:00;1.42746;1.42446;1.42736;1.42621;2752
2015.07.17;08:00:00;1.42896;1.42691;1.42806;1.42731;2623
2015.07.17;12:00:00;1.42866;1.42446;1.42481;1.42811;7260
2015.07.17;16:00:00;1.42616;1.42311;1.42381;1.42476;8434
2015.07.17;20:00:00;1.42481;1.42091;1.42316;1.42376;8164
2015.07.20;00:00:00;1.42356;1.42091;1.42111;1.42311;2720
2015.07.20;04:00:00;1.42376;1.41976;1.42366;1.41996;2599
2015.07.20;08:00:00;1.42551;1.42226;1.42386;1.42371;3738
2015.07.20;12:00:00;1.42676;1.42246;1.42516;1.42381;7415
2015.07.20;16:00:00;1.42776;1.42346;1.42366;1.42521;8636
2015.07.20;20:00:00;1.42576;1.42211;1.42246;1.42376;6777
2015.07.21;00:00:00;1.42271;1.41966;1.41976;1.42241;3640
2015.07.21;04:00:00;1.42381;1.41866;1.42316;1.41941;1915
2015.07.21;08:00:00;1.42391;1.41911;1.41966;1.42311;4451
2015.07.21;12:00:00;1.42326;1.41901;1.42306;1.41961;8375
2015.07.21;16:00:00;1.42356;1.42041;1.42086;1.42301;8207
2015.07.21;20:00:00;1.42511;1.42091;1.42341;1.42091;10829
2015.07.22;00:00:00;1.42426;1.42091;1.42106;1.42336;5338
2015.07.22;04:00:00;1.42456;1.42041;1.42396;1.42111;2969
2015.07.22;08:00:00;1.42486;1.42291;1.42366;1.42396;5511
2015.07.22;12:00:00;1.42441;1.41986;1.42201;1.42361;8252
2015.07.22;16:00:00;1.42301;1.41781;1.41951;1.42206;8545
2015.07.22;20:00:00;1.42256;1.41841;1.42091;1.41956;9617
2015.07.23;00:00:00;1.42171;1.41986;1.42126;1.42101;3426
2015.07.23;04:00:00;1.42466;1.42076;1.42366;1.42141;2236
2015.07.23;08:00:00;1.42626;1.42336;1.42621;1.42371;3419
2015.07.23;12:00:00;1.43331;1.42511;1.43076;1.42616;9415
2015.07.23;16:00:00;1.43141;1.42596;1.42746;1.43076;8944
2015.07.23;20:00:00;1.42981;1.42521;1.42956;1.42741;8933
2015.07.24;00:00:00;1.43016;1.42336;1.42336;1.42951;4306
2015.07.24;04:00:00;1.42701;1.42296;1.42676;1.42331;1745
2015.07.24;08:00:00;1.42816;1.42446;1.42696;1.42681;4509
2015.07.24;12:00:00;1.43051;1.42396;1.42526;1.42686;7263
2015.07.24;16:00:00;1.43121;1.42531;1.43081;1.42531;6969
2015.07.24;20:00:00;1.43226;1.42411;1.42526;1.43076;9282
2015.07.27;00:00:00;1.42611;1.42376;1.42396;1.42521;3617
2015.07.27;04:00:00;1.42821;1.42141;1.42751;1.42231;1974
2015.07.27;08:00:00;1.42756;1.42296;1.42601;1.42756;4493
2015.07.27;12:00:00;1.43566;1.42571;1.42976;1.42591;9549
2015.07.27;16:00:00;1.43191;1.42666;1.42941;1.42981;8246
2015.07.27;20:00:00;1.43126;1.42111;1.42426;1.42946;10789
2015.07.28;00:00:00;1.42441;1.41961;1.41961;1.42416;3517
2015.07.28;04:00:00;1.42361;1.41856;1.42301;1.41956;2086
2015.07.28;08:00:00;1.42316;1.41916;1.42001;1.42296;3684
2015.07.28;12:00:00;1.42046;1.41576;1.41611;1.42006;8274
2015.07.28;16:00:00;1.41846;1.41321;1.41481;1.41606;7545
2015.07.28;20:00:00;1.41791;1.41356;1.41501;1.41476;8538
2015.07.29;00:00:00;1.41781;1.41471;1.41561;1.41496;3542
2015.07.29;04:00:00;1.41831;1.41201;1.41776;1.41581;2581
2015.07.29;08:00:00;1.41866;1.41676;1.41681;1.41781;3135
2015.07.29;12:00:00;1.41846;1.41416;1.41831;1.41686;6994
2015.07.29;16:00:00;1.42121;1.41706;1.42036;1.41826;7488
2015.07.29;20:00:00;1.42091;1.41611;1.41766;1.42041;7558
2015.07.30;00:00:00;1.41836;1.41081;1.41081;1.41771;8659
2015.07.30;04:00:00;1.41581;1.41031;1.41441;1.41041;2647
2015.07.30;08:00:00;1.41446;1.41256;1.41371;1.41446;2904
2015.07.30;12:00:00;1.41551;1.41321;1.41356;1.41376;7085
2015.07.30;16:00:00;1.41791;1.41156;1.41401;1.41351;9116
2015.07.30;20:00:00;1.41686;1.41301;1.41436;1.41406;10132
2015.07.31;00:00:00;1.41696;1.41406;1.41626;1.41431;3510
2015.07.31;04:00:00;1.41721;1.41236;1.41686;1.41631;2324
2015.07.31;08:00:00;1.41796;1.41661;1.41761;1.41691;2846
2015.07.31;12:00:00;1.42691;1.41691;1.42531;1.41756;8446
2015.07.31;16:00:00;1.42906;1.42401;1.42681;1.42531;10419
2015.07.31;20:00:00;1.42941;1.41541;1.41681;1.42691;13959
2015.08.03;00:00:00;1.41996;1.41301;1.41801;1.41686;5619
2015.08.03;04:00:00;1.41921;1.41171;1.41886;1.41376;2624
2015.08.03;08:00:00;1.42171;1.41781;1.42141;1.41891;3131
2015.08.03;12:00:00;1.42276;1.41901;1.42171;1.42146;6744
2015.08.03;16:00:00;1.42356;1.41916;1.42111;1.42166;7619
2015.08.03;20:00:00;1.42306;1.41936;1.42096;1.42116;8824
2015.08.04;00:00:00;1.42126;1.41766;1.41926;1.42091;4099
2015.08.04;04:00:00;1.42076;1.41796;1.42001;1.41931;2196
2015.08.04;08:00:00;1.42211;1.41906;1.41956;1.42001;3359
2015.08.04;12:00:00;1.42316;1.41891;1.41991;1.41951;7474
2015.08.04;16:00:00;1.42161;1.41576;1.41711;1.41996;6951
2015.08.04;20:00:00;1.41721;1.41151;1.41431;1.41706;8534
2015.08.05;00:00:00;1.41501;1.40831;1.40866;1.41426;6680
2015.08.05;04:00:00;1.41106;1.40846;1.41086;1.40871;2656
2015.08.05;08:00:00;1.41511;1.41076;1.41476;1.41081;3832
2015.08.05;12:00:00;1.41521;1.41036;1.41056;1.41471;7306
2015.08.05;16:00:00;1.41331;1.40956;1.41031;1.41051;8831
2015.08.05;20:00:00;1.41161;1.40846;1.40931;1.41036;10288
2015.08.06;00:00:00;1.41296;1.40881;1.41141;1.40936;3853
2015.08.06;04:00:00;1.41251;1.40941;1.41061;1.41156;2186
2015.08.06;08:00:00;1.41261;1.41046;1.41201;1.41066;3112
2015.08.06;12:00:00;1.41366;1.40536;1.40686;1.41206;6128
2015.08.06;16:00:00;1.41056;1.40451;1.40586;1.40676;8614
2015.08.06;20:00:00;1.41016;1.40571;1.40916;1.40581;7540
2015.08.07;00:00:00;1.40946;1.40766;1.40836;1.40911;2971
2015.08.07;04:00:00;1.41056;1.40746;1.41041;1.40841;1471
2015.08.07;08:00:00;1.41151;1.40931;1.41086;1.41051;3187
2015.08.07;12:00:00;1.41106;1.40786;1.40791;1.41081;5491
2015.08.07;16:00:00;1.40901;1.39956;1.40331;1.40801;8640
2015.08.07;20:00:00;1.40951;1.40291;1.40791;1.40336;12426
2015.08.10;00:00:00;1.40846;1.40296;1.40351;1.40786;3265
2015.08.10;04:00:00;1.40701;1.40421;1.40521;1.40696;1828
2015.08.10;08:00:00;1.40616;1.40411;1.40586;1.40516;2293
2015.08.10;12:00:00;1.41036;1.40471;1.41016;1.40581;6408
2015.08.10;16:00:00;1.41041;1.40221;1.40311;1.41011;7426
2015.08.10;20:00:00;1.40441;1.39866;1.40351;1.40306;10382
2015.08.11;00:00:00;1.40471;1.40021;1.40021;1.40356;3989
2015.08.11;04:00:00;1.40341;1.39986;1.40211;1.40026;2280
2015.08.11;08:00:00;1.41861;1.40176;1.41711;1.40201;8345
2015.08.11;12:00:00;1.43331;1.41681;1.42121;1.41716;11457
2015.08.11;16:00:00;1.42221;1.41816;1.42181;1.42121;10782
2015.08.11;20:00:00;1.42636;1.41396;1.41596;1.42176;12016
2015.08.12;00:00:00;1.41806;1.41421;1.41561;1.41591;4190
2015.08.12;04:00:00;1.41676;1.41426;1.41541;1.41556;2353
2015.08.12;08:00:00;1.43381;1.41531;1.43371;1.41536;7337
2015.08.12;12:00:00;1.43931;1.42921;1.43601;1.43366;13270
2015.08.12;16:00:00;1.44231;1.43351;1.43936;1.43596;12332
2015.08.12;20:00:00;1.44761;1.43861;1.44331;1.43931;13840
2015.08.13;00:00:00;1.44461;1.43096;1.43111;1.44341;6273
2015.08.13;04:00:00;1.43341;1.42891;1.43106;1.43116;2489
2015.08.13;08:00:00;1.43776;1.41956;1.42666;1.43101;6923
2015.08.13;12:00:00;1.42761;1.42361;1.42491;1.42661;7306
2015.08.13;16:00:00;1.43116;1.42451;1.42951;1.42486;8597
2015.08.13;20:00:00;1.43511;1.42601;1.42656;1.42951;10243
2015.08.14;00:00:00;1.43021;1.42576;1.42761;1.42651;4974
2015.08.14;04:00:00;1.43146;1.42711;1.43006;1.42756;2308
2015.08.14;08:00:00;1.43891;1.42756;1.43646;1.43011;4957
2015.08.14;12:00:00;1.43776;1.43271;1.43556;1.43651;8199
2015.08.14;16:00:00;1.43981;1.43481;1.43851;1.43551;8520
2015.08.14;20:00:00;1.43866;1.43331;1.43671;1.43856;9867
2015.08.17;00:00:00;1.43961;1.43441;1.43806;1.43666;3367
2015.08.17;04:00:00;1.44076;1.43516;1.44076;1.43541;2326
2015.08.17;08:00:00;1.44126;1.43601;1.43771;1.44081;3357
2015.08.17;12:00:00;1.44231;1.43651;1.44081;1.43766;7751
2015.08.17;16:00:00;1.44241;1.43886;1.44071;1.44086;7590
2015.08.17;20:00:00;1.44211;1.43506;1.43846;1.44076;8285
2015.08.18;00:00:00;1.43926;1.43416;1.43526;1.43836;3898
2015.08.18;04:00:00;1.43761;1.43446;1.43701;1.43551;1904
2015.08.18;08:00:00;1.43771;1.43211;1.43501;1.43706;3633
2015.08.18;12:00:00;1.43841;1.43436;1.43691;1.43506;6645
2015.08.18;16:00:00;1.43746;1.43051;1.43466;1.43696;7687
2015.08.18;20:00:00;1.43806;1.43281;1.43501;1.43461;8085
2015.08.19;00:00:00;1.43701;1.43316;1.43341;1.43496;3225
2015.08.19;04:00:00;1.43446;1.43186;1.43226;1.43336;2323
2015.08.19;08:00:00;1.43531;1.43131;1.43411;1.43231;3349
2015.08.19;12:00:00;1.43871;1.43336;1.43846;1.43421;6796
2015.08.19;16:00:00;1.44141;1.43611;1.44141;1.43841;8536
2015.08.19;20:00:00;1.45081;1.44026;1.44916;1.44136;10261
2015.08.20;00:00:00;1.45161;1.44141;1.44956;1.44921;10996
2015.08.20;04:00:00;1.45251;1.44731;1.44851;1.44941;3773
2015.08.20;08:00:00;1.45026;1.44691;1.44851;1.44846;3771
2015.08.20;12:00:00;1.45861;1.44751;1.45741;1.44846;8679
2015.08.20;16:00:00;1.45891;1.45111;1.45271;1.45726;9566
2015.08.20;20:00:00;1.45981;1.45101;1.45651;1.45276;11578
2015.08.21;00:00:00;1.46091;1.45636;1.46056;1.45656;6512
2015.08.21;04:00:00;1.46211;1.45831;1.46091;1.46066;3082
2015.08.21;08:00:00;1.47091;1.46076;1.47061;1.46086;6670
2015.08.21;12:00:00;1.47181;1.46531;1.46901;1.47066;9035
2015.08.21;16:00:00;1.47256;1.46706;1.46826;1.46896;10539
2015.08.21;20:00:00;1.48286;1.46681;1.48156;1.46821;15191
2015.08.24;00:00:00;1.48561;1.47721;1.48521;1.48161;8592
2015.08.24;04:00:00;1.49111;1.48136;1.48941;1.48486;6803
2015.08.24;08:00:00;1.50721;1.48936;1.49531;1.48936;12331
2015.08.24;12:00:00;1.49801;1.48961;1.49406;1.49526;13947
2015.08.24;16:00:00;1.51071;1.49321;1.50771;1.49411;16395
2015.08.24;20:00:00;1.52196;1.49711;1.49861;1.50771;26781
2015.08.25;00:00:00;1.51321;1.49526;1.51266;1.49871;16894
2015.08.25;04:00:00;1.51356;1.50036;1.50761;1.51271;6460
2015.08.25;08:00:00;1.50836;1.49696;1.50221;1.50776;9415
2015.08.25;12:00:00;1.50796;1.48116;1.48506;1.50216;16719
2015.08.25;16:00:00;1.48691;1.47636;1.48241;1.48516;17137
2015.08.25;20:00:00;1.48391;1.47101;1.47831;1.48221;18006
2015.08.26;00:00:00;1.49446;1.47831;1.49316;1.47876;13016
2015.08.26;04:00:00;1.49541;1.48941;1.49396;1.49351;7352
2015.08.26;08:00:00;1.49571;1.48076;1.48121;1.49406;8956
2015.08.26;12:00:00;1.48691;1.47706;1.48406;1.48131;13796
2015.08.26;16:00:00;1.48651;1.47796;1.48081;1.48401;14282
2015.08.26;20:00:00;1.48711;1.47876;1.48241;1.48076;18128
2015.08.27;00:00:00;1.48306;1.46741;1.46881;1.48236;10887
2015.08.27;04:00:00;1.47436;1.46796;1.47316;1.46891;5065
2015.08.27;08:00:00;1.47316;1.46731;1.47131;1.47311;5165
2015.08.27;12:00:00;1.47171;1.46371;1.46561;1.47126;11592
2015.08.27;16:00:00;1.46766;1.45851;1.46006;1.46556;11513
2015.08.27;20:00:00;1.46096;1.44416;1.44856;1.46001;14297
2015.08.28;00:00:00;1.45061;1.44436;1.44476;1.44866;9756
2015.08.28;04:00:00;1.44861;1.44281;1.44491;1.44481;2856
2015.08.28;08:00:00;1.45246;1.44446;1.45066;1.44486;4777
2015.08.28;12:00:00;1.45966;1.44966;1.45716;1.45071;9221
2015.08.28;16:00:00;1.46626;1.45656;1.46256;1.45711;10658
2015.08.28;20:00:00;1.46411;1.45786;1.45961;1.46261;13457
2015.08.31;00:00:00;1.46366;1.45641;1.45826;1.45966;6923
2015.08.31;04:00:00;1.46916;1.45326;1.46841;1.45326;4800
2015.08.31;08:00:00;1.47186;1.46461;1.47081;1.46846;4917
2015.08.31;12:00:00;1.47186;1.46336;1.46346;1.47086;6990
2015.08.31;16:00:00;1.46476;1.45981;1.46251;1.46326;6738
2015.08.31;20:00:00;1.46331;1.45351;1.45706;1.46276;10180
2015.09.01;00:00:00;1.45911;1.45371;1.45626;1.45701;5244
2015.09.01;04:00:00;1.46261;1.45586;1.46156;1.45626;2382
2015.09.01;08:00:00;1.46521;1.45911;1.46031;1.46146;4408
2015.09.01;12:00:00;1.46896;1.45926;1.46221;1.46036;11388
2015.09.01;16:00:00;1.46641;1.46031;1.46551;1.46226;11643
2015.09.01;20:00:00;1.46771;1.46081;1.46501;1.46546;14007
2015.09.02;00:00:00;1.47051;1.46426;1.47046;1.46496;8485
2015.09.02;04:00:00;1.47096;1.46501;1.46526;1.47051;4534
2015.09.02;08:00:00;1.46961;1.46356;1.46686;1.46531;6277
2015.09.02;12:00:00;1.47061;1.46156;1.46626;1.46681;10082
2015.09.02;16:00:00;1.46856;1.45861;1.45961;1.46621;10948
2015.09.02;20:00:00;1.46081;1.45676;1.45756;1.45951;11618
2015.09.03;00:00:00;1.45931;1.45496;1.45706;1.45761;5295
2015.09.03;04:00:00;1.45866;1.45501;1.45856;1.45691;2875
2015.09.03;08:00:00;1.46046;1.45726;1.45876;1.45861;3972
2015.09.03;12:00:00;1.46001;1.45611;1.45856;1.45871;7758
2015.09.03;16:00:00;1.45941;1.44996;1.45036;1.45831;11041
2015.09.03;20:00:00;1.45176;1.44501;1.45156;1.45006;13750
2015.09.04;00:00:00;1.45491;1.45046;1.45236;1.45166;6587
2015.09.04;04:00:00;1.45361;1.44681;1.45331;1.45231;2641
2015.09.04;08:00:00;1.45951;1.45186;1.45686;1.45336;5311
2015.09.04;12:00:00;1.45701;1.44886;1.45226;1.45691;9238
2015.09.04;16:00:00;1.45716;1.44876;1.45551;1.45231;10731
2015.09.04;20:00:00;1.46061;1.45211;1.46061;1.45546;13008
2015.09.07;00:00:00;1.46346;1.46046;1.46281;1.46056;5262
2015.09.07;04:00:00;1.46396;1.45951;1.46341;1.46051;3564
2015.09.07;08:00:00;1.46511;1.45916;1.46391;1.46336;4902
2015.09.07;12:00:00;1.46621;1.46116;1.46361;1.46386;7996
2015.09.07;16:00:00;1.46726;1.45901;1.46081;1.46366;7580
2015.09.07;20:00:00;1.46291;1.45926;1.46101;1.46091;4707
2015.09.08;00:00:00;1.46251;1.46081;1.46091;1.46106;1636
2015.09.08;04:00:00;1.46406;1.45886;1.46356;1.46106;2405
2015.09.08;08:00:00;1.46766;1.46181;1.46566;1.46351;5798
2015.09.08;12:00:00;1.46781;1.45526;1.45621;1.46561;9271
2015.09.08;16:00:00;1.45641;1.44731;1.44896;1.45626;7788
2015.09.08;20:00:00;1.45041;1.44366;1.44516;1.44891;8341
2015.09.09;00:00:00;1.44621;1.44146;1.44521;1.44521;4173
2015.09.09;04:00:00;1.44736;1.44321;1.44326;1.44541;1805
2015.09.09;08:00:00;1.44341;1.43916;1.44046;1.44331;4770
2015.09.09;12:00:00;1.45551;1.43491;1.45276;1.44041;9953
2015.09.09;16:00:00;1.45411;1.44341;1.44346;1.45316;8860
2015.09.09;20:00:00;1.44786;1.44056;1.44616;1.44336;9682
2015.09.10;00:00:00;1.45286;1.44476;1.44991;1.44611;6748
2015.09.10;04:00:00;1.45966;1.44856;1.45806;1.45006;4401
2015.09.10;08:00:00;1.45906;1.44961;1.45171;1.45811;6180
2015.09.10;12:00:00;1.45601;1.44436;1.44891;1.45166;11071
2015.09.10;16:00:00;1.45011;1.44361;1.44886;1.44896;10807
2015.09.10;20:00:00;1.45476;1.44466;1.45216;1.44881;11744
2015.09.11;00:00:00;1.45371;1.44906;1.44961;1.45206;5840
2015.09.11;04:00:00;1.45086;1.44681;1.44866;1.44951;4041
2015.09.11;08:00:00;1.44871;1.44221;1.44781;1.44871;3771
2015.09.11;12:00:00;1.45381;1.44761;1.45011;1.44776;9207
2015.09.11;16:00:00;1.45041;1.44191;1.44491;1.45016;9658
2015.09.11;20:00:00;1.45156;1.44381;1.45151;1.44501;9503
2015.09.14;00:00:00;1.45671;1.45061;1.45261;1.45441;5985
2015.09.14;04:00:00;1.45616;1.45136;1.45396;1.45261;7736
2015.09.14;08:00:00;1.45581;1.44691;1.44856;1.45391;14802
2015.09.14;12:00:00;1.45106;1.44506;1.44851;1.44851;13243
2015.09.14;16:00:00;1.45161;1.44521;1.45126;1.44856;16160
2015.09.14;20:00:00;1.45146;1.44926;1.44936;1.45121;6229
2015.09.15;00:00:00;1.45091;1.44151;1.44351;1.44931;7082
2015.09.15;04:00:00;1.44806;1.44351;1.44441;1.44356;8310
2015.09.15;08:00:00;1.44856;1.44051;1.44191;1.44441;15347
2015.09.15;12:00:00;1.44481;1.44116;1.44356;1.44181;14099
2015.09.15;16:00:00;1.44476;1.43501;1.43706;1.44346;16774
2015.09.15;20:00:00;1.43836;1.43341;1.43641;1.43701;8163
2015.09.16;00:00:00;1.43811;1.43206;1.43301;1.43636;4344
2015.09.16;04:00:00;1.43956;1.43286;1.43921;1.43301;6960
2015.09.16;08:00:00;1.43921;1.43341;1.43691;1.43921;13281
2015.09.16;12:00:00;1.44296;1.43286;1.44156;1.43691;15737
2015.09.16;16:00:00;1.44391;1.44054;1.44154;1.44161;15678
2015.09.16;20:00:00;1.44209;1.43454;1.43589;1.44159;7516
2015.09.17;00:00:00;1.44209;1.43524;1.44204;1.43604;4059
2015.09.17;04:00:00;1.44249;1.43909;1.43959;1.44199;7732
2015.09.17;08:00:00;1.44609;1.43484;1.44469;1.43964;14364
2015.09.17;12:00:00;1.44634;1.44094;1.44409;1.44464;10741
2015.09.17;16:00:00;1.44534;1.43564;1.43659;1.44404;14204
2015.09.17;20:00:00;1.45619;1.43619;1.45284;1.43654;29655
2015.09.18;00:00:00;1.45764;1.44924;1.45489;1.45294;8699
2015.09.18;04:00:00;1.45729;1.45349;1.45574;1.45489;8764
2015.09.18;08:00:00;1.45604;1.44809;1.45134;1.45574;17056
2015.09.18;12:00:00;1.45889;1.44939;1.45399;1.45139;18968
2015.09.18;16:00:00;1.45564;1.44889;1.45089;1.45399;19203
2015.09.18;20:00:00;1.45104;1.44129;1.44259;1.45094;13754
2015.09.21;00:00:00;1.44939;1.44239;1.44934;1.44554;6736
2015.09.21;04:00:00;1.45279;1.44829;1.45259;1.44934;7218
2015.09.21;08:00:00;1.45739;1.44879;1.45534;1.45259;14939
2015.09.21;12:00:00;1.45664;1.45084;1.45094;1.45534;15073
2015.09.21;16:00:00;1.45564;1.44614;1.45494;1.45089;19082
2015.09.21;20:00:00;1.45619;1.44839;1.44909;1.45494;7919
2015.09.22;00:00:00;1.45189;1.44664;1.45149;1.44904;4212
2015.09.22;04:00:00;1.45409;1.45139;1.45279;1.45144;5428
2015.09.22;08:00:00;1.45654;1.44669;1.45519;1.45284;16278
2015.09.22;12:00:00;1.45769;1.45189;1.45604;1.45519;17712
2015.09.22;16:00:00;1.45929;1.45414;1.45574;1.45599;18719
2015.09.22;20:00:00;1.45574;1.45079;1.45114;1.45569;7575
2015.09.23;00:00:00;1.45309;1.45079;1.45174;1.45099;4341
2015.09.23;04:00:00;1.45929;1.45049;1.45859;1.45174;8513
2015.09.23;08:00:00;1.46079;1.45284;1.45284;1.45854;16160
2015.09.23;12:00:00;1.45684;1.45229;1.45574;1.45279;15852
2015.09.23;16:00:00;1.46204;1.45309;1.45694;1.45569;21494
2015.09.23;20:00:00;1.45899;1.45359;1.45569;1.45689;11194
2015.09.24;00:00:00;1.45589;1.45334;1.45429;1.45584;4738
2015.09.24;04:00:00;1.45729;1.45244;1.45529;1.45429;7709
2015.09.24;08:00:00;1.46049;1.45364;1.45799;1.45514;15661
2015.09.24;12:00:00;1.46954;1.45759;1.46954;1.45799;20344
2015.09.24;16:00:00;1.47434;1.45879;1.46154;1.46949;23146
2015.09.24;20:00:00;1.46244;1.45449;1.45544;1.46159;11066
2015.09.25;00:00:00;1.45794;1.45234;1.45424;1.45549;10374
2015.09.25;04:00:00;1.45659;1.45149;1.45149;1.45424;8222
2015.09.25;08:00:00;1.45414;1.44499;1.44764;1.45154;16561
2015.09.25;12:00:00;1.45879;1.44739;1.45329;1.44784;16695
2015.09.25;16:00:00;1.45949;1.45219;1.45529;1.45324;20345
2015.09.25;20:00:00;1.45659;1.45134;1.45344;1.45524;11372
2015.09.28;00:00:00;1.45844;1.45104;1.45469;1.45194;6078
2015.09.28;04:00:00;1.45639;1.45374;1.45579;1.45469;6264
2015.09.28;08:00:00;1.45839;1.45264;1.45704;1.45584;14240
2015.09.28;12:00:00;1.45909;1.45474;1.45554;1.45709;16416
2015.09.28;16:00:00;1.46739;1.45454;1.46679;1.45549;21693
2015.09.28;20:00:00;1.46784;1.46219;1.46544;1.46679;9504
2015.09.29;00:00:00;1.47074;1.46414;1.46969;1.46539;4559
2015.09.29;04:00:00;1.47289;1.46969;1.47279;1.46969;7091
2015.09.29;08:00:00;1.47489;1.46594;1.46944;1.47274;18707
2015.09.29;12:00:00;1.47139;1.46559;1.46799;1.46949;16361
2015.09.29;16:00:00;1.47329;1.46584;1.46959;1.46799;23050
2015.09.29;20:00:00;1.47134;1.46619;1.46739;1.46959;9919
2015.09.30;00:00:00;1.46939;1.46619;1.46669;1.46729;5071
2015.09.30;04:00:00;1.46889;1.46499;1.46554;1.46664;7212
2015.09.30;08:00:00;1.46559;1.45829;1.46044;1.46559;15743
2015.09.30;12:00:00;1.46279;1.45679;1.45854;1.46039;15153
2015.09.30;16:00:00;1.46064;1.45324;1.45949;1.45859;22247
2015.09.30;20:00:00;1.46059;1.45744;1.45964;1.45954;10158
2015.10.01;00:00:00;1.46079;1.45614;1.45964;1.45969;4245
2015.10.01;04:00:00;1.46229;1.45644;1.45979;1.45959;7727
2015.10.01;08:00:00;1.46074;1.45689;1.45974;1.45974;13014
2015.10.01;12:00:00;1.46104;1.45644;1.45849;1.45969;15007
2015.10.01;16:00:00;1.46694;1.45714;1.46254;1.45849;20751
2015.10.01;20:00:00;1.46434;1.46069;1.46264;1.46254;9046
2015.10.02;00:00:00;1.46454;1.46144;1.46434;1.46274;4723
2015.10.02;04:00:00;1.46874;1.46429;1.46579;1.46439;7703
2015.10.02;08:00:00;1.46699;1.46354;1.46534;1.46574;11845
2015.10.02;12:00:00;1.48129;1.46129;1.47984;1.46529;17141
2015.10.02;16:00:00;1.48614;1.47374;1.47719;1.47984;30445
2015.10.02;20:00:00;1.47734;1.47204;1.47234;1.47724;15197
2015.10.05;00:00:00;1.47414;1.46759;1.47324;1.47054;6279
2015.10.05;04:00:00;1.47644;1.47284;1.47434;1.47324;7529
2015.10.05;08:00:00;1.47534;1.46804;1.46849;1.47439;15596
2015.10.05;12:00:00;1.46854;1.45784;1.45949;1.46844;18333
2015.10.05;16:00:00;1.46099;1.45289;1.45614;1.45944;19570
2015.10.05;20:00:00;1.45699;1.45149;1.45484;1.45614;8269
2015.10.06;00:00:00;1.45899;1.45209;1.45729;1.45494;4268
2015.10.06;04:00:00;1.45869;1.45539;1.45564;1.45724;7030
2015.10.06;08:00:00;1.46579;1.45554;1.46229;1.45559;15299
2015.10.06;12:00:00;1.46509;1.45974;1.46189;1.46224;14997
2015.10.06;16:00:00;1.46904;1.45934;1.46614;1.46179;19621
2015.10.06;20:00:00;1.46824;1.46499;1.46604;1.46619;8836
2015.10.07;00:00:00;1.47094;1.46359;1.47004;1.46614;5087
2015.10.07;04:00:00;1.47469;1.46874;1.46904;1.47004;10338
2015.10.07;08:00:00;1.46934;1.45799;1.46164;1.46909;17227
2015.10.07;12:00:00;1.46169;1.45369;1.45734;1.46169;16258
2015.10.07;16:00:00;1.45749;1.44639;1.44754;1.45729;21941
2015.10.07;20:00:00;1.45074;1.44464;1.44909;1.44759;11454
2015.10.08;00:00:00;1.45059;1.44614;1.44794;1.44909;4247
2015.10.08;04:00:00;1.45334;1.44709;1.45289;1.44789;7443
2015.10.08;08:00:00;1.45914;1.45109;1.45814;1.45289;14700
2015.10.08;12:00:00;1.46119;1.44999;1.45269;1.45809;17198
2015.10.08;16:00:00;1.45819;1.45194;1.45639;1.45264;17091
2015.10.08;20:00:00;1.45919;1.45074;1.45229;1.45644;15078
2015.10.09;00:00:00;1.45444;1.44939;1.45029;1.45064;6047
2015.10.09;04:00:00;1.45154;1.44549;1.44909;1.45034;7927
2015.10.09;08:00:00;1.45344;1.44494;1.44674;1.44904;18099
2015.10.09;12:00:00;1.45374;1.44609;1.45174;1.44674;19586
2015.10.09;16:00:00;1.45349;1.44614;1.45304;1.45179;18687
2015.10.09;20:00:00;1.45429;1.44694;1.44829;1.45309;8165
2015.10.12;00:00:00;1.45769;1.44574;1.45659;1.44614;5719
2015.10.12;04:00:00;1.45869;1.45489;1.45549;1.45664;7734
2015.10.12;08:00:00;1.45594;1.45164;1.45299;1.45554;10462
2015.10.12;12:00:00;1.45494;1.45134;1.45264;1.45299;10974
2015.10.12;16:00:00;1.45549;1.45154;1.45364;1.45264;11495
2015.10.12;20:00:00;1.45364;1.45099;1.45134;1.45354;4930
2015.10.13;00:00:00;1.45454;1.44989;1.45244;1.45149;4612
2015.10.13;04:00:00;1.45594;1.45129;1.45519;1.45249;6987
2015.10.13;08:00:00;1.46004;1.45414;1.45719;1.45514;15197
2015.10.13;12:00:00;1.46414;1.45504;1.46139;1.45724;15643
2015.10.13;16:00:00;1.46264;1.45589;1.46164;1.46139;17389
2015.10.13;20:00:00;1.46579;1.46089;1.46284;1.46169;7648
2015.10.14;00:00:00;1.46459;1.44979;1.45799;1.46284;6872
2015.10.14;04:00:00;1.45924;1.45269;1.45459;1.45804;7770
2015.10.14;08:00:00;1.45564;1.44724;1.44884;1.45464;15510
2015.10.14;12:00:00;1.45319;1.44554;1.45129;1.44894;16230
2015.10.14;16:00:00;1.45489;1.44764;1.45249;1.45134;19287
2015.10.14;20:00:00;1.45634;1.44909;1.44984;1.45244;11962
2015.10.15;00:00:00;1.45144;1.44799;1.44954;1.44969;6667
2015.10.15;04:00:00;1.45219;1.44609;1.45069;1.44954;9626
2015.10.15;08:00:00;1.45179;1.44639;1.44859;1.45069;16967
2015.10.15;12:00:00;1.45189;1.44509;1.44544;1.44859;18152
2015.10.15;16:00:00;1.45194;1.44449;1.44919;1.44539;22285
2015.10.15;20:00:00;1.45034;1.44574;1.44679;1.44919;9702
2015.10.16;00:00:00;1.45229;1.44429;1.45169;1.44719;6392
2015.10.16;04:00:00;1.45384;1.44929;1.45269;1.45174;7354
2015.10.16;08:00:00;1.45349;1.44659;1.44829;1.45264;12379
2015.10.16;12:00:00;1.45504;1.44659;1.44939;1.44834;15310
2015.10.16;16:00:00;1.45434;1.44879;1.45399;1.44934;18612
2015.10.16;20:00:00;1.45474;1.44889;1.44914;1.45394;8131
2015.10.19;00:00:00;1.45264;1.44479;1.45259;1.44674;4516
2015.10.19;04:00:00;1.45414;1.44589;1.44869;1.45254;7750
2015.10.19;08:00:00;1.45014;1.44604;1.44944;1.44869;11350
2015.10.19;12:00:00;1.44954;1.44374;1.44804;1.44939;14237
2015.10.19;16:00:00;1.45104;1.44639;1.44919;1.44804;14178
2015.10.19;20:00:00;1.45209;1.44899;1.45054;1.44924;6614
2015.10.20;00:00:00;1.45349;1.44949;1.45134;1.45059;4001
2015.10.20;04:00:00;1.45289;1.45014;1.45119;1.45139;4912
2015.10.20;08:00:00;1.46034;1.45024;1.46009;1.45124;11211
2015.10.20;12:00:00;1.46244;1.45659;1.45784;1.46004;13861
2015.10.20;16:00:00;1.46009;1.45344;1.45384;1.45779;14225
2015.10.20;20:00:00;1.45544;1.44854;1.45284;1.45389;6756
2015.10.21;00:00:00;1.45399;1.44829;1.45284;1.45289;3676
2015.10.21;04:00:00;1.45564;1.45169;1.45499;1.45284;4994
2015.10.21;08:00:00;1.46034;1.45384;1.45734;1.45504;12432
2015.10.21;12:00:00;1.45729;1.44844;1.45539;1.45724;12100
2015.10.21;16:00:00;1.45754;1.45244;1.45509;1.45544;14675
2015.10.21;20:00:00;1.45574;1.45144;1.45214;1.45504;7746
2015.10.22;00:00:00;1.45309;1.45074;1.45144;1.45219;3634
2015.10.22;04:00:00;1.45244;1.44919;1.45039;1.45144;6830
2015.10.22;08:00:00;1.45124;1.44684;1.44834;1.45034;12639
2015.10.22;12:00:00;1.44884;1.43534;1.43709;1.44829;17614
2015.10.22;16:00:00;1.43789;1.43234;1.43439;1.43714;24457
2015.10.22;20:00:00;1.43434;1.42994;1.43149;1.43434;9639
2015.10.23;00:00:00;1.43324;1.42439;1.42459;1.43154;9675
2015.10.23;04:00:00;1.42544;1.42074;1.42164;1.42464;8336
2015.10.23;08:00:00;1.42759;1.42129;1.42679;1.42169;15057
2015.10.23;12:00:00;1.42839;1.41994;1.42644;1.42684;19455
2015.10.23;16:00:00;1.43004;1.42304;1.42694;1.42644;20207
2015.10.23;20:00:00;1.42734;1.42444;1.42579;1.42699;9916
2015.10.25;23:00:00;1.42619;1.42164;1.42304;1.42304;419
2015.10.26;00:00:00;1.42864;1.42384;1.42829;1.42384;7401
2015.10.26;04:00:00;1.42949;1.42564;1.42769;1.42824;6021
2015.10.26;08:00:00;1.42769;1.42019;1.42019;1.42769;13584
2015.10.26;12:00:00;1.42124;1.41549;1.41789;1.42024;14828
2015.10.26;16:00:00;1.42064;1.41364;1.41454;1.41779;16668
2015.10.26;20:00:00;1.41534;1.41294;1.41469;1.41449;5543
2015.10.27;00:00:00;1.41614;1.41364;1.41594;1.41464;4965
2015.10.27;04:00:00;1.41924;1.41589;1.41779;1.41589;6117
2015.10.27;08:00:00;1.41789;1.41319;1.41399;1.41779;12150
2015.10.27;12:00:00;1.41764;1.41179;1.41674;1.41399;16006
2015.10.27;16:00:00;1.41769;1.41299;1.41414;1.41669;15747
2015.10.27;20:00:00;1.41619;1.40794;1.41309;1.41409;6548
2015.10.28;00:00:00;1.41629;1.41279;1.41459;1.41294;7781
2015.10.28;04:00:00;1.41534;1.41259;1.41394;1.41459;5698
2015.10.28;08:00:00;1.41894;1.41134;1.41754;1.41404;11417
2015.10.28;12:00:00;1.41939;1.41449;1.41489;1.41759;14967
2015.10.28;16:00:00;1.41599;1.41124;1.41234;1.41489;16393
2015.10.28;20:00:00;1.41559;1.40749;1.40989;1.41344;20476
2015.10.29;00:00:00;1.41124;1.40704;1.40874;1.40994;8093
2015.10.29;04:00:00;1.41144;1.40874;1.40994;1.40884;6327
2015.10.29;08:00:00;1.41614;1.40919;1.41519;1.40994;15737
2015.10.29;12:00:00;1.41994;1.41504;1.41849;1.41524;18560
2015.10.29;16:00:00;1.41994;1.41414;1.41629;1.41829;16412
2015.10.29;20:00:00;1.41809;1.41514;1.41579;1.41634;6257
2015.10.30;00:00:00;1.41834;1.41279;1.41464;1.41574;7318
2015.10.30;04:00:00;1.41619;1.41249;1.41524;1.41464;11491
2015.10.30;08:00:00;1.42069;1.41219;1.41749;1.41519;17094
2015.10.30;12:00:00;1.41774;1.41334;1.41769;1.41739;17844
2015.10.30;16:00:00;1.42109;1.41624;1.41819;1.41774;19182
2015.10.30;20:00:00;1.41839;1.41529;1.41604;1.41824;7241
2015.11.02;00:00:00;1.41934;1.41484;1.41829;1.41829;8690
2015.11.02;04:00:00;1.41844;1.41634;1.41739;1.41834;4884
2015.11.02;08:00:00;1.41959;1.41694;1.41854;1.41744;13660
2015.11.02;12:00:00;1.42289;1.41804;1.42054;1.41854;12577
2015.11.02;16:00:00;1.42444;1.41764;1.41814;1.42054;14644
2015.11.02;20:00:00;1.41979;1.41304;1.41454;1.41814;6230
2015.11.03;00:00:00;1.41619;1.41254;1.41444;1.41459;4042
2015.11.03;04:00:00;1.41449;1.41194;1.41374;1.41444;5193
2015.11.03;08:00:00;1.41689;1.41224;1.41339;1.41369;11550
2015.11.03;12:00:00;1.41504;1.40864;1.41179;1.41334;12852
2015.11.03;16:00:00;1.41254;1.40829;1.40859;1.41184;17396
2015.11.03;20:00:00;1.40944;1.40634;1.40684;1.40864;9036
2015.11.04;00:00:00;1.40844;1.40469;1.40519;1.40709;6430
2015.11.04;04:00:00;1.40639;1.40384;1.40634;1.40524;5938
2015.11.04;08:00:00;1.41119;1.40474;1.40969;1.40639;13959
2015.11.04;12:00:00;1.41249;1.40959;1.41134;1.40969;13962
2015.11.04;16:00:00;1.41344;1.40669;1.41199;1.41134;21101
2015.11.04;20:00:00;1.41214;1.41019;1.41099;1.41194;7376
2015.11.05;00:00:00;1.41274;1.41034;1.41229;1.41104;6384
2015.11.05;04:00:00;1.41324;1.41104;1.41254;1.41229;4849
2015.11.05;08:00:00;1.41339;1.40784;1.40929;1.41254;15409
2015.11.05;12:00:00;1.41304;1.40854;1.41054;1.40934;17484
2015.11.05;16:00:00;1.41279;1.40779;1.40964;1.41054;18566
2015.11.05;20:00:00;1.41314;1.40964;1.41249;1.40969;7148
2015.11.06;00:00:00;1.41274;1.41074;1.41264;1.41249;4514
2015.11.06;04:00:00;1.41304;1.41119;1.41224;1.41259;4842
2015.11.06;08:00:00;1.41474;1.41084;1.41354;1.41224;12412
2015.11.06;12:00:00;1.41519;1.39989;1.40949;1.41354;18703
2015.11.06;16:00:00;1.41429;1.40754;1.41064;1.40954;26401
2015.11.06;20:00:00;1.41144;1.40799;1.40909;1.41064;8040
2015.11.09;00:00:00;1.41359;1.40804;1.41214;1.40919;6910
2015.11.09;04:00:00;1.41619;1.41209;1.41574;1.41219;6637
2015.11.09;08:00:00;1.42394;1.41559;1.41924;1.41579;14355
2015.11.09;12:00:00;1.42009;1.41614;1.41624;1.41929;16267
2015.11.09;16:00:00;1.42229;1.41509;1.41664;1.41624;20950
2015.11.09;20:00:00;1.41764;1.41509;1.41639;1.41659;7304
2015.11.10;00:00:00;1.41774;1.41459;1.41504;1.41639;5691
2015.11.10;04:00:00;1.41664;1.41439;1.41524;1.41499;5585
2015.11.10;08:00:00;1.41749;1.41344;1.41569;1.41529;14695
2015.11.10;12:00:00;1.41659;1.41064;1.41164;1.41564;17796
2015.11.10;16:00:00;1.41249;1.40999;1.41194;1.41159;18022
2015.11.10;20:00:00;1.41324;1.41054;1.41194;1.41199;8836
2015.11.11;00:00:00;1.41279;1.40944;1.41164;1.41199;8243
2015.11.11;04:00:00;1.41444;1.41134;1.41389;1.41169;9047
2015.11.11;08:00:00;1.41559;1.41239;1.41314;1.41394;13299
2015.11.11;12:00:00;1.41434;1.41044;1.41234;1.41309;13901
2015.11.11;16:00:00;1.41609;1.41114;1.41119;1.41229;17532
2015.11.11;20:00:00;1.41209;1.41074;1.41199;1.41124;5162
2015.11.12;00:00:00;1.41414;1.40979;1.41154;1.41209;9120
2015.11.12;04:00:00;1.41309;1.41119;1.41264;1.41159;6824
2015.11.12;08:00:00;1.41404;1.40664;1.41189;1.41264;16812
2015.11.12;12:00:00;1.41504;1.41074;1.41404;1.41194;16540
2015.11.12;16:00:00;1.41974;1.41329;1.41799;1.41404;26593
2015.11.12;20:00:00;1.41834;1.41519;1.41694;1.41794;11350
2015.11.13;00:00:00;1.41749;1.41464;1.41549;1.41679;7749
2015.11.13;04:00:00;1.41769;1.41494;1.41559;1.41549;6728
2015.11.13;08:00:00;1.41724;1.41414;1.41654;1.41554;13882
2015.11.13;12:00:00;1.41929;1.41429;1.41554;1.41649;20187
2015.11.13;16:00:00;1.41624;1.40939;1.40969;1.41559;19601
2015.11.13;20:00:00;1.41449;1.40919;1.41404;1.40969;8583
2015.11.16;00:00:00;1.41469;1.40884;1.41199;1.41269;10658
2015.11.16;04:00:00;1.41359;1.41144;1.41329;1.41199;5233
2015.11.16;08:00:00;1.41444;1.41004;1.41064;1.41324;15153
2015.11.16;12:00:00;1.41299;1.41024;1.41154;1.41049;13812
2015.11.16;16:00:00;1.41224;1.40769;1.40859;1.41154;17446
2015.11.16;20:00:00;1.40889;1.40599;1.40759;1.40854;7328
2015.11.17;00:00:00;1.40779;1.40549;1.40594;1.40754;7559
2015.11.17;04:00:00;1.40734;1.40579;1.40669;1.40589;5510
2015.11.17;08:00:00;1.40704;1.40359;1.40549;1.40664;15253
2015.11.17;12:00:00;1.40634;1.40049;1.40099;1.40549;15053
2015.11.17;16:00:00;1.40329;1.39789;1.40109;1.40094;18762
2015.11.17;20:00:00;1.40274;1.39964;1.40189;1.40114;9632
2015.11.18;00:00:00;1.40379;1.40139;1.40359;1.40184;5086
2015.11.18;04:00:00;1.40409;1.40089;1.40119;1.40364;5688
2015.11.18;08:00:00;1.40479;1.40089;1.40274;1.40124;12525
2015.11.18;12:00:00;1.40304;1.39744;1.39809;1.40274;13222
2015.11.18;16:00:00;1.39854;1.39244;1.39659;1.39809;16728
2015.11.18;20:00:00;1.39764;1.39199;1.39254;1.39659;12913
2015.11.19;00:00:00;1.39679;1.39134;1.39434;1.39249;8442
2015.11.19;04:00:00;1.39534;1.39289;1.39324;1.39439;8803
2015.11.19;08:00:00;1.39384;1.38859;1.38909;1.39319;14093
2015.11.19;12:00:00;1.39094;1.38509;1.38929;1.38909;16339
2015.11.19;16:00:00;1.39324;1.38914;1.39144;1.38924;21249
2015.11.19;20:00:00;1.39504;1.39124;1.39279;1.39144;7256
2015.11.20;00:00:00;1.39414;1.39159;1.39349;1.39284;5059
2015.11.20;04:00:00;1.39414;1.39069;1.39169;1.39349;6317
2015.11.20;08:00:00;1.39249;1.38789;1.39009;1.39164;15815
2015.11.20;12:00:00;1.39184;1.38744;1.39009;1.39004;15308
2015.11.20;16:00:00;1.39064;1.38484;1.38619;1.39009;17428
2015.11.20;20:00:00;1.38634;1.38409;1.38529;1.38624;7442
2015.11.23;00:00:00;1.38859;1.38024;1.38664;1.38194;7081
2015.11.23;04:00:00;1.38889;1.38624;1.38834;1.38654;8467
2015.11.23;08:00:00;1.39329;1.38779;1.39264;1.38834;13029
2015.11.23;12:00:00;1.39274;1.38679;1.38994;1.39259;14786
2015.11.23;16:00:00;1.39179;1.38869;1.38899;1.38989;18332
2015.11.23;20:00:00;1.39094;1.38834;1.39054;1.38894;6722
2015.11.24;00:00:00;1.39179;1.38934;1.38994;1.39059;5749
2015.11.24;04:00:00;1.39054;1.38679;1.38704;1.38994;5528
2015.11.24;08:00:00;1.39034;1.38629;1.38754;1.38704;13773
2015.11.24;12:00:00;1.39179;1.38704;1.39019;1.38759;16137
2015.11.24;16:00:00;1.39059;1.38699;1.38809;1.39014;17901
2015.11.24;20:00:00;1.38939;1.38569;1.38594;1.38794;7731
2015.11.25;00:00:00;1.38624;1.38234;1.38324;1.38604;6381
2015.11.25;04:00:00;1.38439;1.37994;1.38084;1.38324;7519
2015.11.25;08:00:00;1.38319;1.37499;1.37644;1.38084;16799
2015.11.25;12:00:00;1.37684;1.37349;1.37559;1.37629;18987
2015.11.25;16:00:00;1.37639;1.37174;1.37404;1.37564;18655
2015.11.25;20:00:00;1.37564;1.37129;1.37284;1.37404;6505
2015.11.26;00:00:00;1.37539;1.37074;1.37394;1.37299;5749
2015.11.26;04:00:00;1.37534;1.37344;1.37504;1.37389;4738
2015.11.26;08:00:00;1.37649;1.37404;1.37614;1.37509;10766
2015.11.26;12:00:00;1.37759;1.37189;1.37354;1.37614;10080
2015.11.26;16:00:00;1.37444;1.37204;1.37429;1.37354;7750
2015.11.26;20:00:00;1.37459;1.37269;1.37269;1.37424;5319
2015.11.27;00:00:00;1.37554;1.37219;1.37519;1.37259;4642
2015.11.27;04:00:00;1.37599;1.37404;1.37464;1.37524;5382
2015.11.27;08:00:00;1.37744;1.36914;1.36949;1.37464;14823
2015.11.27;12:00:00;1.37139;1.36524;1.36819;1.36949;14772
2015.11.27;16:00:00;1.37339;1.36734;1.37329;1.36814;12484
2015.11.27;20:00:00;1.37329;1.36844;1.36969;1.37329;5464
2015.11.30;00:00:00;1.37224;1.36699;1.37034;1.36734;6147
2015.11.30;04:00:00;1.37179;1.36854;1.36874;1.37029;5164
2015.11.30;08:00:00;1.36949;1.36644;1.36794;1.36874;12686
2015.11.30;12:00:00;1.37034;1.36749;1.36759;1.36799;13083
2015.11.30;16:00:00;1.37259;1.36724;1.37154;1.36764;16863
2015.11.30;20:00:00;1.37359;1.36904;1.37014;1.37159;7158
2015.12.01;00:00:00;1.37144;1.36844;1.37034;1.37009;5740
2015.12.01;04:00:00;1.37399;1.36859;1.37364;1.37034;9387
2015.12.01;08:00:00;1.37414;1.36844;1.36969;1.37369;12873
2015.12.01;12:00:00;1.37149;1.36829;1.36999;1.36964;11286
2015.12.01;16:00:00;1.37124;1.36499;1.36579;1.36999;18039
2015.12.01;20:00:00;1.36994;1.36569;1.36914;1.36574;6983
2015.12.02;00:00:00;1.36969;1.36749;1.36879;1.36919;5159
2015.12.02;04:00:00;1.37099;1.36844;1.37059;1.36884;4672
2015.12.02;08:00:00;1.37374;1.36954;1.37284;1.37064;10892
2015.12.02;12:00:00;1.37404;1.36799;1.37359;1.37209;14188
2015.12.02;16:00:00;1.38039;1.36764;1.37839;1.37354;19867
2015.12.02;20:00:00;1.38504;1.37784;1.38479;1.37844;12072
2015.12.03;00:00:00;1.38659;1.38194;1.38539;1.38459;6633
2015.12.03;04:00:00;1.38559;1.38024;1.38094;1.38534;6738
2015.12.03;08:00:00;1.38179;1.37494;1.37649;1.38089;12862
2015.12.03;12:00:00;1.39619;1.36509;1.39049;1.37644;30145
2015.12.03;16:00:00;1.40204;1.38569;1.39989;1.39049;31655
2015.12.03;20:00:00;1.41004;1.39974;1.40254;1.39994;17103
2015.12.04;00:00:00;1.40604;1.40054;1.40539;1.40249;11442
2015.12.04;04:00:00;1.40689;1.40414;1.40569;1.40539;8878
2015.12.04;08:00:00;1.40599;1.39534;1.39744;1.40564;19327
2015.12.04;12:00:00;1.39959;1.38949;1.39769;1.39739;22657
2015.12.04;16:00:00;1.39889;1.39124;1.39394;1.39764;27998
2015.12.04;20:00:00;1.40204;1.39279;1.40099;1.39389;9745
2015.12.07;00:00:00;1.40204;1.39664;1.40099;1.39779;6396
2015.12.07;04:00:00;1.40224;1.40054;1.40139;1.40104;4569
2015.12.07;08:00:00;1.40479;1.39899;1.39924;1.40139;12498
2015.12.07;12:00:00;1.40304;1.39899;1.40209;1.39924;13693
2015.12.07;16:00:00;1.40309;1.39904;1.40234;1.40214;18717
2015.12.07;20:00:00;1.40574;1.40159;1.40484;1.40239;8089
2015.12.08;00:00:00;1.40534;1.40234;1.40369;1.40504;5044
2015.12.08;04:00:00;1.40874;1.40364;1.40864;1.40364;5892
2015.12.08;08:00:00;1.41159;1.40654;1.41054;1.40864;14035
2015.12.08;12:00:00;1.42114;1.41014;1.42044;1.41059;16478
2015.12.08;16:00:00;1.42139;1.41519;1.41774;1.42044;17723
2015.12.08;20:00:00;1.41959;1.41649;1.41799;1.41769;8379
2015.12.09;00:00:00;1.41824;1.41344;1.41694;1.41804;4714
2015.12.09;04:00:00;1.41784;1.41254;1.41454;1.41699;6139
2015.12.09;08:00:00;1.42034;1.41279;1.41839;1.41459;14702
2015.12.09;12:00:00;1.42249;1.41724;1.42084;1.41834;16063
2015.12.09;16:00:00;1.42619;1.41724;1.42619;1.42084;23615
2015.12.09;20:00:00;1.43084;1.42369;1.42774;1.42619;16601
2015.12.10;00:00:00;1.42779;1.41999;1.42164;1.42779;6912
2015.12.10;04:00:00;1.42634;1.42169;1.42484;1.42169;5126
2015.12.10;08:00:00;1.42574;1.41844;1.41974;1.42489;14441
2015.12.10;12:00:00;1.42254;1.41389;1.42194;1.41969;20008
2015.12.10;16:00:00;1.42199;1.41489;1.41714;1.42194;21573
2015.12.10;20:00:00;1.41984;1.41584;1.41984;1.41714;8081
2015.12.11;00:00:00;1.42034;1.41634;1.41914;1.42024;5462
2015.12.11;04:00:00;1.42219;1.41914;1.42174;1.41914;4610
2015.12.11;08:00:00;1.42569;1.41979;1.42534;1.42174;13317
2015.12.11;12:00:00;1.42744;1.42239;1.42674;1.42529;20913
2015.12.11;16:00:00;1.44134;1.42674;1.43639;1.42679;30082
2015.12.11;20:00:00;1.43849;1.43389;1.43669;1.43634;11628
2015.12.14;00:00:00;1.43619;1.43324;1.43409;1.43424;7502
2015.12.14;04:00:00;1.43419;1.43059;1.43144;1.43409;6482
2015.12.14;08:00:00;1.43169;1.42689;1.43149;1.43139;14825
2015.12.14;12:00:00;1.43804;1.43134;1.43434;1.43144;21058
2015.12.14;16:00:00;1.43739;1.42869;1.42879;1.43429;28449
2015.12.14;20:00:00;1.43089;1.42724;1.42874;1.42884;11377
2015.12.15;00:00:00;1.43234;1.42644;1.43219;1.42874;6568
2015.12.15;04:00:00;1.43434;1.43074;1.43379;1.43219;6409
2015.12.15;08:00:00;1.43534;1.42789;1.42979;1.43379;16135
2015.12.15;12:00:00;1.43104;1.42459;1.42489;1.42974;20184
2015.12.15;16:00:00;1.42734;1.41399;1.41864;1.42494;23095
2015.12.15;20:00:00;1.41864;1.41854;1.41854;1.41864;5
