DATE;TIME;HIGH;LOW;CLOSE;OPEN;VOLUME
2015.04.27;12:00:00;11803;11593;11797;11731;355
2015.04.27;16:00:00;11833;11770;11795;11780;112
2015.04.27;20:00:00;11843;11788;11808;11798;101
2015.04.28;00:00:00;11833;11808;11833;11808;26
2015.04.28;04:00:00;11876;11374;11407;11834;578
2015.04.28;08:00:00;11557;11369;11371;11406;342
2015.04.28;12:00:00;11398;11320;11350;11350;157
2015.04.28;16:00:00;11395;11335;11368;11350;103
2015.04.28;20:00:00;11373;11350;11360;11370;37
2015.04.29;00:00:00;11442;11262;11424;11369;306
2015.04.29;04:00:00;11974;11282;11283;11426;1242
2015.04.29;08:00:00;11373;11265;11333;11293;177
2015.04.29;12:00:00;11373;11305;11333;11333;137
2015.04.29;16:00:00;11338;11280;11280;11330;67
2015.04.29;20:00:00;11497;11104;11119;11398;508
2015.04.30;00:00:00;11352;11043;11322;11117;414
2015.04.30;04:00:00;11350;11298;11323;11325;103
2015.04.30;08:00:00;11323;11258;11280;11320;91
2015.04.30;12:00:00;11295;11263;11295;11278;48
2015.04.30;16:00:00;11359;11148;11241;11273;391
2015.04.30;20:00:00;11259;11092;11168;11242;261
2015.05.01;00:00:00;11223;11165;11213;11173;77
2015.05.01;04:00:00;11240;11195;11220;11213;84
2015.05.01;08:00:00;11233;11203;11213;11220;54
2015.05.01;12:00:00;11376;11197;11244;11197;312
2015.05.01;16:00:00;11287;11067;11149;11243;347
2015.05.01;20:00:00;11195;11148;11165;11148;78
2015.05.04;00:00:00;11168;11133;11155;11165;61
2015.05.04;04:00:00;11160;11135;11135;11158;28
2015.05.04;08:00:00;11352;11124;11274;11163;346
2015.05.04;12:00:00;11682;11272;11659;11278;440
2015.05.04;16:00:00;11670;11563;11638;11655;198
2015.05.04;20:00:00;11680;11603;11635;11635;155
2015.05.05;00:00:00;11645;11630;11630;11635;26
2015.05.05;04:00:00;11724;11529;11572;11634;329
2015.05.05;08:00:00;11729;11554;11617;11569;303
2015.05.05;12:00:00;11633;11045;11190;11628;739
2015.05.05;16:00:00;11203;11138;11183;11190;124
2015.05.05;20:00:00;11208;11175;11203;11185;49
2015.05.06;00:00:00;11286;10379;10541;11199;1157
2015.05.06;04:00:00;10584;9983;10174;10523;854
2015.05.06;08:00:00;10250;10145;10198;10165;178
2015.05.06;12:00:00;10240;10160;10193;10190;158
2015.05.06;16:00:00;10200;10153;10195;10188;88
2015.05.06;20:00:00;10747;10249;10674;10254;577
2015.05.07;00:00:00;10716;10346;10538;10677;602
2015.05.07;04:00:00;10588;10500;10588;10555;144
2015.05.07;08:00:00;10588;10525;10550;10588;89
2015.05.07;12:00:00;10585;10543;10565;10543;63
2015.05.07;16:00:00;10874;10565;10869;10575;325
2015.05.07;20:00:00;11218;10871;11134;10871;432
2015.05.08;00:00:00;11198;11120;11158;11143;142
2015.05.08;04:00:00;11193;11138;11188;11160;83
2015.05.08;08:00:00;11190;11168;11170;11185;30
2015.05.08;12:00:00;11207;10943;11014;11195;348
2015.05.08;16:00:00;11133;10983;11012;11013;300
2015.05.08;20:00:00;11035;10995;11028;11008;61
2015.05.11;00:00:00;11085;11028;11068;11028;75
2015.05.11;04:00:00;11095;11043;11093;11068;80
2015.05.11;08:00:00;11341;11109;11333;11109;241
2015.05.11;12:00:00;11391;11124;11234;11334;435
2015.05.11;16:00:00;11310;11235;11273;11238;116
2015.05.11;20:00:00;11323;11255;11315;11275;97
2015.05.12;00:00:00;11320;11295;11315;11313;49
2015.05.12;04:00:00;11327;11068;11208;11223;504
2015.05.12;08:00:00;11269;11094;11242;11209;318
2015.05.12;12:00:00;11278;11225;11238;11250;95
2015.05.12;16:00:00;11273;11225;11263;11238;72
2015.05.12;20:00:00;11285;11265;11280;11265;26
2015.05.13;00:00:00;11292;10869;10872;11170;549
2015.05.13;04:00:00;11107;10788;10976;10869;532
2015.05.13;08:00:00;10981;10938;10950;10981;56
2015.05.13;12:00:00;10958;10903;10908;10948;71
2015.05.13;16:00:00;10948;10905;10935;10905;57
2015.05.13;20:00:00;10979;10812;10919;10968;286
2015.05.14;00:00:00;11078;10792;10873;10928;518
2015.05.14;04:00:00;10860;10425;10685;10853;703
2015.05.14;08:00:00;10705;10605;10658;10688;171
2015.05.14;12:00:00;10675;10658;10668;10658;25
2015.05.14;16:00:00;10747;10491;10687;10635;461
2015.05.14;20:00:00;10752;10593;10618;10684;253
2015.05.15;00:00:00;10668;10630;10663;10643;57
2015.05.15;04:00:00;10680;10635;10645;10663;73
2015.05.15;08:00:00;10663;10633;10638;10648;51
2015.05.15;12:00:00;10804;10461;10546;10658;575
2015.05.15;16:00:00;10679;10439;10473;10543;411
2015.05.15;20:00:00;10540;10415;10515;10490;226
2015.05.18;00:00:00;10523;10360;10368;10518;177
2015.05.18;04:00:00;10385;10353;10353;10368;50
2015.05.18;08:00:00;10424;10177;10389;10303;409
2015.05.18;12:00:00;10397;10236;10332;10392;263
2015.05.18;16:00:00;10420;10335;10415;10340;96
2015.05.18;20:00:00;10420;10370;10388;10415;74
2015.05.19;00:00:00;10390;10368;10383;10385;43
2015.05.19;04:00:00;10459;10249;10281;10440;262
2015.05.19;08:00:00;10639;10272;10628;10282;389
2015.05.19;12:00:00;10715;10618;10700;10628;123
2015.05.19;16:00:00;10730;10685;10723;10703;71
2015.05.19;20:00:00;10728;10718;10723;10723;21
2015.05.20;00:00:00;10754;10573;10631;10717;277
2015.05.20;04:00:00;10647;10362;10415;10629;357
2015.05.20;08:00:00;11098;10343;10965;10430;976
2015.05.20;12:00:00;10998;10905;10945;10965;167
2015.05.20;16:00:00;10963;10925;10960;10940;57
2015.05.20;20:00:00;10963;10583;10693;10918;536
2015.05.21;00:00:00;10747;10256;10298;10699;582
2015.05.21;04:00:00;10335;10303;10313;10305;57
2015.05.21;08:00:00;10333;10295;10328;10315;64
2015.05.21;12:00:00;10335;10323;10328;10328;25
2015.05.21;16:00:00;10407;10239;10299;10328;308
2015.05.21;20:00:00;10406;10124;10271;10297;539
2015.05.22;00:00:00;10245;10075;10080;10233;188
2015.05.22;04:00:00;10135;9978;10125;10080;270
2015.05.22;08:00:00;10170;10123;10158;10123;60
2015.05.22;12:00:00;10408;10123;10327;10143;387
2015.05.22;16:00:00;10528;10293;10436;10324;359
2015.05.22;20:00:00;10458;10375;10398;10435;130
2015.05.25;00:00:00;10428;10393;10418;10400;53
2015.05.25;04:00:00;10418;10408;10408;10410;19
2015.05.25;08:00:00;10579;10367;10522;10426;329
2015.05.25;12:00:00;10604;10438;10564;10519;288
2015.05.25;16:00:00;10573;10520;10540;10560;87
2015.05.25;20:00:00;10573;10525;10545;10543;95
2015.05.26;00:00:00;10570;10533;10560;10538;53
2015.05.26;04:00:00;10641;10528;10539;10581;185
2015.05.26;08:00:00;10629;10508;10536;10533;240
2015.05.26;12:00:00;10575;10523;10525;10550;80
2015.05.26;16:00:00;10525;10468;10488;10523;80
2015.05.26;20:00:00;10540;10488;10528;10493;70
2015.05.27;00:00:00;10612;10454;10604;10540;253
2015.05.27;04:00:00;10683;10556;10641;10607;221
2015.05.27;08:00:00;10628;10578;10590;10625;66
2015.05.27;12:00:00;10630;10598;10610;10598;53
2015.05.27;16:00:00;10635;10608;10635;10608;28
2015.05.27;20:00:00;10804;10627;10797;10637;195
2015.05.28;00:00:00;10852;10638;10692;10802;319
2015.05.28;04:00:00;10758;10685;10713;10685;119
2015.05.28;08:00:00;10750;10713;10740;10713;48
2015.05.28;12:00:00;10750;10740;10748;10743;16
2015.05.28;16:00:00;10724;10642;10671;10713;123
2015.05.28;20:00:00;10797;10632;10782;10669;218
2015.05.29;00:00:00;10803;10765;10785;10765;57
2015.05.29;04:00:00;10783;10748;10748;10783;36
2015.05.29;08:00:00;10753;10735;10738;10750;25
2015.05.29;12:00:00;10876;10727;10816;10742;225
2015.05.29;16:00:00;10827;10719;10772;10819;170
2015.05.29;20:00:00;10765;10735;10765;10748;44
2015.06.01;00:00:00;10790;10750;10763;10763;81
2015.06.01;04:00:00;10780;10763;10773;10765;27
2015.06.01;08:00:00;10896;10629;10727;10875;387
2015.06.01;12:00:00;10742;10559;10608;10724;251
2015.06.01;16:00:00;10655;10595;10655;10620;86
2015.06.01;20:00:00;10660;10638;10655;10655;45
2015.06.02;00:00:00;10658;10650;10653;10653;17
2015.06.02;04:00:00;10856;10484;10852;10657;550
2015.06.02;08:00:00;10992;10792;10953;10854;302
2015.06.02;12:00:00;11028;10953;10975;10953;129
2015.06.02;16:00:00;11015;10963;11008;10973;70
2015.06.02;20:00:00;11008;10978;10978;11005;34
2015.06.03;00:00:00;11001;10886;10991;10957;197
2015.06.03;04:00:00;10996;10847;10874;10993;180
2015.06.03;08:00:00;10893;10865;10870;10868;55
2015.06.03;12:00:00;10915;10870;10903;10870;58
2015.06.03;16:00:00;10908;10895;10908;10903;22
2015.06.03;20:00:00;11114;10829;10877;11114;334
2015.06.04;00:00:00;10914;10808;10869;10879;203
2015.06.04;04:00:00;10895;10845;10845;10895;51
2015.06.04;08:00:00;10900;10833;10895;10840;80
2015.06.04;12:00:00;10905;10900;10905;10900;6
2015.06.04;16:00:00;10897;10647;10672;10872;301
2015.06.04;20:00:00;10674;10494;10522;10671;212
2015.06.05;00:00:00;10543;10518;10518;10528;41
2015.06.05;04:00:00;10533;10490;10490;10520;57
2015.06.05;08:00:00;10498;10488;10498;10493;16
2015.06.05;12:00:00;10549;10389;10394;10507;208
2015.06.05;16:00:00;10504;10392;10437;10393;181
2015.06.05;20:00:00;10433;10390;10413;10390;64
2015.06.08;00:00:00;10425;10350;10385;10420;116
2015.06.08;04:00:00;10413;10380;10400;10388;55
2015.06.08;08:00:00;10454;10259;10269;10422;238
2015.06.08;12:00:00;10332;10177;10283;10266;294
2015.06.08;16:00:00;10343;10260;10323;10265;109
2015.06.08;20:00:00;10325;10283;10310;10323;72
2015.06.09;00:00:00;10315;10280;10283;10313;41
2015.06.09;04:00:00;10392;10278;10332;10296;193
2015.06.09;08:00:00;10361;10248;10272;10328;171
2015.06.09;12:00:00;10273;10245;10265;10260;52
2015.06.09;16:00:00;10275;10218;10220;10268;67
2015.06.09;20:00:00;10225;10210;10213;10220;24
2015.06.10;00:00:00;10226;10069;10124;10179;260
2015.06.10;04:00:00;10622;10122;10548;10126;579
2015.06.10;08:00:00;10538;10485;10505;10525;87
2015.06.10;12:00:00;10528;10503;10503;10505;49
2015.06.10;16:00:00;10525;10500;10515;10503;39
2015.06.10;20:00:00;10569;10352;10453;10537;351
2015.06.11;00:00:00;10518;10316;10328;10452;281
2015.06.11;04:00:00;10353;10293;10303;10340;84
2015.06.11;08:00:00;10318;10275;10295;10300;82
2015.06.11;12:00:00;10303;10290;10293;10295;25
2015.06.11;16:00:00;10621;10295;10492;10317;478
2015.06.11;20:00:00;10518;10407;10453;10489;187
2015.06.12;00:00:00;10500;10450;10470;10450;81
2015.06.12;04:00:00;10475;10448;10465;10465;55
2015.06.12;08:00:00;10468;10445;10448;10468;27
2015.06.12;12:00:00;10732;10464;10722;10469;284
2015.06.12;16:00:00;10897;10723;10812;10723;260
2015.06.12;20:00:00;10953;10820;10890;10828;205
2015.06.15;00:00:00;10903;10870;10885;10888;64
2015.06.15;04:00:00;10898;10865;10865;10883;49
2015.06.15;08:00:00;11013;10847;10859;10859;333
2015.06.15;12:00:00;10923;10784;10874;10858;263
2015.06.15;16:00:00;10903;10830;10870;10835;112
2015.06.15;20:00:00;10885;10800;10858;10868;161
2015.06.16;00:00:00;10858;10828;10833;10858;36
2015.06.16;04:00:00;11066;10807;11053;10867;333
2015.06.16;08:00:00;11172;11007;11167;11057;221
2015.06.16;12:00:00;11240;11165;11240;11165;76
2015.06.16;16:00:00;11253;11213;11238;11238;81
2015.06.16;20:00:00;11240;11225;11225;11235;21
2015.06.17;00:00:00;11282;11152;11222;11209;248
2015.06.17;04:00:00;11279;11123;11254;11224;283
2015.06.17;08:00:00;11328;11253;11273;11260;138
2015.06.17;12:00:00;11320;11260;11320;11273;74
2015.06.17;16:00:00;11330;11305;11313;11323;41
2015.06.17;20:00:00;11428;11262;11418;11302;217
2015.06.18;00:00:00;11564;11383;11507;11412;268
2015.06.18;04:00:00;11538;11508;11515;11535;41
2015.06.18;08:00:00;11525;11498;11505;11518;42
2015.06.18;12:00:00;11510;11460;11498;11508;91
2015.06.18;16:00:00;11579;11449;11527;11532;256
2015.06.18;20:00:00;11549;11414;11454;11522;203
2015.06.19;00:00:00;11510;11463;11510;11475;60
2015.06.19;04:00:00;11528;11463;11468;11505;94
2015.06.19;08:00:00;11493;11468;11478;11470;43
2015.06.19;12:00:00;11567;11436;11469;11479;253
2015.06.19;16:00:00;11792;11448;11739;11467;417
2015.06.19;20:00:00;11778;11725;11750;11733;90
2015.06.22;00:00:00;11785;11743;11785;11750;50
2015.06.22;04:00:00;11795;11778;11790;11783;28
2015.06.22;08:00:00;11863;11722;11817;11778;244
2015.06.22;12:00:00;11864;11713;11833;11814;284
2015.06.22;16:00:00;11850;11815;11833;11832;70
2015.06.22;20:00:00;11853;11825;11833;11833;57
2015.06.23;00:00:00;11838;11833;11833;11833;11
2015.06.23;04:00:00;11859;11569;11669;11853;397
2015.06.23;08:00:00;11747;11622;11628;11672;207
2015.06.23;12:00:00;11668;11625;11653;11625;59
2015.06.23;16:00:00;11685;11648;11675;11655;55
2015.06.23;20:00:00;11735;11670;11728;11673;76
2015.06.24;00:00:00;11724;11524;11529;11702;228
2015.06.24;04:00:00;11632;11449;11549;11524;342
2015.06.24;08:00:00;11560;11535;11540;11537;48
2015.06.24;12:00:00;11555;11485;11485;11543;83
2015.06.24;16:00:00;11510;11480;11505;11488;44
2015.06.24;20:00:00;11759;11366;11677;11484;594
2015.06.25;00:00:00;11737;11572;11614;11678;267
2015.06.25;04:00:00;11625;11590;11615;11620;66
2015.06.25;08:00:00;11628;11568;11570;11615;76
2015.06.25;12:00:00;11590;11555;11560;11573;58
2015.06.25;16:00:00;11707;11574;11672;11585;180
2015.06.25;20:00:00;11772;11658;11727;11674;176
2015.06.26;00:00:00;11735;11658;11660;11714;101
2015.06.26;04:00:00;11695;11653;11685;11660;60
2015.06.26;08:00:00;11693;11670;11680;11690;37
2015.06.26;12:00:00;11967;11690;11944;11692;303
2015.06.26;16:00:00;12253;11941;12233;11947;339
2015.06.26;20:00:00;12313;12228;12313;12230;88
2015.06.29;00:00:00;12343;12288;12320;12315;106
2015.06.29;04:00:00;12419;12119;12128;12305;424
2015.06.29;08:00:00;12201;11821;11875;12126;510
2015.06.29;12:00:00;11938;11845;11933;11878;132
2015.06.29;16:00:00;11943;11928;11928;11933;26
2015.06.29;20:00:00;12137;11904;12119;11925;273
2015.06.30;00:00:00;12192;12007;12128;12126;369
2015.06.30;04:00:00;12163;12120;12145;12125;67
2015.06.30;08:00:00;12160;12133;12160;12143;38
2015.06.30;12:00:00;12228;11972;12044;12145;412
2015.06.30;16:00:00;12064;11824;11955;12048;388
2015.06.30;20:00:00;12008;11943;11960;11955;126
2015.07.01;00:00:00;11960;11920;11920;11960;41
2015.07.01;04:00:00;12182;11898;12009;11930;490
2015.07.01;08:00:00;12258;11968;12250;12008;339
2015.07.01;12:00:00;12270;12235;12265;12245;51
2015.07.01;16:00:00;12268;12260;12263;12265;15
2015.07.01;20:00:00;12377;12196;12372;12285;276
2015.07.02;00:00:00;12490;12279;12485;12369;307
2015.07.02;04:00:00;12480;12410;12455;12480;116
2015.07.02;08:00:00;12463;12435;12440;12458;39
2015.07.02;12:00:00;12459;12309;12442;12440;299
2015.07.02;16:00:00;12718;12437;12650;12448;361
2015.07.02;20:00:00;12668;12590;12645;12648;154
2015.07.03;00:00:00;12675;12643;12665;12645;45
2015.07.03;04:00:00;12766;12422;12539;12653;575
2015.07.03;08:00:00;12623;12426;12495;12542;348
2015.07.03;12:00:00;12553;12485;12535;12495;97
2015.07.03;16:00:00;12553;12523;12543;12533;51
2015.07.03;20:00:00;12636;12439;12617;12525;303
2015.07.06;00:00:00;12871;12517;12825;12613;497
2015.07.06;04:00:00;12868;12818;12863;12825;63
2015.07.06;08:00:00;12908;12865;12905;12868;50
2015.07.06;12:00:00;12982;12847;12897;12890;264
2015.07.06;16:00:00;13093;12854;13020;12901;360
2015.07.06;20:00:00;13028;12993;12993;13018;46
2015.07.07;00:00:00;12998;12980;12980;12993;24
2015.07.07;04:00:00;13208;12903;13174;12990;427
2015.07.07;08:00:00;13187;12887;12995;13173;423
2015.07.07;12:00:00;13053;12960;13053;12990;124
2015.07.07;16:00:00;13065;13043;13058;13050;37
2015.07.07;20:00:00;13294;12992;13093;13028;540
2015.07.08;00:00:00;13419;13054;13113;13088;706
2015.07.08;04:00:00;13165;13098;13098;13115;118
2015.07.08;08:00:00;13125;13088;13100;13095;70
2015.07.08;12:00:00;13586;13104;13564;13122;523
2015.07.08;16:00:00;14075;13523;13948;13566;723
2015.07.08;20:00:00;13950;13895;13898;13948;61
2015.07.09;00:00:00;13955;13893;13945;13895;75
2015.07.09;04:00:00;14238;13942;14029;13995;559
2015.07.09;08:00:00;14184;13198;13225;14032;1166
2015.07.09;12:00:00;13228;13080;13110;13225;182
2015.07.09;16:00:00;13125;13088;13113;13108;70
2015.07.09;20:00:00;14127;13784;14047;13784;424
2015.07.10;00:00:00;14072;13402;13500;14049;792
2015.07.10;04:00:00;13598;13475;13593;13500;154
2015.07.10;08:00:00;13600;13563;13585;13588;72
2015.07.10;12:00:00;13818;13494;13752;13575;472
2015.07.10;16:00:00;13915;13594;13868;13754;529
2015.07.10;20:00:00;13933;13870;13903;13870;94
2015.07.13;00:00:00;13905;13888;13900;13900;35
2015.07.13;04:00:00;14007;13813;13988;13908;309
2015.07.13;08:00:00;14219;13899;14203;13983;421
2015.07.13;12:00:00;14255;14195;14253;14203;71
2015.07.13;16:00:00;14273;14250;14270;14250;27
2015.07.13;20:00:00;14311;13947;14088;14250;567
2015.07.14;00:00:00;14216;13809;13863;14092;586
2015.07.14;04:00:00;13935;13858;13928;13860;87
2015.07.14;08:00:00;13935;13915;13935;13928;34
2015.07.14;12:00:00;13952;13514;13554;13940;491
2015.07.14;16:00:00;13973;13539;13858;13557;568
2015.07.14;20:00:00;13925;13858;13903;13860;92
2015.07.15;00:00:00;13905;13885;13895;13905;31
2015.07.15;04:00:00;14139;13789;13962;13815;554
2015.07.15;08:00:00;14317;13967;14200;13967;468
2015.07.15;12:00:00;14223;14188;14200;14198;69
2015.07.15;16:00:00;14208;14190;14193;14198;32
2015.07.15;20:00:00;14429;14036;14312;14208;683
2015.07.16;00:00:00;14338;14038;14223;14306;518
2015.07.16;04:00:00;14297;14209;14296;14220;101
2015.07.16;08:00:00;14299;14264;14267;14294;44
2015.07.16;12:00:00;14268;14034;14218;14268;419
2015.07.16;16:00:00;14314;14084;14140;14213;388
2015.07.16;20:00:00;14177;14109;14114;14140;111
2015.07.17;00:00:00;14136;14109;14124;14117;48
2015.07.17;04:00:00;14262;14059;14123;14116;400
2015.07.17;08:00:00;14228;13956;14060;14127;478
2015.07.17;12:00:00;14065;14018;14028;14060;63
2015.07.17;16:00:00;14038;14010;14025;14025;57
2015.07.17;20:00:00;14167;13874;14149;14066;504
2015.07.20;00:00:00;14190;14042;14183;14154;268
2015.07.20;04:00:00;14208;14180;14205;14180;32
2015.07.20;08:00:00;14223;14193;14213;14205;53
2015.07.20;12:00:00;14193;13752;13754;14188;449
2015.07.20;16:00:00;13864;13502;13638;13752;611
2015.07.20;20:00:00;13670;13595;13628;13635;144
2015.07.21;00:00:00;13648;13520;13578;13625;210
2015.07.21;04:00:00;13988;13512;13927;13565;591
2015.07.21;08:00:00;13953;13379;13560;13924;785
2015.07.21;12:00:00;13568;13440;13450;13560;147
2015.07.21;16:00:00;13463;13430;13430;13450;47
2015.07.21;20:00:00;13579;13373;13446;13455;404
2015.07.22;00:00:00;13493;13180;13248;13444;431
2015.07.22;04:00:00;13303;13228;13298;13250;103
2015.07.22;08:00:00;13310;13290;13295;13298;38
2015.07.22;12:00:00;13497;13344;13357;13391;273
2015.07.22;16:00:00;13443;13104;13415;13354;618
2015.07.22;20:00:00;13565;13410;13535;13410;186
2015.07.23;00:00:00;13538;13503;13510;13535;46
2015.07.23;04:00:00;13638;13283;13417;13598;530
2015.07.23;08:00:00;13673;13426;13648;13426;273
2015.07.23;12:00:00;13688;13645;13668;13648;67
2015.07.23;16:00:00;13683;13665;13673;13668;32
2015.07.23;20:00:00;13722;13501;13624;13658;409
2015.07.24;00:00:00;13726;13485;13535;13627;391
2015.07.24;04:00:00;13623;13535;13605;13535;107
2015.07.24;08:00:00;13640;13605;13618;13605;58
2015.07.24;12:00:00;13718;13517;13532;13610;325
2015.07.24;16:00:00;13564;13247;13320;13533;422
2015.07.24;20:00:00;13350;13285;13310;13320;121
2015.07.27;00:00:00;13330;13300;13320;13308;49
2015.07.27;04:00:00;13489;13292;13347;13313;361
2015.07.27;08:00:00;13384;13222;13348;13349;324
2015.07.27;12:00:00;13395;13340;13380;13348;79
2015.07.27;16:00:00;13415;13380;13415;13383;39
2015.07.27;20:00:00;13389;12977;13137;13367;595
2015.07.28;00:00:00;13328;12957;13115;13138;720
2015.07.28;04:00:00;13200;13115;13185;13115;101
2015.07.28;08:00:00;13185;13173;13185;13185;25
2015.07.28;12:00:00;13170;13004;13074;13170;237
2015.07.28;16:00:00;13099;12822;12868;13083;340
2015.07.28;20:00:00;12875;12850;12860;12868;43
2015.07.29;00:00:00;12865;12850;12850;12860;21
2015.07.29;04:00:00;13479;12859;13464;12865;642
2015.07.29;08:00:00;13574;13293;13568;13466;461
2015.07.29;12:00:00;13580;13538;13578;13573;80
2015.07.29;16:00:00;13580;13558;13565;13578;32
2015.07.29;20:00:00;13634;13422;13577;13553;401
2015.07.30;00:00:00;13794;13398;13490;13578;705
2015.07.30;04:00:00;13528;13485;13515;13490;62
2015.07.30;08:00:00;13520;13480;13493;13515;59
2015.07.30;12:00:00;13632;13462;13598;13499;242
2015.07.30;16:00:00;13709;13459;13683;13599;417
2015.07.30;20:00:00;13695;13670;13695;13683;39
2015.07.31;00:00:00;13710;13690;13695;13695;41
2015.07.31;04:00:00;14008;13659;13981;13694;412
2015.07.31;08:00:00;14205;13916;14173;13983;389
2015.07.31;12:00:00;14230;14168;14223;14173;75
2015.07.31;16:00:00;14225;14208;14220;14220;35
2015.07.31;20:00:00;14462;14051;14399;14082;506
2015.08.03;00:00:00;14685;14332;14648;14404;463
2015.08.03;04:00:00;14685;14640;14685;14648;54
2015.08.03;08:00:00;14683;14660;14660;14680;27
2015.08.03;12:00:00;14749;14397;14627;14685;647
2015.08.03;16:00:00;14968;14484;14773;14628;824
2015.08.03;20:00:00;14800;14583;14585;14773;247
2015.08.04;00:00:00;14620;14575;14575;14585;81
2015.08.04;04:00:00;14707;14379;14427;14628;456
2015.08.04;08:00:00;14432;14247;14310;14423;258
2015.08.04;12:00:00;14330;14298;14328;14303;40
2015.08.04;16:00:00;14338;14310;14320;14328;49
2015.08.04;20:00:00;14414;14062;14068;14320;453
2015.08.05;00:00:00;14089;13184;13325;14063;1073
2015.08.05;04:00:00;13478;13323;13465;13323;169
2015.08.05;08:00:00;13520;13458;13473;13463;115
2015.08.05;12:00:00;13556;13154;13413;13490;728
2015.08.05;16:00:00;13534;13036;13358;13418;937
2015.08.05;20:00:00;13370;13283;13340;13358;157
2015.08.06;00:00:00;13340;13313;13315;13335;35
2015.08.06;04:00:00;13609;13152;13593;13338;660
2015.08.06;08:00:00;14063;13539;13958;13589;680
2015.08.06;12:00:00;13965;13908;13933;13955;93
2015.08.06;16:00:00;13938;13923;13928;13933;26
2015.08.06;20:00:00;13977;13697;13733;13933;361
2015.08.07;00:00:00;13934;13607;13795;13728;588
2015.08.07;04:00:00;13863;13788;13855;13795;91
2015.08.07;08:00:00;13878;13850;13875;13855;37
2015.08.07;12:00:00;13983;13681;13749;13864;490
2015.08.07;16:00:00;13943;13618;13803;13752;600
2015.08.07;20:00:00;13800;13783;13795;13800;30
2015.08.10;00:00:00;13833;13790;13833;13795;49
2015.08.10;04:00:00;14194;13501;13627;13796;1218
2015.08.10;08:00:00;14324;13067;14153;13628;1990
2015.08.10;12:00:00;14158;14080;14083;14153;87
2015.08.10;16:00:00;14083;14045;14048;14080;45
2015.08.10;20:00:00;14351;13709;13728;14087;926
2015.08.11;00:00:00;14159;13649;13975;13719;765
2015.08.11;04:00:00;13985;13940;13948;13968;71
2015.08.11;08:00:00;13963;13938;13955;13945;41
2015.08.11;12:00:00;14466;13904;14451;13965;639
2015.08.11;16:00:00;14888;14423;14843;14453;541
2015.08.11;20:00:00;14875;14798;14843;14843;155
2015.08.12;00:00:00;14843;14795;14815;14843;69
2015.08.12;04:00:00;14944;14368;14431;14813;771
2015.08.12;08:00:00;14634;14304;14338;14429;570
2015.08.12;12:00:00;14408;14315;14373;14340;154
2015.08.12;16:00:00;14370;14315;14320;14370;61
2015.08.12;20:00:00;14458;14223;14374;14300;397
2015.08.13;00:00:00;14574;14252;14275;14376;544
2015.08.13;04:00:00;14323;14273;14320;14278;59
2015.08.13;08:00:00;14338;14313;14325;14315;41
2015.08.13;12:00:00;14429;14102;14273;14312;616
2015.08.13;16:00:00;14303;14111;14280;14283;382
2015.08.13;20:00:00;14313;14273;14313;14275;43
2015.08.14;00:00:00;14333;14313;14328;14313;26
2015.08.14;04:00:00;14414;14123;14264;14285;562
2015.08.14;08:00:00;14538;14137;14435;14266;634
2015.08.14;12:00:00;14453;14393;14405;14445;81
2015.08.14;16:00:00;14440;14385;14423;14408;96
2015.08.14;20:00:00;14437;13867;13899;14363;677
2015.08.17;00:00:00;14116;13793;13823;13897;573
2015.08.17;04:00:00;13825;13738;13760;13820;115
2015.08.17;08:00:00;13793;13748;13785;13755;61
2015.08.17;12:00:00;13873;13616;13794;13788;509
2015.08.17;16:00:00;13796;13328;13385;13792;530
2015.08.17;20:00:00;13458;13375;13458;13390;99
2015.08.18;00:00:00;13535;13453;13468;13453;150
2015.08.18;04:00:00;13664;13363;13436;13512;527
2015.08.18;08:00:00;13719;13403;13548;13437;522
2015.08.18;12:00:00;13593;13543;13570;13550;81
2015.08.18;16:00:00;13575;13555;13558;13573;26
2015.08.18;20:00:00;13636;13302;13463;13547;585
2015.08.19;00:00:00;13464;13070;13108;13464;433
2015.08.19;04:00:00;13198;13108;13198;13108;91
2015.08.19;08:00:00;13208;13160;13163;13198;62
2015.08.19;12:00:00;13206;12973;13131;13188;410
2015.08.19;16:00:00;13147;12183;12600;13134;1395
2015.08.19;20:00:00;12620;12488;12595;12600;260
2015.08.20;00:00:00;12598;12565;12590;12593;64
2015.08.20;04:00:00;12748;12204;12577;12523;1035
2015.08.20;08:00:00;12944;12498;12865;12584;612
2015.08.20;12:00:00;12883;12853;12883;12865;43
2015.08.20;16:00:00;12890;12880;12885;12880;16
2015.08.20;20:00:00;12969;12803;12903;12863;293
2015.08.21;00:00:00;13290;12701;13235;12898;842
2015.08.21;04:00:00;13280;13168;13170;13235;160
2015.08.21;08:00:00;13175;13148;13155;13173;37
2015.08.21;12:00:00;13244;13026;13153;13140;424
2015.08.21;16:00:00;13166;12542;12630;13159;720
2015.08.21;20:00:00;12653;12585;12600;12620;117
2015.08.24;00:00:00;12605;12563;12568;12598;55
2015.08.24;04:00:00;12738;12328;12489;12637;673
2015.08.24;08:00:00;12507;11566;11633;12488;1028
2015.08.24;12:00:00;11643;11415;11493;11633;317
2015.08.24;16:00:00;11493;11425;11428;11493;72
2015.08.24;20:00:00;12252;11538;11559;11774;1214
2015.08.25;00:00:00;12048;10801;11665;11563;2393
2015.08.25;04:00:00;11780;11665;11765;11665;131
2015.08.25;08:00:00;11780;11700;11708;11765;104
2015.08.25;12:00:00;12272;11581;12258;11757;882
2015.08.25;16:00:00;12473;12157;12453;12257;437
2015.08.25;20:00:00;12453;12338;12380;12453;158
2015.08.26;00:00:00;12403;12378;12398;12380;33
2015.08.26;04:00:00;12476;12274;12302;12387;320
2015.08.26;08:00:00;12453;11583;11735;12298;1178
2015.08.26;12:00:00;12033;11695;11935;11733;475
2015.08.26;16:00:00;11968;11895;11943;11933;137
2015.08.26;20:00:00;12233;11826;11989;11982;808
2015.08.27;00:00:00;12108;11415;11783;11993;1177
2015.08.27;04:00:00;11800;11740;11743;11778;86
2015.08.27;08:00:00;11758;11733;11753;11738;36
2015.08.27;12:00:00;11939;11128;11839;11822;1606
2015.08.27;16:00:00;11984;11287;11355;11837;913
2015.08.27;20:00:00;11383;11268;11340;11350;221
2015.08.28;00:00:00;11330;11288;11290;11330;45
2015.08.28;04:00:00;12206;11693;11836;11963;900
2015.08.28;08:00:00;12099;11418;11968;11838;1233
2015.08.28;12:00:00;12078;11968;12030;11970;161
2015.08.28;16:00:00;12040;11970;11988;12030;99
2015.08.28;20:00:00;12052;11557;11693;11992;692
2015.08.31;00:00:00;12159;11576;11763;11707;1111
2015.08.31;04:00:00;11775;11405;11615;11760;596
2015.08.31;08:00:00;11753;11605;11703;11615;209
2015.08.31;12:00:00;11781;11184;11434;11637;992
2015.08.31;16:00:00;11496;9952;10470;11433;2126
2015.08.31;20:00:00;10730;10465;10650;10473;354
2015.09.01;00:00:00;10663;10550;10553;10650;130
2015.09.01;04:00:00;11375;10176;11181;10498;1716
2015.09.01;08:00:00;11979;11169;11880;11171;912
2015.09.01;12:00:00;11980;11840;11890;11880;271
2015.09.01;16:00:00;11893;11855;11860;11885;52
2015.09.01;20:00:00;12944;11719;12474;11881;1858
2015.09.02;00:00:00;12636;12237;12473;12473;799
2015.09.02;04:00:00;12550;12355;12438;12470;359
2015.09.02;08:00:00;12473;12395;12420;12440;137
2015.09.02;12:00:00;12327;12004;12198;12313;532
2015.09.02;16:00:00;12392;12046;12135;12199;629
2015.09.02;20:00:00;12193;12110;12120;12133;154
2015.09.03;00:00:00;12125;12103;12105;12120;30
2015.09.03;04:00:00;12162;11699;11703;12120;510
2015.09.03;08:00:00;11876;11479;11723;11711;783
2015.09.03;12:00:00;11765;11703;11740;11723;108
2015.09.03;16:00:00;11743;11688;11700;11738;73
2015.09.03;20:00:00;11838;11558;11697;11719;539
2015.09.04;00:00:00;11723;11343;11605;11702;664
2015.09.04;04:00:00;11645;11595;11595;11605;91
2015.09.04;08:00:00;11615;11575;11578;11595;64
2015.09.04;12:00:00;11923;11418;11863;11607;755
2015.09.04;16:00:00;11903;11589;11895;11864;598
2015.09.04;20:00:00;11965;11840;11958;11890;183
2015.09.07;00:00:00;11958;11885;11893;11950;90
2015.09.07;04:00:00;11966;11757;11826;11934;311
2015.09.07;08:00:00;12239;11797;12135;11824;574
2015.09.07;12:00:00;12158;12090;12155;12133;115
2015.09.07;16:00:00;12170;12135;12158;12158;71
2015.09.07;20:00:00;12169;11761;11822;12154;485
2015.09.08;00:00:00;11954;11692;11870;11827;482
2015.09.08;04:00:00;11905;11845;11880;11868;109
2015.09.08;08:00:00;11903;11880;11895;11880;32
2015.09.08;12:00:00;11855;11618;11774;11851;398
2015.09.08;16:00:00;11863;11701;11793;11772;304
2015.09.08;20:00:00;11795;11715;11740;11790;111
2015.09.09;00:00:00;11755;11735;11735;11740;36
2015.09.09;04:00:00;11747;11603;11636;11738;187
2015.09.09;08:00:00;11777;11529;11710;11634;421
2015.09.09;12:00:00;11723;11680;11690;11710;67
2015.09.09;16:00:00;11723;11683;11688;11690;79
2015.09.09;20:00:00;12088;11657;12073;11706;496
2015.09.10;00:00:00;12188;12009;12133;12074;300
2015.09.10;04:00:00;12163;12103;12103;12130;94
2015.09.10;08:00:00;12105;12080;12080;12103;28
2015.09.10;12:00:00;12159;11952;12077;12107;385
2015.09.10;16:00:00;12109;11806;11873;12084;396
2015.09.10;20:00:00;11875;11788;11788;11870;93
2015.09.11;00:00:00;11800;11778;11780;11788;37
2015.09.11;04:00:00;11548;11052;11076;11518;551
2015.09.11;08:00:00;11214;10408;10455;11067;1001
2015.09.11;12:00:00;10573;10405;10533;10455;259
2015.09.11;16:00:00;10578;10518;10558;10533;96
2015.09.11;20:00:00;10883;10369;10797;10605;837
2015.09.14;00:00:00;10793;10477;10598;10784;447
2015.09.14;04:00:00;10663;10560;10660;10600;147
2015.09.14;08:00:00;10675;10645;10663;10663;61
2015.09.14;12:00:00;10836;10574;10611;10672;464
2015.09.14;16:00:00;10949;10514;10853;10608;626
2015.09.14;20:00:00;10880;10843;10878;10850;47
2015.09.15;00:00:00;10903;10875;10875;10880;52
2015.09.15;04:00:00;10898;10717;10793;10852;304
2015.09.15;08:00:00;10878;10469;10580;10796;603
2015.09.15;12:00:00;10595;10565;10580;10578;59
2015.09.15;16:00:00;10605;10585;10605;10585;21
2015.09.15;20:00:00;10714;10533;10674;10609;298
2015.09.16;00:00:00;10841;10476;10568;10676;623
2015.09.16;04:00:00;10633;10568;10625;10568;74
2015.09.16;08:00:00;10628;10595;10598;10623;42
2015.09.16;12:00:00;10575;10404;10473;10575;241
2015.09.16;16:00:00;10702;10441;10608;10474;389
2015.09.16;20:00:00;10623;10600;10605;10600;42
2015.09.17;00:00:00;10866;10549;10853;10592;374
2015.09.17;04:00:00;10997;10818;10940;10852;271
2015.09.17;08:00:00;10980;10940;10950;10943;74
2015.09.17;12:00:00;10960;10925;10938;10953;56
2015.09.17;16:00:00;10978;10807;10822;10943;222
2015.09.17;20:00:00;10916;10732;10803;10819;353
2015.09.18;00:00:00;10858;10798;10825;10805;101
2015.09.18;04:00:00;10833;10800;10808;10825;50
2015.09.18;08:00:00;10882;10644;10833;10794;438
2015.09.18;12:00:00;10903;10679;10758;10828;379
2015.09.18;16:00:00;10763;10685;10695;10758;94
2015.09.18;20:00:00;10723;10685;10713;10695;59
2015.09.21;00:00:00;11019;10725;10964;10731;356
2015.09.21;04:00:00;11038;10826;10875;10973;327
2015.09.21;08:00:00;10903;10840;10865;10875;117
2015.09.21;12:00:00;10893;10863;10875;10870;56
2015.09.21;16:00:00;11247;10844;11227;10865;445
2015.09.21;20:00:00;11457;11192;11378;11228;381
2015.09.22;00:00:00;11433;11378;11418;11378;71
2015.09.22;04:00:00;11443;11415;11438;11420;39
2015.09.22;08:00:00;11466;11253;11299;11418;308
2015.09.22;12:00:00;11422;11242;11310;11301;352
2015.09.22;16:00:00;11310;11223;11240;11305;110
2015.09.22;20:00:00;11253;11235;11245;11240;32
2015.09.23;00:00:00;11362;11119;11268;11289;466
2015.09.23;04:00:00;11326;11055;11125;11269;399
2015.09.23;08:00:00;11135;11038;11083;11125;153
2015.09.23;12:00:00;11133;11068;11118;11088;101
2015.09.23;16:00:00;11333;11038;11098;11153;536
2015.09.23;20:00:00;11305;11077;11295;11099;261
2015.09.24;00:00:00;11310;11270;11305;11288;64
2015.09.24;04:00:00;11315;11298;11305;11303;33
2015.09.24;08:00:00;11324;11239;11266;11288;149
2015.09.24;12:00:00;11293;11134;11258;11271;306
2015.09.24;16:00:00;11270;11188;11215;11258;122
2015.09.24;20:00:00;11240;11210;11223;11213;51
2015.09.25;00:00:00;11247;10882;10971;11238;464
2015.09.25;04:00:00;11063;10916;10988;10976;283
2015.09.25;08:00:00;11000;10958;10980;10988;77
2015.09.25;12:00:00;10985;10975;10980;10980;21
2015.09.25;16:00:00;11133;10812;10959;11015;587
2015.09.25;20:00:00;10967;10277;10478;10957;902
2015.09.28;00:00:00;10503;10465;10473;10478;72
2015.09.28;04:00:00;10478;10450;10453;10470;40
2015.09.28;08:00:00;10564;10248;10421;10481;573
2015.09.28;12:00:00;10677;10359;10525;10422;534
2015.09.28;16:00:00;10533;10395;10408;10525;160
2015.09.28;20:00:00;10433;10403;10410;10408;59
2015.09.29;00:00:00;10534;10351;10479;10433;321
2015.09.29;04:00:00;10497;10294;10343;10478;272
2015.09.29;08:00:00;10358;10270;10295;10345;127
2015.09.29;12:00:00;10298;10253;10275;10295;71
2015.09.29;16:00:00;10347;9949;9966;10274;489
2015.09.29;20:00:00;10259;9919;10038;9964;607
2015.09.30;00:00:00;10078;9950;9960;10035;182
2015.09.30;04:00:00;9970;9945;9945;9960;36
2015.09.30;08:00:00;9670;8804;8902;9630;1005
2015.09.30;12:00:00;9127;8188;8213;8899;1193
2015.09.30;16:00:00;8480;8030;8460;8213;654
2015.09.30;20:00:00;8525;8390;8395;8463;203
2015.10.01;00:00:00;8901;8331;8816;8388;713
2015.10.01;04:00:00;8918;8104;8728;8814;1543
2015.10.01;08:00:00;8813;8665;8795;8725;227
2015.10.01;12:00:00;8818;8715;8745;8795;157
2015.10.01;16:00:00;8678;8178;8667;8627;961
2015.10.01;20:00:00;8856;8259;8418;8668;945
2015.10.02;00:00:00;8508;8320;8320;8420;277
2015.10.02;04:00:00;8440;8305;8415;8315;171
2015.10.02;08:00:00;8823;8525;8722;8525;400
2015.10.02;12:00:00;9489;8589;9245;8727;1283
2015.10.02;16:00:00;9415;9225;9400;9243;224
2015.10.02;20:00:00;9453;9395;9405;9403;115
2015.10.05;00:00:00;9424;9193;9256;9394;325
2015.10.05;04:00:00;9491;9148;9248;9253;682
2015.10.05;08:00:00;9353;9235;9353;9253;137
2015.10.05;12:00:00;9380;9320;9330;9350;101
2015.10.05;16:00:00;9297;9019;9112;9263;406
2015.10.05;20:00:00;9319;8959;9240;9109;590
2015.10.06;00:00:00;9365;9225;9365;9240;156
2015.10.06;04:00:00;9360;9300;9325;9360;86
2015.10.06;08:00:00;9338;8992;9274;9197;616
2015.10.06;12:00:00;9298;8980;9068;9277;428
2015.10.06;16:00:00;9090;8953;8953;9068;160
2015.10.06;20:00:00;8983;8900;8955;8953;165
2015.10.07;00:00:00;9553;8993;9516;8994;599
2015.10.07;04:00:00;9527;9051;9095;9519;529
2015.10.07;08:00:00;9150;9055;9145;9090;136
2015.10.07;12:00:00;9228;9133;9200;9138;129
2015.10.07;16:00:00;9741;9061;9558;9061;864
2015.10.07;20:00:00;9579;9104;9205;9557;599
2015.10.08;00:00:00;9225;9185;9193;9208;66
2015.10.08;04:00:00;9210;9185;9190;9195;46
2015.10.08;08:00:00;9362;9166;9219;9238;374
2015.10.08;12:00:00;9805;9167;9778;9217;716
2015.10.08;16:00:00;9788;9698;9763;9773;171
2015.10.08;20:00:00;9778;9710;9710;9763;84
2015.10.09;00:00:00;9768;9597;9717;9730;330
2015.10.09;04:00:00;9757;9568;9648;9714;313
2015.10.09;08:00:00;9655;9595;9635;9650;106
2015.10.09;12:00:00;9635;9523;9523;9635;113
2015.10.09;16:00:00;9637;9522;9576;9553;208
2015.10.09;20:00:00;9750;9547;9675;9579;311
2015.10.12;00:00:00;9683;9578;9625;9673;163
2015.10.12;04:00:00;9650;9600;9650;9628;79
2015.10.12;08:00:00;9737;9574;9618;9644;301
2015.10.12;12:00:00;9654;9423;9480;9617;326
2015.10.12;16:00:00;9615;9475;9608;9480;153
2015.10.12;20:00:00;9628;9600;9600;9608;49
2015.10.13;00:00:00;9682;9254;9283;9604;536
2015.10.13;04:00:00;9454;9207;9360;9282;417
2015.10.13;08:00:00;9370;9315;9325;9360;76
2015.10.13;12:00:00;9340;9298;9308;9325;68
2015.10.13;16:00:00;9504;9351;9427;9359;239
2015.10.13;20:00:00;9473;9306;9363;9428;270
2015.10.14;00:00:00;9505;9360;9498;9368;161
2015.10.14;04:00:00;9505;9475;9480;9498;43
2015.10.14;08:00:00;9496;9299;9332;9463;264
2015.10.14;12:00:00;9832;9257;9728;9334;757
2015.10.14;16:00:00;9833;9723;9820;9728;129
2015.10.14;20:00:00;9825;9780;9783;9823;51
2015.10.15;00:00:00;9747;9554;9702;9745;344
2015.10.15;04:00:00;9764;9499;9545;9703;373
2015.10.15;08:00:00;9578;9530;9545;9538;90
2015.10.15;12:00:00;9573;9538;9565;9543;49
2015.10.15;16:00:00;9658;9512;9599;9589;283
2015.10.15;20:00:00;9659;9455;9465;9596;278
2015.10.16;00:00:00;9465;9400;9443;9465;109
2015.10.16;04:00:00;9458;9398;9405;9443;83
2015.10.16;08:00:00;9571;9378;9557;9434;264
2015.10.16;12:00:00;9690;9543;9668;9558;185
2015.10.16;16:00:00;9725;9640;9660;9668;163
2015.10.16;20:00:00;9663;9643;9643;9660;24
2015.10.19;00:00:00;9787;9611;9742;9644;255
2015.10.19;04:00:00;9871;9515;9555;9743;525
2015.10.19;08:00:00;9613;9533;9570;9555;146
2015.10.19;12:00:00;9580;9535;9555;9575;71
2015.10.19;16:00:00;9677;9472;9484;9602;293
2015.10.19;20:00:00;9574;9467;9543;9486;158
2015.10.20;00:00:00;9570;9518;9525;9543;87
2015.10.20;04:00:00;9583;9520;9580;9523;70
2015.10.20;08:00:00;9583;9427;9471;9553;231
2015.10.20;12:00:00;9534;9405;9418;9472;205
2015.10.20;16:00:00;9465;9395;9465;9418;94
2015.10.20;20:00:00;9480;9440;9478;9465;68
2015.10.21;00:00:00;9533;9334;9359;9503;255
2015.10.21;04:00:00;9468;9339;9453;9361;167
2015.10.21;08:00:00;9483;9438;9438;9450;79
2015.10.21;12:00:00;9453;9435;9445;9443;35
2015.10.21;16:00:00;9337;9181;9297;9325;285
2015.10.21;20:00:00;9368;9236;9280;9296;249
2015.10.22;00:00:00;9293;9190;9203;9283;127
2015.10.22;04:00:00;9210;9183;9190;9203;42
2015.10.22;08:00:00;9204;9012;9032;9183;234
2015.10.22;12:00:00;9190;8999;9178;9026;231
2015.10.22;16:00:00;9228;9135;9188;9175;174
2015.10.22;20:00:00;9190;9175;9180;9185;26
2015.10.23;00:00:00;9356;9174;9323;9203;245
2015.10.23;04:00:00;9347;9186;9288;9324;287
2015.10.23;08:00:00;9295;9220;9228;9288;91
2015.10.23;12:00:00;9270;9205;9270;9228;89
2015.10.23;16:00:00;9937;9599;9684;9850;511
2015.10.23;20:00:00;9688;9486;9608;9686;327
2015.10.25;23:00:00;9670;9598;9663;9610;92
2015.10.26;00:00:00;9678;9643;9655;9665;61
2015.10.26;04:00:00;9728;9581;9664;9667;292
2015.10.26;08:00:00;9684;9558;9650;9666;237
2015.10.26;12:00:00;9685;9628;9648;9650;113
2015.10.26;16:00:00;9663;9593;9615;9650;106
2015.10.26;20:00:00;10012;9649;10004;9655;378
2015.10.27;00:00:00;10059;9901;10010;10002;309
2015.10.27;04:00:00;10013;9960;9963;10010;60
2015.10.27;08:00:00;9978;9960;9960;9965;32
2015.10.27;12:00:00;10002;9842;9868;9983;206
2015.10.27;16:00:00;9903;9765;9808;9869;216
2015.10.27;20:00:00;9858;9800;9843;9805;79
2015.10.28;00:00:00;9855;9833;9848;9845;42
2015.10.28;04:00:00;9927;9762;9867;9816;280
2015.10.28;08:00:00;9879;9697;9780;9869;276
2015.10.28;12:00:00;9793;9725;9745;9775;107
2015.10.28;16:00:00;9788;9750;9785;9750;42
2015.10.28;20:00:00;9979;9782;9964;9788;219
2015.10.29;00:00:00;10058;9917;10023;9968;228
2015.10.29;04:00:00;10088;10018;10045;10018;114
2015.10.29;08:00:00;10123;10038;10123;10043;91
2015.10.29;12:00:00;10124;9999;10024;10090;185
2015.10.29;16:00:00;10170;10002;10133;10023;227
2015.10.29;20:00:00;10178;10123;10170;10130;71
2015.10.30;00:00:00;10205;10170;10175;10170;66
2015.10.30;04:00:00;10169;10037;10134;10164;235
2015.10.30;08:00:00;10133;9969;10058;10133;254
2015.10.30;12:00:00;10065;10045;10048;10053;36
2015.10.30;16:00:00;10058;10043;10050;10050;31
2015.10.30;20:00:00;10071;9983;10017;10062;132
2015.11.02;00:00:00;10171;9964;10155;10016;276
2015.11.02;04:00:00;10175;10138;10140;10155;60
2015.11.02;08:00:00;10138;10130;10133;10138;12
2015.11.02;12:00:00;10199;10082;10187;10124;172
2015.11.02;16:00:00;10249;9817;9955;10186;634
2015.11.02;20:00:00;9985;9950;9983;9958;46
2015.11.03;00:00:00;9985;9943;9945;9985;45
2015.11.03;04:00:00;10107;9972;10052;9987;206
2015.11.03;08:00:00;10122;9974;10098;10049;248
2015.11.03;12:00:00;10230;10098;10225;10100;140
2015.11.03;16:00:00;10233;10213;10220;10223;38
2015.11.03;20:00:00;10218;10076;10097;10218;164
2015.11.04;00:00:00;10515;10062;10468;10096;535
2015.11.04;04:00:00;10480;10375;10418;10463;166
2015.11.04;08:00:00;10458;10405;10428;10418;97
2015.11.04;12:00:00;10358;10246;10266;10355;3472
2015.11.04;16:00:00;10276;10123;10157;10267;3113
2015.11.04;20:00:00;10170;10130;10160;10140;185
2015.11.05;00:00:00;10180;10155;10178;10163;258
2015.11.05;04:00:00;10190;10173;10180;10180;131
2015.11.05;08:00:00;10217;9992;10031;10168;3495
2015.11.05;12:00:00;10219;10004;10173;10029;3178
2015.11.05;16:00:00;10188;10140;10170;10144;350
2015.11.05;20:00:00;10173;10055;10125;10170;311
2015.11.06;00:00:00;10150;10115;10120;10125;161
2015.11.06;04:00:00;10158;10026;10063;10137;3234
2015.11.06;08:00:00;10114;9977;9998;10062;2812
2015.11.06;12:00:00;10028;9975;9995;9988;421
2015.11.06;16:00:00;10053;9990;10050;9993;539
2015.11.06;20:00:00;10050;10025;10035;10043;239
2015.11.09;00:00:00;10077;9962;9984;10048;3643
2015.11.09;04:00:00;10067;9979;9998;9986;3512
2015.11.09;08:00:00;10013;9980;9988;10008;382
2015.11.09;12:00:00;10000;9978;9998;9995;516
2015.11.09;16:00:00;10010;9983;9983;10000;271
2015.11.09;20:00:00;10079;9949;10062;9995;3709
2015.11.10;00:00:00;10132;9994;9997;10061;3450
2015.11.10;04:00:00;10003;9978;9985;10000;279
2015.11.10;08:00:00;10008;9965;9978;9983;783
2015.11.10;12:00:00;9995;9975;9980;9975;80
2015.11.10;16:00:00;10044;9942;9959;9968;3631
2015.11.10;20:00:00;9987;9822;9870;9957;2249
2015.11.11;00:00:00;9940;9868;9925;9870;477
2015.11.11;04:00:00;9933;9915;9915;9925;111
2015.11.11;08:00:00;9984;9912;9932;9972;2940
2015.11.11;12:00:00;9937;9830;9855;9929;1681
2015.11.11;16:00:00;9903;9850;9898;9853;551
2015.11.11;20:00:00;9908;9895;9900;9898;79
2015.11.12;00:00:00;10173;10027;10164;10032;4997
2015.11.12;04:00:00;10380;10167;10358;10167;4032
2015.11.12;08:00:00;10388;10300;10300;10358;848
2015.11.12;12:00:00;10305;10278;10280;10305;101
2015.11.12;16:00:00;10789;10362;10709;10364;6601
2015.11.12;20:00:00;10734;10552;10640;10711;3332
2015.11.13;00:00:00;10643;10573;10620;10640;717
2015.11.13;04:00:00;10640;10615;10633;10620;86
2015.11.13;08:00:00;10769;10547;10737;10597;5512
2015.11.13;12:00:00;10837;10618;10670;10738;3784
2015.11.13;16:00:00;10723;10645;10710;10668;1173
2015.11.13;20:00:00;11148;10954;11089;10999;6354
2015.11.16;00:00:00;11092;10892;10920;11092;3488
2015.11.16;04:00:00;10918;10830;10860;10918;913
2015.11.16;08:00:00;10860;10825;10848;10850;180
2015.11.16;12:00:00;11037;10857;10922;10876;6056
2015.11.16;16:00:00;10947;10777;10830;10924;3256
2015.11.16;20:00:00;10843;10805;10823;10833;847
2015.11.17;00:00:00;10840;10810;10818;10825;287
2015.11.17;04:00:00;10912;10752;10772;10848;5226
2015.11.17;08:00:00;10859;10659;10797;10771;3820
2015.11.17;12:00:00;10898;10808;10890;10825;676
2015.11.17;16:00:00;10893;10823;10823;10888;552
2015.11.17;20:00:00;10873;10810;10850;10825;213
2015.11.18;00:00:00;10899;10632;10647;10843;4851
2015.11.18;04:00:00;10753;10619;10689;10644;3486
2015.11.18;08:00:00;10710;10683;10705;10703;361
2015.11.18;12:00:00;10705;10580;10603;10705;935
2015.11.18;16:00:00;10603;10570;10575;10600;176
2015.11.18;20:00:00;10687;10530;10569;10598;4782
2015.11.19;00:00:00;10624;10504;10551;10567;3577
2015.11.19;04:00:00;10463;10245;10300;10448;1529
2015.11.19;08:00:00;10363;10283;10298;10300;1415
2015.11.19;12:00:00;10340;10290;10315;10295;372
2015.11.19;16:00:00;10471;10263;10399;10308;4842
2015.11.19;20:00:00;10509;10384;10467;10397;3035
2015.11.20;00:00:00;10568;10473;10530;10480;593
2015.11.20;04:00:00;10540;10515;10518;10530;997
2015.11.20;08:00:00;10543;10510;10525;10515;254
2015.11.20;12:00:00;10789;10567;10729;10584;5226
2015.11.20;16:00:00;10742;10449;10499;10732;4050
2015.11.20;20:00:00;10560;10480;10515;10484;574
2015.11.23;00:00:00;10555;10490;10553;10515;840
2015.11.23;04:00:00;10553;10523;10528;10550;110
2015.11.23;08:00:00;10617;10494;10587;10578;5052
2015.11.23;12:00:00;10657;10477;10488;10588;3538
2015.11.23;16:00:00;10513;10480;10513;10484;292
2015.11.23;20:00:00;10538;10505;10535;10513;811
2015.11.24;00:00:00;10553;10535;10553;10538;169
2015.11.24;04:00:00;10614;10508;10537;10584;4166
2015.11.24;08:00:00;10664;10506;10634;10536;3183
2015.11.24;12:00:00;10693;10643;10653;10655;425
2015.11.24;16:00:00;10683;10645;10675;10650;707
2015.11.24;20:00:00;10680;10655;10658;10678;161
2015.11.25;00:00:00;10682;10592;10609;10642;4128
2015.11.25;04:00:00;10677;10574;10654;10607;2966
2015.11.25;08:00:00;10650;10600;10645;10638;393
2015.11.25;12:00:00;10688;10635;10665;10648;577
2015.11.25;16:00:00;10685;10655;10683;10663;208
2015.11.25;20:00:00;10674;10538;10664;10603;3579
2015.11.26;00:00:00;10671;10519;10562;10663;3017
2015.11.26;04:00:00;10563;10515;10528;10520;416
2015.11.26;08:00:00;10575;10510;10558;10530;353
2015.11.26;12:00:00;10565;10535;10535;10560;126
2015.11.26;16:00:00;10583;10364;10411;10528;3442
2015.11.26;20:00:00;10554;10387;10523;10413;3283
2015.11.27;00:00:00;10535;10435;10503;10523;633
2015.11.27;04:00:00;10515;10463;10503;10503;658
2015.11.27;08:00:00;10533;10500;10510;10500;185
2015.11.27;12:00:00;10538;10429;10461;10513;3465
2015.11.27;16:00:00;10564;10459;10540;10459;3097
2015.11.27;20:00:00;10570;10533;10555;10535;255
2015.11.30;00:00:00;10578;10535;10553;10558;375
2015.11.30;04:00:00;10568;10553;10555;10553;89
2015.11.30;08:00:00;10676;10547;10599;10575;3656
2015.11.30;12:00:00;10609;10459;10478;10601;3417
2015.11.30;16:00:00;10518;10475;10495;10475;348
2015.11.30;20:00:00;10513;10490;10508;10493;145
2015.12.01;00:00:00;10510;10485;10490;10510;76
2015.12.01;04:00:00;10534;10296;10304;10505;4169
2015.12.01;08:00:00;10314;9964;9999;10302;4957
2015.12.01;12:00:00;10045;9993;10030;10010;1045
2015.12.01;16:00:00;10038;9985;10008;10033;1346
2015.12.01;20:00:00;10015;9988;9988;10008;70
2015.12.02;00:00:00;10099;9864;9876;10035;4805
2015.12.02;04:00:00;10067;9859;9942;9874;4817
2015.12.02;08:00:00;9943;9898;9933;9933;310
2015.12.02;12:00:00;10018;9933;10018;9935;443
2015.12.02;16:00:00;10028;9995;10000;10020;212
2015.12.02;20:00:00;10057;9962;10019;10008;5330
2015.12.03;00:00:00;10224;9989;10084;10021;4604
2015.12.03;04:00:00;10110;10075;10100;10075;400
2015.12.03;08:00:00;10128;10088;10105;10103;463
2015.12.03;12:00:00;10113;10085;10108;10110;248
2015.12.03;16:00:00;10368;10062;10269;10073;5915
2015.12.03;20:00:00;10589;10254;10571;10271;5619
2015.12.04;00:00:00;10588;10553;10585;10568;564
2015.12.04;04:00:00;10595;10580;10593;10583;437
2015.12.04;08:00:00;10593;10583;10590;10593;119
2015.12.04;12:00:00;10569;10437;10502;10525;5010
2015.12.04;16:00:00;10613;10452;10582;10507;4136
2015.12.04;20:00:00;10615;10578;10595;10579;332
2015.12.07;00:00:00;10593;10505;10543;10593;929
2015.12.07;04:00:00;10548;10478;10513;10538;346
2015.12.07;08:00:00;10503;10312;10327;10488;4671
2015.12.07;12:00:00;10383;10252;10298;10324;4348
2015.12.07;16:00:00;10300;10265;10268;10278;352
2015.12.07;20:00:00;10333;10265;10323;10265;638
2015.12.08;00:00:00;10383;10320;10368;10320;415
2015.12.08;04:00:00;10389;10217;10348;10374;4811
2015.12.08;08:00:00;10354;10247;10297;10353;3681
2015.12.08;12:00:00;10303;10275;10295;10290;205
2015.12.08;16:00:00;10298;10235;10243;10298;433
2015.12.08;20:00:00;10275;10238;10258;10243;195
2015.12.09;00:00:00;10257;10086;10119;10245;4575
2015.12.09;04:00:00;10213;10057;10127;10122;4012
2015.12.09;08:00:00;10133;10075;10080;10118;336
2015.12.09;12:00:00;10123;10023;10105;10078;1204
2015.12.09;16:00:00;10130;10095;10100;10103;549
2015.12.09;20:00:00;10318;10040;10291;10040;3776
2015.12.10;00:00:00;10297;10159;10229;10288;3275
2015.12.10;04:00:00;10238;10160;10178;10225;467
2015.12.10;08:00:00;10233;10160;10200;10175;661
2015.12.10;12:00:00;10208;10108;10115;10200;409
2015.12.10;16:00:00;10399;10141;10256;10173;4708
2015.12.10;20:00:00;10267;10062;10087;10258;3370
2015.12.11;00:00:00;10090;10048;10048;10079;230
2015.12.11;04:00:00;10083;10043;10053;10048;716
2015.12.11;08:00:00;10065;10038;10063;10053;368
2015.12.11;12:00:00;10176;9997;10019;10083;4462
2015.12.11;16:00:00;10177;9984;10094;10018;4130
2015.12.11;20:00:00;10125;10065;10075;10118;501
2015.12.14;00:00:00;10080;9993;10010;10073;1003
2015.12.14;04:00:00;10015;9950;9960;10013;269
2015.12.14;08:00:00;10147;9944;10134;9990;4394
2015.12.14;12:00:00;10417;10047;10382;10136;4349
2015.12.14;16:00:00;10413;10340;10340;10380;578
2015.12.14;20:00:00;10348;10293;10295;10338;1046
2015.12.15;00:00:00;10353;10293;10320;10293;294
2015.12.15;04:00:00;10354;10269;10323;10324;3656
2015.12.15;08:00:00;10334;10194;10201;10321;3076
2015.12.15;12:00:00;10253;10215;10235;10218;454
2015.12.15;16:00:00;10293;10233;10275;10238;417
2015.12.15;20:00:00;10300;10263;10298;10278;244
