DATE;TIME;HIGH;LOW;CLOSE;OPEN;VOLUME
2015.04.27;12:00:00;0;0;0;0;0
2015.04.27;16:00:00;0;0;0;0;0
2015.04.27;20:00:00;0;0;0;0;0
2015.04.28;00:00:00;0;0;0;0;0
2015.04.28;04:00:00;0;0;0;0;0
2015.04.28;08:00:00;0;0;0;0;0
2015.04.28;12:00:00;0;0;0;0;0
2015.04.28;16:00:00;0;0;0;0;0
2015.04.28;20:00:00;0;0;0;0;0
2015.04.29;00:00:00;0;0;0;0;0
2015.04.29;04:00:00;0;0;0;0;0
2015.04.29;08:00:00;0;0;0;0;0
2015.04.29;12:00:00;0;0;0;0;0
2015.04.29;16:00:00;0;0;0;0;0
2015.04.29;20:00:00;0;0;0;0;0
2015.04.30;00:00:00;0;0;0;0;0
2015.04.30;04:00:00;0;0;0;0;0
2015.04.30;08:00:00;0;0;0;0;0
2015.04.30;12:00:00;0;0;0;0;0
2015.04.30;16:00:00;0;0;0;0;0
2015.04.30;20:00:00;0;0;0;0;0
2015.05.01;00:00:00;0;0;0;0;0
2015.05.01;04:00:00;0;0;0;0;0
2015.05.01;08:00:00;0;0;0;0;0
2015.05.01;12:00:00;0;0;0;0;0
2015.05.01;16:00:00;0;0;0;0;0
2015.05.01;20:00:00;0;0;0;0;0
2015.05.04;00:00:00;0;0;0;0;0
2015.05.04;04:00:00;0;0;0;0;0
2015.05.04;08:00:00;0;0;0;0;0
2015.05.04;12:00:00;0;0;0;0;0
2015.05.04;16:00:00;0;0;0;0;0
2015.05.04;20:00:00;0;0;0;0;0
2015.05.05;00:00:00;0;0;0;0;0
2015.05.05;04:00:00;0;0;0;0;0
2015.05.05;08:00:00;0;0;0;0;0
2015.05.05;12:00:00;0;0;0;0;0
2015.05.05;16:00:00;0;0;0;0;0
2015.05.05;20:00:00;0;0;0;0;0
2015.05.06;00:00:00;0;0;0;0;0
2015.05.06;04:00:00;0;0;0;0;0
2015.05.06;08:00:00;0;0;0;0;0
2015.05.06;12:00:00;0;0;0;0;0
2015.05.06;16:00:00;0;0;0;0;0
2015.05.06;20:00:00;0;0;0;0;0
2015.05.07;00:00:00;0;0;0;0;0
2015.05.07;04:00:00;0;0;0;0;0
2015.05.07;08:00:00;0;0;0;0;0
2015.05.07;12:00:00;0;0;0;0;0
2015.05.07;16:00:00;0;0;0;0;0
2015.05.07;20:00:00;0;0;0;0;0
2015.05.08;00:00:00;0;0;0;0;0
2015.05.08;04:00:00;0;0;0;0;0
2015.05.08;08:00:00;0;0;0;0;0
2015.05.08;12:00:00;0;0;0;0;0
2015.05.08;16:00:00;0;0;0;0;0
2015.05.08;20:00:00;0;0;0;0;0
2015.05.11;00:00:00;0;0;0;0;0
2015.05.11;04:00:00;0;0;0;0;0
2015.05.11;08:00:00;0;0;0;0;0
2015.05.11;12:00:00;0;0;0;0;0
2015.05.11;16:00:00;0;0;0;0;0
2015.05.11;20:00:00;0;0;0;0;0
2015.05.12;00:00:00;0;0;0;0;0
2015.05.12;04:00:00;0;0;0;0;0
2015.05.12;08:00:00;0;0;0;0;0
2015.05.12;12:00:00;0;0;0;0;0
2015.05.12;16:00:00;0;0;0;0;0
2015.05.12;20:00:00;0;0;0;0;0
2015.05.13;00:00:00;0;0;0;0;0
2015.05.13;04:00:00;0;0;0;0;0
2015.05.13;08:00:00;0;0;0;0;0
2015.05.13;12:00:00;0;0;0;0;0
2015.05.13;16:00:00;0;0;0;0;0
2015.05.13;20:00:00;0;0;0;0;0
2015.05.14;00:00:00;0;0;0;0;0
2015.05.14;04:00:00;0;0;0;0;0
2015.05.14;08:00:00;0;0;0;0;0
2015.05.14;12:00:00;0;0;0;0;0
2015.05.14;16:00:00;0;0;0;0;0
2015.05.14;20:00:00;0;0;0;0;0
2015.05.15;00:00:00;0;0;0;0;0
2015.05.15;04:00:00;0;0;0;0;0
2015.05.15;08:00:00;0;0;0;0;0
2015.05.15;12:00:00;0;0;0;0;0
2015.05.15;16:00:00;0;0;0;0;0
2015.05.15;20:00:00;0;0;0;0;0
2015.05.18;00:00:00;0;0;0;0;0
2015.05.18;04:00:00;0;0;0;0;0
2015.05.18;08:00:00;0;0;0;0;0
2015.05.18;12:00:00;0;0;0;0;0
2015.05.18;16:00:00;0;0;0;0;0
2015.05.18;20:00:00;0;0;0;0;0
2015.05.19;00:00:00;0;0;0;0;0
2015.05.19;04:00:00;0;0;0;0;0
2015.05.19;08:00:00;0;0;0;0;0
2015.05.19;12:00:00;0;0;0;0;0
2015.05.19;16:00:00;0;0;0;0;0
2015.05.19;20:00:00;0;0;0;0;0
2015.05.20;00:00:00;0;0;0;0;0
2015.05.20;04:00:00;0;0;0;0;0
2015.05.20;08:00:00;0;0;0;0;0
2015.05.20;12:00:00;0;0;0;0;0
2015.05.20;16:00:00;0;0;0;0;0
2015.05.20;20:00:00;0;0;0;0;0
2015.05.21;00:00:00;0;0;0;0;0
2015.05.21;04:00:00;0;0;0;0;0
2015.05.21;08:00:00;0;0;0;0;0
2015.05.21;12:00:00;0;0;0;0;0
2015.05.21;16:00:00;0;0;0;0;0
2015.05.21;20:00:00;0;0;0;0;0
2015.05.22;00:00:00;0;0;0;0;0
2015.05.22;04:00:00;0;0;0;0;0
2015.05.22;08:00:00;0;0;0;0;0
2015.05.22;12:00:00;0;0;0;0;0
2015.05.22;16:00:00;0;0;0;0;0
2015.05.22;20:00:00;0;0;0;0;0
2015.05.25;00:00:00;0;0;0;0;0
2015.05.25;04:00:00;0;0;0;0;0
2015.05.25;08:00:00;0;0;0;0;0
2015.05.25;12:00:00;0;0;0;0;0
2015.05.25;16:00:00;0;0;0;0;0
2015.05.25;20:00:00;0;0;0;0;0
2015.05.26;00:00:00;0;0;0;0;0
2015.05.26;04:00:00;0;0;0;0;0
2015.05.26;08:00:00;0;0;0;0;0
2015.05.26;12:00:00;0;0;0;0;0
2015.05.26;16:00:00;0;0;0;0;0
2015.05.26;20:00:00;0;0;0;0;0
2015.05.27;00:00:00;0;0;0;0;0
2015.05.27;04:00:00;0;0;0;0;0
2015.05.27;08:00:00;0;0;0;0;0
2015.05.27;12:00:00;0;0;0;0;0
2015.05.27;16:00:00;0;0;0;0;0
2015.05.27;20:00:00;0;0;0;0;0
2015.05.28;00:00:00;0;0;0;0;0
2015.05.28;04:00:00;0;0;0;0;0
2015.05.28;08:00:00;0;0;0;0;0
2015.05.28;12:00:00;0;0;0;0;0
2015.05.28;16:00:00;0;0;0;0;0
2015.05.28;20:00:00;0;0;0;0;0
2015.05.29;00:00:00;0;0;0;0;0
2015.05.29;04:00:00;0;0;0;0;0
2015.05.29;08:00:00;0;0;0;0;0
2015.05.29;12:00:00;0;0;0;0;0
2015.05.29;16:00:00;0;0;0;0;0
2015.05.29;20:00:00;0;0;0;0;0
2015.06.01;00:00:00;0;0;0;0;0
2015.06.01;04:00:00;0;0;0;0;0
2015.06.01;08:00:00;0;0;0;0;0
2015.06.01;12:00:00;0;0;0;0;0
2015.06.01;16:00:00;0;0;0;0;0
2015.06.01;20:00:00;0;0;0;0;0
2015.06.02;00:00:00;0;0;0;0;0
2015.06.02;04:00:00;0;0;0;0;0
2015.06.02;08:00:00;0;0;0;0;0
2015.06.02;12:00:00;0;0;0;0;0
2015.06.02;16:00:00;0;0;0;0;0
2015.06.02;20:00:00;0;0;0;0;0
2015.06.03;00:00:00;0;0;0;0;0
2015.06.03;04:00:00;0;0;0;0;0
2015.06.03;08:00:00;0;0;0;0;0
2015.06.03;12:00:00;0;0;0;0;0
2015.06.03;16:00:00;0;0;0;0;0
2015.06.03;20:00:00;0;0;0;0;0
2015.06.04;00:00:00;0;0;0;0;0
2015.06.04;04:00:00;0;0;0;0;0
2015.06.04;08:00:00;0;0;0;0;0
2015.06.04;12:00:00;0;0;0;0;0
2015.06.04;16:00:00;0;0;0;0;0
2015.06.04;20:00:00;0;0;0;0;0
2015.06.05;00:00:00;0;0;0;0;0
2015.06.05;04:00:00;0;0;0;0;0
2015.06.05;08:00:00;0;0;0;0;0
2015.06.05;12:00:00;0;0;0;0;0
2015.06.05;16:00:00;0;0;0;0;0
2015.06.05;20:00:00;0;0;0;0;0
2015.06.08;00:00:00;0;0;0;0;0
2015.06.08;04:00:00;0;0;0;0;0
2015.06.08;08:00:00;0;0;0;0;0
2015.06.08;12:00:00;0;0;0;0;0
2015.06.08;16:00:00;0;0;0;0;0
2015.06.08;20:00:00;0;0;0;0;0
2015.06.09;00:00:00;0;0;0;0;0
2015.06.09;04:00:00;0;0;0;0;0
2015.06.09;08:00:00;0;0;0;0;0
2015.06.09;12:00:00;0;0;0;0;0
2015.06.09;16:00:00;0;0;0;0;0
2015.06.09;20:00:00;0;0;0;0;0
2015.06.10;00:00:00;0;0;0;0;0
2015.06.10;04:00:00;0;0;0;0;0
2015.06.10;08:00:00;0;0;0;0;0
2015.06.10;12:00:00;0;0;0;0;0
2015.06.10;16:00:00;0;0;0;0;0
2015.06.10;20:00:00;0;0;0;0;0
2015.06.11;00:00:00;0;0;0;0;0
2015.06.11;04:00:00;0;0;0;0;0
2015.06.11;08:00:00;0;0;0;0;0
2015.06.11;12:00:00;0;0;0;0;0
2015.06.11;16:00:00;0;0;0;0;0
2015.06.11;20:00:00;0;0;0;0;0
2015.06.12;00:00:00;0;0;0;0;0
2015.06.12;04:00:00;0;0;0;0;0
2015.06.12;08:00:00;0;0;0;0;0
2015.06.12;12:00:00;0;0;0;0;0
2015.06.12;16:00:00;0;0;0;0;0
2015.06.12;20:00:00;0;0;0;0;0
2015.06.15;00:00:00;0;0;0;0;0
2015.06.15;04:00:00;0;0;0;0;0
2015.06.15;08:00:00;0;0;0;0;0
2015.06.15;12:00:00;0;0;0;0;0
2015.06.15;16:00:00;0;0;0;0;0
2015.06.15;20:00:00;0;0;0;0;0
2015.06.16;00:00:00;0;0;0;0;0
2015.06.16;04:00:00;0;0;0;0;0
2015.06.16;08:00:00;0;0;0;0;0
2015.06.16;12:00:00;0;0;0;0;0
2015.06.16;16:00:00;0;0;0;0;0
2015.06.16;20:00:00;0;0;0;0;0
2015.06.17;00:00:00;0;0;0;0;0
2015.06.17;04:00:00;0;0;0;0;0
2015.06.17;08:00:00;0;0;0;0;0
2015.06.17;12:00:00;0;0;0;0;0
2015.06.17;16:00:00;0;0;0;0;0
2015.06.17;20:00:00;0;0;0;0;0
2015.06.18;00:00:00;0;0;0;0;0
2015.06.18;04:00:00;0;0;0;0;0
2015.06.18;08:00:00;0;0;0;0;0
2015.06.18;12:00:00;0;0;0;0;0
2015.06.18;16:00:00;0;0;0;0;0
2015.06.18;20:00:00;0;0;0;0;0
2015.06.19;00:00:00;0;0;0;0;0
2015.06.19;04:00:00;0;0;0;0;0
2015.06.19;08:00:00;0;0;0;0;0
2015.06.19;12:00:00;0;0;0;0;0
2015.06.19;16:00:00;0;0;0;0;0
2015.06.19;20:00:00;0;0;0;0;0
2015.06.22;00:00:00;0;0;0;0;0
2015.06.22;04:00:00;1.807;1.795;1.804;1.8;405
2015.06.22;08:00:00;1.8095;1.767;1.768;1.8045;1385
2015.06.22;12:00:00;1.786;1.767;1.7845;1.7675;513
2015.06.22;16:00:00;1.784;1.772;1.776;1.773;305
2015.06.22;20:00:00;1.784;1.7515;1.753;1.7765;1369
2015.06.23;00:00:00;1.7645;1.746;1.762;1.753;636
2015.06.23;04:00:00;1.765;1.748;1.75;1.7625;439
2015.06.23;08:00:00;1.7555;1.7425;1.744;1.749;898
2015.06.23;12:00:00;1.744;1.732;1.737;1.744;432
2015.06.23;16:00:00;1.7535;1.7365;1.748;1.7365;391
2015.06.23;20:00:00;1.76;1.738;1.7385;1.7475;982
2015.06.24;00:00:00;1.7865;1.7325;1.7865;1.738;806
2015.06.24;04:00:00;1.7835;1.762;1.768;1.772;628
2015.06.24;08:00:00;1.7705;1.7435;1.7495;1.768;1307
2015.06.24;12:00:00;1.791;1.747;1.7685;1.749;732
2015.06.24;16:00:00;1.7735;1.755;1.7705;1.7735;438
2015.06.24;20:00:00;1.784;1.709;1.716;1.7705;1820
2015.06.25;00:00:00;1.725;1.708;1.715;1.7155;586
2015.06.25;04:00:00;1.734;1.7135;1.7155;1.7235;514
2015.06.25;08:00:00;1.731;1.714;1.7235;1.7145;1046
2015.06.25;12:00:00;1.7415;1.721;1.7375;1.724;475
2015.06.25;16:00:00;1.7565;1.7375;1.752;1.74;421
2015.06.25;20:00:00;1.7725;1.7425;1.7455;1.751;1122
2015.06.26;00:00:00;1.7525;1.741;1.744;1.746;428
2015.06.26;04:00:00;1.7595;1.7435;1.7455;1.7435;288
2015.06.26;08:00:00;1.7505;1.7185;1.7215;1.746;1015
2015.06.26;12:00:00;1.724;1.707;1.716;1.721;486
2015.06.26;16:00:00;1.734;1.719;1.722;1.722;337
2015.06.26;20:00:00;1.7235;1.705;1.7055;1.722;1108
2015.06.29;00:00:00;1.712;1.702;1.709;1.7055;475
2015.06.29;04:00:00;1.7145;1.702;1.7025;1.703;236
2015.06.29;08:00:00;1.708;1.6965;1.6985;1.703;531
2015.06.29;12:00:00;1.723;1.677;1.6775;1.7145;617
2015.06.29;16:00:00;1.688;1.674;1.6865;1.6775;306
2015.06.29;20:00:00;1.683;1.674;1.6775;1.6745;313
2015.06.30;00:00:00;1.6795;1.6465;1.647;1.675;781
2015.06.30;04:00:00;1.654;1.643;1.6485;1.6465;457
2015.06.30;08:00:00;1.659;1.6435;1.655;1.6435;452
2015.06.30;12:00:00;1.6595;1.6445;1.6515;1.653;1000
2015.06.30;16:00:00;1.656;1.6415;1.6425;1.651;410
2015.06.30;20:00:00;1.6455;1.6385;1.641;1.6455;190
2015.07.01;00:00:00;1.7085;1.6365;1.6955;1.641;1225
2015.07.01;04:00:00;1.653;1.602;1.6055;1.653;1327
2015.07.01;08:00:00;1.6125;1.5985;1.6025;1.605;461
2015.07.01;12:00:00;1.619;1.598;1.611;1.599;516
2015.07.01;16:00:00;1.674;1.604;1.652;1.61;2243
2015.07.01;20:00:00;1.6815;1.649;1.669;1.6525;804
2015.07.02;00:00:00;1.724;1.6775;1.711;1.6785;900
2015.07.02;04:00:00;1.746;1.7085;1.7285;1.7115;2089
2015.07.02;08:00:00;1.7495;1.7225;1.748;1.729;653
2015.07.02;12:00:00;1.8035;1.748;1.801;1.7565;1077
2015.07.02;16:00:00;1.824;1.738;1.742;1.802;2385
2015.07.02;20:00:00;1.7655;1.7285;1.7585;1.7415;849
2015.07.03;00:00:00;1.7695;1.748;1.749;1.749;730
2015.07.03;04:00:00;1.819;1.7405;1.796;1.7485;2565
2015.07.03;08:00:00;1.8045;1.7535;1.779;1.794;1399
2015.07.03;12:00:00;1.8285;1.7755;1.8065;1.7755;997
2015.07.03;16:00:00;1.834;1.7975;1.8015;1.806;2120
2015.07.03;20:00:00;1.818;1.785;1.818;1.802;872
2015.07.06;00:00:00;1.8445;1.809;1.813;1.809;944
2015.07.06;04:00:00;1.826;1.797;1.8145;1.813;1775
2015.07.06;08:00:00;1.819;1.75;1.7645;1.8145;1074
2015.07.06;12:00:00;1.784;1.7345;1.747;1.768;815
2015.07.06;16:00:00;1.7845;1.7465;1.7795;1.7465;2070
2015.07.06;20:00:00;1.7825;1.7535;1.7765;1.78;1056
2015.07.07;00:00:00;1.8275;1.7725;1.8105;1.7795;1055
2015.07.07;04:00:00;1.842;1.807;1.824;1.8105;1813
2015.07.07;08:00:00;1.836;1.7865;1.7985;1.8235;1106
2015.07.07;12:00:00;1.825;1.798;1.8045;1.798;729
2015.07.07;16:00:00;1.817;1.7705;1.786;1.8045;1703
2015.07.07;20:00:00;1.788;1.7485;1.767;1.786;880
2015.07.08;00:00:00;1.7715;1.7475;1.7555;1.7685;634
2015.07.08;04:00:00;1.7555;1.702;1.714;1.7545;1840
2015.07.08;08:00:00;1.714;1.7005;1.709;1.7125;687
2015.07.08;12:00:00;1.72;1.6705;1.682;1.699;926
2015.07.08;16:00:00;1.682;1.642;1.6435;1.682;1904
2015.07.08;20:00:00;1.6585;1.635;1.6455;1.6435;768
2015.07.09;00:00:00;1.658;1.645;1.6545;1.6565;450
2015.07.09;04:00:00;1.6635;1.625;1.639;1.653;1581
2015.07.09;08:00:00;1.642;1.6065;1.609;1.64;803
2015.07.09;12:00:00;1.6305;1.6105;1.6195;1.6105;591
2015.07.09;16:00:00;1.628;1.599;1.613;1.62;1724
2015.07.09;20:00:00;1.613;1.5935;1.5995;1.612;808
2015.07.10;00:00:00;1.6115;1.5905;1.6035;1.6045;640
2015.07.10;04:00:00;1.615;1.5935;1.5955;1.603;1271
2015.07.10;08:00:00;1.6245;1.5915;1.618;1.595;641
2015.07.10;12:00:00;1.648;1.604;1.621;1.62;691
2015.07.10;16:00:00;1.645;1.6135;1.622;1.6205;1574
2015.07.10;20:00:00;1.637;1.613;1.6175;1.6215;612
2015.07.13;00:00:00;1.6285;1.613;1.6225;1.6225;489
2015.07.13;04:00:00;1.6645;1.6175;1.6645;1.6225;1586
2015.07.13;08:00:00;1.681;1.6635;1.667;1.6635;890
2015.07.13;12:00:00;1.6865;1.6565;1.678;1.6665;723
2015.07.13;16:00:00;1.6945;1.653;1.672;1.6745;1624
2015.07.13;20:00:00;1.686;1.666;1.668;1.673;650
2015.07.14;00:00:00;1.672;1.6385;1.649;1.672;556
2015.07.14;04:00:00;1.6495;1.594;1.609;1.649;1808
2015.07.14;08:00:00;1.6095;1.5835;1.6005;1.6095;823
2015.07.14;12:00:00;1.618;1.5955;1.607;1.597;627
2015.07.14;16:00:00;1.614;1.588;1.597;1.607;1268
2015.07.14;20:00:00;1.617;1.5955;1.615;1.597;600
2015.07.15;00:00:00;1.6325;1.612;1.619;1.619;585
2015.07.15;04:00:00;1.627;1.5935;1.622;1.62;1473
2015.07.15;08:00:00;1.6285;1.6165;1.6235;1.6225;520
2015.07.15;12:00:00;1.6295;1.615;1.6195;1.624;575
2015.07.15;16:00:00;1.62;1.5805;1.605;1.62;1601
2015.07.15;20:00:00;1.6165;1.599;1.608;1.6055;647
2015.07.16;00:00:00;1.643;1.5975;1.6415;1.6115;746
2015.07.16;04:00:00;1.6635;1.6245;1.643;1.642;1702
2015.07.16;08:00:00;1.656;1.6385;1.6405;1.642;600
2015.07.16;12:00:00;1.6585;1.6325;1.643;1.6325;554
2015.07.16;16:00:00;1.6485;1.6325;1.634;1.643;1232
2015.07.16;20:00:00;1.6475;1.6295;1.642;1.6335;579
2015.07.17;00:00:00;1.664;1.647;1.6635;1.6475;593
2015.07.17;04:00:00;1.6915;1.648;1.6645;1.6645;2021
2015.07.17;08:00:00;1.675;1.66;1.6615;1.6645;550
2015.07.17;12:00:00;1.6625;1.638;1.64;1.6585;683
2015.07.17;16:00:00;1.676;1.6345;1.661;1.64;1715
2015.07.17;20:00:00;1.675;1.658;1.6695;1.6615;552
2015.07.20;00:00:00;1.688;1.6485;1.651;1.6635;900
2015.07.20;04:00:00;1.6675;1.602;1.6075;1.651;2009
2015.07.20;08:00:00;1.608;1.584;1.5945;1.6075;970
2015.07.20;12:00:00;1.6065;1.5865;1.5945;1.601;778
2015.07.20;16:00:00;1.6095;1.587;1.6005;1.591;1489
2015.07.20;20:00:00;1.6025;1.5895;1.5945;1.6;489
2015.07.21;00:00:00;1.6135;1.5925;1.607;1.5965;586
2015.07.21;04:00:00;1.644;1.5895;1.6355;1.6065;1961
2015.07.21;08:00:00;1.645;1.6315;1.6355;1.6355;563
2015.07.21;12:00:00;1.6545;1.629;1.6295;1.644;703
2015.07.21;16:00:00;1.646;1.618;1.624;1.627;1360
2015.07.21;20:00:00;1.635;1.619;1.627;1.6245;606
2015.07.22;00:00:00;1.686;1.6615;1.6665;1.665;634
2015.07.22;04:00:00;1.667;1.5735;1.5925;1.6665;2537
2015.07.22;08:00:00;1.599;1.573;1.598;1.593;746
2015.07.22;12:00:00;1.606;1.586;1.586;1.6005;551
2015.07.22;16:00:00;1.601;1.563;1.568;1.587;1863
2015.07.22;20:00:00;1.5715;1.559;1.559;1.5685;660
2015.07.23;00:00:00;1.5705;1.5595;1.561;1.5635;455
2015.07.23;04:00:00;1.5695;1.5315;1.5345;1.5605;1786
2015.07.23;08:00:00;1.537;1.521;1.5245;1.5345;576
2015.07.23;12:00:00;1.5455;1.527;1.5385;1.5295;579
2015.07.23;16:00:00;1.543;1.506;1.521;1.538;1693
2015.07.23;20:00:00;1.529;1.5105;1.528;1.521;599
2015.07.24;00:00:00;1.534;1.5165;1.525;1.5165;484
2015.07.24;04:00:00;1.5285;1.4845;1.4875;1.5245;1542
2015.07.24;08:00:00;1.499;1.4755;1.4755;1.487;677
2015.07.24;12:00:00;1.4875;1.4755;1.4775;1.478;442
2015.07.24;16:00:00;1.4895;1.474;1.4775;1.478;1201
2015.07.24;20:00:00;1.4925;1.4755;1.482;1.477;485
2015.07.27;00:00:00;1.5095;1.4875;1.509;1.4875;650
2015.07.27;04:00:00;1.514;1.432;1.4335;1.508;2218
2015.07.27;08:00:00;1.439;1.42;1.4205;1.433;644
2015.07.27;12:00:00;1.4375;1.424;1.4295;1.432;628
2015.07.27;16:00:00;1.4435;1.4015;1.403;1.43;1890
2015.07.27;20:00:00;1.4125;1.3995;1.4025;1.403;577
2015.07.28;00:00:00;1.4335;1.4075;1.422;1.41;945
2015.07.28;04:00:00;1.4235;1.401;1.413;1.421;1354
2015.07.28;08:00:00;1.4335;1.398;1.404;1.414;851
2015.07.28;12:00:00;1.42;1.4015;1.406;1.4095;530
2015.07.28;16:00:00;1.412;1.3775;1.3815;1.4055;1667
2015.07.28;20:00:00;1.385;1.3765;1.381;1.382;480
2015.07.29;00:00:00;1.388;1.37;1.371;1.385;463
2015.07.29;04:00:00;1.383;1.35;1.357;1.3705;1505
2015.07.29;08:00:00;1.3625;1.285;1.2885;1.3575;1180
2015.07.29;12:00:00;1.334;1.307;1.315;1.3095;973
2015.07.29;16:00:00;1.3345;1.2985;1.324;1.3155;1820
2015.07.29;20:00:00;1.381;1.3225;1.3575;1.324;1233
2015.07.30;00:00:00;1.372;1.35;1.355;1.372;674
2015.07.30;04:00:00;1.3655;1.3295;1.351;1.358;1706
2015.07.30;08:00:00;1.362;1.3405;1.3415;1.352;609
2015.07.30;12:00:00;1.3565;1.3385;1.3505;1.3485;385
2015.07.30;16:00:00;1.376;1.328;1.3565;1.35;1635
2015.07.30;20:00:00;1.397;1.354;1.383;1.354;696
2015.07.31;00:00:00;1.417;1.3405;1.348;1.3815;1518
2015.07.31;04:00:00;1.3625;1.3385;1.348;1.346;676
2015.07.31;08:00:00;1.3485;1.3375;1.3465;1.3485;435
2015.07.31;12:00:00;1.3735;1.344;1.3645;1.3485;289
2015.07.31;16:00:00;1.366;1.334;1.3395;1.353;708
2015.07.31;20:00:00;1.36;1.337;1.349;1.3385;1294
2015.08.03;00:00:00;1.352;1.3445;1.3445;1.3485;140
2015.08.03;04:00:00;1.3485;1.3255;1.3275;1.3445;651
2015.08.03;08:00:00;1.3655;1.3075;1.3165;1.328;1456
2015.08.03;12:00:00;1.321;1.3125;1.3165;1.318;187
2015.08.03;16:00:00;1.336;1.3105;1.32;1.3125;899
2015.08.03;20:00:00;1.342;1.2965;1.329;1.3195;2043
2015.08.04;00:00:00;1.3365;1.316;1.3215;1.3275;215
2015.08.04;04:00:00;1.335;1.303;1.31;1.3225;1095
2015.08.04;08:00:00;1.3145;1.284;1.2945;1.311;2027
2015.08.04;12:00:00;1.301;1.2895;1.301;1.2945;208
2015.08.04;16:00:00;1.3625;1.3015;1.3535;1.3035;1730
2015.08.04;20:00:00;1.393;1.3375;1.3925;1.3535;1804
2015.08.05;00:00:00;1.3935;1.37;1.3755;1.3925;291
2015.08.05;04:00:00;1.3885;1.3575;1.36;1.377;1109
2015.08.05;08:00:00;1.385;1.339;1.385;1.36;1829
2015.08.05;12:00:00;1.3865;1.355;1.3595;1.386;236
2015.08.05;16:00:00;1.3695;1.3495;1.363;1.3595;1156
2015.08.05;20:00:00;1.4105;1.329;1.3965;1.3635;2193
2015.08.06;00:00:00;1.401;1.3935;1.3935;1.3955;169
2015.08.06;04:00:00;1.4605;1.397;1.4485;1.4;1405
2015.08.06;08:00:00;1.457;1.4165;1.424;1.448;2286
2015.08.06;12:00:00;1.443;1.4215;1.4225;1.4235;255
2015.08.06;16:00:00;1.435;1.402;1.41;1.4295;1060
2015.08.06;20:00:00;1.4345;1.409;1.4285;1.4105;1368
2015.08.07;00:00:00;1.4345;1.4205;1.423;1.429;228
2015.08.07;04:00:00;1.4385;1.3905;1.4065;1.4135;1107
2015.08.07;08:00:00;1.421;1.399;1.41;1.4065;1284
2015.08.07;12:00:00;1.417;1.4015;1.4045;1.4095;181
2015.08.07;16:00:00;1.4495;1.4095;1.4095;1.419;1203
2015.08.07;20:00:00;1.411;1.358;1.368;1.41;1902
2015.08.10;00:00:00;1.376;1.3665;1.3725;1.3685;194
2015.08.10;04:00:00;1.39;1.3565;1.389;1.3695;1047
2015.08.10;08:00:00;1.4195;1.378;1.4055;1.389;1840
2015.08.10;12:00:00;1.4045;1.389;1.392;1.4045;201
2015.08.10;16:00:00;1.414;1.38;1.391;1.3945;960
2015.08.10;20:00:00;1.4235;1.3915;1.408;1.3915;1408
2015.08.11;00:00:00;1.4075;1.3965;1.397;1.4075;212
2015.08.11;04:00:00;1.404;1.364;1.365;1.395;784
2015.08.11;08:00:00;1.382;1.362;1.378;1.362;1311
2015.08.11;12:00:00;1.386;1.374;1.375;1.3785;185
2015.08.11;16:00:00;1.385;1.3585;1.3625;1.3795;478
2015.08.11;20:00:00;1.3795;1.325;1.334;1.362;1661
2015.08.12;00:00:00;1.335;1.3145;1.318;1.334;724
2015.08.12;04:00:00;1.3305;1.3155;1.322;1.3265;422
2015.08.12;08:00:00;1.355;1.32;1.334;1.3215;1531
2015.08.12;12:00:00;1.343;1.32;1.323;1.3345;689
2015.08.12;16:00:00;1.3445;1.327;1.3395;1.33;437
2015.08.12;20:00:00;1.3935;1.3365;1.378;1.339;1784
2015.08.13;00:00:00;1.3795;1.329;1.3335;1.378;730
2015.08.13;04:00:00;1.356;1.337;1.3505;1.338;586
2015.08.13;08:00:00;1.402;1.3505;1.4005;1.3505;1754
2015.08.13;12:00:00;1.41;1.389;1.4065;1.4005;958
2015.08.13;16:00:00;1.415;1.4015;1.407;1.4015;166
2015.08.13;20:00:00;1.4695;1.4075;1.465;1.4075;1770
2015.08.14;00:00:00;1.469;1.4505;1.453;1.465;653
2015.08.14;04:00:00;1.4535;1.4315;1.4385;1.449;800
2015.08.14;08:00:00;1.4535;1.4335;1.4405;1.444;1399
2015.08.14;12:00:00;1.441;1.4085;1.416;1.44;657
2015.08.14;16:00:00;1.44;1.412;1.426;1.412;709
2015.08.14;20:00:00;1.438;1.352;1.3545;1.424;2095
2015.08.17;00:00:00;1.36;1.3475;1.3535;1.3545;718
2015.08.17;04:00:00;1.3625;1.346;1.3495;1.36;489
2015.08.17;08:00:00;1.358;1.3325;1.354;1.3495;1566
2015.08.17;12:00:00;1.3745;1.35;1.3605;1.3535;724
2015.08.17;16:00:00;1.3795;1.36;1.3775;1.369;596
2015.08.17;20:00:00;1.3775;1.3345;1.3585;1.3775;1568
2015.08.18;00:00:00;1.36;1.345;1.348;1.359;524
2015.08.18;04:00:00;1.3825;1.3695;1.373;1.3775;437
2015.08.18;08:00:00;1.4005;1.361;1.3925;1.372;1374
2015.08.18;12:00:00;1.3975;1.352;1.361;1.392;604
2015.08.18;16:00:00;1.3665;1.3535;1.3605;1.358;539
2015.08.18;20:00:00;1.3775;1.34;1.349;1.36;1981
2015.08.19;00:00:00;1.3675;1.3475;1.357;1.3485;644
2015.08.19;04:00:00;1.373;1.358;1.363;1.362;576
2015.08.19;08:00:00;1.387;1.351;1.3855;1.363;1767
2015.08.19;12:00:00;1.3895;1.364;1.3685;1.385;722
2015.08.19;16:00:00;1.3875;1.372;1.379;1.378;509
2015.08.19;20:00:00;1.423;1.375;1.408;1.3785;1606
2015.08.20;00:00:00;1.414;1.401;1.4025;1.408;526
2015.08.20;04:00:00;1.4295;1.4035;1.414;1.4055;798
2015.08.20;08:00:00;1.4225;1.392;1.42;1.4135;1615
2015.08.20;12:00:00;1.423;1.404;1.4165;1.42;650
2015.08.20;16:00:00;1.412;1.393;1.397;1.406;451
2015.08.20;20:00:00;1.4195;1.3645;1.4155;1.397;1843
2015.08.21;00:00:00;1.4205;1.399;1.414;1.4155;498
2015.08.21;04:00:00;1.4205;1.403;1.4105;1.415;599
2015.08.21;08:00:00;1.446;1.4015;1.4455;1.4105;1814
2015.08.21;12:00:00;1.449;1.417;1.419;1.4455;767
2015.08.21;16:00:00;1.4385;1.4145;1.432;1.419;505
2015.08.21;20:00:00;1.468;1.4305;1.458;1.432;1716
2015.08.24;00:00:00;1.459;1.427;1.4275;1.4575;692
2015.08.24;04:00:00;1.4365;1.4125;1.4135;1.4265;639
2015.08.24;08:00:00;1.4505;1.4135;1.426;1.4135;1795
2015.08.24;12:00:00;1.44;1.408;1.4115;1.4265;815
2015.08.24;16:00:00;1.424;1.4115;1.4195;1.416;464
2015.08.24;20:00:00;1.436;1.4115;1.419;1.4195;1400
2015.08.25;00:00:00;1.422;1.412;1.414;1.418;525
2015.08.25;04:00:00;1.4175;1.4005;1.413;1.408;456
2015.08.25;08:00:00;1.4165;1.3515;1.3555;1.4135;1866
2015.08.25;12:00:00;1.37;1.3425;1.3685;1.355;746
2015.08.25;16:00:00;1.3745;1.3595;1.365;1.368;433
2015.08.25;20:00:00;1.3805;1.35;1.3755;1.365;1505
2015.08.26;00:00:00;1.3825;1.3695;1.373;1.375;441
2015.08.26;04:00:00;1.3865;1.37;1.3755;1.376;467
2015.08.26;08:00:00;1.3805;1.3525;1.378;1.3755;1340
2015.08.26;12:00:00;1.3895;1.3685;1.3875;1.3785;573
2015.08.26;16:00:00;1.4;1.3855;1.3935;1.3875;440
2015.08.26;20:00:00;1.432;1.3915;1.4085;1.3915;1685
2015.08.27;00:00:00;1.4125;1.358;1.3685;1.4025;923
2015.08.27;04:00:00;1.333;1.3275;1.3285;1.332;158
2015.08.27;08:00:00;1.345;1.323;1.328;1.329;1257
2015.08.27;12:00:00;1.333;1.3125;1.3295;1.328;659
2015.08.27;16:00:00;1.335;1.3205;1.331;1.327;528
2015.08.27;20:00:00;1.3425;1.3215;1.3315;1.3275;1360
2015.08.28;00:00:00;1.334;1.317;1.329;1.3315;573
2015.08.28;04:00:00;1.338;1.3265;1.3325;1.3265;446
2015.08.28;08:00:00;1.3325;1.3135;1.318;1.3315;1251
2015.08.28;12:00:00;1.3185;1.288;1.293;1.318;862
2015.08.28;16:00:00;1.305;1.2935;1.2975;1.3045;599
2015.08.28;20:00:00;1.32;1.2935;1.304;1.296;1393
2015.08.31;00:00:00;1.317;1.3035;1.313;1.3035;490
2015.08.31;04:00:00;1.361;1.312;1.3415;1.3165;968
2015.08.31;08:00:00;1.35;1.317;1.3425;1.341;1539
2015.08.31;12:00:00;1.345;1.323;1.3365;1.343;632
2015.08.31;16:00:00;1.347;1.33;1.3435;1.3345;376
2015.08.31;20:00:00;1.349;1.323;1.332;1.344;1160
2015.09.01;00:00:00;1.3415;1.327;1.3385;1.3325;557
2015.09.01;04:00:00;1.3575;1.3365;1.343;1.341;554
2015.09.01;08:00:00;1.359;1.3295;1.338;1.342;1169
2015.09.01;12:00:00;1.3555;1.333;1.355;1.338;463
2015.09.01;16:00:00;1.359;1.3415;1.344;1.3565;464
2015.09.01;20:00:00;1.3425;1.326;1.3345;1.3425;1114
2015.09.02;00:00:00;1.354;1.3325;1.3535;1.334;532
2015.09.02;04:00:00;1.352;1.3415;1.3455;1.348;443
2015.09.02;08:00:00;1.378;1.335;1.3705;1.346;1663
2015.09.02;12:00:00;1.377;1.3665;1.369;1.371;581
2015.09.02;16:00:00;1.3765;1.363;1.3685;1.3695;548
2015.09.02;20:00:00;1.3875;1.3535;1.3825;1.368;1456
2015.09.03;00:00:00;1.3855;1.3725;1.3845;1.3825;460
2015.09.03;04:00:00;1.387;1.37;1.3785;1.38;464
2015.09.03;08:00:00;1.4205;1.3745;1.42;1.3775;1750
2015.09.03;12:00:00;1.43;1.4155;1.4225;1.4205;817
2015.09.03;16:00:00;1.429;1.413;1.4195;1.419;669
2015.09.03;20:00:00;1.4335;1.3785;1.4005;1.419;1802
2015.09.04;00:00:00;1.4105;1.3905;1.3915;1.401;596
2015.09.04;04:00:00;1.3985;1.383;1.3975;1.3905;399
2015.09.04;08:00:00;1.41;1.352;1.3625;1.396;1677
2015.09.04;12:00:00;1.367;1.3535;1.357;1.363;479
2015.09.04;16:00:00;1.363;1.349;1.3525;1.3565;548
2015.09.04;20:00:00;1.3605;1.2945;1.297;1.3525;2095
2015.09.07;00:00:00;1.2985;1.2755;1.2865;1.2965;824
2015.09.07;04:00:00;1.302;1.2785;1.2895;1.2865;973
2015.09.07;08:00:00;1.2915;1.2815;1.288;1.2895;648
2015.09.07;12:00:00;1.287;1.2595;1.2625;1.287;1323
2015.09.07;16:00:00;1.2695;1.254;1.2675;1.262;714
2015.09.07;20:00:00;1.281;1.266;1.2745;1.281;603
2015.09.08;00:00:00;1.279;1.2375;1.2375;1.2755;1503
2015.09.08;04:00:00;1.2435;1.233;1.2385;1.238;636
2015.09.08;08:00:00;1.252;1.242;1.2505;1.244;557
2015.09.08;12:00:00;1.2625;1.232;1.244;1.25;1688
2015.09.08;16:00:00;1.2475;1.236;1.2375;1.2435;508
2015.09.08;20:00:00;1.2605;1.244;1.251;1.245;608
2015.09.09;00:00:00;1.266;1.2345;1.242;1.2505;1391
2015.09.09;04:00:00;1.251;1.237;1.246;1.241;558
2015.09.09;08:00:00;1.261;1.2505;1.2575;1.252;520
2015.09.09;12:00:00;1.26;1.2445;1.247;1.257;984
2015.09.09;16:00:00;1.2665;1.2425;1.2595;1.2465;594
2015.09.09;20:00:00;1.3085;1.2785;1.291;1.2785;757
2015.09.10;00:00:00;1.3175;1.286;1.3065;1.291;1714
2015.09.10;04:00:00;1.314;1.2835;1.2885;1.306;625
2015.09.10;08:00:00;1.299;1.285;1.2955;1.289;514
2015.09.10;12:00:00;1.335;1.2955;1.3325;1.296;1769
2015.09.10;16:00:00;1.3355;1.317;1.3175;1.3335;588
2015.09.10;20:00:00;1.336;1.316;1.3265;1.3205;559
2015.09.11;00:00:00;1.347;1.3025;1.3335;1.3265;2028
2015.09.11;04:00:00;1.343;1.3275;1.3395;1.335;636
2015.09.11;08:00:00;1.345;1.329;1.3335;1.3375;543
2015.09.11;12:00:00;1.3655;1.329;1.353;1.3315;1606
2015.09.11;16:00:00;1.363;1.3465;1.3485;1.353;569
2015.09.11;20:00:00;1.355;1.3345;1.3425;1.349;497
2015.09.14;00:00:00;1.3535;1.3255;1.3455;1.342;1539
2015.09.14;04:00:00;1.3595;1.3385;1.3395;1.3455;552
2015.09.14;08:00:00;1.352;1.3385;1.3505;1.346;536
2015.09.14;12:00:00;1.3675;1.3405;1.364;1.3495;1361
2015.09.14;16:00:00;1.37;1.355;1.357;1.3635;526
2015.09.14;20:00:00;1.364;1.353;1.3545;1.3595;461
2015.09.15;00:00:00;1.3725;1.332;1.3705;1.355;1657
2015.09.15;04:00:00;1.372;1.357;1.367;1.371;513
2015.09.15;08:00:00;1.379;1.3665;1.372;1.3715;478
2015.09.15;12:00:00;1.3845;1.368;1.376;1.3715;1373
2015.09.15;16:00:00;1.377;1.352;1.3565;1.3765;705
2015.09.15;20:00:00;1.3525;1.335;1.3435;1.346;677
2015.09.16;00:00:00;1.343;1.3085;1.319;1.343;1617
2015.09.16;04:00:00;1.3245;1.3135;1.3145;1.318;514
2015.09.16;08:00:00;1.32;1.303;1.304;1.3165;476
2015.09.16;12:00:00;1.3495;1.3025;1.338;1.303;1606
2015.09.16;16:00:00;1.3395;1.312;1.312;1.3385;525
2015.09.16;20:00:00;1.312;1.292;1.302;1.3035;621
2015.09.17;00:00:00;1.305;1.2735;1.2755;1.3015;1207
2015.09.17;04:00:00;1.279;1.268;1.2715;1.2755;459
2015.09.17;08:00:00;1.294;1.28;1.284;1.282;553
2015.09.17;12:00:00;1.3;1.275;1.2925;1.2845;1388
2015.09.17;16:00:00;1.295;1.2815;1.282;1.293;321
2015.09.17;20:00:00;1.2965;1.2825;1.289;1.2885;531
2015.09.18;00:00:00;1.29;1.2645;1.2695;1.2885;1354
2015.09.18;04:00:00;1.2705;1.261;1.262;1.2695;448
2015.09.18;08:00:00;1.2845;1.2685;1.2795;1.271;595
2015.09.18;12:00:00;1.285;1.262;1.282;1.281;1535
2015.09.18;16:00:00;1.2965;1.276;1.2785;1.282;792
2015.09.18;20:00:00;1.2945;1.279;1.285;1.284;525
2015.09.21;00:00:00;1.292;1.2445;1.245;1.2845;1629
2015.09.21;04:00:00;1.274;1.2445;1.267;1.2445;641
2015.09.21;08:00:00;1.3145;1.267;1.3115;1.2695;572
2015.09.21;12:00:00;1.3215;1.295;1.3155;1.313;1227
2015.09.21;16:00:00;1.3235;1.312;1.314;1.3155;475
2015.09.21;20:00:00;1.337;1.3145;1.3365;1.316;603
2015.09.22;00:00:00;1.344;1.289;1.2895;1.336;1551
2015.09.22;04:00:00;1.2955;1.2835;1.2915;1.289;509
2015.09.22;08:00:00;1.3095;1.298;1.302;1.301;474
2015.09.22;12:00:00;1.346;1.3025;1.3445;1.3025;2085
2015.09.22;16:00:00;1.355;1.3375;1.3395;1.344;723
2015.09.22;20:00:00;1.353;1.3325;1.339;1.3415;628
2015.09.23;00:00:00;1.3475;1.3075;1.3295;1.339;1717
2015.09.23;04:00:00;1.357;1.328;1.3405;1.33;665
2015.09.23;08:00:00;1.363;1.3325;1.3545;1.342;553
2015.09.23;12:00:00;1.374;1.315;1.358;1.3545;1981
2015.09.23;16:00:00;1.36;1.326;1.329;1.358;610
2015.09.23;20:00:00;1.325;1.31;1.32;1.3235;553
2015.09.24;00:00:00;1.3335;1.287;1.3215;1.32;1779
2015.09.24;04:00:00;1.3295;1.3165;1.323;1.321;439
2015.09.24;08:00:00;1.328;1.3215;1.324;1.328;442
2015.09.24;12:00:00;1.324;1.294;1.2965;1.324;1542
2015.09.24;16:00:00;1.3325;1.2965;1.3035;1.2965;827
2015.09.24;20:00:00;1.3145;1.2915;1.313;1.2935;551
2015.09.25;00:00:00;1.3255;1.282;1.2895;1.3135;1617
2015.09.25;04:00:00;1.2945;1.264;1.266;1.29;614
2015.09.25;08:00:00;1.2795;1.2695;1.275;1.271;533
2015.09.25;12:00:00;1.2775;1.2605;1.2685;1.2745;1461
2015.09.25;16:00:00;1.275;1.262;1.2665;1.269;530
2015.09.25;20:00:00;1.2775;1.264;1.273;1.27;478
2015.09.28;00:00:00;1.275;1.248;1.2485;1.272;1404
2015.09.28;04:00:00;1.254;1.247;1.2515;1.248;411
2015.09.28;08:00:00;1.258;1.2485;1.2525;1.2505;453
2015.09.28;12:00:00;1.257;1.2325;1.239;1.253;1197
2015.09.28;16:00:00;1.2575;1.238;1.2385;1.239;736
2015.09.28;20:00:00;1.2475;1.2365;1.245;1.24;492
2015.09.29;00:00:00;1.253;1.235;1.2405;1.245;1324
2015.09.29;04:00:00;1.249;1.239;1.2475;1.2405;427
2015.09.29;08:00:00;1.2615;1.2495;1.2565;1.256;438
2015.09.29;12:00:00;1.27;1.246;1.2485;1.256;1359
2015.09.29;16:00:00;1.2505;1.239;1.2485;1.2485;485
2015.09.29;20:00:00;1.265;1.252;1.2615;1.252;452
2015.09.30;00:00:00;1.267;1.247;1.2515;1.261;1077
2015.09.30;04:00:00;1.2665;1.2505;1.257;1.2515;560
2015.09.30;08:00:00;1.2785;1.2725;1.275;1.274;472
2015.09.30;12:00:00;1.293;1.271;1.2845;1.275;1332
2015.09.30;16:00:00;1.2895;1.2795;1.282;1.284;419
2015.09.30;20:00:00;1.288;1.2795;1.286;1.2815;300
2015.10.01;00:00:00;1.319;1.2865;1.312;1.287;1344
2015.10.01;04:00:00;1.321;1.3105;1.311;1.3125;452
2015.10.01;08:00:00;1.3145;1.303;1.31;1.3035;392
2015.10.01;12:00:00;1.3185;1.2735;1.2925;1.311;1688
2015.10.01;16:00:00;1.2985;1.2885;1.29;1.292;493
2015.10.01;20:00:00;1.289;1.277;1.2785;1.287;440
2015.10.02;00:00:00;1.299;1.271;1.294;1.2795;1404
2015.10.02;04:00:00;1.2955;1.282;1.284;1.294;416
2015.10.02;08:00:00;1.2855;1.2765;1.28;1.283;322
2015.10.02;12:00:00;1.2845;1.27;1.281;1.2805;1013
2015.10.02;16:00:00;1.2905;1.278;1.281;1.2805;467
2015.10.02;20:00:00;1.28;1.2695;1.279;1.2725;388
2015.10.05;00:00:00;1.2975;1.263;1.267;1.279;1566
2015.10.05;04:00:00;1.2735;1.264;1.266;1.2655;418
2015.10.05;08:00:00;1.278;1.2655;1.268;1.266;398
2015.10.05;12:00:00;1.273;1.2555;1.2585;1.268;1163
2015.10.05;16:00:00;1.2655;1.254;1.2605;1.2585;402
2015.10.05;20:00:00;1.2635;1.251;1.2525;1.261;398
2015.10.06;00:00:00;1.275;1.241;1.2625;1.2515;1556
2015.10.06;04:00:00;1.264;1.244;1.2525;1.262;440
2015.10.06;08:00:00;1.2595;1.2495;1.2525;1.252;432
2015.10.06;12:00:00;1.2525;1.2085;1.211;1.2525;1858
2015.10.06;16:00:00;1.2205;1.2075;1.2145;1.211;583
2015.10.06;20:00:00;1.218;1.2075;1.2125;1.218;517
2015.10.07;00:00:00;1.241;1.203;1.2285;1.2115;1701
2015.10.07;04:00:00;1.2285;1.2135;1.2155;1.2285;456
2015.10.07;08:00:00;1.219;1.21;1.2135;1.2175;376
2015.10.07;12:00:00;1.214;1.198;1.2005;1.213;1157
2015.10.07;16:00:00;1.207;1.195;1.1955;1.2;513
2015.10.07;20:00:00;1.209;1.1955;1.2065;1.196;518
2015.10.08;00:00:00;1.2215;1.2025;1.213;1.207;1304
2015.10.08;04:00:00;1.2155;1.196;1.1965;1.2135;497
2015.10.08;08:00:00;1.21;1.2005;1.2085;1.2005;405
2015.10.08;12:00:00;1.2235;1.1975;1.2205;1.209;1399
2015.10.08;16:00:00;1.227;1.213;1.214;1.221;457
2015.10.08;20:00:00;1.249;1.217;1.248;1.2195;611
2015.10.09;00:00:00;1.249;1.2285;1.2435;1.2485;1345
2015.10.09;04:00:00;1.2475;1.2395;1.2465;1.244;453
2015.10.09;08:00:00;1.2565;1.2425;1.2525;1.2465;412
2015.10.09;12:00:00;1.2725;1.246;1.252;1.2525;1709
2015.10.09;16:00:00;1.2555;1.2385;1.2535;1.2525;782
2015.10.09;20:00:00;1.2475;1.2345;1.2355;1.2445;598
2015.10.12;00:00:00;1.246;1.2135;1.2375;1.235;1560
2015.10.12;04:00:00;1.239;1.2275;1.231;1.238;440
2015.10.12;08:00:00;1.245;1.235;1.244;1.2355;311
2015.10.12;12:00:00;1.258;1.2265;1.2465;1.244;1534
2015.10.12;16:00:00;1.2505;1.238;1.2395;1.2465;459
2015.10.12;20:00:00;1.2475;1.2375;1.238;1.2395;386
2015.10.13;00:00:00;1.2605;1.2285;1.249;1.238;1616
2015.10.13;04:00:00;1.2575;1.2465;1.2515;1.2485;449
2015.10.13;08:00:00;1.254;1.247;1.2515;1.251;389
2015.10.13;12:00:00;1.2805;1.2375;1.245;1.251;1856
2015.10.13;16:00:00;1.2475;1.236;1.239;1.245;487
2015.10.13;20:00:00;1.2465;1.2375;1.2435;1.239;313
2015.10.14;00:00:00;1.2845;1.233;1.2745;1.2425;1866
2015.10.14;04:00:00;1.2805;1.2665;1.2665;1.275;510
2015.10.14;08:00:00;1.2795;1.2665;1.2715;1.274;446
2015.10.14;12:00:00;1.329;1.268;1.3285;1.272;2016
2015.10.14;16:00:00;1.335;1.326;1.331;1.3285;732
2015.10.14;20:00:00;1.3605;1.332;1.351;1.332;1038
2015.10.15;00:00:00;1.364;1.3305;1.361;1.3505;2087
2015.10.15;04:00:00;1.3715;1.357;1.3685;1.3605;723
2015.10.15;08:00:00;1.3765;1.3495;1.3525;1.3685;1009
2015.10.15;12:00:00;1.3695;1.348;1.356;1.3525;1816
2015.10.15;16:00:00;1.3575;1.3105;1.318;1.3555;963
2015.10.15;20:00:00;1.3305;1.316;1.319;1.316;560
2015.10.16;00:00:00;1.37;1.318;1.369;1.319;2145
2015.10.16;04:00:00;1.376;1.355;1.363;1.3675;867
2015.10.16;08:00:00;1.3855;1.3615;1.3635;1.371;690
2015.10.16;12:00:00;1.3845;1.359;1.364;1.3635;1706
2015.10.16;16:00:00;1.3735;1.359;1.365;1.3645;563
2015.10.16;20:00:00;1.402;1.3845;1.3845;1.3885;606
2015.10.19;00:00:00;1.4075;1.381;1.398;1.385;1536
2015.10.19;04:00:00;1.3995;1.378;1.378;1.398;442
2015.10.19;08:00:00;1.397;1.3765;1.3945;1.377;619
2015.10.19;12:00:00;1.3945;1.364;1.3765;1.394;1490
2015.10.19;16:00:00;1.3915;1.374;1.389;1.376;501
2015.10.19;20:00:00;1.4035;1.392;1.3935;1.401;499
2015.10.20;00:00:00;1.3935;1.348;1.348;1.3935;1604
2015.10.20;04:00:00;1.3545;1.341;1.344;1.3485;474
2015.10.20;08:00:00;1.351;1.3315;1.341;1.348;570
2015.10.20;12:00:00;1.3495;1.317;1.3395;1.3415;1918
2015.10.20;16:00:00;1.34;1.3195;1.323;1.3395;601
2015.10.20;20:00:00;1.328;1.3155;1.3215;1.3255;427
2015.10.21;00:00:00;1.3245;1.252;1.259;1.3215;1791
2015.10.21;04:00:00;1.2715;1.2555;1.2555;1.259;890
2015.10.21;08:00:00;1.258;1.2205;1.2285;1.258;1182
2015.10.21;12:00:00;1.2515;1.2075;1.2195;1.227;2242
2015.10.21;16:00:00;1.223;1.2065;1.209;1.219;675
2015.10.21;20:00:00;1.239;1.2175;1.2335;1.2225;979
2015.10.22;00:00:00;1.236;1.2045;1.2065;1.232;1795
2015.10.22;04:00:00;1.212;1.2005;1.201;1.2075;462
2015.10.22;08:00:00;1.219;1.199;1.214;1.2025;617
2015.10.22;12:00:00;1.228;1.207;1.2235;1.2145;1490
2015.10.22;16:00:00;1.224;1.211;1.2145;1.2235;532
2015.10.22;20:00:00;1.2445;1.222;1.2395;1.2245;772
2015.10.23;00:00:00;1.2525;1.228;1.2505;1.239;1438
2015.10.23;04:00:00;1.2555;1.2335;1.2345;1.2515;490
2015.10.23;08:00:00;1.25;1.2355;1.2395;1.241;479
2015.10.23;12:00:00;1.251;1.225;1.2305;1.24;1413
2015.10.23;16:00:00;1.2405;1.227;1.235;1.231;501
2015.10.23;20:00:00;1.263;1.245;1.2495;1.254;360
2015.10.25;23:00:00;1.25;1.214;1.2405;1.249;1600
2015.10.26;00:00:00;1.2445;1.2345;1.242;1.241;391
2015.10.26;04:00:00;1.245;1.232;1.234;1.2375;544
2015.10.26;08:00:00;1.234;1.215;1.2255;1.234;1543
2015.10.26;12:00:00;1.2255;1.2025;1.21;1.2245;475
2015.10.26;16:00:00;1.214;1.1995;1.201;1.2075;568
2015.10.26;20:00:00;1.2065;1.1825;1.1835;1.201;1475
2015.10.27;00:00:00;1.194;1.178;1.181;1.1835;578
2015.10.27;04:00:00;1.193;1.179;1.1795;1.186;530
2015.10.27;08:00:00;1.1995;1.175;1.1885;1.1805;1504
2015.10.27;12:00:00;1.1955;1.185;1.1945;1.189;457
2015.10.27;16:00:00;1.2055;1.1905;1.197;1.1905;527
2015.10.27;20:00:00;1.21;1.1845;1.188;1.1965;1030
2015.10.28;00:00:00;1.1985;1.187;1.19;1.1875;424
2015.10.28;04:00:00;1.214;1.185;1.2065;1.1855;680
2015.10.28;08:00:00;1.2075;1.19;1.1965;1.207;976
2015.10.28;12:00:00;1.207;1.1945;1.2025;1.197;369
2015.10.28;16:00:00;1.2205;1.204;1.213;1.2045;564
2015.10.28;20:00:00;1.2125;1.191;1.21;1.2125;1299
2015.10.29;00:00:00;1.212;1.2;1.207;1.2105;413
2015.10.29;04:00:00;1.195;1.1765;1.178;1.195;726
2015.10.29;08:00:00;1.1795;1.159;1.162;1.1775;1466
2015.10.29;12:00:00;1.1665;1.159;1.162;1.1625;420
2015.10.29;16:00:00;1.1735;1.1565;1.1715;1.162;593
2015.10.29;20:00:00;1.177;1.1575;1.162;1.172;1218
2015.10.30;00:00:00;1.164;1.1585;1.161;1.1625;387
2015.10.30;04:00:00;1.181;1.165;1.179;1.1655;494
2015.10.30;08:00:00;1.204;1.1715;1.202;1.1795;1529
2015.10.30;12:00:00;1.208;1.1935;1.1935;1.2015;455
2015.10.30;16:00:00;1.209;1.193;1.194;1.198;528
2015.10.30;20:00:00;1.197;1.174;1.1795;1.1945;1401
2015.11.02;00:00:00;1.1845;1.1795;1.1825;1.18;312
2015.11.02;04:00:00;1.187;1.1705;1.1845;1.1795;568
2015.11.02;08:00:00;1.194;1.1725;1.186;1.184;1194
2015.11.02;12:00:00;1.187;1.1715;1.1725;1.1865;378
2015.11.02;16:00:00;1.1805;1.1685;1.1695;1.1765;471
2015.11.02;20:00:00;1.1835;1.163;1.173;1.169;1274
2015.11.03;00:00:00;1.1875;1.1725;1.177;1.1725;448
2015.11.03;04:00:00;1.199;1.1815;1.191;1.1845;680
2015.11.03;08:00:00;1.194;1.165;1.1855;1.19;1459
2015.11.03;12:00:00;1.187;1.178;1.1785;1.185;387
2015.11.03;16:00:00;1.1855;1.172;1.1735;1.176;484
2015.11.03;20:00:00;1.194;1.1605;1.168;1.1735;1492
2015.11.04;00:00:00;1.1735;1.163;1.1635;1.1685;390
2015.11.04;04:00:00;1.1695;1.161;1.1615;1.1635;509
2015.11.04;08:00:00;1.163;1.1515;1.1565;1.162;1007
2015.11.04;12:00:00;1.1575;1.147;1.1485;1.1565;442
2015.11.04;16:00:00;1.161;1.1495;1.1575;1.153;412
2015.11.04;20:00:00;1.1615;1.144;1.156;1.158;1262
2015.11.05;00:00:00;1.167;1.1525;1.153;1.156;544
2015.11.05;04:00:00;1.1565;1.142;1.1435;1.1535;443
2015.11.05;08:00:00;1.1695;1.1435;1.1655;1.1435;1278
2015.11.05;12:00:00;1.19;1.1655;1.1755;1.166;669
2015.11.05;16:00:00;1.2105;1.195;1.2105;1.1965;874
2015.11.05;20:00:00;1.229;1.2035;1.223;1.21;1810
2015.11.06;00:00:00;1.229;1.22;1.2225;1.223;572
2015.11.06;04:00:00;1.2215;1.2065;1.2095;1.221;568
2015.11.06;08:00:00;1.222;1.1795;1.1895;1.209;1455
2015.11.06;12:00:00;1.1915;1.1825;1.184;1.189;481
2015.11.06;16:00:00;1.195;1.176;1.1905;1.188;670
2015.11.06;20:00:00;1.2135;1.1835;1.2135;1.1895;1337
2015.11.09;00:00:00;1.225;1.203;1.205;1.2135;654
2015.11.09;04:00:00;1.2215;1.207;1.219;1.2075;551
2015.11.09;08:00:00;1.2215;1.185;1.204;1.2195;1455
2015.11.09;12:00:00;1.2205;1.1995;1.2085;1.204;686
2015.11.09;16:00:00;1.2205;1.2035;1.204;1.206;661
2015.11.09;20:00:00;1.206;1.1875;1.2025;1.2035;1406
2015.11.10;00:00:00;1.208;1.1985;1.208;1.202;354
2015.11.10;04:00:00;1.2175;1.205;1.2165;1.208;398
2015.11.10;08:00:00;1.227;1.1905;1.216;1.217;1454
2015.11.10;12:00:00;1.248;1.2145;1.236;1.2165;799
2015.11.10;16:00:00;1.2575;1.2395;1.2535;1.2435;531
2015.11.10;20:00:00;1.2895;1.2495;1.281;1.2535;1708
2015.11.11;00:00:00;1.286;1.265;1.266;1.2805;581
2015.11.11;04:00:00;1.2705;1.258;1.2645;1.267;564
2015.11.11;08:00:00;1.2865;1.2645;1.283;1.2645;1304
2015.11.11;12:00:00;1.286;1.271;1.271;1.2825;531
2015.11.11;16:00:00;1.2855;1.2675;1.2815;1.272;484
2015.11.11;20:00:00;1.2985;1.2415;1.256;1.2815;1989
2015.11.12;00:00:00;1.263;1.243;1.2615;1.2555;648
2015.11.12;04:00:00;1.26;1.2485;1.256;1.2565;611
2015.11.12;08:00:00;1.284;1.2535;1.279;1.2555;1331
2015.11.12;12:00:00;1.284;1.273;1.2785;1.2785;378
2015.11.12;16:00:00;1.318;1.2855;1.3065;1.2855;957
2015.11.12;20:00:00;1.3385;1.3065;1.3295;1.307;1786
2015.11.13;00:00:00;1.334;1.305;1.305;1.33;584
2015.11.13;04:00:00;1.3485;1.3135;1.34;1.3135;921
2015.11.13;08:00:00;1.3715;1.336;1.353;1.3395;2096
2015.11.13;12:00:00;1.356;1.3375;1.344;1.3535;690
2015.11.13;16:00:00;1.3555;1.3325;1.354;1.343;747
2015.11.13;20:00:00;1.367;1.3335;1.345;1.354;2024
2015.11.16;00:00:00;1.3465;1.3275;1.339;1.3455;729
2015.11.16;04:00:00;1.365;1.3425;1.36;1.3425;763
2015.11.16;08:00:00;1.371;1.348;1.3555;1.3605;1763
2015.11.16;12:00:00;1.361;1.335;1.3405;1.3555;624
2015.11.16;16:00:00;1.345;1.319;1.3365;1.3355;1064
2015.11.16;20:00:00;1.3555;1.333;1.344;1.3365;2072
2015.11.17;00:00:00;1.345;1.3235;1.3265;1.3435;562
2015.11.17;04:00:00;1.319;1.3015;1.3035;1.319;833
2015.11.17;08:00:00;1.303;1.2555;1.2565;1.303;1990
2015.11.17;12:00:00;1.269;1.247;1.2475;1.257;596
2015.11.17;16:00:00;1.2585;1.2315;1.2465;1.2575;940
2015.11.17;20:00:00;1.2485;1.235;1.246;1.247;1355
2015.11.18;00:00:00;1.246;1.2315;1.232;1.246;428
2015.11.18;04:00:00;1.2385;1.2305;1.2305;1.2345;579
2015.11.18;08:00:00;1.25;1.229;1.234;1.2305;1187
2015.11.18;12:00:00;1.245;1.2325;1.24;1.2345;420
2015.11.18;16:00:00;1.245;1.228;1.2315;1.2445;745
2015.11.18;20:00:00;1.2315;1.203;1.208;1.231;1415
2015.11.19;00:00:00;1.2105;1.202;1.208;1.208;457
2015.11.19;04:00:00;1.217;1.207;1.2155;1.211;515
2015.11.19;08:00:00;1.2155;1.1955;1.197;1.2155;1336
2015.11.19;12:00:00;1.2015;1.194;1.194;1.1975;410
2015.11.19;16:00:00;1.2035;1.192;1.1925;1.195;559
2015.11.19;20:00:00;1.1955;1.172;1.1805;1.193;1180
2015.11.20;00:00:00;1.1895;1.1785;1.182;1.1815;454
2015.11.20;04:00:00;1.1795;1.1635;1.1635;1.179;656
2015.11.20;08:00:00;1.184;1.1595;1.173;1.1635;1466
2015.11.20;12:00:00;1.172;1.1685;1.1695;1.172;137
2015.11.20;16:00:00;1.1775;1.1645;1.1645;1.1725;748
2015.11.20;20:00:00;1.1805;1.1625;1.1665;1.1645;1513
2015.11.23;00:00:00;1.1715;1.165;1.1695;1.166;153
2015.11.23;04:00:00;1.1835;1.1665;1.178;1.1705;837
2015.11.23;08:00:00;1.1955;1.177;1.1855;1.1775;1157
2015.11.23;12:00:00;1.189;1.185;1.188;1.185;156
2015.11.23;16:00:00;1.1985;1.18;1.18;1.1905;765
2015.11.23;20:00:00;1.194;1.1785;1.19;1.1795;1180
2015.11.24;00:00:00;1.201;1.1885;1.2005;1.1895;159
2015.11.24;04:00:00;1.212;1.195;1.197;1.2095;682
2015.11.24;08:00:00;1.215;1.188;1.2055;1.197;1210
2015.11.24;12:00:00;1.21;1.2025;1.203;1.2055;121
2015.11.24;16:00:00;1.21;1.177;1.194;1.206;538
2015.11.24;20:00:00;1.195;1.1785;1.189;1.1935;1133
2015.11.25;00:00:00;1.19;1.1805;1.1815;1.1895;351
2015.11.25;04:00:00;1.187;1.1745;1.1785;1.1825;573
2015.11.25;08:00:00;1.2125;1.175;1.21;1.179;1570
2015.11.25;12:00:00;1.2115;1.1965;1.2;1.2105;429
2015.11.25;16:00:00;1.209;1.1945;1.205;1.1965;828
2015.11.25;20:00:00;1.2195;1.197;1.206;1.2045;1618
2015.11.26;00:00:00;1.21;1.1995;1.2;1.205;449
2015.11.26;04:00:00;1.202;1.193;1.201;1.199;578
2015.11.26;08:00:00;1.2155;1.184;1.2085;1.201;1544
2015.11.26;12:00:00;1.2095;1.2015;1.2025;1.208;331
2015.11.26;16:00:00;1.208;1.1905;1.1925;1.2025;631
2015.11.26;20:00:00;1.1995;1.166;1.1795;1.192;1683
2015.11.27;00:00:00;1.221;1.211;1.2135;1.211;565
2015.11.27;04:00:00;1.227;1.213;1.2175;1.213;1311
2015.11.27;08:00:00;1.22;1.2015;1.214;1.2185;506
2015.11.27;12:00:00;1.217;1.203;1.2055;1.213;658
2015.11.27;16:00:00;1.211;1.1965;1.2;1.206;1121
2015.11.27;20:00:00;1.2;1.19;1.192;1.2;317
2015.11.30;00:00:00;1.202;1.195;1.198;1.1965;390
2015.11.30;04:00:00;1.205;1.193;1.2;1.1985;857
2015.11.30;08:00:00;1.2015;1.1955;1.197;1.2005;270
2015.11.30;12:00:00;1.201;1.19;1.192;1.1985;377
2015.11.30;16:00:00;1.1945;1.181;1.187;1.1925;1162
2015.11.30;20:00:00;1.189;1.1815;1.1885;1.1875;252
2015.12.01;00:00:00;1.1915;1.1835;1.184;1.1915;578
2015.12.01;04:00:00;1.1895;1.1545;1.156;1.184;1587
2015.12.01;08:00:00;1.157;1.149;1.1545;1.1565;397
2015.12.01;12:00:00;1.1635;1.1565;1.16;1.1605;575
2015.12.01;16:00:00;1.1795;1.1565;1.176;1.1605;1108
2015.12.01;20:00:00;1.1855;1.1745;1.182;1.1755;362
2015.12.02;00:00:00;1.194;1.183;1.1835;1.1845;660
2015.12.02;04:00:00;1.189;1.173;1.178;1.183;1311
2015.12.02;08:00:00;1.1875;1.1765;1.177;1.178;388
2015.12.02;12:00:00;1.1775;1.1575;1.159;1.175;640
2015.12.02;16:00:00;1.182;1.1555;1.1595;1.1585;1362
2015.12.02;20:00:00;1.1655;1.153;1.157;1.16;399
2015.12.03;00:00:00;1.171;1.158;1.162;1.161;812
2015.12.03;04:00:00;1.216;1.159;1.2085;1.1625;2048
2015.12.03;08:00:00;1.2215;1.2085;1.221;1.2085;375
2015.12.03;12:00:00;1.237;1.2195;1.222;1.22;870
2015.12.03;16:00:00;1.2615;1.2205;1.2545;1.222;1738
2015.12.03;20:00:00;1.26;1.2315;1.2335;1.2545;495
2015.12.04;00:00:00;1.241;1.222;1.2235;1.2395;753
2015.12.04;04:00:00;1.2275;1.2055;1.213;1.223;1471
2015.12.04;08:00:00;1.225;1.2115;1.2235;1.2135;357
2015.12.04;12:00:00;1.2305;1.2165;1.22;1.224;595
2015.12.04;16:00:00;1.2505;1.215;1.241;1.2195;1412
2015.12.04;20:00:00;1.246;1.2295;1.2455;1.241;430
2015.12.07;00:00:00;1.2475;1.2255;1.233;1.2445;699
2015.12.07;04:00:00;1.25;1.2305;1.2445;1.2335;1306
2015.12.07;08:00:00;1.254;1.2425;1.253;1.245;465
2015.12.07;12:00:00;1.2495;1.2385;1.2445;1.24;471
2015.12.07;16:00:00;1.253;1.227;1.233;1.245;1316
2015.12.07;20:00:00;1.24;1.23;1.233;1.2325;280
2015.12.08;00:00:00;1.2355;1.213;1.219;1.2295;699
2015.12.08;04:00:00;1.2225;1.178;1.18;1.219;1554
2015.12.08;08:00:00;1.198;1.179;1.1965;1.1805;472
2015.12.08;12:00:00;1.197;1.1845;1.1855;1.196;737
2015.12.08;16:00:00;1.1925;1.1745;1.19;1.185;1372
2015.12.08;20:00:00;1.197;1.1825;1.1955;1.1895;376
2015.12.09;00:00:00;1.2035;1.1895;1.1935;1.1965;515
2015.12.09;04:00:00;1.2065;1.1845;1.198;1.1935;1276
2015.12.09;08:00:00;1.204;1.1935;1.199;1.1975;468
2015.12.09;12:00:00;1.216;1.1875;1.215;1.1935;707
2015.12.09;16:00:00;1.2465;1.2085;1.2405;1.215;1490
2015.12.09;20:00:00;1.25;1.241;1.247;1.241;393
2015.12.10;00:00:00;1.25;1.2315;1.2415;1.246;738
2015.12.10;04:00:00;1.266;1.241;1.2565;1.2415;1739
2015.12.10;08:00:00;1.2685;1.255;1.263;1.257;492
2015.12.10;12:00:00;1.2695;1.2475;1.26;1.2555;964
2015.12.10;16:00:00;1.279;1.254;1.262;1.261;2025
2015.12.10;20:00:00;1.2705;1.253;1.2555;1.2625;617
2015.12.11;00:00:00;1.239;1.2065;1.2375;1.235;867
2015.12.11;04:00:00;1.2655;1.236;1.2615;1.2375;1506
2015.12.11;08:00:00;1.2635;1.2475;1.253;1.262;518
2015.12.11;12:00:00;1.2645;1.246;1.2565;1.246;858
2015.12.11;16:00:00;1.273;1.254;1.2605;1.2565;1434
2015.12.11;20:00:00;1.269;1.259;1.264;1.2605;452
2015.12.14;00:00:00;1.2725;1.2455;1.257;1.2615;714
2015.12.14;04:00:00;1.2655;1.2535;1.2585;1.2575;1164
2015.12.14;08:00:00;1.2635;1.2555;1.2615;1.2585;301
2015.12.14;12:00:00;1.2595;1.234;1.239;1.2585;751
2015.12.14;16:00:00;1.2455;1.205;1.2125;1.239;1541
2015.12.14;20:00:00;1.2185;1.2065;1.2105;1.212;416
2015.12.15;00:00:00;1.2075;1.193;1.195;1.2075;733
2015.12.15;04:00:00;1.201;1.176;1.181;1.1945;1414
2015.12.15;08:00:00;1.206;1.179;1.203;1.1805;530
2015.12.15;12:00:00;1.213;1.199;1.2075;1.2005;718
2015.12.15;16:00:00;1.2075;1.187;1.1885;1.2075;1182
2015.12.15;20:00:00;1.203;1.1865;1.1995;1.1885;316
