DATE;TIME;HIGH;LOW;CLOSE;OPEN;VOLUME
2015.04.27;12:00:00;3.749;3.7415;3.749;3.744;18
2015.04.27;16:00:00;3.754;3.739;3.7415;3.7515;73
2015.04.27;20:00:00;3.7465;3.739;3.744;3.744;15
2015.04.28;00:00:00;3.794;3.744;3.7815;3.749;559
2015.04.28;04:00:00;3.789;3.769;3.784;3.779;181
2015.04.28;08:00:00;3.869;3.8465;3.8615;3.854;32
2015.04.28;12:00:00;3.8715;3.8515;3.8615;3.8565;53
2015.04.28;16:00:00;3.8665;3.8365;3.8365;3.864;35
2015.04.28;20:00:00;3.839;3.834;3.834;3.839;14
2015.04.29;00:00:00;3.8515;3.8115;3.834;3.8315;571
2015.04.29;04:00:00;3.844;3.8315;3.8315;3.8315;112
2015.04.29;08:00:00;3.824;3.809;3.8115;3.824;35
2015.04.29;12:00:00;3.8115;3.8065;3.8065;3.8115;14
2015.04.29;16:00:00;3.809;3.7915;3.799;3.809;124
2015.04.29;20:00:00;3.8015;3.7915;3.799;3.7965;28
2015.04.30;00:00:00;3.7965;3.769;3.779;3.7965;551
2015.04.30;04:00:00;3.7915;3.7815;3.7915;3.7815;62
2015.04.30;08:00:00;3.784;3.769;3.7715;3.784;26
2015.04.30;12:00:00;3.7765;3.7715;3.7715;3.7715;46
2015.04.30;16:00:00;3.784;3.7715;3.7765;3.774;43
2015.04.30;20:00:00;3.774;3.769;3.769;3.774;15
2015.05.01;00:00:00;3.7965;3.749;3.7815;3.7715;598
2015.05.01;04:00:00;3.789;3.769;3.7865;3.779;77
2015.05.01;08:00:00;3.784;3.7715;3.7815;3.784;15
2015.05.01;12:00:00;3.784;3.7715;3.774;3.779;65
2015.05.01;16:00:00;3.7865;3.7715;3.7865;3.7765;93
2015.05.01;20:00:00;3.789;3.7815;3.789;3.784;33
2015.05.04;00:00:00;3.8315;3.7865;3.804;3.7915;331
2015.05.04;04:00:00;3.8065;3.7515;3.7565;3.8015;99
2015.05.04;08:00:00;3.759;3.739;3.7415;3.7565;112
2015.05.04;12:00:00;3.744;3.7315;3.7415;3.739;47
2015.05.04;16:00:00;3.7465;3.734;3.739;3.744;77
2015.05.04;20:00:00;3.7415;3.7365;3.7365;3.7415;6
2015.05.05;00:00:00;3.7365;3.684;3.6915;3.7315;385
2015.05.05;04:00:00;3.6965;3.684;3.6865;3.689;44
2015.05.05;08:00:00;3.6765;3.6615;3.6665;3.6765;17
2015.05.05;12:00:00;3.669;3.664;3.6665;3.664;8
2015.05.05;16:00:00;3.6715;3.6615;3.669;3.664;13
2015.05.05;20:00:00;3.6665;3.6615;3.6615;3.6665;3
2015.05.06;00:00:00;3.684;3.639;3.6465;3.664;429
2015.05.06;04:00:00;3.6465;3.634;3.6365;3.644;75
2015.05.06;08:00:00;3.6315;3.6215;3.6265;3.6315;18
2015.05.06;12:00:00;3.6365;3.6265;3.6365;3.629;14
2015.05.06;16:00:00;3.639;3.624;3.639;3.634;54
2015.05.06;20:00:00;3.6465;3.619;3.6465;3.6365;54
2015.05.07;00:00:00;3.659;3.614;3.654;3.6365;736
2015.05.07;04:00:00;3.659;3.629;3.634;3.6565;111
2015.05.07;08:00:00;3.634;3.6215;3.629;3.6315;32
2015.05.07;12:00:00;3.6315;3.6215;3.624;3.6315;16
2015.05.07;16:00:00;3.6515;3.6215;3.6515;3.6215;75
2015.05.07;20:00:00;3.6665;3.654;3.664;3.654;30
2015.05.08;00:00:00;3.6665;3.639;3.654;3.649;554
2015.05.08;04:00:00;3.6715;3.6515;3.6665;3.6565;68
2015.05.08;08:00:00;3.679;3.664;3.6765;3.664;6
2015.05.08;12:00:00;3.684;3.674;3.679;3.679;23
2015.05.08;16:00:00;3.6865;3.6665;3.6715;3.684;71
2015.05.08;20:00:00;3.679;3.6715;3.6765;3.674;33
2015.05.11;00:00:00;3.684;3.629;3.6365;3.6765;579
2015.05.11;04:00:00;3.6515;3.634;3.6515;3.634;86
2015.05.11;08:00:00;3.6515;3.6415;3.6415;3.649;26
2015.05.11;12:00:00;3.649;3.639;3.649;3.639;6
2015.05.11;16:00:00;3.6465;3.634;3.634;3.6465;35
2015.05.11;20:00:00;3.644;3.634;3.6365;3.6365;16
2015.05.12;00:00:00;3.6515;3.5965;3.604;3.6365;356
2015.05.12;04:00:00;3.624;3.6015;3.619;3.6065;38
2015.05.12;08:00:00;3.6165;3.604;3.614;3.609;54
2015.05.12;12:00:00;3.6165;3.609;3.609;3.614;9
2015.05.12;16:00:00;3.609;3.5965;3.6015;3.6065;38
2015.05.12;20:00:00;3.599;3.5915;3.5965;3.599;25
2015.05.13;00:00:00;3.6215;3.589;3.6015;3.5915;339
2015.05.13;04:00:00;3.619;3.5965;3.599;3.604;59
2015.05.13;08:00:00;3.594;3.584;3.589;3.589;12
2015.05.13;12:00:00;3.5865;3.574;3.574;3.5865;29
2015.05.13;16:00:00;3.5765;3.5615;3.5615;3.5765;21
2015.05.13;20:00:00;3.569;3.559;3.5665;3.559;17
2015.05.14;00:00:00;3.609;3.5465;3.589;3.569;480
2015.05.14;04:00:00;3.6165;3.579;3.6165;3.589;134
2015.05.14;08:00:00;3.6265;3.6165;3.6215;3.6215;10
2015.05.14;12:00:00;3.629;3.624;3.629;3.624;18
2015.05.14;16:00:00;3.634;3.624;3.6315;3.629;37
2015.05.14;20:00:00;3.629;3.6265;3.629;3.629;10
2015.05.15;00:00:00;3.6815;3.619;3.6365;3.6315;913
2015.05.15;04:00:00;3.6565;3.6365;3.649;3.639;109
2015.05.15;08:00:00;3.654;3.6315;3.634;3.654;92
2015.05.15;12:00:00;3.634;3.6215;3.6315;3.6315;33
2015.05.15;16:00:00;3.6415;3.6265;3.634;3.634;38
2015.05.15;20:00:00;3.6365;3.6265;3.6265;3.6315;23
2015.05.18;00:00:00;3.634;3.594;3.599;3.6315;553
2015.05.18;04:00:00;3.6065;3.594;3.599;3.6015;54
2015.05.18;08:00:00;3.599;3.594;3.599;3.5965;38
2015.05.18;12:00:00;3.604;3.599;3.604;3.599;22
2015.05.18;16:00:00;3.6115;3.599;3.609;3.6015;35
2015.05.18;20:00:00;3.614;3.594;3.5965;3.6115;35
2015.05.19;00:00:00;3.624;3.584;3.6065;3.6015;525
2015.05.19;04:00:00;3.6315;3.5965;3.629;3.604;82
2015.05.19;08:00:00;3.629;3.594;3.609;3.6165;88
2015.05.19;12:00:00;3.614;3.604;3.6115;3.6065;19
2015.05.19;16:00:00;3.6315;3.609;3.6115;3.6115;68
2015.05.19;20:00:00;3.614;3.609;3.609;3.609;15
2015.05.20;00:00:00;3.6265;3.589;3.5965;3.6115;315
2015.05.20;04:00:00;3.6015;3.579;3.5915;3.599;85
2015.05.20;08:00:00;3.5815;3.569;3.569;3.5815;35
2015.05.20;12:00:00;3.5815;3.569;3.5815;3.569;22
2015.05.20;16:00:00;3.584;3.569;3.574;3.579;37
2015.05.20;20:00:00;3.5715;3.5615;3.5665;3.5715;6
2015.05.21;00:00:00;3.644;3.564;3.619;3.5665;1248
2015.05.21;04:00:00;3.619;3.594;3.594;3.6165;177
2015.05.21;08:00:00;3.5965;3.5715;3.594;3.5915;50
2015.05.21;12:00:00;3.594;3.5815;3.5865;3.594;25
2015.05.21;16:00:00;3.5965;3.5715;3.5865;3.584;46
2015.05.21;20:00:00;3.599;3.584;3.594;3.589;29
2015.05.22;00:00:00;3.6265;3.5615;3.599;3.594;831
2015.05.22;04:00:00;3.6115;3.594;3.6115;3.6015;76
2015.05.22;08:00:00;3.619;3.604;3.6115;3.6065;8
2015.05.22;12:00:00;3.614;3.6015;3.604;3.614;14
2015.05.22;16:00:00;3.644;3.604;3.6415;3.604;59
2015.05.22;20:00:00;3.659;3.6365;3.6415;3.644;53
2015.05.25;00:00:00;3.6715;3.6215;3.6565;3.644;712
2015.05.25;04:00:00;3.6715;3.6515;3.669;3.654;122
2015.05.25;08:00:00;3.684;3.664;3.6815;3.6665;19
2015.05.25;12:00:00;3.6865;3.6815;3.6865;3.684;8
2015.05.25;16:00:00;3.7015;3.684;3.689;3.6915;69
2015.05.25;20:00:00;3.6865;3.664;3.6665;3.6865;21
2015.05.26;00:00:00;3.674;3.609;3.639;3.664;843
2015.05.26;04:00:00;3.6465;3.624;3.6415;3.6365;77
2015.05.26;08:00:00;3.6515;3.629;3.649;3.639;34
2015.05.26;12:00:00;3.6615;3.649;3.6615;3.6515;45
2015.05.26;16:00:00;3.6765;3.659;3.6715;3.664;24
2015.05.26;20:00:00;3.6815;3.674;3.674;3.674;16
2015.05.27;00:00:00;3.699;3.664;3.6815;3.679;482
2015.05.27;04:00:00;3.689;3.6615;3.669;3.679;90
2015.05.27;08:00:00;3.6715;3.659;3.6615;3.6615;21
2015.05.27;12:00:00;3.664;3.6365;3.6365;3.664;23
2015.05.27;16:00:00;3.639;3.6315;3.634;3.634;47
2015.05.27;20:00:00;3.6315;3.6215;3.624;3.6315;25
2015.05.28;00:00:00;3.6215;3.5915;3.6065;3.619;459
2015.05.28;04:00:00;3.614;3.604;3.6115;3.609;57
2015.05.28;08:00:00;3.6115;3.604;3.604;3.609;40
2015.05.28;12:00:00;3.6065;3.594;3.5965;3.6065;19
2015.05.28;16:00:00;3.599;3.5915;3.599;3.594;10
2015.05.28;20:00:00;3.599;3.5915;3.594;3.5965;9
2015.05.29;00:00:00;3.609;3.574;3.584;3.5965;468
2015.05.29;04:00:00;3.589;3.579;3.584;3.5865;70
2015.05.29;08:00:00;3.614;3.5865;3.6065;3.5865;55
2015.05.29;12:00:00;3.6165;3.604;3.6165;3.604;30
2015.05.29;16:00:00;3.6215;3.6065;3.6115;3.614;54
2015.05.29;20:00:00;3.614;3.599;3.604;3.614;31
2015.06.01;00:00:00;3.6515;3.604;3.6215;3.604;559
2015.06.01;04:00:00;3.6415;3.6215;3.634;3.624;95
2015.06.01;08:00:00;3.6465;3.6265;3.639;3.629;47
2015.06.01;12:00:00;3.6515;3.639;3.6515;3.639;164
2015.06.01;16:00:00;3.664;3.644;3.659;3.649;47
2015.06.01;20:00:00;3.659;3.654;3.654;3.6565;14
2015.06.02;00:00:00;3.654;3.5915;3.5915;3.6515;432
2015.06.02;04:00:00;3.599;3.5865;3.5915;3.594;46
2015.06.02;08:00:00;3.6115;3.594;3.6015;3.599;107
2015.06.02;12:00:00;3.604;3.5915;3.5965;3.604;61
2015.06.02;16:00:00;3.5965;3.579;3.579;3.594;83
2015.06.02;20:00:00;3.5815;3.5665;3.574;3.5815;45
2015.06.03;00:00:00;3.579;3.529;3.534;3.569;589
2015.06.03;04:00:00;3.5415;3.529;3.534;3.5315;45
2015.06.03;08:00:00;3.5515;3.5365;3.549;3.539;91
2015.06.03;12:00:00;3.5515;3.534;3.5365;3.5465;22
2015.06.03;16:00:00;3.539;3.514;3.5165;3.534;67
2015.06.03;20:00:00;3.519;3.5165;3.5165;3.519;16
2015.06.04;00:00:00;3.5365;3.489;3.499;3.519;432
2015.06.04;04:00:00;3.4965;3.4765;3.479;3.4965;102
2015.06.04;08:00:00;3.4915;3.4815;3.4815;3.484;63
2015.06.04;12:00:00;3.5065;3.4815;3.5065;3.4815;40
2015.06.04;16:00:00;3.509;3.499;3.5015;3.509;54
2015.06.04;20:00:00;3.499;3.4915;3.494;3.499;8
2015.06.05;00:00:00;3.5365;3.4715;3.5215;3.4915;600
2015.06.05;04:00:00;3.5265;3.519;3.519;3.519;81
2015.06.05;08:00:00;3.544;3.5165;3.5265;3.5165;90
2015.06.05;12:00:00;3.5315;3.5215;3.5215;3.529;14
2015.06.05;16:00:00;3.554;3.5165;3.549;3.519;71
2015.06.05;20:00:00;3.5515;3.544;3.5465;3.5515;27
2015.06.08;00:00:00;3.5565;3.4915;3.499;3.544;799
2015.06.08;04:00:00;3.5065;3.489;3.504;3.4965;133
2015.06.08;08:00:00;3.494;3.4815;3.484;3.494;40
2015.06.08;12:00:00;3.4965;3.484;3.494;3.4865;40
2015.06.08;16:00:00;3.499;3.4915;3.494;3.4965;18
2015.06.08;20:00:00;3.5015;3.4965;3.4965;3.4965;13
2015.06.09;00:00:00;3.529;3.4715;3.509;3.494;688
2015.06.09;04:00:00;3.5165;3.494;3.5165;3.5065;89
2015.06.09;08:00:00;3.5265;3.5065;3.5265;3.509;47
2015.06.09;12:00:00;3.529;3.5165;3.529;3.524;37
2015.06.09;16:00:00;3.539;3.5265;3.534;3.5315;61
2015.06.09;20:00:00;3.5365;3.5315;3.5365;3.5365;22
2015.06.10;00:00:00;3.579;3.5315;3.574;3.539;584
2015.06.10;04:00:00;3.5815;3.569;3.5765;3.574;110
2015.06.10;08:00:00;3.5865;3.5765;3.5815;3.579;75
2015.06.10;12:00:00;3.5865;3.5815;3.5865;3.5815;18
2015.06.10;16:00:00;3.5865;3.5715;3.5765;3.584;41
2015.06.10;20:00:00;3.574;3.569;3.5715;3.574;16
2015.06.11;00:00:00;3.6265;3.559;3.574;3.569;795
2015.06.11;04:00:00;3.5815;3.559;3.5765;3.5765;100
2015.06.11;08:00:00;3.5765;3.5665;3.5715;3.5715;53
2015.06.11;12:00:00;3.5765;3.554;3.559;3.569;25
2015.06.11;16:00:00;3.574;3.554;3.574;3.5565;47
2015.06.11;20:00:00;3.5765;3.5615;3.564;3.5765;14
2015.06.12;00:00:00;3.6315;3.559;3.619;3.5665;698
2015.06.12;04:00:00;3.6265;3.614;3.619;3.6215;50
2015.06.12;08:00:00;3.624;3.6115;3.6115;3.614;110
2015.06.12;12:00:00;3.6265;3.609;3.609;3.609;38
2015.06.12;16:00:00;3.6365;3.6115;3.6265;3.6115;86
2015.06.12;20:00:00;3.634;3.5915;3.6015;3.624;57
2015.06.15;00:00:00;3.659;3.5865;3.589;3.5965;795
2015.06.15;04:00:00;3.604;3.589;3.5965;3.5915;82
2015.06.15;08:00:00;3.6165;3.594;3.6065;3.594;153
2015.06.15;12:00:00;3.609;3.5965;3.6015;3.609;22
2015.06.15;16:00:00;3.6165;3.599;3.6165;3.599;36
2015.06.15;20:00:00;3.6215;3.6115;3.614;3.619;15
2015.06.16;00:00:00;3.644;3.6115;3.6415;3.6165;580
2015.06.16;04:00:00;3.649;3.629;3.6415;3.6415;160
2015.06.16;08:00:00;3.644;3.6365;3.6415;3.6365;33
2015.06.16;12:00:00;3.6415;3.6315;3.6415;3.639;16
2015.06.16;16:00:00;3.6415;3.624;3.634;3.639;82
2015.06.16;20:00:00;3.6315;3.614;3.6165;3.6315;21
2015.06.17;00:00:00;3.6715;3.619;3.6465;3.619;612
2015.06.17;04:00:00;3.6515;3.624;3.639;3.644;127
2015.06.17;08:00:00;3.6365;3.629;3.6365;3.629;53
2015.06.17;12:00:00;3.644;3.634;3.644;3.634;11
2015.06.17;16:00:00;3.6415;3.6265;3.6365;3.6415;64
2015.06.17;20:00:00;3.649;3.639;3.639;3.639;20
2015.06.18;00:00:00;3.6515;3.5565;3.564;3.6415;1239
2015.06.18;04:00:00;3.5865;3.559;3.559;3.5615;144
2015.06.18;08:00:00;3.5715;3.5615;3.5665;3.5615;57
2015.06.18;12:00:00;3.569;3.564;3.564;3.569;6
2015.06.18;16:00:00;3.574;3.554;3.5615;3.5615;86
2015.06.18;20:00:00;3.564;3.544;3.544;3.559;29
2015.06.19;00:00:00;3.5865;3.534;3.5415;3.5465;533
2015.06.19;04:00:00;3.554;3.5365;3.554;3.539;63
2015.06.19;08:00:00;3.549;3.5365;3.5365;3.5465;54
2015.06.19;12:00:00;3.539;3.5315;3.5315;3.534;26
2015.06.19;16:00:00;3.544;3.5265;3.5415;3.529;27
2015.06.19;20:00:00;3.544;3.5365;3.539;3.544;14
2015.06.22;00:00:00;3.5565;3.5215;3.5265;3.5415;612
2015.06.22;04:00:00;3.529;3.5115;3.519;3.529;97
2015.06.22;08:00:00;3.519;3.504;3.5065;3.5165;67
2015.06.22;12:00:00;3.509;3.504;3.5065;3.509;10
2015.06.22;16:00:00;3.5065;3.4915;3.494;3.504;39
2015.06.22;20:00:00;3.499;3.494;3.4965;3.4965;22
2015.06.23;00:00:00;3.4965;3.4565;3.4615;3.4965;532
2015.06.23;04:00:00;3.474;3.4615;3.4715;3.464;125
2015.06.23;08:00:00;3.5365;3.519;3.5365;3.5215;94
2015.06.23;12:00:00;3.5515;3.534;3.549;3.539;44
2015.06.23;16:00:00;3.554;3.539;3.5415;3.5515;87
2015.06.23;20:00:00;3.5415;3.534;3.5415;3.539;60
2015.06.24;00:00:00;3.564;3.509;3.5515;3.544;794
2015.06.24;04:00:00;3.5865;3.5515;3.5815;3.554;139
2015.06.24;08:00:00;3.614;3.5865;3.609;3.5865;204
2015.06.24;12:00:00;3.619;3.6065;3.6165;3.6065;202
2015.06.24;16:00:00;3.634;3.6115;3.6265;3.614;221
2015.06.24;20:00:00;3.6265;3.6115;3.6115;3.624;115
2015.06.25;00:00:00;3.6565;3.6065;3.619;3.609;714
2015.06.25;04:00:00;3.6415;3.614;3.6415;3.619;97
2015.06.25;08:00:00;3.6365;3.6215;3.6265;3.6365;288
2015.06.25;12:00:00;3.6315;3.6115;3.6165;3.629;77
2015.06.25;16:00:00;3.644;3.6165;3.629;3.6165;246
2015.06.25;20:00:00;3.639;3.6265;3.6365;3.629;142
2015.06.26;00:00:00;3.6565;3.6265;3.6415;3.629;717
2015.06.26;04:00:00;3.6515;3.6215;3.624;3.644;237
2015.06.26;08:00:00;3.6215;3.6015;3.6065;3.6215;258
2015.06.26;12:00:00;3.609;3.6015;3.604;3.604;32
2015.06.26;16:00:00;3.609;3.589;3.5915;3.604;488
2015.06.26;20:00:00;3.594;3.5865;3.589;3.594;31
2015.06.29;00:00:00;3.5915;3.559;3.5815;3.589;739
2015.06.29;04:00:00;3.5915;3.5715;3.574;3.579;98
2015.06.29;08:00:00;3.559;3.5465;3.549;3.5565;212
2015.06.29;12:00:00;3.5565;3.544;3.554;3.5515;49
2015.06.29;16:00:00;3.5565;3.5515;3.554;3.5565;74
2015.06.29;20:00:00;3.579;3.554;3.5765;3.554;87
2015.06.30;00:00:00;3.6215;3.544;3.609;3.589;663
2015.06.30;04:00:00;3.634;3.6065;3.634;3.6115;120
2015.06.30;08:00:00;3.6865;3.6365;3.674;3.6365;398
2015.06.30;12:00:00;3.6765;3.669;3.6715;3.6715;86
2015.06.30;16:00:00;3.6715;3.644;3.6515;3.6715;222
2015.06.30;20:00:00;3.6515;3.639;3.644;3.649;138
2015.07.01;00:00:00;3.719;3.6415;3.694;3.6465;1207
2015.07.01;04:00:00;3.714;3.694;3.709;3.6965;183
2015.07.01;08:00:00;3.704;3.6765;3.6815;3.7015;102
2015.07.01;12:00:00;3.6915;3.6815;3.6865;3.6815;98
2015.07.01;16:00:00;3.699;3.6715;3.674;3.689;128
2015.07.01;20:00:00;3.6865;3.6765;3.6815;3.6765;27
2015.07.02;00:00:00;3.7465;3.679;3.7415;3.684;1222
2015.07.02;04:00:00;3.744;3.6965;3.699;3.7415;215
2015.07.02;08:00:00;3.704;3.6815;3.6915;3.6965;136
2015.07.02;12:00:00;3.699;3.679;3.679;3.694;73
2015.07.02;16:00:00;3.7115;3.674;3.709;3.6765;222
2015.07.02;20:00:00;3.7265;3.7065;3.7265;3.709;141
2015.07.03;00:00:00;3.8165;3.7215;3.8015;3.7215;1155
2015.07.03;04:00:00;3.819;3.7815;3.819;3.8015;216
2015.07.03;08:00:00;3.8265;3.809;3.824;3.809;165
2015.07.03;12:00:00;3.829;3.8165;3.829;3.824;88
2015.07.03;16:00:00;3.8915;3.8315;3.8865;3.8315;292
2015.07.03;20:00:00;3.9315;3.884;3.9265;3.884;334
2015.07.06;00:00:00;3.9565;3.854;3.9015;3.924;2138
2015.07.06;04:00:00;3.9165;3.899;3.9065;3.904;225
2015.07.06;08:00:00;3.9565;3.8915;3.949;3.8915;323
2015.07.06;12:00:00;3.9465;3.929;3.934;3.9465;117
2015.07.06;16:00:00;3.974;3.9215;3.974;3.9315;279
2015.07.06;20:00:00;3.9815;3.9665;3.9715;3.9765;127
2015.07.07;00:00:00;3.9765;3.904;3.924;3.969;1574
2015.07.07;04:00:00;3.929;3.894;3.9065;3.924;187
2015.07.07;08:00:00;3.9415;3.9015;3.929;3.904;227
2015.07.07;12:00:00;3.934;3.904;3.909;3.9315;99
2015.07.07;16:00:00;3.954;3.909;3.9315;3.9115;338
2015.07.07;20:00:00;3.9315;3.904;3.904;3.929;103
2015.07.08;00:00:00;4.134;3.894;4.1015;3.904;3530
2015.07.08;04:00:00;4.209;4.0965;4.209;4.099;417
2015.07.08;08:00:00;4.209;4.1865;4.2015;4.2015;267
2015.07.08;12:00:00;4.234;4.199;4.234;4.199;77
2015.07.08;16:00:00;4.2515;4.189;4.1965;4.2315;306
2015.07.08;20:00:00;4.199;4.149;4.159;4.1965;193
2015.07.09;00:00:00;4.229;4.1065;4.1365;4.1565;1530
2015.07.09;04:00:00;4.2265;4.1315;4.224;4.1365;238
2015.07.09;08:00:00;4.2315;4.2015;4.229;4.2065;213
2015.07.09;12:00:00;4.2465;4.2265;4.2465;4.234;116
2015.07.09;16:00:00;4.249;4.174;4.214;4.249;417
2015.07.09;20:00:00;4.219;4.184;4.189;4.214;155
2015.07.10;00:00:00;4.294;4.1815;4.279;4.194;1189
2015.07.10;04:00:00;4.2665;4.214;4.214;4.244;340
2015.07.10;08:00:00;4.224;4.189;4.204;4.2115;192
2015.07.10;12:00:00;4.209;4.179;4.1815;4.2065;182
2015.07.10;16:00:00;4.189;4.1565;4.179;4.1765;146
2015.07.10;20:00:00;4.2665;4.1815;4.254;4.1815;1518
2015.07.13;00:00:00;4.264;4.2415;4.264;4.2565;243
2015.07.13;04:00:00;4.2165;4.1865;4.2165;4.1915;419
2015.07.13;08:00:00;4.219;4.189;4.1965;4.214;181
2015.07.13;12:00:00;4.224;4.1915;4.199;4.194;384
2015.07.13;16:00:00;4.199;4.179;4.184;4.1965;151
2015.07.13;20:00:00;4.224;4.139;4.2215;4.184;1483
2015.07.14;00:00:00;4.2315;4.199;4.224;4.224;194
2015.07.14;04:00:00;4.239;4.209;4.2115;4.214;227
2015.07.14;08:00:00;4.2165;4.184;4.189;4.2115;95
2015.07.14;12:00:00;4.2115;4.174;4.209;4.1865;332
2015.07.14;16:00:00;4.2215;4.2065;4.209;4.209;167
2015.07.14;20:00:00;4.2765;4.2115;4.239;4.214;922
2015.07.15;00:00:00;4.2415;4.2215;4.2365;4.2415;129
2015.07.15;04:00:00;4.2565;4.229;4.254;4.2315;277
2015.07.15;08:00:00;4.274;4.2465;4.2665;4.2565;230
2015.07.15;12:00:00;4.274;4.2465;4.2615;4.269;310
2015.07.15;16:00:00;4.274;4.2565;4.269;4.264;132
2015.07.15;20:00:00;4.3165;4.2515;4.2965;4.264;1020
2015.07.16;00:00:00;4.3065;4.2665;4.2665;4.299;116
2015.07.16;04:00:00;4.2715;4.259;4.264;4.269;133
2015.07.16;08:00:00;4.2765;4.2615;4.2715;4.2665;50
2015.07.16;12:00:00;4.304;4.259;4.2965;4.269;149
2015.07.16;16:00:00;4.3115;4.2965;4.3115;4.299;67
2015.07.16;20:00:00;4.379;4.2315;4.3515;4.309;2107
2015.07.17;00:00:00;4.354;4.329;4.329;4.349;244
2015.07.17;04:00:00;4.3615;4.314;4.3365;4.334;531
2015.07.17;08:00:00;4.3465;4.319;4.3415;4.339;163
2015.07.17;12:00:00;4.3565;4.339;4.3515;4.339;226
2015.07.17;16:00:00;4.3515;4.3215;4.324;4.349;160
2015.07.17;20:00:00;4.394;4.299;4.394;4.319;595
2015.07.20;00:00:00;4.4065;4.379;4.399;4.394;130
2015.07.20;04:00:00;4.419;4.3865;4.409;4.389;307
2015.07.20;08:00:00;4.419;4.409;4.409;4.4115;232
2015.07.20;12:00:00;4.414;4.3615;4.364;4.4115;314
2015.07.20;16:00:00;4.3815;4.364;4.374;4.364;90
2015.07.20;20:00:00;4.374;4.289;4.294;4.374;1084
2015.07.21;00:00:00;4.3165;4.2615;4.2665;4.2915;162
2015.07.21;04:00:00;4.289;4.249;4.2665;4.2565;296
2015.07.21;08:00:00;4.2665;4.254;4.2565;4.264;122
2015.07.21;12:00:00;4.289;4.234;4.2415;4.254;397
2015.07.21;16:00:00;4.249;4.234;4.239;4.239;167
2015.07.21;20:00:00;4.3065;4.2015;4.279;4.2415;1525
2015.07.22;00:00:00;4.2915;4.259;4.2865;4.2765;169
2015.07.22;04:00:00;4.324;4.289;4.3165;4.2915;238
2015.07.22;08:00:00;4.319;4.2915;4.294;4.319;46
2015.07.22;12:00:00;4.3265;4.2815;4.3265;4.2965;233
2015.07.22;16:00:00;4.3565;4.329;4.349;4.329;119
2015.07.22;20:00:00;4.374;4.2815;4.319;4.3515;974
2015.07.23;00:00:00;4.319;4.284;4.284;4.314;122
2015.07.23;04:00:00;4.2765;4.2365;4.2415;4.264;307
2015.07.23;08:00:00;4.274;4.234;4.259;4.239;211
2015.07.23;12:00:00;4.284;4.2565;4.2615;4.2615;224
2015.07.23;16:00:00;4.259;4.2315;4.234;4.259;108
2015.07.23;20:00:00;4.239;4.174;4.209;4.2315;1097
2015.07.24;00:00:00;4.2115;4.1865;4.194;4.2065;208
2015.07.24;04:00:00;4.159;4.099;4.129;4.149;599
2015.07.24;08:00:00;4.1415;4.1215;4.139;4.129;198
2015.07.24;12:00:00;4.144;4.1215;4.144;4.1365;224
2015.07.24;16:00:00;4.1465;4.094;4.1015;4.1415;129
2015.07.24;20:00:00;4.1365;4.089;4.099;4.109;739
2015.07.27;00:00:00;4.1015;4.034;4.044;4.1015;307
2015.07.27;04:00:00;4.0515;4.029;4.0315;4.0515;276
2015.07.27;08:00:00;4.0565;4.0315;4.0515;4.0315;169
2015.07.27;12:00:00;4.064;4.0265;4.044;4.054;295
2015.07.27;16:00:00;4.044;4.019;4.019;4.0415;62
2015.07.27;20:00:00;4.0915;4.014;4.0665;4.0215;815
2015.07.28;00:00:00;4.0715;4.049;4.0515;4.064;82
2015.07.28;04:00:00;4.059;4.0315;4.0465;4.059;296
2015.07.28;08:00:00;4.049;4.0165;4.0165;4.0465;115
2015.07.28;12:00:00;4.0165;3.9865;3.994;4.014;241
2015.07.28;16:00:00;4.0015;3.994;3.994;3.9965;58
2015.07.28;20:00:00;4.059;3.9865;4.0215;3.9965;825
2015.07.29;00:00:00;4.0265;4.009;4.0165;4.019;144
2015.07.29;04:00:00;4.024;4.0065;4.0115;4.0215;143
2015.07.29;08:00:00;4.0215;3.999;4.0165;4.009;262
2015.07.29;12:00:00;4.039;4.014;4.0265;4.019;205
2015.07.29;16:00:00;4.0365;4.019;4.019;4.024;162
2015.07.29;20:00:00;4.0315;3.9715;3.9765;4.019;976
2015.07.30;00:00:00;4.0265;3.974;4.0265;3.979;177
2015.07.30;04:00:00;4.0215;3.9865;3.9965;4.0215;248
2015.07.30;08:00:00;4.014;3.994;4.0015;3.9965;119
2015.07.30;12:00:00;4.004;3.979;3.979;4.0015;121
2015.07.30;16:00:00;3.9815;3.974;3.9765;3.9815;110
2015.07.30;20:00:00;3.9765;3.9115;3.9315;3.9765;766
2015.07.31;00:00:00;3.944;3.909;3.909;3.929;110
2015.07.31;04:00:00;3.8765;3.794;3.7965;3.8765;640
2015.07.31;08:00:00;3.814;3.789;3.8015;3.794;207
2015.07.31;12:00:00;3.8215;3.794;3.8015;3.799;315
2015.07.31;16:00:00;3.809;3.7965;3.8065;3.8015;99
2015.07.31;20:00:00;3.824;3.7165;3.7315;3.804;1018
2015.08.03;00:00:00;3.759;3.714;3.724;3.729;193
2015.08.03;04:00:00;3.734;3.7015;3.714;3.7265;249
2015.08.03;08:00:00;3.734;3.709;3.7215;3.714;183
2015.08.03;12:00:00;3.7365;3.704;3.724;3.724;252
2015.08.03;16:00:00;3.7365;3.7215;3.7365;3.7265;77
2015.08.03;20:00:00;3.744;3.689;3.689;3.734;667
2015.08.04;00:00:00;3.7415;3.689;3.7365;3.6915;114
2015.08.04;04:00:00;3.764;3.7065;3.7065;3.7615;194
2015.08.04;08:00:00;3.709;3.679;3.684;3.7065;94
2015.08.04;12:00:00;3.7015;3.684;3.6865;3.684;163
2015.08.04;16:00:00;3.689;3.684;3.689;3.684;12
2015.08.04;20:00:00;3.729;3.669;3.6815;3.6915;775
2015.08.05;00:00:00;3.684;3.664;3.664;3.679;95
2015.08.05;04:00:00;3.674;3.659;3.659;3.669;114
2015.08.05;08:00:00;3.6815;3.659;3.679;3.6615;98
2015.08.05;12:00:00;3.7015;3.6715;3.694;3.6765;230
2015.08.05;16:00:00;3.7115;3.6915;3.699;3.6965;102
2015.08.05;20:00:00;3.724;3.6465;3.704;3.6965;671
2015.08.06;00:00:00;3.724;3.699;3.7215;3.7015;68
2015.08.06;04:00:00;3.759;3.724;3.7515;3.7315;232
2015.08.06;08:00:00;3.754;3.739;3.744;3.7515;115
2015.08.06;12:00:00;3.7615;3.734;3.744;3.744;175
2015.08.06;16:00:00;3.7465;3.734;3.739;3.7415;65
2015.08.06;20:00:00;3.749;3.6815;3.7065;3.734;626
2015.08.07;00:00:00;3.744;3.6915;3.6965;3.709;176
2015.08.07;04:00:00;3.6915;3.6615;3.6615;3.689;312
2015.08.07;08:00:00;3.664;3.649;3.6515;3.664;33
2015.08.07;12:00:00;3.6565;3.6415;3.6415;3.649;153
2015.08.07;16:00:00;3.6465;3.6415;3.6465;3.6415;76
2015.08.07;20:00:00;3.6915;3.639;3.684;3.6465;450
2015.08.10;00:00:00;3.6865;3.649;3.6565;3.6815;150
2015.08.10;04:00:00;3.679;3.6615;3.669;3.6665;124
2015.08.10;08:00:00;3.7065;3.669;3.699;3.6715;137
2015.08.10;12:00:00;3.7165;3.689;3.6915;3.7015;313
2015.08.10;16:00:00;3.6965;3.6865;3.689;3.694;35
2015.08.10;20:00:00;3.7065;3.6615;3.6715;3.6865;493
2015.08.11;00:00:00;3.679;3.6565;3.6765;3.674;151
2015.08.11;04:00:00;3.6865;3.664;3.684;3.674;152
2015.08.11;08:00:00;3.6865;3.6765;3.6765;3.6815;123
2015.08.11;12:00:00;3.6765;3.664;3.674;3.674;79
2015.08.11;16:00:00;3.6865;3.6715;3.684;3.6715;84
2015.08.11;20:00:00;3.7265;3.6865;3.6965;3.6865;804
2015.08.12;00:00:00;3.724;3.6965;3.719;3.699;77
2015.08.12;04:00:00;3.7115;3.694;3.704;3.7115;186
2015.08.12;08:00:00;3.714;3.699;3.7115;3.7015;169
2015.08.12;12:00:00;3.7365;3.709;3.734;3.714;247
2015.08.12;16:00:00;3.7365;3.709;3.724;3.7365;170
2015.08.12;20:00:00;3.719;3.689;3.7165;3.719;352
2015.08.13;00:00:00;3.714;3.6815;3.6865;3.714;123
2015.08.13;04:00:00;3.6865;3.659;3.6615;3.684;195
2015.08.13;08:00:00;3.6765;3.654;3.6665;3.659;256
2015.08.13;12:00:00;3.6965;3.6665;3.6965;3.6665;216
2015.08.13;16:00:00;3.694;3.684;3.6865;3.694;72
2015.08.13;20:00:00;3.7365;3.684;3.729;3.689;762
2015.08.14;00:00:00;3.729;3.7065;3.719;3.7265;130
2015.08.14;04:00:00;3.7565;3.724;3.749;3.729;268
2015.08.14;08:00:00;3.7765;3.749;3.7715;3.7515;78
2015.08.14;12:00:00;3.7815;3.7515;3.7565;3.774;152
2015.08.14;16:00:00;3.7665;3.7515;3.759;3.754;105
2015.08.14;20:00:00;3.8915;3.764;3.8665;3.764;1078
2015.08.17;00:00:00;3.9015;3.854;3.899;3.869;185
2015.08.17;04:00:00;3.8715;3.824;3.8315;3.8715;212
2015.08.17;08:00:00;3.854;3.8315;3.8465;3.8315;324
2015.08.17;12:00:00;3.854;3.8115;3.824;3.849;323
2015.08.17;16:00:00;3.8315;3.814;3.824;3.8215;111
2015.08.17;20:00:00;3.829;3.7565;3.774;3.824;1106
2015.08.18;00:00:00;3.794;3.749;3.7565;3.7715;218
2015.08.18;04:00:00;3.7765;3.729;3.7415;3.759;375
2015.08.18;08:00:00;3.7415;3.729;3.7315;3.7365;155
2015.08.18;12:00:00;3.7815;3.729;3.769;3.7315;314
2015.08.18;16:00:00;3.7765;3.759;3.7615;3.7665;123
2015.08.18;20:00:00;3.8165;3.449;3.5415;3.779;2846
2015.08.19;00:00:00;3.579;3.5415;3.5665;3.544;262
2015.08.19;04:00:00;3.569;3.5515;3.5665;3.569;272
2015.08.19;08:00:00;3.574;3.564;3.574;3.569;139
2015.08.19;12:00:00;3.5965;3.5715;3.5915;3.5715;309
2015.08.19;16:00:00;3.5965;3.5815;3.5865;3.589;158
2015.08.19;20:00:00;3.6265;3.539;3.614;3.589;1338
2015.08.20;00:00:00;3.634;3.5965;3.6215;3.6165;170
2015.08.20;04:00:00;3.629;3.599;3.619;3.629;216
2015.08.20;08:00:00;3.6215;3.604;3.6065;3.619;237
2015.08.20;12:00:00;3.6065;3.594;3.5965;3.6065;82
2015.08.20;16:00:00;3.6015;3.5915;3.5965;3.599;70
2015.08.20;20:00:00;3.644;3.5865;3.6315;3.594;758
2015.08.21;00:00:00;3.6365;3.619;3.629;3.634;107
2015.08.21;04:00:00;3.644;3.614;3.6365;3.624;174
2015.08.21;08:00:00;3.6665;3.6365;3.6515;3.6365;164
2015.08.21;12:00:00;3.664;3.634;3.6615;3.654;312
2015.08.21;16:00:00;3.659;3.654;3.6565;3.659;47
2015.08.21;20:00:00;3.659;3.6015;3.6265;3.6515;859
2015.08.24;00:00:00;3.634;3.6165;3.624;3.624;115
2015.08.24;04:00:00;3.6465;3.619;3.634;3.619;122
2015.08.24;08:00:00;3.654;3.6215;3.6265;3.634;132
2015.08.24;12:00:00;3.639;3.6165;3.6165;3.624;125
2015.08.24;16:00:00;3.629;3.6065;3.6065;3.619;94
2015.08.24;20:00:00;3.669;3.6065;3.654;3.609;1084
2015.08.25;00:00:00;3.6615;3.6465;3.6465;3.6515;110
2015.08.25;04:00:00;3.6715;3.6465;3.6565;3.6465;292
2015.08.25;08:00:00;3.669;3.649;3.669;3.654;171
2015.08.25;12:00:00;3.674;3.6615;3.664;3.669;133
2015.08.25;16:00:00;3.669;3.664;3.669;3.6665;78
2015.08.25;20:00:00;3.7065;3.6515;3.6615;3.669;1221
2015.08.26;00:00:00;3.669;3.649;3.6615;3.664;216
2015.08.26;04:00:00;3.6915;3.659;3.6915;3.659;228
2015.08.26;08:00:00;3.6965;3.679;3.6815;3.6915;166
2015.08.26;12:00:00;3.6865;3.6615;3.679;3.6815;181
2015.08.26;16:00:00;3.689;3.679;3.689;3.679;48
2015.08.26;20:00:00;3.704;3.664;3.689;3.6815;1097
2015.08.27;00:00:00;3.7015;3.684;3.694;3.6865;180
2015.08.27;04:00:00;3.7115;3.6915;3.699;3.6915;208
2015.08.27;08:00:00;3.709;3.6965;3.699;3.6965;187
2015.08.27;12:00:00;3.7065;3.694;3.6965;3.699;76
2015.08.27;16:00:00;3.704;3.694;3.7015;3.699;83
2015.08.27;20:00:00;3.7115;3.629;3.6365;3.699;906
2015.08.28;00:00:00;3.6465;3.6365;3.639;3.6365;150
2015.08.28;04:00:00;3.7715;3.7165;3.7165;3.7565;279
2015.08.28;08:00:00;3.724;3.699;3.704;3.719;60
2015.08.28;12:00:00;3.7165;3.6865;3.6865;3.7015;242
2015.08.28;16:00:00;3.6865;3.6515;3.659;3.684;168
2015.08.28;20:00:00;3.804;3.644;3.7765;3.654;1600
2015.08.31;00:00:00;3.804;3.779;3.8015;3.779;176
2015.08.31;04:00:00;3.8365;3.7865;3.834;3.789;211
2015.08.31;08:00:00;3.834;3.819;3.829;3.8315;52
2015.08.31;12:00:00;3.8515;3.814;3.8515;3.8315;277
2015.08.31;16:00:00;3.854;3.844;3.844;3.849;46
2015.08.31;20:00:00;3.8465;3.7515;3.754;3.844;741
2015.09.01;00:00:00;3.764;3.7415;3.7615;3.7565;90
2015.09.01;04:00:00;3.7765;3.7465;3.7565;3.7565;199
2015.09.01;08:00:00;3.7665;3.7515;3.759;3.754;125
2015.09.01;12:00:00;3.7865;3.759;3.784;3.759;140
2015.09.01;16:00:00;3.7865;3.7665;3.7665;3.784;58
2015.09.01;20:00:00;3.7915;3.7215;3.729;3.7715;671
2015.09.02;00:00:00;3.7315;3.7165;3.724;3.7265;70
2015.09.02;04:00:00;3.749;3.724;3.744;3.724;131
2015.09.02;08:00:00;3.754;3.739;3.7515;3.7415;57
2015.09.02;12:00:00;3.7565;3.734;3.7365;3.7565;50
2015.09.02;16:00:00;3.739;3.7315;3.734;3.734;24
2015.09.02;20:00:00;3.774;3.704;3.7315;3.739;636
2015.09.03;00:00:00;3.7415;3.7215;3.7365;3.734;45
2015.09.03;04:00:00;3.7715;3.729;3.764;3.7315;217
2015.09.03;08:00:00;3.7665;3.749;3.7515;3.7665;110
2015.09.03;12:00:00;3.7615;3.7415;3.7515;3.749;125
2015.09.03;16:00:00;3.7565;3.749;3.7515;3.754;34
2015.09.03;20:00:00;3.7865;3.729;3.7315;3.7465;601
2015.09.04;00:00:00;3.7465;3.7315;3.734;3.734;84
2015.09.04;04:00:00;3.7465;3.7215;3.7465;3.724;197
2015.09.04;08:00:00;3.7565;3.7315;3.734;3.744;50
2015.09.04;12:00:00;3.744;3.7165;3.7165;3.7365;109
2015.09.04;16:00:00;3.714;3.709;3.714;3.714;40
2015.09.04;20:00:00;3.744;3.694;3.7215;3.7165;477
2015.09.07;00:00:00;3.7415;3.714;3.739;3.719;98
2015.09.07;04:00:00;3.7315;3.7115;3.724;3.729;84
2015.09.07;08:00:00;3.7315;3.714;3.729;3.7265;97
2015.09.07;12:00:00;3.7315;3.709;3.714;3.7315;91
2015.09.07;16:00:00;3.719;3.699;3.7015;3.7165;41
2015.09.07;20:00:00;3.714;3.664;3.6715;3.7015;467
2015.09.08;00:00:00;3.6815;3.6715;3.674;3.674;63
2015.09.08;04:00:00;3.7015;3.6715;3.6915;3.6815;175
2015.09.08;08:00:00;3.6965;3.6815;3.689;3.6915;103
2015.09.08;12:00:00;3.689;3.6665;3.6665;3.689;103
2015.09.08;16:00:00;3.6715;3.6665;3.6715;3.669;28
2015.09.08;20:00:00;3.684;3.6315;3.6565;3.674;456
2015.09.09;00:00:00;3.6665;3.6415;3.6615;3.654;54
2015.09.09;04:00:00;3.6665;3.6465;3.649;3.664;30
2015.09.09;08:00:00;3.6515;3.644;3.649;3.649;26
2015.09.09;12:00:00;3.6565;3.6415;3.6465;3.6515;114
2015.09.09;16:00:00;3.644;3.6315;3.6315;3.644;31
2015.09.09;20:00:00;3.6665;3.6015;3.6065;3.634;472
2015.09.10;00:00:00;3.6115;3.6015;3.6015;3.604;36
2015.09.10;04:00:00;3.6065;3.594;3.5965;3.6065;80
2015.09.10;08:00:00;3.599;3.594;3.5965;3.5965;81
2015.09.10;12:00:00;3.6165;3.594;3.604;3.594;52
2015.09.10;16:00:00;3.6165;3.604;3.609;3.6065;30
2015.09.10;20:00:00;3.634;3.594;3.6165;3.6065;291
2015.09.11;00:00:00;3.624;3.6115;3.6165;3.614;54
2015.09.11;04:00:00;3.6615;3.619;3.654;3.619;173
2015.09.11;08:00:00;3.664;3.6515;3.6515;3.6515;90
2015.09.11;12:00:00;3.664;3.644;3.659;3.654;99
2015.09.11;16:00:00;3.6665;3.659;3.6665;3.6615;24
2015.09.11;20:00:00;3.6715;3.629;3.6515;3.664;350
2015.09.14;00:00:00;3.6715;3.6465;3.6715;3.654;37
2015.09.14;04:00:00;3.664;3.649;3.664;3.664;94
2015.09.14;08:00:00;3.6615;3.6515;3.6615;3.6615;55
2015.09.14;12:00:00;3.684;3.6615;3.684;3.664;88
2015.09.14;16:00:00;3.6865;3.679;3.6865;3.6865;27
2015.09.14;20:00:00;3.7115;3.659;3.6765;3.6915;380
2015.09.15;00:00:00;3.6815;3.674;3.6765;3.679;37
2015.09.15;04:00:00;3.684;3.669;3.674;3.674;65
2015.09.15;08:00:00;3.6815;3.6715;3.6765;3.6715;136
2015.09.15;12:00:00;3.6865;3.6765;3.684;3.679;79
2015.09.15;16:00:00;3.694;3.669;3.6715;3.684;43
2015.09.15;20:00:00;3.7265;3.6565;3.724;3.669;238
2015.09.16;00:00:00;3.734;3.7215;3.7315;3.7265;68
2015.09.16;04:00:00;3.734;3.7265;3.729;3.7265;33
2015.09.16;08:00:00;3.734;3.7265;3.729;3.729;31
2015.09.16;12:00:00;3.734;3.724;3.729;3.7315;86
2015.09.16;16:00:00;3.734;3.7315;3.7315;3.7315;6
2015.09.16;20:00:00;3.824;3.659;3.809;3.734;1513
2015.09.17;00:00:00;3.8615;3.8015;3.854;3.8065;225
2015.09.17;04:00:00;3.904;3.8565;3.879;3.859;320
2015.09.17;08:00:00;3.8965;3.8765;3.894;3.8765;226
2015.09.17;12:00:00;3.8965;3.879;3.894;3.8965;81
2015.09.17;16:00:00;3.899;3.869;3.869;3.8965;50
2015.09.17;20:00:00;3.924;3.8515;3.9165;3.8665;570
2015.09.18;00:00:00;3.9265;3.914;3.924;3.919;69
2015.09.18;04:00:00;3.9365;3.914;3.9365;3.914;102
2015.09.18;08:00:00;3.9365;3.9165;3.9165;3.934;26
2015.09.18;12:00:00;3.9215;3.889;3.889;3.9215;40
2015.09.18;16:00:00;3.904;3.889;3.899;3.8915;53
2015.09.18;20:00:00;3.924;3.8765;3.894;3.894;370
2015.09.21;00:00:00;3.9115;3.889;3.8915;3.8965;57
2015.09.21;04:00:00;3.8965;3.8815;3.889;3.8865;104
2015.09.21;08:00:00;3.8865;3.884;3.884;3.8865;5
2015.09.21;12:00:00;3.889;3.854;3.874;3.8865;148
2015.09.21;16:00:00;3.8865;3.8715;3.879;3.8715;30
2015.09.21;20:00:00;3.8915;3.819;3.849;3.8815;481
2015.09.22;00:00:00;3.8515;3.844;3.849;3.8465;42
2015.09.22;04:00:00;3.8415;3.8315;3.8315;3.8415;68
2015.09.22;08:00:00;3.839;3.829;3.834;3.834;22
2015.09.22;12:00:00;3.839;3.8215;3.824;3.834;45
2015.09.22;16:00:00;3.824;3.8065;3.8065;3.8215;28
2015.09.22;20:00:00;3.814;3.7915;3.8065;3.8115;186
2015.09.23;00:00:00;3.819;3.7815;3.789;3.804;108
2015.09.23;04:00:00;3.7965;3.7865;3.7915;3.7865;43
2015.09.23;08:00:00;3.8115;3.7915;3.804;3.794;35
2015.09.23;12:00:00;3.8115;3.789;3.794;3.8065;55
2015.09.23;16:00:00;3.7965;3.7715;3.779;3.7965;29
2015.09.23;20:00:00;3.794;3.754;3.7865;3.7765;360
2015.09.24;00:00:00;3.7865;3.7565;3.7565;3.784;65
2015.09.24;04:00:00;3.7515;3.744;3.744;3.7515;15
2015.09.24;08:00:00;3.7515;3.744;3.749;3.7465;6
2015.09.24;12:00:00;3.749;3.7415;3.7415;3.7465;45
2015.09.24;16:00:00;3.744;3.739;3.739;3.744;5
2015.09.24;20:00:00;3.8415;3.739;3.8265;3.7415;480
2015.09.25;00:00:00;3.8365;3.819;3.834;3.829;37
2015.09.25;04:00:00;3.8315;3.819;3.824;3.829;44
2015.09.25;08:00:00;3.829;3.8115;3.814;3.8265;33
2015.09.25;12:00:00;3.8215;3.809;3.809;3.8165;81
2015.09.25;16:00:00;3.8065;3.794;3.7965;3.8065;23
2015.09.25;20:00:00;3.8065;3.7615;3.784;3.794;401
2015.09.28;00:00:00;3.799;3.7815;3.7915;3.7815;64
2015.09.28;04:00:00;3.7965;3.779;3.789;3.784;57
2015.09.28;08:00:00;3.819;3.789;3.8165;3.789;48
2015.09.28;12:00:00;3.8315;3.814;3.8315;3.819;79
2015.09.28;16:00:00;3.8315;3.8215;3.824;3.829;14
2015.09.28;20:00:00;3.8315;3.7915;3.809;3.824;329
2015.09.29;00:00:00;3.824;3.8065;3.819;3.8115;60
2015.09.29;04:00:00;3.8215;3.809;3.8115;3.8165;32
2015.09.29;08:00:00;3.8165;3.799;3.8115;3.809;37
2015.09.29;12:00:00;3.8115;3.799;3.804;3.809;95
2015.09.29;16:00:00;3.8015;3.784;3.789;3.8015;27
2015.09.29;20:00:00;3.8265;3.7815;3.799;3.7865;442
2015.09.30;00:00:00;3.8065;3.7915;3.804;3.7965;34
2015.09.30;04:00:00;3.8115;3.799;3.8065;3.8015;47
2015.09.30;08:00:00;3.8115;3.804;3.8065;3.809;25
2015.09.30;12:00:00;3.8215;3.799;3.8215;3.804;114
2015.09.30;16:00:00;3.8265;3.819;3.8265;3.819;30
2015.09.30;20:00:00;3.864;3.819;3.8615;3.824;424
2015.10.01;00:00:00;3.8815;3.859;3.879;3.864;58
2015.10.01;04:00:00;3.8815;3.869;3.8765;3.874;87
2015.10.01;08:00:00;3.884;3.874;3.8815;3.874;42
2015.10.01;12:00:00;3.889;3.8815;3.884;3.884;21
2015.10.01;16:00:00;3.8865;3.8815;3.884;3.8815;26
2015.10.01;20:00:00;3.9115;3.8265;3.8365;3.8815;464
2015.10.02;00:00:00;3.8615;3.839;3.859;3.839;85
2015.10.02;04:00:00;3.8665;3.8565;3.8615;3.8615;56
2015.10.02;08:00:00;3.859;3.844;3.8565;3.859;76
2015.10.02;12:00:00;3.859;3.839;3.8465;3.854;124
2015.10.02;16:00:00;3.874;3.8465;3.869;3.849;36
2015.10.02;20:00:00;3.8815;3.849;3.8715;3.8715;480
2015.10.05;00:00:00;3.879;3.8665;3.879;3.874;61
2015.10.05;04:00:00;3.8815;3.8715;3.8815;3.8765;35
2015.10.05;08:00:00;3.894;3.879;3.894;3.879;40
2015.10.05;12:00:00;3.899;3.8765;3.8915;3.894;106
2015.10.05;16:00:00;3.894;3.884;3.8865;3.894;35
2015.10.05;20:00:00;3.9315;3.824;3.834;3.889;1379
2015.10.06;00:00:00;3.869;3.829;3.864;3.8315;171
2015.10.06;04:00:00;3.864;3.839;3.8465;3.8615;39
2015.10.06;08:00:00;3.844;3.839;3.844;3.844;11
2015.10.06;12:00:00;3.869;3.8465;3.8565;3.8465;69
2015.10.06;16:00:00;3.8715;3.8565;3.864;3.859;54
2015.10.06;20:00:00;3.9165;3.854;3.889;3.8615;493
2015.10.07;00:00:00;3.8915;3.8715;3.879;3.8915;65
2015.10.07;04:00:00;3.8815;3.8615;3.8765;3.8665;74
2015.10.07;08:00:00;3.884;3.8765;3.8765;3.879;35
2015.10.07;12:00:00;3.879;3.849;3.854;3.874;115
2015.10.07;16:00:00;3.8565;3.8515;3.854;3.8515;49
2015.10.07;20:00:00;3.9015;3.829;3.889;3.8515;638
2015.10.08;00:00:00;3.8915;3.874;3.8765;3.8865;103
2015.10.08;04:00:00;3.909;3.8765;3.899;3.879;112
2015.10.08;08:00:00;3.904;3.8965;3.904;3.9015;28
2015.10.08;12:00:00;3.904;3.889;3.889;3.9015;90
2015.10.08;16:00:00;3.894;3.884;3.8915;3.8865;30
2015.10.08;20:00:00;3.9215;3.879;3.919;3.8965;471
2015.10.09;00:00:00;3.9265;3.914;3.924;3.9215;39
2015.10.09;04:00:00;3.924;3.9065;3.924;3.9115;49
2015.10.09;08:00:00;3.9265;3.919;3.919;3.9215;16
2015.10.09;12:00:00;3.9215;3.9115;3.9115;3.9165;30
2015.10.09;16:00:00;3.944;3.9115;3.939;3.914;41
2015.10.09;20:00:00;3.9765;3.9365;3.964;3.9365;690
2015.10.12;00:00:00;3.9715;3.964;3.969;3.9665;41
2015.10.12;04:00:00;3.9765;3.9615;3.9765;3.9615;98
2015.10.12;08:00:00;3.9765;3.969;3.974;3.974;51
2015.10.12;12:00:00;3.984;3.964;3.979;3.9765;131
2015.10.12;16:00:00;3.9815;3.974;3.979;3.9765;13
2015.10.12;20:00:00;3.9815;3.9265;3.9415;3.9815;510
2015.10.13;00:00:00;3.9515;3.9415;3.9415;3.9415;62
2015.10.13;04:00:00;3.939;3.929;3.939;3.934;36
2015.10.13;08:00:00;3.9415;3.934;3.9365;3.9415;27
2015.10.13;12:00:00;3.9415;3.929;3.9315;3.939;49
2015.10.13;16:00:00;3.939;3.929;3.9315;3.929;23
2015.10.13;20:00:00;3.944;3.894;3.9115;3.9365;461
2015.10.14;00:00:00;3.9115;3.8965;3.9015;3.909;59
2015.10.14;04:00:00;3.9165;3.894;3.914;3.8965;29
2015.10.14;08:00:00;3.9115;3.9015;3.9015;3.9115;19
2015.10.14;12:00:00;3.929;3.904;3.924;3.904;59
2015.10.14;16:00:00;3.929;3.9215;3.9215;3.924;37
2015.10.14;20:00:00;3.924;3.824;3.864;3.9215;1296
2015.10.15;00:00:00;3.864;3.8065;3.8065;3.8615;163
2015.10.15;04:00:00;3.839;3.7915;3.819;3.804;233
2015.10.15;08:00:00;3.8365;3.8215;3.834;3.8215;16
2015.10.15;12:00:00;3.8315;3.8115;3.8115;3.8315;108
2015.10.15;16:00:00;3.814;3.8115;3.8115;3.814;21
2015.10.15;20:00:00;3.8165;3.7915;3.804;3.8115;343
2015.10.16;00:00:00;3.8065;3.7915;3.794;3.8015;40
2015.10.16;04:00:00;3.8015;3.789;3.789;3.799;65
2015.10.16;08:00:00;3.809;3.7915;3.8065;3.7915;64
2015.10.16;12:00:00;3.809;3.7815;3.7815;3.8065;73
2015.10.16;16:00:00;3.7865;3.779;3.784;3.784;23
2015.10.16;20:00:00;3.8265;3.7865;3.824;3.7865;351
2015.10.19;00:00:00;3.834;3.819;3.8315;3.8265;70
2015.10.19;04:00:00;3.8315;3.809;3.814;3.829;83
2015.10.19;08:00:00;3.814;3.809;3.809;3.8115;12
2015.10.19;12:00:00;3.8365;3.8115;3.8365;3.8115;64
2015.10.19;16:00:00;3.854;3.8415;3.849;3.8415;33
2015.10.19;20:00:00;3.8515;3.774;3.784;3.8465;306
2015.10.20;00:00:00;3.784;3.7765;3.779;3.7815;39
2015.10.20;04:00:00;3.7765;3.7665;3.7665;3.774;57
2015.10.20;08:00:00;3.7715;3.764;3.7665;3.764;37
2015.10.20;12:00:00;3.784;3.754;3.7565;3.769;79
2015.10.20;16:00:00;3.7665;3.759;3.759;3.759;45
2015.10.20;20:00:00;3.774;3.744;3.7465;3.764;172
2015.10.21;00:00:00;3.7465;3.739;3.7465;3.744;52
2015.10.21;04:00:00;3.744;3.7365;3.7365;3.7415;87
2015.10.21;08:00:00;3.744;3.734;3.734;3.739;22
2015.10.21;12:00:00;3.744;3.7315;3.7315;3.7365;56
2015.10.21;16:00:00;3.7365;3.729;3.7365;3.729;16
2015.10.21;20:00:00;3.7515;3.714;3.7465;3.739;284
2015.10.22;00:00:00;3.7665;3.744;3.759;3.749;89
2015.10.22;04:00:00;3.7615;3.729;3.7315;3.7615;144
2015.10.22;08:00:00;3.734;3.729;3.729;3.734;14
2015.10.22;12:00:00;3.729;3.724;3.724;3.7265;40
2015.10.22;16:00:00;3.734;3.7215;3.7315;3.7265;23
2015.10.22;20:00:00;3.754;3.7215;3.7215;3.729;226
2015.10.23;00:00:00;3.7265;3.714;3.714;3.724;72
2015.10.23;04:00:00;3.7165;3.709;3.714;3.714;53
2015.10.23;08:00:00;3.7165;3.709;3.714;3.7165;20
2015.10.23;12:00:00;3.739;3.7115;3.7315;3.7115;107
2015.10.23;16:00:00;3.7415;3.729;3.7365;3.734;45
2015.10.23;20:00:00;3.7665;3.7215;3.744;3.7365;312
2015.10.25;23:00:00;3.7565;3.7365;3.7565;3.7465;45
2015.10.26;00:00:00;3.7765;3.7565;3.7665;3.759;67
2015.10.26;04:00:00;3.769;3.7615;3.7615;3.7665;8
2015.10.26;08:00:00;3.764;3.744;3.7465;3.764;69
2015.10.26;12:00:00;3.7565;3.744;3.754;3.749;20
2015.10.26;16:00:00;3.7865;3.744;3.774;3.7565;234
2015.10.26;20:00:00;3.7965;3.7765;3.7965;3.7765;47
2015.10.27;00:00:00;3.814;3.789;3.809;3.789;46
2015.10.27;04:00:00;3.8115;3.804;3.8065;3.8065;15
2015.10.27;08:00:00;3.814;3.804;3.8115;3.8065;41
2015.10.27;12:00:00;3.8215;3.7965;3.799;3.814;105
2015.10.27;16:00:00;3.814;3.764;3.7715;3.7965;389
2015.10.27;20:00:00;3.779;3.769;3.769;3.769;31
2015.10.28;00:00:00;3.7665;3.7615;3.7615;3.764;25
2015.10.28;04:00:00;3.7665;3.759;3.7665;3.759;43
2015.10.28;08:00:00;3.7715;3.7565;3.7715;3.769;48
2015.10.28;12:00:00;3.7765;3.769;3.7715;3.774;15
2015.10.28;16:00:00;3.769;3.739;3.7565;3.769;281
2015.10.28;20:00:00;3.7865;3.754;3.7865;3.7615;62
2015.10.29;00:00:00;3.8115;3.7865;3.8015;3.789;133
2015.10.29;04:00:00;3.804;3.7965;3.7965;3.804;24
2015.10.29;08:00:00;3.8015;3.774;3.7765;3.794;70
2015.10.29;12:00:00;3.844;3.769;3.839;3.779;426
2015.10.29;16:00:00;3.8415;3.819;3.834;3.8415;67
2015.10.29;20:00:00;3.8365;3.824;3.834;3.8265;70
2015.10.30;00:00:00;3.8365;3.8315;3.8315;3.8365;14
2015.10.30;04:00:00;3.8315;3.8215;3.8215;3.829;22
2015.10.30;08:00:00;3.8615;3.789;3.7965;3.819;379
2015.10.30;12:00:00;3.8015;3.784;3.784;3.794;49
2015.10.30;16:00:00;3.794;3.7765;3.7765;3.784;32
2015.10.30;20:00:00;3.7815;3.769;3.769;3.7765;31
2015.11.02;00:00:00;3.7765;3.7615;3.7665;3.7665;66
2015.11.02;04:00:00;3.7715;3.7465;3.759;3.769;419
2015.11.02;08:00:00;3.759;3.7465;3.7465;3.7565;66
2015.11.02;12:00:00;3.7515;3.744;3.7465;3.744;37
2015.11.02;16:00:00;3.754;3.749;3.7515;3.749;12
2015.11.02;20:00:00;3.7515;3.749;3.749;3.749;3
2015.11.03;00:00:00;3.7915;3.7465;3.7815;3.7515;422
2015.11.03;04:00:00;3.789;3.7765;3.7865;3.779;44
2015.11.03;08:00:00;3.7865;3.7765;3.7865;3.784;48
2015.11.03;12:00:00;3.784;3.784;3.784;3.784;1
2015.11.03;16:00:00;3.7915;3.7815;3.7915;3.7865;23
2015.11.03;20:00:00;3.824;3.779;3.814;3.794;425
2015.11.04;00:00:00;3.8165;3.8065;3.8115;3.8165;31
2015.11.04;04:00:00;3.804;3.7965;3.8015;3.799;42
2015.11.04;08:00:00;3.804;3.799;3.799;3.804;7
2015.11.04;12:00:00;3.8015;3.789;3.789;3.8015;38
2015.11.04;16:00:00;3.794;3.7915;3.7915;3.7915;3
2015.11.04;20:00:00;3.794;3.749;3.7515;3.789;322
2015.11.05;00:00:00;3.759;3.7515;3.7515;3.754;22
2015.11.05;04:00:00;3.754;3.7465;3.7465;3.754;20
2015.11.05;08:00:00;3.749;3.7465;3.749;3.749;3
2015.11.05;12:00:00;3.754;3.7465;3.7465;3.7465;14
2015.11.05;16:00:00;3.764;3.749;3.7615;3.749;30
2015.11.05;20:00:00;3.809;3.7515;3.784;3.759;489
2015.11.06;00:00:00;3.794;3.7815;3.789;3.7815;63
2015.11.06;04:00:00;3.784;3.7765;3.7765;3.784;20
2015.11.06;08:00:00;3.779;3.774;3.774;3.779;29
2015.11.06;12:00:00;3.779;3.7715;3.7765;3.7715;19
2015.11.06;16:00:00;3.774;3.769;3.774;3.774;19
2015.11.06;20:00:00;3.8215;3.754;3.819;3.7715;515
2015.11.09;00:00:00;3.8215;3.789;3.7915;3.8165;53
2015.11.09;04:00:00;3.784;3.779;3.7815;3.7815;20
2015.11.09;08:00:00;3.7815;3.7715;3.779;3.779;13
2015.11.09;12:00:00;3.779;3.774;3.779;3.7765;13
2015.11.09;16:00:00;3.7765;3.7665;3.769;3.7765;14
2015.11.09;20:00:00;3.7765;3.7415;3.7465;3.7665;353
2015.11.10;00:00:00;3.7465;3.729;3.729;3.744;66
2015.11.10;04:00:00;3.7365;3.7315;3.7315;3.734;21
2015.11.10;08:00:00;3.734;3.729;3.7315;3.734;38
2015.11.10;12:00:00;3.739;3.7315;3.7365;3.734;24
2015.11.10;16:00:00;3.7365;3.714;3.714;3.734;66
2015.11.10;20:00:00;3.724;3.689;3.714;3.7165;344
2015.11.11;00:00:00;3.7415;3.709;3.7315;3.714;69
2015.11.11;04:00:00;3.739;3.7315;3.734;3.7315;15
2015.11.11;08:00:00;3.7365;3.7215;3.7215;3.7365;17
2015.11.11;12:00:00;3.7265;3.7215;3.7265;3.724;9
2015.11.11;16:00:00;3.724;3.664;3.664;3.7215;344
2015.11.11;20:00:00;3.6765;3.654;3.659;3.6665;79
2015.11.12;00:00:00;3.664;3.654;3.654;3.6615;35
2015.11.12;04:00:00;3.6565;3.6515;3.654;3.6565;16
2015.11.12;08:00:00;3.6565;3.6465;3.6465;3.654;20
2015.11.12;12:00:00;3.6465;3.639;3.6415;3.644;16
2015.11.12;16:00:00;3.6565;3.549;3.5565;3.644;1018
2015.11.12;20:00:00;3.5815;3.559;3.579;3.559;148
2015.11.13;00:00:00;3.5965;3.584;3.5965;3.594;29
2015.11.13;04:00:00;3.6065;3.5915;3.6015;3.594;34
2015.11.13;08:00:00;3.6065;3.5965;3.5965;3.604;18
2015.11.13;12:00:00;3.604;3.594;3.5965;3.599;14
2015.11.13;16:00:00;3.6215;3.5865;3.604;3.594;356
2015.11.13;20:00:00;3.6115;3.599;3.6115;3.6065;55
2015.11.16;00:00:00;3.6215;3.6065;3.6115;3.6065;24
2015.11.16;04:00:00;3.614;3.6065;3.6065;3.609;25
2015.11.16;08:00:00;3.609;3.594;3.6015;3.6065;58
2015.11.16;12:00:00;3.604;3.5915;3.5915;3.604;29
2015.11.16;16:00:00;3.6215;3.5815;3.609;3.589;309
2015.11.16;20:00:00;3.6115;3.6015;3.604;3.6065;54
2015.11.17;00:00:00;3.604;3.599;3.599;3.6015;15
2015.11.17;04:00:00;3.604;3.5965;3.604;3.6015;20
2015.11.17;08:00:00;3.6015;3.594;3.5965;3.6015;13
2015.11.17;12:00:00;3.609;3.589;3.609;3.594;42
2015.11.17;16:00:00;3.6065;3.5715;3.574;3.6065;241
2015.11.17;20:00:00;3.5815;3.569;3.569;3.5765;42
2015.11.18;00:00:00;3.644;3.639;3.639;3.6415;42
2015.11.18;04:00:00;3.644;3.6415;3.644;3.6415;2
2015.11.18;08:00:00;3.6465;3.639;3.6465;3.6415;23
2015.11.18;12:00:00;3.654;3.644;3.6465;3.649;60
2015.11.18;16:00:00;3.6665;3.6315;3.644;3.6465;393
2015.11.18;20:00:00;3.6565;3.6415;3.654;3.6465;55
2015.11.19;00:00:00;3.6665;3.6515;3.6515;3.6565;24
2015.11.19;04:00:00;3.674;3.654;3.674;3.654;36
2015.11.19;08:00:00;3.6765;3.6665;3.669;3.6765;20
2015.11.19;12:00:00;3.674;3.6615;3.674;3.6665;16
2015.11.19;16:00:00;3.6765;3.634;3.649;3.6765;290
2015.11.19;20:00:00;3.6715;3.6465;3.669;3.6465;48
2015.11.20;00:00:00;3.6715;3.664;3.664;3.664;32
2015.11.20;04:00:00;3.6765;3.664;3.674;3.6665;42
2015.11.20;08:00:00;3.6865;3.6715;3.684;3.6715;24
2015.11.20;12:00:00;3.684;3.679;3.684;3.6815;10
2015.11.20;16:00:00;3.689;3.6415;3.659;3.6865;497
2015.11.20;20:00:00;3.6715;3.6565;3.6715;3.6565;66
2015.11.23;00:00:00;3.674;3.6565;3.6565;3.6665;39
2015.11.23;04:00:00;3.669;3.654;3.669;3.654;26
2015.11.23;08:00:00;3.6815;3.6715;3.6765;3.6715;31
2015.11.23;12:00:00;3.6865;3.674;3.6815;3.674;32
2015.11.23;16:00:00;3.7015;3.6665;3.6865;3.684;377
2015.11.23;20:00:00;3.694;3.6865;3.6915;3.6865;66
2015.11.24;00:00:00;3.684;3.6765;3.6815;3.679;22
2015.11.24;04:00:00;3.684;3.679;3.679;3.679;15
2015.11.24;08:00:00;3.689;3.6815;3.6815;3.6815;15
2015.11.24;12:00:00;3.6865;3.679;3.6815;3.679;15
2015.11.24;16:00:00;3.7115;3.674;3.6865;3.679;373
2015.11.24;20:00:00;3.6915;3.6815;3.6865;3.684;68
2015.11.25;00:00:00;3.689;3.659;3.6715;3.6765;125
2015.11.25;04:00:00;3.674;3.6615;3.6615;3.6715;42
2015.11.25;08:00:00;3.684;3.659;3.679;3.659;45
2015.11.25;12:00:00;3.6815;3.654;3.6565;3.6765;54
2015.11.25;16:00:00;3.7215;3.659;3.709;3.6615;315
2015.11.25;20:00:00;3.719;3.7065;3.7165;3.7115;41
2015.11.26;00:00:00;3.714;3.709;3.709;3.7115;14
2015.11.26;04:00:00;3.7115;3.7065;3.7065;3.7065;12
2015.11.26;08:00:00;3.709;3.694;3.699;3.709;28
2015.11.26;12:00:00;3.699;3.684;3.689;3.6965;27
2015.11.26;16:00:00;3.714;3.684;3.689;3.6865;245
2015.11.26;20:00:00;3.6915;3.6815;3.6815;3.6915;35
2015.11.27;00:00:00;3.694;3.684;3.689;3.684;27
2015.11.27;04:00:00;3.694;3.6865;3.694;3.6865;24
2015.11.27;08:00:00;3.704;3.6915;3.704;3.6965;27
2015.11.27;12:00:00;3.7015;3.694;3.6965;3.7015;18
2015.11.27;16:00:00;3.7165;3.6915;3.7015;3.694;405
2015.11.27;20:00:00;3.7165;3.7015;3.714;3.704;53
2015.11.30;00:00:00;3.7065;3.6615;3.6665;3.699;317
2015.11.30;04:00:00;3.659;3.6515;3.6565;3.6565;41
2015.11.30;08:00:00;3.664;3.659;3.664;3.659;11
2015.11.30;12:00:00;3.6665;3.659;3.659;3.6665;24
2015.11.30;16:00:00;3.659;3.659;3.659;3.659;2
2015.11.30;20:00:00;3.724;3.6615;3.704;3.6615;407
2015.12.01;00:00:00;3.714;3.7015;3.7115;3.7065;46
2015.12.01;04:00:00;3.734;3.7115;3.734;3.714;47
2015.12.01;08:00:00;3.734;3.7215;3.734;3.7315;35
2015.12.01;12:00:00;3.734;3.729;3.7315;3.7315;51
2015.12.01;16:00:00;3.7365;3.729;3.734;3.734;12
2015.12.01;20:00:00;3.7415;3.699;3.704;3.7315;354
2015.12.02;00:00:00;3.7265;3.704;3.7265;3.7065;95
2015.12.02;04:00:00;3.724;3.714;3.719;3.7215;75
2015.12.02;08:00:00;3.7215;3.7165;3.7165;3.7165;11
2015.12.02;12:00:00;3.719;3.709;3.714;3.719;35
2015.12.02;16:00:00;3.7165;3.7065;3.7065;3.714;13
2015.12.02;20:00:00;3.714;3.6915;3.6965;3.7115;353
2015.12.03;00:00:00;3.6965;3.689;3.6915;3.694;41
2015.12.03;04:00:00;3.6865;3.679;3.6815;3.6865;52
2015.12.03;08:00:00;3.689;3.684;3.6865;3.684;10
2015.12.03;12:00:00;3.6865;3.679;3.684;3.684;30
2015.12.03;16:00:00;3.6915;3.6815;3.684;3.6865;49
2015.12.03;20:00:00;3.7665;3.6665;3.759;3.6865;391
2015.12.04;00:00:00;3.7665;3.7515;3.7565;3.7565;43
2015.12.04;04:00:00;3.764;3.754;3.7615;3.754;35
2015.12.04;08:00:00;3.764;3.759;3.759;3.7615;6
2015.12.04;12:00:00;3.759;3.7515;3.754;3.7565;12
2015.12.04;16:00:00;3.764;3.7565;3.764;3.7565;6
2015.12.04;20:00:00;3.794;3.759;3.794;3.759;317
2015.12.07;00:00:00;3.804;3.7915;3.804;3.7915;36
2015.12.07;04:00:00;3.8065;3.7815;3.7815;3.7965;130
2015.12.07;08:00:00;3.789;3.7815;3.7815;3.784;40
2015.12.07;12:00:00;3.794;3.779;3.784;3.779;67
2015.12.07;16:00:00;3.7815;3.7715;3.7715;3.7815;32
2015.12.07;20:00:00;3.7915;3.719;3.7215;3.774;374
2015.12.08;00:00:00;3.7265;3.714;3.719;3.724;39
2015.12.08;04:00:00;3.724;3.719;3.7215;3.7215;19
2015.12.08;08:00:00;3.7265;3.719;3.7215;3.7215;44
2015.12.08;12:00:00;3.7315;3.719;3.7315;3.719;17
2015.12.08;16:00:00;3.734;3.7265;3.729;3.734;11
2015.12.08;20:00:00;3.739;3.7115;3.7265;3.729;315
2015.12.09;00:00:00;3.7265;3.719;3.7215;3.724;39
2015.12.09;04:00:00;3.7265;3.7215;3.7265;3.7215;21
2015.12.09;08:00:00;3.734;3.7265;3.7315;3.7265;27
2015.12.09;12:00:00;3.744;3.7315;3.744;3.734;15
2015.12.09;16:00:00;3.744;3.739;3.7415;3.7415;15
2015.12.09;20:00:00;3.779;3.694;3.709;3.739;545
2015.12.10;00:00:00;3.729;3.709;3.7265;3.7115;97
2015.12.10;04:00:00;3.7365;3.7265;3.734;3.729;20
2015.12.10;08:00:00;3.734;3.729;3.7315;3.7315;15
2015.12.10;12:00:00;3.7365;3.729;3.7315;3.734;26
2015.12.10;16:00:00;3.7415;3.7265;3.739;3.729;38
2015.12.10;20:00:00;3.784;3.7115;3.7765;3.7365;292
2015.12.11;00:00:00;3.7815;3.7715;3.779;3.774;59
2015.12.11;04:00:00;3.7765;3.769;3.769;3.7765;38
2015.12.11;08:00:00;3.7765;3.769;3.7715;3.7715;19
2015.12.11;12:00:00;3.7765;3.769;3.7765;3.7715;30
2015.12.11;16:00:00;3.7865;3.7765;3.7865;3.779;8
2015.12.11;20:00:00;3.789;3.734;3.739;3.784;372
2015.12.14;00:00:00;3.744;3.734;3.7415;3.7415;29
2015.12.14;04:00:00;3.7465;3.7315;3.7415;3.7365;29
2015.12.14;08:00:00;3.7465;3.7415;3.744;3.744;15
2015.12.14;12:00:00;3.7515;3.7365;3.7365;3.744;92
2015.12.14;16:00:00;3.744;3.7365;3.744;3.739;20
2015.12.14;20:00:00;3.7865;3.744;3.784;3.7465;334
2015.12.15;00:00:00;3.7815;3.7715;3.779;3.7815;36
2015.12.15;04:00:00;3.7815;3.7665;3.7665;3.7715;27
2015.12.15;08:00:00;3.769;3.7615;3.764;3.769;9
2015.12.15;12:00:00;3.774;3.7615;3.7715;3.7615;48
2015.12.15;16:00:00;3.774;3.7615;3.7615;3.774;31
2015.12.15;20:00:00;3.7765;3.7465;3.7665;3.764;237
