DATE;TIME;HIGH;LOW;CLOSE;OPEN;VOLUME
2015.04.27;12:00:00;3090;3052;3080;3055;1749
2015.04.27;16:00:00;3129;3080;3122;3091;1649
2015.04.27;20:00:00;3145;3114;3137;3123;772
2015.04.28;00:00:00;3163;3127;3163;3138.5;1157
2015.04.28;04:00:00;3167;3155;3167;3162;396
2015.04.28;08:00:00;3193.5;3123;3126;3193;1906
2015.04.28;12:00:00;3139;3105;3124;3127;2246
2015.04.28;16:00:00;3156;3122;3143;3123;1872
2015.04.28;20:00:00;3157;3141;3145.5;3144;703
2015.04.29;00:00:00;3175;3145;3167;3150;1100
2015.04.29;04:00:00;3170;3143;3145;3166.5;951
2015.04.29;08:00:00;3161;3138;3160;3145.5;1113
2015.04.29;12:00:00;3166;3158;3166;3159;290
2015.04.29;16:00:00;3170;3150;3161;3168;998
2015.04.29;20:00:00;3187;3162;3183;3162;1047
2015.04.30;00:00:00;3198;3174;3195;3184.5;977
2015.04.30;04:00:00;3196;3188;3189;3195.5;130
2015.04.30;08:00:00;3198;3125;3151;3197;1732
2015.04.30;12:00:00;3170;3136;3160;3152;1046
2015.04.30;16:00:00;3185;3157;3175;3162;827
2015.04.30;20:00:00;3185;3174;3180;3174.5;346
2015.05.01;00:00:00;3180;3149;3154;3178;1197
2015.05.01;04:00:00;3158;3138;3144;3153;666
2015.05.01;08:00:00;3146;3123;3126;3143;977
2015.05.01;12:00:00;3133;3126;3129;3127;209
2015.05.01;16:00:00;3173;3106;3134;3150;1505
2015.05.01;20:00:00;3160;3123;3155;3135;808
2015.05.04;00:00:00;3157;3118;3130;3153;1696
2015.05.04;04:00:00;3143;3128;3137;3131;481
2015.05.04;08:00:00;3144;3101;3103;3121;1731
2015.05.04;12:00:00;3111;3026;3037;3102;1819
2015.05.04;16:00:00;3049;3009;3016;3036;2139
2015.05.04;20:00:00;3023;3010;3018.5;3017;805
2015.05.05;00:00:00;3032;2989;3011;3020;2250
2015.05.05;04:00:00;3043;3010;3033;3012;1731
2015.05.05;08:00:00;3054;2980;2995;3033.5;2886
2015.05.05;12:00:00;3014;2987;2995;2994;1366
2015.05.05;16:00:00;3049;2994;3045;3012;2366
2015.05.05;20:00:00;3047;3030;3042;3046;1443
2015.05.06;00:00:00;3055;3008;3051.5;3043;1884
2015.05.06;04:00:00;3055;3045;3050;3052;1172
2015.05.06;08:00:00;3075;3052;3068;3073;1347
2015.05.06;12:00:00;3093;3068;3093;3069;1466
2015.05.06;16:00:00;3134;3094;3109;3094;1438
2015.05.06;20:00:00;3117;3106;3110.5;3108;548
2015.05.07;00:00:00;3117;3081;3086;3105;2019
2015.05.07;04:00:00;3101;3059;3060;3087;2087
2015.05.07;08:00:00;3073;3012;3044;3059;2714
2015.05.07;12:00:00;3056;3041;3046;3043;927
2015.05.07;16:00:00;3090;3036;3082;3042;1279
2015.05.07;20:00:00;3090;3030;3037;3083;1578
2015.05.08;00:00:00;3088;3025;3067;3036;2382
2015.05.08;04:00:00;3071;3058;3065;3068;640
2015.05.08;08:00:00;3107;3057;3102;3073;1696
2015.05.08;12:00:00;3139;3097;3137;3101;1428
2015.05.08;16:00:00;3140;3076;3085;3138;1864
2015.05.08;20:00:00;3102;3065;3097;3084;1460
2015.05.11;00:00:00;3144;3064;3122;3068;2977
2015.05.11;04:00:00;3133;3069.5;3097;3121;2966
2015.05.11;08:00:00;3118;3076;3082;3096.5;2524
2015.05.11;12:00:00;3107;3081;3099;3081;1147
2015.05.11;16:00:00;3132;2995;3079;3129;4974
2015.05.11;20:00:00;3151;3055;3139;3080;4552
2015.05.12;00:00:00;3165;3131;3141;3137.5;3133
2015.05.12;04:00:00;3156;3136;3138;3142;988
2015.05.12;08:00:00;3163;3125;3142;3127;2407
2015.05.12;12:00:00;3188;3140;3174;3141;2519
2015.05.12;16:00:00;3217;3173;3212;3175;2392
2015.05.12;20:00:00;3228;3207;3218;3211.5;472
2015.05.13;00:00:00;3216;3192;3205;3211;2155
2015.05.13;04:00:00;3234;3204;3226;3204;1214
2015.05.13;08:00:00;3231;3206;3216;3227;733
2015.05.13;12:00:00;3219;3214.5;3218;3216.5;42
2015.05.13;16:00:00;3241;3222;3241;3236;1752
2015.05.13;20:00:00;3254;3227.5;3235;3240;1456
2015.05.14;00:00:00;3247;3228;3243;3234;2318
2015.05.14;04:00:00;3255;3242;3247;3244;534
2015.05.14;08:00:00;3254;3226;3240;3245.5;1615
2015.05.14;12:00:00;3259;3205;3234;3239;2709
2015.05.14;16:00:00;3268;3221;3258;3235;2504
2015.05.14;20:00:00;3270;3256;3268;3257;547
2015.05.15;00:00:00;3280;3256;3267;3274;1557
2015.05.15;04:00:00;3316;3256.5;3294;3268;4713
2015.05.15;08:00:00;3354;3288;3352;3295;2262
2015.05.15;12:00:00;3360;3342;3348;3353;633
2015.05.15;16:00:00;3377;3343;3367;3346;2445
2015.05.15;20:00:00;3410;3365;3374;3366.5;2145
2015.05.18;00:00:00;3388;3362;3376;3374.5;2016
2015.05.18;04:00:00;3379;3367.5;3368;3375.5;492
2015.05.18;08:00:00;3398;3345;3384;3345;2930
2015.05.18;12:00:00;3403;3382;3395;3385;1676
2015.05.18;16:00:00;3428;3388;3423;3396;1824
2015.05.18;20:00:00;3424;3414;3419;3424;395
2015.05.19;00:00:00;3417;3383;3384;3415;1909
2015.05.19;04:00:00;3389;3349;3362.5;3383;2644
2015.05.19;08:00:00;3387;3349;3377;3359;2340
2015.05.19;12:00:00;3386;3369;3373.5;3378;822
2015.05.19;16:00:00;3402;3332;3342;3402;2452
2015.05.19;20:00:00;3366;3339;3365;3341;2038
2015.05.20;00:00:00;3372;3338;3356.5;3366;2178
2015.05.20;04:00:00;3363.5;3309;3315;3357;1496
2015.05.20;08:00:00;3366;3308;3354;3318;2042
2015.05.20;12:00:00;3372;3339;3365;3355;2246
2015.05.20;16:00:00;3394;3346;3390;3364;2633
2015.05.20;20:00:00;3402;3387;3396;3391;723
2015.05.21;00:00:00;3396;3346;3354;3390;1923
2015.05.21;04:00:00;3373;3340;3362;3353;2201
2015.05.21;08:00:00;3364;3330;3362;3360;2838
2015.05.21;12:00:00;3371;3334;3335;3361;1412
2015.05.21;16:00:00;3371;3325.5;3340;3346;2233
2015.05.21;20:00:00;3354;3334;3344;3340.5;1947
2015.05.22;00:00:00;3381;3327;3353;3343;2704
2015.05.22;04:00:00;3392;3353;3390;3354;1160
2015.05.22;08:00:00;3427;3380;3418;3383;1901
2015.05.22;12:00:00;3425;3400;3423;3417;1739
2015.05.22;16:00:00;3424;3404;3423;3424;2250
2015.05.22;20:00:00;3429;3416;3427;3424;526
2015.05.25;00:00:00;3425;3389;3400;3425;2253
2015.05.25;04:00:00;3409.5;3388;3397;3399;1822
2015.05.25;08:00:00;3415;3393;3404;3398.5;1988
2015.05.25;12:00:00;3414;3371;3374;3405;1018
2015.05.25;16:00:00;3404;3356;3395;3356;2141
2015.05.25;20:00:00;3406;3383;3385;3394;1764
2015.05.26;00:00:00;3413;3383;3405;3384;1369
2015.05.26;04:00:00;3411;3403;3407;3404;445
2015.05.26;08:00:00;3407;3385;3385;3402;1274
2015.05.26;12:00:00;3409;3384;3395;3386;1724
2015.05.26;16:00:00;3404;3370;3380;3396;1624
2015.05.26;20:00:00;3386;3362;3374;3381;842
2015.05.27;00:00:00;3368;3330;3353;3360;2011
2015.05.27;04:00:00;3354;3320;3337;3354;1267
2015.05.27;08:00:00;3353;3326;3343;3338;1229
2015.05.27;12:00:00;3345;3330;3343;3342;500
2015.05.27;16:00:00;3363;3335;3355;3351;1506
2015.05.27;20:00:00;3402;3355;3385;3356;1935
2015.05.28;00:00:00;3394;3361;3382;3384;1556
2015.05.28;04:00:00;3400;3382;3391.5;3383;337
2015.05.28;08:00:00;3390;3366;3366;3384;1206
2015.05.28;12:00:00;3382;3360;3378;3365;1090
2015.05.28;16:00:00;3381;3359;3371;3377;1359
2015.05.28;20:00:00;3388;3369;3377.5;3372;630
2015.05.29;00:00:00;3429;3361;3422;3386;2192
2015.05.29;04:00:00;3435;3413;3428;3421;1259
2015.05.29;08:00:00;3432;3411;3425;3427.5;1172
2015.05.29;12:00:00;3438;3425;3438;3426;294
2015.05.29;16:00:00;3456;3430;3447;3436;1108
2015.05.29;20:00:00;3463;3443;3458;3448;765
2015.06.01;00:00:00;3457;3441;3445;3456;976
2015.06.01;04:00:00;3458;3444;3455;3444;187
2015.06.01;08:00:00;3448;3430;3439;3448;856
2015.06.01;12:00:00;3445;3437;3440;3438;345
2015.06.01;16:00:00;3441;3403;3406;3441;812
2015.06.01;20:00:00;3405;3399;3402;3405;155
2015.06.02;00:00:00;3425;3380;3424;3397;1264
2015.06.02;04:00:00;3444;3410;3421.5;3424.5;994
2015.06.02;08:00:00;3467;3418;3461;3421;1065
2015.06.02;12:00:00;3462;3451;3454;3462;197
2015.06.02;16:00:00;3474;3452;3461;3453;1093
2015.06.02;20:00:00;3467;3454;3460;3460;852
2015.06.03;00:00:00;3467;3452;3463;3459;756
2015.06.03;04:00:00;3476;3463.5;3468;3463.5;576
2015.06.03;08:00:00;3477;3438;3474;3465;1203
2015.06.03;12:00:00;3494;3459;3472;3473;1653
2015.06.03;16:00:00;3489;3466;3479;3471.5;982
2015.06.03;20:00:00;3483;3472;3476;3480;303
2015.06.04;00:00:00;3490;3465;3484;3474;1018
2015.06.04;04:00:00;3497;3453;3462;3483;2073
2015.06.04;08:00:00;3522;3456;3520;3463;1893
2015.06.04;12:00:00;3537;3514;3524;3521;531
2015.06.04;16:00:00;3530;3501;3507;3522;1279
2015.06.04;20:00:00;3517;3497;3515;3506;759
2015.06.05;00:00:00;3520;3503;3513;3516;708
2015.06.05;04:00:00;3514;3507;3512;3514;275
2015.06.05;08:00:00;3531;3509;3522;3516;1050
2015.06.05;12:00:00;3529;3521;3526;3523;565
2015.06.05;16:00:00;3556;3522;3549;3527;1144
2015.06.05;20:00:00;3553;3545;3550;3548;197
2015.06.08;00:00:00;3552;3534;3537;3549;792
2015.06.08;04:00:00;3542;3530;3531;3538;421
2015.06.08;08:00:00;3549;3528;3545;3531.5;656
2015.06.08;12:00:00;3545;3534;3539;3544;365
2015.06.08;16:00:00;3550;3536;3548;3547;715
2015.06.08;20:00:00;3570;3545;3565;3549;543
2015.06.09;00:00:00;3576;3561;3569;3566;593
2015.06.09;04:00:00;3572;3562.5;3568;3570;428
2015.06.09;08:00:00;3582;3562;3567;3564;783
2015.06.09;12:00:00;3584;3564;3573;3568;578
2015.06.09;16:00:00;3598;3572;3595;3573.5;750
2015.06.09;20:00:00;3596;3586;3586;3596;425
2015.06.10;00:00:00;3607;3591;3604;3592;620
2015.06.10;04:00:00;3603;3577;3587;3603;719
2015.06.10;08:00:00;3595;3581;3590;3585;875
2015.06.10;12:00:00;3599;3588;3599;3589;358
2015.06.10;16:00:00;3604;3590;3597;3592;665
2015.06.10;20:00:00;3596;3569;3571;3596;722
2015.06.11;00:00:00;3576;3543;3556;3570;862
2015.06.11;04:00:00;3565;3556;3564;3557;366
2015.06.11;08:00:00;3569;3531;3542;3561;1127
2015.06.11;12:00:00;3570;3540;3554;3541;1035
2015.06.11;16:00:00;3589;3552;3583;3554.5;901
2015.06.11;20:00:00;3589;3581;3587;3584;264
2015.06.12;00:00:00;3603;3588;3598;3595;764
2015.06.12;04:00:00;3625;3592;3617;3599;1810
2015.06.12;08:00:00;3626;3609;3618;3616;877
2015.06.12;12:00:00;3619;3614;3614;3619;226
2015.06.12;16:00:00;3621;3610;3616;3619;742
2015.06.12;20:00:00;3635;3615;3624;3617;1089
2015.06.15;00:00:00;3633;3598;3604;3625;1524
2015.06.15;04:00:00;3607;3595;3600;3603.5;479
2015.06.15;08:00:00;3607;3583;3599;3599;969
2015.06.15;12:00:00;3614;3596;3601;3598;1018
2015.06.15;16:00:00;3617;3600;3614;3600;671
2015.06.15;20:00:00;3620;3608;3608;3613.5;135
2015.06.16;00:00:00;3611;3575;3579;3604;856
2015.06.16;04:00:00;3579;3550;3572;3577;1618
2015.06.16;08:00:00;3586;3565;3568;3572.5;1146
2015.06.16;12:00:00;3574;3565;3570;3567;303
2015.06.16;16:00:00;3634;3575;3633;3575;1103
2015.06.16;20:00:00;3636;3610;3621;3634;1054
2015.06.17;00:00:00;3661;3620;3661;3620;927
2015.06.17;04:00:00;3661;3648;3650;3660;193
2015.06.17;08:00:00;3658;3634;3644;3656.5;950
2015.06.17;12:00:00;3650;3637;3643;3643;1342
2015.06.17;16:00:00;3650;3634;3650;3644;621
2015.06.17;20:00:00;3655;3649;3649;3651;173
2015.06.18;00:00:00;3656;3627;3639;3656;753
2015.06.18;04:00:00;3643;3626;3634;3638;1555
2015.06.18;08:00:00;3668;3633;3665;3633;1000
2015.06.18;12:00:00;3678;3664;3669;3664.5;348
2015.06.18;16:00:00;3618;3587;3610.5;3592;1339
2015.06.18;20:00:00;3627.5;3608;3627.5;3611;1201
2015.06.19;00:00:00;3640;3623;3632;3628;942
2015.06.19;04:00:00;3634;3628;3628.5;3633;372
2015.06.19;08:00:00;3638;3600;3601.5;3624;1751
2015.06.19;12:00:00;3602;3577;3587.5;3601;2461
2015.06.19;16:00:00;3607;3580;3602.5;3587;1072
2015.06.19;20:00:00;3614;3601;3603.5;3603;263
2015.06.22;00:00:00;3608;3566;3569;3606;2245
2015.06.22;04:00:00;3597;3569;3596;3570;1453
2015.06.22;08:00:00;3618;3576;3594.5;3597;1755
2015.06.22;12:00:00;3606;3562;3580;3593;664
2015.06.22;16:00:00;3614;3573;3601;3584;2122
2015.06.22;20:00:00;3604;3568;3578;3602;1256
2015.06.23;00:00:00;3598;3575;3594;3577;763
2015.06.23;04:00:00;3595;3586;3587;3593;281
2015.06.23;08:00:00;3620;3594;3611;3603;1132
2015.06.23;12:00:00;3646;3607;3643;3610;1481
2015.06.23;16:00:00;3662;3642;3655;3644;619
2015.06.23;20:00:00;3655;3645;3645.5;3654;290
2015.06.24;00:00:00;3652.5;3613;3617;3652.5;1169
2015.06.24;04:00:00;3630;3613;3619;3618;1205
2015.06.24;08:00:00;3632;3612;3626;3620;847
2015.06.24;12:00:00;3627;3607;3615;3625;164
2015.06.24;16:00:00;3648;3603;3635;3620;1413
2015.06.24;20:00:00;3666;3627;3664;3634;1127
2015.06.25;00:00:00;3670;3645;3647.5;3665;620
2015.06.25;04:00:00;3653;3642;3645;3647;169
2015.06.25;08:00:00;3658;3637;3637;3644;865
2015.06.25;12:00:00;3638;3622;3632;3636;1168
2015.06.25;16:00:00;3634;3605;3612;3631;1113
2015.06.25;20:00:00;3611;3601;3608;3611;307
2015.06.26;00:00:00;3590;3542;3565;3583;1850
2015.06.26;04:00:00;3571;3544;3564;3566;1793
2015.06.26;08:00:00;3609;3552;3599;3563;1157
2015.06.26;12:00:00;3604.5;3596;3598;3598;355
2015.06.26;16:00:00;3621;3584;3605;3601;1476
2015.06.26;20:00:00;3615;3587;3614;3606;1565
2015.06.29;00:00:00;3619;3595;3610;3613;944
2015.06.29;04:00:00;3614;3607;3608;3611;242
2015.06.29;08:00:00;3659;3607;3645;3615;898
2015.06.29;12:00:00;3656;3643;3652;3646;636
2015.06.29;16:00:00;3662;3647;3658;3653;760
2015.06.29;20:00:00;3662;3655;3656;3659;187
2015.06.30;00:00:00;3666;3638;3642;3647;1266
2015.06.30;04:00:00;3645;3615;3628;3641;1307
2015.06.30;08:00:00;3642;3615;3623;3627;1162
2015.06.30;12:00:00;3626;3612;3618;3622;367
2015.06.30;16:00:00;3677;3599;3670;3603;1304
2015.06.30;20:00:00;3674;3629;3631;3671;1313
2015.07.01;00:00:00;3653;3630;3645;3630.5;1492
2015.07.01;04:00:00;3653;3641;3652;3644;498
2015.07.01;08:00:00;3651;3634;3642;3649;1159
2015.07.01;12:00:00;3647;3635;3647;3641;875
2015.07.01;16:00:00;3654;3639;3645;3648;887
2015.07.01;20:00:00;3649;3643;3649;3644;154
2015.07.02;00:00:00;3687;3662;3685;3671;984
2015.07.02;04:00:00;3705;3684;3700;3684;740
2015.07.02;08:00:00;3710;3691;3696;3701;638
2015.07.02;12:00:00;3700;3683;3686;3697;247
2015.07.02;16:00:00;3705;3684;3691;3685;968
2015.07.02;20:00:00;3695;3681;3688;3690;834
2015.07.03;00:00:00;3689;3665;3681;3689;900
2015.07.03;04:00:00;3691;3676;3685;3679.5;582
2015.07.03;08:00:00;3694;3681;3691;3687;991
2015.07.03;12:00:00;3705;3691;3702;3692;634
2015.07.03;16:00:00;3721;3697;3715;3703;885
2015.07.03;20:00:00;3729;3715;3724;3716;277
2015.07.06;00:00:00;3732;3720;3731;3723;870
2015.07.06;04:00:00;3745;3725;3732;3732;787
2015.07.06;08:00:00;3750;3727;3749;3733;622
2015.07.06;12:00:00;3751;3747;3751;3750;195
2015.07.06;16:00:00;3760;3738;3757;3748;1071
2015.07.06;20:00:00;3762;3747;3760;3758;560
2015.07.07;00:00:00;3767;3732;3740;3759;762
2015.07.07;04:00:00;3746;3734;3737;3741;372
2015.07.07;08:00:00;3757;3716;3720;3743;1367
2015.07.07;12:00:00;3736;3711;3712;3721;1079
2015.07.07;16:00:00;3726;3699;3723;3711;871
2015.07.07;20:00:00;3729;3721;3729;3722;176
2015.07.08;00:00:00;3750;3719;3742;3727;1033
2015.07.08;04:00:00;3750;3734;3749;3741;981
2015.07.08;08:00:00;3751;3727;3727;3750;801
2015.07.08;12:00:00;3736;3726;3727;3728;285
2015.07.08;16:00:00;3735;3700;3700;3731;1402
2015.07.08;20:00:00;3703;3683;3693;3701;1250
2015.07.09;00:00:00;3701;3676;3684;3694;1120
2015.07.09;04:00:00;3685;3678;3681;3685;225
2015.07.09;08:00:00;3691;3661;3661;3685;1517
2015.07.09;12:00:00;3663;3602;3619;3662;2760
2015.07.09;16:00:00;3623;3590;3593;3618;1317
2015.07.09;20:00:00;3606;3590;3603;3594;399
2015.07.10;00:00:00;3643;3607;3630;3618;1504
2015.07.10;04:00:00;3649;3625;3644;3629;1023
2015.07.10;08:00:00;3652;3638;3642;3645;753
2015.07.10;12:00:00;3643;3637;3641.5;3643;269
2015.07.10;16:00:00;3692;3642;3659;3656;1828
2015.07.10;20:00:00;3684;3644;3681;3660;1498
2015.07.13;00:00:00;3681;3648;3654;3680;1124
2015.07.13;04:00:00;3662;3652;3660.5;3653;268
2015.07.13;08:00:00;3686;3627;3636;3665;2344
2015.07.13;12:00:00;3670;3620;3652;3635;1627
2015.07.13;16:00:00;3671;3635;3670;3653;1431
2015.07.13;20:00:00;3673;3664;3672;3669;336
2015.07.14;00:00:00;3678;3605;3635;3670;2300
2015.07.14;04:00:00;3638;3606;3637;3634;1621
2015.07.14;08:00:00;3655;3617;3654;3638;1289
2015.07.14;12:00:00;3657;3647;3648;3653;272
2015.07.14;16:00:00;3679;3638;3664;3643;2206
2015.07.14;20:00:00;3667;3634;3640;3663;1725
2015.07.15;00:00:00;3662;3626;3652;3641;1118
2015.07.15;04:00:00;3653;3645;3649;3652.5;159
2015.07.15;08:00:00;3666;3615;3634;3651;1426
2015.07.15;12:00:00;3722;3633;3720;3635;1007
2015.07.15;16:00:00;3725;3698;3703;3721;733
2015.07.15;20:00:00;3707.5;3694;3696;3704;269
2015.07.16;00:00:00;3707;3685;3689;3697;886
2015.07.16;04:00:00;3692;3656;3658;3688;1781
2015.07.16;08:00:00;3662;3634;3654;3657;1586
2015.07.16;12:00:00;3662;3650;3662;3653;182
2015.07.16;16:00:00;3676;3642;3654;3657;2225
2015.07.16;20:00:00;3661;3596;3604;3653;2402
2015.07.17;00:00:00;3606;3534;3551;3605;2695
2015.07.17;04:00:00;3574;3551.5;3567;3551.5;1172
2015.07.17;08:00:00;3571;3520;3555;3560;3588
2015.07.17;12:00:00;3586;3548;3559;3556;2230
2015.07.17;16:00:00;3572;3536;3557;3560;2407
2015.07.17;20:00:00;3558;3524;3542;3558;1030
2015.07.20;00:00:00;3588;3533;3578;3569.5;2240
2015.07.20;04:00:00;3604;3575;3590;3579;1405
2015.07.20;08:00:00;3598;3579;3581;3589;1219
2015.07.20;12:00:00;3585;3577;3578;3582;236
2015.07.20;16:00:00;3618;3560;3594;3576;2486
2015.07.20;20:00:00;3597;3536;3536.5;3595;2308
2015.07.21;00:00:00;3544;3488;3496;3537;2178
2015.07.21;04:00:00;3500;3488;3499;3497;539
2015.07.21;08:00:00;3537;3477;3521;3510.5;3514
2015.07.21;12:00:00;3537;3482;3494;3522;2252
2015.07.21;16:00:00;3523;3479;3493;3493;2322
2015.07.21;20:00:00;3499;3481;3498;3492;578
2015.07.22;00:00:00;3505;3439;3464;3503;3338
2015.07.22;04:00:00;3522;3460;3499;3463;2822
2015.07.22;08:00:00;3524;3492;3506;3498;1724
2015.07.22;12:00:00;3512.5;3501;3504;3506.5;323
2015.07.22;16:00:00;3545;3510;3534;3512.5;2845
2015.07.22;20:00:00;3590;3526;3590;3533;2541
2015.07.23;00:00:00;3614;3587;3608;3591;1153
2015.07.23;04:00:00;3614;3606;3610;3609;228
2015.07.23;08:00:00;3609;3574;3577;3607;2464
2015.07.23;12:00:00;3597;3574;3595;3576;1829
2015.07.23;16:00:00;3600;3583;3585;3594;1386
2015.07.23;20:00:00;3587;3575;3583;3586;307
2015.07.24;00:00:00;3591;3512;3528;3587;3010
2015.07.24;04:00:00;3549;3523;3540;3529;2703
2015.07.24;08:00:00;3556;3520;3545;3539;1807
2015.07.24;12:00:00;3552;3541;3547;3544.5;435
2015.07.24;16:00:00;3586;3547;3575;3555;2506
2015.07.24;20:00:00;3583;3545;3557;3575.5;2214
2015.07.27;00:00:00;3561;3509;3516;3556.5;1816
2015.07.27;04:00:00;3516.5;3509;3515;3516.5;379
2015.07.27;08:00:00;3538;3480;3522;3513;2536
2015.07.27;12:00:00;3558;3516;3554;3523;2024
2015.07.27;16:00:00;3584;3549;3578;3553;1092
2015.07.27;20:00:00;3579;3571;3574;3577;264
2015.07.28;00:00:00;3600;3570;3590;3573;2244
2015.07.28;04:00:00;3598;3558;3562;3591;2248
2015.07.28;08:00:00;3561;3526;3551;3560.5;1708
2015.07.28;12:00:00;3556;3549;3556;3551.5;230
2015.07.28;16:00:00;3576;3531;3548;3557;2245
2015.07.28;20:00:00;3548.5;3509;3548;3548.5;2343
2015.07.29;00:00:00;3577;3543;3576;3547.5;1121
2015.07.29;04:00:00;3578;3572;3577;3575;158
2015.07.29;08:00:00;3648;3579;3635;3583;2788
2015.07.29;12:00:00;3647.5;3622;3639;3636;1994
2015.07.29;16:00:00;3656;3631;3652;3638;1160
2015.07.29;20:00:00;3653;3638;3641;3653;251
2015.07.30;00:00:00;3660;3633;3638;3648;2207
2015.07.30;04:00:00;3654;3638;3652;3639;1472
2015.07.30;08:00:00;3672;3650;3661.5;3651;858
2015.07.30;12:00:00;3669;3658;3666;3662;678
2015.07.30;16:00:00;3665;3645;3653;3660;2349
2015.07.30;20:00:00;3665;3642.5;3663;3654;1719
2015.07.31;00:00:00;3680;3657;3673;3662;1252
2015.07.31;04:00:00;3682;3672;3678;3672;186
2015.07.31;08:00:00;3680;3656;3664;3677.5;1415
2015.07.31;12:00:00;3678;3659;3670;3665;1580
2015.07.31;16:00:00;3677;3661;3673;3671;759
2015.07.31;20:00:00;3675;3664;3669;3672;232
2015.08.03;00:00:00;3667;3609;3627;3651;2768
2015.08.03;04:00:00;3655;3619;3622;3628;1813
2015.08.03;08:00:00;3626;3593;3605;3623;1419
2015.08.03;12:00:00;3618;3604;3617.5;3606;448
2015.08.03;16:00:00;3634;3607;3625;3618.5;1817
2015.08.03;20:00:00;3671;3613;3659;3626;1817
2015.08.04;00:00:00;3681;3654;3677;3660;1548
2015.08.04;04:00:00;3679;3672;3672;3678;173
2015.08.04;08:00:00;3665;3647;3657;3655;2328
2015.08.04;12:00:00;3665;3640;3642;3656;1721
2015.08.04;16:00:00;3646;3615;3643;3641;1514
2015.08.04;20:00:00;3652;3643;3652;3644;190
2015.08.05;00:00:00;3658;3597;3606;3650;2342
2015.08.05;04:00:00;3641;3603;3608;3607;1978
2015.08.05;08:00:00;3610;3554;3574;3609;1879
2015.08.05;12:00:00;3577;3564;3569;3573;651
2015.08.05;16:00:00;3597;3545;3555;3588;2459
2015.08.05;20:00:00;3597;3549;3565;3554;2075
2015.08.06;00:00:00;3583;3556;3580;3566.5;1454
2015.08.06;04:00:00;3585;3573;3583;3581;224
2015.08.06;08:00:00;3592;3524;3551;3584;2039
2015.08.06;12:00:00;3580;3544;3556;3550;2735
2015.08.06;16:00:00;3570;3550;3567;3557;1440
2015.08.06;20:00:00;3568;3550;3552;3568;425
2015.08.07;00:00:00;3573;3547;3567;3556;1951
2015.08.07;04:00:00;3616;3568;3582;3568;2507
2015.08.07;08:00:00;3595;3556;3573;3583;1761
2015.08.07;12:00:00;3578;3563;3566;3574;382
2015.08.07;16:00:00;3562;3501;3520;3560;3302
2015.08.07;20:00:00;3578;3513;3577;3521;2284
2015.08.10;00:00:00;3590;3507;3515;3576;2108
2015.08.10;04:00:00;3527;3511;3524.5;3514;748
2015.08.10;08:00:00;3532;3503;3505;3521;2496
2015.08.10;12:00:00;3520;3487;3505;3505.5;3083
2015.08.10;16:00:00;3528;3491;3501;3504;1858
2015.08.10;20:00:00;3510;3499;3507;3502;356
2015.08.11;00:00:00;3514;3477;3488;3510.5;2774
2015.08.11;04:00:00;3495;3466;3472;3487;2179
2015.08.11;08:00:00;3483;3440;3443;3471;1325
2015.08.11;12:00:00;3455;3436;3448;3442;426
2015.08.11;16:00:00;3473;3406;3413;3450;2586
2015.08.11;20:00:00;3457;3411;3429;3414;2325
2015.08.12;00:00:00;3460;3423;3440;3428;1597
2015.08.12;04:00:00;3442;3430;3435;3439;323
2015.08.12;08:00:00;3481;3427;3476;3438;2417
2015.08.12;12:00:00;3498;3474;3495;3477;1736
2015.08.12;16:00:00;3540;3487;3527;3496;1549
2015.08.12;20:00:00;3535;3517;3520;3528;332
2015.08.13;00:00:00;3556;3511;3549;3520.5;2195
2015.08.13;04:00:00;3584;3544;3583;3548;1628
2015.08.13;08:00:00;3588;3529;3555;3583.5;2000
2015.08.13;12:00:00;3557;3547;3549;3556;218
2015.08.13;16:00:00;3555;3520;3548;3546;2339
2015.08.13;20:00:00;3552;3476;3483;3549;2178
2015.08.14;00:00:00;3509;3462;3496;3482;2367
2015.08.14;04:00:00;3504;3490;3503;3495;306
2015.08.14;08:00:00;3473.5;3430.5;3450;3467;3817
2015.08.14;12:00:00;3457;3417;3436;3451;3123
2015.08.14;16:00:00;3452;3425;3428;3435.5;2314
2015.08.14;20:00:00;3444;3425;3441.5;3428.5;704
2015.08.17;00:00:00;3433.5;3377;3393;3433;3269
2015.08.17;04:00:00;3442;3387;3440;3395;2561
2015.08.17;08:00:00;3459.5;3424;3451;3439;1444
2015.08.17;12:00:00;3455;3447;3448.5;3450;204
2015.08.17;16:00:00;3464;3427;3441;3452.5;2194
2015.08.17;20:00:00;3446;3409;3432;3440;1911
2015.08.18;00:00:00;3454;3391;3407.5;3433;1418
2015.08.18;04:00:00;3416;3394.5;3403.5;3408;1207
2015.08.18;08:00:00;3416;3367;3389;3393.5;2696
2015.08.18;12:00:00;3426;3388;3420.5;3390;2743
2015.08.18;16:00:00;3533;3420;3465;3420;4132
2015.08.18;20:00:00;3478;3450;3459;3466;662
2015.08.19;00:00:00;3493;3436.5;3478;3440.5;2905
2015.08.19;04:00:00;3494;3439;3448;3477;2962
2015.08.19;08:00:00;3464;3439;3452;3447;1861
2015.08.19;12:00:00;3454;3445;3445.5;3451;217
2015.08.19;16:00:00;3575;3506;3559.5;3506;3483
2015.08.19;20:00:00;3567;3524;3564;3559;3305
2015.08.20;00:00:00;3601;3563;3587;3565;1815
2015.08.20;04:00:00;3596;3581;3581;3586;375
2015.08.20;08:00:00;3642;3609;3634;3625.5;2405
2015.08.20;12:00:00;3647;3630;3646;3633;1462
2015.08.20;16:00:00;3648;3618;3634;3647;1454
2015.08.20;20:00:00;3634;3624;3630;3633;483
2015.08.21;00:00:00;3637;3573;3577;3635;3474
2015.08.21;04:00:00;3615;3577;3605;3578;3133
2015.08.21;08:00:00;3617;3578;3592;3604;2103
2015.08.21;12:00:00;3594;3580;3587;3591;511
2015.08.21;16:00:00;3623;3573;3610;3597;3237
2015.08.21;20:00:00;3649;3567;3595;3611;3955
2015.08.24;00:00:00;3611;3587;3598;3594;2011
2015.08.24;04:00:00;3598;3585;3589;3597;521
2015.08.24;08:00:00;3595;3563;3578;3577;2581
2015.08.24;12:00:00;3639;3578;3633;3579;2721
2015.08.24;16:00:00;3636;3607;3613;3634;1958
2015.08.24;20:00:00;3622;3609;3618;3612;566
2015.08.25;00:00:00;3507;3400;3485;3408.5;5913
2015.08.25;04:00:00;3525;3471;3509;3484;3347
2015.08.25;08:00:00;3518;3438;3442;3510;3143
2015.08.25;12:00:00;3449;3415;3426;3443;819
2015.08.25;16:00:00;3475;3409;3465;3437;4444
2015.08.25;20:00:00;3490;3442;3446.5;3464;4127
2015.08.26;00:00:00;3465;3403;3430;3447;3731
2015.08.26;04:00:00;3464;3419;3433;3432;1344
2015.08.26;08:00:00;3529;3431;3493;3450;4297
2015.08.26;12:00:00;3516;3482;3512;3491;2816
2015.08.26;16:00:00;3519;3469;3474;3512.5;2577
2015.08.26;20:00:00;3491;3470;3488;3475;730
2015.08.27;00:00:00;3506;3480;3486;3487;2338
2015.08.27;04:00:00;3496;3462;3466;3485;2241
2015.08.27;08:00:00;3471;3446;3451.5;3465;2238
2015.08.27;12:00:00;3465;3451;3461.5;3451;583
2015.08.27;16:00:00;3469;3433;3449;3468;2263
2015.08.27;20:00:00;3452;3417;3426;3448.5;1455
2015.08.28;00:00:00;3451;3419;3446;3425;1511
2015.08.28;04:00:00;3447;3421;3433;3447;503
2015.08.28;08:00:00;3406;3322;3397;3324.5;5084
2015.08.28;12:00:00;3401;3352;3370;3396;3030
2015.08.28;16:00:00;3393;3328;3331;3369;3029
2015.08.28;20:00:00;3349;3325;3347;3330;1350
2015.08.31;00:00:00;3375;3344;3353;3361;2602
2015.08.31;04:00:00;3354;3321;3327;3354;2878
2015.08.31;08:00:00;3336;3282;3331;3326;4075
2015.08.31;12:00:00;3372;3323;3366;3331.5;1289
2015.08.31;16:00:00;3333;3278.5;3309;3313;4327
2015.08.31;20:00:00;3341;3302;3315;3310;2780
2015.09.01;00:00:00;3335;3308;3315;3314;2950
2015.09.01;04:00:00;3317;3293;3305.5;3315.5;1797
2015.09.01;08:00:00;3389;3331;3385;3338;2332
2015.09.01;12:00:00;3416;3375;3415;3384.5;2688
2015.09.01;16:00:00;3430.5;3393;3411;3414;3092
2015.09.01;20:00:00;3414;3399;3400;3410;805
2015.09.02;00:00:00;3525;3482;3507;3484.5;3539
2015.09.02;04:00:00;3533;3506;3514;3508;2124
2015.09.02;08:00:00;3550;3508;3533;3515;2252
2015.09.02;12:00:00;3558;3534;3551.5;3534;665
2015.09.02;16:00:00;3604;3491;3590;3518;5061
2015.09.02;20:00:00;3592;3574;3583;3589;2095
2015.09.03;00:00:00;3595;3579;3580;3582.5;1568
2015.09.03;04:00:00;3590;3580;3590;3581;306
2015.09.03;08:00:00;3602;3568;3569;3596;1801
2015.09.03;12:00:00;3584;3568;3583;3570;1442
2015.09.03;16:00:00;3612;3583;3610;3584;1062
2015.09.03;20:00:00;3616;3605;3613;3609;342
2015.09.04;00:00:00;3613.5;3593;3605;3612;1525
2015.09.04;04:00:00;3622;3604;3622;3604;1503
2015.09.04;08:00:00;3632;3619;3624;3621;1004
2015.09.04;12:00:00;3625;3597;3615;3625;593
2015.09.04;16:00:00;3682;3639;3677;3644;1826
2015.09.04;20:00:00;3694;3671;3674;3676;1770
2015.09.07;00:00:00;3682;3668;3676;3675;1212
2015.09.07;04:00:00;3683;3675;3680;3675;155
2015.09.07;08:00:00;3692;3665;3676;3679;1219
2015.09.07;12:00:00;3680;3670;3673;3675;1181
2015.09.07;16:00:00;3674;3659;3666;3672;1205
2015.09.07;20:00:00;3673.5;3665;3671.5;3667;280
2015.09.08;00:00:00;3710;3677;3710;3677;656
2015.09.08;04:00:00;3712;3690;3690;3711;1021
2015.09.08;08:00:00;3692;3676;3690;3691;971
2015.09.08;12:00:00;3691;3686;3688.5;3689;257
2015.09.08;16:00:00;3694;3672;3681;3693;1066
2015.09.08;20:00:00;3685;3658;3661;3680.5;830
2015.09.09;00:00:00;3662;3634;3637;3662;1150
2015.09.09;04:00:00;3646;3634;3646;3636;408
2015.09.09;08:00:00;3646;3613;3640;3634;1210
2015.09.09;12:00:00;3645;3624;3642;3641;1285
2015.09.09;16:00:00;3646;3629;3638;3643.5;1187
2015.09.09;20:00:00;3638;3632;3637;3637;172
2015.09.10;00:00:00;3664;3629;3641;3652;1127
2015.09.10;04:00:00;3643;3618;3621;3641.5;1119
2015.09.10;08:00:00;3643;3611;3619;3622;1090
2015.09.10;12:00:00;3619;3605;3609;3618;268
2015.09.10;16:00:00;3650;3607;3643;3618;1292
2015.09.10;20:00:00;3644;3608;3620;3642;1160
2015.09.11;00:00:00;3619;3577;3578;3619;1784
2015.09.11;04:00:00;3582;3574;3575;3577.5;524
2015.09.11;08:00:00;3588;3542;3554;3588;2067
2015.09.11;12:00:00;3555;3516;3525;3553;2308
2015.09.11;16:00:00;3535;3501;3504;3526;1817
2015.09.11;20:00:00;3510;3500;3506;3503.5;391
2015.09.14;00:00:00;3562;3519;3558;3526.5;1536
2015.09.14;04:00:00;3565;3543;3547.5;3559;1435
2015.09.14;08:00:00;3566;3526;3566;3548;1579
2015.09.14;12:00:00;3567;3558;3559;3565;283
2015.09.14;16:00:00;3581;3543;3562;3554.5;1770
2015.09.14;20:00:00;3565;3541;3561;3563;1605
2015.09.15;00:00:00;3579;3558;3578.5;3561.5;1244
2015.09.15;04:00:00;3595;3575;3583.5;3577;899
2015.09.15;08:00:00;3599;3562;3581;3583;1596
2015.09.15;12:00:00;3596;3550;3553;3582;1920
2015.09.15;16:00:00;3586;3550;3578;3552;1488
2015.09.15;20:00:00;3586;3578;3586;3579;427
2015.09.16;00:00:00;3593;3571;3574;3588;1321
2015.09.16;04:00:00;3582;3555;3560;3574.5;2089
2015.09.16;08:00:00;3603;3560;3597;3561;1303
2015.09.16;12:00:00;3599;3591;3598;3596;375
2015.09.16;16:00:00;3623;3586;3613;3590;1849
2015.09.16;20:00:00;3640;3611;3636;3612;1430
2015.09.17;00:00:00;3637;3611;3618;3636.5;1515
2015.09.17;04:00:00;3625;3612;3625;3617.5;541
2015.09.17;08:00:00;3630;3603;3618;3626;1471
2015.09.17;12:00:00;3618;3600;3614;3617.5;1279
2015.09.17;16:00:00;3621;3609;3614;3613;1079
2015.09.17;20:00:00;3623;3611;3622;3613;279
2015.09.18;00:00:00;3655;3624;3653;3624;1340
2015.09.18;04:00:00;3671;3652;3667;3654;1396
2015.09.18;08:00:00;3682;3663;3664;3669;1263
2015.09.18;12:00:00;3667;3661;3661;3663.5;258
2015.09.18;16:00:00;3682;3660;3671;3662;1096
2015.09.18;20:00:00;3686;3665;3668;3672;1086
2015.09.21;00:00:00;3679;3647;3656;3667;1301
2015.09.21;04:00:00;3662;3653;3661;3655;258
2015.09.21;08:00:00;3669;3645;3656;3665;1097
2015.09.21;12:00:00;3667;3649;3656;3655;1676
2015.09.21;16:00:00;3657;3633;3637;3655.5;1325
2015.09.21;20:00:00;3645;3634;3645;3636;393
2015.09.22;00:00:00;3667;3622;3643;3655;1438
2015.09.22;04:00:00;3675;3642;3669;3644;879
2015.09.22;08:00:00;3679;3666;3676;3670;756
2015.09.22;12:00:00;3679;3673;3678;3675;118
2015.09.22;16:00:00;3668;3629;3631;3662;1868
2015.09.22;20:00:00;3645;3607;3614;3632;1780
2015.09.23;00:00:00;3623;3598;3602;3613.5;1508
2015.09.23;04:00:00;3616;3602;3611;3603;389
2015.09.23;08:00:00;3577;3496;3508;3577;2727
2015.09.23;12:00:00;3535;3492;3494;3509;1925
2015.09.23;16:00:00;3517;3471;3517;3493;2126
2015.09.23;20:00:00;3534;3509;3531;3516;606
2015.09.24;00:00:00;3557.5;3518;3543;3540;1981
2015.09.24;04:00:00;3554;3521;3527;3542;1536
2015.09.24;08:00:00;3534;3507;3519;3526;1422
2015.09.24;12:00:00;3527;3506;3510;3518.5;292
2015.09.24;16:00:00;3539;3495;3501;3506;2059
2015.09.24;20:00:00;3505;3475;3499;3500;1903
2015.09.25;00:00:00;3510;3479;3505;3498;1129
2015.09.25;04:00:00;3512;3503;3510.5;3504;100
2015.09.25;08:00:00;3538;3493;3512;3510;1937
2015.09.25;12:00:00;3513;3453;3474;3513;1909
2015.09.25;16:00:00;3508;3475;3505;3475;822
2015.09.25;20:00:00;3508;3503;3508;3506;192
2015.09.28;00:00:00;3510;3478;3489;3506;1832
2015.09.28;04:00:00;3510;3484;3498;3490;1586
2015.09.28;08:00:00;3508;3488;3489;3497;737
2015.09.28;12:00:00;3496;3485;3489.5;3488;214
2015.09.28;16:00:00;3478;3441;3460;3473;2461
2015.09.28;20:00:00;3479;3442;3447;3461;1610
2015.09.29;00:00:00;3459;3423;3434;3446;1358
2015.09.29;04:00:00;3454;3428;3434;3433;1089
2015.09.29;08:00:00;3426;3385;3402;3421;2682
2015.09.29;12:00:00;3411;3371;3374;3403;2009
2015.09.29;16:00:00;3381;3332;3346;3372.5;2173
2015.09.29;20:00:00;3346;3316;3317.5;3345.5;870
2015.09.30;00:00:00;3352;3271;3332;3273;3033
2015.09.30;04:00:00;3342;3292;3310;3333;2690
2015.09.30;08:00:00;3322;3227;3242;3309;3362
2015.09.30;12:00:00;3252;3206;3216;3241.5;1767
2015.09.30;16:00:00;3186;3120;3165;3134.5;5603
2015.09.30;20:00:00;3167;2950.5;3029;3164;7917
2015.10.01;00:00:00;3156;3022;3108;3028;8242
2015.10.01;04:00:00;3120;3034;3061;3108.5;4739
2015.10.01;08:00:00;3188;3086;3176;3086;6967
2015.10.01;12:00:00;3224.5;3163;3201.5;3177;6271
2015.10.01;16:00:00;3237;3165;3179;3202;5296
2015.10.01;20:00:00;3190;3105;3120;3178.5;3331
2015.10.02;00:00:00;3192;3121;3162;3178;5107
2015.10.02;04:00:00;3223;3157;3201;3163;4379
2015.10.02;08:00:00;3215;3139;3185;3200;5736
2015.10.02;12:00:00;3233;3156;3230;3186;2399
2015.10.02;16:00:00;3275;3222.5;3261;3232.5;3608
2015.10.02;20:00:00;3288;3250;3266;3262;2663
2015.10.05;00:00:00;3300;3260;3292;3267;3119
2015.10.05;04:00:00;3296;3249;3294;3291;3202
2015.10.05;08:00:00;3294;3248;3273;3283.5;3241
2015.10.05;12:00:00;3273;3253;3271;3272;2811
2015.10.05;16:00:00;3293;3254;3279;3270;3366
2015.10.05;20:00:00;3292;3275;3283;3280;1398
2015.10.06;00:00:00;3272;3236;3259;3245;1685
2015.10.06;04:00:00;3277;3249;3255;3259.5;1595
2015.10.06;08:00:00;3285;3245;3267;3257;2077
2015.10.06;12:00:00;3270;3259;3262;3268;751
2015.10.06;16:00:00;3228;3160;3186;3192;4065
2015.10.06;20:00:00;3210;3165;3174;3185;3111
2015.10.07;00:00:00;3193;3158;3174;3172.5;3604
2015.10.07;04:00:00;3175;3142;3155.5;3173;1972
2015.10.07;08:00:00;3217;3165;3191;3192;3123
2015.10.07;12:00:00;3231;3185;3214;3192;3076
2015.10.07;16:00:00;3224;3181;3204;3213.5;2974
2015.10.07;20:00:00;3222;3200;3221.5;3205;1273
2015.10.08;00:00:00;3252;3217;3236;3223;2003
2015.10.08;04:00:00;3273;3227;3263;3235;2983
2015.10.08;08:00:00;3295;3244;3245;3264;2576
2015.10.08;12:00:00;3257;3238;3246;3246;1859
2015.10.08;16:00:00;3238;3200;3205;3214;2686
2015.10.08;20:00:00;3214;3157;3178;3206;3438
2015.10.09;00:00:00;3194;3151;3159;3177;2831
2015.10.09;04:00:00;3186;3152;3166.5;3158.5;1121
2015.10.09;08:00:00;3227;3184;3192;3196;2243
2015.10.09;12:00:00;3200;3184;3193.5;3193;1234
2015.10.09;16:00:00;3202;3188;3190;3194;511
2015.10.09;20:00:00;3196;3190;3196;3191;82
2015.10.12;00:00:00;3265;3191;3263;3204;2282
2015.10.12;04:00:00;3275;3245;3252;3262;1788
2015.10.12;08:00:00;3252;3226;3239;3251;1961
2015.10.12;12:00:00;3254;3237;3253;3239.5;802
2015.10.12;16:00:00;3317;3285;3305;3294;2784
2015.10.12;20:00:00;3326;3301;3308;3306;2005
2015.10.13;00:00:00;3310;3242;3243;3309;2557
2015.10.13;04:00:00;3252;3217;3220;3243.5;1786
2015.10.13;08:00:00;3266;3227;3259;3241;2749
2015.10.13;12:00:00;3263;3207;3218;3258.5;3082
2015.10.13;16:00:00;3246;3210;3236;3217;3153
2015.10.13;20:00:00;3240;3221;3233;3236.5;1051
2015.10.14;00:00:00;3239;3180;3200;3232.5;2469
2015.10.14;04:00:00;3203;3182;3195;3201;1894
2015.10.14;08:00:00;3211;3184;3196;3193;1989
2015.10.14;12:00:00;3208;3191;3205;3195.5;605
2015.10.14;16:00:00;3208;3170;3182;3194.5;2767
2015.10.14;20:00:00;3189;3156.5;3163;3181;2214
2015.10.15;00:00:00;3187;3154;3169;3164;2184
2015.10.15;04:00:00;3170;3164;3168;3168;732
2015.10.15;08:00:00;3182;3143;3158;3175;2372
2015.10.15;12:00:00;3191;3152;3178.5;3157;2100
2015.10.15;16:00:00;3211;3176.5;3205;3179;1902
2015.10.15;20:00:00;3214;3204;3211;3204;512
2015.10.16;00:00:00;3241;3206;3227.5;3206;1297
2015.10.16;04:00:00;3255;3223;3228;3227;1338
2015.10.16;08:00:00;3245;3220;3243;3229;1399
2015.10.16;12:00:00;3249;3232;3247;3242;451
2015.10.16;16:00:00;3262;3226;3241;3259;1476
2015.10.16;20:00:00;3253;3234;3244;3240.5;1333
2015.10.19;00:00:00;3251;3237;3243.5;3243;1325
2015.10.19;04:00:00;3281;3218;3228.5;3249;2643
2015.10.19;08:00:00;3235;3157;3164;3233;2823
2015.10.19;12:00:00;3175;3124;3134;3165;3156
2015.10.19;16:00:00;3163;3131;3133.5;3135;2593
2015.10.19;20:00:00;3155;3132;3148;3133;1155
2015.10.20;00:00:00;3171;3129;3159;3141;2524
2015.10.20;04:00:00;3185;3150;3161;3159.5;2063
2015.10.20;08:00:00;3187;3146;3165;3160;1796
2015.10.20;12:00:00;3174;3159;3173;3164;787
2015.10.20;16:00:00;3187;3076;3080;3180;3189
2015.10.20;20:00:00;3095;3063;3086;3081;2666
2015.10.21;00:00:00;3094;3054;3071;3087;2265
2015.10.21;04:00:00;3086;3065;3084.5;3070;757
2015.10.21;08:00:00;3113;3036;3100;3054.5;2718
2015.10.21;12:00:00;3103;3066;3077;3099;2306
2015.10.21;16:00:00;3092;3053;3068;3078;1747
2015.10.21;20:00:00;3076;3061;3067;3067;937
2015.10.22;00:00:00;3089;3042;3055;3063;3293
2015.10.22;04:00:00;3059;2996;3008.5;3056;3538
2015.10.22;08:00:00;3033;2983;3021;3009;3004
2015.10.22;12:00:00;3056;3017;3038;3020;1647
2015.10.22;16:00:00;3116;3046;3108;3055;2967
2015.10.22;20:00:00;3118;3086;3102;3107;2428
2015.10.23;00:00:00;3117;3091;3110;3103;2201
2015.10.23;04:00:00;3113;3057;3076;3111;1828
2015.10.23;08:00:00;3102;3052;3061;3067;3168
2015.10.23;12:00:00;3070;3031;3034;3062;2503
2015.10.23;16:00:00;3043;3012;3014;3033;2669
2015.10.23;20:00:00;3021;3006;3013;3014.5;1319
2015.10.25;23:00:00;3047;2969;3022;2997;3676
2015.10.26;00:00:00;3041;2998;3015;3023;2176
2015.10.26;04:00:00;3042;3006;3030;3016.5;3624
2015.10.26;08:00:00;3031;3009;3025;3029;1429
2015.10.26;12:00:00;3097;3061;3094;3061;3291
2015.10.26;16:00:00;3107;3088;3089;3095;2424
2015.10.26;20:00:00;3100;3062;3082;3090;2728
2015.10.27;00:00:00;3097;3076;3095;3083;1026
2015.10.27;04:00:00;3136;3108;3110;3125.5;2640
2015.10.27;08:00:00;3111;3067;3068;3109;2618
2015.10.27;12:00:00;3081;3041;3055;3069;3561
2015.10.27;16:00:00;3078;3053;3076;3054;1221
2015.10.27;20:00:00;3114;3078;3113;3085.5;2796
2015.10.28;00:00:00;3117;3024;3039;3114;3479
2015.10.28;04:00:00;3111;3030;3100;3037.5;3307
2015.10.28;08:00:00;3127;3098;3127;3099;1094
2015.10.28;12:00:00;3170;3120;3169;3147;2801
2015.10.28;16:00:00;3192;3165;3185.5;3170;1566
2015.10.28;20:00:00;3200;3172;3198.5;3185;1998
2015.10.29;00:00:00;3209;3196;3205.5;3199;539
2015.10.29;04:00:00;3200;3156;3187;3190;2851
2015.10.29;08:00:00;3226;3177;3224;3188;2180
2015.10.29;12:00:00;3225;3192;3201;3225;2768
2015.10.29;16:00:00;3212;3199;3201;3200;1211
2015.10.29;20:00:00;3252;3208;3232;3211;3225
2015.10.30;00:00:00;3257;3223;3253;3233;2250
2015.10.30;04:00:00;3262;3206;3234;3254;2967
2015.10.30;08:00:00;3242;3225;3241;3235;1273
2015.10.30;12:00:00;3225;3194;3203;3211;3164
2015.10.30;16:00:00;3219;3200;3216;3203.5;2349
2015.10.30;20:00:00;3229;3206;3224;3215;2225
2015.11.02;00:00:00;3252;3222;3249;3224.5;1730
2015.11.02;04:00:00;3260;3230;3248;3260;2302
2015.11.02;08:00:00;3261;3241;3247;3249;2038
2015.11.02;12:00:00;3248;3225;3227;3246;2272
2015.11.02;16:00:00;3243;3225;3243;3228;686
2015.11.02;20:00:00;3255.5;3220;3234;3245;2450
2015.11.03;00:00:00;3239;3220;3232;3235;1581
2015.11.03;04:00:00;3243;3227;3233;3231;1681
2015.11.03;08:00:00;3235;3231;3234;3232;369
2015.11.03;12:00:00;3234;3185;3191;3230;2851
2015.11.03;16:00:00;3208;3183;3203;3191.5;1803
2015.11.03;20:00:00;3224;3202;3205;3202;1845
2015.11.04;00:00:00;3208;3192;3196;3204;714
2015.11.04;04:00:00;3198;3170;3190;3192.5;2763
2015.11.04;08:00:00;3218;3189;3216;3189;2088
2015.11.04;12:00:00;3219;3181;3196;3215;2679
2015.11.04;16:00:00;3199;3178;3186;3197;1050
2015.11.04;20:00:00;3231;3199;3227;3207;2480
2015.11.05;00:00:00;3233;3220;3227;3226;2218
2015.11.05;04:00:00;3241;3215;3239;3226.5;2193
2015.11.05;08:00:00;3257;3238;3256;3238;706
2015.11.05;12:00:00;3266;3242;3260;3255;2144
2015.11.05;16:00:00;3260;3239;3250;3259.5;1986
2015.11.05;20:00:00;3263;3239;3251;3249.5;1766
2015.11.06;00:00:00;3266;3249;3264;3252;729
2015.11.06;04:00:00;3287;3245;3274;3261;2320
2015.11.06;08:00:00;3278;3250;3264;3273;1501
2015.11.06;12:00:00;3268;3250.5;3256;3265;1792
2015.11.06;16:00:00;3266;3254;3265.5;3256.5;836
2015.11.06;20:00:00;3275;3233;3240;3262;2111
2015.11.09;00:00:00;3251;3232;3246;3239.5;1432
2015.11.09;04:00:00;3259;3243;3247;3247;1797
2015.11.09;08:00:00;3256;3245;3251;3246;791
2015.11.09;12:00:00;3272;3230;3259;3265;2365
2015.11.09;16:00:00;3276;3258;3272;3260;1688
2015.11.09;20:00:00;3271;3248;3253;3271;2230
2015.11.10;00:00:00;3265;3246;3248;3252;1283
2015.11.10;04:00:00;3275;3248;3269;3253;1763
2015.11.10;08:00:00;3353;3266;3343;3268;2762
2015.11.10;12:00:00;3377;3340;3366;3344;2040
2015.11.10;16:00:00;3373;3359;3363;3365.5;1161
2015.11.10;20:00:00;3408;3372;3406;3388;2422
2015.11.11;00:00:00;3445;3402;3432;3407;2995
2015.11.11;04:00:00;3438;3414;3436;3433;2601
2015.11.11;08:00:00;3441;3430;3432;3435;944
2015.11.11;12:00:00;3425;3395;3406;3424;2337
2015.11.11;16:00:00;3428;3404;3411;3405;2358
2015.11.11;20:00:00;3413;3396;3411;3412;1389
2015.11.12;00:00:00;3413;3408;3408;3410;403
2015.11.12;04:00:00;3411;3387;3396;3407;1946
2015.11.12;08:00:00;3397;3379;3387;3397;1958
2015.11.12;12:00:00;3396;3374;3378.5;3386;1760
2015.11.12;16:00:00;3383;3378;3383;3378;301
2015.11.12;20:00:00;3409;3379;3393;3387;2187
2015.11.13;00:00:00;3423;3387;3421;3394;1892
2015.11.13;04:00:00;3436;3397;3436;3420;2934
2015.11.13;08:00:00;3447;3435;3444;3435;727
2015.11.13;12:00:00;3437;3388;3401;3432;3023
2015.11.13;16:00:00;3408;3381;3384;3402;2471
2015.11.13;20:00:00;3410;3382;3399.5;3383;1608
2015.11.16;00:00:00;3408;3397;3406;3400;393
2015.11.16;04:00:00;3422;3386;3396.5;3418;2436
2015.11.16;08:00:00;3401;3385;3399;3397;1992
2015.11.16;12:00:00;3422;3394;3407;3400;1391
2015.11.16;16:00:00;3412;3401;3401;3406;548
2015.11.16;20:00:00;3433;3372;3423;3383;2415
2015.11.17;00:00:00;3441;3422;3435;3422;1332
2015.11.17;04:00:00;3440;3423;3431;3434.5;1454
2015.11.17;08:00:00;3444;3431;3440;3431.5;746
2015.11.17;12:00:00;3438;3419;3430;3434;2494
2015.11.17;16:00:00;3431;3409;3421;3431;1376
2015.11.17;20:00:00;3446;3420;3444.5;3421.5;1307
2015.11.18;00:00:00;3452;3436;3441;3444;737
2015.11.18;04:00:00;3466;3439;3457;3446;1928
2015.11.18;08:00:00;3466;3430;3440;3458;1218
2015.11.18;12:00:00;3455;3424;3434;3441.5;2415
2015.11.18;16:00:00;3440;3432;3435;3434.5;1377
2015.11.18;20:00:00;3465;3414;3461;3440;2605
2015.11.19;00:00:00;3470;3450;3464;3462;1587
2015.11.19;04:00:00;3464;3431;3451.5;3463;1988
2015.11.19;08:00:00;3454;3438;3441;3452;684
2015.11.19;12:00:00;3447;3423;3427;3445;1946
2015.11.19;16:00:00;3481;3417;3457;3428;2656
2015.11.19;20:00:00;3472;3441;3470;3458;2492
2015.11.20;00:00:00;3477;3464.5;3477;3470.5;860
2015.11.20;04:00:00;3472;3444;3450;3468;2538
2015.11.20;08:00:00;3456;3441;3442;3451;1682
2015.11.20;12:00:00;3445;3405;3410;3441;2107
2015.11.20;16:00:00;3427;3407;3425;3411;1048
2015.11.20;20:00:00;3434;3387;3392;3430;2437
2015.11.23;00:00:00;3425;3388;3423;3391;2030
2015.11.23;04:00:00;3428;3405;3427;3424;1580
2015.11.23;08:00:00;3433;3424.5;3425;3428;583
2015.11.23;12:00:00;3454;3421;3441;3432;1953
2015.11.23;16:00:00;3464;3438;3445;3440;1531
2015.11.23;20:00:00;3455;3428;3443;3446;1723
2015.11.24;00:00:00;3447;3428;3429;3443.5;799
2015.11.24;04:00:00;3456;3413;3421;3436;2736
2015.11.24;08:00:00;3427;3379;3388;3422;2195
2015.11.24;12:00:00;3408;3372;3382;3387;2424
2015.11.24;16:00:00;3383;3358;3361;3382.5;1127
2015.11.24;20:00:00;3389;3358;3369;3358;2660
2015.11.25;00:00:00;3369;3337;3346.5;3368;2875
2015.11.25;04:00:00;3371;3322;3359;3347;2712
2015.11.25;08:00:00;3362;3341;3344;3358;1298
2015.11.25;12:00:00;3376;3291;3357;3291;2863
2015.11.25;16:00:00;3369;3340;3359;3358;2115
2015.11.25;20:00:00;3385;3348;3385;3360;2551
2015.11.26;00:00:00;3397;3382;3397;3386;713
2015.11.26;04:00:00;3430;3381;3424.5;3403;1884
2015.11.26;08:00:00;3436;3421;3430;3425;1423
2015.11.26;12:00:00;3452;3424;3442;3431;1773
2015.11.26;16:00:00;3443;3411;3422;3441;1094
2015.11.26;20:00:00;3433;3412;3414;3425;2103
2015.11.27;00:00:00;3441;3414;3427;3415;1596
2015.11.27;04:00:00;3441;3421;3433;3428;1607
2015.11.27;08:00:00;3460;3430;3452;3433.5;1115
2015.11.27;12:00:00;3475;3453;3468;3457;1480
2015.11.27;16:00:00;3469;3444;3456;3467.5;1372
2015.11.27;20:00:00;3457;3436;3445;3455;1744
2015.11.30;00:00:00;3446;3436;3438;3444;857
2015.11.30;04:00:00;3460;3425;3441;3442;2118
2015.11.30;08:00:00;3469;3440;3461;3442;1285
2015.11.30;12:00:00;3462;3445;3452;3462;1448
2015.11.30;16:00:00;3453;3443;3445.5;3451.5;609
2015.11.30;20:00:00;3455;3421;3436;3452;1760
2015.12.01;00:00:00;3448;3429;3435;3435;1311
2015.12.01;04:00:00;3457;3433;3438;3434;1473
2015.12.01;08:00:00;3437;3421;3431;3437;545
2015.12.01;12:00:00;3437;3385;3398;3432;2838
2015.12.01;16:00:00;3409;3373;3399;3397;2046
2015.12.01;20:00:00;3420;3390;3418.5;3400;1601
2015.12.02;00:00:00;3421;3411;3417;3418;822
2015.12.02;04:00:00;3454;3401;3451;3419;1927
2015.12.02;08:00:00;3467;3440;3466;3452;1163
2015.12.02;12:00:00;3472;3454;3456;3466.5;1228
2015.12.02;16:00:00;3458;3451;3451;3457;456
2015.12.02;20:00:00;3495;3453;3493;3459;1279
2015.12.03;00:00:00;3507;3491;3495;3494;589
2015.12.03;04:00:00;3502;3488;3492;3494;405
2015.12.03;08:00:00;3493;3488;3488;3491.5;63
2015.12.03;12:00:00;3511;3467;3509;3473;1848
2015.12.03;16:00:00;3512;3490;3495;3510;1047
2015.12.03;20:00:00;3495;3482;3486;3494;778
2015.12.04;00:00:00;3489;3485;3488;3486.5;87
2015.12.04;04:00:00;3514;3469;3505;3483;1479
2015.12.04;08:00:00;3523;3504;3507;3504;1175
2015.12.04;12:00:00;3517;3498;3507;3506;993
2015.12.04;16:00:00;3508;3495;3496;3506;673
2015.12.04;20:00:00;3522;3492;3505;3517;1914
2015.12.07;00:00:00;3514;3490;3496;3504;1138
2015.12.07;04:00:00;3495;3467;3475;3495;1737
2015.12.07;08:00:00;3487;3474;3486;3474;514
2015.12.07;12:00:00;3499;3476;3491;3493;1898
2015.12.07;16:00:00;3495;3461;3489;3492;1523
2015.12.07;20:00:00;3492;3454;3454;3490;1534
2015.12.08;00:00:00;3454;3430;3439;3453;1040
2015.12.08;04:00:00;3513;3452;3512;3453;1796
2015.12.08;08:00:00;3518.5;3340;3375;3512.5;7280
2015.12.08;12:00:00;3374;3300;3301;3374;3636
2015.12.08;16:00:00;3308;3292;3302;3300;1372
2015.12.08;20:00:00;3343;3306;3329;3307;2760
2015.12.09;00:00:00;3337;3291;3322;3330;2537
2015.12.09;04:00:00;3366;3309;3363;3323;2494
2015.12.09;08:00:00;3373;3358;3369;3364;1120
2015.12.09;12:00:00;3392;3345;3390;3370.5;1769
2015.12.09;16:00:00;3394;3368;3370;3389;1423
2015.12.09;20:00:00;3372;3349;3359;3369;2763
2015.12.10;00:00:00;3369;3354;3369;3360;1205
2015.12.10;04:00:00;3358;3322;3336;3358;2528
2015.12.10;08:00:00;3336;3292;3295;3335;2521
2015.12.10;12:00:00;3317;3280;3293;3294;3155
2015.12.10;16:00:00;3301;3289;3295;3292;1307
2015.12.10;20:00:00;3315;3265;3275;3302;2651
2015.12.11;00:00:00;3298;3260;3288;3276;2116
2015.12.11;04:00:00;3313;3227;3238;3287;3734
2015.12.11;08:00:00;3255;3234;3248;3239;1543
2015.12.11;12:00:00;3286;3244;3278;3246;2053
2015.12.11;16:00:00;3281;3255;3268;3277;2419
2015.12.11;20:00:00;3286;3257;3269;3267;2745
2015.12.14;00:00:00;3282;3259;3259;3269.5;863
2015.12.14;04:00:00;3268;3213;3222;3266;2408
2015.12.14;08:00:00;3231;3187;3190;3221;2964
2015.12.14;12:00:00;3218;3185;3192;3190.5;3404
2015.12.14;16:00:00;3201;3177;3182.5;3191;1186
2015.12.14;20:00:00;3243;3204;3231;3205;2323
2015.12.15;00:00:00;3234;3169;3181;3230;2947
2015.12.15;04:00:00;3194;3132;3161;3182;4424
2015.12.15;08:00:00;3184;3156;3184;3160;1663
2015.12.15;12:00:00;3210;3165;3200;3177;2400
2015.12.15;16:00:00;3247;3198;3241;3199;2095
2015.12.15;20:00:00;3251;3228;3248;3242;1733
