DATE;TIME;HIGH;LOW;CLOSE;OPEN;VOLUME
2015.04.27;12:00:00;1.38788;1.38494;1.38781;1.3868;34835
2015.04.27;16:00:00;1.38939;1.38137;1.38766;1.38781;42423
2015.04.27;20:00:00;1.38794;1.38465;1.38565;1.38766;21350
2015.04.28;00:00:00;1.38708;1.38131;1.38313;1.38563;14038
2015.04.28;04:00:00;1.3837;1.38137;1.38156;1.38315;14275
2015.04.28;08:00:00;1.38214;1.37804;1.38034;1.38158;36873
2015.04.28;12:00:00;1.38066;1.37287;1.37342;1.38036;43700
2015.04.28;16:00:00;1.37474;1.36802;1.36941;1.37342;47610
2015.04.28;20:00:00;1.37083;1.36775;1.36818;1.36943;21232
2015.04.29;00:00:00;1.37332;1.3672;1.37032;1.36818;14737
2015.04.29;04:00:00;1.37439;1.37022;1.37272;1.37032;17895
2015.04.29;08:00:00;1.37845;1.37145;1.37806;1.37272;34100
2015.04.29;12:00:00;1.3798;1.37413;1.37648;1.37808;43952
2015.04.29;16:00:00;1.38703;1.37443;1.3832;1.37655;60202
2015.04.29;20:00:00;1.38958;1.3812;1.38936;1.3832;39282
2015.04.30;00:00:00;1.39381;1.38632;1.38645;1.38936;17129
2015.04.30;04:00:00;1.39252;1.38579;1.38892;1.3864;21465
2015.04.30;08:00:00;1.4148;1.3884;1.41159;1.38896;52920
2015.04.30;12:00:00;1.41658;1.40644;1.41273;1.41163;53532
2015.04.30;16:00:00;1.42249;1.41017;1.41994;1.41277;59495
2015.04.30;20:00:00;1.42303;1.41623;1.41952;1.41993;31360
2015.05.01;00:00:00;1.4214;1.41662;1.41988;1.41952;12429
2015.05.01;04:00:00;1.42291;1.41863;1.4205;1.41985;12479
2015.05.01;08:00:00;1.42874;1.41812;1.42647;1.42049;29578
2015.05.01;12:00:00;1.43471;1.42515;1.43231;1.42647;35221
2015.05.01;16:00:00;1.43534;1.42904;1.42933;1.4323;51931
2015.05.01;20:00:00;1.43179;1.42627;1.42646;1.42932;19913
2015.05.04;00:00:00;1.43226;1.42581;1.43187;1.42779;12879
2015.05.04;04:00:00;1.43449;1.42781;1.43043;1.43186;16223
2015.05.04;08:00:00;1.43117;1.42199;1.42243;1.43043;30832
2015.05.04;12:00:00;1.4261;1.42013;1.42579;1.42242;32560
2015.05.04;16:00:00;1.42734;1.42057;1.42174;1.42583;32294
2015.05.04;20:00:00;1.42277;1.41891;1.42178;1.42174;13682
2015.05.05;00:00:00;1.42276;1.42014;1.42198;1.42169;11072
2015.05.05;04:00:00;1.42849;1.40673;1.40801;1.42199;19797
2015.05.05;08:00:00;1.41194;1.40545;1.40915;1.40801;42008
2015.05.05;12:00:00;1.41399;1.4078;1.41078;1.40916;42161
2015.05.05;16:00:00;1.41251;1.40607;1.40929;1.41076;51032
2015.05.05;20:00:00;1.41063;1.40721;1.40795;1.40938;19183
2015.05.06;00:00:00;1.41141;1.40746;1.4084;1.40792;14150
2015.05.06;04:00:00;1.41027;1.40595;1.40955;1.40842;21465
2015.05.06;08:00:00;1.41244;1.40678;1.40699;1.40954;45257
2015.05.06;12:00:00;1.40857;1.40197;1.40808;1.40695;48787
2015.05.06;16:00:00;1.41999;1.4074;1.41992;1.40798;55104
2015.05.06;20:00:00;1.42585;1.41958;1.42317;1.41991;24067
2015.05.07;00:00:00;1.42632;1.42187;1.42273;1.42311;17781
2015.05.07;04:00:00;1.42901;1.41723;1.42156;1.42274;28302
2015.05.07;08:00:00;1.43057;1.4203;1.42899;1.42153;43001
2015.05.07;12:00:00;1.43503;1.41572;1.41913;1.42899;52850
2015.05.07;16:00:00;1.42642;1.41648;1.42498;1.41916;45314
2015.05.07;20:00:00;1.42709;1.4236;1.42452;1.425;22422
2015.05.08;00:00:00;1.42607;1.41983;1.42395;1.42452;17945
2015.05.08;04:00:00;1.42955;1.41692;1.41747;1.42398;27715
2015.05.08;08:00:00;1.42198;1.41312;1.41993;1.41747;40924
2015.05.08;12:00:00;1.42466;1.41513;1.41842;1.41994;45419
2015.05.08;16:00:00;1.42242;1.4126;1.41648;1.41838;50375
2015.05.08;20:00:00;1.41692;1.41243;1.41243;1.41648;19977
2015.05.11;00:00:00;1.41465;1.41008;1.41073;1.41116;12854
2015.05.11;04:00:00;1.41466;1.41025;1.41262;1.4107;20310
2015.05.11;08:00:00;1.41584;1.41122;1.41311;1.41261;34751
2015.05.11;12:00:00;1.41537;1.40783;1.40884;1.41309;34471
2015.05.11;16:00:00;1.4123;1.40777;1.41213;1.40885;40021
2015.05.11;20:00:00;1.41358;1.40947;1.41349;1.41211;16783
2015.05.12;00:00:00;1.41383;1.40997;1.41152;1.41345;11594
2015.05.12;04:00:00;1.41212;1.40758;1.40916;1.41152;17393
2015.05.12;08:00:00;1.41694;1.40787;1.41466;1.40914;42018
2015.05.12;12:00:00;1.4165;1.40595;1.40921;1.41469;43224
2015.05.12;16:00:00;1.41418;1.40637;1.40732;1.40922;37429
2015.05.12;20:00:00;1.40779;1.40241;1.40537;1.40735;18430
2015.05.13;00:00:00;1.40963;1.40082;1.40464;1.40537;13838
2015.05.13;04:00:00;1.41106;1.40303;1.41001;1.40465;20694
2015.05.13;08:00:00;1.41255;1.40194;1.40288;1.41005;33750
2015.05.13;12:00:00;1.40327;1.39416;1.39794;1.40287;44861
2015.05.13;16:00:00;1.40303;1.39707;1.40142;1.39794;44712
2015.05.13;20:00:00;1.40261;1.39819;1.39929;1.40143;18510
2015.05.14;00:00:00;1.40117;1.39579;1.397;1.39926;15637
2015.05.14;04:00:00;1.39978;1.39103;1.39894;1.39701;22093
2015.05.14;08:00:00;1.41407;1.39735;1.41186;1.39893;38450
2015.05.14;12:00:00;1.41376;1.40514;1.40586;1.41188;38557
2015.05.14;16:00:00;1.40999;1.40106;1.40609;1.4058;42774
2015.05.14;20:00:00;1.41293;1.40606;1.41134;1.4061;19542
2015.05.15;00:00:00;1.41708;1.40922;1.4158;1.41129;14383
2015.05.15;04:00:00;1.41639;1.41373;1.41622;1.41578;18749
2015.05.15;08:00:00;1.41868;1.41137;1.41653;1.41622;42094
2015.05.15;12:00:00;1.41864;1.41476;1.41636;1.41653;34665
2015.05.15;16:00:00;1.42201;1.41472;1.42181;1.41637;46597
2015.05.15;20:00:00;1.4255;1.42132;1.42372;1.42169;19909
2015.05.18;00:00:00;1.42757;1.42104;1.42714;1.42263;12762
2015.05.18;04:00:00;1.4275;1.42453;1.42521;1.42714;15415
2015.05.18;08:00:00;1.42692;1.41916;1.42103;1.42521;33442
2015.05.18;12:00:00;1.4275;1.42018;1.4243;1.42103;36009
2015.05.18;16:00:00;1.4251;1.41711;1.41905;1.4243;39196
2015.05.18;20:00:00;1.41965;1.41524;1.41536;1.41904;21891
2015.05.19;00:00:00;1.41758;1.41484;1.41609;1.41515;13523
2015.05.19;04:00:00;1.42035;1.412;1.4144;1.41608;22550
2015.05.19;08:00:00;1.4154;1.3992;1.40405;1.41442;47134
2015.05.19;12:00:00;1.40693;1.4016;1.40344;1.40405;42381
2015.05.19;16:00:00;1.40907;1.40298;1.40851;1.40346;44749
2015.05.19;20:00:00;1.40996;1.40658;1.40847;1.40853;17230
2015.05.20;00:00:00;1.40873;1.40576;1.40702;1.40845;15795
2015.05.20;04:00:00;1.4075;1.40467;1.40548;1.40699;17446
2015.05.20;08:00:00;1.4089;1.4012;1.40666;1.40548;44139
2015.05.20;12:00:00;1.40928;1.40507;1.4089;1.40662;39971
2015.05.20;16:00:00;1.41134;1.40618;1.40749;1.40891;44972
2015.05.20;20:00:00;1.41071;1.40611;1.40833;1.40753;36309
2015.05.21;00:00:00;1.41;1.40725;1.40901;1.40808;12441
2015.05.21;04:00:00;1.4108;1.40604;1.40647;1.40903;19361
2015.05.21;08:00:00;1.41407;1.40405;1.40988;1.40646;42710
2015.05.21;12:00:00;1.41651;1.40921;1.41217;1.40988;42004
2015.05.21;16:00:00;1.4132;1.40948;1.41124;1.41216;43542
2015.05.21;20:00:00;1.4115;1.40687;1.40692;1.41124;22335
2015.05.22;00:00:00;1.40793;1.40539;1.40542;1.40687;14699
2015.05.22;04:00:00;1.4075;1.40482;1.40675;1.40543;21836
2015.05.22;08:00:00;1.41373;1.40582;1.41363;1.40635;30451
2015.05.22;12:00:00;1.41953;1.41186;1.41315;1.41365;42667
2015.05.22;16:00:00;1.41323;1.4068;1.41027;1.41315;42466
2015.05.22;20:00:00;1.41084;1.40513;1.40531;1.41035;21593
2015.05.25;00:00:00;1.40762;1.40335;1.40578;1.40569;15158
2015.05.25;04:00:00;1.40619;1.40248;1.40297;1.40578;14820
2015.05.25;08:00:00;1.40629;1.4004;1.40145;1.40295;25390
2015.05.25;12:00:00;1.40348;1.39987;1.40287;1.40144;17620
2015.05.25;16:00:00;1.40307;1.40064;1.40301;1.40288;15364
2015.05.25;20:00:00;1.40316;1.40153;1.40249;1.40299;17122
2015.05.26;00:00:00;1.40327;1.39889;1.3994;1.40242;14382
2015.05.26;04:00:00;1.39976;1.39601;1.39632;1.3994;17938
2015.05.26;08:00:00;1.40178;1.39482;1.39913;1.39633;45902
2015.05.26;12:00:00;1.40594;1.39594;1.40585;1.39915;43046
2015.05.26;16:00:00;1.40906;1.404;1.40624;1.40584;48368
2015.05.26;20:00:00;1.40648;1.40376;1.40516;1.40623;21339
2015.05.27;00:00:00;1.40709;1.40378;1.40438;1.40516;9488
2015.05.27;04:00:00;1.40638;1.40271;1.40498;1.40439;19103
2015.05.27;08:00:00;1.41062;1.40496;1.40977;1.40503;40174
2015.05.27;12:00:00;1.41127;1.40598;1.40728;1.40981;44004
2015.05.27;16:00:00;1.41296;1.40375;1.41124;1.40727;48068
2015.05.27;20:00:00;1.41237;1.40942;1.40995;1.41125;20852
2015.05.28;00:00:00;1.41142;1.40798;1.40844;1.40983;14571
2015.05.28;04:00:00;1.42138;1.40619;1.41983;1.40844;30585
2015.05.28;08:00:00;1.4263;1.41599;1.42512;1.41981;44362
2015.05.28;12:00:00;1.42908;1.42332;1.42662;1.4251;44637
2015.05.28;16:00:00;1.4317;1.4249;1.42968;1.42657;46466
2015.05.28;20:00:00;1.43145;1.42902;1.43089;1.42972;25051
2015.05.29;00:00:00;1.4336;1.43007;1.43132;1.43091;15733
2015.05.29;04:00:00;1.43288;1.42823;1.42879;1.43132;18016
2015.05.29;08:00:00;1.43377;1.42747;1.43178;1.42879;36257
2015.05.29;12:00:00;1.43676;1.43163;1.43551;1.43178;44741
2015.05.29;16:00:00;1.43762;1.43103;1.43351;1.4355;47853
2015.05.29;20:00:00;1.43773;1.43308;1.43738;1.43352;15799
2015.06.01;00:00:00;1.43809;1.43062;1.43074;1.43702;13370
2015.06.01;04:00:00;1.43309;1.42834;1.43063;1.4307;19839
2015.06.01;08:00:00;1.43316;1.42389;1.42513;1.43065;34828
2015.06.01;12:00:00;1.43418;1.42481;1.43155;1.42513;37905
2015.06.01;16:00:00;1.43649;1.43044;1.43581;1.43159;45363
2015.06.01;20:00:00;1.43834;1.43505;1.43613;1.43579;21297
2015.06.02;00:00:00;1.43731;1.43212;1.43347;1.43608;16788
2015.06.02;04:00:00;1.43358;1.42193;1.42463;1.43347;23394
2015.06.02;08:00:00;1.42872;1.42023;1.42859;1.42466;39981
2015.06.02;12:00:00;1.43973;1.428;1.43962;1.42858;50385
2015.06.02;16:00:00;1.44463;1.43394;1.43672;1.43961;57356
2015.06.02;20:00:00;1.43701;1.43315;1.43438;1.43673;26019
2015.06.03;00:00:00;1.43656;1.43355;1.43548;1.43438;16796
2015.06.03;04:00:00;1.43571;1.42726;1.43234;1.43549;23795
2015.06.03;08:00:00;1.43413;1.42763;1.4314;1.43233;41436
2015.06.03;12:00:00;1.43421;1.42846;1.43289;1.43136;43630
2015.06.03;16:00:00;1.44671;1.43279;1.44559;1.43285;56633
2015.06.03;20:00:00;1.44838;1.44558;1.4475;1.44558;21202
2015.06.04;00:00:00;1.45007;1.44693;1.44872;1.44746;15620
2015.06.04;04:00:00;1.45979;1.44769;1.45758;1.4487;22668
2015.06.04;08:00:00;1.46751;1.45522;1.4626;1.45757;49126
2015.06.04;12:00:00;1.46787;1.46089;1.46219;1.46253;46287
2015.06.04;16:00:00;1.47111;1.45835;1.46864;1.46221;46406
2015.06.04;20:00:00;1.46927;1.46122;1.46129;1.46861;25245
2015.06.05;00:00:00;1.46237;1.4556;1.45722;1.46071;21434
2015.06.05;04:00:00;1.4578;1.4557;1.45626;1.45724;19423
2015.06.05;08:00:00;1.46794;1.45583;1.46294;1.45625;38933
2015.06.05;12:00:00;1.4639;1.44971;1.45613;1.46295;43254
2015.06.05;16:00:00;1.45901;1.45141;1.45893;1.45614;56489
2015.06.05;20:00:00;1.46132;1.45682;1.45939;1.45892;20652
2015.06.08;00:00:00;1.45789;1.45434;1.45639;1.45466;11723
2015.06.08;04:00:00;1.45925;1.45204;1.45905;1.45635;18352
2015.06.08;08:00:00;1.46246;1.45533;1.45646;1.45908;42043
2015.06.08;12:00:00;1.46633;1.45503;1.46265;1.45646;33419
2015.06.08;16:00:00;1.46966;1.46253;1.46826;1.46267;37933
2015.06.08;20:00:00;1.46985;1.46334;1.46535;1.46826;25962
2015.06.09;00:00:00;1.46902;1.46457;1.46709;1.46504;14693
2015.06.09;04:00:00;1.47189;1.46398;1.47064;1.46709;23635
2015.06.09;08:00:00;1.47514;1.4696;1.47089;1.47066;46584
2015.06.09;12:00:00;1.47175;1.45876;1.46128;1.47086;47540
2015.06.09;16:00:00;1.46943;1.45902;1.46862;1.46129;46375
2015.06.09;20:00:00;1.47057;1.46558;1.46657;1.46859;20392
2015.06.10;00:00:00;1.47204;1.46529;1.47035;1.46664;18211
2015.06.10;04:00:00;1.4768;1.46643;1.46805;1.47037;29970
2015.06.10;08:00:00;1.46852;1.45659;1.45747;1.46803;55917
2015.06.10;12:00:00;1.46044;1.45403;1.45935;1.45753;44789
2015.06.10;16:00:00;1.46169;1.45521;1.45754;1.45937;49649
2015.06.10;20:00:00;1.45979;1.45696;1.45898;1.45756;22941
2015.06.11;00:00:00;1.47025;1.45705;1.46356;1.45831;19133
2015.06.11;04:00:00;1.46458;1.45006;1.45499;1.46356;21574
2015.06.11;08:00:00;1.46012;1.45147;1.45403;1.45491;42212
2015.06.11;12:00:00;1.45816;1.45108;1.45333;1.45403;43728
2015.06.11;16:00:00;1.45594;1.45108;1.45423;1.45331;46116
2015.06.11;20:00:00;1.4549;1.45057;1.45135;1.45421;22977
2015.06.12;00:00:00;1.45305;1.44875;1.45136;1.45116;20192
2015.06.12;04:00:00;1.45372;1.44967;1.45159;1.45134;19663
2015.06.12;08:00:00;1.45949;1.45079;1.4527;1.45159;40959
2015.06.12;12:00:00;1.4576;1.44885;1.45753;1.45271;43733
2015.06.12;16:00:00;1.45918;1.45369;1.45559;1.45753;43905
2015.06.12;20:00:00;1.45688;1.45436;1.45642;1.45557;18490
2015.06.15;00:00:00;1.45479;1.44523;1.4545;1.44551;13984
2015.06.15;04:00:00;1.45462;1.45065;1.45403;1.45448;20086
2015.06.15;08:00:00;1.45782;1.44981;1.45614;1.45406;37898
2015.06.15;12:00:00;1.45639;1.44493;1.44542;1.45609;35138
2015.06.15;16:00:00;1.45349;1.4425;1.45181;1.44541;34725
2015.06.15;20:00:00;1.45417;1.45026;1.45261;1.45185;20875
2015.06.16;00:00:00;1.45424;1.45184;1.45379;1.45264;16028
2015.06.16;04:00:00;1.45545;1.4492;1.45369;1.45378;22297
2015.06.16;08:00:00;1.46258;1.4532;1.45649;1.4537;37291
2015.06.16;12:00:00;1.45715;1.44703;1.44895;1.45647;35292
2015.06.16;16:00:00;1.45061;1.44467;1.45055;1.44898;27684
2015.06.16;20:00:00;1.45238;1.44986;1.45056;1.45051;13683
2015.06.17;00:00:00;1.45259;1.4492;1.45123;1.45049;13870
2015.06.17;04:00:00;1.4584;1.45091;1.45781;1.45122;18843
2015.06.17;08:00:00;1.46804;1.45558;1.46563;1.45781;36264
2015.06.17;12:00:00;1.46993;1.46393;1.466;1.4656;36716
2015.06.17;16:00:00;1.46947;1.46392;1.4691;1.46598;34824
2015.06.17;20:00:00;1.46948;1.46035;1.4626;1.4691;47979
2015.06.18;00:00:00;1.47329;1.46121;1.46958;1.46248;22400
2015.06.18;04:00:00;1.47353;1.4671;1.47133;1.46959;23434
2015.06.18;08:00:00;1.47182;1.46144;1.46146;1.47132;45934
2015.06.18;12:00:00;1.46278;1.4543;1.4545;1.46143;43570
2015.06.18;16:00:00;1.46077;1.45207;1.45566;1.4545;41274
2015.06.18;20:00:00;1.45875;1.45534;1.45594;1.45566;26438
2015.06.19;00:00:00;1.46142;1.45581;1.45859;1.45581;17120
2015.06.19;04:00:00;1.46392;1.45781;1.46133;1.45857;20439
2015.06.19;08:00:00;1.46231;1.45491;1.45598;1.46135;38997
2015.06.19;12:00:00;1.4612;1.45519;1.4605;1.45599;37190
2015.06.19;16:00:00;1.46262;1.45858;1.4621;1.46047;31788
2015.06.19;20:00:00;1.46311;1.45851;1.45947;1.46206;18892
2015.06.22;00:00:00;1.46453;1.46139;1.4626;1.46439;11540
2015.06.22;04:00:00;1.46468;1.46079;1.46445;1.4626;18151
2015.06.22;08:00:00;1.46495;1.45614;1.45853;1.46446;35337
2015.06.22;12:00:00;1.46446;1.45806;1.46132;1.45856;37014
2015.06.22;16:00:00;1.47306;1.46002;1.4694;1.4613;43260
2015.06.22;20:00:00;1.4695;1.4659;1.46709;1.4694;21524
2015.06.23;00:00:00;1.46848;1.46562;1.46649;1.46709;14615
2015.06.23;04:00:00;1.46912;1.46138;1.46302;1.4665;26726
2015.06.23;08:00:00;1.46368;1.45359;1.45486;1.46302;39782
2015.06.23;12:00:00;1.45652;1.44923;1.45139;1.45485;38932
2015.06.23;16:00:00;1.45282;1.44428;1.44632;1.45138;38954
2015.06.23;20:00:00;1.4468;1.44189;1.44308;1.44633;22240
2015.06.24;00:00:00;1.44386;1.44035;1.441;1.44296;14582
2015.06.24;04:00:00;1.44887;1.44023;1.44809;1.44101;19777
2015.06.24;08:00:00;1.45087;1.44538;1.4466;1.44811;38574
2015.06.24;12:00:00;1.44984;1.44328;1.4484;1.44661;40044
2015.06.24;16:00:00;1.45522;1.44804;1.45154;1.44839;41171
2015.06.24;20:00:00;1.45486;1.45052;1.45373;1.45154;24585
2015.06.25;00:00:00;1.45484;1.45108;1.4512;1.45376;15258
2015.06.25;04:00:00;1.45161;1.44704;1.44721;1.4512;19515
2015.06.25;08:00:00;1.45126;1.44617;1.44655;1.44721;32751
2015.06.25;12:00:00;1.44944;1.4405;1.44786;1.44654;40600
2015.06.25;16:00:00;1.44889;1.44443;1.44689;1.44784;29070
2015.06.25;20:00:00;1.44811;1.4454;1.44755;1.44687;16709
2015.06.26;00:00:00;1.44985;1.44665;1.44737;1.44759;16075
2015.06.26;04:00:00;1.45038;1.44689;1.44917;1.44736;20630
2015.06.26;08:00:00;1.45625;1.44838;1.4536;1.44917;29790
2015.06.26;12:00:00;1.46322;1.45342;1.46173;1.4536;31806
2015.06.26;16:00:00;1.46422;1.45627;1.45801;1.46174;40376
2015.06.26;20:00:00;1.45965;1.45706;1.45875;1.45802;16130
2015.06.29;00:00:00;1.44693;1.43684;1.44318;1.44171;29870
2015.06.29;04:00:00;1.44356;1.43152;1.43896;1.44318;24504
2015.06.29;08:00:00;1.45334;1.43752;1.45157;1.43897;52893
2015.06.29;12:00:00;1.45378;1.44729;1.45087;1.45156;39159
2015.06.29;16:00:00;1.45985;1.45024;1.45879;1.45087;42490
2015.06.29;20:00:00;1.46433;1.45702;1.46273;1.45876;27582
2015.06.30;00:00:00;1.46373;1.45927;1.45954;1.46275;18714
2015.06.30;04:00:00;1.4613;1.45725;1.45829;1.45954;23405
2015.06.30;08:00:00;1.45939;1.45021;1.45037;1.45826;42227
2015.06.30;12:00:00;1.45982;1.45009;1.45449;1.45049;44811
2015.06.30;16:00:00;1.45635;1.44475;1.44655;1.45445;45416
2015.06.30;20:00:00;1.44718;1.44367;1.44543;1.44655;26420
2015.07.01;00:00:00;1.44779;1.44262;1.44262;1.44555;22755
2015.07.01;04:00:00;1.44617;1.43934;1.44319;1.44265;19104
2015.07.01;08:00:00;1.44566;1.43864;1.44515;1.44318;34976
2015.07.01;12:00:00;1.4478;1.44045;1.4452;1.44522;41498
2015.07.01;16:00:00;1.44922;1.44392;1.44539;1.44521;37431
2015.07.01;20:00:00;1.44587;1.44359;1.44545;1.4454;22789
2015.07.02;00:00:00;1.44712;1.44324;1.44324;1.44545;17915
2015.07.02;04:00:00;1.44941;1.44269;1.44719;1.44324;19649
2015.07.02;08:00:00;1.45677;1.44617;1.45628;1.44717;38625
2015.07.02;12:00:00;1.45918;1.453;1.45526;1.45631;43812
2015.07.02;16:00:00;1.45634;1.45239;1.45325;1.45528;41139
2015.07.02;20:00:00;1.45423;1.45089;1.45164;1.45322;16145
2015.07.03;00:00:00;1.45246;1.44987;1.45044;1.45165;14180
2015.07.03;04:00:00;1.46543;1.45002;1.46185;1.45044;20138
2015.07.03;08:00:00;1.47377;1.46089;1.47223;1.46184;33172
2015.07.03;12:00:00;1.47915;1.47143;1.47376;1.47333;36381
2015.07.03;16:00:00;1.47827;1.47151;1.47236;1.47376;28480
2015.07.03;20:00:00;1.47748;1.47205;1.47711;1.47239;9578
2015.07.06;00:00:00;1.47566;1.46645;1.46688;1.46816;21446
2015.07.06;04:00:00;1.47735;1.46686;1.47462;1.46686;20452
2015.07.06;08:00:00;1.47869;1.46928;1.47452;1.47461;43577
2015.07.06;12:00:00;1.47535;1.46764;1.46982;1.47454;43196
2015.07.06;16:00:00;1.47394;1.46764;1.473;1.4698;41305
2015.07.06;20:00:00;1.47513;1.47229;1.47382;1.473;20084
2015.07.07;00:00:00;1.47779;1.47344;1.47701;1.47382;14487
2015.07.07;04:00:00;1.47766;1.47262;1.47392;1.47701;21787
2015.07.07;08:00:00;1.481;1.47065;1.47409;1.47393;43434
2015.07.07;12:00:00;1.47878;1.47064;1.47157;1.47406;50250
2015.07.07;16:00:00;1.47884;1.47104;1.47292;1.47157;50198
2015.07.07;20:00:00;1.47968;1.47258;1.47731;1.47296;26040
2015.07.08;00:00:00;1.47904;1.47515;1.47847;1.47729;17985
2015.07.08;04:00:00;1.48701;1.47832;1.48567;1.47849;30746
2015.07.08;08:00:00;1.49464;1.48326;1.49214;1.48567;44694
2015.07.08;12:00:00;1.49292;1.48059;1.48741;1.49213;37949
2015.07.08;16:00:00;1.4901;1.48457;1.48621;1.48739;47316
2015.07.08;20:00:00;1.49206;1.48548;1.49047;1.48621;25023
2015.07.09;00:00:00;1.49672;1.48962;1.49443;1.49065;16787
2015.07.09;04:00:00;1.49519;1.4815;1.48283;1.49443;25018
2015.07.09;08:00:00;1.48483;1.47792;1.48139;1.48283;38064
2015.07.09;12:00:00;1.48855;1.47901;1.47993;1.48143;37447
2015.07.09;16:00:00;1.48709;1.47872;1.4789;1.47991;38219
2015.07.09;20:00:00;1.48222;1.47786;1.4813;1.47892;24192
2015.07.10;00:00:00;1.48487;1.48006;1.48168;1.4807;18915
2015.07.10;04:00:00;1.48322;1.47967;1.48318;1.48171;22738
2015.07.10;08:00:00;1.49206;1.48301;1.4914;1.48317;38140
2015.07.10;12:00:00;1.50092;1.49091;1.50058;1.49139;38572
2015.07.10;16:00:00;1.50692;1.49944;1.49979;1.50057;38314
2015.07.10;20:00:00;1.50145;1.49445;1.49766;1.49979;17991
2015.07.13;00:00:00;1.50104;1.49494;1.49789;1.49553;15018
2015.07.13;04:00:00;1.49903;1.49224;1.49588;1.49785;27012
2015.07.13;08:00:00;1.5015;1.48981;1.48994;1.49591;51305
2015.07.13;12:00:00;1.49169;1.48688;1.49091;1.48996;41430
2015.07.13;16:00:00;1.49347;1.48586;1.48613;1.49093;41717
2015.07.13;20:00:00;1.48772;1.48391;1.48518;1.48613;24827
2015.07.14;00:00:00;1.48793;1.48292;1.48342;1.48548;23703
2015.07.14;04:00:00;1.48597;1.48006;1.48205;1.48342;24128
2015.07.14;08:00:00;1.4871;1.47652;1.48596;1.48208;44705
2015.07.14;12:00:00;1.48626;1.47931;1.48242;1.48596;43450
2015.07.14;16:00:00;1.48309;1.47603;1.47729;1.48242;36648
2015.07.14;20:00:00;1.47853;1.47636;1.47668;1.47729;16852
2015.07.15;00:00:00;1.47867;1.47439;1.47644;1.47656;20984
2015.07.15;04:00:00;1.47706;1.46903;1.47249;1.47645;23854
2015.07.15;08:00:00;1.48057;1.47161;1.47879;1.47247;42069
2015.07.15;12:00:00;1.47912;1.47128;1.47462;1.47877;38195
2015.07.15;16:00:00;1.49056;1.47263;1.48575;1.47463;49487
2015.07.15;20:00:00;1.48625;1.48296;1.48296;1.48575;24724
2015.07.16;00:00:00;1.48511;1.48174;1.48383;1.48299;23744
2015.07.16;04:00:00;1.48587;1.48156;1.48476;1.48377;25942
2015.07.16;08:00:00;1.48619;1.47587;1.47596;1.48477;42575
2015.07.16;12:00:00;1.47629;1.4675;1.46763;1.47596;43772
2015.07.16;16:00:00;1.46989;1.46444;1.46601;1.46762;40482
2015.07.16;20:00:00;1.46977;1.46547;1.46809;1.466;19319
2015.07.17;00:00:00;1.46886;1.46685;1.4678;1.46806;20956
2015.07.17;04:00:00;1.47132;1.46717;1.4686;1.4678;20117
2015.07.17;08:00:00;1.47283;1.46761;1.47225;1.4686;37684
2015.07.17;12:00:00;1.47392;1.4684;1.47183;1.47227;38392
2015.07.17;16:00:00;1.47287;1.46892;1.47045;1.47183;39383
2015.07.17;20:00:00;1.47121;1.46627;1.46815;1.47043;16381
2015.07.20;00:00:00;1.47038;1.46615;1.46923;1.46615;11546
2015.07.20;04:00:00;1.47653;1.46812;1.47148;1.46926;23579
2015.07.20;08:00:00;1.4728;1.4662;1.47034;1.47148;39057
2015.07.20;12:00:00;1.47137;1.46812;1.46998;1.47036;39435
2015.07.20;16:00:00;1.47595;1.469;1.46941;1.46998;35521
2015.07.20;20:00:00;1.46981;1.46644;1.46802;1.46938;22507
2015.07.21;00:00:00;1.46963;1.46711;1.4685;1.46802;16383
2015.07.21;04:00:00;1.47284;1.46563;1.4709;1.46849;26875
2015.07.21;08:00:00;1.47362;1.46856;1.47232;1.47092;39729
2015.07.21;12:00:00;1.47517;1.4693;1.47309;1.47227;41669
2015.07.21;16:00:00;1.47535;1.46733;1.47197;1.47311;54853
2015.07.21;20:00:00;1.4744;1.47178;1.47325;1.47198;28274
2015.07.22;00:00:00;1.4764;1.47222;1.4756;1.47329;18210
2015.07.22;04:00:00;1.48219;1.47268;1.47465;1.47556;30293
2015.07.22;08:00:00;1.47927;1.47271;1.4765;1.47462;39180
2015.07.22;12:00:00;1.47814;1.47264;1.47565;1.4765;43376
2015.07.22;16:00:00;1.47911;1.4752;1.47867;1.47565;46306
2015.07.22;20:00:00;1.48168;1.47772;1.48049;1.47867;20286
2015.07.23;00:00:00;1.48533;1.47635;1.48477;1.48053;19857
2015.07.23;04:00:00;1.48588;1.48192;1.48372;1.48478;21169
2015.07.23;08:00:00;1.48598;1.48066;1.48248;1.48372;39352
2015.07.23;12:00:00;1.48744;1.48221;1.48676;1.48249;39299
2015.07.23;16:00:00;1.49231;1.48627;1.4916;1.48677;45627
2015.07.23;20:00:00;1.49473;1.49108;1.49305;1.49162;25530
2015.07.24;00:00:00;1.49584;1.49214;1.49369;1.49305;19336
2015.07.24;04:00:00;1.50864;1.4932;1.50406;1.49367;27003
2015.07.24;08:00:00;1.50629;1.49604;1.4988;1.50406;33931
2015.07.24;12:00:00;1.50654;1.4987;1.50327;1.49886;35185
2015.07.24;16:00:00;1.50936;1.50282;1.5088;1.50327;41611
2015.07.24;20:00:00;1.51022;1.50583;1.50664;1.50877;13489
2015.07.27;00:00:00;1.51025;1.50607;1.5094;1.50974;12352
2015.07.27;04:00:00;1.51091;1.50664;1.51005;1.50943;20699
2015.07.27;08:00:00;1.52477;1.50849;1.52004;1.51005;41347
2015.07.27;12:00:00;1.52037;1.51534;1.51858;1.52004;39868
2015.07.27;16:00:00;1.52375;1.51403;1.5228;1.51858;43877
2015.07.27;20:00:00;1.52649;1.52158;1.52461;1.5228;15890
2015.07.28;00:00:00;1.52641;1.52215;1.52326;1.52458;15198
2015.07.28;04:00:00;1.52754;1.513;1.51422;1.52329;25124
2015.07.28;08:00:00;1.51734;1.51025;1.51318;1.51422;40777
2015.07.28;12:00:00;1.51353;1.50764;1.50816;1.51315;42684
2015.07.28;16:00:00;1.51224;1.50535;1.50748;1.50815;44282
2015.07.28;20:00:00;1.50982;1.50606;1.50675;1.50745;18627
2015.07.29;00:00:00;1.51003;1.50491;1.50753;1.50755;20559
2015.07.29;04:00:00;1.51248;1.50737;1.51026;1.50753;21494
2015.07.29;08:00:00;1.51421;1.50801;1.51103;1.51029;36733
2015.07.29;12:00:00;1.51339;1.5085;1.5105;1.51101;40905
2015.07.29;16:00:00;1.51134;1.50562;1.50892;1.51052;44117
2015.07.29;20:00:00;1.51001;1.50456;1.5048;1.5089;35434
2015.07.30;00:00:00;1.50669;1.50154;1.50162;1.50482;19515
2015.07.30;04:00:00;1.50262;1.49814;1.4993;1.50162;21875
2015.07.30;08:00:00;1.50442;1.49835;1.50132;1.49927;37377
2015.07.30;12:00:00;1.50862;1.50049;1.50418;1.5013;45789
2015.07.30;16:00:00;1.50522;1.4971;1.49825;1.50418;48816
2015.07.30;20:00:00;1.49949;1.49596;1.49868;1.49825;22461
2015.07.31;00:00:00;1.5007;1.4984;1.49921;1.49871;20937
2015.07.31;04:00:00;1.5011;1.49727;1.49872;1.49934;22653
2015.07.31;08:00:00;1.50511;1.49815;1.50347;1.49872;41029
2015.07.31;12:00:00;1.51776;1.50343;1.51233;1.50345;50080
2015.07.31;16:00:00;1.51399;1.5016;1.50418;1.51233;58735
2015.07.31;20:00:00;1.5054;1.50164;1.50328;1.50417;27551
2015.08.03;00:00:00;1.50413;1.49831;1.50241;1.49835;19084
2015.08.03;04:00:00;1.50506;1.50069;1.50413;1.50239;20113
2015.08.03;08:00:00;1.50767;1.50258;1.5038;1.50402;34038
2015.08.03;12:00:00;1.50817;1.50262;1.50713;1.50378;42985
2015.08.03;16:00:00;1.5091;1.5049;1.50788;1.50713;47723
2015.08.03;20:00:00;1.50856;1.50255;1.50279;1.50786;22534
2015.08.04;00:00:00;1.50651;1.50208;1.50448;1.50266;19554
2015.08.04;04:00:00;1.50517;1.48877;1.48878;1.50448;27505
2015.08.04;08:00:00;1.48969;1.4831;1.48466;1.48877;43486
2015.08.04;12:00:00;1.48651;1.48155;1.48277;1.4847;43613
2015.08.04;16:00:00;1.48321;1.47555;1.47742;1.48271;48862
2015.08.04;20:00:00;1.47787;1.47384;1.47409;1.47742;36432
2015.08.05;00:00:00;1.4764;1.47377;1.47422;1.47409;21677
2015.08.05;04:00:00;1.47821;1.47346;1.47762;1.4742;25063
2015.08.05;08:00:00;1.481;1.47368;1.47371;1.47762;39235
2015.08.05;12:00:00;1.478;1.47267;1.477;1.47371;45084
2015.08.05;16:00:00;1.48101;1.47598;1.47995;1.47705;48938
2015.08.05;20:00:00;1.4832;1.47974;1.48218;1.47995;26139
2015.08.06;00:00:00;1.4852;1.48129;1.48406;1.48218;19480
2015.08.06;04:00:00;1.48947;1.4752;1.48823;1.48408;27437
2015.08.06;08:00:00;1.49151;1.48616;1.48644;1.48824;38428
2015.08.06;12:00:00;1.48943;1.48339;1.48339;1.48644;45174
2015.08.06;16:00:00;1.4888;1.48265;1.48707;1.48342;44277
2015.08.06;20:00:00;1.48816;1.48609;1.48645;1.48708;23569
2015.08.07;00:00:00;1.48809;1.48599;1.48741;1.48651;17775
2015.08.07;04:00:00;1.48744;1.47874;1.48308;1.48742;22673
2015.08.07;08:00:00;1.48514;1.4796;1.48187;1.4831;34420
2015.08.07;12:00:00;1.4835;1.47555;1.47788;1.48185;42410
2015.08.07;16:00:00;1.48202;1.47542;1.48031;1.47788;60833
2015.08.07;20:00:00;1.48141;1.47682;1.47725;1.48029;21463
2015.08.10;00:00:00;1.48189;1.47775;1.48166;1.47809;12668
2015.08.10;04:00:00;1.48316;1.48084;1.48256;1.48166;19063
2015.08.10;08:00:00;1.48958;1.4816;1.4881;1.48256;34721
2015.08.10;12:00:00;1.48904;1.48403;1.48724;1.4881;40970
2015.08.10;16:00:00;1.48888;1.48334;1.4857;1.48723;50464
2015.08.10;20:00:00;1.48844;1.48521;1.48601;1.48569;26368
2015.08.11;00:00:00;1.4871;1.48256;1.48403;1.486;22618
2015.08.11;04:00:00;1.50106;1.48355;1.49925;1.48405;39722
2015.08.11;08:00:00;1.50516;1.49698;1.50363;1.49925;51705
2015.08.11;12:00:00;1.5121;1.50287;1.51152;1.50364;49758
2015.08.11;16:00:00;1.51801;1.51114;1.51114;1.51152;50926
2015.08.11;20:00:00;1.51406;1.51094;1.51123;1.51106;21225
2015.08.12;00:00:00;1.51212;1.50819;1.50904;1.51121;20278
2015.08.12;04:00:00;1.52983;1.50707;1.52975;1.50904;33492
2015.08.12;08:00:00;1.52993;1.52006;1.5264;1.52975;51222
2015.08.12;12:00:00;1.52842;1.51063;1.51596;1.52644;47595
2015.08.12;16:00:00;1.52198;1.51326;1.51331;1.51596;52703
2015.08.12;20:00:00;1.51632;1.51128;1.51133;1.51331;23549
2015.08.13;00:00:00;1.51394;1.50951;1.51219;1.51148;18229
2015.08.13;04:00:00;1.52061;1.50502;1.50915;1.51218;25347
2015.08.13;08:00:00;1.51418;1.50873;1.51389;1.50915;37880
2015.08.13;12:00:00;1.51618;1.51123;1.51224;1.5139;41040
2015.08.13;16:00:00;1.51695;1.51124;1.51359;1.51224;49188
2015.08.13;20:00:00;1.51532;1.51224;1.51421;1.51354;26632
2015.08.14;00:00:00;1.51531;1.51124;1.51342;1.51347;21535
2015.08.14;04:00:00;1.51498;1.50912;1.51335;1.51342;21827
2015.08.14;08:00:00;1.51335;1.5073;1.50784;1.51335;36310
2015.08.14;12:00:00;1.51401;1.50719;1.51108;1.50784;40953
2015.08.14;16:00:00;1.51108;1.50521;1.50731;1.51107;45815
2015.08.14;20:00:00;1.50756;1.50465;1.50503;1.50731;17525
2015.08.17;00:00:00;1.50711;1.50435;1.50618;1.50578;10460
2015.08.17;04:00:00;1.50651;1.50257;1.50358;1.50618;16268
2015.08.17;08:00:00;1.50835;1.50145;1.5078;1.50357;37267
2015.08.17;12:00:00;1.51058;1.50612;1.50764;1.50782;38955
2015.08.17;16:00:00;1.50816;1.49907;1.4997;1.50764;41633
2015.08.17;20:00:00;1.50284;1.49924;1.5021;1.49971;22516
2015.08.18;00:00:00;1.5034;1.50138;1.5026;1.50214;18541
2015.08.18;04:00:00;1.50403;1.49955;1.50144;1.50262;23805
2015.08.18;08:00:00;1.51073;1.5006;1.50743;1.50144;39751
2015.08.18;12:00:00;1.50881;1.50371;1.50534;1.50743;39115
2015.08.18;16:00:00;1.50677;1.50216;1.50315;1.50533;43315
2015.08.18;20:00:00;1.50418;1.50098;1.50098;1.50316;19992
2015.08.19;00:00:00;1.50382;1.49997;1.50326;1.49997;21771
2015.08.19;04:00:00;1.50981;1.50267;1.50766;1.50326;23558
2015.08.19;08:00:00;1.50993;1.50172;1.50272;1.50766;37415
2015.08.19;12:00:00;1.50384;1.50016;1.50347;1.50271;41815
2015.08.19;16:00:00;1.51285;1.50318;1.50975;1.5035;49428
2015.08.19;20:00:00;1.51366;1.50653;1.51263;1.50976;46251
2015.08.20;00:00:00;1.51427;1.51011;1.51354;1.51263;22105
2015.08.20;04:00:00;1.51643;1.5124;1.51448;1.51354;21999
2015.08.20;08:00:00;1.52906;1.51374;1.52896;1.51448;43214
2015.08.20;12:00:00;1.52988;1.52513;1.52547;1.52909;42342
2015.08.20;16:00:00;1.5267;1.5204;1.52345;1.52545;48765
2015.08.20;20:00:00;1.5319;1.52248;1.53146;1.52345;31849
2015.08.21;00:00:00;1.5335;1.52979;1.53266;1.53166;20963
2015.08.21;04:00:00;1.54636;1.53256;1.54236;1.53266;33866
2015.08.21;08:00:00;1.54596;1.53522;1.53652;1.54236;38785
2015.08.21;12:00:00;1.5411;1.53395;1.5387;1.53654;45749
2015.08.21;16:00:00;1.54869;1.53458;1.54829;1.53871;61460
2015.08.21;20:00:00;1.55742;1.54767;1.55668;1.54823;36437
2015.08.24;00:00:00;1.57119;1.55593;1.56921;1.55734;22735
2015.08.24;04:00:00;1.59503;1.56883;1.58488;1.5692;44522
2015.08.24;08:00:00;1.58707;1.57835;1.5834;1.58486;53302
2015.08.24;12:00:00;1.60024;1.58142;1.5966;1.58344;61589
2015.08.24;16:00:00;1.65827;1.59617;1.59653;1.59657;83693
2015.08.24;20:00:00;1.62471;1.59486;1.62286;1.59652;48600
2015.08.25;00:00:00;1.62505;1.60595;1.6093;1.62286;24123
2015.08.25;04:00:00;1.61193;1.59353;1.60446;1.60929;31059
2015.08.25;08:00:00;1.61311;1.59729;1.60695;1.60446;51486
2015.08.25;12:00:00;1.60949;1.58207;1.5915;1.60691;56749
2015.08.25;16:00:00;1.59638;1.5851;1.58993;1.59146;51700
2015.08.25;20:00:00;1.61849;1.58883;1.61414;1.58993;35055
2015.08.26;00:00:00;1.62825;1.60702;1.61649;1.61436;29649
2015.08.26;04:00:00;1.62305;1.61049;1.61173;1.61649;31913
2015.08.26;08:00:00;1.6189;1.60493;1.60907;1.61168;48597
2015.08.26;12:00:00;1.61169;1.59016;1.59385;1.60907;53636
2015.08.26;16:00:00;1.6116;1.59218;1.60632;1.59383;62586
2015.08.26;20:00:00;1.60771;1.58564;1.58756;1.60629;43476
2015.08.27;00:00:00;1.59328;1.58632;1.59104;1.58756;24529
2015.08.27;04:00:00;1.5968;1.58335;1.59636;1.59107;25277
2015.08.27;08:00:00;1.5997;1.58083;1.5816;1.59636;43713
2015.08.27;12:00:00;1.58299;1.57493;1.57605;1.58171;42339
2015.08.27;16:00:00;1.57909;1.56396;1.56802;1.57606;53864
2015.08.27;20:00:00;1.57525;1.56675;1.56856;1.568;35849
2015.08.28;00:00:00;1.56984;1.56209;1.56289;1.56859;18829
2015.08.28;04:00:00;1.57287;1.55989;1.56837;1.56287;22827
2015.08.28;08:00:00;1.5775;1.56837;1.57459;1.56839;36349
2015.08.28;12:00:00;1.5808;1.57355;1.57725;1.57457;43473
2015.08.28;16:00:00;1.57871;1.56102;1.56217;1.57725;55703
2015.08.28;20:00:00;1.56825;1.55871;1.55936;1.56217;25323
2015.08.31;00:00:00;1.57335;1.55978;1.57197;1.56144;19410
2015.08.31;04:00:00;1.57748;1.56725;1.57411;1.57203;21937
2015.08.31;08:00:00;1.5763;1.56898;1.5701;1.57407;26524
2015.08.31;12:00:00;1.58018;1.5692;1.57807;1.57059;23954
2015.08.31;16:00:00;1.58326;1.57334;1.57362;1.57807;33722
2015.08.31;20:00:00;1.57832;1.57319;1.57559;1.57362;25505
2015.09.01;00:00:00;1.58325;1.57473;1.57827;1.57555;16482
2015.09.01;04:00:00;1.58698;1.57395;1.58136;1.57817;25886
2015.09.01;08:00:00;1.59785;1.57976;1.5928;1.58124;49196
2015.09.01;12:00:00;1.59757;1.58872;1.59684;1.59276;47436
2015.09.01;16:00:00;1.60297;1.59315;1.60159;1.59682;54587
2015.09.01;20:00:00;1.61298;1.60104;1.61139;1.6016;38639
2015.09.02;00:00:00;1.61361;1.60207;1.60284;1.61189;24917
2015.09.02;04:00:00;1.61507;1.60123;1.6041;1.60284;28899
2015.09.02;08:00:00;1.6114;1.59674;1.60837;1.60408;40044
2015.09.02;12:00:00;1.61286;1.59971;1.60105;1.60837;42110
2015.09.02;16:00:00;1.60466;1.59689;1.59841;1.60105;51794
2015.09.02;20:00:00;1.60041;1.59307;1.59458;1.59846;31168
2015.09.03;00:00:00;1.595;1.58824;1.59154;1.59465;17508
2015.09.03;04:00:00;1.60224;1.59146;1.59835;1.59152;20673
2015.09.03;08:00:00;1.60622;1.59738;1.60175;1.59833;33484
2015.09.03;12:00:00;1.60466;1.58556;1.58707;1.60174;41547
2015.09.03;16:00:00;1.58987;1.57435;1.58219;1.58703;51927
2015.09.03;20:00:00;1.58895;1.58086;1.58469;1.58218;31862
2015.09.04;00:00:00;1.58987;1.58341;1.58961;1.58471;18773
2015.09.04;04:00:00;1.59952;1.5879;1.59671;1.58961;24689
2015.09.04;08:00:00;1.59958;1.59271;1.59483;1.59671;38333
2015.09.04;12:00:00;1.60763;1.58964;1.60202;1.59483;34431
2015.09.04;16:00:00;1.61269;1.59767;1.60973;1.60202;47024
2015.09.04;20:00:00;1.61429;1.60676;1.61276;1.60973;23871
2015.09.07;00:00:00;1.61377;1.60436;1.61014;1.61009;16893
2015.09.07;04:00:00;1.61218;1.60419;1.6101;1.61016;19686
2015.09.07;08:00:00;1.612;1.60454;1.609;1.61007;34107
2015.09.07;12:00:00;1.61188;1.6039;1.60545;1.609;36923
2015.09.07;16:00:00;1.61339;1.60538;1.61087;1.60542;18513
2015.09.07;20:00:00;1.61329;1.61039;1.61252;1.61084;24782
2015.09.08;00:00:00;1.61286;1.6055;1.6073;1.61271;11563
2015.09.08;04:00:00;1.61408;1.60162;1.61113;1.6073;26789
2015.09.08;08:00:00;1.61418;1.59938;1.60197;1.6111;34909
2015.09.08;12:00:00;1.60218;1.59464;1.59669;1.60196;31165
2015.09.08;16:00:00;1.6001;1.58816;1.59087;1.5967;37352
2015.09.08;20:00:00;1.59705;1.58742;1.59605;1.59087;19151
2015.09.09;00:00:00;1.59672;1.58774;1.58803;1.59603;16760
2015.09.09;04:00:00;1.58993;1.58176;1.58422;1.58808;21478
2015.09.09;08:00:00;1.59254;1.57939;1.58969;1.58422;35226
2015.09.09;12:00:00;1.59093;1.58023;1.58074;1.58967;34883
2015.09.09;16:00:00;1.59055;1.57769;1.58904;1.58068;39953
2015.09.09;20:00:00;1.59899;1.58698;1.59572;1.58904;29459
2015.09.10;00:00:00;1.61649;1.59613;1.61262;1.5962;20762
2015.09.10;04:00:00;1.61746;1.59784;1.60252;1.61262;25415
2015.09.10;08:00:00;1.60355;1.57795;1.58689;1.6025;43142
2015.09.10;12:00:00;1.5911;1.57754;1.58976;1.58686;40210
2015.09.10;16:00:00;1.59478;1.58457;1.59327;1.58974;48344
2015.09.10;20:00:00;1.59689;1.5893;1.59472;1.59327;27572
2015.09.11;00:00:00;1.59676;1.59088;1.59396;1.59474;18085
2015.09.11;04:00:00;1.5968;1.59272;1.59656;1.59396;12578
2015.09.11;08:00:00;1.60526;1.59626;1.60237;1.59656;34227
2015.09.11;12:00:00;1.60362;1.59292;1.59519;1.60237;32596
2015.09.11;16:00:00;1.60419;1.59368;1.60055;1.59522;39691
2015.09.11;20:00:00;1.60327;1.59785;1.598;1.60058;15743
2015.09.14;00:00:00;1.60394;1.59217;1.5936;1.5996;11836
2015.09.14;04:00:00;1.60372;1.58954;1.60064;1.59358;19116
2015.09.14;08:00:00;1.60653;1.59165;1.59172;1.60063;31391
2015.09.14;12:00:00;1.59287;1.58506;1.58588;1.59172;28601
2015.09.14;16:00:00;1.58994;1.57833;1.58518;1.58587;34116
2015.09.14;20:00:00;1.58739;1.58382;1.58512;1.58521;12634
2015.09.15;00:00:00;1.58682;1.57766;1.58013;1.58515;15923
2015.09.15;04:00:00;1.58894;1.5801;1.58834;1.58014;18132
2015.09.15;08:00:00;1.59184;1.58436;1.58507;1.58834;33242
2015.09.15;12:00:00;1.58946;1.58457;1.58808;1.58504;29051
2015.09.15;16:00:00;1.59121;1.58686;1.58761;1.58806;33810
2015.09.15;20:00:00;1.58772;1.57602;1.57762;1.58764;15989
2015.09.16;00:00:00;1.58274;1.57593;1.58122;1.57761;11049
2015.09.16;04:00:00;1.58301;1.58005;1.58146;1.58122;12238
2015.09.16;08:00:00;1.58216;1.56718;1.56991;1.58144;26502
2015.09.16;12:00:00;1.57341;1.56605;1.57296;1.5699;29640
2015.09.16;16:00:00;1.57501;1.56905;1.57353;1.57296;34022
2015.09.16;20:00:00;1.57385;1.56672;1.56792;1.57353;14245
2015.09.17;00:00:00;1.57221;1.56653;1.57203;1.56798;11903
2015.09.17;04:00:00;1.57531;1.56809;1.57214;1.57203;14514
2015.09.17;08:00:00;1.58189;1.56892;1.57926;1.57216;26460
2015.09.17;12:00:00;1.58165;1.5765;1.58146;1.57922;23524
2015.09.17;16:00:00;1.58393;1.58023;1.58138;1.58146;28961
2015.09.17;20:00:00;1.59595;1.56633;1.59297;1.5814;49676
2015.09.18;00:00:00;1.5949;1.58477;1.58697;1.59276;16941
2015.09.18;04:00:00;1.58881;1.58319;1.58542;1.58699;15209
2015.09.18;08:00:00;1.58608;1.57477;1.57842;1.5854;35246
2015.09.18;12:00:00;1.57985;1.56923;1.57128;1.57842;37790
2015.09.18;16:00:00;1.578;1.56831;1.57273;1.57127;37946
2015.09.18;20:00:00;1.57527;1.5664;1.57222;1.57276;20547
2015.09.21;00:00:00;1.57304;1.56853;1.57277;1.5699;9880
2015.09.21;04:00:00;1.57892;1.57114;1.57702;1.57279;14799
2015.09.21;08:00:00;1.58092;1.57309;1.57741;1.57702;30069
2015.09.21;12:00:00;1.5776;1.56796;1.57114;1.57741;30890
2015.09.21;16:00:00;1.57473;1.56703;1.57308;1.57115;34994
2015.09.21;20:00:00;1.57308;1.56759;1.56835;1.57305;15023
2015.09.22;00:00:00;1.57094;1.56739;1.56858;1.56835;8216
2015.09.22;04:00:00;1.57129;1.56699;1.57118;1.56858;12206
2015.09.22;08:00:00;1.57477;1.55997;1.57354;1.57118;33403
2015.09.22;12:00:00;1.57709;1.57019;1.5743;1.57362;33326
2015.09.22;16:00:00;1.57787;1.5712;1.57193;1.57428;35081
2015.09.22;20:00:00;1.57272;1.56798;1.56815;1.5719;13991
2015.09.23;00:00:00;1.57403;1.56777;1.56849;1.56793;8947
2015.09.23;04:00:00;1.58612;1.56804;1.58441;1.56849;17297
2015.09.23;08:00:00;1.58473;1.57544;1.57624;1.58442;30324
2015.09.23;12:00:00;1.58494;1.57609;1.58017;1.5763;30523
2015.09.23;16:00:00;1.59575;1.57777;1.59328;1.58016;42772
2015.09.23;20:00:00;1.60195;1.59216;1.59665;1.59326;19825
2015.09.24;00:00:00;1.5998;1.59419;1.59666;1.59706;12604
2015.09.24;04:00:00;1.60045;1.58993;1.60015;1.59662;20080
2015.09.24;08:00:00;1.61144;1.59664;1.60961;1.60004;31844
2015.09.24;12:00:00;1.61879;1.60876;1.61493;1.60957;39189
2015.09.24;16:00:00;1.61883;1.60261;1.60653;1.61496;43312
2015.09.24;20:00:00;1.60759;1.59301;1.59722;1.60651;22977
2015.09.25;00:00:00;1.60604;1.59021;1.59296;1.59729;20367
2015.09.25;04:00:00;1.59846;1.5915;1.59258;1.59298;19299
2015.09.25;08:00:00;1.59354;1.5834;1.5862;1.59259;33802
2015.09.25;12:00:00;1.59681;1.58589;1.59075;1.5862;30769
2015.09.25;16:00:00;1.59778;1.58857;1.59168;1.59073;37718
2015.09.25;20:00:00;1.59716;1.58945;1.5932;1.59175;18101
2015.09.28;00:00:00;1.59857;1.59083;1.59302;1.59083;11842
2015.09.28;04:00:00;1.59432;1.59017;1.59254;1.59298;12332
2015.09.28;08:00:00;1.59572;1.58684;1.59088;1.59254;29165
2015.09.28;12:00:00;1.60004;1.59029;1.59535;1.59086;28793
2015.09.28;16:00:00;1.60581;1.59413;1.60547;1.59534;40528
2015.09.28;20:00:00;1.60917;1.60426;1.60848;1.60551;18395
2015.09.29;00:00:00;1.61673;1.60819;1.61568;1.60839;11244
2015.09.29;04:00:00;1.62125;1.61533;1.62023;1.61568;16751
2015.09.29;08:00:00;1.62488;1.6068;1.60752;1.62024;37223
2015.09.29;12:00:00;1.61323;1.59896;1.59937;1.60752;32686
2015.09.29;16:00:00;1.61207;1.59796;1.61118;1.59937;45981
2015.09.29;20:00:00;1.61372;1.60604;1.60955;1.6112;20916
2015.09.30;00:00:00;1.61073;1.60282;1.60389;1.60955;11598
2015.09.30;04:00:00;1.608;1.60252;1.60345;1.60389;16950
2015.09.30;08:00:00;1.60665;1.59466;1.59562;1.60345;32313
2015.09.30;12:00:00;1.59875;1.59248;1.5934;1.59558;28616
2015.09.30;16:00:00;1.59509;1.58681;1.59408;1.59339;43290
2015.09.30;20:00:00;1.59435;1.59039;1.59185;1.59407;19918
2015.10.01;00:00:00;1.59618;1.59074;1.59129;1.59185;14301
2015.10.01;04:00:00;1.59176;1.57851;1.57951;1.59134;20221
2015.10.01;08:00:00;1.58191;1.57488;1.57934;1.57949;25064
2015.10.01;12:00:00;1.58122;1.57395;1.58044;1.57934;31213
2015.10.01;16:00:00;1.59382;1.57731;1.59273;1.58045;40685
2015.10.01;20:00:00;1.59476;1.58981;1.59181;1.59275;16685
2015.10.02;00:00:00;1.59247;1.58687;1.58961;1.59195;11588
2015.10.02;04:00:00;1.59561;1.58598;1.5903;1.58958;16807
2015.10.02;08:00:00;1.59031;1.5834;1.5866;1.59027;24863
2015.10.02;12:00:00;1.60815;1.58546;1.60549;1.5866;32466
2015.10.02;16:00:00;1.61449;1.59807;1.59893;1.60546;51482
2015.10.02;20:00:00;1.5994;1.58884;1.58973;1.599;18848
2015.10.05;00:00:00;1.59331;1.58809;1.59175;1.5892;12176
2015.10.05;04:00:00;1.59213;1.58723;1.5902;1.5918;16525
2015.10.05;08:00:00;1.59173;1.58617;1.58785;1.5902;36566
2015.10.05;12:00:00;1.58991;1.58223;1.5844;1.58783;33558
2015.10.05;16:00:00;1.58881;1.57733;1.57933;1.5844;34516
2015.10.05;20:00:00;1.57971;1.57438;1.57881;1.57935;14432
2015.10.06;00:00:00;1.58309;1.57774;1.58073;1.5789;13337
2015.10.06;04:00:00;1.58075;1.56653;1.56776;1.58075;16351
2015.10.06;08:00:00;1.57829;1.56776;1.57535;1.56776;27264
2015.10.06;12:00:00;1.58006;1.57273;1.57497;1.57535;27337
2015.10.06;16:00:00;1.57954;1.57096;1.57437;1.57497;38295
2015.10.06;20:00:00;1.5769;1.57097;1.57248;1.5744;17716
2015.10.07;00:00:00;1.57585;1.57215;1.57444;1.57267;11353
2015.10.07;04:00:00;1.57463;1.56729;1.56923;1.57442;16753
2015.10.07;08:00:00;1.57003;1.55711;1.56212;1.56925;29588
2015.10.07;12:00:00;1.56295;1.55476;1.55802;1.56212;29427
2015.10.07;16:00:00;1.56324;1.5514;1.55929;1.55802;40229
2015.10.07;20:00:00;1.56195;1.5561;1.55845;1.55929;19147
2015.10.08;00:00:00;1.56318;1.55798;1.55955;1.55868;10718
2015.10.08;04:00:00;1.57053;1.55736;1.5691;1.55954;16357
2015.10.08;08:00:00;1.57599;1.56607;1.57387;1.56911;27290
2015.10.08;12:00:00;1.57468;1.56355;1.56707;1.57388;31017
2015.10.08;16:00:00;1.56852;1.55917;1.56047;1.56704;33170
2015.10.08;20:00:00;1.56232;1.55102;1.55285;1.56049;26043
2015.10.09;00:00:00;1.55649;1.55092;1.55377;1.55272;12926
2015.10.09;04:00:00;1.55394;1.54813;1.54899;1.55379;15753
2015.10.09;08:00:00;1.55582;1.54519;1.54948;1.54897;33694
2015.10.09;12:00:00;1.55192;1.54528;1.55079;1.54948;37718
2015.10.09;16:00:00;1.55339;1.54642;1.55199;1.55079;36994
2015.10.09;20:00:00;1.55305;1.54714;1.54809;1.55199;13327
2015.10.12;00:00:00;1.55545;1.54953;1.55286;1.55191;14791
2015.10.12;04:00:00;1.55324;1.54764;1.5507;1.55286;10409
2015.10.12;08:00:00;1.55223;1.54381;1.54545;1.55068;22075
2015.10.12;12:00:00;1.54835;1.5414;1.54295;1.54552;22707
2015.10.12;16:00:00;1.54729;1.53968;1.54265;1.54295;28362
2015.10.12;20:00:00;1.54493;1.54148;1.54224;1.54265;10420
2015.10.13;00:00:00;1.54829;1.54196;1.54823;1.54244;10986
2015.10.13;04:00:00;1.55655;1.54417;1.55351;1.54823;15717
2015.10.13;08:00:00;1.56264;1.55118;1.55908;1.55355;30171
2015.10.13;12:00:00;1.56229;1.55626;1.56138;1.55909;32291
2015.10.13;16:00:00;1.56839;1.55689;1.56481;1.56139;38159
2015.10.13;20:00:00;1.5706;1.5643;1.57022;1.5648;18352
2015.10.14;00:00:00;1.58062;1.56996;1.57856;1.57024;16418
2015.10.14;04:00:00;1.58201;1.5722;1.57575;1.57857;15115
2015.10.14;08:00:00;1.57927;1.56708;1.57005;1.57575;31667
2015.10.14;12:00:00;1.57707;1.56897;1.57265;1.57009;32605
2015.10.14;16:00:00;1.57781;1.56793;1.57512;1.57269;38619
2015.10.14;20:00:00;1.57765;1.5695;1.57098;1.57512;22649
2015.10.15;00:00:00;1.57224;1.56188;1.56938;1.57097;16865
2015.10.15;04:00:00;1.57117;1.56166;1.5683;1.56938;18502
2015.10.15;08:00:00;1.57014;1.55309;1.55874;1.56832;34887
2015.10.15;12:00:00;1.56545;1.55559;1.56135;1.55874;34403
2015.10.15;16:00:00;1.56311;1.55357;1.55452;1.56132;46149
2015.10.15;20:00:00;1.55455;1.54928;1.55206;1.5545;18133
2015.10.16;00:00:00;1.55772;1.54921;1.55548;1.55211;16518
2015.10.16;04:00:00;1.56232;1.55487;1.56225;1.55549;15173
2015.10.16;08:00:00;1.56439;1.55801;1.56114;1.56218;24334
2015.10.16;12:00:00;1.56518;1.55705;1.56195;1.56114;31896
2015.10.16;16:00:00;1.56742;1.56098;1.5654;1.56194;37338
2015.10.16;20:00:00;1.56604;1.5591;1.56094;1.5654;14370
2015.10.19;00:00:00;1.56945;1.56146;1.56821;1.56337;11805
2015.10.19;04:00:00;1.57059;1.55779;1.5618;1.56819;12948
2015.10.19;08:00:00;1.56556;1.55458;1.55787;1.56181;21527
2015.10.19;12:00:00;1.55971;1.55012;1.55968;1.55787;26408
2015.10.19;16:00:00;1.56244;1.55792;1.55964;1.55966;27400
2015.10.19;20:00:00;1.56337;1.55916;1.56197;1.55964;11341
2015.10.20;00:00:00;1.56396;1.55655;1.55965;1.56222;10948
2015.10.20;04:00:00;1.56303;1.55805;1.55849;1.55965;7939
2015.10.20;08:00:00;1.56128;1.55411;1.56083;1.5585;19245
2015.10.20;12:00:00;1.56283;1.55833;1.55956;1.56084;23401
2015.10.20;16:00:00;1.56561;1.55627;1.56331;1.55958;27010
2015.10.20;20:00:00;1.56456;1.56128;1.56215;1.56331;10879
2015.10.21;00:00:00;1.56364;1.56122;1.56309;1.56223;10600
2015.10.21;04:00:00;1.56415;1.56078;1.5619;1.56309;9156
2015.10.21;08:00:00;1.57701;1.56157;1.57285;1.56191;26506
2015.10.21;12:00:00;1.57402;1.56871;1.57384;1.57274;21752
2015.10.21;16:00:00;1.57525;1.56853;1.56977;1.57388;29495
2015.10.21;20:00:00;1.573;1.56906;1.57174;1.56981;14692
2015.10.22;00:00:00;1.57432;1.56977;1.57076;1.57176;9011
2015.10.22;04:00:00;1.57903;1.56683;1.57358;1.57075;13720
2015.10.22;08:00:00;1.57543;1.56535;1.56607;1.57361;24433
2015.10.22;12:00:00;1.57114;1.554;1.55476;1.56606;29686
2015.10.22;16:00:00;1.55617;1.54094;1.54245;1.55478;43576
2015.10.22;20:00:00;1.54647;1.53865;1.54035;1.54248;17579
2015.10.23;00:00:00;1.5419;1.5334;1.53427;1.5404;15849
2015.10.23;04:00:00;1.53604;1.5313;1.53207;1.53427;14971
2015.10.23;08:00:00;1.53326;1.52192;1.53068;1.53209;28314
2015.10.23;12:00:00;1.53333;1.51881;1.52616;1.5307;35774
2015.10.23;16:00:00;1.53395;1.52436;1.52586;1.52614;36544
2015.10.23;20:00:00;1.52706;1.52454;1.52564;1.5259;13546
2015.10.25;23:00:00;1.52662;1.52293;1.52609;1.52293;3748
2015.10.26;00:00:00;1.52731;1.52104;1.5222;1.52617;15161
2015.10.26;04:00:00;1.52331;1.51875;1.52192;1.52223;11579
2015.10.26;08:00:00;1.52375;1.51779;1.51949;1.52193;23576
2015.10.26;12:00:00;1.52259;1.51645;1.52033;1.51949;27130
2015.10.26;16:00:00;1.52447;1.51857;1.52395;1.52023;32187
2015.10.26;20:00:00;1.52741;1.52211;1.52547;1.52393;14712
2015.10.27;00:00:00;1.52688;1.52269;1.52325;1.5254;11502
2015.10.27;04:00:00;1.53063;1.52324;1.52823;1.52324;14227
2015.10.27;08:00:00;1.52828;1.52155;1.52377;1.52823;23976
2015.10.27;12:00:00;1.53085;1.52355;1.52705;1.52375;32634
2015.10.27;16:00:00;1.53484;1.52593;1.53273;1.52705;35774
2015.10.27;20:00:00;1.5376;1.53243;1.53384;1.53273;18336
2015.10.28;00:00:00;1.54972;1.53223;1.54921;1.53384;23556
2015.10.28;04:00:00;1.55153;1.54767;1.54948;1.54923;13619
2015.10.28;08:00:00;1.55276;1.54642;1.55075;1.5495;24687
2015.10.28;12:00:00;1.5552;1.54918;1.55206;1.55074;31375
2015.10.28;16:00:00;1.55314;1.54438;1.54577;1.55206;36614
2015.10.28;20:00:00;1.54887;1.53368;1.53831;1.54501;41692
2015.10.29;00:00:00;1.54003;1.53513;1.5366;1.53839;17006
2015.10.29;04:00:00;1.53946;1.53538;1.53856;1.5366;14636
2015.10.29;08:00:00;1.5469;1.53535;1.54598;1.53855;31767
2015.10.29;12:00:00;1.54805;1.54173;1.54582;1.54598;36581
2015.10.29;16:00:00;1.55026;1.5441;1.54983;1.5458;33262
2015.10.29;20:00:00;1.5527;1.54893;1.55144;1.54989;18726
2015.10.30;00:00:00;1.55195;1.54462;1.54643;1.55142;16083
2015.10.30;04:00:00;1.5472;1.54168;1.54515;1.54643;21025
2015.10.30;08:00:00;1.55089;1.54237;1.54918;1.54513;29115
2015.10.30;12:00:00;1.55721;1.54758;1.55704;1.5492;35311
2015.10.30;16:00:00;1.5575;1.54146;1.54246;1.55719;40904
2015.10.30;20:00:00;1.54317;1.54019;1.5411;1.54246;15631
2015.11.02;00:00:00;1.55029;1.54252;1.54416;1.5497;14409
2015.11.02;04:00:00;1.54587;1.54266;1.54478;1.54417;8889
2015.11.02;08:00:00;1.54713;1.54081;1.54303;1.54479;26040
2015.11.02;12:00:00;1.54823;1.54167;1.5474;1.54298;25012
2015.11.02;16:00:00;1.54841;1.54285;1.54401;1.54741;29707
2015.11.02;20:00:00;1.54511;1.53998;1.54098;1.544;14618
2015.11.03;00:00:00;1.5421;1.53489;1.53704;1.54103;13306
2015.11.03;04:00:00;1.54649;1.52727;1.53101;1.53706;16393
2015.11.03;08:00:00;1.5323;1.52714;1.52944;1.53098;20515
2015.11.03;12:00:00;1.53111;1.52726;1.53025;1.52942;22038
2015.11.03;16:00:00;1.53091;1.5233;1.52383;1.53025;33209
2015.11.03;20:00:00;1.52661;1.52164;1.52508;1.52384;18080
2015.11.04;00:00:00;1.52705;1.5187;1.51881;1.52515;18221
2015.11.04;04:00:00;1.52142;1.51468;1.5199;1.51881;12879
2015.11.04;08:00:00;1.52041;1.51477;1.51828;1.5199;22999
2015.11.04;12:00:00;1.52284;1.51755;1.52261;1.5183;24237
2015.11.04;16:00:00;1.5233;1.51552;1.5177;1.52261;38134
2015.11.04;20:00:00;1.52063;1.51768;1.51939;1.51768;15708
2015.11.05;00:00:00;1.52435;1.5194;1.52125;1.51948;14464
2015.11.05;04:00:00;1.52214;1.51936;1.52087;1.52125;11019
2015.11.05;08:00:00;1.5261;1.51789;1.5236;1.52085;25900
2015.11.05;12:00:00;1.5249;1.51907;1.51939;1.5237;31718
2015.11.05;16:00:00;1.52202;1.51629;1.51982;1.51943;34869
2015.11.05;20:00:00;1.52467;1.51982;1.5231;1.51982;14969
2015.11.06;00:00:00;1.52491;1.52057;1.52365;1.52315;12622
2015.11.06;04:00:00;1.52483;1.52229;1.52303;1.52366;9450
2015.11.06;08:00:00;1.5233;1.51686;1.51911;1.52305;21163
2015.11.06;12:00:00;1.52219;1.51041;1.51869;1.51899;28705
2015.11.06;16:00:00;1.52853;1.51695;1.52669;1.51871;46491
2015.11.06;20:00:00;1.52706;1.52302;1.52502;1.52671;16407
2015.11.09;00:00:00;1.5269;1.52412;1.5246;1.52618;14292
2015.11.09;04:00:00;1.52745;1.52346;1.52359;1.52462;13054
2015.11.09;08:00:00;1.52798;1.52334;1.52619;1.52358;23012
2015.11.09;12:00:00;1.52778;1.52194;1.52352;1.52619;28148
2015.11.09;16:00:00;1.52865;1.52142;1.52727;1.52356;34939
2015.11.09;20:00:00;1.52845;1.52411;1.52501;1.52728;12679
2015.11.10;00:00:00;1.52709;1.52455;1.52487;1.52517;13913
2015.11.10;04:00:00;1.52565;1.52283;1.52399;1.52492;9879
2015.11.10;08:00:00;1.52517;1.51964;1.52134;1.52402;25487
2015.11.10;12:00:00;1.52357;1.51737;1.52041;1.52132;35100
2015.11.10;16:00:00;1.52363;1.51931;1.52144;1.5204;37905
2015.11.10;20:00:00;1.52585;1.52059;1.52473;1.52141;18776
2015.11.11;00:00:00;1.526;1.52032;1.52224;1.52479;17194
2015.11.11;04:00:00;1.52451;1.52049;1.52274;1.5223;16937
2015.11.11;08:00:00;1.52354;1.51995;1.52234;1.52274;25707
2015.11.11;12:00:00;1.52344;1.51719;1.51893;1.52233;25917
2015.11.11;16:00:00;1.52332;1.51803;1.52136;1.51891;31812
2015.11.11;20:00:00;1.52251;1.52011;1.5208;1.52141;13070
2015.11.12;00:00:00;1.52327;1.50575;1.50721;1.52085;25432
2015.11.12;04:00:00;1.5092;1.5054;1.50666;1.50721;17118
2015.11.12;08:00:00;1.50716;1.49839;1.50221;1.50666;36366
2015.11.12;12:00:00;1.51128;1.50014;1.5092;1.50223;35565
2015.11.12;16:00:00;1.51783;1.50862;1.51472;1.5092;52845
2015.11.12;20:00:00;1.51944;1.51163;1.51685;1.51472;19447
2015.11.13;00:00:00;1.51745;1.51158;1.51221;1.51694;17296
2015.11.13;04:00:00;1.51403;1.51117;1.51198;1.51225;13229
2015.11.13;08:00:00;1.51346;1.50688;1.50757;1.51191;26607
2015.11.13;12:00:00;1.51135;1.50481;1.50645;1.50756;36059
2015.11.13;16:00:00;1.512;1.50407;1.50633;1.50647;37287
2015.11.13;20:00:00;1.51086;1.50548;1.51031;1.50633;14883
2015.11.16;00:00:00;1.50991;1.50393;1.50721;1.50702;23305
2015.11.16;04:00:00;1.50826;1.50556;1.50799;1.50722;8328
2015.11.16;08:00:00;1.50967;1.50406;1.5062;1.50801;28081
2015.11.16;12:00:00;1.51362;1.50508;1.51151;1.50621;31041
2015.11.16;16:00:00;1.51333;1.50768;1.50832;1.51151;38017
2015.11.16;20:00:00;1.50861;1.50446;1.50561;1.50829;13594
2015.11.17;00:00:00;1.50784;1.50167;1.50195;1.50543;18494
2015.11.17;04:00:00;1.50584;1.50192;1.50482;1.50193;15221
2015.11.17;08:00:00;1.50684;1.50049;1.50073;1.50482;30535
2015.11.17;12:00:00;1.50175;1.49524;1.49591;1.50066;33036
2015.11.17;16:00:00;1.49904;1.49325;1.49477;1.49593;42179
2015.11.17;20:00:00;1.49659;1.49363;1.49587;1.49479;21971
2015.11.18;00:00:00;1.4986;1.49532;1.49844;1.49621;13875
2015.11.18;04:00:00;1.5006;1.49668;1.49958;1.49842;11184
2015.11.18;08:00:00;1.50286;1.49841;1.50182;1.49958;26624
2015.11.18;12:00:00;1.50341;1.4996;1.50151;1.50188;28621
2015.11.18;16:00:00;1.50399;1.5009;1.50231;1.50153;36174
2015.11.18;20:00:00;1.50318;1.49703;1.49876;1.5023;26029
2015.11.19;00:00:00;1.50048;1.49337;1.4953;1.49879;22057
2015.11.19;04:00:00;1.49584;1.49209;1.49321;1.49532;20838
2015.11.19;08:00:00;1.49444;1.48775;1.49038;1.49317;33456
2015.11.19;12:00:00;1.49404;1.48888;1.49301;1.49041;37146
2015.11.19;16:00:00;1.49551;1.48742;1.49084;1.49303;46242
2015.11.19;20:00:00;1.49293;1.49017;1.49151;1.49083;16266
2015.11.20;00:00:00;1.49323;1.48937;1.49064;1.49155;16491
2015.11.20;04:00:00;1.49101;1.48674;1.4894;1.4906;15151
2015.11.20;08:00:00;1.48983;1.48018;1.48139;1.4894;32807
2015.11.20;12:00:00;1.4834;1.47689;1.47774;1.48138;31771
2015.11.20;16:00:00;1.47882;1.4706;1.47127;1.47778;39984
2015.11.20;20:00:00;1.47206;1.46976;1.47047;1.47125;17417
2015.11.23;00:00:00;1.47699;1.47045;1.47534;1.4706;16727
2015.11.23;04:00:00;1.48105;1.47519;1.47892;1.47528;15725
2015.11.23;08:00:00;1.48267;1.47826;1.48074;1.47895;31640
2015.11.23;12:00:00;1.48204;1.47574;1.47995;1.48076;38545
2015.11.23;16:00:00;1.4805;1.47434;1.47544;1.47997;40539
2015.11.23;20:00:00;1.47858;1.47438;1.47829;1.47542;16404
2015.11.24;00:00:00;1.48;1.47654;1.47735;1.47838;15480
2015.11.24;04:00:00;1.47901;1.47491;1.47618;1.47735;12374
2015.11.24;08:00:00;1.48308;1.47362;1.47525;1.47618;31376
2015.11.24;12:00:00;1.4785;1.47366;1.47784;1.47525;37327
2015.11.24;16:00:00;1.47785;1.4693;1.47141;1.47785;40130
2015.11.24;20:00:00;1.47175;1.46579;1.46638;1.47141;19617
2015.11.25;00:00:00;1.46893;1.46327;1.46891;1.4662;18621
2015.11.25;04:00:00;1.46966;1.46448;1.46549;1.46892;15950
2015.11.25;08:00:00;1.46956;1.46156;1.46268;1.46549;34634
2015.11.25;12:00:00;1.46333;1.45806;1.46198;1.4627;40916
2015.11.25;16:00:00;1.46674;1.46019;1.4652;1.46199;39568
2015.11.25;20:00:00;1.46538;1.46244;1.46449;1.4652;17685
2015.11.26;00:00:00;1.47157;1.46241;1.46852;1.4645;17371
2015.11.26;04:00:00;1.46885;1.46609;1.46752;1.46851;11660
2015.11.26;08:00:00;1.47093;1.46652;1.46944;1.4675;25189
2015.11.26;12:00:00;1.47165;1.4676;1.46913;1.46945;25641
2015.11.26;16:00:00;1.47013;1.46597;1.46653;1.46913;18111
2015.11.26;20:00:00;1.46816;1.46478;1.46776;1.46655;27311
2015.11.27;00:00:00;1.46978;1.46564;1.46819;1.46785;14884
2015.11.27;04:00:00;1.46953;1.46701;1.46767;1.46815;12561
2015.11.27;08:00:00;1.47579;1.46597;1.46929;1.46766;34109
2015.11.27;12:00:00;1.47106;1.46793;1.46961;1.46931;33901
2015.11.27;16:00:00;1.4749;1.46904;1.47325;1.46961;30741
2015.11.27;20:00:00;1.47442;1.47137;1.47169;1.47326;9421
2015.11.30;00:00:00;1.47547;1.47122;1.47269;1.47178;16214
2015.11.30;04:00:00;1.47406;1.47098;1.47098;1.47269;16043
2015.11.30;08:00:00;1.47216;1.46681;1.46949;1.47096;28763
2015.11.30;12:00:00;1.46976;1.46362;1.46379;1.46949;30440
2015.11.30;16:00:00;1.46481;1.45621;1.45985;1.46379;35982
2015.11.30;20:00:00;1.46196;1.45919;1.46119;1.45983;18687
2015.12.01;00:00:00;1.46284;1.45526;1.45708;1.46126;17692
2015.12.01;04:00:00;1.45849;1.45351;1.45772;1.45708;23699
2015.12.01;08:00:00;1.4588;1.45264;1.45401;1.45775;33128
2015.12.01;12:00:00;1.4568;1.45267;1.456;1.454;30579
2015.12.01;16:00:00;1.45645;1.44954;1.45051;1.45598;44745
2015.12.01;20:00:00;1.45202;1.44904;1.45145;1.45054;21896
2015.12.02;00:00:00;1.45334;1.44704;1.45186;1.45134;17534
2015.12.02;04:00:00;1.45264;1.4507;1.45187;1.45185;16288
2015.12.02;08:00:00;1.45296;1.44858;1.44866;1.45185;30774
2015.12.02;12:00:00;1.44863;1.4435;1.44615;1.44863;35867
2015.12.02;16:00:00;1.44963;1.44121;1.44852;1.44615;46757
2015.12.02;20:00:00;1.45484;1.44789;1.45197;1.44852;31025
2015.12.03;00:00:00;1.4561;1.45138;1.45305;1.45197;18317
2015.12.03;04:00:00;1.45324;1.44603;1.44625;1.45304;17605
2015.12.03;08:00:00;1.44831;1.44036;1.44169;1.44624;32190
2015.12.03;12:00:00;1.48298;1.43442;1.47377;1.44169;51847
2015.12.03;16:00:00;1.49648;1.47139;1.48633;1.47375;57532
2015.12.03;20:00:00;1.49424;1.48637;1.48974;1.48637;38754
2015.12.04;00:00:00;1.49295;1.4874;1.48806;1.48972;24546
2015.12.04;04:00:00;1.49589;1.48716;1.49443;1.48806;21154
2015.12.04;08:00:00;1.49575;1.48158;1.48739;1.49443;43057
2015.12.04;12:00:00;1.49312;1.48558;1.49072;1.48735;48098
2015.12.04;16:00:00;1.49233;1.47641;1.47998;1.49073;67089
2015.12.04;20:00:00;1.48213;1.47725;1.4813;1.47999;25836
2015.12.07;00:00:00;1.48442;1.47962;1.48164;1.48039;18923
2015.12.07;04:00:00;1.48238;1.47954;1.48175;1.48162;14591
2015.12.07;08:00:00;1.48326;1.47993;1.4814;1.4818;28797
2015.12.07;12:00:00;1.48714;1.47894;1.48588;1.48144;32095
2015.12.07;16:00:00;1.49448;1.48375;1.49321;1.4859;42306
2015.12.07;20:00:00;1.49392;1.49051;1.4907;1.49321;22203
2015.12.08;00:00:00;1.49514;1.49006;1.49253;1.49091;15100
2015.12.08;04:00:00;1.5035;1.49236;1.5029;1.49253;16061
2015.12.08;08:00:00;1.50822;1.49892;1.50491;1.50289;32349
2015.12.08;12:00:00;1.5154;1.50179;1.51456;1.50489;38215
2015.12.08;16:00:00;1.51528;1.50347;1.50886;1.51454;38260
2015.12.08;20:00:00;1.51205;1.50845;1.50904;1.50888;22672
2015.12.09;00:00:00;1.50923;1.5045;1.50756;1.50921;14943
2015.12.09;04:00:00;1.51332;1.50743;1.51131;1.5076;18770
2015.12.09;08:00:00;1.5243;1.50903;1.52153;1.51133;34157
2015.12.09;12:00:00;1.523;1.51485;1.51913;1.52153;34181
2015.12.09;16:00:00;1.52892;1.51226;1.5276;1.51913;55118
2015.12.09;20:00:00;1.53027;1.5213;1.52442;1.52765;43227
2015.12.10;00:00:00;1.52552;1.5018;1.50739;1.52452;25456
2015.12.10;04:00:00;1.51145;1.50739;1.50973;1.50739;14421
2015.12.10;08:00:00;1.51172;1.50256;1.50515;1.50973;28484
2015.12.10;12:00:00;1.50609;1.49697;1.50264;1.50516;38441
2015.12.10;16:00:00;1.50265;1.49527;1.49973;1.50262;41559
2015.12.10;20:00:00;1.50474;1.49906;1.50223;1.49972;20914
2015.12.11;00:00:00;1.50735;1.50214;1.50675;1.50223;16205
2015.12.11;04:00:00;1.51078;1.50623;1.50962;1.50673;10283
2015.12.11;08:00:00;1.51778;1.50704;1.51465;1.50962;29304
2015.12.11;12:00:00;1.52186;1.51329;1.51775;1.51463;40219
2015.12.11;16:00:00;1.53413;1.51735;1.52861;1.51777;55589
2015.12.11;20:00:00;1.52988;1.52461;1.5291;1.52859;25162
2015.12.14;00:00:00;1.53334;1.52341;1.52854;1.52361;19029
2015.12.14;04:00:00;1.52967;1.52063;1.52267;1.52856;16865
2015.12.14;08:00:00;1.52393;1.51553;1.51801;1.52265;27298
2015.12.14;12:00:00;1.52704;1.51563;1.51759;1.51802;38073
2015.12.14;16:00:00;1.52561;1.51613;1.51849;1.51759;54843
2015.12.14;20:00:00;1.52192;1.51668;1.51708;1.51851;24429
2015.12.15;00:00:00;1.51914;1.51465;1.51718;1.51695;17829
2015.12.15;04:00:00;1.52139;1.51159;1.52052;1.51717;13352
2015.12.15;08:00:00;1.5276;1.51881;1.52215;1.5205;29206
2015.12.15;12:00:00;1.52295;1.51444;1.5193;1.52217;38342
2015.12.15;16:00:00;1.52492;1.51609;1.52038;1.51931;45527
2015.12.15;20:00:00;1.52036;1.52031;1.52034;1.52036;9
