DATE;TIME;HIGH;LOW;CLOSE;OPEN;VOLUME
2015.04.27;12:00:00;1.31971;1.31511;1.31899;1.31872;32160
2015.04.27;16:00:00;1.32075;1.31293;1.31969;1.31898;42329
2015.04.27;20:00:00;1.32036;1.31496;1.31594;1.31973;19464
2015.04.28;00:00:00;1.31671;1.31421;1.31561;1.31597;11112
2015.04.28;04:00:00;1.31671;1.31497;1.31609;1.31559;9832
2015.04.28;08:00:00;1.3189;1.31535;1.31879;1.31611;32270
2015.04.28;12:00:00;1.32004;1.31653;1.31795;1.31879;39677
2015.04.28;16:00:00;1.32226;1.31721;1.3187;1.31795;44930
2015.04.28;20:00:00;1.32163;1.31812;1.32101;1.3187;20775
2015.04.29;00:00:00;1.32174;1.31915;1.32131;1.32101;9227
2015.04.29;04:00:00;1.32147;1.31919;1.31955;1.32132;10499
2015.04.29;08:00:00;1.32371;1.31876;1.32307;1.31956;30711
2015.04.29;12:00:00;1.32907;1.32211;1.32534;1.32312;43700
2015.04.29;16:00:00;1.33648;1.32393;1.33413;1.32535;60418
2015.04.29;20:00:00;1.33874;1.33262;1.33732;1.33413;37957
2015.04.30;00:00:00;1.33733;1.33493;1.33512;1.33733;10466
2015.04.30;04:00:00;1.33777;1.33505;1.33561;1.33513;12891
2015.04.30;08:00:00;1.35113;1.33249;1.34766;1.33561;44015
2015.04.30;12:00:00;1.34956;1.34093;1.34377;1.34766;47033
2015.04.30;16:00:00;1.36051;1.3413;1.35583;1.34374;55471
2015.04.30;20:00:00;1.36175;1.35282;1.35508;1.35583;28355
2015.05.01;00:00:00;1.35572;1.35249;1.3545;1.35509;9193
2015.05.01;04:00:00;1.35598;1.3542;1.35448;1.3545;7048
2015.05.01;08:00:00;1.36197;1.35376;1.36111;1.35447;25195
2015.05.01;12:00:00;1.36663;1.35829;1.36494;1.36112;29974
2015.05.01;16:00:00;1.37019;1.3608;1.36119;1.36494;46393
2015.05.01;20:00:00;1.3648;1.36084;1.36186;1.3612;17959
2015.05.04;00:00:00;1.36228;1.35911;1.36135;1.35915;7291
2015.05.04;04:00:00;1.36312;1.36135;1.36186;1.36135;9048
2015.05.04;08:00:00;1.36367;1.35273;1.35283;1.36186;27777
2015.05.04;12:00:00;1.35367;1.34823;1.35199;1.35282;32427
2015.05.04;16:00:00;1.35417;1.34877;1.3511;1.352;36368
2015.05.04;20:00:00;1.35179;1.34679;1.34785;1.3511;15445
2015.05.05;00:00:00;1.3491;1.34707;1.34897;1.34777;6039
2015.05.05;04:00:00;1.3496;1.34752;1.34794;1.34898;9182
2015.05.05;08:00:00;1.34975;1.34108;1.34432;1.34791;31047
2015.05.05;12:00:00;1.34881;1.34133;1.34471;1.34431;39818
2015.05.05;16:00:00;1.34872;1.33996;1.34811;1.34472;50073
2015.05.05;20:00:00;1.35178;1.34812;1.3496;1.34813;16979
2015.05.06;00:00:00;1.35111;1.34874;1.35084;1.34962;7240
2015.05.06;04:00:00;1.35302;1.34955;1.35175;1.35084;15091
2015.05.06;08:00:00;1.35597;1.34996;1.3501;1.35173;37772
2015.05.06;12:00:00;1.35435;1.34688;1.35424;1.35009;45335
2015.05.06;16:00:00;1.36487;1.35347;1.36238;1.35425;56452
2015.05.06;20:00:00;1.3687;1.36224;1.36661;1.36229;21902
2015.05.07;00:00:00;1.3669;1.36437;1.36504;1.36662;12774
2015.05.07;04:00:00;1.36636;1.36452;1.36607;1.36505;14122
2015.05.07;08:00:00;1.37234;1.36552;1.37051;1.36606;35391
2015.05.07;12:00:00;1.37657;1.36087;1.36393;1.37048;48175
2015.05.07;16:00:00;1.37091;1.3633;1.36894;1.36396;46644
2015.05.07;20:00:00;1.36977;1.36515;1.36612;1.36893;21153
2015.05.08;00:00:00;1.36612;1.35938;1.36138;1.36612;12214
2015.05.08;04:00:00;1.36257;1.35651;1.35759;1.36137;18029
2015.05.08;08:00:00;1.36105;1.35424;1.35847;1.35757;35960
2015.05.08;12:00:00;1.364;1.35594;1.36135;1.35846;42613
2015.05.08;16:00:00;1.36201;1.35502;1.35684;1.36138;49906
2015.05.08;20:00:00;1.35717;1.35314;1.35317;1.35683;18053
2015.05.11;00:00:00;1.35416;1.35068;1.35073;1.35206;8065
2015.05.11;04:00:00;1.35226;1.34942;1.35153;1.35073;15332
2015.05.11;08:00:00;1.35692;1.35053;1.35497;1.35153;29797
2015.05.11;12:00:00;1.35611;1.34697;1.34775;1.35495;32151
2015.05.11;16:00:00;1.35038;1.3457;1.35037;1.34775;38872
2015.05.11;20:00:00;1.35067;1.34719;1.3497;1.35035;15411
2015.05.12;00:00:00;1.34986;1.34738;1.34822;1.34972;6735
2015.05.12;04:00:00;1.35044;1.34784;1.35031;1.34822;10205
2015.05.12;08:00:00;1.35868;1.35008;1.35734;1.35034;35032
2015.05.12;12:00:00;1.35988;1.35039;1.35053;1.35734;37792
2015.05.12;16:00:00;1.35595;1.34578;1.3459;1.35055;38571
2015.05.12;20:00:00;1.34779;1.3451;1.34727;1.34593;16963
2015.05.13;00:00:00;1.34836;1.34588;1.34784;1.34729;8246
2015.05.13;04:00:00;1.35264;1.3467;1.35188;1.34785;12805
2015.05.13;08:00:00;1.3538;1.34451;1.3451;1.35187;29937
2015.05.13;12:00:00;1.35142;1.34269;1.35099;1.34508;39871
2015.05.13;16:00:00;1.36037;1.35073;1.3571;1.35101;42999
2015.05.13;20:00:00;1.36018;1.35646;1.35735;1.35713;17601
2015.05.14;00:00:00;1.35817;1.35622;1.35694;1.3573;8779
2015.05.14;04:00:00;1.35754;1.35559;1.35625;1.35694;14206
2015.05.14;08:00:00;1.36429;1.3554;1.36325;1.35626;32196
2015.05.14;12:00:00;1.36711;1.36197;1.362;1.36325;35219
2015.05.14;16:00:00;1.36548;1.35846;1.36548;1.36194;42375
2015.05.14;20:00:00;1.36905;1.36371;1.36697;1.36551;17981
2015.05.15;00:00:00;1.36792;1.36557;1.36701;1.36695;8224
2015.05.15;04:00:00;1.36999;1.36618;1.36846;1.36702;10184
2015.05.15;08:00:00;1.36903;1.36338;1.36426;1.36846;34824
2015.05.15;12:00:00;1.36656;1.36225;1.36496;1.36426;31412
2015.05.15;16:00:00;1.37516;1.36493;1.37477;1.36496;46353
2015.05.15;20:00:00;1.37757;1.37421;1.37495;1.37471;19790
2015.05.18;00:00:00;1.37586;1.37369;1.37541;1.37369;7859
2015.05.18;04:00:00;1.3769;1.37513;1.37551;1.3754;10563
2015.05.18;08:00:00;1.37591;1.3693;1.37107;1.37552;28923
2015.05.18;12:00:00;1.37628;1.36981;1.37582;1.37108;31830
2015.05.18;16:00:00;1.38029;1.37406;1.37817;1.37589;38950
2015.05.18;20:00:00;1.37862;1.37363;1.37556;1.37817;18863
2015.05.19;00:00:00;1.37649;1.37466;1.3756;1.37557;8435
2015.05.19;04:00:00;1.37568;1.371;1.37158;1.37561;14917
2015.05.19;08:00:00;1.37342;1.35774;1.36334;1.37158;41735
2015.05.19;12:00:00;1.36628;1.35825;1.3599;1.36334;38246
2015.05.19;16:00:00;1.36603;1.35932;1.36258;1.3599;43952
2015.05.19;20:00:00;1.3639;1.36115;1.36357;1.36261;16350
2015.05.20;00:00:00;1.36388;1.36137;1.36219;1.36359;9628
2015.05.20;04:00:00;1.36273;1.36043;1.36093;1.36215;11293
2015.05.20;08:00:00;1.36241;1.35478;1.35797;1.36093;38284
2015.05.20;12:00:00;1.36193;1.35554;1.35941;1.35794;37609
2015.05.20;16:00:00;1.35955;1.35254;1.3543;1.35939;43647
2015.05.20;20:00:00;1.35713;1.35194;1.354;1.35432;34066
2015.05.21;00:00:00;1.35622;1.35262;1.35556;1.354;8874
2015.05.21;04:00:00;1.3564;1.35503;1.35561;1.35557;12144
2015.05.21;08:00:00;1.36114;1.35149;1.35758;1.3556;35443
2015.05.21;12:00:00;1.36296;1.35699;1.3597;1.35757;36512
2015.05.21;16:00:00;1.36211;1.35601;1.35793;1.35967;41484
2015.05.21;20:00:00;1.3588;1.35528;1.35528;1.35781;18322
2015.05.22;00:00:00;1.356;1.35418;1.35537;1.35513;8382
2015.05.22;04:00:00;1.35791;1.35485;1.35714;1.35536;13087
2015.05.22;08:00:00;1.36274;1.35659;1.36255;1.35692;24604
2015.05.22;12:00:00;1.36669;1.35682;1.35759;1.36255;38506
2015.05.22;16:00:00;1.35784;1.35164;1.35768;1.35759;41627
2015.05.22;20:00:00;1.35803;1.35171;1.35177;1.35768;21041
2015.05.25;00:00:00;1.35247;1.34844;1.35006;1.3513;11165
2015.05.25;04:00:00;1.35107;1.3493;1.34974;1.35005;7937
2015.05.25;08:00:00;1.3521;1.34778;1.34885;1.34975;17815
2015.05.25;12:00:00;1.35158;1.34752;1.35101;1.34887;14039
2015.05.25;16:00:00;1.35222;1.34871;1.35217;1.35101;13081
2015.05.25;20:00:00;1.35219;1.35091;1.35119;1.35218;7072
2015.05.26;00:00:00;1.35193;1.34746;1.34826;1.35112;9213
2015.05.26;04:00:00;1.34903;1.34611;1.34613;1.34826;14069
2015.05.26;08:00:00;1.34707;1.3429;1.34578;1.34615;39029
2015.05.26;12:00:00;1.35331;1.34566;1.35258;1.34577;38014
2015.05.26;16:00:00;1.35669;1.35082;1.35363;1.35255;46956
2015.05.26;20:00:00;1.35391;1.35016;1.35162;1.35364;18859
2015.05.27;00:00:00;1.35301;1.35095;1.35179;1.35162;7473
2015.05.27;04:00:00;1.35305;1.35109;1.35274;1.35179;13809
2015.05.27;08:00:00;1.35654;1.35277;1.35639;1.35277;31102
2015.05.27;12:00:00;1.35862;1.35082;1.351;1.35638;42056
2015.05.27;16:00:00;1.36027;1.34826;1.35878;1.351;48624
2015.05.27;20:00:00;1.3598;1.35683;1.35744;1.3588;19182
2015.05.28;00:00:00;1.3593;1.35661;1.35831;1.35737;8690
2015.05.28;04:00:00;1.36135;1.35763;1.36111;1.35831;19787
2015.05.28;08:00:00;1.36533;1.35853;1.36448;1.36112;37601
2015.05.28;12:00:00;1.36708;1.35818;1.36166;1.36446;42362
2015.05.28;16:00:00;1.36596;1.35865;1.36195;1.36163;46203
2015.05.28;20:00:00;1.36308;1.35908;1.36122;1.36195;24825
2015.05.29;00:00:00;1.36342;1.36046;1.36058;1.36125;9283
2015.05.29;04:00:00;1.36152;1.35999;1.36008;1.36055;10713
2015.05.29;08:00:00;1.36512;1.35903;1.36338;1.36008;31539
2015.05.29;12:00:00;1.37435;1.36221;1.37195;1.36337;42072
2015.05.29;16:00:00;1.37493;1.36725;1.3675;1.37187;48917
2015.05.29;20:00:00;1.36959;1.36523;1.36824;1.36753;18276
2015.06.01;00:00:00;1.36762;1.36307;1.36385;1.36571;9105
2015.06.01;04:00:00;1.3654;1.3628;1.36518;1.36386;12270
2015.06.01;08:00:00;1.36614;1.35995;1.36062;1.36517;30363
2015.06.01;12:00:00;1.36794;1.35985;1.36738;1.36057;35352
2015.06.01;16:00:00;1.37085;1.36589;1.37014;1.36741;44923
2015.06.01;20:00:00;1.37122;1.36755;1.36783;1.37012;20331
2015.06.02;00:00:00;1.36929;1.36688;1.36904;1.3678;9643
2015.06.02;04:00:00;1.36921;1.36738;1.368;1.36903;12615
2015.06.02;08:00:00;1.37401;1.36591;1.37388;1.368;32445
2015.06.02;12:00:00;1.3837;1.37234;1.38321;1.37402;45365
2015.06.02;16:00:00;1.39147;1.38125;1.38391;1.3832;54820
2015.06.02;20:00:00;1.38632;1.38221;1.38252;1.38391;21141
2015.06.03;00:00:00;1.38442;1.38243;1.38334;1.38248;8477
2015.06.03;04:00:00;1.38477;1.38236;1.38386;1.38338;13146
2015.06.03;08:00:00;1.38652;1.38001;1.38368;1.38386;32357
2015.06.03;12:00:00;1.39118;1.38128;1.38969;1.3837;39609
2015.06.03;16:00:00;1.40348;1.38935;1.40126;1.38969;56725
2015.06.03;20:00:00;1.40411;1.40081;1.40343;1.40125;18821
2015.06.04;00:00:00;1.40393;1.40161;1.40227;1.40341;8776
2015.06.04;04:00:00;1.40378;1.40163;1.40353;1.40226;11629
2015.06.04;08:00:00;1.41609;1.40084;1.41196;1.40352;41314
2015.06.04;12:00:00;1.41446;1.40695;1.40763;1.41191;43163
2015.06.04;16:00:00;1.41051;1.40411;1.40786;1.40761;45529
2015.06.04;20:00:00;1.40934;1.40281;1.40466;1.40786;23267
2015.06.05;00:00:00;1.40535;1.39796;1.40063;1.4047;12074
2015.06.05;04:00:00;1.40157;1.39969;1.40089;1.40065;11671
2015.06.05;08:00:00;1.41211;1.4004;1.40999;1.40089;33707
2015.06.05;12:00:00;1.4109;1.38319;1.3885;1.40998;42426
2015.06.05;16:00:00;1.39228;1.38468;1.3884;1.3885;57603
2015.06.05;20:00:00;1.38886;1.38119;1.38167;1.3884;20842
2015.06.08;00:00:00;1.38394;1.37916;1.3821;1.37946;6924
2015.06.08;04:00:00;1.38386;1.38195;1.38349;1.38213;10461
2015.06.08;08:00:00;1.39012;1.3817;1.38394;1.38348;37027
2015.06.08;12:00:00;1.39063;1.3824;1.38725;1.38394;34201
2015.06.08;16:00:00;1.39821;1.3871;1.39677;1.38725;40626
2015.06.08;20:00:00;1.40129;1.39655;1.40098;1.39677;24805
2015.06.09;00:00:00;1.40093;1.39912;1.4003;1.40093;9191
2015.06.09;04:00:00;1.40519;1.40028;1.4019;1.4003;14908
2015.06.09;08:00:00;1.40446;1.39815;1.39949;1.40189;40831
2015.06.09;12:00:00;1.40027;1.3847;1.38664;1.39951;45258
2015.06.09;16:00:00;1.39057;1.38447;1.38936;1.38664;45965
2015.06.09;20:00:00;1.39293;1.38842;1.3915;1.38934;17193
2015.06.10;00:00:00;1.39485;1.38959;1.39439;1.39148;10412
2015.06.10;04:00:00;1.39453;1.39072;1.39089;1.39439;17545
2015.06.10;08:00:00;1.3956;1.38433;1.38509;1.3909;45440
2015.06.10;12:00:00;1.38706;1.37975;1.38234;1.38515;42546
2015.06.10;16:00:00;1.39023;1.38114;1.3879;1.38233;50308
2015.06.10;20:00:00;1.38981;1.38713;1.38734;1.3879;18613
2015.06.11;00:00:00;1.38989;1.38713;1.38719;1.38728;10359
2015.06.11;04:00:00;1.38789;1.38556;1.38725;1.38717;14205
2015.06.11;08:00:00;1.3905;1.38271;1.38623;1.38724;34004
2015.06.11;12:00:00;1.38804;1.37944;1.38374;1.38621;42809
2015.06.11;16:00:00;1.38501;1.37913;1.38484;1.3838;45668
2015.06.11;20:00:00;1.38582;1.38226;1.38362;1.38481;19049
2015.06.12;00:00:00;1.38406;1.38153;1.38272;1.38355;9151
2015.06.12;04:00:00;1.38342;1.37946;1.38005;1.38271;11820
2015.06.12;08:00:00;1.3832;1.37413;1.37608;1.38005;33527
2015.06.12;12:00:00;1.38283;1.37468;1.38265;1.37608;39951
2015.06.12;16:00:00;1.38884;1.38265;1.38748;1.38265;41801
2015.06.12;20:00:00;1.3896;1.3843;1.38657;1.38743;14867
2015.06.15;00:00:00;1.3828;1.37979;1.38254;1.37996;8460
2015.06.15;04:00:00;1.38367;1.38059;1.38287;1.38254;12834
2015.06.15;08:00:00;1.38844;1.37991;1.38653;1.38286;30716
2015.06.15;12:00:00;1.38733;1.38318;1.3857;1.38653;32750
2015.06.15;16:00:00;1.38903;1.38354;1.38825;1.38569;34512
2015.06.15;20:00:00;1.39117;1.38509;1.39023;1.3882;18340
2015.06.16;00:00:00;1.3904;1.38811;1.38899;1.39023;7782
2015.06.16;04:00:00;1.38947;1.38761;1.38891;1.38899;13073
2015.06.16;08:00:00;1.3952;1.38791;1.38838;1.38892;31993
2015.06.16;12:00:00;1.39002;1.38237;1.3851;1.38838;32754
2015.06.16;16:00:00;1.38682;1.38124;1.38674;1.3851;26875
2015.06.16;20:00:00;1.38692;1.38161;1.38234;1.38667;12221
2015.06.17;00:00:00;1.38288;1.38106;1.38201;1.38224;6477
2015.06.17;04:00:00;1.3848;1.38201;1.38415;1.38201;10108
2015.06.17;08:00:00;1.3923;1.38266;1.38828;1.38415;28578
2015.06.17;12:00:00;1.38931;1.38466;1.38753;1.38821;32201
2015.06.17;16:00:00;1.3882;1.38254;1.38711;1.38756;32742
2015.06.17;20:00:00;1.38842;1.38212;1.38593;1.38711;41731
2015.06.18;00:00:00;1.3904;1.38576;1.38973;1.38588;11790
2015.06.18;04:00:00;1.39063;1.38811;1.38949;1.38974;14670
2015.06.18;08:00:00;1.39054;1.38545;1.38597;1.38947;38410
2015.06.18;12:00:00;1.38814;1.38326;1.38343;1.38595;40392
2015.06.18;16:00:00;1.39536;1.38187;1.39054;1.38345;42425
2015.06.18;20:00:00;1.39183;1.38799;1.38799;1.39052;20488
2015.06.19;00:00:00;1.39254;1.38768;1.39053;1.38785;7136
2015.06.19;04:00:00;1.39088;1.38848;1.3885;1.39053;11392
2015.06.19;08:00:00;1.38885;1.3811;1.38219;1.38849;32178
2015.06.19;12:00:00;1.39064;1.38162;1.39004;1.38219;34714
2015.06.19;16:00:00;1.39451;1.38764;1.3927;1.39001;30699
2015.06.19;20:00:00;1.39423;1.39085;1.39229;1.39267;16427
2015.06.22;00:00:00;1.39538;1.39295;1.39505;1.39398;7206
2015.06.22;04:00:00;1.39655;1.39434;1.39649;1.39503;9660
2015.06.22;08:00:00;1.39692;1.38757;1.39033;1.39647;31115
2015.06.22;12:00:00;1.39171;1.38668;1.39055;1.39034;34888
2015.06.22;16:00:00;1.40204;1.38888;1.39886;1.39055;42821
2015.06.22;20:00:00;1.39901;1.39537;1.39557;1.39885;17286
2015.06.23;00:00:00;1.39736;1.3948;1.39681;1.39552;7216
2015.06.23;04:00:00;1.39682;1.3891;1.39077;1.39681;15805
2015.06.23;08:00:00;1.39125;1.38596;1.38611;1.39077;34556
2015.06.23;12:00:00;1.38768;1.37642;1.3786;1.38607;36356
2015.06.23;16:00:00;1.38031;1.37612;1.37776;1.3786;38064
2015.06.23;20:00:00;1.37918;1.37541;1.37628;1.37776;17957
2015.06.24;00:00:00;1.37724;1.37505;1.37582;1.37621;7730
2015.06.24;04:00:00;1.37898;1.37551;1.37838;1.37583;11339
2015.06.24;08:00:00;1.38192;1.37754;1.37842;1.37838;35039
2015.06.24;12:00:00;1.38159;1.37473;1.38055;1.37842;39703
2015.06.24;16:00:00;1.38869;1.3805;1.38574;1.38057;41545
2015.06.24;20:00:00;1.38945;1.38464;1.38706;1.38574;19314
2015.06.25;00:00:00;1.3883;1.38678;1.38759;1.38702;7125
2015.06.25;04:00:00;1.38868;1.38662;1.38681;1.38759;11291
2015.06.25;08:00:00;1.39087;1.38485;1.38518;1.38681;29267
2015.06.25;12:00:00;1.38921;1.38053;1.38672;1.38518;39275
2015.06.25;16:00:00;1.38677;1.37922;1.38337;1.3867;30324
2015.06.25;20:00:00;1.38359;1.37945;1.3807;1.38337;13584
2015.06.26;00:00:00;1.38159;1.37934;1.37989;1.38066;7293
2015.06.26;04:00:00;1.38094;1.37903;1.38044;1.37993;13161
2015.06.26;08:00:00;1.38652;1.37979;1.38358;1.38045;23484
2015.06.26;12:00:00;1.38559;1.3815;1.38232;1.38358;29172
2015.06.26;16:00:00;1.38462;1.37568;1.37635;1.38233;37930
2015.06.26;20:00:00;1.37717;1.37405;1.37552;1.37638;14820
2015.06.29;00:00:00;1.36101;1.35164;1.35949;1.35635;22161
2015.06.29;04:00:00;1.36003;1.35651;1.35786;1.3595;12818
2015.06.29;08:00:00;1.37138;1.35473;1.37052;1.35786;47651
2015.06.29;12:00:00;1.37746;1.36696;1.37473;1.37051;38074
2015.06.29;16:00:00;1.39034;1.37354;1.3892;1.37475;41917
2015.06.29;20:00:00;1.39604;1.38794;1.39318;1.3892;23242
2015.06.30;00:00:00;1.39369;1.39018;1.39048;1.39318;9528
2015.06.30;04:00:00;1.39092;1.3866;1.38746;1.39048;12244
2015.06.30;08:00:00;1.3885;1.38069;1.3811;1.38745;34787
2015.06.30;12:00:00;1.3936;1.38062;1.39264;1.38119;42204
2015.06.30;16:00:00;1.39636;1.38837;1.39188;1.39266;46313
2015.06.30;20:00:00;1.39306;1.39073;1.39202;1.39188;19907
2015.07.01;00:00:00;1.39202;1.38797;1.39052;1.39202;9304
2015.07.01;04:00:00;1.39233;1.38991;1.39217;1.39053;9451
2015.07.01;08:00:00;1.39364;1.38662;1.393;1.39216;29658
2015.07.01;12:00:00;1.39474;1.38875;1.39122;1.39308;38567
2015.07.01;16:00:00;1.39337;1.38823;1.39127;1.39122;35635
2015.07.01;20:00:00;1.39308;1.38989;1.39121;1.39125;18472
2015.07.02;00:00:00;1.39178;1.38904;1.39058;1.39121;7496
2015.07.02;04:00:00;1.39357;1.39017;1.3934;1.39057;11910
2015.07.02;08:00:00;1.39834;1.39206;1.39776;1.39341;31235
2015.07.02;12:00:00;1.40064;1.39344;1.39485;1.39781;38897
2015.07.02;16:00:00;1.39624;1.3912;1.39196;1.39485;39382
2015.07.02;20:00:00;1.39272;1.38953;1.38953;1.39199;12719
2015.07.03;00:00:00;1.39175;1.38943;1.39046;1.38954;6155
2015.07.03;04:00:00;1.39361;1.39021;1.3929;1.39046;8741
2015.07.03;08:00:00;1.39659;1.39193;1.3943;1.39291;29097
2015.07.03;12:00:00;1.39665;1.39312;1.3956;1.39501;32796
2015.07.03;16:00:00;1.39839;1.39178;1.39259;1.39561;27697
2015.07.03;20:00:00;1.39659;1.39259;1.39542;1.39259;8625
2015.07.06;00:00:00;1.39118;1.38208;1.38849;1.38292;16168
2015.07.06;04:00:00;1.3931;1.38851;1.39074;1.38852;11624
2015.07.06;08:00:00;1.39574;1.38896;1.39274;1.39072;35699
2015.07.06;12:00:00;1.39453;1.39005;1.3943;1.39275;37236
2015.07.06;16:00:00;1.39931;1.39411;1.39795;1.39431;39299
2015.07.06;20:00:00;1.40137;1.39733;1.39845;1.39793;16886
2015.07.07;00:00:00;1.39876;1.39763;1.39843;1.3984;5395
2015.07.07;04:00:00;1.39857;1.39571;1.39613;1.39843;10416
2015.07.07;08:00:00;1.39838;1.39177;1.39192;1.39613;34891
2015.07.07;12:00:00;1.3961;1.39037;1.391;1.39193;45726
2015.07.07;16:00:00;1.39888;1.39067;1.39475;1.391;50231
2015.07.07;20:00:00;1.40249;1.39458;1.39862;1.39482;24684
2015.07.08;00:00:00;1.40074;1.39624;1.39888;1.39854;9311
2015.07.08;04:00:00;1.40099;1.39819;1.40049;1.39888;18167
2015.07.08;08:00:00;1.4079;1.39995;1.40523;1.4005;36835
2015.07.08;12:00:00;1.40879;1.39873;1.40771;1.40523;36032
2015.07.08;16:00:00;1.41069;1.40346;1.40861;1.40768;50798
2015.07.08;20:00:00;1.41185;1.4063;1.41153;1.40862;23550
2015.07.09;00:00:00;1.41162;1.40851;1.4089;1.41147;9598
2015.07.09;04:00:00;1.40979;1.40758;1.40802;1.40891;11927
2015.07.09;08:00:00;1.41176;1.40371;1.40517;1.40802;32523
2015.07.09;12:00:00;1.4052;1.39727;1.3999;1.4052;34820
2015.07.09;16:00:00;1.40702;1.39941;1.3996;1.39985;40908
2015.07.09;20:00:00;1.40237;1.39897;1.40192;1.3996;22087
2015.07.10;00:00:00;1.4076;1.40079;1.40692;1.40179;11210
2015.07.10;04:00:00;1.40884;1.40648;1.40721;1.40695;14131
2015.07.10;08:00:00;1.41501;1.4067;1.41312;1.40722;35137
2015.07.10;12:00:00;1.4237;1.41258;1.42098;1.41311;39809
2015.07.10;16:00:00;1.42547;1.41508;1.41508;1.42096;42249
2015.07.10;20:00:00;1.41708;1.41113;1.41216;1.41508;19871
2015.07.13;00:00:00;1.41421;1.40825;1.41345;1.4083;7244
2015.07.13;04:00:00;1.41468;1.41079;1.41401;1.41343;12008
2015.07.13;08:00:00;1.42096;1.40788;1.40854;1.41405;40093
2015.07.13;12:00:00;1.40974;1.40446;1.40794;1.40852;34898
2015.07.13;16:00:00;1.41194;1.40363;1.40415;1.40794;39292
2015.07.13;20:00:00;1.40485;1.4005;1.40142;1.40415;17551
2015.07.14;00:00:00;1.40245;1.40024;1.40103;1.40172;11415
2015.07.14;04:00:00;1.4026;1.40081;1.40235;1.40102;11873
2015.07.14;08:00:00;1.41176;1.39826;1.41051;1.40233;37357
2015.07.14;12:00:00;1.41286;1.4068;1.40957;1.41051;40368
2015.07.14;16:00:00;1.41078;1.39908;1.40291;1.40956;37718
2015.07.14;20:00:00;1.40397;1.40089;1.40095;1.4029;13393
2015.07.15;00:00:00;1.40225;1.39983;1.40048;1.40081;8158
2015.07.15;04:00:00;1.4009;1.39929;1.40068;1.4005;11870
2015.07.15;08:00:00;1.40705;1.39982;1.40662;1.40068;31653
2015.07.15;12:00:00;1.40779;1.40071;1.40296;1.40661;32449
2015.07.15;16:00:00;1.41903;1.39949;1.41684;1.40297;48933
2015.07.15;20:00:00;1.41709;1.41302;1.41351;1.41683;18778
2015.07.16;00:00:00;1.41558;1.41267;1.4144;1.41318;9988
2015.07.16;04:00:00;1.41462;1.41178;1.41318;1.4144;13707
2015.07.16;08:00:00;1.41424;1.40926;1.40926;1.41318;33345
2015.07.16;12:00:00;1.41048;1.40334;1.40375;1.40928;41989
2015.07.16;16:00:00;1.41043;1.40349;1.40821;1.40382;40305
2015.07.16;20:00:00;1.4106;1.40775;1.4087;1.40825;15318
2015.07.17;00:00:00;1.41168;1.40861;1.4111;1.40878;8538
2015.07.17;04:00:00;1.41245;1.4107;1.41121;1.41113;10285
2015.07.17;08:00:00;1.41439;1.40885;1.41348;1.4112;30037
2015.07.17;12:00:00;1.41394;1.40995;1.41086;1.41349;35656
2015.07.17;16:00:00;1.4115;1.40763;1.40984;1.41086;38852
2015.07.17;20:00:00;1.4101;1.40442;1.40465;1.40981;13734
2015.07.20;00:00:00;1.40721;1.40448;1.40635;1.40448;4436
2015.07.20;04:00:00;1.40682;1.40516;1.40589;1.40634;10313
2015.07.20;08:00:00;1.40925;1.40464;1.40783;1.40592;29346
2015.07.20;12:00:00;1.40967;1.40636;1.40879;1.40787;37604
2015.07.20;16:00:00;1.41215;1.40693;1.40808;1.40879;35206
2015.07.20;20:00:00;1.40897;1.4051;1.40617;1.40809;15495
2015.07.21;00:00:00;1.40828;1.40592;1.40662;1.40612;6574
2015.07.21;04:00:00;1.40774;1.40538;1.40617;1.40661;14019
2015.07.21;08:00:00;1.41022;1.40555;1.40994;1.40618;33293
2015.07.21;12:00:00;1.41274;1.40818;1.41022;1.40993;39247
2015.07.21;16:00:00;1.41765;1.40975;1.41716;1.41023;53323
2015.07.21;20:00:00;1.41886;1.41518;1.41518;1.41713;21243
2015.07.22;00:00:00;1.41783;1.4147;1.41695;1.41521;7018
2015.07.22;04:00:00;1.41805;1.4154;1.41765;1.41693;13278
2015.07.22;08:00:00;1.4212;1.41683;1.41934;1.41765;32815
2015.07.22;12:00:00;1.42094;1.41511;1.4196;1.41934;38236
2015.07.22;16:00:00;1.42222;1.41624;1.41903;1.41959;44818
2015.07.22;20:00:00;1.42441;1.41885;1.42368;1.41903;16110
2015.07.23;00:00:00;1.42574;1.42223;1.42553;1.4233;8971
2015.07.23;04:00:00;1.42738;1.42533;1.42577;1.42551;11644
2015.07.23;08:00:00;1.43026;1.42362;1.42555;1.42577;34388
2015.07.23;12:00:00;1.42918;1.42435;1.42585;1.42555;39591
2015.07.23;16:00:00;1.43276;1.42457;1.43192;1.42585;46531
2015.07.23;20:00:00;1.43457;1.43091;1.43174;1.43193;19198
2015.07.24;00:00:00;1.43248;1.42997;1.43064;1.43169;6302
2015.07.24;04:00:00;1.4312;1.42835;1.42934;1.43063;11030
2015.07.24;08:00:00;1.43195;1.42376;1.4244;1.42938;26953
2015.07.24;12:00:00;1.43261;1.42436;1.43067;1.4244;36056
2015.07.24;16:00:00;1.43705;1.43028;1.43667;1.43067;45405
2015.07.24;20:00:00;1.43783;1.43045;1.43146;1.43668;16623
2015.07.27;00:00:00;1.43292;1.43015;1.43233;1.43168;5597
2015.07.27;04:00:00;1.43446;1.43174;1.43395;1.43233;10946
2015.07.27;08:00:00;1.44309;1.43307;1.4397;1.43394;37922
2015.07.27;12:00:00;1.44439;1.43767;1.44275;1.4397;42933
2015.07.27;16:00:00;1.44927;1.43997;1.44815;1.44279;48815
2015.07.27;20:00:00;1.44876;1.44487;1.44527;1.44812;13835
2015.07.28;00:00:00;1.44618;1.44484;1.44588;1.44537;6580
2015.07.28;04:00:00;1.44602;1.44055;1.44076;1.44588;12267
2015.07.28;08:00:00;1.44226;1.43854;1.43988;1.44075;34981
2015.07.28;12:00:00;1.44028;1.43371;1.43429;1.43986;45920
2015.07.28;16:00:00;1.43662;1.42777;1.42848;1.43432;50362
2015.07.28;20:00:00;1.43028;1.42714;1.42879;1.42849;16206
2015.07.29;00:00:00;1.43185;1.42873;1.43176;1.42873;9197
2015.07.29;04:00:00;1.43301;1.43057;1.4309;1.43175;10965
2015.07.29;08:00:00;1.43368;1.42874;1.43185;1.43084;37061
2015.07.29;12:00:00;1.43208;1.42842;1.4311;1.43184;45504
2015.07.29;16:00:00;1.432;1.41983;1.423;1.43111;49968
2015.07.29;20:00:00;1.42646;1.42013;1.42147;1.42297;32588
2015.07.30;00:00:00;1.42267;1.42009;1.42041;1.42147;8462
2015.07.30;04:00:00;1.42218;1.41986;1.42207;1.42051;8538
2015.07.30;08:00:00;1.42409;1.42009;1.42253;1.42204;34375
2015.07.30;12:00:00;1.42451;1.41977;1.42137;1.42252;47979
2015.07.30;16:00:00;1.42437;1.41722;1.41895;1.42137;52591
2015.07.30;20:00:00;1.4227;1.41767;1.42068;1.41892;19652
2015.07.31;00:00:00;1.42319;1.42028;1.42148;1.42068;7947
2015.07.31;04:00:00;1.42268;1.42127;1.4223;1.4215;11051
2015.07.31;08:00:00;1.42729;1.421;1.42541;1.42229;39180
2015.07.31;12:00:00;1.44238;1.42537;1.43851;1.42538;56701
2015.07.31;16:00:00;1.44485;1.43389;1.43451;1.43849;69058
2015.07.31;20:00:00;1.43822;1.43448;1.43745;1.43452;26569
2015.08.03;00:00:00;1.44009;1.43546;1.4397;1.43546;9256
2015.08.03;04:00:00;1.44093;1.43901;1.43996;1.43968;12862
2015.08.03;08:00:00;1.44455;1.43973;1.44292;1.43996;36666
2015.08.03;12:00:00;1.44435;1.43849;1.44142;1.4429;50193
2015.08.03;16:00:00;1.44286;1.43811;1.44128;1.44142;51697
2015.08.03;20:00:00;1.44189;1.43827;1.44024;1.44128;16711
2015.08.04;00:00:00;1.44157;1.43961;1.43991;1.44019;14021
2015.08.04;04:00:00;1.44194;1.43949;1.43987;1.43991;15025
2015.08.04;08:00:00;1.44051;1.43748;1.43868;1.43989;40629
2015.08.04;12:00:00;1.4429;1.43816;1.43973;1.43869;47816
2015.08.04;16:00:00;1.4413;1.43653;1.43889;1.4397;50898
2015.08.04;20:00:00;1.4394;1.43437;1.43516;1.43888;30125
2015.08.05;00:00:00;1.43682;1.43428;1.43443;1.43516;13841
2015.08.05;04:00:00;1.43461;1.43212;1.43393;1.43442;16784
2015.08.05;08:00:00;1.43608;1.43117;1.43133;1.43392;39985
2015.08.05;12:00:00;1.43791;1.42957;1.4308;1.43133;53074
2015.08.05;16:00:00;1.43412;1.42788;1.43355;1.43081;50206
2015.08.05;20:00:00;1.4378;1.43313;1.43679;1.43356;19768
2015.08.06;00:00:00;1.43937;1.43549;1.43596;1.43683;10283
2015.08.06;04:00:00;1.43665;1.43487;1.43639;1.43596;15396
2015.08.06;08:00:00;1.4395;1.43395;1.43415;1.43639;33049
2015.08.06;12:00:00;1.43776;1.43208;1.43394;1.43415;51200
2015.08.06;16:00:00;1.43839;1.43261;1.4344;1.43391;48218
2015.08.06;20:00:00;1.43497;1.4314;1.43196;1.4344;19344
2015.08.07;00:00:00;1.43338;1.43132;1.43333;1.4318;8981
2015.08.07;04:00:00;1.43363;1.43122;1.4325;1.43334;12376
2015.08.07;08:00:00;1.43515;1.43105;1.43273;1.43253;31608
2015.08.07;12:00:00;1.43402;1.42514;1.43139;1.43273;47058
2015.08.07;16:00:00;1.43991;1.42821;1.43946;1.43135;57971
2015.08.07;20:00:00;1.44095;1.43783;1.43968;1.43948;18571
2015.08.10;00:00:00;1.44108;1.43754;1.4405;1.43754;7225
2015.08.10;04:00:00;1.44207;1.44003;1.44179;1.4405;10323
2015.08.10;08:00:00;1.44579;1.4393;1.44429;1.44178;32460
2015.08.10;12:00:00;1.44483;1.43707;1.43853;1.44429;43667
2015.08.10;16:00:00;1.44056;1.43233;1.43463;1.43854;51991
2015.08.10;20:00:00;1.43703;1.43182;1.43222;1.43463;20897
2015.08.11;00:00:00;1.43429;1.43212;1.43418;1.43222;9525
2015.08.11;04:00:00;1.4377;1.43324;1.43504;1.43418;26709
2015.08.11;08:00:00;1.43772;1.43157;1.43758;1.43504;43364
2015.08.11;12:00:00;1.44865;1.43681;1.44828;1.43757;49894
2015.08.11;16:00:00;1.45372;1.44617;1.44654;1.44827;53517
2015.08.11;20:00:00;1.44905;1.4462;1.44774;1.44653;19569
2015.08.12;00:00:00;1.44803;1.44502;1.44522;1.44774;10446
2015.08.12;04:00:00;1.45512;1.44445;1.45495;1.44519;21714
2015.08.12;08:00:00;1.4577;1.45116;1.45646;1.45497;47560
2015.08.12;12:00:00;1.45709;1.4459;1.4481;1.4565;51297
2015.08.12;16:00:00;1.45464;1.4476;1.44928;1.44807;57814
2015.08.12;20:00:00;1.45226;1.44754;1.44754;1.44933;21636
2015.08.13;00:00:00;1.44969;1.44699;1.44849;1.44754;10697
2015.08.13;04:00:00;1.45071;1.44387;1.44574;1.4485;18625
2015.08.13;08:00:00;1.44651;1.4431;1.44505;1.44575;37422
2015.08.13;12:00:00;1.44911;1.4437;1.4482;1.44504;46419
2015.08.13;16:00:00;1.4575;1.44684;1.4561;1.44821;50372
2015.08.13;20:00:00;1.45765;1.45437;1.45589;1.4561;20336
2015.08.14;00:00:00;1.45812;1.45578;1.45744;1.45586;10822
2015.08.14;04:00:00;1.45803;1.4548;1.45755;1.45744;15052
2015.08.14;08:00:00;1.45775;1.45389;1.45549;1.45755;34495
2015.08.14;12:00:00;1.46121;1.45524;1.45839;1.45548;42883
2015.08.14;16:00:00;1.45839;1.4506;1.45405;1.45839;47378
2015.08.14;20:00:00;1.45526;1.45207;1.45464;1.45407;14013
2015.08.17;00:00:00;1.45538;1.45233;1.45399;1.45505;7548
2015.08.17;04:00:00;1.45434;1.45224;1.4536;1.45399;12173
2015.08.17;08:00:00;1.45804;1.45175;1.45781;1.45361;36034
2015.08.17;12:00:00;1.45969;1.45563;1.45731;1.45782;43017
2015.08.17;16:00:00;1.45834;1.44898;1.44931;1.4573;48084
2015.08.17;20:00:00;1.45081;1.44663;1.44845;1.44935;17711
2015.08.18;00:00:00;1.45104;1.44838;1.45009;1.44838;8381
2015.08.18;04:00:00;1.45095;1.44813;1.44861;1.45011;17171
2015.08.18;08:00:00;1.45435;1.4481;1.45277;1.4486;36660
2015.08.18;12:00:00;1.45278;1.4433;1.44409;1.45277;42102
2015.08.18;16:00:00;1.44578;1.4401;1.44142;1.44409;44989
2015.08.18;20:00:00;1.44304;1.43836;1.43897;1.44145;16522
2015.08.19;00:00:00;1.44058;1.43847;1.4404;1.43924;8951
2015.08.19;04:00:00;1.44235;1.43948;1.44211;1.44038;15801
2015.08.19;08:00:00;1.44533;1.44019;1.44133;1.44212;32158
2015.08.19;12:00:00;1.4443;1.44007;1.44331;1.44134;43239
2015.08.19;16:00:00;1.45729;1.44276;1.45573;1.44332;50123
2015.08.19;20:00:00;1.4597;1.45031;1.45936;1.45575;37609
2015.08.20;00:00:00;1.46114;1.45765;1.45977;1.45936;14042
2015.08.20;04:00:00;1.46052;1.45875;1.45935;1.45973;14971
2015.08.20;08:00:00;1.46777;1.4582;1.46753;1.45936;39438
2015.08.20;12:00:00;1.47067;1.45972;1.46053;1.46763;44107
2015.08.20;16:00:00;1.46828;1.46006;1.46558;1.46053;53307
2015.08.20;20:00:00;1.47126;1.46387;1.47071;1.46558;28106
2015.08.21;00:00:00;1.47113;1.46862;1.46973;1.47072;12425
2015.08.21;04:00:00;1.47914;1.46956;1.47754;1.46972;25780
2015.08.21;08:00:00;1.4791;1.47077;1.47258;1.47751;36860
2015.08.21;12:00:00;1.47921;1.47144;1.47666;1.47258;46725
2015.08.21;16:00:00;1.49701;1.47467;1.49484;1.47666;63687
2015.08.21;20:00:00;1.50097;1.49311;1.50059;1.4948;36608
2015.08.24;00:00:00;1.50809;1.49792;1.50577;1.49792;15674
2015.08.24;04:00:00;1.52284;1.50581;1.51688;1.50581;28624
2015.08.24;08:00:00;1.52178;1.51255;1.51883;1.51688;49649
2015.08.24;12:00:00;1.53183;1.51683;1.52973;1.51882;63165
2015.08.24;16:00:00;1.55596;1.52054;1.52114;1.52973;86538
2015.08.24;20:00:00;1.54344;1.52078;1.54336;1.52117;50052
2015.08.25;00:00:00;1.54378;1.53416;1.53589;1.5434;17484
2015.08.25;04:00:00;1.5369;1.52719;1.5307;1.53589;20485
2015.08.25;08:00:00;1.53693;1.52264;1.52785;1.53071;52640
2015.08.25;12:00:00;1.5282;1.50925;1.51495;1.52797;60126
2015.08.25;16:00:00;1.52158;1.51192;1.52073;1.51497;61683
2015.08.25;20:00:00;1.53887;1.51879;1.53556;1.52073;34729
2015.08.26;00:00:00;1.54259;1.53318;1.53657;1.53555;17652
2015.08.26;04:00:00;1.53914;1.52948;1.5295;1.53657;21525
2015.08.26;08:00:00;1.53326;1.52286;1.52382;1.52948;47724
2015.08.26;12:00:00;1.52593;1.50561;1.51119;1.52387;55917
2015.08.26;16:00:00;1.52289;1.51094;1.51542;1.5112;64999
2015.08.26;20:00:00;1.51768;1.50336;1.50336;1.51538;37659
2015.08.27;00:00:00;1.50882;1.50292;1.50638;1.50343;11310
2015.08.27;04:00:00;1.50853;1.50282;1.50821;1.50638;12289
2015.08.27;08:00:00;1.50976;1.49098;1.49166;1.50818;37854
2015.08.27;12:00:00;1.49572;1.48714;1.48883;1.49172;42086
2015.08.27;16:00:00;1.4946;1.47687;1.48255;1.4888;58438
2015.08.27;20:00:00;1.49318;1.48131;1.48389;1.48252;31326
2015.08.28;00:00:00;1.48482;1.48094;1.48148;1.48352;8523
2015.08.28;04:00:00;1.48606;1.48056;1.48402;1.48148;13218
2015.08.28;08:00:00;1.49615;1.48331;1.49312;1.48402;35989
2015.08.28;12:00:00;1.49865;1.48861;1.49406;1.49313;49175
2015.08.28;16:00:00;1.49592;1.47424;1.47715;1.49406;58528
2015.08.28;20:00:00;1.4848;1.47579;1.47614;1.47707;21816
2015.08.31;00:00:00;1.48575;1.47509;1.48512;1.4755;10541
2015.08.31;04:00:00;1.49058;1.48357;1.48869;1.48514;12771
2015.08.31;08:00:00;1.49049;1.48484;1.48489;1.4887;21114
2015.08.31;12:00:00;1.49157;1.48229;1.49123;1.48491;24063
2015.08.31;16:00:00;1.49732;1.47852;1.47998;1.49125;36951
2015.08.31;20:00:00;1.48108;1.47032;1.47282;1.47999;22277
2015.09.01;00:00:00;1.47878;1.4721;1.47771;1.47276;8378
2015.09.01;04:00:00;1.48189;1.47666;1.48144;1.47772;15439
2015.09.01;08:00:00;1.49605;1.47992;1.48961;1.48145;45273
2015.09.01;12:00:00;1.48991;1.47519;1.48209;1.48961;52763
2015.09.01;16:00:00;1.48791;1.47636;1.48478;1.48209;60926
2015.09.01;20:00:00;1.50007;1.48413;1.49991;1.48478;34309
2015.09.02;00:00:00;1.50022;1.49057;1.49121;1.49996;13999
2015.09.02;04:00:00;1.49443;1.48971;1.49145;1.49121;18742
2015.09.02;08:00:00;1.49607;1.48588;1.49347;1.49131;39377
2015.09.02;12:00:00;1.49664;1.48496;1.48549;1.49346;48904
2015.09.02;16:00:00;1.49666;1.4823;1.49046;1.48545;59939
2015.09.02;20:00:00;1.49421;1.48861;1.48932;1.49046;29348
2015.09.03;00:00:00;1.4895;1.48637;1.48753;1.48934;9370
2015.09.03;04:00:00;1.48969;1.48698;1.48808;1.48754;11664
2015.09.03;08:00:00;1.49197;1.48674;1.49077;1.48811;29436
2015.09.03;12:00:00;1.49216;1.47391;1.4749;1.49076;43018
2015.09.03;16:00:00;1.47681;1.45946;1.46635;1.47488;56740
2015.09.03;20:00:00;1.47175;1.46459;1.46563;1.46635;24058
2015.09.04;00:00:00;1.46956;1.46506;1.46927;1.46557;10676
2015.09.04;04:00:00;1.4727;1.46796;1.47114;1.46927;15082
2015.09.04;08:00:00;1.47587;1.46934;1.47241;1.47114;34773
2015.09.04;12:00:00;1.47541;1.46224;1.46947;1.47238;34262
2015.09.04;16:00:00;1.47952;1.4676;1.47708;1.46942;51683
2015.09.04;20:00:00;1.48043;1.47545;1.48028;1.47707;19086
2015.09.07;00:00:00;1.48386;1.4775;1.48227;1.47891;10928
2015.09.07;04:00:00;1.4824;1.47694;1.47775;1.4823;13444
2015.09.07;08:00:00;1.48081;1.47461;1.48023;1.47774;35883
2015.09.07;12:00:00;1.48414;1.47899;1.48066;1.48021;40751
2015.09.07;16:00:00;1.48657;1.48006;1.48596;1.48062;18165
2015.09.07;20:00:00;1.48657;1.48526;1.48608;1.48596;6752
2015.09.08;00:00:00;1.48645;1.48287;1.4848;1.48615;7125
2015.09.08;04:00:00;1.49202;1.48343;1.49004;1.48482;16495
2015.09.08;08:00:00;1.49038;1.48234;1.48336;1.49002;28116
2015.09.08;12:00:00;1.48357;1.47421;1.47763;1.48332;29663
2015.09.08;16:00:00;1.48426;1.47428;1.47861;1.47761;36023
2015.09.08;20:00:00;1.48179;1.47377;1.47943;1.47863;15655
2015.09.09;00:00:00;1.48083;1.4762;1.47628;1.47938;9360
2015.09.09;04:00:00;1.47745;1.47165;1.47382;1.47628;13607
2015.09.09;08:00:00;1.48199;1.47012;1.47986;1.47382;29360
2015.09.09;12:00:00;1.48052;1.47335;1.47347;1.47988;31548
2015.09.09;16:00:00;1.47807;1.46591;1.47573;1.47347;38727
2015.09.09;20:00:00;1.48559;1.47358;1.48548;1.47573;21651
2015.09.10;00:00:00;1.49352;1.484;1.49135;1.4855;13967
2015.09.10;04:00:00;1.49184;1.48295;1.48508;1.49135;17411
2015.09.10;08:00:00;1.4876;1.47528;1.47875;1.48507;33900
2015.09.10;12:00:00;1.48881;1.47578;1.48711;1.47875;37285
2015.09.10;16:00:00;1.49497;1.48146;1.48841;1.48708;48194
2015.09.10;20:00:00;1.4948;1.48674;1.49441;1.48845;22746
2015.09.11;00:00:00;1.49481;1.49105;1.49245;1.49435;10969
2015.09.11;04:00:00;1.49268;1.49058;1.49163;1.49245;8793
2015.09.11;08:00:00;1.50093;1.49158;1.49686;1.49163;28552
2015.09.11;12:00:00;1.49771;1.49021;1.49526;1.49686;30581
2015.09.11;16:00:00;1.50573;1.49477;1.50298;1.49527;41430
2015.09.11;20:00:00;1.50542;1.5016;1.50299;1.50304;17245
2015.09.14;00:00:00;1.50548;1.50046;1.5019;1.50082;8417
2015.09.14;04:00:00;1.50363;1.50014;1.50203;1.50188;12407
2015.09.14;08:00:00;1.50486;1.50006;1.50058;1.50203;26264
2015.09.14;12:00:00;1.50162;1.49657;1.49672;1.50058;26001
2015.09.14;16:00:00;1.5021;1.4947;1.50207;1.49672;32398
2015.09.14;20:00:00;1.50299;1.49887;1.5008;1.50206;15564
2015.09.15;00:00:00;1.50103;1.49712;1.49793;1.50088;8902
2015.09.15;04:00:00;1.50195;1.49794;1.50041;1.49795;12219
2015.09.15;08:00:00;1.50107;1.49553;1.49684;1.5004;28221
2015.09.15;12:00:00;1.50078;1.49594;1.49785;1.49679;28195
2015.09.15;16:00:00;1.50054;1.49278;1.49583;1.49785;36205
2015.09.15;20:00:00;1.49583;1.49129;1.49256;1.4958;16254
2015.09.16;00:00:00;1.49399;1.49201;1.49304;1.49262;8682
2015.09.16;04:00:00;1.49503;1.49289;1.49469;1.49304;10893
2015.09.16;08:00:00;1.49503;1.48654;1.48771;1.49466;22769
2015.09.16;12:00:00;1.4891;1.48428;1.48885;1.48769;28225
2015.09.16;16:00:00;1.49429;1.48684;1.48961;1.48885;37021
2015.09.16;20:00:00;1.4904;1.48504;1.48639;1.48961;16286
2015.09.17;00:00:00;1.48862;1.48628;1.48777;1.48637;7908
2015.09.17;04:00:00;1.49052;1.48747;1.48812;1.48781;10901
2015.09.17;08:00:00;1.49565;1.48658;1.49413;1.48812;21675
2015.09.17;12:00:00;1.49602;1.4917;1.49416;1.49412;20559
2015.09.17;16:00:00;1.49435;1.48945;1.49126;1.49417;28672
2015.09.17;20:00:00;1.50763;1.48898;1.50694;1.49127;44150
2015.09.18;00:00:00;1.5072;1.49996;1.50246;1.50711;12542
2015.09.18;04:00:00;1.50328;1.5005;1.50213;1.50243;11759
2015.09.18;08:00:00;1.50271;1.49461;1.49783;1.50213;30656
2015.09.18;12:00:00;1.49863;1.48547;1.48808;1.49783;36470
2015.09.18;16:00:00;1.49673;1.48794;1.49462;1.48808;41045
2015.09.18;20:00:00;1.49695;1.48934;1.49376;1.49465;23991
2015.09.21;00:00:00;1.49436;1.49144;1.49408;1.49208;9833
2015.09.21;04:00:00;1.49536;1.49321;1.49476;1.49408;12092
2015.09.21;08:00:00;1.49688;1.48924;1.49232;1.49476;26154
2015.09.21;12:00:00;1.49307;1.48137;1.48571;1.49233;29499
2015.09.21;16:00:00;1.48897;1.48101;1.48569;1.48571;37388
2015.09.21;20:00:00;1.48572;1.4798;1.48273;1.48569;18328
2015.09.22;00:00:00;1.48296;1.48095;1.48253;1.4829;5775
2015.09.22;04:00:00;1.48331;1.48144;1.48244;1.4825;8580
2015.09.22;08:00:00;1.48472;1.47656;1.48321;1.48244;28092
2015.09.22;12:00:00;1.48366;1.47801;1.4807;1.48327;31410
2015.09.22;16:00:00;1.48169;1.47532;1.47656;1.48069;36064
2015.09.22;20:00:00;1.47734;1.47459;1.47545;1.47656;16584
2015.09.23;00:00:00;1.47775;1.47452;1.47478;1.47544;7443
2015.09.23;04:00:00;1.48043;1.47439;1.47985;1.47477;10336
2015.09.23;08:00:00;1.48009;1.47237;1.47325;1.47991;25079
2015.09.23;12:00:00;1.4817;1.47299;1.48134;1.47325;31135
2015.09.23;16:00:00;1.49181;1.47845;1.49069;1.48133;43956
2015.09.23;20:00:00;1.49497;1.48848;1.48973;1.49067;20224
2015.09.24;00:00:00;1.49126;1.48874;1.48962;1.48967;7738
2015.09.24;04:00:00;1.4904;1.48584;1.49006;1.48959;13621
2015.09.24;08:00:00;1.49495;1.48859;1.49277;1.48994;27035
2015.09.24;12:00:00;1.50885;1.49237;1.50822;1.49277;38560
2015.09.24;16:00:00;1.51135;1.49882;1.50282;1.50824;46551
2015.09.24;20:00:00;1.50366;1.4906;1.49378;1.50281;23677
2015.09.25;00:00:00;1.49487;1.48705;1.49031;1.49381;14246
2015.09.25;04:00:00;1.49255;1.48808;1.4881;1.49034;13035
2015.09.25;08:00:00;1.48917;1.48122;1.48555;1.4881;30036
2015.09.25;12:00:00;1.49068;1.48337;1.48656;1.48558;32579
2015.09.25;16:00:00;1.49309;1.48461;1.49038;1.48656;42593
2015.09.25;20:00:00;1.49426;1.48866;1.492;1.49042;19560
2015.09.28;00:00:00;1.49492;1.49049;1.49211;1.49085;8844
2015.09.28;04:00:00;1.49267;1.48936;1.48936;1.49211;8718
2015.09.28;08:00:00;1.49333;1.48687;1.49051;1.48937;26844
2015.09.28;12:00:00;1.49465;1.48927;1.48958;1.49049;28110
2015.09.28;16:00:00;1.50198;1.48716;1.49987;1.48958;42352
2015.09.28;20:00:00;1.50625;1.49959;1.50596;1.49987;20572
2015.09.29;00:00:00;1.50775;1.50398;1.50654;1.50591;7973
2015.09.29;04:00:00;1.50969;1.5064;1.50945;1.50654;11297
2015.09.29;08:00:00;1.5141;1.50376;1.50531;1.50947;33551
2015.09.29;12:00:00;1.50822;1.4994;1.50027;1.50528;31147
2015.09.29;16:00:00;1.51566;1.4998;1.51468;1.50027;47263
2015.09.29;20:00:00;1.51504;1.50766;1.50948;1.51468;23093
2015.09.30;00:00:00;1.51181;1.50939;1.51017;1.50955;10337
2015.09.30;04:00:00;1.51125;1.50894;1.50907;1.51017;11605
2015.09.30;08:00:00;1.5091;1.50245;1.50423;1.50908;28243
2015.09.30;12:00:00;1.50634;1.49843;1.50081;1.50422;27926
2015.09.30;16:00:00;1.50101;1.494;1.49788;1.50079;42998
2015.09.30;20:00:00;1.49788;1.48703;1.4876;1.49787;19918
2015.10.01;00:00:00;1.48971;1.48674;1.48678;1.48758;8706
2015.10.01;04:00:00;1.48697;1.48148;1.48182;1.48677;11941
2015.10.01;08:00:00;1.48363;1.47852;1.4825;1.4818;24996
2015.10.01;12:00:00;1.48269;1.4774;1.48066;1.4825;31724
2015.10.01;16:00:00;1.48576;1.47601;1.4851;1.48064;45960
2015.10.01;20:00:00;1.48617;1.48193;1.48487;1.4851;16526
2015.10.02;00:00:00;1.48511;1.48002;1.48128;1.48488;7702
2015.10.02;04:00:00;1.48245;1.47894;1.47914;1.48128;11740
2015.10.02;08:00:00;1.48018;1.47597;1.47737;1.47912;21723
2015.10.02;12:00:00;1.49276;1.47445;1.48998;1.4774;30756
2015.10.02;16:00:00;1.49803;1.48299;1.48389;1.49002;53977
2015.10.02;20:00:00;1.48398;1.4738;1.47434;1.4839;28410
2015.10.05;00:00:00;1.4784;1.47448;1.47637;1.47448;9877
2015.10.05;04:00:00;1.47825;1.4734;1.47591;1.4764;13572
2015.10.05;08:00:00;1.47702;1.47336;1.47546;1.4759;32548
2015.10.05;12:00:00;1.47676;1.4693;1.47064;1.47543;42933
2015.10.05;16:00:00;1.47173;1.46244;1.46529;1.47065;45584
2015.10.05;20:00:00;1.46584;1.46179;1.46355;1.4653;19627
2015.10.06;00:00:00;1.46534;1.4628;1.46446;1.46361;8042
2015.10.06;04:00:00;1.46495;1.46052;1.46076;1.46446;9105
2015.10.06;08:00:00;1.46908;1.46077;1.46601;1.46078;27388
2015.10.06;12:00:00;1.47416;1.46485;1.46979;1.466;32486
2015.10.06;16:00:00;1.47323;1.46466;1.46854;1.46979;46060
2015.10.06;20:00:00;1.47082;1.46769;1.46885;1.46856;21505
2015.10.07;00:00:00;1.47078;1.46793;1.46999;1.469;9271
2015.10.07;04:00:00;1.47001;1.46613;1.46644;1.47001;13977
2015.10.07;08:00:00;1.46667;1.45962;1.46293;1.46645;31893
2015.10.07;12:00:00;1.46622;1.4612;1.4645;1.46293;34291
2015.10.07;16:00:00;1.47044;1.45466;1.46672;1.46449;49139
2015.10.07;20:00:00;1.47059;1.46441;1.46707;1.46672;23480
2015.10.08;00:00:00;1.46882;1.46668;1.467;1.46703;7241
2015.10.08;04:00:00;1.47147;1.46654;1.47071;1.467;11666
2015.10.08;08:00:00;1.47587;1.4682;1.47466;1.47071;29069
2015.10.08;12:00:00;1.47516;1.46626;1.46997;1.47464;37684
2015.10.08;16:00:00;1.47226;1.46666;1.46893;1.46996;41361
2015.10.08;20:00:00;1.47083;1.46497;1.46739;1.46893;28011
2015.10.09;00:00:00;1.46849;1.4653;1.46607;1.46741;8970
2015.10.09;04:00:00;1.46619;1.4625;1.46258;1.46607;12222
2015.10.09;08:00:00;1.47156;1.46156;1.46577;1.46258;33949
2015.10.09;12:00:00;1.47474;1.46367;1.47378;1.46585;46028
2015.10.09;16:00:00;1.47415;1.46687;1.47099;1.47381;46840
2015.10.09;20:00:00;1.47285;1.46859;1.47003;1.471;17670
2015.10.12;00:00:00;1.47255;1.47046;1.47132;1.4717;10195
2015.10.12;04:00:00;1.47137;1.46835;1.46885;1.47132;7828
2015.10.12;08:00:00;1.47054;1.46735;1.47046;1.46885;20431
2015.10.12;12:00:00;1.47298;1.46905;1.47104;1.47046;27902
2015.10.12;16:00:00;1.47522;1.46941;1.47509;1.47105;33876
2015.10.12;20:00:00;1.47885;1.47496;1.47593;1.47505;14686
2015.10.13;00:00:00;1.47915;1.4755;1.47883;1.47601;6578
2015.10.13;04:00:00;1.48358;1.47767;1.48285;1.47887;10010
2015.10.13;08:00:00;1.48815;1.48037;1.48427;1.48285;28731
2015.10.13;12:00:00;1.48765;1.48292;1.48661;1.48425;36326
2015.10.13;16:00:00;1.48979;1.4739;1.48082;1.48661;46151
2015.10.13;20:00:00;1.48346;1.47904;1.48325;1.48079;20140
2015.10.14;00:00:00;1.48372;1.48139;1.48369;1.48347;8203
2015.10.14;04:00:00;1.48416;1.4801;1.48165;1.48367;9329
2015.10.14;08:00:00;1.48565;1.48017;1.48204;1.48163;30637
2015.10.14;12:00:00;1.4877;1.48034;1.48764;1.48202;36928
2015.10.14;16:00:00;1.48897;1.48027;1.48408;1.48764;47385
2015.10.14;20:00:00;1.48694;1.48235;1.48388;1.48408;27691
2015.10.15;00:00:00;1.48489;1.48075;1.48209;1.48402;7936
2015.10.15;04:00:00;1.48312;1.48007;1.48286;1.48209;12459
2015.10.15;08:00:00;1.48401;1.47155;1.47425;1.48286;32434
2015.10.15;12:00:00;1.47737;1.47046;1.47142;1.47426;33181
2015.10.15;16:00:00;1.47346;1.46528;1.46567;1.47142;45212
2015.10.15;20:00:00;1.46585;1.46023;1.46432;1.46565;19699
2015.10.16;00:00:00;1.46523;1.46037;1.46248;1.46345;10938
2015.10.16;04:00:00;1.46591;1.46213;1.46557;1.46246;8617
2015.10.16;08:00:00;1.46654;1.46245;1.4654;1.46555;21981
2015.10.16;12:00:00;1.46852;1.46138;1.46515;1.46543;28006
2015.10.16;16:00:00;1.47211;1.46428;1.47086;1.46517;38021
2015.10.16;20:00:00;1.47159;1.46456;1.46581;1.47086;18386
2015.10.19;00:00:00;1.46992;1.46454;1.46947;1.46502;11822
2015.10.19;04:00:00;1.47242;1.46667;1.46845;1.46947;9741
2015.10.19;08:00:00;1.4716;1.46486;1.46697;1.46846;20128
2015.10.19;12:00:00;1.46828;1.4606;1.46683;1.46697;26974
2015.10.19;16:00:00;1.47327;1.46613;1.47197;1.46683;33332
2015.10.19;20:00:00;1.47518;1.47149;1.47422;1.47194;12822
2015.10.20;00:00:00;1.47609;1.47384;1.47604;1.4742;9024
2015.10.20;04:00:00;1.47865;1.47521;1.47679;1.47605;7128
2015.10.20;08:00:00;1.47962;1.47271;1.47958;1.47679;21120
2015.10.20;12:00:00;1.48124;1.4749;1.47553;1.47958;27198
2015.10.20;16:00:00;1.47585;1.46605;1.47271;1.47555;32502
2015.10.20;20:00:00;1.47441;1.47055;1.47237;1.4727;16285
2015.10.21;00:00:00;1.47442;1.47199;1.47379;1.47239;6488
2015.10.21;04:00:00;1.47488;1.47291;1.4735;1.47376;7760
2015.10.21;08:00:00;1.4812;1.47267;1.47738;1.4735;23571
2015.10.21;12:00:00;1.47918;1.47273;1.47902;1.47729;23612
2015.10.21;16:00:00;1.48885;1.4767;1.48768;1.47901;36757
2015.10.21;20:00:00;1.49062;1.48659;1.48948;1.48773;17605
2015.10.22;00:00:00;1.49049;1.48811;1.4891;1.48948;7836
2015.10.22;04:00:00;1.48971;1.48693;1.48763;1.4891;10259
2015.10.22;08:00:00;1.48878;1.48219;1.48338;1.48764;25283
2015.10.22;12:00:00;1.48646;1.47005;1.47039;1.48339;35533
2015.10.22;16:00:00;1.47255;1.45706;1.45857;1.4704;49696
2015.10.22;20:00:00;1.46068;1.45358;1.45368;1.45852;24148
2015.10.23;00:00:00;1.45483;1.45031;1.45171;1.45366;12109
2015.10.23;04:00:00;1.45421;1.45154;1.45332;1.45171;10155
2015.10.23;08:00:00;1.45713;1.44866;1.45584;1.45332;28431
2015.10.23;12:00:00;1.45814;1.44434;1.4517;1.45585;39907
2015.10.23;16:00:00;1.45769;1.44884;1.4505;1.45173;47123
2015.10.23;20:00:00;1.45216;1.44835;1.45026;1.4505;18547
2015.10.25;23:00:00;1.45;1.44703;1.44889;1.44705;1390
2015.10.26;00:00:00;1.45308;1.44897;1.45171;1.44906;8960
2015.10.26;04:00:00;1.45303;1.45106;1.45174;1.45171;8727
2015.10.26;08:00:00;1.45406;1.44815;1.44815;1.45176;27736
2015.10.26;12:00:00;1.45095;1.44633;1.45079;1.44817;34415
2015.10.26;16:00:00;1.45351;1.44966;1.45226;1.45081;38227
2015.10.26;20:00:00;1.45552;1.45154;1.45425;1.45226;12379
2015.10.27;00:00:00;1.45545;1.45357;1.45358;1.45425;8899
2015.10.27;04:00:00;1.45752;1.4536;1.45642;1.4536;8974
2015.10.27;08:00:00;1.45764;1.4552;1.45594;1.45643;26329
2015.10.27;12:00:00;1.46327;1.45537;1.46041;1.45595;38042
2015.10.27;16:00:00;1.46531;1.4597;1.46298;1.46041;41131
2015.10.27;20:00:00;1.46649;1.46266;1.46508;1.46299;17362
2015.10.28;00:00:00;1.46542;1.46262;1.46354;1.4651;15150
2015.10.28;04:00:00;1.46489;1.4629;1.46357;1.46356;8651
2015.10.28;08:00:00;1.46534;1.45986;1.46236;1.46359;25935
2015.10.28;12:00:00;1.4665;1.46072;1.46095;1.4624;36619
2015.10.28;16:00:00;1.46107;1.44836;1.449;1.46095;43144
2015.10.28;20:00:00;1.44981;1.43758;1.44183;1.44869;35769
2015.10.29;00:00:00;1.44211;1.43831;1.44099;1.44184;11419
2015.10.29;04:00:00;1.44434;1.44097;1.44415;1.44097;9140
2015.10.29;08:00:00;1.44944;1.44365;1.4482;1.44417;32721
2015.10.29;12:00:00;1.45033;1.44001;1.44417;1.44818;41587
2015.10.29;16:00:00;1.44586;1.43951;1.4433;1.44414;37729
2015.10.29;20:00:00;1.44619;1.44198;1.44615;1.44334;14880
2015.10.30;00:00:00;1.44714;1.44347;1.44446;1.44615;10500
2015.10.30;04:00:00;1.44614;1.44239;1.44452;1.44449;16154
2015.10.30;08:00:00;1.44798;1.44301;1.44633;1.44452;30679
2015.10.30;12:00:00;1.45435;1.44505;1.45422;1.44618;41909
2015.10.30;16:00:00;1.4554;1.43851;1.44038;1.4542;45903
2015.10.30;20:00:00;1.44049;1.43593;1.43774;1.44049;17586
2015.11.02;00:00:00;1.44258;1.44031;1.44167;1.44207;12974
2015.11.02;04:00:00;1.44241;1.44055;1.44197;1.44167;7374
2015.11.02;08:00:00;1.44513;1.44123;1.44271;1.44197;30663
2015.11.02;12:00:00;1.44872;1.44176;1.44685;1.44266;31345
2015.11.02;16:00:00;1.4471;1.44203;1.44342;1.44684;35115
2015.11.02;20:00:00;1.44545;1.44174;1.44216;1.44344;15114
2015.11.03;00:00:00;1.44276;1.44011;1.4406;1.44214;8023
2015.11.03;04:00:00;1.44178;1.44016;1.44163;1.4406;8334
2015.11.03;08:00:00;1.44367;1.44014;1.44049;1.44163;24777
2015.11.03;12:00:00;1.44244;1.43791;1.44118;1.44046;29139
2015.11.03;16:00:00;1.44144;1.4317;1.432;1.44117;42644
2015.11.03;20:00:00;1.43289;1.42773;1.43149;1.432;22459
2015.11.04;00:00:00;1.43316;1.42884;1.42892;1.43163;12128
2015.11.04;04:00:00;1.43075;1.42737;1.43006;1.42891;9819
2015.11.04;08:00:00;1.43008;1.42575;1.42716;1.43007;27028
2015.11.04;12:00:00;1.42981;1.42574;1.4285;1.42716;29490
2015.11.04;16:00:00;1.43087;1.42505;1.42933;1.4285;43138
2015.11.04;20:00:00;1.43145;1.42806;1.42847;1.42933;18512
2015.11.05;00:00:00;1.43158;1.42814;1.43052;1.42849;9865
2015.11.05;04:00:00;1.4311;1.42921;1.43057;1.43053;7370
2015.11.05;08:00:00;1.43162;1.42692;1.43039;1.4306;30454
2015.11.05;12:00:00;1.43419;1.42854;1.43165;1.43039;35822
2015.11.05;16:00:00;1.4348;1.42863;1.4293;1.43163;42640
2015.11.05;20:00:00;1.43363;1.4289;1.43311;1.42928;19248
2015.11.06;00:00:00;1.4332;1.43154;1.43247;1.4332;6144
2015.11.06;04:00:00;1.43322;1.43204;1.43282;1.43247;6973
2015.11.06;08:00:00;1.43309;1.43091;1.43132;1.43283;27005
2015.11.06;12:00:00;1.43681;1.41971;1.42459;1.43123;34556
2015.11.06;16:00:00;1.43047;1.42221;1.42869;1.4246;50743
2015.11.06;20:00:00;1.42934;1.42581;1.42895;1.4287;21285
2015.11.09;00:00:00;1.42898;1.42608;1.42826;1.42668;8220
2015.11.09;04:00:00;1.43108;1.42766;1.42903;1.42833;10532
2015.11.09;08:00:00;1.43128;1.42853;1.43048;1.42902;26062
2015.11.09;12:00:00;1.43174;1.42632;1.42763;1.43044;31196
2015.11.09;16:00:00;1.43149;1.42321;1.42827;1.42766;39743
2015.11.09;20:00:00;1.4294;1.42671;1.4282;1.42829;16707
2015.11.10;00:00:00;1.4285;1.42616;1.42671;1.42825;8098
2015.11.10;04:00:00;1.4269;1.42458;1.42572;1.42668;6578
2015.11.10;08:00:00;1.42871;1.42438;1.42473;1.42572;26377
2015.11.10;12:00:00;1.42598;1.41833;1.42103;1.42476;36257
2015.11.10;16:00:00;1.42159;1.41596;1.41796;1.42101;42215
2015.11.10;20:00:00;1.42397;1.4174;1.42323;1.41796;20011
2015.11.11;00:00:00;1.42505;1.42244;1.42405;1.42342;11616
2015.11.11;04:00:00;1.4261;1.42387;1.42557;1.42409;11673
2015.11.11;08:00:00;1.42652;1.42319;1.42588;1.4255;25158
2015.11.11;12:00:00;1.42637;1.41979;1.42297;1.42589;25057
2015.11.11;16:00:00;1.42612;1.4206;1.42437;1.42291;33494
2015.11.11;20:00:00;1.42546;1.42368;1.42407;1.42438;14651
2015.11.12;00:00:00;1.42713;1.4239;1.42517;1.42407;13625
2015.11.12;04:00:00;1.42609;1.42449;1.42508;1.42518;10932
2015.11.12;08:00:00;1.42628;1.41801;1.4221;1.42507;30508
2015.11.12;12:00:00;1.43068;1.42079;1.42819;1.42209;35101
2015.11.12;16:00:00;1.43715;1.4279;1.43417;1.42821;51317
2015.11.12;20:00:00;1.43847;1.4304;1.43691;1.43419;23328
2015.11.13;00:00:00;1.43709;1.433;1.43343;1.43701;10896
2015.11.13;04:00:00;1.43501;1.43302;1.43448;1.43343;9386
2015.11.13;08:00:00;1.43436;1.42918;1.43022;1.43434;26902
2015.11.13;12:00:00;1.43379;1.42926;1.43007;1.4302;37843
2015.11.13;16:00:00;1.43465;1.428;1.42987;1.43007;42338
2015.11.13;20:00:00;1.43491;1.42805;1.43489;1.42987;18576
2015.11.16;00:00:00;1.43001;1.42283;1.42646;1.42813;16248
2015.11.16;04:00:00;1.42871;1.42644;1.42734;1.42644;7307
2015.11.16;08:00:00;1.43045;1.42565;1.42689;1.42737;29365
2015.11.16;12:00:00;1.43283;1.42604;1.4311;1.42689;30798
2015.11.16;16:00:00;1.43325;1.4252;1.42629;1.4311;40178
2015.11.16;20:00:00;1.42691;1.42279;1.42431;1.4263;20202
2015.11.17;00:00:00;1.42515;1.42142;1.42189;1.42436;10778
2015.11.17;04:00:00;1.42315;1.42099;1.42174;1.42189;9838
2015.11.17;08:00:00;1.42254;1.41843;1.41962;1.42174;27067
2015.11.17;12:00:00;1.4219;1.41752;1.41823;1.41971;33281
2015.11.17;16:00:00;1.42152;1.41571;1.41711;1.41825;45854
2015.11.17;20:00:00;1.41884;1.41579;1.4174;1.41707;25142
2015.11.18;00:00:00;1.41807;1.41667;1.41749;1.4174;7868
2015.11.18;04:00:00;1.41841;1.41611;1.41797;1.41748;8942
2015.11.18;08:00:00;1.42202;1.41709;1.42103;1.41799;24546
2015.11.18;12:00:00;1.42339;1.41873;1.42109;1.42101;28371
2015.11.18;16:00:00;1.42297;1.41768;1.42121;1.42106;40322
2015.11.18;20:00:00;1.42223;1.41725;1.41774;1.42121;25671
2015.11.19;00:00:00;1.42144;1.41768;1.41969;1.41775;12219
2015.11.19;04:00:00;1.42054;1.41822;1.41898;1.41969;14102
2015.11.19;08:00:00;1.41941;1.4141;1.41628;1.41889;28128
2015.11.19;12:00:00;1.42217;1.41581;1.42056;1.41625;34596
2015.11.19;16:00:00;1.42716;1.4195;1.4248;1.42055;48025
2015.11.19;20:00:00;1.42787;1.42461;1.42565;1.4248;19033
2015.11.20;00:00:00;1.42698;1.42453;1.42492;1.42564;9767
2015.11.20;04:00:00;1.42572;1.42355;1.42533;1.42492;11261
2015.11.20;08:00:00;1.42577;1.42108;1.42168;1.42533;30030
2015.11.20;12:00:00;1.42418;1.42069;1.42144;1.42166;30092
2015.11.20;16:00:00;1.42335;1.41728;1.41974;1.42147;41984
2015.11.20;20:00:00;1.42202;1.41804;1.42108;1.41973;22025
2015.11.23;00:00:00;1.42216;1.41758;1.42003;1.4177;10539
2015.11.23;04:00:00;1.42205;1.41927;1.42193;1.42;12173
2015.11.23;08:00:00;1.42496;1.42119;1.42436;1.42192;29176
2015.11.23;12:00:00;1.42788;1.41825;1.4238;1.42438;37799
2015.11.23;16:00:00;1.42433;1.41559;1.41813;1.4238;44464
2015.11.23;20:00:00;1.4219;1.41743;1.42127;1.41812;19141
2015.11.24;00:00:00;1.42174;1.41952;1.4199;1.42125;9636
2015.11.24;04:00:00;1.42066;1.41764;1.41861;1.41991;8887
2015.11.24;08:00:00;1.42342;1.41667;1.42121;1.41862;28210
2015.11.24;12:00:00;1.42482;1.42014;1.4238;1.42122;35787
2015.11.24;16:00:00;1.42456;1.41557;1.41641;1.42381;43599
2015.11.24;20:00:00;1.41737;1.41384;1.41566;1.41641;23469
2015.11.25;00:00:00;1.41767;1.41513;1.41761;1.41562;11337
2015.11.25;04:00:00;1.41867;1.41516;1.41567;1.4176;13373
2015.11.25;08:00:00;1.42073;1.41204;1.41314;1.41566;33013
2015.11.25;12:00:00;1.41369;1.4072;1.41078;1.41314;41174
2015.11.25;16:00:00;1.41454;1.4082;1.41301;1.41078;43559
2015.11.25;20:00:00;1.41357;1.41054;1.41156;1.41301;19690
2015.11.26;00:00:00;1.41314;1.41097;1.41111;1.41149;11053
2015.11.26;04:00:00;1.41239;1.41075;1.41195;1.4111;9184
2015.11.26;08:00:00;1.41353;1.41059;1.41231;1.41196;23701
2015.11.26;12:00:00;1.41293;1.41071;1.4124;1.41231;23683
2015.11.26;16:00:00;1.41337;1.40954;1.41025;1.41239;18634
2015.11.26;20:00:00;1.41032;1.40898;1.40996;1.41021;22508
2015.11.27;00:00:00;1.41106;1.40917;1.41072;1.41001;8797
2015.11.27;04:00:00;1.41221;1.41055;1.41197;1.41072;7896
2015.11.27;08:00:00;1.41597;1.41095;1.41099;1.41196;28258
2015.11.27;12:00:00;1.41339;1.40982;1.41209;1.41094;31581
2015.11.27;16:00:00;1.41746;1.4116;1.41602;1.41207;32472
2015.11.27;20:00:00;1.41751;1.41552;1.41629;1.41602;11165
2015.11.30;00:00:00;1.41651;1.41437;1.41545;1.41443;9971
2015.11.30;04:00:00;1.41673;1.41524;1.41605;1.41545;9639
2015.11.30;08:00:00;1.41729;1.41412;1.41664;1.41605;24616
2015.11.30;12:00:00;1.41681;1.41271;1.41274;1.41664;30190
2015.11.30;16:00:00;1.41347;1.40558;1.40977;1.41274;38724
2015.11.30;20:00:00;1.41234;1.40902;1.41136;1.40977;21867
2015.12.01;00:00:00;1.41175;1.40851;1.41084;1.41142;11091
2015.12.01;04:00:00;1.41271;1.4097;1.41208;1.41084;18043
2015.12.01;08:00:00;1.41429;1.41133;1.41256;1.41207;27896
2015.12.01;12:00:00;1.42081;1.41068;1.41883;1.41256;30310
2015.12.01;16:00:00;1.42025;1.41617;1.41981;1.41881;46666
2015.12.01;20:00:00;1.42246;1.41951;1.42001;1.41983;24676
2015.12.02;00:00:00;1.42075;1.41875;1.41922;1.41989;11153
2015.12.02;04:00:00;1.42006;1.41885;1.41899;1.41923;10179
2015.12.02;08:00:00;1.42118;1.41828;1.41974;1.41903;25943
2015.12.02;12:00:00;1.41986;1.41492;1.41814;1.41975;34172
2015.12.02;16:00:00;1.42023;1.40687;1.41429;1.41814;50294
2015.12.02;20:00:00;1.41972;1.41368;1.41611;1.41428;33718
2015.12.03;00:00:00;1.4167;1.41483;1.415;1.41608;9229
2015.12.03;04:00:00;1.41513;1.40825;1.4096;1.415;14321
2015.12.03;08:00:00;1.41085;1.40606;1.40696;1.4096;28884
2015.12.03;12:00:00;1.44958;1.40235;1.44168;1.40696;50458
2015.12.03;16:00:00;1.4639;1.4389;1.4581;1.44167;61112
2015.12.03;20:00:00;1.4649;1.45793;1.46062;1.4581;39819
2015.12.04;00:00:00;1.46097;1.45524;1.45617;1.46066;16280
2015.12.04;04:00:00;1.46146;1.45535;1.4606;1.45619;17468
2015.12.04;08:00:00;1.46184;1.45051;1.45232;1.46063;38874
2015.12.04;12:00:00;1.46212;1.44809;1.46181;1.45231;45771
2015.12.04;16:00:00;1.46683;1.45058;1.45494;1.46182;67791
2015.12.04;20:00:00;1.45516;1.45168;1.45286;1.45494;27731
2015.12.07;00:00:00;1.45726;1.45271;1.45463;1.45313;11983
2015.12.07;04:00:00;1.45554;1.45348;1.45482;1.45461;10935
2015.12.07;08:00:00;1.45623;1.45078;1.45207;1.45482;25694
2015.12.07;12:00:00;1.45869;1.45085;1.45854;1.45207;31439
2015.12.07;16:00:00;1.46761;1.45689;1.46693;1.45855;47333
2015.12.07;20:00:00;1.46766;1.46241;1.4626;1.46692;22846
2015.12.08;00:00:00;1.46565;1.46226;1.46472;1.4626;8622
2015.12.08;04:00:00;1.46805;1.46469;1.46805;1.46473;12109
2015.12.08;08:00:00;1.4718;1.4663;1.4683;1.46805;29812
2015.12.08;12:00:00;1.4837;1.46692;1.48321;1.4683;39194
2015.12.08;16:00:00;1.48393;1.4723;1.47945;1.48323;45727
2015.12.08;20:00:00;1.4825;1.4774;1.47938;1.47944;27481
2015.12.09;00:00:00;1.48016;1.47756;1.47938;1.47949;8330
2015.12.09;04:00:00;1.48182;1.47913;1.47999;1.47936;11416
2015.12.09;08:00:00;1.48768;1.47982;1.48516;1.47999;27843
2015.12.09;12:00:00;1.4894;1.47963;1.48935;1.48514;33537
2015.12.09;16:00:00;1.49739;1.4801;1.49612;1.48935;57875
2015.12.09;20:00:00;1.49986;1.49392;1.49682;1.49617;38108
2015.12.10;00:00:00;1.4969;1.49215;1.49226;1.4969;12732
2015.12.10;04:00:00;1.49346;1.49113;1.49132;1.49226;10855
2015.12.10;08:00:00;1.49176;1.48459;1.48727;1.49133;27108
2015.12.10;12:00:00;1.48902;1.48074;1.48871;1.48729;39522
2015.12.10;16:00:00;1.49175;1.48335;1.49001;1.4887;46544
2015.12.10;20:00:00;1.49285;1.48751;1.49032;1.49;24349
2015.12.11;00:00:00;1.49281;1.49018;1.49148;1.49036;10795
2015.12.11;04:00:00;1.49351;1.49142;1.49263;1.49149;8832
2015.12.11;08:00:00;1.49901;1.4916;1.49551;1.49263;26397
2015.12.11;12:00:00;1.50059;1.49272;1.49702;1.4955;38445
2015.12.11;16:00:00;1.51197;1.49671;1.5109;1.49702;57370
2015.12.11;20:00:00;1.5126;1.50776;1.51176;1.5109;27808
2015.12.14;00:00:00;1.51065;1.50564;1.50763;1.50662;13444
2015.12.14;04:00:00;1.5085;1.50381;1.50462;1.50763;12994
2015.12.14;08:00:00;1.50527;1.5003;1.50323;1.50462;27867
2015.12.14;12:00:00;1.51414;1.50205;1.50429;1.50322;43864
2015.12.14;16:00:00;1.52006;1.50179;1.51298;1.50426;64099
2015.12.14;20:00:00;1.51596;1.50786;1.50913;1.51298;30863
2015.12.15;00:00:00;1.5104;1.50804;1.51011;1.50916;12254
2015.12.15;04:00:00;1.51185;1.50732;1.51154;1.51011;11894
2015.12.15;08:00:00;1.51585;1.50686;1.50957;1.51153;33137
2015.12.15;12:00:00;1.51029;1.50405;1.5041;1.50957;43603
2015.12.15;16:00:00;1.50501;1.49407;1.49659;1.50412;51305
2015.12.15;20:00:00;1.49663;1.49654;1.49662;1.49658;18
