DATE;TIME;HIGH;LOW;CLOSE;OPEN;VOLUME
2015.04.27;12:00:00;1.03777;1.03523;1.03762;1.03565;23848
2015.04.27;16:00:00;1.03919;1.03463;1.03786;1.03763;31000
2015.04.27;20:00:00;1.04137;1.03748;1.03951;1.03787;13971
2015.04.28;00:00:00;1.04007;1.0384;1.03881;1.03995;9042
2015.04.28;04:00:00;1.03883;1.03803;1.0382;1.03881;7973
2015.04.28;08:00:00;1.04249;1.03783;1.0424;1.0382;26201
2015.04.28;12:00:00;1.04752;1.04202;1.04673;1.0424;30963
2015.04.28;16:00:00;1.04824;1.04387;1.04732;1.04675;33460
2015.04.28;20:00:00;1.04961;1.04709;1.04895;1.04732;13057
2015.04.29;00:00:00;1.04932;1.04204;1.04856;1.04886;6824
2015.04.29;04:00:00;1.04919;1.04811;1.04868;1.04856;7635
2015.04.29;08:00:00;1.05036;1.04855;1.04966;1.04868;23718
2015.04.29;12:00:00;1.0507;1.04588;1.0496;1.04968;31668
2015.04.29;16:00:00;1.04993;1.04404;1.04529;1.04961;47757
2015.04.29;20:00:00;1.04681;1.04249;1.04537;1.04529;26723
2015.04.30;00:00:00;1.0456;1.04361;1.04384;1.04539;7969
2015.04.30;04:00:00;1.04544;1.04337;1.04382;1.04384;10342
2015.04.30;08:00:00;1.05058;1.04281;1.04925;1.0438;36182
2015.04.30;12:00:00;1.05159;1.04643;1.04815;1.04925;37245
2015.04.30;16:00:00;1.05228;1.04781;1.05198;1.04815;43709
2015.04.30;20:00:00;1.05213;1.0459;1.04629;1.05198;20426
2015.05.01;00:00:00;1.04739;1.04584;1.04649;1.04631;6770
2015.05.01;04:00:00;1.04716;1.04583;1.0459;1.04649;6223
2015.05.01;08:00:00;1.05024;1.04515;1.04845;1.04589;21803
2015.05.01;12:00:00;1.04872;1.04544;1.04719;1.04845;24635
2015.05.01;16:00:00;1.04816;1.04433;1.04492;1.04719;32550
2015.05.01;20:00:00;1.0464;1.04405;1.0441;1.04496;12640
2015.05.04;00:00:00;1.04584;1.04385;1.04412;1.04499;7354
2015.05.04;04:00:00;1.0451;1.04405;1.04491;1.04411;6894
2015.05.04;08:00:00;1.04784;1.0437;1.04394;1.04489;22313
2015.05.04;12:00:00;1.04482;1.04091;1.04232;1.04394;23247
2015.05.04;16:00:00;1.04359;1.04044;1.04343;1.04232;26542
2015.05.04;20:00:00;1.04356;1.04025;1.04068;1.04344;11067
2015.05.05;00:00:00;1.04137;1.04037;1.04083;1.04067;5414
2015.05.05;04:00:00;1.04184;1.04051;1.04086;1.04084;6994
2015.05.05;08:00:00;1.04241;1.0386;1.04022;1.04086;26599
2015.05.05;12:00:00;1.04041;1.03584;1.03858;1.04023;31418
2015.05.05;16:00:00;1.0387;1.03454;1.03576;1.03857;35365
2015.05.05;20:00:00;1.03756;1.03513;1.036;1.03577;11619
2015.05.06;00:00:00;1.03728;1.03581;1.03679;1.03599;5018
2015.05.06;04:00:00;1.03908;1.03654;1.0389;1.03679;11096
2015.05.06;08:00:00;1.03973;1.03704;1.03791;1.03889;32881
2015.05.06;12:00:00;1.03849;1.03612;1.03787;1.03796;34891
2015.05.06;16:00:00;1.03937;1.03536;1.0389;1.03789;39079
2015.05.06;20:00:00;1.03968;1.03833;1.03897;1.03891;14499
2015.05.07;00:00:00;1.03981;1.03813;1.03837;1.03892;8304
2015.05.07;04:00:00;1.0399;1.03807;1.03986;1.03837;9175
2015.05.07;08:00:00;1.04015;1.0355;1.03551;1.03986;30754
2015.05.07;12:00:00;1.03581;1.03034;1.0338;1.0355;39462
2015.05.07;16:00:00;1.03907;1.03204;1.03871;1.0338;34118
2015.05.07;20:00:00;1.03922;1.03776;1.03834;1.03871;14629
2015.05.08;00:00:00;1.03855;1.036;1.03724;1.03831;10518
2015.05.08;04:00:00;1.03753;1.03454;1.0347;1.03723;15778
2015.05.08;08:00:00;1.03679;1.03308;1.03529;1.0347;31853
2015.05.08;12:00:00;1.04012;1.03467;1.03973;1.03529;33606
2015.05.08;16:00:00;1.04331;1.03674;1.04326;1.03973;37814
2015.05.08;20:00:00;1.04496;1.04269;1.04415;1.04325;12655
2015.05.11;00:00:00;1.0436;1.0403;1.04124;1.04278;8054
2015.05.11;04:00:00;1.04206;1.04065;1.04078;1.04123;10595
2015.05.11;08:00:00;1.04329;1.03858;1.03938;1.04078;25695
2015.05.11;12:00:00;1.04114;1.03862;1.04114;1.03932;25368
2015.05.11;16:00:00;1.04236;1.03979;1.04236;1.04114;28236
2015.05.11;20:00:00;1.04265;1.04103;1.04186;1.04236;10750
2015.05.12;00:00:00;1.04238;1.04135;1.04171;1.04184;6422
2015.05.12;04:00:00;1.04237;1.0408;1.04219;1.04169;8073
2015.05.12;08:00:00;1.04362;1.04016;1.04103;1.04219;30647
2015.05.12;12:00:00;1.04131;1.03835;1.04075;1.04103;31955
2015.05.12;16:00:00;1.04301;1.03898;1.04198;1.04074;27841
2015.05.12;20:00:00;1.04317;1.04136;1.04184;1.04199;11654
2015.05.13;00:00:00;1.04247;1.04072;1.04206;1.04185;6698
2015.05.13;04:00:00;1.0429;1.04173;1.04251;1.04207;10654
2015.05.13;08:00:00;1.04354;1.04032;1.04163;1.04251;25796
2015.05.13;12:00:00;1.04341;1.04018;1.04234;1.04162;32727
2015.05.13;16:00:00;1.04392;1.04086;1.04234;1.04233;33916
2015.05.13;20:00:00;1.04348;1.04047;1.04066;1.04234;11934
2015.05.14;00:00:00;1.04101;1.04038;1.04081;1.04058;8116
2015.05.14;04:00:00;1.04112;1.04031;1.04037;1.0408;10155
2015.05.14;08:00:00;1.04294;1.04031;1.04182;1.04037;28808
2015.05.14;12:00:00;1.04226;1.03818;1.03989;1.04183;31284
2015.05.14;16:00:00;1.04231;1.03871;1.03957;1.03989;33289
2015.05.14;20:00:00;1.04146;1.03929;1.04059;1.03959;12137
2015.05.15;00:00:00;1.04137;1.04014;1.04128;1.04056;7031
2015.05.15;04:00:00;1.04149;1.04092;1.04144;1.04129;8536
2015.05.15;08:00:00;1.0429;1.03992;1.04195;1.04143;30550
2015.05.15;12:00:00;1.04803;1.04187;1.04796;1.04192;27350
2015.05.15;16:00:00;1.05048;1.04621;1.04921;1.04795;34994
2015.05.15;20:00:00;1.04987;1.04754;1.04814;1.0492;14974
2015.05.18;00:00:00;1.04893;1.0456;1.04858;1.04561;7185
2015.05.18;04:00:00;1.05001;1.04808;1.04839;1.04857;7288
2015.05.18;08:00:00;1.04977;1.04654;1.04714;1.04839;23281
2015.05.18;12:00:00;1.04855;1.04595;1.04679;1.04714;24207
2015.05.18;16:00:00;1.04847;1.04511;1.0481;1.04676;27416
2015.05.18;20:00:00;1.04849;1.04624;1.04776;1.04808;14409
2015.05.19;00:00:00;1.04873;1.04745;1.04791;1.04777;6828
2015.05.19;04:00:00;1.04795;1.04571;1.04741;1.0479;11456
2015.05.19;08:00:00;1.0484;1.04035;1.04293;1.04741;35697
2015.05.19;12:00:00;1.04387;1.04029;1.04354;1.04293;32046
2015.05.19;16:00:00;1.04476;1.04197;1.04342;1.04354;30242
2015.05.19;20:00:00;1.04556;1.04292;1.04442;1.04344;11564
2015.05.20;00:00:00;1.04487;1.04335;1.04344;1.04454;8775
2015.05.20;04:00:00;1.04398;1.04278;1.04296;1.04343;9094
2015.05.20;08:00:00;1.04321;1.03953;1.04157;1.04295;31494
2015.05.20;12:00:00;1.04348;1.04136;1.04194;1.04154;29534
2015.05.20;16:00:00;1.04249;1.03934;1.03996;1.04194;32459
2015.05.20;20:00:00;1.04126;1.03884;1.0394;1.03994;27944
2015.05.21;00:00:00;1.03972;1.03871;1.03926;1.0394;7976
2015.05.21;04:00:00;1.03965;1.03857;1.03933;1.03927;10568
2015.05.21;08:00:00;1.04164;1.03836;1.03993;1.03933;34753
2015.05.21;12:00:00;1.04109;1.03849;1.03966;1.03995;31504
2015.05.21;16:00:00;1.04139;1.03876;1.03968;1.03967;32307
2015.05.21;20:00:00;1.04127;1.03961;1.04083;1.03964;13824
2015.05.22;00:00:00;1.04172;1.03994;1.04125;1.04083;8063
2015.05.22;04:00:00;1.04225;1.04098;1.04187;1.04125;11165
2015.05.22;08:00:00;1.0426;1.04053;1.04113;1.04173;23119
2015.05.22;12:00:00;1.04496;1.03993;1.04299;1.04112;33582
2015.05.22;16:00:00;1.04386;1.03847;1.04023;1.04299;36046
2015.05.22;20:00:00;1.04044;1.03754;1.03754;1.04023;15727
2015.05.25;00:00:00;1.03804;1.03537;1.0364;1.03761;12632
2015.05.25;04:00:00;1.03661;1.03532;1.03537;1.0364;8058
2015.05.25;08:00:00;1.03554;1.03408;1.03481;1.03536;17147
2015.05.25;12:00:00;1.03585;1.03444;1.0355;1.03481;12098
2015.05.25;16:00:00;1.03835;1.0339;1.03816;1.03548;10163
2015.05.25;20:00:00;1.03828;1.03707;1.03713;1.03816;7110
2015.05.26;00:00:00;1.03793;1.03568;1.03585;1.03713;7447
2015.05.26;04:00:00;1.03646;1.03526;1.0361;1.03584;12762
2015.05.26;08:00:00;1.0366;1.03453;1.03531;1.0361;34379
2015.05.26;12:00:00;1.03606;1.0322;1.03537;1.03533;34261
2015.05.26;16:00:00;1.03588;1.03315;1.03411;1.03536;34192
2015.05.26;20:00:00;1.03694;1.03344;1.03621;1.0341;14726
2015.05.27;00:00:00;1.03709;1.03593;1.03603;1.03631;7699
2015.05.27;04:00:00;1.03611;1.03533;1.0356;1.03602;11276
2015.05.27;08:00:00;1.03651;1.03413;1.03483;1.0356;26545
2015.05.27;12:00:00;1.03488;1.03148;1.03272;1.03482;34926
2015.05.27;16:00:00;1.03571;1.03198;1.03425;1.03273;38481
2015.05.27;20:00:00;1.03681;1.03384;1.03515;1.03425;14569
2015.05.28;00:00:00;1.03623;1.03442;1.03525;1.03517;7146
2015.05.28;04:00:00;1.0356;1.03413;1.03466;1.03525;16077
2015.05.28;08:00:00;1.03612;1.03346;1.03486;1.03465;32123
2015.05.28;12:00:00;1.0361;1.03309;1.03407;1.03486;32901
2015.05.28;16:00:00;1.03458;1.03036;1.03231;1.03405;33981
2015.05.28;20:00:00;1.0335;1.03065;1.03151;1.03231;17435
2015.05.29;00:00:00;1.03411;1.02979;1.03278;1.03151;10129
2015.05.29;04:00:00;1.03361;1.03139;1.03153;1.03278;9321
2015.05.29;08:00:00;1.03583;1.03119;1.03492;1.03153;27598
2015.05.29;12:00:00;1.03508;1.03151;1.03187;1.03491;34677
2015.05.29;16:00:00;1.03626;1.02784;1.03363;1.03189;37837
2015.05.29;20:00:00;1.03377;1.03167;1.03334;1.03364;14113
2015.06.01;00:00:00;1.03246;1.03085;1.03095;1.03099;7842
2015.06.01;04:00:00;1.03283;1.03081;1.0327;1.03095;12065
2015.06.01;08:00:00;1.03495;1.03149;1.03175;1.03271;25001
2015.06.01;12:00:00;1.03376;1.03161;1.03289;1.03176;27813
2015.06.01;16:00:00;1.03395;1.02942;1.03334;1.03293;34386
2015.06.01;20:00:00;1.03421;1.0325;1.03331;1.03338;14965
2015.06.02;00:00:00;1.034;1.03191;1.03295;1.03333;9907
2015.06.02;04:00:00;1.03298;1.0319;1.03258;1.03295;10432
2015.06.02;08:00:00;1.03426;1.03105;1.0335;1.03258;24550
2015.06.02;12:00:00;1.04047;1.03224;1.04024;1.03349;36735
2015.06.02;16:00:00;1.04316;1.03771;1.04227;1.04023;43215
2015.06.02;20:00:00;1.04256;1.03949;1.03976;1.0423;15742
2015.06.03;00:00:00;1.04098;1.03941;1.0405;1.03975;8828
2015.06.03;04:00:00;1.04264;1.04045;1.04127;1.04051;11865
2015.06.03;08:00:00;1.04245;1.03978;1.04069;1.04127;28225
2015.06.03;12:00:00;1.04772;1.03968;1.04533;1.04069;31647
2015.06.03;16:00:00;1.0539;1.0449;1.0517;1.04533;42920
2015.06.03;20:00:00;1.05376;1.05169;1.05235;1.0517;12712
2015.06.04;00:00:00;1.053;1.05184;1.05198;1.05236;8293
2015.06.04;04:00:00;1.05304;1.05183;1.05266;1.05198;8162
2015.06.04;08:00:00;1.0573;1.0512;1.05409;1.05264;31079
2015.06.04;12:00:00;1.0571;1.05298;1.05322;1.05409;32246
2015.06.04;16:00:00;1.05439;1.05066;1.05296;1.05322;32260
2015.06.04;20:00:00;1.05311;1.04799;1.04885;1.05295;16781
2015.06.05;00:00:00;1.04921;1.04647;1.04819;1.04885;12966
2015.06.05;04:00:00;1.04855;1.04725;1.04737;1.0482;8325
2015.06.05;08:00:00;1.05013;1.04721;1.04983;1.04737;27745
2015.06.05;12:00:00;1.05011;1.04545;1.04921;1.04983;31750
2015.06.05;16:00:00;1.05341;1.04551;1.0456;1.04923;45556
2015.06.05;20:00:00;1.04654;1.04393;1.04399;1.04559;13544
2015.06.08;00:00:00;1.04514;1.04388;1.04405;1.04411;6317
2015.06.08;04:00:00;1.04537;1.04395;1.04529;1.04406;7908
2015.06.08;08:00:00;1.04746;1.04413;1.04526;1.04528;28798
2015.06.08;12:00:00;1.04814;1.04515;1.0478;1.04526;23121
2015.06.08;16:00:00;1.0508;1.04667;1.04731;1.04782;26895
2015.06.08;20:00:00;1.04833;1.04586;1.04712;1.04731;19216
2015.06.09;00:00:00;1.04727;1.04598;1.04649;1.04712;7174
2015.06.09;04:00:00;1.04921;1.04614;1.04801;1.0465;11267
2015.06.09;08:00:00;1.04952;1.04427;1.046;1.048;31470
2015.06.09;12:00:00;1.04736;1.04408;1.04639;1.04598;32921
2015.06.09;16:00:00;1.04971;1.04527;1.04914;1.0464;33230
2015.06.09;20:00:00;1.05114;1.04907;1.04979;1.04915;11268
2015.06.10;00:00:00;1.0511;1.04946;1.0506;1.04983;6345
2015.06.10;04:00:00;1.05138;1.04939;1.0498;1.0506;11705
2015.06.10;08:00:00;1.05127;1.04805;1.04897;1.0498;34767
2015.06.10;12:00:00;1.05041;1.04727;1.04951;1.04898;31644
2015.06.10;16:00:00;1.0528;1.04793;1.05248;1.04949;35908
2015.06.10;20:00:00;1.05522;1.05227;1.05443;1.05248;12694
2015.06.11;00:00:00;1.05519;1.05331;1.05344;1.05438;6726
2015.06.11;04:00:00;1.05463;1.05282;1.05412;1.05344;8638
2015.06.11;08:00:00;1.05542;1.05071;1.05391;1.05413;25142
2015.06.11;12:00:00;1.05526;1.05058;1.05195;1.05389;29521
2015.06.11;16:00:00;1.053;1.04939;1.0523;1.05193;31371
2015.06.11;20:00:00;1.05279;1.05024;1.05024;1.0523;11837
2015.06.12;00:00:00;1.05078;1.04912;1.05006;1.05024;8130
2015.06.12;04:00:00;1.0506;1.04869;1.04918;1.05005;9641
2015.06.12;08:00:00;1.04965;1.04588;1.04657;1.04918;25035
2015.06.12;12:00:00;1.0469;1.04392;1.04447;1.04657;30555
2015.06.12;16:00:00;1.04536;1.04246;1.04434;1.04447;32122
2015.06.12;20:00:00;1.04629;1.0441;1.04551;1.04433;13076
2015.06.15;00:00:00;1.04621;1.04204;1.04516;1.04204;8400
2015.06.15;04:00:00;1.04617;1.04463;1.04481;1.04516;8700
2015.06.15;08:00:00;1.04704;1.0438;1.04572;1.0448;23485
2015.06.15;12:00:00;1.05174;1.0443;1.05086;1.04573;25602
2015.06.15;16:00:00;1.05412;1.05051;1.05325;1.05086;26376
2015.06.15;20:00:00;1.0534;1.0473;1.04842;1.05325;13488
2015.06.16;00:00:00;1.04953;1.04764;1.04913;1.04842;5973
2015.06.16;04:00:00;1.04941;1.04805;1.04881;1.04914;8360
2015.06.16;08:00:00;1.05066;1.04751;1.04855;1.04881;23982
2015.06.16;12:00:00;1.04966;1.04554;1.04688;1.04856;21912
2015.06.16;16:00:00;1.04861;1.04535;1.04859;1.0469;18685
2015.06.16;20:00:00;1.04877;1.04726;1.04834;1.04857;7301
2015.06.17;00:00:00;1.04861;1.04732;1.04753;1.04826;4646
2015.06.17;04:00:00;1.04822;1.04719;1.04806;1.04752;5831
2015.06.17;08:00:00;1.04819;1.04019;1.04276;1.04806;23536
2015.06.17;12:00:00;1.04622;1.04265;1.04443;1.04275;23586
2015.06.17;16:00:00;1.04568;1.04205;1.04337;1.04442;22369
2015.06.17;20:00:00;1.04569;1.04151;1.04505;1.04336;33177
2015.06.18;00:00:00;1.04692;1.04467;1.04544;1.04499;10047
2015.06.18;04:00:00;1.04636;1.0449;1.04568;1.04544;9000
2015.06.18;08:00:00;1.04697;1.04425;1.04489;1.04566;28109
2015.06.18;12:00:00;1.04698;1.04368;1.04445;1.04488;30962
2015.06.18;16:00:00;1.05333;1.04374;1.04992;1.04442;30792
2015.06.18;20:00:00;1.05042;1.04656;1.04665;1.04993;13174
2015.06.19;00:00:00;1.04902;1.04583;1.04779;1.04665;7363
2015.06.19;04:00:00;1.04789;1.04629;1.04633;1.04778;5819
2015.06.19;08:00:00;1.04682;1.04314;1.04392;1.04633;19662
2015.06.19;12:00:00;1.04577;1.04276;1.04475;1.04391;21475
2015.06.19;16:00:00;1.04759;1.04253;1.04399;1.04474;19638
2015.06.19;20:00:00;1.04465;1.0401;1.04174;1.04396;11507
2015.06.22;00:00:00;1.04361;1.04171;1.04324;1.0422;4848
2015.06.22;04:00:00;1.04497;1.04224;1.04484;1.04324;6831
2015.06.22;08:00:00;1.04645;1.04153;1.04333;1.04484;20318
2015.06.22;12:00:00;1.04633;1.04091;1.04352;1.04332;21704
2015.06.22;16:00:00;1.04792;1.04213;1.04586;1.04351;28461
2015.06.22;20:00:00;1.04625;1.04404;1.04468;1.0458;10726
2015.06.23;00:00:00;1.04568;1.04407;1.04529;1.04468;5346
2015.06.23;04:00:00;1.04566;1.04399;1.04542;1.0453;13366
2015.06.23;08:00:00;1.04551;1.04309;1.04375;1.04542;23229
2015.06.23;12:00:00;1.04713;1.0435;1.04695;1.04375;25513
2015.06.23;16:00:00;1.0473;1.04382;1.04427;1.04694;25125
2015.06.23;20:00:00;1.04464;1.04239;1.04255;1.04426;11800
2015.06.24;00:00:00;1.04344;1.0423;1.04262;1.04267;6668
2015.06.24;04:00:00;1.04377;1.04217;1.04362;1.04262;7385
2015.06.24;08:00:00;1.04529;1.0423;1.04382;1.04362;24200
2015.06.24;12:00:00;1.04558;1.04286;1.04509;1.04383;25373
2015.06.24;16:00:00;1.04727;1.04407;1.04628;1.04509;24932
2015.06.24;20:00:00;1.04709;1.04551;1.04598;1.04628;12814
2015.06.25;00:00:00;1.04644;1.04551;1.04597;1.04599;6542
2015.06.25;04:00:00;1.04719;1.04597;1.04608;1.04597;7023
2015.06.25;08:00:00;1.04964;1.04516;1.04791;1.04604;20585
2015.06.25;12:00:00;1.05451;1.04612;1.05124;1.04791;29893
2015.06.25;16:00:00;1.05235;1.0464;1.04891;1.05125;20091
2015.06.25;20:00:00;1.05003;1.04812;1.04882;1.04891;8685
2015.06.26;00:00:00;1.04945;1.04678;1.04713;1.04882;6230
2015.06.26;04:00:00;1.04771;1.04657;1.04724;1.04713;8634
2015.06.26;08:00:00;1.04902;1.04496;1.04502;1.04724;16720
2015.06.26;12:00:00;1.04588;1.0418;1.04469;1.04501;20392
2015.06.26;16:00:00;1.04498;1.04088;1.04285;1.04469;25698
2015.06.26;20:00:00;1.04514;1.04146;1.04146;1.04285;10805
2015.06.29;00:00:00;1.03441;1.03121;1.03283;1.03269;23422
2015.06.29;04:00:00;1.03413;1.03264;1.03354;1.03283;13364
2015.06.29;08:00:00;1.04396;1.03194;1.04162;1.03354;35734
2015.06.29;12:00:00;1.04183;1.03596;1.03725;1.04162;27507
2015.06.29;16:00:00;1.03899;1.03493;1.03854;1.03727;30398
2015.06.29;20:00:00;1.0426;1.03791;1.03909;1.03855;18642
2015.06.30;00:00:00;1.03954;1.03715;1.03734;1.03909;9893
2015.06.30;04:00:00;1.04169;1.03703;1.04147;1.03734;12287
2015.06.30;08:00:00;1.0418;1.03735;1.0377;1.04146;24502
2015.06.30;12:00:00;1.04335;1.03751;1.04299;1.03773;29601
2015.06.30;16:00:00;1.04512;1.03952;1.04285;1.04298;32633
2015.06.30;20:00:00;1.04339;1.04079;1.04105;1.04285;13117
2015.07.01;00:00:00;1.04251;1.0403;1.04063;1.0413;8864
2015.07.01;04:00:00;1.04236;1.04021;1.04232;1.0406;8427
2015.07.01;08:00:00;1.04587;1.04106;1.0454;1.04232;19921
2015.07.01;12:00:00;1.04704;1.04268;1.04471;1.04543;26784
2015.07.01;16:00:00;1.04919;1.0433;1.04775;1.0447;23435
2015.07.01;20:00:00;1.04889;1.04711;1.04783;1.04774;12777
2015.07.02;00:00:00;1.04842;1.04666;1.04729;1.04775;9031
2015.07.02;04:00:00;1.04835;1.04653;1.04733;1.04727;10155
2015.07.02;08:00:00;1.04947;1.04605;1.04882;1.04734;25792
2015.07.02;12:00:00;1.05231;1.04632;1.04671;1.04883;32448
2015.07.02;16:00:00;1.04875;1.04466;1.04809;1.04688;27019
2015.07.02;20:00:00;1.04809;1.04544;1.04547;1.04809;7976
2015.07.03;00:00:00;1.0463;1.04543;1.04573;1.04547;6819
2015.07.03;04:00:00;1.04649;1.04539;1.04587;1.04568;7494
2015.07.03;08:00:00;1.04702;1.04461;1.04587;1.04587;21337
2015.07.03;12:00:00;1.04679;1.04496;1.04514;1.04634;27131
2015.07.03;16:00:00;1.04577;1.04335;1.04388;1.04511;22603
2015.07.03;20:00:00;1.04606;1.04236;1.04396;1.04394;7456
2015.07.06;00:00:00;1.04157;1.03526;1.03917;1.03581;18614
2015.07.06;04:00:00;1.04266;1.03917;1.04114;1.03918;16294
2015.07.06;08:00:00;1.0456;1.03987;1.04455;1.04114;32348
2015.07.06;12:00:00;1.04458;1.04066;1.0438;1.04452;31636
2015.07.06;16:00:00;1.04549;1.04267;1.04311;1.04381;29013
2015.07.06;20:00:00;1.04425;1.04053;1.04154;1.04311;9854
2015.07.07;00:00:00;1.04248;1.04138;1.04197;1.04156;5212
2015.07.07;04:00:00;1.04216;1.04036;1.04108;1.04201;8712
2015.07.07;08:00:00;1.04277;1.03872;1.03898;1.04107;26655
2015.07.07;12:00:00;1.04142;1.03733;1.03852;1.03897;37901
2015.07.07;16:00:00;1.03977;1.03649;1.03859;1.03852;38320
2015.07.07;20:00:00;1.04359;1.03812;1.04143;1.03866;17483
2015.07.08;00:00:00;1.04228;1.04032;1.04062;1.04139;8881
2015.07.08;04:00:00;1.04129;1.03959;1.04081;1.04062;14287
2015.07.08;08:00:00;1.0421;1.03918;1.04085;1.04081;27677
2015.07.08;12:00:00;1.04891;1.03943;1.04771;1.04086;34229
2015.07.08;16:00:00;1.05171;1.04642;1.04694;1.04771;36223
2015.07.08;20:00:00;1.04818;1.04584;1.04677;1.04695;15794
2015.07.09;00:00:00;1.04742;1.04608;1.0461;1.0468;9808
2015.07.09;04:00:00;1.04724;1.046;1.04628;1.0461;10640
2015.07.09;08:00:00;1.04905;1.0461;1.0488;1.0463;27590
2015.07.09;12:00:00;1.0506;1.04692;1.04929;1.04882;33896
2015.07.09;16:00:00;1.04953;1.04306;1.04313;1.04925;33380
2015.07.09;20:00:00;1.04651;1.04286;1.04544;1.04315;14432
2015.07.10;00:00:00;1.04988;1.0447;1.04866;1.04544;12114
2015.07.10;04:00:00;1.05031;1.048;1.04995;1.04867;11019
2015.07.10;08:00:00;1.05242;1.04244;1.04535;1.04995;31724
2015.07.10;12:00:00;1.04891;1.04438;1.04844;1.04535;35841
2015.07.10;16:00:00;1.05008;1.04588;1.04779;1.04842;28809
2015.07.10;20:00:00;1.04856;1.04475;1.04566;1.04778;12682
2015.07.13;00:00:00;1.04738;1.04437;1.04575;1.04454;7132
2015.07.13;04:00:00;1.04761;1.04477;1.04712;1.04575;12246
2015.07.13;08:00:00;1.05119;1.04611;1.04819;1.04713;32319
2015.07.13;12:00:00;1.04908;1.04685;1.04817;1.04817;28168
2015.07.13;16:00:00;1.04854;1.04496;1.04508;1.04817;25792
2015.07.13;20:00:00;1.04556;1.04414;1.04523;1.04508;10910
2015.07.14;00:00:00;1.04625;1.04403;1.04583;1.04525;10048
2015.07.14;04:00:00;1.04639;1.04536;1.04577;1.04583;9869
2015.07.14;08:00:00;1.0463;1.04004;1.0406;1.04577;28689
2015.07.14;12:00:00;1.04326;1.04014;1.04196;1.0406;33508
2015.07.14;16:00:00;1.04315;1.04039;1.04092;1.04195;27567
2015.07.14;20:00:00;1.04101;1.03985;1.04002;1.04092;7428
2015.07.15;00:00:00;1.04048;1.03974;1.03991;1.03999;5751
2015.07.15;04:00:00;1.04028;1.03956;1.03978;1.03992;7952
2015.07.15;08:00:00;1.0435;1.03959;1.04329;1.03978;22108
2015.07.15;12:00:00;1.0452;1.04189;1.04259;1.04329;26825
2015.07.15;16:00:00;1.04467;1.04202;1.04253;1.04262;31804
2015.07.15;20:00:00;1.04302;1.04153;1.04175;1.04251;10329
2015.07.16;00:00:00;1.04321;1.04151;1.04182;1.04175;8555
2015.07.16;04:00:00;1.04269;1.04085;1.04222;1.04183;10294
2015.07.16;08:00:00;1.04375;1.04102;1.04103;1.04223;24598
2015.07.16;12:00:00;1.04244;1.03962;1.04031;1.04124;32591
2015.07.16;16:00:00;1.04252;1.03987;1.04185;1.0403;27918
2015.07.16;20:00:00;1.04256;1.04083;1.04141;1.04185;8018
2015.07.17;00:00:00;1.04203;1.04079;1.04146;1.04141;6605
2015.07.17;04:00:00;1.04263;1.04124;1.04203;1.04146;7468
2015.07.17;08:00:00;1.04289;1.0407;1.0428;1.04203;23184
2015.07.17;12:00:00;1.04401;1.04177;1.04284;1.0428;29804
2015.07.17;16:00:00;1.04302;1.04134;1.04216;1.04284;27704
2015.07.17;20:00:00;1.04284;1.04102;1.04133;1.04216;7452
2015.07.20;00:00:00;1.04258;1.04074;1.04147;1.04099;6749
2015.07.20;04:00:00;1.0427;1.04107;1.04265;1.04147;10042
2015.07.20;08:00:00;1.04458;1.04211;1.04377;1.04264;23431
2015.07.20;12:00:00;1.04479;1.04241;1.0444;1.04379;32151
2015.07.20;16:00:00;1.04554;1.044;1.04433;1.04441;28370
2015.07.20;20:00:00;1.04511;1.04265;1.04391;1.04433;10423
2015.07.21;00:00:00;1.04438;1.04255;1.04293;1.04391;5537
2015.07.21;04:00:00;1.04406;1.04243;1.04325;1.04293;13103
2015.07.21;08:00:00;1.0445;1.04255;1.04317;1.04326;28164
2015.07.21;12:00:00;1.04458;1.04255;1.04327;1.04318;34053
2015.07.21;16:00:00;1.04866;1.04272;1.04857;1.04328;38604
2015.07.21;20:00:00;1.04921;1.04737;1.04737;1.04857;13939
2015.07.22;00:00:00;1.04874;1.04688;1.04845;1.04737;6977
2015.07.22;04:00:00;1.04877;1.04688;1.04806;1.04844;11352
2015.07.22;08:00:00;1.04905;1.04721;1.04838;1.04806;25620
2015.07.22;12:00:00;1.0492;1.04743;1.0481;1.04838;33760
2015.07.22;16:00:00;1.04876;1.04565;1.04772;1.04809;36314
2015.07.22;20:00:00;1.04892;1.04719;1.04881;1.04773;8546
2015.07.23;00:00:00;1.04931;1.04831;1.04921;1.04877;5272
2015.07.23;04:00:00;1.04993;1.04872;1.04903;1.04919;6936
2015.07.23;08:00:00;1.04937;1.04684;1.04879;1.04902;26330
2015.07.23;12:00:00;1.05207;1.04797;1.05007;1.04883;31199
2015.07.23;16:00:00;1.05333;1.05;1.05164;1.05006;35113
2015.07.23;20:00:00;1.05512;1.05164;1.05344;1.05164;11801
2015.07.24;00:00:00;1.05461;1.0523;1.05375;1.05246;4657
2015.07.24;04:00:00;1.05481;1.05327;1.05413;1.05377;9147
2015.07.24;08:00:00;1.05426;1.05102;1.05187;1.05413;21510
2015.07.24;12:00:00;1.05224;1.05052;1.05146;1.05188;27857
2015.07.24;16:00:00;1.0568;1.05121;1.05639;1.05145;32959
2015.07.24;20:00:00;1.0579;1.05595;1.05641;1.05637;9783
2015.07.27;00:00:00;1.05719;1.05546;1.05594;1.05564;4833
2015.07.27;04:00:00;1.0582;1.05561;1.05673;1.05594;10190
2015.07.27;08:00:00;1.06009;1.05624;1.05977;1.05674;29452
2015.07.27;12:00:00;1.06016;1.05779;1.05992;1.05974;34532
2015.07.27;16:00:00;1.06877;1.05944;1.06718;1.05993;37917
2015.07.27;20:00:00;1.06886;1.06469;1.06511;1.06721;9171
2015.07.28;00:00:00;1.06748;1.06406;1.06614;1.06406;5303
2015.07.28;04:00:00;1.06628;1.0646;1.065;1.06614;7696
2015.07.28;08:00:00;1.06737;1.06456;1.06711;1.06499;28139
2015.07.28;12:00:00;1.06725;1.06336;1.06612;1.06709;35492
2015.07.28;16:00:00;1.0662;1.063;1.06416;1.06611;35477
2015.07.28;20:00:00;1.06467;1.06313;1.06384;1.06417;8858
2015.07.29;00:00:00;1.06462;1.06335;1.06406;1.06386;6295
2015.07.29;04:00:00;1.06506;1.06359;1.06393;1.06406;7848
2015.07.29;08:00:00;1.06552;1.06322;1.06415;1.06393;22924
2015.07.29;12:00:00;1.06447;1.06178;1.06199;1.06415;32581
2015.07.29;16:00:00;1.06281;1.06072;1.06212;1.06197;33971
2015.07.29;20:00:00;1.0647;1.06189;1.06189;1.06211;22346
2015.07.30;00:00:00;1.06339;1.0615;1.06178;1.06183;6728
2015.07.30;04:00:00;1.06348;1.06147;1.06304;1.06179;7013
2015.07.30;08:00:00;1.06487;1.06118;1.0641;1.06304;23169
2015.07.30;12:00:00;1.06663;1.06071;1.06189;1.0641;35249
2015.07.30;16:00:00;1.06208;1.05741;1.05896;1.06189;39763
2015.07.30;20:00:00;1.05973;1.05834;1.05928;1.05896;9173
2015.07.31;00:00:00;1.05976;1.05834;1.05842;1.05933;6401
2015.07.31;04:00:00;1.05889;1.05764;1.05785;1.05842;6091
2015.07.31;08:00:00;1.05861;1.05294;1.05371;1.05785;28874
2015.07.31;12:00:00;1.0607;1.05356;1.05934;1.05387;39780
2015.07.31;16:00:00;1.06509;1.05893;1.06247;1.05933;47066
2015.07.31;20:00:00;1.0627;1.05936;1.05982;1.06246;14635
2015.08.03;00:00:00;1.06165;1.05996;1.06019;1.06024;7233
2015.08.03;04:00:00;1.06061;1.05957;1.0597;1.06019;7647
2015.08.03;08:00:00;1.06202;1.05937;1.06087;1.0597;22984
2015.08.03;12:00:00;1.06124;1.0589;1.06;1.06087;34717
2015.08.03;16:00:00;1.06188;1.05962;1.06034;1.05999;41273
2015.08.03;20:00:00;1.06216;1.05918;1.06093;1.06033;11214
2015.08.04;00:00:00;1.0618;1.06047;1.06065;1.06087;7198
2015.08.04;04:00:00;1.0614;1.0602;1.06067;1.06064;8995
2015.08.04;08:00:00;1.06215;1.05985;1.06132;1.06065;26361
2015.08.04;12:00:00;1.06498;1.06044;1.06371;1.06132;37758
2015.08.04;16:00:00;1.06711;1.06356;1.06585;1.06369;38448
2015.08.04;20:00:00;1.06622;1.06309;1.06407;1.06586;19311
2015.08.05;00:00:00;1.06515;1.06325;1.06335;1.06408;7216
2015.08.05;04:00:00;1.06359;1.06205;1.06238;1.06336;8723
2015.08.05;08:00:00;1.06459;1.06221;1.06385;1.06239;27592
2015.08.05;12:00:00;1.06759;1.06347;1.06704;1.06378;40895
2015.08.05;16:00:00;1.06808;1.06508;1.0667;1.06703;33126
2015.08.05;20:00:00;1.06784;1.06638;1.06743;1.06672;10238
2015.08.06;00:00:00;1.06829;1.06699;1.06792;1.06731;5769
2015.08.06;04:00:00;1.06803;1.06696;1.06785;1.06794;7085
2015.08.06;08:00:00;1.072;1.06764;1.07082;1.06784;19650
2015.08.06;12:00:00;1.0722;1.06955;1.07096;1.0708;34768
2015.08.06;16:00:00;1.07152;1.06981;1.07069;1.07099;33539
2015.08.06;20:00:00;1.07181;1.07058;1.07126;1.0707;8509
2015.08.07;00:00:00;1.07174;1.07072;1.07132;1.07114;3624
2015.08.07;04:00:00;1.07164;1.07049;1.07095;1.07133;6527
2015.08.07;08:00:00;1.07391;1.07084;1.0737;1.07093;19820
2015.08.07;12:00:00;1.07558;1.07154;1.07309;1.07372;33013
2015.08.07;16:00:00;1.07664;1.07247;1.07621;1.07312;41880
2015.08.07;20:00:00;1.07872;1.07601;1.07843;1.07622;9308
2015.08.10;00:00:00;1.07848;1.0752;1.07783;1.07521;4010
2015.08.10;04:00:00;1.07886;1.07775;1.07822;1.07783;5220
2015.08.10;08:00:00;1.07856;1.07589;1.07654;1.07823;23152
2015.08.10;12:00:00;1.0807;1.07583;1.08026;1.07654;31619
2015.08.10;16:00:00;1.08403;1.08023;1.08326;1.08024;34185
2015.08.10;20:00:00;1.08383;1.0826;1.08364;1.08326;10752
2015.08.11;00:00:00;1.08377;1.08291;1.08332;1.08364;5102
2015.08.11;04:00:00;1.08344;1.08038;1.08075;1.08333;16549
2015.08.11;08:00:00;1.08442;1.07706;1.08428;1.08075;31721
2015.08.11;12:00:00;1.08707;1.08399;1.08648;1.08423;34081
2015.08.11;16:00:00;1.09188;1.08583;1.08967;1.08649;34639
2015.08.11;20:00:00;1.09165;1.08877;1.09083;1.08968;10212
2015.08.12;00:00:00;1.09158;1.0902;1.09075;1.09081;6375
2015.08.12;04:00:00;1.0926;1.08957;1.09113;1.09074;14064
2015.08.12;08:00:00;1.09606;1.08866;1.09099;1.09113;33124
2015.08.12;12:00:00;1.09143;1.0849;1.08614;1.09096;35455
2015.08.12;16:00:00;1.08734;1.08394;1.08486;1.08617;37508
2015.08.12;20:00:00;1.08927;1.08483;1.08804;1.08484;14308
2015.08.13;00:00:00;1.08852;1.08724;1.08774;1.08801;5501
2015.08.13;04:00:00;1.08897;1.08699;1.08804;1.08773;10834
2015.08.13;08:00:00;1.08915;1.08589;1.08667;1.08804;25183
2015.08.13;12:00:00;1.0886;1.08427;1.08478;1.08667;32668
2015.08.13;16:00:00;1.08888;1.08255;1.08883;1.08477;35654
2015.08.13;20:00:00;1.08897;1.08718;1.0883;1.0888;11627
2015.08.14;00:00:00;1.08858;1.08777;1.0882;1.08828;5408
2015.08.14;04:00:00;1.08877;1.08755;1.08795;1.0882;6964
2015.08.14;08:00:00;1.08898;1.08628;1.08645;1.08796;26932
2015.08.14;12:00:00;1.08893;1.0859;1.08619;1.08642;31914
2015.08.14;16:00:00;1.08743;1.08474;1.08709;1.08617;33182
2015.08.14;20:00:00;1.08721;1.08334;1.08416;1.08709;9329
2015.08.17;00:00:00;1.08523;1.08366;1.08413;1.08481;5920
2015.08.17;04:00:00;1.08523;1.08383;1.0843;1.08412;8014
2015.08.17;08:00:00;1.0853;1.08205;1.08377;1.0843;26393
2015.08.17;12:00:00;1.08481;1.08296;1.08367;1.08379;30422
2015.08.17;16:00:00;1.08436;1.08126;1.08189;1.08367;30556
2015.08.17;20:00:00;1.08423;1.08128;1.08389;1.08187;8343
2015.08.18;00:00:00;1.08461;1.08291;1.08353;1.08393;4177
2015.08.18;04:00:00;1.08469;1.08215;1.08251;1.08352;7210
2015.08.18;08:00:00;1.08319;1.08015;1.08069;1.08251;23428
2015.08.18;12:00:00;1.08181;1.07838;1.07883;1.0807;28231
2015.08.18;16:00:00;1.07999;1.07581;1.07729;1.0788;28017
2015.08.18;20:00:00;1.07824;1.0768;1.07682;1.0773;7391
2015.08.19;00:00:00;1.07869;1.07668;1.07836;1.07703;4603
2015.08.19;04:00:00;1.07946;1.0782;1.079;1.07835;6257
2015.08.19;08:00:00;1.08;1.07631;1.07631;1.07901;21195
2015.08.19;12:00:00;1.07729;1.07312;1.07385;1.0763;27826
2015.08.19;16:00:00;1.07424;1.07181;1.07196;1.07386;33729
2015.08.19;20:00:00;1.07445;1.07112;1.07337;1.07194;23151
2015.08.20;00:00:00;1.07491;1.07196;1.07473;1.07337;8353
2015.08.20;04:00:00;1.07594;1.07431;1.07578;1.0747;7785
2015.08.20;08:00:00;1.07604;1.07109;1.07256;1.07579;25716
2015.08.20;12:00:00;1.07876;1.07172;1.07637;1.07258;28308
2015.08.20;16:00:00;1.07912;1.07569;1.07705;1.07637;34656
2015.08.20;20:00:00;1.07922;1.0758;1.07723;1.07704;13819
2015.08.21;00:00:00;1.07812;1.07659;1.0781;1.07723;6241
2015.08.21;04:00:00;1.07952;1.07741;1.07906;1.07808;13121
2015.08.21;08:00:00;1.07975;1.07617;1.07705;1.07906;24877
2015.08.21;12:00:00;1.07815;1.07558;1.07692;1.07704;30455
2015.08.21;16:00:00;1.08026;1.07531;1.07627;1.07692;42980
2015.08.21;20:00:00;1.07864;1.07603;1.07721;1.07619;21070
2015.08.24;00:00:00;1.07845;1.07476;1.07792;1.07476;15054
2015.08.24;04:00:00;1.08125;1.0761;1.07952;1.07794;28106
2015.08.24;08:00:00;1.08574;1.07816;1.08317;1.07951;34880
2015.08.24;12:00:00;1.08347;1.07616;1.07933;1.08316;43366
2015.08.24;16:00:00;1.08766;1.07895;1.08173;1.07934;59774
2015.08.24;20:00:00;1.08453;1.07998;1.08057;1.08173;34037
2015.08.25;00:00:00;1.08151;1.07861;1.07984;1.08057;14092
2015.08.25;04:00:00;1.08194;1.07837;1.0793;1.07984;19802
2015.08.25;08:00:00;1.08792;1.07691;1.08534;1.07931;39503
2015.08.25;12:00:00;1.08581;1.07987;1.08003;1.08543;40825
2015.08.25;16:00:00;1.08378;1.07919;1.0817;1.08002;43570
2015.08.25;20:00:00;1.08323;1.07752;1.08129;1.08169;26105
2015.08.26;00:00:00;1.08536;1.08026;1.08311;1.0813;15698
2015.08.26;04:00:00;1.08568;1.08293;1.08456;1.08304;16355
2015.08.26;08:00:00;1.08515;1.08086;1.08158;1.08458;32725
2015.08.26;12:00:00;1.08171;1.07595;1.07659;1.08154;37962
2015.08.26;16:00:00;1.08023;1.07611;1.07934;1.07659;45951
2015.08.26;20:00:00;1.08191;1.07817;1.07947;1.07932;23453
2015.08.27;00:00:00;1.08055;1.07817;1.07827;1.07939;10983
2015.08.27;04:00:00;1.08182;1.07791;1.08092;1.07828;8790
2015.08.27;08:00:00;1.082;1.07591;1.07618;1.08091;25696
2015.08.27;12:00:00;1.0791;1.0754;1.07766;1.07618;28050
2015.08.27;16:00:00;1.0836;1.07637;1.08329;1.07766;42698
2015.08.27;20:00:00;1.08696;1.08312;1.08623;1.08328;21904
2015.08.28;00:00:00;1.08649;1.08453;1.08572;1.08623;6007
2015.08.28;04:00:00;1.08683;1.08523;1.08608;1.08569;8199
2015.08.28;08:00:00;1.08672;1.08383;1.08544;1.08608;24963
2015.08.28;12:00:00;1.08632;1.07974;1.08032;1.08544;41356
2015.08.28;16:00:00;1.08248;1.07316;1.0757;1.0803;43672
2015.08.28;20:00:00;1.07706;1.07442;1.07657;1.0757;16334
2015.08.31;00:00:00;1.07848;1.07333;1.07695;1.07345;9465
2015.08.31;04:00:00;1.07967;1.07694;1.07952;1.07695;9093
2015.08.31;08:00:00;1.08048;1.07818;1.07906;1.07952;15463
2015.08.31;12:00:00;1.08238;1.07915;1.08193;1.07915;19251
2015.08.31;16:00:00;1.08516;1.08193;1.0832;1.08193;24119
2015.08.31;20:00:00;1.08536;1.08297;1.08419;1.08319;12741
2015.09.01;00:00:00;1.08433;1.08262;1.08312;1.08416;5174
2015.09.01;04:00:00;1.08439;1.08255;1.08415;1.08315;8351
2015.09.01;08:00:00;1.08602;1.08234;1.08467;1.08401;30975
2015.09.01;12:00:00;1.08623;1.0821;1.08251;1.08466;39273
2015.09.01;16:00:00;1.08528;1.08146;1.08467;1.08248;36706
2015.09.01;20:00:00;1.08698;1.08435;1.08459;1.08466;20870
2015.09.02;00:00:00;1.08643;1.08344;1.0838;1.08448;11287
2015.09.02;04:00:00;1.08487;1.08293;1.08472;1.08378;12346
2015.09.02;08:00:00;1.08667;1.08404;1.08619;1.08472;28709
2015.09.02;12:00:00;1.08801;1.08533;1.08749;1.08621;36334
2015.09.02;16:00:00;1.08977;1.08658;1.08882;1.08748;38758
2015.09.02;20:00:00;1.09003;1.08738;1.08769;1.0888;12604
2015.09.03;00:00:00;1.08828;1.08712;1.08716;1.08773;5228
2015.09.03;04:00:00;1.08778;1.08685;1.08757;1.08716;7181
2015.09.03;08:00:00;1.0896;1.08757;1.08929;1.08757;24036
2015.09.03;12:00:00;1.09014;1.08354;1.08422;1.08931;37313
2015.09.03;16:00:00;1.08588;1.0826;1.0838;1.08425;37805
2015.09.03;20:00:00;1.08534;1.08185;1.08254;1.08377;17241
2015.09.04;00:00:00;1.08449;1.08208;1.08312;1.08255;6715
2015.09.04;04:00:00;1.08374;1.07982;1.08144;1.08311;12612
2015.09.04;08:00:00;1.08729;1.08049;1.08479;1.08145;31221
2015.09.04;12:00:00;1.08622;1.08168;1.08408;1.08478;27867
2015.09.04;16:00:00;1.08559;1.0831;1.0841;1.08411;35818
2015.09.04;20:00:00;1.08598;1.0831;1.08322;1.08412;13534
2015.09.07;00:00:00;1.08483;1.08285;1.08433;1.08397;6747
2015.09.07;04:00:00;1.0851;1.08283;1.08388;1.08432;10742
2015.09.07;08:00:00;1.08595;1.08307;1.08585;1.08387;27014
2015.09.07;12:00:00;1.08786;1.08482;1.08744;1.08585;36789
2015.09.07;16:00:00;1.0898;1.0874;1.08951;1.08745;10909
2015.09.07;20:00:00;1.08954;1.08879;1.08892;1.08952;2838
2015.09.08;00:00:00;1.0893;1.08787;1.08832;1.08894;5309
2015.09.08;04:00:00;1.08893;1.08708;1.08863;1.08832;12747
2015.09.08;08:00:00;1.09145;1.08785;1.09071;1.08862;17888
2015.09.08;12:00:00;1.09256;1.09021;1.09228;1.09071;15751
2015.09.08;16:00:00;1.09615;1.0922;1.09579;1.09231;21448
2015.09.08;20:00:00;1.09816;1.09567;1.0967;1.0958;11469
2015.09.09;00:00:00;1.09683;1.09534;1.09613;1.09671;8195
2015.09.09;04:00:00;1.09726;1.09396;1.09446;1.09613;9424
2015.09.09;08:00:00;1.09558;1.08789;1.08941;1.09445;21876
2015.09.09;12:00:00;1.09086;1.0878;1.08978;1.08939;19300
2015.09.09;16:00:00;1.09221;1.08869;1.0903;1.08978;22847
2015.09.09;20:00:00;1.09376;1.0893;1.09283;1.09028;16501
2015.09.10;00:00:00;1.09454;1.09228;1.0937;1.09282;7888
2015.09.10;04:00:00;1.09695;1.09315;1.09613;1.09369;13669
2015.09.10;08:00:00;1.09652;1.09255;1.09269;1.09613;21662
2015.09.10;12:00:00;1.09435;1.09198;1.09361;1.09271;20816
2015.09.10;16:00:00;1.09674;1.09288;1.09543;1.09361;29499
2015.09.10;20:00:00;1.09812;1.0952;1.09735;1.09546;12732
2015.09.11;00:00:00;1.0984;1.09614;1.0974;1.09736;7917
2015.09.11;04:00:00;1.09855;1.09743;1.09846;1.09743;4690
2015.09.11;08:00:00;1.09901;1.09686;1.09883;1.09847;17719
2015.09.11;12:00:00;1.10361;1.09847;1.10337;1.09883;19955
2015.09.11;16:00:00;1.10482;1.09968;1.10471;1.10337;24829
2015.09.11;20:00:00;1.10482;1.09715;1.09826;1.10472;14661
2015.09.14;00:00:00;1.09977;1.09757;1.09901;1.09786;6755
2015.09.14;04:00:00;1.09907;1.09787;1.09789;1.09901;7774
2015.09.14;08:00:00;1.101;1.09785;1.09949;1.09789;17481
2015.09.14;12:00:00;1.09951;1.09641;1.09723;1.0995;17359
2015.09.14;16:00:00;1.09768;1.09371;1.09493;1.09723;21489
2015.09.14;20:00:00;1.09633;1.09458;1.09552;1.09491;7729
2015.09.15;00:00:00;1.0958;1.0943;1.09441;1.09554;6608
2015.09.15;04:00:00;1.09552;1.09417;1.09518;1.09441;7786
2015.09.15;08:00:00;1.09734;1.09435;1.09555;1.09518;16038
2015.09.15;12:00:00;1.0975;1.09499;1.09676;1.09557;16572
2015.09.15;16:00:00;1.09915;1.09633;1.09872;1.09676;20016
2015.09.15;20:00:00;1.09969;1.0973;1.09754;1.09874;10458
2015.09.16;00:00:00;1.09924;1.09674;1.09923;1.0976;3736
2015.09.16;04:00:00;1.09925;1.09715;1.09799;1.09925;8276
2015.09.16;08:00:00;1.09803;1.09416;1.09455;1.09799;15941
2015.09.16;12:00:00;1.09522;1.09139;1.09234;1.09455;19926
2015.09.16;16:00:00;1.09522;1.09138;1.09445;1.09235;21638
2015.09.16;20:00:00;1.09689;1.094;1.09636;1.09445;9479
2015.09.17;00:00:00;1.09669;1.09513;1.09555;1.09637;4379
2015.09.17;04:00:00;1.09731;1.09537;1.09634;1.09555;6671
2015.09.17;08:00:00;1.09766;1.09452;1.0962;1.09636;16779
2015.09.17;12:00:00;1.09727;1.0946;1.096;1.0962;13573
2015.09.17;16:00:00;1.09877;1.0955;1.09863;1.09601;17720
2015.09.17;20:00:00;1.09933;1.0947;1.09728;1.09867;39367
2015.09.18;00:00:00;1.09825;1.09491;1.09545;1.09728;11175
2015.09.18;04:00:00;1.09554;1.09457;1.09541;1.09545;8380
2015.09.18;08:00:00;1.0972;1.09455;1.09628;1.0954;18840
2015.09.18;12:00:00;1.09629;1.08979;1.09094;1.09627;23720
2015.09.18;16:00:00;1.09339;1.0906;1.09293;1.09095;24511
2015.09.18;20:00:00;1.09635;1.09272;1.09412;1.09293;16600
2015.09.21;00:00:00;1.09486;1.09227;1.09465;1.0923;7038
2015.09.21;04:00:00;1.09567;1.09439;1.09502;1.09462;6612
2015.09.21;08:00:00;1.09562;1.09195;1.09201;1.09501;16776
2015.09.21;12:00:00;1.09209;1.08934;1.09124;1.092;18274
2015.09.21;16:00:00;1.09272;1.08547;1.08582;1.09124;26126
2015.09.21;20:00:00;1.08777;1.08419;1.08711;1.08581;11309
2015.09.22;00:00:00;1.08805;1.08602;1.08804;1.08711;3067
2015.09.22;04:00:00;1.08863;1.08774;1.08826;1.08804;5245
2015.09.22;08:00:00;1.08851;1.08597;1.08814;1.08824;19102
2015.09.22;12:00:00;1.08871;1.08546;1.08582;1.08818;21232
2015.09.22;16:00:00;1.08608;1.08216;1.08275;1.08582;23225
2015.09.22;20:00:00;1.08558;1.08271;1.0843;1.08274;8941
2015.09.23;00:00:00;1.08531;1.0839;1.08435;1.0843;4622
2015.09.23;04:00:00;1.08528;1.08389;1.0848;1.08436;6411
2015.09.23;08:00:00;1.08727;1.0843;1.08707;1.08481;17435
2015.09.23;12:00:00;1.0901;1.08629;1.08789;1.08707;19596
2015.09.23;16:00:00;1.09326;1.0876;1.09231;1.08789;27053
2015.09.23;20:00:00;1.09581;1.09222;1.09557;1.09232;13367
2015.09.24;00:00:00;1.09571;1.09432;1.09446;1.09556;5680
2015.09.24;04:00:00;1.09515;1.09398;1.09494;1.09447;7333
2015.09.24;08:00:00;1.0951;1.09264;1.09333;1.09494;19575
2015.09.24;12:00:00;1.09493;1.09214;1.09298;1.09333;25657
2015.09.24;16:00:00;1.09559;1.09149;1.09537;1.09298;26726
2015.09.24;20:00:00;1.09657;1.09393;1.0946;1.09538;13449
2015.09.25;00:00:00;1.0946;1.09108;1.09296;1.0946;11678
2015.09.25;04:00:00;1.09428;1.09275;1.09361;1.09296;9306
2015.09.25;08:00:00;1.09478;1.09151;1.09446;1.09361;21074
2015.09.25;12:00:00;1.09501;1.08895;1.09213;1.09452;19938
2015.09.25;16:00:00;1.09469;1.09061;1.09451;1.09212;25402
2015.09.25;20:00:00;1.09808;1.09439;1.09551;1.09449;15038
2015.09.28;00:00:00;1.09684;1.09354;1.0959;1.09354;5639
2015.09.28;04:00:00;1.0965;1.09507;1.09542;1.0959;5085
2015.09.28;08:00:00;1.09643;1.09401;1.09493;1.09543;18602
2015.09.28;12:00:00;1.096;1.0931;1.09384;1.09492;17918
2015.09.28;16:00:00;1.09454;1.09092;1.09322;1.09383;27270
2015.09.28;20:00:00;1.0949;1.09315;1.09448;1.09323;11240
2015.09.29;00:00:00;1.09483;1.09416;1.09438;1.09442;4364
2015.09.29;04:00:00;1.09476;1.09375;1.0942;1.09436;6131
2015.09.29;08:00:00;1.09545;1.09017;1.09053;1.09425;20932
2015.09.29;12:00:00;1.0938;1.08949;1.08962;1.09054;18231
2015.09.29;16:00:00;1.09382;1.08941;1.09296;1.08967;26763
2015.09.29;20:00:00;1.09368;1.09252;1.09302;1.09297;13319
2015.09.30;00:00:00;1.09342;1.0906;1.0924;1.09307;5797
2015.09.30;04:00:00;1.09336;1.09224;1.09289;1.0924;5636
2015.09.30;08:00:00;1.09437;1.09106;1.09235;1.0929;18915
2015.09.30;12:00:00;1.09316;1.09041;1.09126;1.09232;18752
2015.09.30;16:00:00;1.09198;1.08929;1.0899;1.09126;28792
2015.09.30;20:00:00;1.0903;1.08739;1.08741;1.08989;14147
2015.10.01;00:00:00;1.08855;1.08732;1.08763;1.08732;4645
2015.10.01;04:00:00;1.08886;1.08738;1.08794;1.08765;6189
2015.10.01;08:00:00;1.09134;1.08784;1.09098;1.08796;15804
2015.10.01;12:00:00;1.09165;1.08934;1.09091;1.09098;19870
2015.10.01;16:00:00;1.09364;1.08914;1.09342;1.09089;27833
2015.10.01;20:00:00;1.09407;1.09252;1.09357;1.09342;12171
2015.10.02;00:00:00;1.0938;1.09246;1.09295;1.09355;5776
2015.10.02;04:00:00;1.09357;1.09251;1.09276;1.09295;5835
2015.10.02;08:00:00;1.09325;1.09087;1.09148;1.09278;12662
2015.10.02;12:00:00;1.09384;1.09063;1.09093;1.09148;22213
2015.10.02;16:00:00;1.09401;1.0899;1.09051;1.09092;38252
2015.10.02;20:00:00;1.09107;1.08833;1.08895;1.09051;19203
2015.10.05;00:00:00;1.09049;1.08851;1.08989;1.08851;9391
2015.10.05;04:00:00;1.09069;1.0893;1.09019;1.08989;7693
2015.10.05;08:00:00;1.09341;1.08971;1.0927;1.09018;19083
2015.10.05;12:00:00;1.09435;1.09144;1.09303;1.09272;24380
2015.10.05;16:00:00;1.09413;1.09038;1.09097;1.09303;24892
2015.10.05;20:00:00;1.09145;1.09039;1.09108;1.09094;9721
2015.10.06;00:00:00;1.092;1.08972;1.0918;1.09108;3786
2015.10.06;04:00:00;1.09208;1.09054;1.09137;1.09183;5525
2015.10.06;08:00:00;1.09203;1.09014;1.09191;1.09137;16284
2015.10.06;12:00:00;1.09386;1.09145;1.09194;1.09189;20733
2015.10.06;16:00:00;1.09263;1.09003;1.09047;1.09196;26021
2015.10.06;20:00:00;1.09055;1.08939;1.08944;1.09049;10381
2015.10.07;00:00:00;1.09048;1.08898;1.08964;1.08944;4557
2015.10.07;04:00:00;1.09012;1.08834;1.08871;1.08964;7483
2015.10.07;08:00:00;1.08897;1.08636;1.08741;1.0887;19430
2015.10.07;12:00:00;1.08885;1.08708;1.08793;1.0874;21590
2015.10.07;16:00:00;1.09468;1.08771;1.09395;1.08792;29682
2015.10.07;20:00:00;1.09467;1.09262;1.09374;1.09394;13039
2015.10.08;00:00:00;1.09415;1.09286;1.09351;1.09374;4264
2015.10.08;04:00:00;1.09465;1.09345;1.09441;1.09353;6218
2015.10.08;08:00:00;1.09453;1.09133;1.09348;1.09442;19637
2015.10.08;12:00:00;1.09371;1.09184;1.09289;1.09348;23566
2015.10.08;16:00:00;1.09289;1.09013;1.09061;1.09289;23607
2015.10.08;20:00:00;1.09171;1.08884;1.08884;1.09063;19476
2015.10.09;00:00:00;1.09049;1.08894;1.09004;1.089;5712
2015.10.09;04:00:00;1.09049;1.08946;1.0898;1.09004;4445
2015.10.09;08:00:00;1.09164;1.08785;1.09143;1.0898;20128
2015.10.09;12:00:00;1.09183;1.0899;1.09063;1.09143;26946
2015.10.09;16:00:00;1.09282;1.09041;1.09218;1.09062;25345
2015.10.09;20:00:00;1.09269;1.09111;1.09211;1.09218;9928
2015.10.12;00:00:00;1.09286;1.09041;1.09253;1.09053;7523
2015.10.12;04:00:00;1.09287;1.09219;1.09287;1.09253;5527
2015.10.12;08:00:00;1.09427;1.09175;1.09376;1.09286;13330
2015.10.12;12:00:00;1.09403;1.09191;1.09235;1.09376;13916
2015.10.12;16:00:00;1.09333;1.09122;1.09304;1.09236;17369
2015.10.12;20:00:00;1.09418;1.09298;1.09337;1.093;7013
2015.10.13;00:00:00;1.09427;1.09286;1.09405;1.09339;5892
2015.10.13;04:00:00;1.09455;1.09397;1.09453;1.09405;4171
2015.10.13;08:00:00;1.09484;1.0921;1.09311;1.09451;19070
2015.10.13;12:00:00;1.09357;1.08888;1.09044;1.09309;22668
2015.10.13;16:00:00;1.09255;1.09036;1.09084;1.09043;24073
2015.10.13;20:00:00;1.091;1.08904;1.08964;1.09083;10221
2015.10.14;00:00:00;1.09134;1.08946;1.09116;1.08966;4615
2015.10.14;04:00:00;1.09139;1.09019;1.09058;1.09116;5256
2015.10.14;08:00:00;1.09163;1.09018;1.09111;1.09058;16481
2015.10.14;12:00:00;1.09154;1.08903;1.08991;1.0911;21072
2015.10.14;16:00:00;1.09055;1.08757;1.08862;1.08989;27887
2015.10.14;20:00:00;1.09058;1.08783;1.08862;1.08862;15223
2015.10.15;00:00:00;1.08993;1.0883;1.08851;1.08863;5875
2015.10.15;04:00:00;1.09015;1.08851;1.08966;1.08851;6055
2015.10.15;08:00:00;1.09077;1.08566;1.08634;1.08967;20451
2015.10.15;12:00:00;1.08748;1.08507;1.08609;1.08634;22221
2015.10.15;16:00:00;1.08619;1.08178;1.08255;1.08609;29319
2015.10.15;20:00:00;1.08342;1.0808;1.08183;1.08253;11290
2015.10.16;00:00:00;1.08245;1.08107;1.08113;1.08128;5015
2015.10.16;04:00:00;1.08297;1.08097;1.08294;1.08114;5514
2015.10.16;08:00:00;1.08508;1.08288;1.08416;1.08293;13289
2015.10.16;12:00:00;1.08467;1.07808;1.08193;1.08409;17244
2015.10.16;16:00:00;1.0839;1.0815;1.08197;1.08193;19573
2015.10.16;20:00:00;1.08299;1.08163;1.08238;1.08197;10888
2015.10.19;00:00:00;1.08349;1.08136;1.08313;1.08216;4878
2015.10.19;04:00:00;1.08463;1.08313;1.08409;1.08313;6240
2015.10.19;08:00:00;1.08506;1.08166;1.08282;1.08411;12874
2015.10.19;12:00:00;1.08413;1.08191;1.08236;1.08283;14798
2015.10.19;16:00:00;1.08312;1.08082;1.08276;1.08236;15765
2015.10.19;20:00:00;1.08316;1.082;1.0829;1.08274;7352
2015.10.20;00:00:00;1.08342;1.08207;1.08308;1.08295;3971
2015.10.20;04:00:00;1.0838;1.08288;1.08323;1.08305;3501
2015.10.20;08:00:00;1.08359;1.07977;1.07996;1.08324;12053
2015.10.20;12:00:00;1.08247;1.07951;1.08152;1.07996;15736
2015.10.20;16:00:00;1.08453;1.08084;1.08433;1.08152;15484
2015.10.20;20:00:00;1.08516;1.08379;1.08454;1.08433;7110
2015.10.21;00:00:00;1.086;1.08422;1.08584;1.08453;4856
2015.10.21;04:00:00;1.08601;1.08478;1.08525;1.08584;5575
2015.10.21;08:00:00;1.08582;1.08369;1.08442;1.08526;13939
2015.10.21;12:00:00;1.08929;1.08424;1.08619;1.08441;16030
2015.10.21;16:00:00;1.08703;1.08482;1.08567;1.08621;17489
2015.10.21;20:00:00;1.08819;1.08561;1.08769;1.08568;9511
2015.10.22;00:00:00;1.0883;1.0868;1.08761;1.0877;3524
2015.10.22;04:00:00;1.08857;1.0874;1.08784;1.08759;5957
2015.10.22;08:00:00;1.08789;1.08569;1.08651;1.08783;18610
2015.10.22;12:00:00;1.0898;1.08496;1.08565;1.08651;30245
2015.10.22;16:00:00;1.08665;1.08056;1.08106;1.08561;38328
2015.10.22;20:00:00;1.08278;1.08008;1.08078;1.08107;13667
2015.10.23;00:00:00;1.08093;1.07798;1.07963;1.08077;10839
2015.10.23;04:00:00;1.08166;1.07964;1.08108;1.07964;8980
2015.10.23;08:00:00;1.08268;1.07942;1.08205;1.08108;21774
2015.10.23;12:00:00;1.08258;1.0768;1.07798;1.08203;31758
2015.10.23;16:00:00;1.07949;1.07569;1.07782;1.07798;31326
2015.10.23;20:00:00;1.07893;1.07729;1.07818;1.0778;13171
2015.10.25;23:00:00;1.07741;1.07607;1.07727;1.07607;1558
2015.10.26;00:00:00;1.0792;1.07717;1.07798;1.07732;9258
2015.10.26;04:00:00;1.07842;1.07713;1.07763;1.07797;6726
2015.10.26;08:00:00;1.08011;1.07744;1.07996;1.07763;19893
2015.10.26;12:00:00;1.0835;1.0795;1.0829;1.07999;27589
2015.10.26;16:00:00;1.0868;1.0817;1.08621;1.08292;31150
2015.10.26;20:00:00;1.08761;1.08566;1.08603;1.0862;7886
2015.10.27;00:00:00;1.08688;1.08545;1.08553;1.08603;4655
2015.10.27;04:00:00;1.08602;1.08504;1.08508;1.08553;6208
2015.10.27;08:00:00;1.08718;1.0847;1.08653;1.08507;17625
2015.10.27;12:00:00;1.08895;1.08625;1.08707;1.08653;28439
2015.10.27;16:00:00;1.08896;1.08574;1.08833;1.08705;28341
2015.10.27;20:00:00;1.08975;1.08704;1.08908;1.08833;9368
2015.10.28;00:00:00;1.08952;1.08813;1.08837;1.08909;7194
2015.10.28;04:00:00;1.08898;1.08795;1.08814;1.08837;6664
2015.10.28;08:00:00;1.09027;1.08693;1.08706;1.08814;18219
2015.10.28;12:00:00;1.09014;1.0868;1.08905;1.08707;27207
2015.10.28;16:00:00;1.09075;1.08734;1.08734;1.08905;28917
2015.10.28;20:00:00;1.08734;1.08257;1.08592;1.08734;25770
2015.10.29;00:00:00;1.08619;1.08533;1.08611;1.08587;8897
2015.10.29;04:00:00;1.08637;1.08533;1.08609;1.0861;7475
2015.10.29;08:00:00;1.08729;1.08409;1.08537;1.0861;23695
2015.10.29;12:00:00;1.08608;1.08352;1.08484;1.08533;31008
2015.10.29;16:00:00;1.0876;1.0844;1.08648;1.08495;25191
2015.10.29;20:00:00;1.08705;1.08576;1.08642;1.08654;8238
2015.10.30;00:00:00;1.08735;1.0857;1.08648;1.08641;7362
2015.10.30;04:00:00;1.08722;1.08582;1.08647;1.08649;11992
2015.10.30;08:00:00;1.08823;1.08496;1.08626;1.08648;23502
2015.10.30;12:00:00;1.09151;1.0859;1.09119;1.08624;31315
2015.10.30;16:00:00;1.09164;1.08666;1.0872;1.09121;32227
2015.10.30;20:00:00;1.08777;1.08567;1.08698;1.0872;8996
2015.11.02;00:00:00;1.08855;1.08605;1.08827;1.08605;9113
2015.11.02;04:00:00;1.0892;1.0881;1.08843;1.08827;3549
2015.11.02;08:00:00;1.08919;1.08743;1.08762;1.08843;21698
2015.11.02;12:00:00;1.08891;1.08629;1.08848;1.0876;25318
2015.11.02;16:00:00;1.08858;1.08543;1.08679;1.08848;24785
2015.11.02;20:00:00;1.0872;1.08606;1.0861;1.08682;8616
2015.11.03;00:00:00;1.08727;1.08529;1.08668;1.08608;4095
2015.11.03;04:00:00;1.08745;1.08668;1.08744;1.08669;5250
2015.11.03;08:00:00;1.0875;1.08536;1.08597;1.08744;18961
2015.11.03;12:00:00;1.08696;1.08454;1.08673;1.08596;22810
2015.11.03;16:00:00;1.08674;1.08438;1.08587;1.08674;29747
2015.11.03;20:00:00;1.0866;1.08515;1.08582;1.08589;12953
2015.11.04;00:00:00;1.0867;1.0851;1.08528;1.08586;7315
2015.11.04;04:00:00;1.08644;1.08497;1.08641;1.08529;7769
2015.11.04;08:00:00;1.08644;1.08183;1.08195;1.08642;20375
2015.11.04;12:00:00;1.08219;1.08038;1.08064;1.08193;24645
2015.11.04;16:00:00;1.08089;1.07798;1.07954;1.08064;33873
2015.11.04;20:00:00;1.07975;1.07856;1.07893;1.07953;11140
2015.11.05;00:00:00;1.07944;1.07847;1.07903;1.07893;5965
2015.11.05;04:00:00;1.07988;1.07883;1.07971;1.07904;5447
2015.11.05;08:00:00;1.08333;1.07925;1.0828;1.07971;23505
2015.11.05;12:00:00;1.08353;1.08149;1.08316;1.08282;28234
2015.11.05;16:00:00;1.08428;1.08167;1.08324;1.08315;29680
2015.11.05;20:00:00;1.08371;1.08252;1.08297;1.08322;9704
2015.11.06;00:00:00;1.08355;1.08156;1.0832;1.08292;4942
2015.11.06;04:00:00;1.0837;1.08285;1.08342;1.08321;5140
2015.11.06;08:00:00;1.08375;1.08132;1.08159;1.08341;18926
2015.11.06;12:00:00;1.08384;1.07336;1.0795;1.08157;25585
2015.11.06;16:00:00;1.08068;1.07707;1.07977;1.07948;38210
2015.11.06;20:00:00;1.0817;1.07963;1.07985;1.07978;12269
2015.11.09;00:00:00;1.08062;1.07787;1.08053;1.07787;7240
2015.11.09;04:00:00;1.08142;1.07961;1.08061;1.08055;7657
2015.11.09;08:00:00;1.08116;1.07651;1.08059;1.0806;22596
2015.11.09;12:00:00;1.08169;1.07929;1.07974;1.08058;26384
2015.11.09;16:00:00;1.0804;1.07758;1.07844;1.07974;30477
2015.11.09;20:00:00;1.07962;1.07837;1.07855;1.07846;9860
2015.11.10;00:00:00;1.07962;1.0782;1.07929;1.07856;7920
2015.11.10;04:00:00;1.07961;1.07859;1.07919;1.07929;6993
2015.11.10;08:00:00;1.07978;1.0771;1.07713;1.07918;22112
2015.11.10;12:00:00;1.07825;1.07601;1.07717;1.07712;29629
2015.11.10;16:00:00;1.07791;1.07608;1.07778;1.07716;30517
2015.11.10;20:00:00;1.0792;1.07752;1.07904;1.07776;11891
2015.11.11;00:00:00;1.07971;1.07845;1.07925;1.07897;9407
2015.11.11;04:00:00;1.08042;1.07902;1.07975;1.07925;11013
2015.11.11;08:00:00;1.08005;1.07818;1.07998;1.07975;21408
2015.11.11;12:00:00;1.0801;1.07796;1.07889;1.07998;20292
2015.11.11;16:00:00;1.07983;1.07675;1.07851;1.0789;26363
2015.11.11;20:00:00;1.07926;1.07788;1.07892;1.0785;9295
2015.11.12;00:00:00;1.08063;1.07839;1.08004;1.07884;9724
2015.11.12;04:00:00;1.08012;1.07868;1.07897;1.08005;6807
2015.11.12;08:00:00;1.08037;1.0754;1.07598;1.07896;25060
2015.11.12;12:00:00;1.07818;1.07581;1.07726;1.07595;28831
2015.11.12;16:00:00;1.08029;1.07717;1.07904;1.07725;39387
2015.11.12;20:00:00;1.08253;1.07848;1.08092;1.07905;16976
2015.11.13;00:00:00;1.08195;1.08004;1.08018;1.08105;7878
2015.11.13;04:00:00;1.08093;1.08009;1.08022;1.08019;8533
2015.11.13;08:00:00;1.08066;1.07903;1.07932;1.08016;22956
2015.11.13;12:00:00;1.08105;1.07785;1.07823;1.0793;30474
2015.11.13;16:00:00;1.08224;1.07806;1.08217;1.0782;33745
2015.11.13;20:00:00;1.08339;1.08129;1.08319;1.08219;12051
2015.11.16;00:00:00;1.08098;1.07827;1.07912;1.07852;11673
2015.11.16;04:00:00;1.08023;1.07892;1.08009;1.07911;6752
2015.11.16;08:00:00;1.08155;1.07892;1.07958;1.08009;22200
2015.11.16;12:00:00;1.0802;1.07818;1.07985;1.0796;23337
2015.11.16;16:00:00;1.08029;1.07837;1.07921;1.07987;28839
2015.11.16;20:00:00;1.07948;1.07826;1.07872;1.07922;9783
2015.11.17;00:00:00;1.07911;1.07719;1.07759;1.07873;8917
2015.11.17;04:00:00;1.07833;1.0772;1.0782;1.07759;6191
2015.11.17;08:00:00;1.07907;1.0775;1.07861;1.0782;22752
2015.11.17;12:00:00;1.08126;1.07816;1.08103;1.07862;24963
2015.11.17;16:00:00;1.0819;1.08012;1.08076;1.08102;31274
2015.11.17;20:00:00;1.0811;1.07917;1.07956;1.08075;15890
2015.11.18;00:00:00;1.07991;1.0788;1.07896;1.07961;7062
2015.11.18;04:00:00;1.08146;1.07893;1.08137;1.07896;7576
2015.11.18;08:00:00;1.08297;1.08039;1.08254;1.08135;21766
2015.11.18;12:00:00;1.08402;1.08161;1.08385;1.08253;23041
2015.11.18;16:00:00;1.0859;1.08376;1.08414;1.08384;28884
2015.11.18;20:00:00;1.08701;1.08366;1.08675;1.08414;16732
2015.11.19;00:00:00;1.08812;1.08594;1.08802;1.08677;9061
2015.11.19;04:00:00;1.08834;1.08696;1.08725;1.08803;9340
2015.11.19;08:00:00;1.08879;1.08589;1.08829;1.0872;21345
2015.11.19;12:00:00;1.08974;1.0877;1.08862;1.08831;27825
2015.11.19;16:00:00;1.08986;1.08782;1.08866;1.08862;34199
2015.11.19;20:00:00;1.08881;1.08675;1.08682;1.08866;11177
2015.11.20;00:00:00;1.08754;1.08596;1.08712;1.08675;8203
2015.11.20;04:00:00;1.0872;1.08585;1.08615;1.08713;7696
2015.11.20;08:00:00;1.0864;1.08327;1.08402;1.08613;25388
2015.11.20;12:00:00;1.08619;1.08359;1.08471;1.08402;26536
2015.11.20;16:00:00;1.08565;1.08421;1.08527;1.08471;29926
2015.11.20;20:00:00;1.08586;1.0839;1.08414;1.08526;11091
2015.11.23;00:00:00;1.0849;1.08267;1.08316;1.08438;10676
2015.11.23;04:00:00;1.0835;1.08234;1.08328;1.08314;10105
2015.11.23;08:00:00;1.08401;1.08189;1.08272;1.08327;21556
2015.11.23;12:00:00;1.08543;1.08258;1.08509;1.08274;25338
2015.11.23;16:00:00;1.08521;1.08118;1.08251;1.0851;27029
2015.11.23;20:00:00;1.08291;1.08176;1.08275;1.0825;10718
2015.11.24;00:00:00;1.08329;1.08234;1.08258;1.08274;7349
2015.11.24;04:00:00;1.08303;1.08163;1.0825;1.08259;6485
2015.11.24;08:00:00;1.08508;1.08212;1.08407;1.0825;19055
2015.11.24;12:00:00;1.08425;1.08237;1.08379;1.08409;21852
2015.11.24;16:00:00;1.08403;1.08115;1.08143;1.0838;26322
2015.11.24;20:00:00;1.08202;1.08099;1.08174;1.08143;10788
2015.11.25;00:00:00;1.08356;1.08135;1.08343;1.08174;7684
2015.11.25;04:00:00;1.08416;1.08288;1.08341;1.08342;9461
2015.11.25;08:00:00;1.08451;1.08182;1.08223;1.08343;23547
2015.11.25;12:00:00;1.08341;1.08089;1.08234;1.08222;28624
2015.11.25;16:00:00;1.08588;1.08163;1.08464;1.08238;29510
2015.11.25;20:00:00;1.08564;1.08357;1.0843;1.08464;9080
2015.11.26;00:00:00;1.08584;1.08405;1.08523;1.0843;5988
2015.11.26;04:00:00;1.08593;1.08499;1.0854;1.08522;4416
2015.11.26;08:00:00;1.08609;1.08468;1.085;1.0854;14691
2015.11.26;12:00:00;1.08755;1.08395;1.08716;1.085;14383
2015.11.26;16:00:00;1.08769;1.08538;1.08586;1.08716;13278
2015.11.26;20:00:00;1.08635;1.08549;1.08571;1.08589;10674
2015.11.27;00:00:00;1.08599;1.08514;1.08588;1.08569;5773
2015.11.27;04:00:00;1.08662;1.08566;1.08642;1.08589;6366
2015.11.27;08:00:00;1.09019;1.08599;1.08963;1.08643;23531
2015.11.27;12:00:00;1.09244;1.08907;1.09003;1.08962;25367
2015.11.27;16:00:00;1.09258;1.08926;1.09097;1.09004;19832
2015.11.27;20:00:00;1.09165;1.08994;1.09077;1.09098;8004
2015.11.30;00:00:00;1.09107;1.0882;1.09057;1.09015;7197
2015.11.30;04:00:00;1.09156;1.09037;1.09089;1.09057;6371
2015.11.30;08:00:00;1.09155;1.08971;1.09041;1.0909;18122
2015.11.30;12:00:00;1.09089;1.08901;1.09038;1.0904;20009
2015.11.30;16:00:00;1.09063;1.08459;1.08483;1.09039;25272
2015.11.30;20:00:00;1.08731;1.08442;1.08666;1.08484;11169
2015.12.01;00:00:00;1.08769;1.08649;1.08756;1.08667;7035
2015.12.01;04:00:00;1.08817;1.0855;1.08553;1.08758;11927
2015.12.01;08:00:00;1.09048;1.08539;1.08992;1.08552;18711
2015.12.01;12:00:00;1.09132;1.08812;1.09106;1.08991;17189
2015.12.01;16:00:00;1.09334;1.0904;1.09286;1.09105;27713
2015.12.01;20:00:00;1.09327;1.09028;1.09052;1.09287;9924
2015.12.02;00:00:00;1.09147;1.08983;1.09035;1.09053;6685
2015.12.02;04:00:00;1.09049;1.0896;1.0897;1.09035;5713
2015.12.02;08:00:00;1.09013;1.08863;1.08985;1.08969;17198
2015.12.02;12:00:00;1.08979;1.08602;1.08678;1.08979;22557
2015.12.02;16:00:00;1.08861;1.08227;1.08344;1.08679;28547
2015.12.02;20:00:00;1.08365;1.08065;1.08068;1.08343;16588
2015.12.03;00:00:00;1.08146;1.07983;1.07999;1.08073;6373
2015.12.03;04:00:00;1.08162;1.07991;1.08033;1.07999;7586
2015.12.03;08:00:00;1.08299;1.08016;1.08089;1.08032;19302
2015.12.03;12:00:00;1.09382;1.07914;1.08992;1.08088;40404
2015.12.03;16:00:00;1.09331;1.08594;1.08785;1.08989;43771
2015.12.03;20:00:00;1.08952;1.08391;1.08659;1.08788;25295
2015.12.04;00:00:00;1.0868;1.08313;1.08371;1.08659;12312
2015.12.04;04:00:00;1.08551;1.08329;1.0852;1.0837;10602
2015.12.04;08:00:00;1.08908;1.08298;1.08808;1.08521;28039
2015.12.04;12:00:00;1.0906;1.08648;1.08995;1.08809;30212
2015.12.04;16:00:00;1.09143;1.08635;1.0873;1.08997;38071
2015.12.04;20:00:00;1.08741;1.08291;1.08337;1.0873;13061
2015.12.07;00:00:00;1.08531;1.08318;1.08395;1.08398;8376
2015.12.07;04:00:00;1.08488;1.08386;1.08452;1.08395;6142
2015.12.07;08:00:00;1.08524;1.08285;1.08357;1.08455;18119
2015.12.07;12:00:00;1.08374;1.08138;1.08362;1.08358;18340
2015.12.07;16:00:00;1.08756;1.08319;1.08642;1.08362;26303
2015.12.07;20:00:00;1.08651;1.08349;1.08359;1.08642;11680
2015.12.08;00:00:00;1.08469;1.0833;1.08453;1.08353;5200
2015.12.08;04:00:00;1.08512;1.08396;1.08476;1.08452;5833
2015.12.08;08:00:00;1.08567;1.08231;1.08278;1.08475;18787
2015.12.08;12:00:00;1.08315;1.08065;1.0821;1.08282;23409
2015.12.08;16:00:00;1.08225;1.07995;1.0803;1.0821;26469
2015.12.08;20:00:00;1.08186;1.08026;1.0807;1.08027;12916
2015.12.09;00:00:00;1.08217;1.08047;1.08196;1.0807;5481
2015.12.09;04:00:00;1.08318;1.08173;1.08246;1.08197;5706
2015.12.09;08:00:00;1.08473;1.08228;1.08397;1.08247;18242
2015.12.09;12:00:00;1.08403;1.08194;1.08305;1.08398;20903
2015.12.09;16:00:00;1.08464;1.08225;1.08345;1.08306;31644
2015.12.09;20:00:00;1.08529;1.08297;1.08298;1.08347;22181
2015.12.10;00:00:00;1.08424;1.08299;1.08368;1.08299;6235
2015.12.10;04:00:00;1.08396;1.08334;1.08335;1.08367;3993
2015.12.10;08:00:00;1.08459;1.07985;1.08372;1.08335;18512
2015.12.10;12:00:00;1.08424;1.07928;1.08019;1.08372;24004
2015.12.10;16:00:00;1.08265;1.08012;1.08225;1.08021;27618
2015.12.10;20:00:00;1.08255;1.08037;1.08052;1.08225;11078
2015.12.11;00:00:00;1.08184;1.08016;1.08072;1.08048;5702
2015.12.11;04:00:00;1.08104;1.08028;1.08077;1.08072;3806
2015.12.11;08:00:00;1.08238;1.0805;1.08155;1.08076;15027
2015.12.11;12:00:00;1.08396;1.08103;1.08129;1.08156;24735
2015.12.11;16:00:00;1.08201;1.0798;1.08075;1.08128;37193
2015.12.11;20:00:00;1.08117;1.07933;1.07968;1.08074;15114
2015.12.14;00:00:00;1.08108;1.07916;1.08016;1.08048;7094
2015.12.14;04:00:00;1.08051;1.07938;1.08005;1.08016;6474
2015.12.14;08:00:00;1.08078;1.0791;1.07974;1.08002;18529
2015.12.14;12:00:00;1.0805;1.07649;1.07843;1.07975;23559
2015.12.14;16:00:00;1.08404;1.07835;1.08403;1.07843;37422
2015.12.14;20:00:00;1.08411;1.08242;1.08242;1.08401;15028
2015.12.15;00:00:00;1.084;1.08216;1.08259;1.08239;6216
2015.12.15;04:00:00;1.08345;1.08215;1.08321;1.08259;6125
2015.12.15;08:00:00;1.08432;1.08206;1.08331;1.08321;19151
2015.12.15;12:00:00;1.08385;1.08216;1.08273;1.08331;24777
2015.12.15;16:00:00;1.083;1.08017;1.08292;1.08275;31967
2015.12.15;20:00:00;1.08294;1.08288;1.08291;1.08291;9
