DATE;TIME;HIGH;LOW;CLOSE;OPEN;VOLUME
2015.04.27;12:00:00;8.40784;8.38473;8.40309;8.39603;16321
2015.04.27;16:00:00;8.46704;8.39812;8.45157;8.40313;23041
2015.04.27;20:00:00;8.45444;8.42853;8.43853;8.45157;9419
2015.04.28;00:00:00;8.43993;8.42093;8.42982;8.43833;4051
2015.04.28;04:00:00;8.43452;8.42418;8.42418;8.42974;3354
2015.04.28;08:00:00;8.45093;8.41625;8.4501;8.42424;17810
2015.04.28;12:00:00;8.48599;8.44669;8.46759;8.45003;19455
2015.04.28;16:00:00;8.5166;8.46177;8.50012;8.46759;21357
2015.04.28;20:00:00;8.51722;8.49662;8.50933;8.50012;10390
2015.04.29;00:00:00;8.50985;8.49874;8.50856;8.50923;3801
2015.04.29;04:00:00;8.50893;8.49316;8.49572;8.50856;3355
2015.04.29;08:00:00;8.53193;8.49409;8.52974;8.49587;15135
2015.04.29;12:00:00;8.58072;8.51343;8.5467;8.5299;22968
2015.04.29;16:00:00;8.67017;8.53647;8.63573;8.54693;35830
2015.04.29;20:00:00;8.65883;8.58313;8.62343;8.63569;22505
2015.04.30;00:00:00;8.62433;8.60982;8.61311;8.62383;4482
2015.04.30;04:00:00;8.62183;8.60379;8.60763;8.61319;4767
2015.04.30;08:00:00;8.71703;8.57966;8.68574;8.60748;25351
2015.04.30;12:00:00;8.69551;8.63232;8.65153;8.68621;26830
2015.04.30;16:00:00;8.69853;8.61501;8.69163;8.65163;31978
2015.04.30;20:00:00;8.73078;8.66952;8.69633;8.69163;16290
2015.05.01;00:00:00;8.69944;8.68406;8.68663;8.69663;3792
2015.05.01;04:00:00;8.69327;8.68262;8.68659;8.68683;2963
2015.05.01;08:00:00;8.73419;8.68012;8.72229;8.68628;13952
2015.05.01;12:00:00;8.74527;8.70327;8.72353;8.72237;16679
2015.05.01;16:00:00;8.74847;8.66083;8.66285;8.72357;23595
2015.05.01;20:00:00;8.69546;8.66293;8.67713;8.66308;7058
2015.05.04;00:00:00;8.67913;8.66191;8.67043;8.67363;4195
2015.05.04;04:00:00;8.6789;8.66918;8.67618;8.67033;4542
2015.05.04;08:00:00;8.70159;8.6319;8.63662;8.6761;15779
2015.05.04;12:00:00;8.67251;8.62203;8.66848;8.63654;15497
2015.05.04;16:00:00;8.67422;8.63383;8.64997;8.6684;18644
2015.05.04;20:00:00;8.65252;8.63003;8.64003;8.64993;8527
2015.05.05;00:00:00;8.64386;8.63684;8.63966;8.63923;2242
2015.05.05;04:00:00;8.64325;8.62204;8.62445;8.63981;3208
2015.05.05;08:00:00;8.63958;8.57716;8.60168;8.62437;17256
2015.05.05;12:00:00;8.65922;8.58997;8.64682;8.60199;20479
2015.05.05;16:00:00;8.68813;8.61633;8.68104;8.64683;26730
2015.05.05;20:00:00;8.69835;8.66589;8.66773;8.68104;8876
2015.05.06;00:00:00;8.67174;8.66295;8.6658;8.66773;3129
2015.05.06;04:00:00;8.71333;8.66153;8.70802;8.66589;5471
2015.05.06;08:00:00;8.73588;8.69686;8.70218;8.70794;20610
2015.05.06;12:00:00;8.74928;8.68273;8.74432;8.70218;23947
2015.05.06;16:00:00;8.81149;8.73496;8.77663;8.74471;30182
2015.05.06;20:00:00;8.81294;8.77653;8.79403;8.77693;9952
2015.05.07;00:00:00;8.79613;8.77943;8.7823;8.79443;4430
2015.05.07;04:00:00;8.79549;8.77828;8.79309;8.78237;4704
2015.05.07;08:00:00;8.82274;8.78623;8.80383;8.79278;22061
2015.05.07;12:00:00;8.83078;8.7302;8.75583;8.80383;30768
2015.05.07;16:00:00;8.76665;8.71213;8.73455;8.75583;27063
2015.05.07;20:00:00;8.74513;8.72409;8.73423;8.73478;11097
2015.05.08;00:00:00;8.74013;8.70473;8.71902;8.73413;7023
2015.05.08;04:00:00;8.72476;8.68123;8.69605;8.71895;8335
2015.05.08;08:00:00;8.71707;8.66873;8.70823;8.6959;22578
2015.05.08;12:00:00;8.75123;8.66693;8.73157;8.70807;26007
2015.05.08;16:00:00;8.74131;8.67063;8.69863;8.73196;27282
2015.05.08;20:00:00;8.71163;8.68082;8.68973;8.69863;9436
2015.05.11;00:00:00;8.68723;8.6563;8.6574;8.68123;4951
2015.05.11;04:00:00;8.65989;8.63097;8.64353;8.6574;8437
2015.05.11;08:00:00;8.67963;8.63255;8.65803;8.64361;17879
2015.05.11;12:00:00;8.66299;8.63158;8.63719;8.65757;16686
2015.05.11;16:00:00;8.66281;8.62883;8.6492;8.63743;21361
2015.05.11;20:00:00;8.6582;8.63973;8.64643;8.64912;8291
2015.05.12;00:00:00;8.64825;8.63078;8.63505;8.64613;3115
2015.05.12;04:00:00;8.6606;8.6321;8.65923;8.63536;3584
2015.05.12;08:00:00;8.73379;8.65536;8.72654;8.65939;20460
2015.05.12;12:00:00;8.74243;8.70292;8.70424;8.72662;22208
2015.05.12;16:00:00;8.73407;8.70035;8.71013;8.70432;19254
2015.05.12;20:00:00;8.71282;8.68514;8.69063;8.71019;8110
2015.05.13;00:00:00;8.70635;8.68623;8.70253;8.69093;3550
2015.05.13;04:00:00;8.72474;8.69103;8.72009;8.70283;5112
2015.05.13;08:00:00;8.73333;8.69737;8.70242;8.72025;15722
2015.05.13;12:00:00;8.77778;8.68407;8.76463;8.70227;22363
2015.05.13;16:00:00;8.82281;8.76216;8.81314;8.76463;23763
2015.05.13;20:00:00;8.81949;8.78923;8.79993;8.81321;7940
2015.05.14;00:00:00;8.80483;8.7902;8.79602;8.79983;5043
2015.05.14;04:00:00;8.81632;8.79464;8.81003;8.79617;5915
2015.05.14;08:00:00;8.85978;8.80522;8.83831;8.8098;21454
2015.05.14;12:00:00;8.86987;8.8326;8.84502;8.83823;19906
2015.05.14;16:00:00;8.84867;8.79092;8.81821;8.84473;23968
2015.05.14;20:00:00;8.84588;8.80906;8.84243;8.81829;9539
2015.05.15;00:00:00;8.84543;8.83134;8.8371;8.84223;4020
2015.05.15;04:00:00;8.8497;8.82952;8.84385;8.83695;4355
2015.05.15;08:00:00;8.85157;8.79842;8.80459;8.844;22132
2015.05.15;12:00:00;8.8113;8.77595;8.78471;8.80436;17731
2015.05.15;16:00:00;8.87393;8.78015;8.85993;8.78486;27551
2015.05.15;20:00:00;8.8868;8.85412;8.86943;8.85983;10377
2015.05.18;00:00:00;8.87233;8.85123;8.86067;8.86983;4237
2015.05.18;04:00:00;8.86613;8.85055;8.8621;8.86053;4530
2015.05.18;08:00:00;8.87203;8.81002;8.82595;8.86202;16190
2015.05.18;12:00:00;8.85413;8.81482;8.82733;8.82626;17374
2015.05.18;16:00:00;8.83426;8.78293;8.79734;8.82725;22215
2015.05.18;20:00:00;8.80028;8.75643;8.76763;8.79726;12029
2015.05.19;00:00:00;8.77835;8.76492;8.76842;8.76803;4231
2015.05.19;04:00:00;8.76919;8.7468;8.76116;8.76834;6302
2015.05.19;08:00:00;8.77423;8.65063;8.67625;8.76105;27934
2015.05.19;12:00:00;8.694;8.6214;8.62921;8.67632;23525
2015.05.19;16:00:00;8.65575;8.61783;8.63943;8.62929;24398
2015.05.19;20:00:00;8.64938;8.62853;8.64183;8.63933;8769
2015.05.20;00:00:00;8.64353;8.62086;8.63011;8.64173;5589
2015.05.20;04:00:00;8.64444;8.62362;8.62879;8.62973;5176
2015.05.20;08:00:00;8.64016;8.57513;8.61039;8.62864;23390
2015.05.20;12:00:00;8.63973;8.59563;8.63673;8.61003;23018
2015.05.20;16:00:00;8.63703;8.58553;8.60234;8.6365;26524
2015.05.20;20:00:00;8.63623;8.57948;8.59723;8.60258;22121
2015.05.21;00:00:00;8.62188;8.59273;8.61756;8.59743;5288
2015.05.21;04:00:00;8.62775;8.61154;8.62363;8.61764;5533
2015.05.21;08:00:00;8.66172;8.58869;8.64723;8.62301;23688
2015.05.21;12:00:00;8.66793;8.61254;8.61629;8.6469;22735
2015.05.21;16:00:00;8.63765;8.60933;8.63115;8.61622;25904
2015.05.21;20:00:00;8.63527;8.61213;8.61373;8.63083;10798
2015.05.22;00:00:00;8.62097;8.60633;8.61928;8.61639;5441
2015.05.22;04:00:00;8.64433;8.61855;8.63487;8.61921;7841
2015.05.22;08:00:00;8.66278;8.62993;8.6574;8.63471;19308
2015.05.22;12:00:00;8.68753;8.58233;8.58824;8.65733;26059
2015.05.22;16:00:00;8.58823;8.52855;8.55343;8.58823;27530
2015.05.22;20:00:00;8.55797;8.52773;8.53483;8.55343;11919
2015.05.25;00:00:00;8.53313;8.49793;8.51002;8.52713;8521
2015.05.25;04:00:00;8.52273;8.50583;8.51405;8.5101;7080
2015.05.25;08:00:00;8.53231;8.49463;8.5052;8.51402;13689
2015.05.25;12:00:00;8.51908;8.50141;8.51493;8.50512;8652
2015.05.25;16:00:00;8.51633;8.50137;8.51493;8.51483;6183
2015.05.25;20:00:00;8.51493;8.50143;8.50723;8.51473;1828
2015.05.26;00:00:00;8.51082;8.47583;8.48264;8.50693;5219
2015.05.26;04:00:00;8.49181;8.47313;8.47687;8.48256;7055
2015.05.26;08:00:00;8.47991;8.43713;8.44244;8.47695;25418
2015.05.26;12:00:00;8.4805;8.43813;8.45353;8.44236;24590
2015.05.26;16:00:00;8.47146;8.42507;8.44255;8.45283;27615
2015.05.26;20:00:00;8.4467;8.42099;8.42623;8.44253;12295
2015.05.27;00:00:00;8.44086;8.42599;8.43289;8.42693;4361
2015.05.27;04:00:00;8.44319;8.42197;8.44093;8.43266;7334
2015.05.27;08:00:00;8.47175;8.43973;8.46413;8.44093;21189
2015.05.27;12:00:00;8.46836;8.39453;8.39817;8.46403;26711
2015.05.27;16:00:00;8.46283;8.38886;8.44119;8.39825;32418
2015.05.27;20:00:00;8.46204;8.43743;8.45763;8.44119;11886
2015.05.28;00:00:00;8.46818;8.44497;8.46011;8.45853;5547
2015.05.28;04:00:00;8.46658;8.44447;8.46427;8.46026;10884
2015.05.28;08:00:00;8.48909;8.45154;8.48054;8.46435;25512
2015.05.28;12:00:00;8.48553;8.43209;8.44999;8.48054;28400
2015.05.28;16:00:00;8.48173;8.42526;8.47405;8.44983;27215
2015.05.28;20:00:00;8.49604;8.469;8.48683;8.47413;13757
2015.05.29;00:00:00;8.50723;8.48663;8.49223;8.48693;5520
2015.05.29;04:00:00;8.50109;8.48928;8.49119;8.49211;5613
2015.05.29;08:00:00;8.50623;8.46891;8.49393;8.49127;21291
2015.05.29;12:00:00;8.52573;8.48913;8.50157;8.49385;28508
2015.05.29;16:00:00;8.53345;8.49053;8.50679;8.50165;30995
2015.05.29;20:00:00;8.52311;8.50679;8.52173;8.50718;9964
2015.06.01;00:00:00;8.51743;8.47653;8.48283;8.50903;6096
2015.06.01;04:00:00;8.49943;8.47311;8.49503;8.48273;9021
2015.06.01;08:00:00;8.50123;8.44713;8.44941;8.49503;22586
2015.06.01;12:00:00;8.49965;8.44393;8.48806;8.44925;25574
2015.06.01;16:00:00;8.51443;8.44393;8.4677;8.48798;29808
2015.06.01;20:00:00;8.48597;8.46413;8.47273;8.46773;13039
2015.06.02;00:00:00;8.47823;8.46453;8.47484;8.47263;5740
2015.06.02;04:00:00;8.48258;8.46658;8.48106;8.47483;6917
2015.06.02;08:00:00;8.52482;8.46686;8.51679;8.48113;21406
2015.06.02;12:00:00;8.58298;8.50033;8.58088;8.51671;33129
2015.06.02;16:00:00;8.68103;8.58053;8.66723;8.58111;37997
2015.06.02;20:00:00;8.67767;8.64016;8.64713;8.66733;14820
2015.06.03;00:00:00;8.65269;8.634;8.64073;8.64743;6324
2015.06.03;04:00:00;8.66598;8.63951;8.65531;8.64103;9184
2015.06.03;08:00:00;8.67633;8.62313;8.6272;8.65547;25661
2015.06.03;12:00:00;8.63767;8.59001;8.62173;8.62798;28646
2015.06.03;16:00:00;8.74843;8.62091;8.72483;8.62173;39118
2015.06.03;20:00:00;8.74193;8.71583;8.73893;8.72492;12429
2015.06.04;00:00:00;8.73913;8.72414;8.72967;8.73913;6286
2015.06.04;04:00:00;8.7411;8.72363;8.73484;8.72974;7997
2015.06.04;08:00:00;8.82073;8.70513;8.78743;8.73477;31111
2015.06.04;12:00:00;8.81201;8.74808;8.75402;8.78743;32230
2015.06.04;16:00:00;8.77314;8.71224;8.74922;8.75394;30940
2015.06.04;20:00:00;8.7541;8.69913;8.71013;8.74903;14629
2015.06.05;00:00:00;8.71313;8.66513;8.68843;8.71003;9668
2015.06.05;04:00:00;8.70045;8.67653;8.69565;8.68842;7593
2015.06.05;08:00:00;8.74485;8.69018;8.72868;8.69557;26920
2015.06.05;12:00:00;8.73577;8.58603;8.60304;8.72791;27763
2015.06.05;16:00:00;8.63073;8.56563;8.62477;8.60297;35286
2015.06.05;20:00:00;8.63245;8.6116;8.61383;8.62473;10757
2015.06.08;00:00:00;8.61403;8.59216;8.59285;8.60113;4854
2015.06.08;04:00:00;8.61144;8.5927;8.60916;8.59285;6954
2015.06.08;08:00:00;8.66423;8.5942;8.61939;8.60923;26398
2015.06.08;12:00:00;8.68543;8.61544;8.6678;8.61946;22098
2015.06.08;16:00:00;8.71553;8.66663;8.7069;8.66795;22841
2015.06.08;20:00:00;8.76392;8.70471;8.75123;8.70705;16937
2015.06.09;00:00:00;8.7526;8.73762;8.74371;8.75133;5145
2015.06.09;04:00:00;8.78373;8.74325;8.76688;8.74363;8482
2015.06.09;08:00:00;8.79429;8.72523;8.74386;8.76681;26450
2015.06.09;12:00:00;8.75734;8.69291;8.70265;8.74402;29097
2015.06.09;16:00:00;8.75252;8.69803;8.73677;8.70296;28286
2015.06.09;20:00:00;8.75303;8.73219;8.74593;8.7367;8566
2015.06.10;00:00:00;8.76603;8.73771;8.75833;8.74603;6298
2015.06.10;04:00:00;8.76185;8.74041;8.75515;8.75825;10774
2015.06.10;08:00:00;8.82634;8.74014;8.77343;8.75523;30489
2015.06.10;12:00:00;8.78778;8.72873;8.7651;8.77331;26613
2015.06.10;16:00:00;8.79966;8.73853;8.76233;8.76493;27870
2015.06.10;20:00:00;8.78379;8.76072;8.77673;8.76233;8369
2015.06.11;00:00:00;8.77956;8.75957;8.76033;8.77603;3219
2015.06.11;04:00:00;8.76988;8.74653;8.76074;8.7601;7154
2015.06.11;08:00:00;8.78156;8.71323;8.73378;8.76082;20707
2015.06.11;12:00:00;8.74748;8.66818;8.72343;8.73385;24865
2015.06.11;16:00:00;8.72538;8.68643;8.71323;8.72359;27981
2015.06.11;20:00:00;8.74177;8.70683;8.72643;8.71296;10967
2015.06.12;00:00:00;8.72742;8.70913;8.72303;8.72613;5876
2015.06.12;04:00:00;8.73362;8.69933;8.70633;8.72311;8401
2015.06.12;08:00:00;8.71913;8.64433;8.65578;8.7064;24897
2015.06.12;12:00:00;8.71554;8.64666;8.70129;8.65656;27245
2015.06.12;16:00:00;8.7575;8.69183;8.73913;8.70121;26392
2015.06.12;20:00:00;8.75131;8.71907;8.73083;8.73893;9496
2015.06.15;00:00:00;8.70583;8.68963;8.70049;8.69073;5868
2015.06.15;04:00:00;8.70169;8.67855;8.69408;8.70043;9518
2015.06.15;08:00:00;8.72903;8.67431;8.71073;8.69385;23065
2015.06.15;12:00:00;8.71676;8.68443;8.7012;8.71063;21211
2015.06.15;16:00:00;8.74985;8.68994;8.7457;8.70074;21266
2015.06.15;20:00:00;8.75546;8.71993;8.74503;8.74593;10753
2015.06.16;00:00:00;8.74671;8.73389;8.73903;8.74543;3992
2015.06.16;04:00:00;8.74591;8.73008;8.74484;8.73893;7605
2015.06.16;08:00:00;8.78229;8.72363;8.72463;8.74468;22682
2015.06.16;12:00:00;8.73672;8.68563;8.70703;8.72459;22816
2015.06.16;16:00:00;8.72501;8.69296;8.71376;8.70693;18366
2015.06.16;20:00:00;8.72193;8.70798;8.71773;8.71353;6875
2015.06.17;00:00:00;8.72097;8.71123;8.71553;8.71773;3293
2015.06.17;04:00:00;8.73323;8.71533;8.72723;8.71543;5011
2015.06.17;08:00:00;8.75453;8.71398;8.72923;8.72731;18920
2015.06.17;12:00:00;8.74808;8.71857;8.73433;8.72923;20116
2015.06.17;16:00:00;8.7426;8.70102;8.73279;8.73433;17907
2015.06.17;20:00:00;8.80476;8.68633;8.78713;8.73271;28165
2015.06.18;00:00:00;8.81463;8.78233;8.80716;8.78683;7656
2015.06.18;04:00:00;8.81808;8.7984;8.8106;8.80703;7053
2015.06.18;08:00:00;8.85244;8.78883;8.82425;8.81063;24278
2015.06.18;12:00:00;8.85859;8.82243;8.83143;8.82413;25519
2015.06.18;16:00:00;8.86513;8.78943;8.81642;8.8315;25524
2015.06.18;20:00:00;8.82702;8.80227;8.80433;8.81643;13150
2015.06.19;00:00:00;8.83323;8.80303;8.82399;8.80383;4573
2015.06.19;04:00:00;8.82715;8.80043;8.80043;8.82391;5673
2015.06.19;08:00:00;8.80291;8.75913;8.76964;8.80035;20687
2015.06.19;12:00:00;8.77746;8.75313;8.76993;8.76963;20431
2015.06.19;16:00:00;8.79905;8.76483;8.79132;8.76993;17184
2015.06.19;20:00:00;8.80957;8.78643;8.79193;8.79109;8174
2015.06.22;00:00:00;8.81933;8.80233;8.81254;8.81603;4490
2015.06.22;04:00:00;8.83578;8.8113;8.83388;8.81262;6835
2015.06.22;08:00:00;8.83853;8.76754;8.79061;8.83346;19132
2015.06.22;12:00:00;8.80993;8.78503;8.80458;8.79076;19685
2015.06.22;16:00:00;8.84373;8.79269;8.80734;8.80458;25885
2015.06.22;20:00:00;8.80943;8.77423;8.78871;8.80734;9864
2015.06.23;00:00:00;8.79443;8.7784;8.78638;8.78903;4133
2015.06.23;04:00:00;8.78716;8.72336;8.73709;8.7863;10351
2015.06.23;08:00:00;8.74555;8.70613;8.71184;8.73702;23445
2015.06.23;12:00:00;8.72076;8.65043;8.65723;8.71176;23203
2015.06.23;16:00:00;8.68063;8.63114;8.6611;8.65703;24074
2015.06.23;20:00:00;8.66696;8.64502;8.65603;8.66102;10943
2015.06.24;00:00:00;8.66656;8.64593;8.65428;8.65593;4912
2015.06.24;04:00:00;8.673;8.65126;8.66122;8.65444;6806
2015.06.24;08:00:00;8.70873;8.65897;8.69651;8.66129;23097
2015.06.24;12:00:00;8.70343;8.66603;8.67643;8.69658;23975
2015.06.24;16:00:00;8.67901;8.65803;8.67022;8.67653;23316
2015.06.24;20:00:00;8.69612;8.66698;8.68363;8.66983;12414
2015.06.25;00:00:00;8.68918;8.67873;8.68452;8.68353;3566
2015.06.25;04:00:00;8.69637;8.67853;8.68671;8.6846;6099
2015.06.25;08:00:00;8.70283;8.66723;8.67068;8.68671;18005
2015.06.25;12:00:00;8.69922;8.64452;8.68403;8.67053;25288
2015.06.25;16:00:00;8.69422;8.66489;8.68583;8.68393;17986
2015.06.25;20:00:00;8.69243;8.67795;8.68373;8.68583;7460
2015.06.26;00:00:00;8.6862;8.66634;8.66955;8.68393;3414
2015.06.26;04:00:00;8.67639;8.66444;8.67181;8.66947;6535
2015.06.26;08:00:00;8.69689;8.66738;8.68513;8.67189;13851
2015.06.26;12:00:00;8.69098;8.66363;8.66443;8.68504;17394
2015.06.26;16:00:00;8.67995;8.62743;8.64743;8.66447;22961
2015.06.26;20:00:00;8.66283;8.63923;8.65813;8.64743;9602
2015.06.29;00:00:00;8.55207;8.49113;8.54057;8.52953;19196
2015.06.29;04:00:00;8.54701;8.52651;8.53452;8.54064;11955
2015.06.29;08:00:00;8.62352;8.51517;8.61845;8.53452;36714
2015.06.29;12:00:00;8.63624;8.59121;8.62424;8.6183;25534
2015.06.29;16:00:00;8.6976;8.6109;8.69263;8.62432;27494
2015.06.29;20:00:00;8.74288;8.68473;8.70943;8.69257;18877
2015.06.30;00:00:00;8.71233;8.67941;8.68129;8.70923;6795
2015.06.30;04:00:00;8.68408;8.66743;8.67713;8.68137;7826
2015.06.30;08:00:00;8.6828;8.63158;8.63445;8.67703;22009
2015.06.30;12:00:00;8.69611;8.63009;8.69173;8.63445;27686
2015.06.30;16:00:00;8.71577;8.61413;8.64347;8.6919;30181
2015.06.30;20:00:00;8.64433;8.62806;8.63685;8.64308;10573
2015.07.01;00:00:00;8.63803;8.62297;8.63078;8.63803;6535
2015.07.01;04:00:00;8.63721;8.62726;8.63366;8.63086;6256
2015.07.01;08:00:00;8.64305;8.60008;8.64119;8.63366;19234
2015.07.01;12:00:00;8.65863;8.58443;8.60065;8.64023;26069
2015.07.01;16:00:00;8.61089;8.57113;8.58446;8.60049;23108
2015.07.01;20:00:00;8.58516;8.55933;8.56703;8.58438;11830
2015.07.02;00:00:00;8.57083;8.55116;8.56133;8.56763;6102
2015.07.02;04:00:00;8.58582;8.56008;8.58287;8.56133;6649
2015.07.02;08:00:00;8.59413;8.56313;8.58543;8.58291;19309
2015.07.02;12:00:00;8.61963;8.56383;8.59855;8.58533;23611
2015.07.02;16:00:00;8.61253;8.58633;8.59957;8.59871;24300
2015.07.02;20:00:00;8.60198;8.58459;8.58933;8.59973;7328
2015.07.03;00:00:00;8.60265;8.58883;8.59369;8.58963;3224
2015.07.03;04:00:00;8.60197;8.59139;8.60094;8.59369;4817
2015.07.03;08:00:00;8.61745;8.5955;8.60754;8.60101;16892
2015.07.03;12:00:00;8.61789;8.58775;8.59785;8.61087;18399
2015.07.03;16:00:00;8.61114;8.57763;8.58259;8.59786;14929
2015.07.03;20:00:00;8.61513;8.58259;8.6069;8.58259;4165
2015.07.06;00:00:00;8.55663;8.50253;8.54243;8.51813;13153
2015.07.06;04:00:00;8.57089;8.54253;8.55003;8.54253;10231
2015.07.06;08:00:00;8.60133;8.53563;8.57553;8.54993;26812
2015.07.06;12:00:00;8.57803;8.52791;8.55223;8.57553;21765
2015.07.06;16:00:00;8.59816;8.54503;8.58519;8.55206;22293
2015.07.06;20:00:00;8.59443;8.55877;8.57083;8.58503;10403
2015.07.07;00:00:00;8.5721;8.55623;8.56391;8.57093;3233
2015.07.07;04:00:00;8.56578;8.54773;8.55376;8.56399;6946
2015.07.07;08:00:00;8.56419;8.49927;8.50409;8.55369;22861
2015.07.07;12:00:00;8.52753;8.46558;8.47513;8.50394;27642
2015.07.07;16:00:00;8.51093;8.46882;8.48267;8.47503;29518
2015.07.07;20:00:00;8.56951;8.48243;8.53703;8.48313;18322
2015.07.08;00:00:00;8.54042;8.51921;8.52478;8.53763;6252
2015.07.08;04:00:00;8.54284;8.50952;8.53606;8.5247;10723
2015.07.08;08:00:00;8.57473;8.52868;8.56203;8.53594;24678
2015.07.08;12:00:00;8.57503;8.53196;8.55554;8.56223;23417
2015.07.08;16:00:00;8.59823;8.54625;8.56449;8.55546;29802
2015.07.08;20:00:00;8.58867;8.55813;8.58553;8.56457;14740
2015.07.09;00:00:00;8.58788;8.57565;8.57769;8.58523;5187
2015.07.09;04:00:00;8.59052;8.57621;8.58623;8.57754;6877
2015.07.09;08:00:00;8.6237;8.54903;8.56083;8.58608;21347
2015.07.09;12:00:00;8.57828;8.54453;8.55373;8.56093;20598
2015.07.09;16:00:00;8.57973;8.52726;8.52772;8.55363;21670
2015.07.09;20:00:00;8.56063;8.51903;8.55333;8.52795;13217
2015.07.10;00:00:00;8.59032;8.54913;8.58233;8.54993;9481
2015.07.10;04:00:00;8.60625;8.58134;8.60111;8.58223;7490
2015.07.10;08:00:00;8.62893;8.58723;8.61363;8.60117;22335
2015.07.10;12:00:00;8.69273;8.61023;8.6782;8.61353;26922
2015.07.10;16:00:00;8.68591;8.62316;8.62525;8.67828;24168
2015.07.10;20:00:00;8.64793;8.61867;8.6373;8.62533;11258
2015.07.13;00:00:00;8.63656;8.59733;8.62923;8.59733;6326
2015.07.13;04:00:00;8.64353;8.61103;8.62846;8.62923;8866
2015.07.13;08:00:00;8.67821;8.56736;8.57346;8.62854;29173
2015.07.13;12:00:00;8.59109;8.55794;8.5727;8.57354;20305
2015.07.13;16:00:00;8.57274;8.53121;8.54217;8.57263;20132
2015.07.13;20:00:00;8.54463;8.52148;8.52582;8.54224;10985
2015.07.14;00:00:00;8.53323;8.50527;8.51542;8.52582;6619
2015.07.14;04:00:00;8.53622;8.51426;8.5285;8.51493;6117
2015.07.14;08:00:00;8.5554;8.49913;8.54613;8.52858;22860
2015.07.14;12:00:00;8.58803;8.53612;8.56727;8.54583;23534
2015.07.14;16:00:00;8.57543;8.52055;8.53323;8.56733;20626
2015.07.14;20:00:00;8.53803;8.52673;8.53113;8.53323;7340
2015.07.15;00:00:00;8.53853;8.51853;8.52293;8.53063;4691
2015.07.15;04:00:00;8.53088;8.5214;8.52623;8.52293;5554
2015.07.15;08:00:00;8.55289;8.51562;8.54653;8.5261;18839
2015.07.15;12:00:00;8.55045;8.50238;8.50383;8.54643;18021
2015.07.15;16:00:00;8.50458;8.4743;8.48401;8.50391;26967
2015.07.15;20:00:00;8.49066;8.47061;8.48268;8.48401;9826
2015.07.16;00:00:00;8.49564;8.47121;8.47445;8.48231;5775
2015.07.16;04:00:00;8.47698;8.45695;8.47068;8.47453;6926
2015.07.16;08:00:00;8.48494;8.44429;8.45051;8.47084;19998
2015.07.16;12:00:00;8.45879;8.41303;8.41419;8.45051;23035
2015.07.16;16:00:00;8.46783;8.41338;8.42891;8.41427;18800
2015.07.16;20:00:00;8.44214;8.42641;8.42761;8.42883;6770
2015.07.17;00:00:00;8.43782;8.42671;8.43103;8.42721;3673
2015.07.17;04:00:00;8.44986;8.42931;8.44308;8.43097;4323
2015.07.17;08:00:00;8.45241;8.43027;8.43941;8.44316;16230
2015.07.17;12:00:00;8.44474;8.41653;8.42027;8.43941;16906
2015.07.17;16:00:00;8.425;8.40123;8.41331;8.42012;17631
2015.07.17;20:00:00;8.41399;8.39081;8.39131;8.41331;6417
2015.07.20;00:00:00;8.40291;8.39085;8.39516;8.39311;2498
2015.07.20;04:00:00;8.39741;8.38531;8.39285;8.39512;5808
2015.07.20;08:00:00;8.42018;8.38835;8.40885;8.39285;16144
2015.07.20;12:00:00;8.41631;8.39013;8.40588;8.40916;19435
2015.07.20;16:00:00;8.42471;8.39435;8.40187;8.4058;16263
2015.07.20;20:00:00;8.40568;8.3737;8.38881;8.40195;9047
2015.07.21;00:00:00;8.39666;8.38511;8.39111;8.38861;3191
2015.07.21;04:00:00;8.39695;8.38097;8.38173;8.39118;5734
2015.07.21;08:00:00;8.41885;8.37911;8.41236;8.38165;14773
2015.07.21;12:00:00;8.43081;8.40254;8.41472;8.41221;18506
2015.07.21;16:00:00;8.49481;8.41441;8.49346;8.41471;24920
2015.07.21;20:00:00;8.50051;8.47331;8.47411;8.49369;10772
2015.07.22;00:00:00;8.48894;8.47361;8.48389;8.47361;3922
2015.07.22;04:00:00;8.49384;8.46611;8.48109;8.48397;7077
2015.07.22;08:00:00;8.49893;8.46653;8.47668;8.48101;17031
2015.07.22;12:00:00;8.48644;8.44125;8.45031;8.47676;17549
2015.07.22;16:00:00;8.46015;8.42321;8.44908;8.45023;20140
2015.07.22;20:00:00;8.47031;8.44257;8.46871;8.44915;7456
2015.07.23;00:00:00;8.47386;8.46355;8.47293;8.46851;3883
2015.07.23;04:00:00;8.49047;8.47144;8.4811;8.47241;5920
2015.07.23;08:00:00;8.52898;8.4656;8.51821;8.48079;20158
2015.07.23;12:00:00;8.53924;8.49251;8.49818;8.51821;21252
2015.07.23;16:00:00;8.5246;8.48801;8.51911;8.4981;22508
2015.07.23;20:00:00;8.5374;8.51061;8.51101;8.51911;10333
2015.07.24;00:00:00;8.52005;8.51071;8.51648;8.51111;3166
2015.07.24;04:00:00;8.51861;8.49753;8.50179;8.51656;5321
2015.07.24;08:00:00;8.52176;8.47156;8.47783;8.50187;15328
2015.07.24;12:00:00;8.49388;8.46731;8.48058;8.47776;15563
2015.07.24;16:00:00;8.5197;8.47781;8.50846;8.48019;21868
2015.07.24;20:00:00;8.51432;8.50417;8.50641;8.50838;8361
2015.07.27;00:00:00;8.51791;8.50101;8.51633;8.51131;3305
2015.07.27;04:00:00;8.53629;8.51243;8.52795;8.51641;7981
2015.07.27;08:00:00;8.61211;8.52525;8.58471;8.52802;22480
2015.07.27;12:00:00;8.59201;8.56191;8.57959;8.58487;20738
2015.07.27;16:00:00;8.62551;8.57451;8.61221;8.57967;24671
2015.07.27;20:00:00;8.61604;8.59261;8.59261;8.61221;6243
2015.07.28;00:00:00;8.60093;8.59013;8.60062;8.59251;2860
2015.07.28;04:00:00;8.60225;8.57989;8.58648;8.60062;5842
2015.07.28;08:00:00;8.59074;8.56581;8.57501;8.5864;18736
2015.07.28;12:00:00;8.58188;8.54227;8.55161;8.57501;20215
2015.07.28;16:00:00;8.57468;8.54752;8.56241;8.55151;19598
2015.07.28;20:00:00;8.57307;8.55801;8.57151;8.56234;7270
2015.07.29;00:00:00;8.58321;8.57041;8.58242;8.57161;4077
2015.07.29;04:00:00;8.59;8.56751;8.56787;8.58242;5122
2015.07.29;08:00:00;8.57759;8.54821;8.57301;8.56795;15293
2015.07.29;12:00:00;8.58064;8.54551;8.5627;8.57301;17453
2015.07.29;16:00:00;8.56981;8.53401;8.55283;8.56262;17987
2015.07.29;20:00:00;8.58643;8.49972;8.51211;8.55281;19252
2015.07.30;00:00:00;8.51711;8.49321;8.4998;8.51231;3660
2015.07.30;04:00:00;8.509;8.49533;8.50597;8.50003;4580
2015.07.30;08:00:00;8.50865;8.48019;8.50046;8.50589;14267
2015.07.30;12:00:00;8.51337;8.4662;8.48941;8.50046;20369
2015.07.30;16:00:00;8.49213;8.4443;8.45942;8.48941;23276
2015.07.30;20:00:00;8.47738;8.44961;8.47461;8.45919;8694
2015.07.31;00:00:00;8.48603;8.47181;8.47811;8.47481;4656
2015.07.31;04:00:00;8.48609;8.47532;8.48392;8.47795;5042
2015.07.31;08:00:00;8.50071;8.46511;8.47665;8.48386;16261
2015.07.31;12:00:00;8.59102;8.47634;8.56991;8.47681;24345
2015.07.31;16:00:00;8.61585;8.52491;8.52881;8.56981;30190
2015.07.31;20:00:00;8.53603;8.4989;8.51331;8.52881;11999
2015.08.03;00:00:00;8.51161;8.4993;8.50871;8.50301;4168
2015.08.03;04:00:00;8.51743;8.50333;8.5104;8.50871;6139
2015.08.03;08:00:00;8.52318;8.49271;8.50381;8.51044;15097
2015.08.03;12:00:00;8.51167;8.48171;8.49651;8.50371;19811
2015.08.03;16:00:00;8.51868;8.48551;8.4969;8.49651;21509
2015.08.03;20:00:00;8.49881;8.48356;8.48821;8.49698;10148
2015.08.04;00:00:00;8.49371;8.47457;8.47473;8.48791;3800
2015.08.04;04:00:00;8.48859;8.47457;8.4839;8.4748;5527
2015.08.04;08:00:00;8.51075;8.48251;8.50481;8.48383;16465
2015.08.04;12:00:00;8.51841;8.49561;8.50455;8.50471;16140
2015.08.04;16:00:00;8.51344;8.48641;8.49881;8.50393;19099
2015.08.04;20:00:00;8.49971;8.43441;8.43561;8.49881;17048
2015.08.05;00:00:00;8.4452;8.42871;8.43088;8.43571;5566
2015.08.05;04:00:00;8.4315;8.41019;8.42511;8.4308;6460
2015.08.05;08:00:00;8.43292;8.41186;8.41616;8.42504;17288
2015.08.05;12:00:00;8.47062;8.40841;8.44764;8.41616;21444
2015.08.05;16:00:00;8.45978;8.41046;8.42802;8.44756;24715
2015.08.05;20:00:00;8.45678;8.42673;8.45251;8.42802;10240
2015.08.06;00:00:00;8.47141;8.44651;8.45843;8.45261;4734
2015.08.06;04:00:00;8.46089;8.44977;8.45845;8.45835;5844
2015.08.06;08:00:00;8.48131;8.43671;8.43761;8.45838;14080
2015.08.06;12:00:00;8.46321;8.42671;8.43461;8.43711;21736
2015.08.06;16:00:00;8.4753;8.429;8.46717;8.43461;19908
2015.08.06;20:00:00;8.47439;8.45793;8.46641;8.46697;7284
2015.08.07;00:00:00;8.4717;8.46287;8.4692;8.46611;2547
2015.08.07;04:00:00;8.47131;8.45616;8.46317;8.46928;4215
2015.08.07;08:00:00;8.48682;8.45341;8.46761;8.46325;13193
2015.08.07;12:00:00;8.506;8.41681;8.41721;8.46771;21781
2015.08.07;16:00:00;8.50951;8.41426;8.49401;8.41721;32727
2015.08.07;20:00:00;8.50611;8.49151;8.49661;8.49395;7666
2015.08.10;00:00:00;8.50101;8.48831;8.49028;8.49781;2901
2015.08.10;04:00:00;8.5067;8.48789;8.50591;8.4902;4463
2015.08.10;08:00:00;8.51216;8.49334;8.49952;8.50581;13985
2015.08.10;12:00:00;8.50498;8.46921;8.48791;8.49952;19084
2015.08.10;16:00:00;8.55506;8.47911;8.54601;8.48791;26263
2015.08.10;20:00:00;8.55919;8.53621;8.54031;8.54601;11054
2015.08.11;00:00:00;8.55158;8.53719;8.55036;8.54091;3379
2015.08.11;04:00:00;8.55028;8.50442;8.51221;8.55028;11286
2015.08.11;08:00:00;8.56887;8.50079;8.55945;8.51236;21617
2015.08.11;12:00:00;8.58796;8.54331;8.5878;8.55883;24853
2015.08.11;16:00:00;8.60222;8.54371;8.55309;8.58773;25996
2015.08.11;20:00:00;8.57129;8.55111;8.56911;8.55324;8820
2015.08.12;00:00:00;8.57221;8.56161;8.56654;8.56941;3441
2015.08.12;04:00:00;8.58892;8.55101;8.58853;8.56661;10197
2015.08.12;08:00:00;8.65161;8.58551;8.62941;8.58861;26319
2015.08.12;12:00:00;8.66731;8.62361;8.64257;8.62895;23586
2015.08.12;16:00:00;8.69609;8.63981;8.6663;8.64251;30681
2015.08.12;20:00:00;8.676;8.6522;8.65271;8.66638;13071
2015.08.13;00:00:00;8.65641;8.64531;8.64856;8.65241;2818
2015.08.13;04:00:00;8.67485;8.62967;8.63307;8.64864;9510
2015.08.13;08:00:00;8.64496;8.60931;8.61841;8.63299;15384
2015.08.13;12:00:00;8.62144;8.58889;8.6043;8.61846;20490
2015.08.13;16:00:00;8.64578;8.59816;8.63791;8.60431;24415
2015.08.13;20:00:00;8.65889;8.62931;8.64551;8.63781;10992
2015.08.14;00:00:00;8.6538;8.64416;8.65069;8.64511;3947
2015.08.14;04:00:00;8.65111;8.63335;8.65042;8.65076;4989
2015.08.14;08:00:00;8.66338;8.62681;8.63781;8.65058;15698
2015.08.14;12:00:00;8.67632;8.6333;8.64899;8.63779;20004
2015.08.14;16:00:00;8.65311;8.60607;8.63781;8.64921;23094
2015.08.14;20:00:00;8.63771;8.60933;8.61491;8.63771;7694
2015.08.17;00:00:00;8.62121;8.60091;8.60401;8.62051;3759
2015.08.17;04:00:00;8.60901;8.59277;8.59913;8.60411;5711
2015.08.17;08:00:00;8.61639;8.57677;8.60911;8.59913;16519
2015.08.17;12:00:00;8.62631;8.59181;8.61369;8.60921;18201
2015.08.17;16:00:00;8.62291;8.57461;8.59011;8.61377;20085
2015.08.17;20:00:00;8.59587;8.58611;8.58741;8.59001;6649
2015.08.18;00:00:00;8.59076;8.58502;8.58568;8.58801;2819
2015.08.18;04:00:00;8.59182;8.56908;8.57166;8.58569;5001
2015.08.18;08:00:00;8.60206;8.56974;8.58799;8.57158;15993
2015.08.18;12:00:00;8.59031;8.54841;8.55278;8.58741;16861
2015.08.18;16:00:00;8.56538;8.54341;8.55331;8.55261;18341
2015.08.18;20:00:00;8.55761;8.54307;8.54581;8.55311;7149
2015.08.19;00:00:00;8.55931;8.54511;8.55819;8.54571;3332
2015.08.19;04:00:00;8.56894;8.55634;8.56597;8.55804;4775
2015.08.19;08:00:00;8.58475;8.56549;8.56819;8.56605;13999
2015.08.19;12:00:00;8.58382;8.54012;8.55511;8.56811;18462
2015.08.19;16:00:00;8.58182;8.54462;8.57156;8.55521;24202
2015.08.19;20:00:00;8.63141;8.55543;8.61911;8.57202;23030
2015.08.20;00:00:00;8.64282;8.61651;8.63566;8.61911;6093
2015.08.20;04:00:00;8.63858;8.62601;8.6299;8.63574;5264
2015.08.20;08:00:00;8.63815;8.60892;8.63658;8.62998;19366
2015.08.20;12:00:00;8.66966;8.62958;8.64712;8.63703;24723
2015.08.20;16:00:00;8.69768;8.64305;8.67691;8.6472;27713
2015.08.20;20:00:00;8.71609;8.66732;8.71281;8.67691;15701
2015.08.21;00:00:00;8.71449;8.70391;8.7108;8.71251;4768
2015.08.21;04:00:00;8.75148;8.70987;8.74846;8.7108;11141
2015.08.21;08:00:00;8.75421;8.71221;8.72548;8.74854;19723
2015.08.21;12:00:00;8.76381;8.71484;8.74731;8.72556;25402
2015.08.21;16:00:00;8.81631;8.74221;8.80527;8.74741;37411
2015.08.21;20:00:00;8.82691;8.79573;8.82381;8.80478;21375
2015.08.24;00:00:00;8.83253;8.81272;8.82561;8.81751;9909
2015.08.24;04:00:00;8.91431;8.82574;8.8813;8.82582;24741
2015.08.24;08:00:00;8.9158;8.85395;8.89345;8.88126;30725
2015.08.24;12:00:00;8.97071;8.88261;8.95351;8.89353;34105
2015.08.24;16:00:00;9.08011;8.93624;8.93821;8.95288;55375
2015.08.24;20:00:00;9.00695;8.9301;9.00461;8.93811;35061
2015.08.25;00:00:00;9.00671;8.95175;8.97051;9.00381;12221
2015.08.25;04:00:00;8.97544;8.93221;8.95236;8.97069;16542
2015.08.25;08:00:00;8.97347;8.92302;8.95599;8.95243;38502
2015.08.25;12:00:00;8.95788;8.87801;8.89241;8.95607;38677
2015.08.25;16:00:00;8.90299;8.83339;8.85398;8.89241;41129
2015.08.25;20:00:00;8.94161;8.84681;8.92431;8.85391;27376
2015.08.26;00:00:00;8.96076;8.91677;8.93119;8.92411;14543
2015.08.26;04:00:00;8.94424;8.90628;8.90712;8.93103;13346
2015.08.26;08:00:00;8.92765;8.88561;8.89116;8.90719;29713
2015.08.26;12:00:00;8.89642;8.79864;8.81891;8.89092;32469
2015.08.26;16:00:00;8.86491;8.80826;8.82411;8.81881;41822
2015.08.26;20:00:00;8.82871;8.75171;8.76831;8.82364;24610
2015.08.27;00:00:00;8.79011;8.76521;8.78323;8.76881;8005
2015.08.27;04:00:00;8.80061;8.77431;8.79661;8.78307;7435
2015.08.27;08:00:00;8.80697;8.73881;8.74257;8.79653;25306
2015.08.27;12:00:00;8.76252;8.70741;8.71323;8.74311;24669
2015.08.27;16:00:00;8.7312;8.68161;8.70692;8.71322;32537
2015.08.27;20:00:00;8.73968;8.70322;8.71061;8.70677;24526
2015.08.28;00:00:00;8.71891;8.70341;8.70661;8.71061;4359
2015.08.28;04:00:00;8.73243;8.70597;8.72138;8.70631;6858
2015.08.28;08:00:00;8.76411;8.71942;8.74731;8.72146;19167
2015.08.28;12:00:00;8.75761;8.71221;8.71331;8.74731;23464
2015.08.28;16:00:00;8.72187;8.64468;8.66681;8.71331;29603
2015.08.28;20:00:00;8.69423;8.65771;8.65771;8.66671;14036
2015.08.31;00:00:00;8.70044;8.65521;8.69711;8.65521;7767
2015.08.31;04:00:00;8.7273;8.69052;8.71922;8.69696;10112
2015.08.31;08:00:00;8.72771;8.67954;8.67961;8.71921;13088
2015.08.31;12:00:00;8.70678;8.67671;8.69957;8.68061;14701
2015.08.31;16:00:00;8.71302;8.66413;8.68234;8.70004;19186
2015.08.31;20:00:00;8.7099;8.68192;8.68671;8.68265;9355
2015.09.01;00:00:00;8.71645;8.685;8.71201;8.68611;4284
2015.09.01;04:00:00;8.73878;8.70721;8.73271;8.71211;7598
2015.09.01;08:00:00;8.78134;8.72756;8.73761;8.73263;24096
2015.09.01;12:00:00;8.74445;8.70481;8.72642;8.73771;26242
2015.09.01;16:00:00;8.74225;8.70661;8.73388;8.72641;32291
2015.09.01;20:00:00;8.7717;8.73148;8.76601;8.73361;17327
2015.09.02;00:00:00;8.77147;8.72942;8.73105;8.76671;9239
2015.09.02;04:00:00;8.75006;8.72621;8.74067;8.73113;9198
2015.09.02;08:00:00;8.75052;8.71226;8.74151;8.73991;19639
2015.09.02;12:00:00;8.75246;8.70611;8.71033;8.74161;21902
2015.09.02;16:00:00;8.71812;8.69675;8.70657;8.71027;23522
2015.09.02;20:00:00;8.71677;8.69217;8.69901;8.70642;12312
2015.09.03;00:00:00;8.69981;8.68326;8.68924;8.69831;5409
2015.09.03;04:00:00;8.69799;8.68873;8.69335;8.6894;5419
2015.09.03;08:00:00;8.71258;8.68973;8.71018;8.69366;12711
2015.09.03;12:00:00;8.71111;8.60921;8.6166;8.71026;20941
2015.09.03;16:00:00;8.64153;8.59319;8.61511;8.61651;31266
2015.09.03;20:00:00;8.63272;8.61201;8.61911;8.61511;16592
2015.09.04;00:00:00;8.62871;8.61371;8.62317;8.61921;5300
2015.09.04;04:00:00;8.6324;8.61796;8.6257;8.62331;8184
2015.09.04;08:00:00;8.64907;8.61906;8.63313;8.62586;17367
2015.09.04;12:00:00;8.67151;8.59315;8.62326;8.63298;20025
2015.09.04;16:00:00;8.63845;8.59711;8.63541;8.62388;26515
2015.09.04;20:00:00;8.6606;8.62645;8.63961;8.63533;12226
2015.09.07;00:00:00;8.65931;8.63381;8.65301;8.64941;5583
2015.09.07;04:00:00;8.65551;8.63351;8.63441;8.65321;9920
2015.09.07;08:00:00;8.65171;8.61811;8.64971;8.63444;20094
2015.09.07;12:00:00;8.66171;8.63181;8.63851;8.64964;17996
2015.09.07;16:00:00;8.65823;8.63804;8.65449;8.63852;11118
2015.09.07;20:00:00;8.65761;8.65053;8.65531;8.65451;1821
2015.09.08;00:00:00;8.65871;8.64291;8.65237;8.65561;4835
2015.09.08;04:00:00;8.6975;8.64851;8.6878;8.6523;14180
2015.09.08;08:00:00;8.70191;8.65667;8.6666;8.68761;23275
2015.09.08;12:00:00;8.66978;8.64313;8.65944;8.66641;20175
2015.09.08;16:00:00;8.67871;8.65638;8.66791;8.65944;22443
2015.09.08;20:00:00;8.69091;8.65431;8.68071;8.66801;11210
2015.09.09;00:00:00;8.6926;8.67001;8.67451;8.68151;5139
2015.09.09;04:00:00;8.68581;8.64991;8.65571;8.67501;10191
2015.09.09;08:00:00;8.68533;8.63861;8.67481;8.65568;22825
2015.09.09;12:00:00;8.67851;8.62738;8.62797;8.67471;22165
2015.09.09;16:00:00;8.66571;8.62791;8.64951;8.62805;25004
2015.09.09;20:00:00;8.68766;8.64348;8.68551;8.64951;17329
2015.09.10;00:00:00;8.7151;8.68238;8.70416;8.68571;8077
2015.09.10;04:00:00;8.70981;8.67597;8.69101;8.70421;14308
2015.09.10;08:00:00;8.70657;8.66605;8.67714;8.69081;25006
2015.09.10;12:00:00;8.69351;8.65706;8.68801;8.67706;24604
2015.09.10;16:00:00;8.74323;8.67791;8.72831;8.68801;31756
2015.09.10;20:00:00;8.75291;8.72821;8.74028;8.72821;15088
2015.09.11;00:00:00;8.75768;8.73396;8.73971;8.73951;7648
2015.09.11;04:00:00;8.74716;8.73732;8.74681;8.73971;6950
2015.09.11;08:00:00;8.76431;8.73734;8.7493;8.74671;23786
2015.09.11;12:00:00;8.75147;8.72107;8.73987;8.74921;22190
2015.09.11;16:00:00;8.79406;8.73681;8.79081;8.73994;26681
2015.09.11;20:00:00;8.79486;8.77769;8.78087;8.7912;6546
2015.09.14;00:00:00;8.80261;8.77741;8.79391;8.78151;6875
2015.09.14;04:00:00;8.79794;8.78801;8.79031;8.79391;8469
2015.09.14;08:00:00;8.81331;8.77968;8.78581;8.79021;19785
2015.09.14;12:00:00;8.78638;8.75551;8.75791;8.78551;17912
2015.09.14;16:00:00;8.77351;8.74397;8.77151;8.75801;22397
2015.09.14;20:00:00;8.77571;8.7601;8.76951;8.77141;8416
2015.09.15;00:00:00;8.77211;8.75721;8.76064;8.76941;6663
2015.09.15;04:00:00;8.7789;8.76056;8.76962;8.76072;9843
2015.09.15;08:00:00;8.77523;8.7443;8.75961;8.76971;21588
2015.09.15;12:00:00;8.77891;8.75171;8.75968;8.75991;20777
2015.09.15;16:00:00;8.76774;8.72463;8.74331;8.75951;25318
2015.09.15;20:00:00;8.74621;8.72701;8.73261;8.74341;10601
2015.09.16;00:00:00;8.74133;8.72721;8.73987;8.73291;4496
2015.09.16;04:00:00;8.75548;8.73987;8.75257;8.7401;8797
2015.09.16;08:00:00;8.75265;8.71446;8.72091;8.75257;19285
2015.09.16;12:00:00;8.73534;8.68978;8.73138;8.72071;22654
2015.09.16;16:00:00;8.77258;8.73098;8.76348;8.73148;23451
2015.09.16;20:00:00;8.76768;8.73678;8.74648;8.76358;9665
2015.09.17;00:00:00;8.75878;8.74598;8.75188;8.74708;4919
2015.09.17;04:00:00;8.77053;8.7509;8.75338;8.75198;9683
2015.09.17;08:00:00;8.7859;8.74438;8.77981;8.75348;18462
2015.09.17;12:00:00;8.78384;8.76448;8.77798;8.77988;14710
2015.09.17;16:00:00;8.77846;8.75178;8.75933;8.77798;17373
2015.09.17;20:00:00;8.86558;8.75838;8.85998;8.75964;37070
2015.09.18;00:00:00;8.86038;8.82618;8.83649;8.86008;10001
2015.09.18;04:00:00;8.84252;8.82688;8.83704;8.83658;10730
2015.09.18;08:00:00;8.87468;8.82983;8.87151;8.83697;22285
2015.09.18;12:00:00;8.88038;8.84158;8.85119;8.87151;25990
2015.09.18;16:00:00;8.85688;8.79508;8.80788;8.85119;26808
2015.09.18;20:00:00;8.80878;8.73248;8.75548;8.80788;16754
2015.09.21;00:00:00;8.76158;8.74208;8.76048;8.74408;6261
2015.09.21;04:00:00;8.77318;8.75828;8.76758;8.76038;7647
2015.09.21;08:00:00;8.77958;8.74748;8.75388;8.76768;20919
2015.09.21;12:00:00;8.75588;8.70523;8.71348;8.75378;21347
2015.09.21;16:00:00;8.72065;8.66428;8.68858;8.71358;25338
2015.09.21;20:00:00;8.68898;8.66948;8.67048;8.68838;9842
2015.09.22;00:00:00;8.67638;8.66558;8.67428;8.67038;4177
2015.09.22;04:00:00;8.68338;8.67388;8.67968;8.67418;5744
2015.09.22;08:00:00;8.68478;8.64398;8.67608;8.67958;23083
2015.09.22;12:00:00;8.67928;8.63848;8.6433;8.67618;23509
2015.09.22;16:00:00;8.65528;8.61148;8.61988;8.64338;26601
2015.09.22;20:00:00;8.63268;8.61468;8.61628;8.61988;9358
2015.09.23;00:00:00;8.62698;8.60518;8.60688;8.61628;5016
2015.09.23;04:00:00;8.63258;8.60698;8.62878;8.60698;7833
2015.09.23;08:00:00;8.64338;8.60684;8.61078;8.62892;20261
2015.09.23;12:00:00;8.65988;8.60958;8.62548;8.61068;21479
2015.09.23;16:00:00;8.67168;8.61278;8.65799;8.62548;27761
2015.09.23;20:00:00;8.68918;8.65618;8.66708;8.65798;12914
2015.09.24;00:00:00;8.67229;8.65981;8.66388;8.66718;5822
2015.09.24;04:00:00;8.67508;8.65117;8.67298;8.66398;9889
2015.09.24;08:00:00;8.69661;8.66418;8.67782;8.67228;22066
2015.09.24;12:00:00;8.72305;8.67338;8.71838;8.67788;29171
2015.09.24;16:00:00;8.75368;8.70738;8.72158;8.71848;29239
2015.09.24;20:00:00;8.72458;8.69148;8.70208;8.72158;13388
2015.09.25;00:00:00;8.70528;8.64808;8.65539;8.70208;12094
2015.09.25;04:00:00;8.66668;8.6529;8.65412;8.65563;11120
2015.09.25;08:00:00;8.66048;8.61374;8.63175;8.65428;22890
2015.09.25;12:00:00;8.66168;8.62068;8.64538;8.63178;21295
2015.09.25;16:00:00;8.68484;8.64164;8.66755;8.64518;24287
2015.09.25;20:00:00;8.68859;8.65538;8.67249;8.66809;11939
2015.09.28;00:00:00;8.69008;8.66528;8.67578;8.66868;6735
2015.09.28;04:00:00;8.68048;8.66368;8.66638;8.67568;7469
2015.09.28;08:00:00;8.67868;8.65112;8.66338;8.66618;24397
2015.09.28;12:00:00;8.68118;8.64038;8.64534;8.66328;23394
2015.09.28;16:00:00;8.71318;8.63736;8.70848;8.64534;32655
2015.09.28;20:00:00;8.71608;8.69778;8.71348;8.70848;13578
2015.09.29;00:00:00;8.72278;8.70038;8.71278;8.71318;5655
2015.09.29;04:00:00;8.72918;8.71188;8.72718;8.71278;9057
2015.09.29;08:00:00;8.74198;8.69358;8.70018;8.72718;25733
2015.09.29;12:00:00;8.71258;8.67418;8.68318;8.70008;22463
2015.09.29;16:00:00;8.73139;8.6751;8.72588;8.68298;35275
2015.09.29;20:00:00;8.73048;8.70158;8.71718;8.72578;15999
2015.09.30;00:00:00;8.72668;8.71568;8.71578;8.71698;6358
2015.09.30;04:00:00;8.72608;8.71038;8.72169;8.71568;9546
2015.09.30;08:00:00;8.72188;8.68838;8.70068;8.72178;23205
2015.09.30;12:00:00;8.70728;8.66638;8.67422;8.70028;21390
2015.09.30;16:00:00;8.67628;8.64588;8.6652;8.67445;31579
2015.09.30;20:00:00;8.66904;8.64958;8.66058;8.66513;13827
2015.10.01;00:00:00;8.66187;8.65393;8.65718;8.66048;4750
2015.10.01;04:00:00;8.65808;8.63536;8.63939;8.65708;9052
2015.10.01;08:00:00;8.65339;8.62808;8.65029;8.63908;18907
2015.10.01;12:00:00;8.65598;8.63518;8.64948;8.65021;22716
2015.10.01;16:00:00;8.68568;8.64538;8.67562;8.64958;28861
2015.10.01;20:00:00;8.67958;8.66359;8.67428;8.67578;12004
2015.10.02;00:00:00;8.67508;8.66458;8.67098;8.67438;5005
2015.10.02;04:00:00;8.68178;8.65988;8.65988;8.67108;9237
2015.10.02;08:00:00;8.66446;8.64768;8.65038;8.65978;15973
2015.10.02;12:00:00;8.76838;8.63948;8.74608;8.65058;23093
2015.10.02;16:00:00;8.77078;8.70568;8.71061;8.74618;43447
2015.10.02;20:00:00;8.71328;8.67878;8.68528;8.71061;19959
2015.10.05;00:00:00;8.69918;8.68428;8.69508;8.69448;6854
2015.10.05;04:00:00;8.7156;8.69448;8.70452;8.69518;8542
2015.10.05;08:00:00;8.72918;8.69524;8.72448;8.70458;23636
2015.10.05;12:00:00;8.74796;8.68648;8.68792;8.72438;25112
2015.10.05;16:00:00;8.69778;8.65787;8.66849;8.68792;27105
2015.10.05;20:00:00;8.67107;8.6586;8.66858;8.66834;9588
2015.10.06;00:00:00;8.6767;8.66568;8.67127;8.66888;5331
2015.10.06;04:00:00;8.67396;8.65678;8.66375;8.67143;7420
2015.10.06;08:00:00;8.69393;8.65824;8.68366;8.6636;20499
2015.10.06;12:00:00;8.70388;8.67917;8.68398;8.6835;20917
2015.10.06;16:00:00;8.73658;8.68338;8.72788;8.68398;26440
2015.10.06;20:00:00;8.74009;8.72248;8.73388;8.72778;11859
2015.10.07;00:00:00;8.73748;8.72598;8.72963;8.73468;5190
2015.10.07;04:00:00;8.74358;8.72638;8.72978;8.72958;11311
2015.10.07;08:00:00;8.73041;8.69581;8.71153;8.72988;20857
2015.10.07;12:00:00;8.73558;8.70328;8.72208;8.71161;20342
2015.10.07;16:00:00;8.73028;8.68778;8.71218;8.72208;27576
2015.10.07;20:00:00;8.72208;8.70478;8.70798;8.71218;12972
2015.10.08;00:00:00;8.71418;8.70548;8.70888;8.70798;3729
2015.10.08;04:00:00;8.72658;8.70814;8.72348;8.70888;7583
2015.10.08;08:00:00;8.76368;8.71518;8.75118;8.72348;19883
2015.10.08;12:00:00;8.76778;8.70828;8.7253;8.75108;22987
2015.10.08;16:00:00;8.74958;8.71258;8.74225;8.72518;21846
2015.10.08;20:00:00;8.77778;8.72718;8.73758;8.74233;17991
2015.10.09;00:00:00;8.75008;8.73737;8.74265;8.73768;5438
2015.10.09;04:00:00;8.74588;8.73064;8.74388;8.74273;7521
2015.10.09;08:00:00;8.79278;8.73469;8.77468;8.74378;22146
2015.10.09;12:00:00;8.81718;8.76818;8.80968;8.77468;23984
2015.10.09;16:00:00;8.82338;8.78358;8.81738;8.80978;23341
2015.10.09;20:00:00;8.81918;8.79628;8.80158;8.81758;9935
2015.10.12;00:00:00;8.81636;8.79758;8.81363;8.80368;5565
2015.10.12;04:00:00;8.81551;8.80578;8.81209;8.81378;5408
2015.10.12;08:00:00;8.82179;8.8028;8.81834;8.81209;11887
2015.10.12;12:00:00;8.8311;8.80508;8.80828;8.81819;12460
2015.10.12;16:00:00;8.81888;8.79988;8.81727;8.80818;13831
2015.10.12;20:00:00;8.81815;8.80088;8.80088;8.81727;6122
2015.10.13;00:00:00;8.80368;8.79018;8.79318;8.80118;3993
2015.10.13;04:00:00;8.81078;8.79283;8.80814;8.79322;6341
2015.10.13;08:00:00;8.84228;8.80508;8.81888;8.80821;19912
2015.10.13;12:00:00;8.83434;8.80635;8.82728;8.81898;20547
2015.10.13;16:00:00;8.83048;8.79908;8.82578;8.82748;22215
2015.10.13;20:00:00;8.82858;8.81648;8.81758;8.82578;8574
2015.10.14;00:00:00;8.83098;8.81628;8.83088;8.81738;4314
2015.10.14;04:00:00;8.83448;8.82068;8.82498;8.83098;6897
2015.10.14;08:00:00;8.85498;8.82508;8.83818;8.82518;19077
2015.10.14;12:00:00;8.86948;8.82688;8.86674;8.83828;21327
2015.10.14;16:00:00;8.87068;8.84018;8.86801;8.86678;24646
2015.10.14;20:00:00;8.90268;8.86648;8.89088;8.86801;13226
2015.10.15;00:00:00;8.89878;8.88455;8.88556;8.89058;6302
2015.10.15;04:00:00;8.90378;8.88128;8.8957;8.88558;8405
2015.10.15;08:00:00;8.90741;8.85322;8.86603;8.8957;22101
2015.10.15;12:00:00;8.87353;8.80998;8.82058;8.86598;23510
2015.10.15;16:00:00;8.84868;8.80501;8.83398;8.82048;30195
2015.10.15;20:00:00;8.83478;8.81248;8.82718;8.83408;11700
2015.10.16;00:00:00;8.83048;8.80178;8.80678;8.81898;6775
2015.10.16;04:00:00;8.82128;8.80338;8.82018;8.80688;6679
2015.10.16;08:00:00;8.82995;8.79718;8.80318;8.81978;14078
2015.10.16;12:00:00;8.80818;8.78248;8.80188;8.80328;18026
2015.10.16;16:00:00;8.82558;8.79238;8.81888;8.80188;23734
2015.10.16;20:00:00;8.82688;8.79268;8.79498;8.81888;9399
2015.10.19;00:00:00;8.81478;8.79418;8.81088;8.79998;3911
2015.10.19;04:00:00;8.81688;8.79808;8.80488;8.81088;7384
2015.10.19;08:00:00;8.81758;8.78698;8.80278;8.80508;14923
2015.10.19;12:00:00;8.80278;8.76324;8.78268;8.80278;18131
2015.10.19;16:00:00;8.79058;8.76088;8.77288;8.78276;19181
2015.10.19;20:00:00;8.77901;8.77128;8.77608;8.77288;7559
2015.10.20;00:00:00;8.78298;8.77518;8.78258;8.77678;3520
2015.10.20;04:00:00;8.78668;8.77964;8.78048;8.78268;3747
2015.10.20;08:00:00;8.80648;8.77485;8.80218;8.78048;12372
2015.10.20;12:00:00;8.82378;8.79108;8.80668;8.80198;16559
2015.10.20;16:00:00;8.80868;8.78148;8.79638;8.80673;18215
2015.10.20;20:00:00;8.80058;8.78398;8.79098;8.79638;7757
2015.10.21;00:00:00;8.80858;8.79008;8.80408;8.79148;3845
2015.10.21;04:00:00;8.80658;8.7991;8.80384;8.80408;4612
2015.10.21;08:00:00;8.81631;8.79017;8.80238;8.80408;15313
2015.10.21;12:00:00;8.80558;8.78321;8.79818;8.80188;15154
2015.10.21;16:00:00;8.80597;8.78518;8.79218;8.79818;18905
2015.10.21;20:00:00;8.79918;8.78438;8.78668;8.79268;9163
2015.10.22;00:00:00;8.79398;8.77938;8.78378;8.78698;3412
2015.10.22;04:00:00;8.79578;8.78368;8.78418;8.78388;7125
2015.10.22;08:00:00;8.79158;8.75798;8.76648;8.78428;16584
2015.10.22;12:00:00;8.77638;8.66218;8.67628;8.76628;22852
2015.10.22;16:00:00;8.68878;8.61588;8.63018;8.67628;34807
2015.10.22;20:00:00;8.63178;8.60158;8.60808;8.62978;13819
2015.10.23;00:00:00;8.60908;8.57948;8.59331;8.60768;9778
2015.10.23;04:00:00;8.61638;8.59368;8.60868;8.59368;9604
2015.10.23;08:00:00;8.63019;8.59458;8.62358;8.60878;19199
2015.10.23;12:00:00;8.6319;8.54508;8.55979;8.62358;25622
2015.10.23;16:00:00;8.56757;8.52868;8.53588;8.55979;27410
2015.10.23;20:00:00;8.53738;8.52108;8.53678;8.53588;12150
2015.10.25;23:00:00;8.53028;8.52128;8.52938;8.52568;304
2015.10.26;00:00:00;8.54818;8.52798;8.54308;8.52908;8054
2015.10.26;04:00:00;8.55448;8.54298;8.55278;8.54308;5770
2015.10.26;08:00:00;8.56738;8.54141;8.54258;8.55278;16670
2015.10.26;12:00:00;8.55528;8.52678;8.54928;8.54272;18267
2015.10.26;16:00:00;8.5767;8.54598;8.56518;8.54912;21944
2015.10.26;20:00:00;8.56978;8.55628;8.56498;8.56518;5380
2015.10.27;00:00:00;8.57328;8.55859;8.56108;8.56458;4829
2015.10.27;04:00:00;8.57758;8.56118;8.57348;8.56118;6783
2015.10.27;08:00:00;8.5796;8.55178;8.55818;8.57348;15386
2015.10.27;12:00:00;8.58478;8.55258;8.55578;8.55808;21259
2015.10.27;16:00:00;8.57088;8.54718;8.55278;8.55598;20933
2015.10.27;20:00:00;8.56578;8.55118;8.55966;8.55288;7493
2015.10.28;00:00:00;8.56118;8.54378;8.54718;8.55958;8136
2015.10.28;04:00:00;8.55428;8.54328;8.54878;8.54718;5146
2015.10.28;08:00:00;8.57008;8.54773;8.56065;8.54878;13116
2015.10.28;12:00:00;8.59332;8.56078;8.57758;8.56078;18316
2015.10.28;16:00:00;8.59798;8.56808;8.56809;8.57768;20636
2015.10.28;20:00:00;8.58028;8.4436;8.46718;8.56968;26927
2015.10.29;00:00:00;8.47108;8.44817;8.46008;8.46738;9450
2015.10.29;04:00:00;8.47308;8.46008;8.47108;8.46008;7368
2015.10.29;08:00:00;8.50118;8.45908;8.49508;8.47128;19133
2015.10.29;12:00:00;8.50548;8.46528;8.48828;8.49498;23786
2015.10.29;16:00:00;8.51248;8.48268;8.49848;8.48813;21540
2015.10.29;20:00:00;8.51328;8.49228;8.51318;8.49888;7042
2015.10.30;00:00:00;8.52218;8.50358;8.50748;8.51308;7872
2015.10.30;04:00:00;8.51952;8.49689;8.50418;8.5074;14210
2015.10.30;08:00:00;8.53908;8.50278;8.52898;8.50428;20841
2015.10.30;12:00:00;8.56058;8.51948;8.56048;8.52748;23293
2015.10.30;16:00:00;8.57988;8.53228;8.53728;8.56108;26775
2015.10.30;20:00:00;8.53758;8.51418;8.52608;8.53738;10156
2015.11.02;00:00:00;8.55338;8.53758;8.54868;8.54918;10033
2015.11.02;04:00:00;8.55398;8.54278;8.54948;8.54878;4997
2015.11.02;08:00:00;8.56218;8.52679;8.52708;8.54948;17383
2015.11.02;12:00:00;8.56468;8.52384;8.56318;8.52688;15855
2015.11.02;16:00:00;8.56318;8.53575;8.54006;8.56318;18222
2015.11.02;20:00:00;8.54744;8.52828;8.53568;8.53993;6705
2015.11.03;00:00:00;8.53832;8.52896;8.53181;8.53568;3566
2015.11.03;04:00:00;8.5392;8.53188;8.53884;8.53188;4138
2015.11.03;08:00:00;8.54716;8.50688;8.51194;8.53884;13859
2015.11.03;12:00:00;8.51551;8.49054;8.49698;8.51194;14964
2015.11.03;16:00:00;8.49908;8.47448;8.49191;8.49688;22007
2015.11.03;20:00:00;8.50097;8.48068;8.49528;8.49207;12131
2015.11.04;00:00:00;8.49928;8.48123;8.48308;8.49548;6659
2015.11.04;04:00:00;8.49147;8.47578;8.49131;8.48317;6100
2015.11.04;08:00:00;8.49131;8.45968;8.46018;8.49131;16634
2015.11.04;12:00:00;8.47708;8.44988;8.45148;8.46028;16777
2015.11.04;16:00:00;8.45558;8.40388;8.41218;8.45138;28246
2015.11.04;20:00:00;8.42048;8.40352;8.41978;8.41198;9209
2015.11.05;00:00:00;8.42565;8.41328;8.42341;8.41998;5903
2015.11.05;04:00:00;8.42854;8.4185;8.42498;8.4238;5136
2015.11.05;08:00:00;8.44098;8.39552;8.41968;8.42498;19143
2015.11.05;12:00:00;8.44528;8.40848;8.43198;8.41978;22336
2015.11.05;16:00:00;8.44168;8.41418;8.41978;8.43188;24609
2015.11.05;20:00:00;8.43938;8.41888;8.43478;8.41968;8766
2015.11.06;00:00:00;8.43828;8.4307;8.43748;8.43448;4120
2015.11.06;04:00:00;8.44248;8.42976;8.43308;8.43748;5367
2015.11.06;08:00:00;8.43588;8.41868;8.42013;8.43307;16152
2015.11.06;12:00:00;8.43493;8.29633;8.31993;8.42003;22985
2015.11.06;16:00:00;8.33363;8.29803;8.31983;8.31993;34090
2015.11.06;20:00:00;8.32809;8.30734;8.32443;8.31988;10537
2015.11.09;00:00:00;8.33009;8.30623;8.32862;8.31648;7164
2015.11.09;04:00:00;8.34753;8.32747;8.34273;8.32916;7374
2015.11.09;08:00:00;8.35248;8.33347;8.3464;8.34283;17354
2015.11.09;12:00:00;8.36286;8.31996;8.32533;8.3464;21658
2015.11.09;16:00:00;8.35693;8.31393;8.33696;8.32543;28561
2015.11.09;20:00:00;8.34495;8.32803;8.33233;8.33681;8979
2015.11.10;00:00:00;8.34073;8.33033;8.33072;8.33233;6179
2015.11.10;04:00:00;8.33465;8.32113;8.32824;8.33063;5397
2015.11.10;08:00:00;8.34168;8.31503;8.32053;8.32824;18729
2015.11.10;12:00:00;8.32723;8.27879;8.28933;8.32053;23151
2015.11.10;16:00:00;8.29793;8.27233;8.29583;8.28923;24745
2015.11.10;20:00:00;8.31703;8.28953;8.31203;8.29573;11560
2015.11.11;00:00:00;8.33063;8.30633;8.32963;8.31213;8321
2015.11.11;04:00:00;8.34953;8.32934;8.33783;8.32977;10631
2015.11.11;08:00:00;8.33913;8.31733;8.33023;8.33783;16757
2015.11.11;12:00:00;8.33233;8.29643;8.31847;8.33013;17273
2015.11.11;16:00:00;8.33373;8.29723;8.31353;8.31847;22559
2015.11.11;20:00:00;8.32693;8.31113;8.32453;8.31343;6640
2015.11.12;00:00:00;8.35383;8.32413;8.34733;8.32453;10964
2015.11.12;04:00:00;8.34933;8.33153;8.33573;8.34739;8546
2015.11.12;08:00:00;8.33807;8.28433;8.30063;8.33563;22889
2015.11.12;12:00:00;8.322;8.29714;8.31093;8.30063;21947
2015.11.12;16:00:00;8.37543;8.30843;8.35203;8.31093;37810
2015.11.12;20:00:00;8.39163;8.34243;8.37883;8.35203;15579
2015.11.13;00:00:00;8.38193;8.35709;8.35873;8.37893;9237
2015.11.13;04:00:00;8.36613;8.35636;8.35833;8.35883;7287
2015.11.13;08:00:00;8.36003;8.33173;8.33533;8.35798;18959
2015.11.13;12:00:00;8.37493;8.31773;8.31933;8.33523;26733
2015.11.13;16:00:00;8.33493;8.30333;8.31213;8.31923;27756
2015.11.13;20:00:00;8.34563;8.30773;8.34523;8.31203;11771
2015.11.16;00:00:00;8.32593;8.28133;8.30063;8.32223;13452
2015.11.16;04:00:00;8.31295;8.30023;8.31135;8.30073;5863
2015.11.16;08:00:00;8.33643;8.30345;8.31163;8.31123;20023
2015.11.16;12:00:00;8.32649;8.30183;8.31328;8.31122;17863
2015.11.16;16:00:00;8.31503;8.28613;8.28833;8.31328;23600
2015.11.16;20:00:00;8.29193;8.27313;8.28123;8.28793;9891
2015.11.17;00:00:00;8.28463;8.26085;8.26533;8.28133;7375
2015.11.17;04:00:00;8.26953;8.25743;8.26273;8.26533;6698
2015.11.17;08:00:00;8.27093;8.24703;8.26633;8.26243;19986
2015.11.17;12:00:00;8.27533;8.25403;8.2584;8.26653;18580
2015.11.17;16:00:00;8.27333;8.23753;8.24965;8.2584;25033
2015.11.17;20:00:00;8.25673;8.24072;8.24583;8.24965;12858
2015.11.18;00:00:00;8.25063;8.24163;8.24213;8.24593;5428
2015.11.18;04:00:00;8.25353;8.23831;8.25273;8.24213;6245
2015.11.18;08:00:00;8.28633;8.24587;8.27663;8.25283;16886
2015.11.18;12:00:00;8.27833;8.25915;8.25972;8.27643;17340
2015.11.18;16:00:00;8.27217;8.23189;8.24465;8.25972;22398
2015.11.18;20:00:00;8.26948;8.22703;8.25943;8.24457;17317
2015.11.19;00:00:00;8.30513;8.25643;8.29347;8.25953;9138
2015.11.19;04:00:00;8.30094;8.28293;8.29521;8.29343;10792
2015.11.19;08:00:00;8.29761;8.26554;8.28023;8.29474;18162
2015.11.19;12:00:00;8.30453;8.26693;8.28063;8.28013;21337
2015.11.19;16:00:00;8.33973;8.27793;8.3108;8.28053;29957
2015.11.19;20:00:00;8.32178;8.30405;8.31673;8.3108;9604
2015.11.20;00:00:00;8.32056;8.29883;8.30503;8.31673;5874
2015.11.20;04:00:00;8.31182;8.29882;8.3097;8.30503;6825
2015.11.20;08:00:00;8.31284;8.26312;8.28153;8.30962;20594
2015.11.20;12:00:00;8.29555;8.26913;8.28573;8.28152;18453
2015.11.20;16:00:00;8.29703;8.24477;8.25233;8.28583;23896
2015.11.20;20:00:00;8.25843;8.24443;8.24973;8.25228;9851
2015.11.23;00:00:00;8.24893;8.22053;8.22423;8.24423;6760
2015.11.23;04:00:00;8.22833;8.21423;8.22503;8.22393;9342
2015.11.23;08:00:00;8.24743;8.21975;8.23773;8.22503;17993
2015.11.23;12:00:00;8.24963;8.22523;8.24932;8.23771;17745
2015.11.23;16:00:00;8.25753;8.20753;8.22913;8.24933;25012
2015.11.23;20:00:00;8.24183;8.22193;8.24143;8.22893;8493
2015.11.24;00:00:00;8.24848;8.23663;8.24503;8.24133;7062
2015.11.24;04:00:00;8.24769;8.22883;8.23794;8.24503;6247
2015.11.24;08:00:00;8.26773;8.23013;8.24943;8.23803;18697
2015.11.24;12:00:00;8.26583;8.24043;8.2619;8.24953;21058
2015.11.24;16:00:00;8.27023;8.23544;8.24993;8.26189;24942
2015.11.24;20:00:00;8.26157;8.24113;8.24693;8.25003;10578
2015.11.25;00:00:00;8.26363;8.24453;8.26343;8.24703;6890
2015.11.25;04:00:00;8.27333;8.25323;8.25873;8.26333;9748
2015.11.25;08:00:00;8.2829;8.21853;8.22273;8.25865;22810
2015.11.25;12:00:00;8.22633;8.19543;8.20696;8.22234;26179
2015.11.25;16:00:00;8.24633;8.18723;8.23203;8.20703;25013
2015.11.25;20:00:00;8.23594;8.22153;8.23243;8.23223;8529
2015.11.26;00:00:00;8.23485;8.22552;8.22863;8.23253;6772
2015.11.26;04:00:00;8.23298;8.22563;8.22872;8.22868;6085
2015.11.26;08:00:00;8.23197;8.21363;8.22157;8.22887;13942
2015.11.26;12:00:00;8.22934;8.21714;8.22783;8.22143;12170
2015.11.26;16:00:00;8.23203;8.21853;8.22463;8.22773;8958
2015.11.26;20:00:00;8.2255;8.21762;8.22203;8.22463;5007
2015.11.27;00:00:00;8.22203;8.21493;8.21993;8.22133;5635
2015.11.27;04:00:00;8.22633;8.21813;8.22293;8.21983;5464
2015.11.27;08:00:00;8.24303;8.20123;8.20183;8.22283;18029
2015.11.27;12:00:00;8.21163;8.19373;8.19783;8.20153;17016
2015.11.27;16:00:00;8.21658;8.18953;8.21344;8.19763;16006
2015.11.27;20:00:00;8.21743;8.20603;8.20763;8.21344;4762
2015.11.30;00:00:00;8.20933;8.19083;8.19783;8.20603;6491
2015.11.30;04:00:00;8.20744;8.19563;8.20212;8.19772;5137
2015.11.30;08:00:00;8.20983;8.18483;8.19853;8.20213;15739
2015.11.30;12:00:00;8.20196;8.18589;8.19403;8.19863;17009
2015.11.30;16:00:00;8.20653;8.18323;8.18503;8.19403;21737
2015.11.30;20:00:00;8.19813;8.18463;8.18913;8.18503;9779
2015.12.01;00:00:00;8.20063;8.18603;8.19793;8.18923;6668
2015.12.01;04:00:00;8.21223;8.19293;8.20093;8.19793;12497
2015.12.01;08:00:00;8.22973;8.19773;8.21433;8.20103;16857
2015.12.01;12:00:00;8.22503;8.2047;8.22113;8.21423;14099
2015.12.01;16:00:00;8.24503;8.21773;8.22773;8.22103;25138
2015.12.01;20:00:00;8.24443;8.22773;8.24043;8.22773;8860
2015.12.02;00:00:00;8.24353;8.23142;8.23173;8.24053;5075
2015.12.02;04:00:00;8.23383;8.22313;8.22383;8.23173;5215
2015.12.02;08:00:00;8.23883;8.22013;8.22993;8.22383;15309
2015.12.02;12:00:00;8.22993;8.19703;8.19873;8.22981;18847
2015.12.02;16:00:00;8.21263;8.17573;8.20253;8.19863;27356
2015.12.02;20:00:00;8.23503;8.19928;8.22533;8.20253;16328
2015.12.03;00:00:00;8.22783;8.21503;8.21573;8.22523;5335
2015.12.03;04:00:00;8.21593;8.20403;8.20413;8.21563;7091
2015.12.03;08:00:00;8.20963;8.17673;8.18293;8.20423;16084
2015.12.03;12:00:00;8.44063;8.14926;8.38735;8.18297;38743
2015.12.03;16:00:00;8.47853;8.35953;8.44743;8.38719;43902
2015.12.03;20:00:00;8.50863;8.44769;8.47653;8.44769;22646
2015.12.04;00:00:00;8.48963;8.44576;8.4537;8.47643;12512
2015.12.04;04:00:00;8.48183;8.44951;8.47608;8.45362;11555
2015.12.04;08:00:00;8.48082;8.41387;8.43823;8.47592;26916
2015.12.04;12:00:00;8.48453;8.41123;8.46593;8.43833;31118
2015.12.04;16:00:00;8.48523;8.39626;8.42143;8.46613;39923
2015.12.04;20:00:00;8.42983;8.40783;8.42663;8.42133;12892
2015.12.07;00:00:00;8.43643;8.41743;8.42073;8.42423;6536
2015.12.07;04:00:00;8.42233;8.41033;8.41633;8.42103;5120
2015.12.07;08:00:00;8.42492;8.37733;8.38163;8.41645;16082
2015.12.07;12:00:00;8.38883;8.36523;8.38193;8.38153;16281
2015.12.07;16:00:00;8.41503;8.37273;8.40833;8.38173;26046
2015.12.07;20:00:00;8.41543;8.39373;8.39773;8.40837;10384
2015.12.08;00:00:00;8.40663;8.39233;8.40523;8.39783;4899
2015.12.08;04:00:00;8.41553;8.40213;8.41553;8.40523;5953
2015.12.08;08:00:00;8.43231;8.40963;8.40993;8.41573;18485
2015.12.08;12:00:00;8.44364;8.40003;8.4417;8.40973;21711
2015.12.08;16:00:00;8.44663;8.42033;8.43873;8.44164;24393
2015.12.08;20:00:00;8.44893;8.43493;8.43963;8.43873;10886
2015.12.09;00:00:00;8.44597;8.43023;8.44548;8.44003;4269
2015.12.09;04:00:00;8.46243;8.44143;8.45163;8.44533;6579
2015.12.09;08:00:00;8.47491;8.45076;8.46993;8.45186;18657
2015.12.09;12:00:00;8.50497;8.45836;8.50183;8.46983;19382
2015.12.09;16:00:00;8.52773;8.48523;8.52583;8.50183;31811
2015.12.09;20:00:00;8.55673;8.52203;8.54293;8.52583;21387
2015.12.10;00:00:00;8.54323;8.52863;8.52913;8.54293;6848
2015.12.10;04:00:00;8.53503;8.52503;8.52523;8.52903;4683
2015.12.10;08:00:00;8.52613;8.49393;8.49913;8.52533;16725
2015.12.10;12:00:00;8.50253;8.47217;8.50123;8.49882;24728
2015.12.10;16:00:00;8.50138;8.46533;8.48253;8.50123;29858
2015.12.10;20:00:00;8.48983;8.46926;8.47723;8.48263;11368
2015.12.11;00:00:00;8.48303;8.46638;8.47113;8.47733;6772
2015.12.11;04:00:00;8.48053;8.46775;8.47496;8.47123;4859
2015.12.11;08:00:00;8.50062;8.47348;8.48003;8.47496;17966
2015.12.11;12:00:00;8.50683;8.47247;8.48703;8.47974;26720
2015.12.11;16:00:00;8.54803;8.48653;8.51993;8.48713;41580
2015.12.11;20:00:00;8.52343;8.5083;8.51803;8.51983;15043
2015.12.14;00:00:00;8.51893;8.49883;8.50113;8.51153;8338
2015.12.14;04:00:00;8.50423;8.48823;8.49633;8.50113;8278
2015.12.14;08:00:00;8.50233;8.48133;8.49103;8.49603;19454
2015.12.14;12:00:00;8.51731;8.48533;8.51336;8.49113;27065
2015.12.14;16:00:00;8.56171;8.50621;8.53583;8.51313;40536
2015.12.14;20:00:00;8.54293;8.51194;8.51673;8.53589;16177
2015.12.15;00:00:00;8.53433;8.51513;8.5325;8.51683;8034
2015.12.15;04:00:00;8.54723;8.52477;8.54533;8.53263;7103
2015.12.15;08:00:00;8.56973;8.53183;8.54303;8.54533;21439
2015.12.15;12:00:00;8.55313;8.50032;8.50103;8.54285;26186
2015.12.15;16:00:00;8.50383;8.45003;8.46483;8.50103;32928
2015.12.15;20:00:00;8.46493;8.46423;8.46444;8.46493;17
