DATE;TIME;HIGH;LOW;CLOSE;OPEN;VOLUME
2015.04.27;12:00:00;302.277;300.433;300.69;302.23;2887
2015.04.27;16:00:00;300.84;299.36;299.83;300.69;3020
2015.04.27;20:00:00;300.197;299.76;299.88;299.834;833
2015.04.28;00:00:00;300.018;299.82;300.006;299.82;362
2015.04.28;04:00:00;300.045;299.903;300.012;300.002;498
2015.04.28;08:00:00;301.39;299.665;301.245;300.012;2399
2015.04.28;12:00:00;301.76;300.735;301.69;301.25;2882
2015.04.28;16:00:00;301.75;300.43;300.508;301.69;2848
2015.04.28;20:00:00;300.81;300.44;300.53;300.509;823
2015.04.29;00:00:00;300.864;300.43;300.741;300.43;7810
2015.04.29;04:00:00;300.826;300.674;300.809;300.741;2477
2015.04.29;08:00:00;301.56;300.526;301.42;300.812;1624
2015.04.29;12:00:00;303.13;301.447;303;301.46;4459
2015.04.29;16:00:00;303.001;301.69;301.98;302.99;6242
2015.04.29;20:00:00;302.07;301.46;302.02;301.98;1464
2015.04.30;00:00:00;302.09;301.91;302.01;301.91;161
2015.04.30;04:00:00;302.07;302.01;302.06;302.02;63
2015.04.30;08:00:00;304.19;302;302.86;302.06;2516
2015.04.30;12:00:00;303.24;301.9;302.273;302.86;3654
2015.04.30;16:00:00;303.868;301.9;303.66;302.267;5535
2015.04.30;20:00:00;303.746;303.35;303.35;303.667;2132
2015.05.01;00:00:00;303.47;302.96;303.01;303.34;201
2015.05.01;04:00:00;303.07;302.96;302.96;303;85
2015.05.01;08:00:00;304.03;302.95;303.88;303.06;722
2015.05.01;12:00:00;304.2;303.4;303.8;303.88;1675
2015.05.01;16:00:00;304.53;303.41;303.53;303.8;1470
2015.05.01;20:00:00;303.67;303.13;303.32;303.51;884
2015.05.04;00:00:00;303.52;302.888;303.48;302.888;988
2015.05.04;04:00:00;303.52;303.35;303.44;303.52;2157
2015.05.04;08:00:00;303.78;302.93;303.62;303.44;1524
2015.05.04;12:00:00;303.66;302.98;303.27;303.61;1280
2015.05.04;16:00:00;303.54;302.66;303.35;303.22;1322
2015.05.04;20:00:00;303.679;302.86;303.19;303.35;3758
2015.05.05;00:00:00;303.462;302.77;303.427;302.78;11290
2015.05.05;04:00:00;303.454;303.28;303.314;303.431;1338
2015.05.05;08:00:00;303.418;301.161;301.36;303.315;3570
2015.05.05;12:00:00;301.864;301.11;301.698;301.4;3932
2015.05.05;16:00:00;304.21;301.68;303.74;301.691;4159
2015.05.05;20:00:00;303.86;303.35;303.39;303.74;872
2015.05.06;00:00:00;303.643;303.01;303.38;303.38;4239
2015.05.06;04:00:00;303.89;303.322;303.34;303.37;1318
2015.05.06;08:00:00;306.07;303.33;304.55;303.34;4057
2015.05.06;12:00:00;305.01;304.13;304.76;304.55;4448
2015.05.06;16:00:00;305.77;304.76;305.64;304.775;4320
2015.05.06;20:00:00;305.64;305.025;305.35;305.64;1373
2015.05.07;00:00:00;305.433;305.31;305.409;305.35;260
2015.05.07;04:00:00;305.509;305.399;305.509;305.407;551
2015.05.07;08:00:00;307.129;305.14;306.66;305.511;4118
2015.05.07;12:00:00;307.54;303.85;304.17;306.66;5238
2015.05.07;16:00:00;304.24;303.08;303.53;304.17;4987
2015.05.07;20:00:00;303.57;303.1;303.12;303.54;710
2015.05.08;00:00:00;303.233;303.03;303.203;303.12;561
2015.05.08;04:00:00;303.348;303.04;303.11;303.205;1067
2015.05.08;08:00:00;303.456;302.036;303.19;303.04;3338
2015.05.08;12:00:00;304.4;302.56;303.17;303.2;3087
2015.05.08;16:00:00;303.23;302.35;302.63;303.17;1964
2015.05.08;20:00:00;302.63;302.28;302.28;302.63;774
2015.05.11;00:00:00;302.34;301.82;302.32;302.003;76
2015.05.11;04:00:00;302.44;302.32;302.32;302.32;444
2015.05.11;08:00:00;304.63;302.24;304.56;302.32;1874
2015.05.11;12:00:00;304.88;303.819;304.76;304.61;2952
2015.05.11;16:00:00;304.922;304.053;304.863;304.75;2976
2015.05.11;20:00:00;304.93;304.65;304.65;304.872;788
2015.05.12;00:00:00;304.849;304.58;304.833;304.6;357
2015.05.12;04:00:00;304.99;304.71;304.836;304.833;817
2015.05.12;08:00:00;307.1;304.23;307.06;304.83;4409
2015.05.12;12:00:00;307.47;305.71;306.55;307.04;4048
2015.05.12;16:00:00;307.4;305.831;306.464;306.55;3926
2015.05.12;20:00:00;306.78;306.342;306.67;306.467;1426
2015.05.13;00:00:00;307.16;306.63;306.94;306.67;449
2015.05.13;04:00:00;307.12;306.75;307.11;306.94;688
2015.05.13;08:00:00;307.11;304.77;305.36;307.11;3784
2015.05.13;12:00:00;307.079;305.04;306.15;305.37;4942
2015.05.13;16:00:00;307.9;306.049;307.62;306.15;4495
2015.05.13;20:00:00;307.97;307.456;307.46;307.612;711
2015.05.14;00:00:00;307.839;307.37;307.703;307.41;482
2015.05.14;04:00:00;307.764;307.52;307.76;307.711;588
2015.05.14;08:00:00;308.16;307.172;307.78;307.76;3290
2015.05.14;12:00:00;308.19;306.843;306.868;307.781;4502
2015.05.14;16:00:00;306.865;305.53;306.241;306.863;4724
2015.05.14;20:00:00;306.43;306.12;306.15;306.244;1058
2015.05.15;00:00:00;306.381;306;306.268;306.08;414
2015.05.15;04:00:00;306.734;306.194;306.644;306.275;1221
2015.05.15;08:00:00;306.77;305.11;306.47;306.647;2937
2015.05.15;12:00:00;307.16;306.2;306.75;306.52;3703
2015.05.15;16:00:00;307.283;306.397;306.686;306.74;5418
2015.05.15;20:00:00;307.039;305.89;305.9;306.695;961
2015.05.18;00:00:00;306.503;305.4;306.484;305.4;325
2015.05.18;04:00:00;306.507;306.159;306.199;306.487;1225
2015.05.18;08:00:00;306.569;305.882;306.05;306.187;2015
2015.05.18;12:00:00;308.059;305.956;307.614;306.05;3158
2015.05.18;16:00:00;309.42;307.51;309.28;307.61;2949
2015.05.18;20:00:00;309.28;308.47;308.57;309.28;1834
2015.05.19;00:00:00;308.853;308.472;308.818;308.57;573
2015.05.19;04:00:00;308.854;308.514;308.552;308.822;656
2015.05.19;08:00:00;308.862;305.494;305.95;308.552;4633
2015.05.19;12:00:00;306.908;304.481;305.577;305.94;4723
2015.05.19;16:00:00;306.1;304.99;305.303;305.57;3964
2015.05.19;20:00:00;305.82;305.301;305.62;305.312;911
2015.05.20;00:00:00;305.69;305.57;305.664;305.58;67
2015.05.20;04:00:00;306.03;305.657;305.763;305.665;634
2015.05.20;08:00:00;307.16;305.45;306.84;305.776;3962
2015.05.20;12:00:00;306.9;306.066;306.37;306.83;3322
2015.05.20;16:00:00;307.211;305.46;307.084;306.36;5185
2015.05.20;20:00:00;307.21;306.626;306.626;307.094;1544
2015.05.21;00:00:00;307.22;306.51;307.211;306.554;660
2015.05.21;04:00:00;307.229;307.19;307.218;307.214;509
2015.05.21;08:00:00;307.243;306.01;306.371;307.211;4333
2015.05.21;12:00:00;307.15;306.083;307.11;306.357;3467
2015.05.21;16:00:00;307.66;306.804;307.231;307.1;3818
2015.05.21;20:00:00;307.78;307.13;307.62;307.249;986
2015.05.22;00:00:00;307.7;307.26;307.48;307.62;288
2015.05.22;04:00:00;307.496;307.451;307.483;307.482;493
2015.05.22;08:00:00;307.46;306.58;306.95;307.277;4663
2015.05.22;12:00:00;307.36;306.6;306.74;306.95;2053
2015.05.22;16:00:00;308.33;306.68;307.541;306.72;3828
2015.05.22;20:00:00;307.63;306.44;306.54;307.555;1106
2015.05.25;00:00:00;307.799;306.37;307.36;307.035;1384
2015.05.25;04:00:00;307.611;307.05;307.333;307.35;372
2015.05.25;08:00:00;307.71;306.711;307.535;307.333;1509
2015.05.25;12:00:00;308.015;307.427;307.516;307.539;1263
2015.05.25;16:00:00;308.23;307.18;307.717;307.516;1175
2015.05.25;20:00:00;307.787;307.55;307.55;307.724;372
2015.05.26;00:00:00;307.877;307.57;307.837;307.605;353
2015.05.26;04:00:00;307.852;307.755;307.838;307.838;536
2015.05.26;08:00:00;308.923;307.664;308.413;307.841;3365
2015.05.26;12:00:00;309.35;308.35;308.92;308.407;4847
2015.05.26;16:00:00;309.57;308.49;309.08;308.92;5566
2015.05.26;20:00:00;309.27;308.97;308.97;309.087;652
2015.05.27;00:00:00;309.06;308.491;308.68;308.98;653
2015.05.27;04:00:00;308.92;308.624;308.638;308.71;1156
2015.05.27;08:00:00;309.31;308.02;309.191;308.667;2353
2015.05.27;12:00:00;309.199;308.58;309.07;309.199;4286
2015.05.27;16:00:00;309.282;308.33;309.01;309.064;5966
2015.05.27;20:00:00;309.13;308.536;308.716;309.01;4812
2015.05.28;00:00:00;309.19;308.642;309.131;308.642;1694
2015.05.28;04:00:00;309.161;308.85;309.127;309.129;1147
2015.05.28;08:00:00;309.26;308.121;309.09;309.151;3105
2015.05.28;12:00:00;309.22;308.266;308.4;309.1;4171
2015.05.28;16:00:00;309.45;308.12;309.2;308.406;3940
2015.05.28;20:00:00;309.21;309.02;309.08;309.21;567
2015.05.29;00:00:00;309.126;309.02;309.114;309.02;345
2015.05.29;04:00:00;309.27;309.03;309.15;309.03;458
2015.05.29;08:00:00;309.66;308.896;309.21;309.153;2247
2015.05.29;12:00:00;309.4;308.52;308.56;309.34;2196
2015.05.29;16:00:00;309.51;308.49;308.88;308.56;2319
2015.05.29;20:00:00;309.14;308.86;309.01;308.88;519
2015.06.01;00:00:00;309.143;308.492;308.81;308.603;713
2015.06.01;04:00:00;309.187;308.81;309.181;309.064;1265
2015.06.01;08:00:00;309.857;308.65;309.553;309.183;2092
2015.06.01;12:00:00;309.57;308.378;308.388;309.553;4871
2015.06.01;16:00:00;309.01;308.251;308.389;308.372;6268
2015.06.01;20:00:00;308.76;308.3;308.31;308.389;938
2015.06.02;00:00:00;308.36;307.991;308.32;308.3;518
2015.06.02;04:00:00;308.33;308.237;308.3;308.32;497
2015.06.02;08:00:00;309.6;308.278;309.286;308.3;3131
2015.06.02;12:00:00;310.58;308.943;310.12;309.278;5903
2015.06.02;16:00:00;312.3;309.362;312.29;310.12;5469
2015.06.02;20:00:00;312.34;311.61;311.718;312.26;1659
2015.06.03;00:00:00;311.976;311.606;311.83;311.639;911
2015.06.03;04:00:00;312.44;311.66;312.079;311.836;2027
2015.06.03;08:00:00;312.51;311.1;311.83;312.086;2895
2015.06.03;12:00:00;312.17;311.064;311.58;311.88;3448
2015.06.03;16:00:00;313.2;311.411;312.27;311.583;5279
2015.06.03;20:00:00;312.74;312.21;312.65;312.25;735
2015.06.04;00:00:00;312.73;312.166;312.185;312.65;826
2015.06.04;04:00:00;312.368;312.12;312.129;312.173;4280
2015.06.04;08:00:00;314.1;311.96;313.68;312.19;3123
2015.06.04;12:00:00;313.86;311.49;311.76;313.67;4006
2015.06.04;16:00:00;311.78;310.832;311.14;311.75;3549
2015.06.04;20:00:00;311.35;311.046;311.13;311.14;827
2015.06.05;00:00:00;311.093;310.617;310.659;311.02;416
2015.06.05;04:00:00;310.84;310.642;310.82;310.658;193
2015.06.05;08:00:00;312.047;310.62;311.54;310.82;3005
2015.06.05;12:00:00;312.61;311.073;311.77;311.53;4327
2015.06.05;16:00:00;313.16;311.649;312.14;311.76;3982
2015.06.05;20:00:00;312.14;311.5;311.5;312.13;679
2015.06.08;00:00:00;311.805;311.34;311.635;311.623;263
2015.06.08;04:00:00;311.771;311.57;311.57;311.626;425
2015.06.08;08:00:00;313.95;311.57;313.649;311.63;3152
2015.06.08;12:00:00;314.03;313.59;313.9;313.652;2811
2015.06.08;16:00:00;314.26;313.46;313.757;313.9;3758
2015.06.08;20:00:00;314.086;313.501;313.56;313.71;2193
2015.06.09;00:00:00;313.863;313.28;313.83;313.505;2082
2015.06.09;04:00:00;313.903;313.44;313.823;313.834;2010
2015.06.09;08:00:00;313.98;312.464;312.555;313.805;3835
2015.06.09;12:00:00;312.703;312.01;312.652;312.55;3413
2015.06.09;16:00:00;313.07;312.483;312.65;312.646;5226
2015.06.09;20:00:00;312.8;312.58;312.62;312.65;724
2015.06.10;00:00:00;312.74;312.61;312.69;312.61;390
2015.06.10;04:00:00;312.697;312.34;312.42;312.689;1054
2015.06.10;08:00:00;313.74;312.25;312.8;312.42;2700
2015.06.10;12:00:00;312.99;311.88;312.313;312.81;4962
2015.06.10;16:00:00;312.36;311.67;312.093;312.3;5696
2015.06.10;20:00:00;312.27;312.008;312.18;312.089;727
2015.06.11;00:00:00;312.21;312.01;312.03;312.13;136
2015.06.11;04:00:00;312.15;311.958;312.07;312.02;187
2015.06.11;08:00:00;312.686;311.43;312.68;312.16;2562
2015.06.11;12:00:00;312.68;311.63;311.716;312.68;4861
2015.06.11;16:00:00;311.76;310.49;311.101;311.716;4953
2015.06.11;20:00:00;311.22;310.67;310.68;311.095;801
2015.06.12;00:00:00;311.077;310.415;310.759;310.62;563
2015.06.12;04:00:00;311.049;310.51;310.516;310.764;4395
2015.06.12;08:00:00;311.942;310.51;311.501;310.56;2752
2015.06.12;12:00:00;312.25;311.339;311.943;311.52;2466
2015.06.12;16:00:00;312.7;311.615;311.81;311.955;4878
2015.06.12;20:00:00;311.99;311.7;311.7;311.81;1227
2015.06.15;00:00:00;312.719;312.32;312.706;312.48;391
2015.06.15;04:00:00;312.789;312.48;312.55;312.704;631
2015.06.15;08:00:00;313.484;312.342;312.76;312.62;2890
2015.06.15;12:00:00;313.65;312.669;313.287;312.76;2820
2015.06.15;16:00:00;313.29;312.116;312.16;313.28;2456
2015.06.15;20:00:00;312.352;312.097;312.2;312.16;1275
2015.06.16;00:00:00;312.35;312.06;312.25;312.099;269
2015.06.16;04:00:00;312.36;312.22;312.26;312.25;114
2015.06.16;08:00:00;313.23;312.26;312.9;312.26;2150
2015.06.16;12:00:00;312.87;311.33;311.33;312.87;3347
2015.06.16;16:00:00;312.37;310.453;311.147;311.33;4401
2015.06.16;20:00:00;311.532;310.758;311.32;311.156;1084
2015.06.17;00:00:00;311.474;311.27;311.44;311.27;526
2015.06.17;04:00:00;311.602;311.38;311.485;311.44;663
2015.06.17;08:00:00;312.509;310.718;312.12;311.482;2624
2015.06.17;12:00:00;312.2;311.252;311.412;312.11;2956
2015.06.17;16:00:00;312.09;310.594;312.07;311.412;4495
2015.06.17;20:00:00;312.1;310.82;310.93;312.05;2475
2015.06.18;00:00:00;311.43;310.875;311.029;310.92;703
2015.06.18;04:00:00;311.27;310.982;311.131;311.03;516
2015.06.18;08:00:00;311.76;309.82;310.66;311.122;3319
2015.06.18;12:00:00;311.52;310.609;311.333;310.66;3117
2015.06.18;16:00:00;312.91;311.29;312.28;311.32;5304
2015.06.18;20:00:00;312.61;312.078;312.146;312.28;1646
2015.06.19;00:00:00;312.464;312.1;312.352;312.146;340
2015.06.19;04:00:00;312.442;312.341;312.388;312.361;543
2015.06.19;08:00:00;313.07;312.199;312.86;312.388;1389
2015.06.19;12:00:00;312.99;312.45;312.96;312.86;2297
2015.06.19;16:00:00;313.74;312.94;313.07;312.96;2739
2015.06.19;20:00:00;313.21;312.9;312.93;313.05;764
2015.06.22;00:00:00;312.95;312.282;312.95;312.282;286
2015.06.22;04:00:00;313.19;312.95;313.04;312.95;193
2015.06.22;08:00:00;313.19;311.225;311.47;313.04;3014
2015.06.22;12:00:00;311.7;310.34;310.97;311.47;5234
2015.06.22;16:00:00;311.09;310.43;310.52;310.976;5985
2015.06.22;20:00:00;310.77;310.51;310.51;310.53;647
2015.06.23;00:00:00;310.89;310.43;310.72;310.52;1816
2015.06.23;04:00:00;310.75;310.48;310.543;310.72;537
2015.06.23;08:00:00;310.95;308.77;309.04;310.547;3272
2015.06.23;12:00:00;310.7;308.673;310.61;309.04;4979
2015.06.23;16:00:00;310.95;309.779;309.911;310.7;5323
2015.06.23;20:00:00;309.949;309.334;309.43;309.901;986
2015.06.24;00:00:00;309.46;309.4;309.46;309.41;346
2015.06.24;04:00:00;309.54;309.401;309.5;309.46;764
2015.06.24;08:00:00;310.21;308.907;310.17;309.5;8665
2015.06.24;12:00:00;311.228;309.85;310.924;310.17;14737
2015.06.24;16:00:00;311.38;310.501;310.69;310.93;12499
2015.06.24;20:00:00;311.166;310.493;310.67;310.68;1765
2015.06.25;00:00:00;311.204;310.42;310.78;310.43;150
2015.06.25;04:00:00;311.51;310.72;311.026;310.72;460
2015.06.25;08:00:00;312.1;311.026;311.94;311.026;5651
2015.06.25;12:00:00;312.92;311.52;311.709;311.94;9864
2015.06.25;16:00:00;312.7;311.675;312.54;311.707;5242
2015.06.25;20:00:00;312.6;312.08;312.08;312.54;749
2015.06.26;00:00:00;312.49;311.99;312.381;312.05;315
2015.06.26;04:00:00;312.391;312.222;312.222;312.377;484
2015.06.26;08:00:00;312.59;312.066;312.48;312.222;4886
2015.06.26;12:00:00;312.79;312.18;312.79;312.48;3392
2015.06.26;16:00:00;312.78;311.5;311.68;312.78;7904
2015.06.26;20:00:00;312.21;311.66;311.84;311.68;920
2015.06.29;00:00:00;314.81;313.81;313.91;314.75;296
2015.06.29;04:00:00;314.42;313.91;314.42;313.91;241
2015.06.29;08:00:00;315.44;313.128;313.41;314.41;4747
2015.06.29;12:00:00;314.79;313.294;314.4;313.461;10961
2015.06.29;16:00:00;315.41;314.27;315.27;314.4;14611
2015.06.29;20:00:00;315.72;315.25;315.69;315.26;859
2015.06.30;00:00:00;316.12;315.2;315.24;315.63;1558
2015.06.30;04:00:00;315.376;315.23;315.351;315.24;713
2015.06.30;08:00:00;315.616;314.449;314.91;315.349;4636
2015.06.30;12:00:00;315.32;314.591;314.8;314.89;9078
2015.06.30;16:00:00;315.457;313.68;314.85;314.8;3310
2015.06.30;20:00:00;315.495;314.73;314.77;314.75;1038
2015.07.01;00:00:00;314.958;314.196;314.669;314.47;424
2015.07.01;04:00:00;315.018;314.619;315.008;314.688;3435
2015.07.01;08:00:00;315.34;314.195;314.585;315.008;2749
2015.07.01;12:00:00;314.589;313.317;314.303;314.585;3999
2015.07.01;16:00:00;314.36;313.505;313.596;314.304;3299
2015.07.01;20:00:00;313.8;313.581;313.612;313.587;484
2015.07.02;00:00:00;313.72;313.47;313.501;313.622;452
2015.07.02;04:00:00;313.52;313.488;313.501;313.497;593
2015.07.02;08:00:00;314.23;313.44;314.07;313.5;2322
2015.07.02;12:00:00;315.09;313.88;314;314.08;3237
2015.07.02;16:00:00;314.72;313.049;314.55;314;3968
2015.07.02;20:00:00;314.82;314.21;314.62;314.551;1151
2015.07.03;00:00:00;314.723;314.63;314.717;314.63;204
2015.07.03;04:00:00;314.724;314.708;314.716;314.716;391
2015.07.03;08:00:00;314.725;313.429;314.317;314.71;3067
2015.07.03;12:00:00;315.45;314.26;315.34;314.37;1799
2015.07.03;16:00:00;315.429;314.008;314.103;315.33;2206
2015.07.03;20:00:00;314.271;313.96;313.98;314.081;609
2015.07.06;00:00:00;316.588;315.95;316.12;316.023;818
2015.07.06;04:00:00;316.665;316.08;316.17;316.12;674
2015.07.06;08:00:00;316.289;314.826;315.309;316.19;2410
2015.07.06;12:00:00;316.121;315.298;315.81;315.309;3656
2015.07.06;16:00:00;316.41;315.29;315.467;315.83;3690
2015.07.06;20:00:00;316.249;315.477;316.06;315.48;753
2015.07.07;00:00:00;316.208;315.958;316.193;316.07;458
2015.07.07;04:00:00;316.316;316.186;316.269;316.192;606
2015.07.07;08:00:00;316.31;315.5;315.573;316.27;3135
2015.07.07;12:00:00;316.48;315.51;316.4;315.584;4969
2015.07.07;16:00:00;317.473;316.25;316.898;316.4;4321
2015.07.07;20:00:00;317.16;316.27;316.461;316.886;1497
2015.07.08;00:00:00;317.11;316.458;317.1;316.465;8920
2015.07.08;04:00:00;317.28;317.02;317.25;317.1;492
2015.07.08;08:00:00;317.635;316.3;317.485;317.26;3663
2015.07.08;12:00:00;317.93;317.108;317.9;317.471;3431
2015.07.08;16:00:00;317.98;317.473;317.83;317.9;3055
2015.07.08;20:00:00;317.88;317.75;317.75;317.83;218
2015.07.09;00:00:00;317.732;317.64;317.66;317.67;174
2015.07.09;04:00:00;317.69;317.595;317.64;317.65;182
2015.07.09;08:00:00;317.73;316.583;316.68;317.64;2406
2015.07.09;12:00:00;316.74;314.61;315.3;316.68;3259
2015.07.09;16:00:00;315.77;314.932;315.2;315.3;4348
2015.07.09;20:00:00;315.518;314.91;315.23;315.19;803
2015.07.10;00:00:00;315.44;314.816;314.925;315.23;2642
2015.07.10;04:00:00;314.98;314.536;314.65;314.927;979
2015.07.10;08:00:00;315.538;311.874;312.25;314.65;3956
2015.07.10;12:00:00;312.26;310.271;310.77;312.25;6559
2015.07.10;16:00:00;312.53;310.49;312.46;310.78;4246
2015.07.10;20:00:00;312.45;310.83;311.225;312.45;1521
2015.07.13;00:00:00;312.45;312;312.35;312.28;89
2015.07.13;04:00:00;312.44;312.05;312.44;312.35;82
2015.07.13;08:00:00;312.63;309.576;310.123;312.52;3368
2015.07.13;12:00:00;310.91;310.04;310.799;310.117;3957
2015.07.13;16:00:00;311.35;310.03;310.283;310.807;3599
2015.07.13;20:00:00;310.79;310.24;310.359;310.291;740
2015.07.14;00:00:00;310.242;310;310.025;310.16;429
2015.07.14;04:00:00;310.565;310.014;310.552;310.028;600
2015.07.14;08:00:00;311.592;310.43;311.43;310.552;3034
2015.07.14;12:00:00;311.457;310.3;310.51;311.43;4557
2015.07.14;16:00:00;310.62;309.59;310.179;310.51;3557
2015.07.14;20:00:00;310.552;310.145;310.285;310.17;633
2015.07.15;00:00:00;310.441;310.053;310.437;310.277;357
2015.07.15;04:00:00;310.52;310.4;310.52;310.439;652
2015.07.15;08:00:00;311.022;310.074;310.71;310.52;2776
2015.07.15;12:00:00;310.914;310.236;310.29;310.712;3728
2015.07.15;16:00:00;310.467;309.19;309.59;310.29;3323
2015.07.15;20:00:00;309.71;309.359;309.37;309.59;634
2015.07.16;00:00:00;309.487;309.18;309.3;309.37;413
2015.07.16;04:00:00;309.32;309.256;309.27;309.31;443
2015.07.16;08:00:00;309.532;308.35;308.71;309.263;2652
2015.07.16;12:00:00;309.35;308.427;308.894;308.73;3181
2015.07.16;16:00:00;309.899;308.72;309.5;308.881;2943
2015.07.16;20:00:00;309.58;309.19;309.21;309.56;783
2015.07.17;00:00:00;309.428;309.2;309.29;309.21;431
2015.07.17;04:00:00;309.309;309.28;309.299;309.29;454
2015.07.17;08:00:00;309.81;308.5;308.59;309.296;3282
2015.07.17;12:00:00;308.94;308.424;308.66;308.58;3064
2015.07.17;16:00:00;309.3;308.373;308.819;308.66;2871
2015.07.17;20:00:00;309.108;308.64;308.68;308.831;852
2015.07.20;00:00:00;309.077;308.341;308.968;308.341;279
2015.07.20;04:00:00;308.987;308.72;308.975;308.963;415
2015.07.20;08:00:00;309.49;308.746;309.12;308.976;1284
2015.07.20;12:00:00;309.72;308.83;308.91;309.14;2378
2015.07.20;16:00:00;310.21;308.87;309.952;308.9;3098
2015.07.20;20:00:00;310.117;309.59;309.68;309.955;900
2015.07.21;00:00:00;309.776;309.59;309.65;309.59;334
2015.07.21;04:00:00;309.7;309.57;309.591;309.69;1277
2015.07.21;08:00:00;309.987;308.89;309.011;309.66;2182
2015.07.21;12:00:00;309.618;307;307.03;309.016;4655
2015.07.21;16:00:00;308.08;306.83;307.87;307.02;3633
2015.07.21;20:00:00;308.07;307.56;307.6;307.88;1183
2015.07.22;00:00:00;308;307.6;307.97;307.6;74
2015.07.22;04:00:00;307.94;307.477;307.59;307.94;2918
2015.07.22;08:00:00;308.72;307.52;308.13;307.58;3096
2015.07.22;12:00:00;308.54;307.488;307.94;308.13;4230
2015.07.22;16:00:00;308.29;307.685;307.9;307.95;4857
2015.07.22;20:00:00;307.96;307.61;307.62;307.9;1266
2015.07.23;00:00:00;307.72;307.35;307.72;307.63;272
2015.07.23;04:00:00;307.78;307.71;307.72;307.72;663
2015.07.23;08:00:00;308.722;307.66;308.642;307.73;2650
2015.07.23;12:00:00;309.907;308.292;309.81;308.634;4053
2015.07.23;16:00:00;310.63;308.92;310.25;309.817;4725
2015.07.23;20:00:00;310.63;310.205;310.36;310.253;725
2015.07.24;00:00:00;310.4;309.97;310.192;310.34;311
2015.07.24;04:00:00;310.207;310.184;310.192;310.193;460
2015.07.24;08:00:00;311.58;309.4;309.96;310.195;3770
2015.07.24;12:00:00;311.474;309.94;311.275;309.96;3630
2015.07.24;16:00:00;311.56;310.24;310.98;311.28;3033
2015.07.24;20:00:00;311.43;310.9;311.15;310.98;1257
2015.07.27;00:00:00;311.33;310.431;311.25;310.431;99
2015.07.27;04:00:00;311.28;311.25;311.26;311.25;14
2015.07.27;08:00:00;312.37;310.9;311.51;311.27;2908
2015.07.27;12:00:00;311.59;309.72;309.91;311.51;3820
2015.07.27;16:00:00;310;308.88;309.84;309.91;5453
2015.07.27;20:00:00;310.12;309.82;309.98;309.84;586
2015.07.28;00:00:00;310.2;309.887;309.983;309.98;573
2015.07.28;04:00:00;310.04;309.808;309.87;309.983;932
2015.07.28;08:00:00;310.24;309.186;309.605;309.87;4027
2015.07.28;12:00:00;309.986;309.17;309.845;309.59;3409
2015.07.28;16:00:00;310.12;308.89;308.91;309.839;2447
2015.07.28;20:00:00;309.1;308.8;308.97;308.91;633
2015.07.29;00:00:00;309.06;308.79;308.872;309.01;179
2015.07.29;04:00:00;309.17;308.87;309;308.871;394
2015.07.29;08:00:00;309.64;309.01;309.34;309.03;2104
2015.07.29;12:00:00;310;308.93;309.33;309.34;3201
2015.07.29;16:00:00;309.37;308.4;308.828;309.37;2856
2015.07.29;20:00:00;309.11;308.54;309.1;308.821;1044
2015.07.30;00:00:00;309.36;308.55;309.23;309.1;347
2015.07.30;04:00:00;309.42;309.22;309.42;309.23;139
2015.07.30;08:00:00;309.462;306.822;308.316;309.42;2526
2015.07.30;12:00:00;309.14;308.19;308.673;308.316;3220
2015.07.30;16:00:00;309.3;308.398;308.573;308.67;2792
2015.07.30;20:00:00;308.71;308.48;308.51;308.573;448
2015.07.31;00:00:00;308.71;308.47;308.55;308.47;157
2015.07.31;04:00:00;308.82;308.51;308.51;308.54;245
2015.07.31;08:00:00;309.28;308.54;308.95;308.58;1806
2015.07.31;12:00:00;309.28;307.773;308.13;308.97;3683
2015.07.31;16:00:00;308.683;307.04;307.25;308.13;5529
2015.07.31;20:00:00;307.35;306.85;306.9;307.25;669
2015.08.03;00:00:00;307.175;306.812;307.076;306.812;242
2015.08.03;04:00:00;307.214;306.997;307.004;307.072;591
2015.08.03;08:00:00;307.72;306.942;307.4;307.05;2210
2015.08.03;12:00:00;308.049;307.4;307.799;307.404;2328
2015.08.03;16:00:00;307.921;307.29;307.45;307.802;2607
2015.08.03;20:00:00;307.5;307.175;307.24;307.44;555
2015.08.04;00:00:00;307.3;307.1;307.13;307.23;143
2015.08.04;04:00:00;307.16;307.05;307.1;307.12;131
2015.08.04;08:00:00;308.01;306.78;307.95;307.1;2845
2015.08.04;12:00:00;308.7;307.835;308.28;307.97;2815
2015.08.04;16:00:00;309.71;308.188;309.51;308.28;2877
2015.08.04;20:00:00;310.07;309.34;309.41;309.48;1438
2015.08.05;00:00:00;309.753;309.35;309.72;309.35;76
2015.08.05;04:00:00;309.88;309.71;309.88;309.71;156
2015.08.05;08:00:00;309.88;308.8;309.472;309.88;1614
2015.08.05;12:00:00;309.64;308.647;309.12;309.31;2835
2015.08.05;16:00:00;309.79;309.02;309.53;309.1;2065
2015.08.05;20:00:00;309.52;309.18;309.18;309.52;346
2015.08.06;00:00:00;309.256;309;309.13;309.18;240
2015.08.06;04:00:00;309.284;309.1;309.149;309.12;476
2015.08.06;08:00:00;310.405;309.038;310.34;309.148;2618
2015.08.06;12:00:00;310.53;309.892;310.34;310.34;2337
2015.08.06;16:00:00;311.35;310.28;310.991;310.34;2404
2015.08.06;20:00:00;311.185;310.65;310.72;310.991;1478
2015.08.07;00:00:00;310.941;310.45;310.78;310.62;151
2015.08.07;04:00:00;310.783;310.715;310.734;310.78;422
2015.08.07;08:00:00;311.08;310.1;310.35;310.737;1911
2015.08.07;12:00:00;310.75;310;310.65;310.35;2413
2015.08.07;16:00:00;311.09;310.22;310.29;310.65;3372
2015.08.07;20:00:00;310.594;310.17;310.25;310.24;846
2015.08.10;00:00:00;310.661;310.04;310.22;310.266;1088
2015.08.10;04:00:00;310.254;310.157;310.24;310.22;354
2015.08.10;08:00:00;311.02;309.477;310.798;310.24;1619
2015.08.10;12:00:00;311.286;310.6;311.217;310.792;2277
2015.08.10;16:00:00;311.52;310.97;311.29;311.217;2299
2015.08.10;20:00:00;311.34;311.05;311.05;311.29;664
2015.08.11;00:00:00;311.265;311.02;311.102;311.02;276
2015.08.11;04:00:00;311.226;311.07;311.14;311.108;1115
2015.08.11;08:00:00;312.02;310.645;311.91;311.14;3176
2015.08.11;12:00:00;312.36;311.2;312.275;311.94;2656
2015.08.11;16:00:00;312.683;311.865;311.947;312.274;3160
2015.08.11;20:00:00;312.02;311.45;311.45;311.947;800
2015.08.12;00:00:00;311.44;311.33;311.4;311.43;54
2015.08.12;04:00:00;311.95;311.32;311.491;311.4;220
2015.08.12;08:00:00;312.811;311.421;312.411;311.491;1623
2015.08.12;12:00:00;312.41;310.99;311.57;312.4;3389
2015.08.12;16:00:00;312.04;311.004;311.075;311.54;3804
2015.08.12;20:00:00;311.17;310.87;310.88;311.065;909
2015.08.13;00:00:00;310.97;310.78;310.88;310.78;95
2015.08.13;04:00:00;311.01;310.83;310.88;310.88;312
2015.08.13;08:00:00;311.341;310.545;310.86;310.92;1598
2015.08.13;12:00:00;311.339;309.74;310.128;310.86;2925
2015.08.13;16:00:00;310.25;309.53;309.71;310.123;2618
2015.08.13;20:00:00;309.71;309.48;309.58;309.71;430
2015.08.14;00:00:00;309.594;309.48;309.53;309.48;316
2015.08.14;04:00:00;309.63;309.485;309.51;309.52;143
2015.08.14;08:00:00;310.225;309.541;309.86;309.63;2012
2015.08.14;12:00:00;310.865;309.82;310.31;309.86;3281
2015.08.14;16:00:00;310.6;309.699;310.521;310.3;3117
2015.08.14;20:00:00;310.58;310.245;310.51;310.531;808
2015.08.17;00:00:00;310.58;309.817;310.496;310.159;750
2015.08.17;04:00:00;310.69;310.38;310.522;310.56;3058
2015.08.17;08:00:00;311.126;310.19;310.297;310.559;1927
2015.08.17;12:00:00;310.29;309.41;309.453;310.29;2129
2015.08.17;16:00:00;309.48;308.583;308.97;309.446;3087
2015.08.17;20:00:00;309.16;308.629;308.85;308.98;2174
2015.08.18;00:00:00;309.076;308.31;308.949;308.88;260
2015.08.18;04:00:00;309.125;308.87;308.976;308.947;5541
2015.08.18;08:00:00;309.42;308.65;308.78;308.972;1913
2015.08.18;12:00:00;309.29;308.28;308.66;308.741;3094
2015.08.18;16:00:00;309.13;308.43;309.05;308.655;3117
2015.08.18;20:00:00;309.082;308.8;308.88;309.05;569
2015.08.19;00:00:00;308.98;308.311;308.952;308.88;259
2015.08.19;04:00:00;308.99;308.94;308.948;308.95;392
2015.08.19;08:00:00;309.235;308.865;309.16;308.947;1568
2015.08.19;12:00:00;309.86;308.967;309.77;309.17;2290
2015.08.19;16:00:00;310.12;309.47;310.039;309.77;2328
2015.08.19;20:00:00;310.23;309.77;309.99;310.034;1524
2015.08.20;00:00:00;310.17;309.2;309.7;310.14;312
2015.08.20;04:00:00;309.93;309.657;309.74;309.702;244
2015.08.20;08:00:00;312.86;309.62;312.79;309.74;3138
2015.08.20;12:00:00;312.86;311.1;311.41;312.79;2562
2015.08.20;16:00:00;312.4;311.14;311.19;311.41;4193
2015.08.20;20:00:00;312.1;311.19;311.77;311.19;2044
2015.08.21;00:00:00;311.94;311.23;311.8;311.68;466
2015.08.21;04:00:00;312.81;311.8;312.68;311.8;1945
2015.08.21;08:00:00;313.01;311.77;312.35;312.72;2250
2015.08.21;12:00:00;314.39;311.91;314.04;312.32;3606
2015.08.21;16:00:00;314.497;312.005;313.77;314.02;3878
2015.08.21;20:00:00;315.3;313.559;314.15;313.74;1962
2015.08.24;00:00:00;314.216;312.979;314.209;313.079;94
2015.08.24;04:00:00;316.77;314.211;315.6;314.211;1518
2015.08.24;08:00:00;316.32;313.439;314.52;315.59;3903
2015.08.24;12:00:00;315.53;313.98;315.27;314.35;4315
2015.08.24;16:00:00;316.41;311.773;312.06;315.26;5720
2015.08.24;20:00:00;313.88;311.52;313.01;312.05;3976
2015.08.25;00:00:00;313.44;312.084;313.09;312.221;2166
2015.08.25;04:00:00;313.17;311.723;312.64;312.508;1335
2015.08.25;08:00:00;313.16;311.32;312.7;312.64;2939
2015.08.25;12:00:00;312.73;311.09;312.26;312.68;3342
2015.08.25;16:00:00;314.71;311.805;314.205;312.27;5347
2015.08.25;20:00:00;314.75;313.74;313.74;314.209;5524
2015.08.26;00:00:00;314.002;313.415;313.8;313.674;411
2015.08.26;04:00:00;313.92;313.703;313.84;313.8;242
2015.08.26;08:00:00;315.478;313.598;314.86;313.89;2289
2015.08.26;12:00:00;315.91;314.51;315.89;314.85;2622
2015.08.26;16:00:00;316.86;315.236;316.36;315.88;5222
2015.08.26;20:00:00;316.557;315.312;315.78;316.371;2508
2015.08.27;00:00:00;316.27;315.284;316.25;315.94;807
2015.08.27;04:00:00;316.36;315.939;316.35;316.26;593
2015.08.27;08:00:00;316.38;313.35;313.65;316.35;3949
2015.08.27;12:00:00;315.211;313.57;314.795;313.65;4633
2015.08.27;16:00:00;314.848;313.77;314.34;314.8;6994
2015.08.27;20:00:00;314.96;314.25;314.37;314.33;3360
2015.08.28;00:00:00;314.63;314.034;314.41;314.38;1500
2015.08.28;04:00:00;315.92;314.282;315.63;314.41;2351
2015.08.28;08:00:00;315.75;313.83;314.81;315.63;3670
2015.08.28;12:00:00;315.18;314.03;314.42;314.81;4041
2015.08.28;16:00:00;314.497;313.41;313.52;314.42;4856
2015.08.28;20:00:00;314.33;313.46;314.26;313.52;858
2015.08.31;00:00:00;314.32;313.048;314.05;313.048;1213
2015.08.31;04:00:00;314.14;313.48;314.03;314.06;1362
2015.08.31;08:00:00;314.97;313.36;314.195;314.04;2377
2015.08.31;12:00:00;314.985;314.02;314.745;314.17;3261
2015.08.31;16:00:00;314.88;313.37;313.58;314.733;4880
2015.08.31;20:00:00;313.65;313.15;313.15;313.62;3585
2015.09.01;00:00:00;313.48;312.97;313.459;313.28;589
2015.09.01;04:00:00;314.02;313.391;313.87;313.456;8473
2015.09.01;08:00:00;314.79;313.448;314.39;313.94;3800
2015.09.01;12:00:00;314.525;313.959;314.29;314.38;3305
2015.09.01;16:00:00;315.248;314.28;314.832;314.29;8211
2015.09.01;20:00:00;315.14;313.774;314;314.832;3313
2015.09.02;00:00:00;314.368;313.814;314.184;313.96;847
2015.09.02;04:00:00;314.87;314.139;314.8;314.184;1539
2015.09.02;08:00:00;315.63;314.446;314.72;314.79;2917
2015.09.02;12:00:00;314.86;313.47;313.54;314.72;3649
2015.09.02;16:00:00;314.03;313.277;313.282;313.54;4817
2015.09.02;20:00:00;313.71;312.894;313.48;313.272;2132
2015.09.03;00:00:00;313.56;312.835;313.5;313.49;864
2015.09.03;04:00:00;313.63;312.95;313.54;313.53;1757
2015.09.03;08:00:00;314.55;313.043;314.24;313.202;3760
2015.09.03;12:00:00;314.337;312.12;312.42;314.24;4129
2015.09.03;16:00:00;312.882;311.511;312.58;312.42;7541
2015.09.03;20:00:00;312.83;312.25;312.77;312.58;915
2015.09.04;00:00:00;312.79;312.16;312.75;312.72;368
2015.09.04;04:00:00;313.48;312.361;313.13;312.76;2320
2015.09.04;08:00:00;313.71;312.95;313.3;313.4;1961
2015.09.04;12:00:00;314.2;312.2;313.85;313.3;3437
2015.09.04;16:00:00;314.2;312.667;314.16;313.85;5692
2015.09.04;20:00:00;314.17;313.2;313.35;314.16;1899
2015.09.07;00:00:00;313.766;313.281;313.56;313.287;256
2015.09.07;04:00:00;313.65;313.38;313.49;313.56;734
2015.09.07;08:00:00;314.27;312.68;314.19;313.53;3566
2015.09.07;12:00:00;314.69;313.77;314.31;314.19;2729
2015.09.07;16:00:00;314.655;314.13;314.34;314.3;1626
2015.09.07;20:00:00;314.43;313.67;313.91;314.43;218
2015.09.08;00:00:00;314.199;313.592;314.01;313.95;922
2015.09.08;04:00:00;314.29;313.935;314.06;314;1561
2015.09.08;08:00:00;314.53;313.6;314.27;314.07;2452
2015.09.08;12:00:00;314.51;313.7;314.33;314.28;2500
2015.09.08;16:00:00;314.37;313.15;313.73;314.33;3332
2015.09.08;20:00:00;313.74;313.24;313.49;313.73;2138
2015.09.09;00:00:00;313.63;313.186;313.41;313.48;433
2015.09.09;04:00:00;313.51;313.33;313.37;313.4;554
2015.09.09;08:00:00;313.66;312.82;313.17;313.37;3918
2015.09.09;12:00:00;313.2;312.713;313.12;313.15;3645
2015.09.09;16:00:00;315.211;313.098;314.51;313.098;6384
2015.09.09;20:00:00;314.94;314.37;314.81;314.52;2189
2015.09.10;00:00:00;315.01;314.25;314.91;314.82;3192
2015.09.10;04:00:00;315.01;314.64;314.66;314.767;1884
2015.09.10;08:00:00;315.01;314.049;314.41;314.65;3839
2015.09.10;12:00:00;315.1;313.828;314.86;314.41;6789
2015.09.10;16:00:00;315.645;314.687;315.57;314.86;6290
2015.09.10;20:00:00;315.74;314.75;314.75;315.57;2857
2015.09.11;00:00:00;315.19;314.492;314.86;314.74;968
2015.09.11;04:00:00;314.96;314.698;314.86;314.88;980
2015.09.11;08:00:00;316.14;314.704;315.26;314.91;4453
2015.09.11;12:00:00;315.38;314.59;314.75;315.25;4846
2015.09.11;16:00:00;314.81;312.994;313.05;314.77;5554
2015.09.11;20:00:00;313.258;312.863;312.97;313.05;1265
2015.09.14;00:00:00;313.056;312.68;313.026;312.68;273
2015.09.14;04:00:00;313.11;312.993;313.052;313.025;616
2015.09.14;08:00:00;313.885;313.003;313.35;313.08;2636
2015.09.14;12:00:00;313.604;312.808;313.009;313.35;2341
2015.09.14;16:00:00;313.298;312.731;313.17;313.009;2310
2015.09.14;20:00:00;313.28;313;313.26;313.17;1313
2015.09.15;00:00:00;313.36;312.662;313.2;312.662;1550
2015.09.15;04:00:00;313.48;313.14;313.35;313.21;461
2015.09.15;08:00:00;313.78;311.65;312.77;313.35;2363
2015.09.15;12:00:00;312.84;312.11;312.17;312.77;2234
2015.09.15;16:00:00;312.3;311.68;312.12;312.16;3162
2015.09.15;20:00:00;312.39;311.91;312.14;312.12;2715
2015.09.16;00:00:00;312.22;311.453;312.07;312.14;742
2015.09.16;04:00:00;312.06;311.95;312.05;312.01;359
2015.09.16;08:00:00;312.17;311.46;311.73;311.98;3205
2015.09.16;12:00:00;311.882;311.37;311.612;311.72;3574
2015.09.16;16:00:00;311.808;311.145;311.751;311.622;4448
2015.09.16;20:00:00;311.935;311.302;311.302;311.745;2773
2015.09.17;00:00:00;311.932;311.191;311.842;311.272;931
2015.09.17;04:00:00;312.182;311.563;311.942;311.691;1375
2015.09.17;08:00:00;312.372;311.692;311.872;311.942;2970
2015.09.17;12:00:00;312.052;310.452;311.058;311.882;4603
2015.09.17;16:00:00;311.285;310.344;310.625;311.058;3823
2015.09.17;20:00:00;310.682;309.569;309.742;310.637;4589
2015.09.18;00:00:00;309.932;309.193;309.742;309.632;322
2015.09.18;04:00:00;309.762;309.462;309.762;309.732;193
2015.09.18;08:00:00;310.882;309.482;309.782;309.732;3452
2015.09.18;12:00:00;310.232;309.412;309.622;309.782;4238
2015.09.18;16:00:00;311.23;309.512;310.862;309.572;3848
2015.09.18;20:00:00;310.974;310.292;310.582;310.862;10194
2015.09.21;00:00:00;311.052;309.259;311.052;309.343;9127
2015.09.21;04:00:00;311.172;310.702;311.072;311.052;726
2015.09.21;08:00:00;311.172;309.704;310.072;310.942;4143
2015.09.21;12:00:00;310.452;309.342;310.186;310.052;6011
2015.09.21;16:00:00;310.772;309.512;310.282;310.192;5070
2015.09.21;20:00:00;310.372;310.068;310.272;310.282;2257
2015.09.22;00:00:00;310.742;309.971;310.529;310.272;1288
2015.09.22;04:00:00;310.902;310.482;310.862;310.528;837
2015.09.22;08:00:00;310.862;309.362;310.102;310.852;4454
2015.09.22;12:00:00;310.787;309.887;310.402;310.102;6467
2015.09.22;16:00:00;312.088;310.392;311.299;310.392;6470
2015.09.22;20:00:00;311.322;310.862;311.322;311.282;1942
2015.09.23;00:00:00;311.382;310.586;311.272;311.322;462
2015.09.23;04:00:00;311.442;310.776;310.982;311.262;572
2015.09.23;08:00:00;311.502;309.562;309.992;311.112;3775
2015.09.23;12:00:00;311.132;309.784;310.902;309.982;6136
2015.09.23;16:00:00;312.002;310.568;311.753;310.892;8110
2015.09.23;20:00:00;312.292;311.746;312.282;311.75;1849
2015.09.24;00:00:00;312.322;311.504;312.142;312.282;1238
2015.09.24;04:00:00;312.202;311.722;312.092;311.822;7210
2015.09.24;08:00:00;313.125;311.509;312.762;312.092;8418
2015.09.24;12:00:00;314.972;312.386;314.922;312.762;9634
2015.09.24;16:00:00;315.502;314.062;314.452;314.942;6852
2015.09.24;20:00:00;314.682;313.782;313.792;314.452;2929
2015.09.25;00:00:00;314.362;313.129;314.272;313.762;684
2015.09.25;04:00:00;314.422;314.032;314.312;314.282;1019
2015.09.25;08:00:00;314.382;313.117;313.732;314.302;3801
2015.09.25;12:00:00;315.737;313.592;315.242;313.722;5877
2015.09.25;16:00:00;315.342;314.462;314.502;315.242;6463
2015.09.25;20:00:00;315.112;314.476;314.932;314.502;6429
2015.09.28;00:00:00;314.682;313.704;314.592;314.05;480
2015.09.28;04:00:00;314.872;314.255;314.802;314.592;554
2015.09.28;08:00:00;315.142;313.962;314.962;314.502;3093
2015.09.28;12:00:00;315.582;314.822;314.982;314.952;4141
2015.09.28;16:00:00;315.522;314.305;315.114;314.985;7000
2015.09.28;20:00:00;315.282;314.802;314.882;315.122;3319
2015.09.29;00:00:00;314.862;313.732;314.572;314.852;1903
2015.09.29;04:00:00;315.432;314.462;315.362;314.572;783
2015.09.29;08:00:00;315.932;314.119;314.352;315.372;4716
2015.09.29;12:00:00;314.427;313.522;314.234;314.352;8417
2015.09.29;16:00:00;314.351;313.376;313.572;314.234;9256
2015.09.29;20:00:00;313.741;313.452;313.532;313.562;1602
2015.09.30;00:00:00;313.682;312.957;313.572;313.542;273
2015.09.30;04:00:00;314.002;313.482;313.562;313.482;1092
2015.09.30;08:00:00;313.792;312.962;313.132;313.792;3673
2015.09.30;12:00:00;313.622;312.954;313.502;313.132;5076
2015.09.30;16:00:00;313.842;312.895;313.652;313.502;6655
2015.09.30;20:00:00;313.742;312.992;313.202;313.542;1442
2015.10.01;00:00:00;313.352;312.942;313.162;313.202;512
2015.10.01;04:00:00;313.312;312.812;312.882;313.152;718
2015.10.01;08:00:00;313.432;312.144;313.162;312.962;4266
2015.10.01;12:00:00;313.152;312.602;312.792;313.142;5521
2015.10.01;16:00:00;312.822;312.282;312.603;312.795;5849
2015.10.01;20:00:00;312.852;312.597;312.662;312.602;941
2015.10.02;00:00:00;312.702;312.092;312.562;312.582;590
2015.10.02;04:00:00;312.562;312.395;312.429;312.452;732
2015.10.02;08:00:00;313.132;312.402;312.852;312.43;2914
2015.10.02;12:00:00;313.692;312.442;313.392;312.852;5652
2015.10.02;16:00:00;313.722;311.473;311.666;313.392;11138
2015.10.02;20:00:00;311.862;311.325;311.352;311.666;2127
2015.10.05;00:00:00;311.942;311.105;311.832;311.105;1821
2015.10.05;04:00:00;311.992;311.292;311.302;311.732;729
2015.10.05;08:00:00;311.942;310.902;311.902;311.502;3476
2015.10.05;12:00:00;312.068;311.383;311.932;311.902;6477
2015.10.05;16:00:00;312.352;311.092;312.352;311.932;3860
2015.10.05;20:00:00;312.452;312.042;312.352;312.352;1229
2015.10.06;00:00:00;312.412;311.514;312.092;312.352;324
2015.10.06;04:00:00;312.142;311.922;312.012;312.082;741
2015.10.06;08:00:00;312.632;311.922;312.232;312.012;2999
2015.10.06;12:00:00;313.752;312.207;313.482;312.207;3306
2015.10.06;16:00:00;313.742;310.972;311.342;313.482;5184
2015.10.06;20:00:00;311.572;309.951;310.702;311.342;4374
2015.10.07;00:00:00;311.582;310.353;311.072;310.622;2252
2015.10.07;04:00:00;311.452;310.962;311.312;311.025;3589
2015.10.07;08:00:00;311.792;310.932;311.462;311.442;5040
2015.10.07;12:00:00;312.254;311.372;311.535;311.472;8491
2015.10.07;16:00:00;312.022;311.272;311.962;311.491;5105
2015.10.07;20:00:00;312.382;311.922;312.292;311.962;2444
2015.10.08;00:00:00;312.412;312.142;312.312;312.272;1816
2015.10.08;04:00:00;312.582;312.322;312.492;312.322;8493
2015.10.08;08:00:00;312.802;311.748;312.712;312.492;2822
2015.10.08;12:00:00;312.892;311.91;312.207;312.702;9743
2015.10.08;16:00:00;312.172;311.132;311.672;312.172;11154
2015.10.08;20:00:00;311.792;311.062;311.482;311.677;2770
2015.10.09;00:00:00;311.482;310.642;311.022;311.482;776
2015.10.09;04:00:00;311.392;310.982;311.002;311.392;741
2015.10.09;08:00:00;311.572;310.824;310.94;311.002;5842
2015.10.09;12:00:00;311.673;310.372;311.037;310.939;5880
2015.10.09;16:00:00;311.452;310.898;311.352;311.034;8916
2015.10.09;20:00:00;311.532;311.032;311.352;311.352;2104
2015.10.12;00:00:00;311.402;310.302;311.052;310.892;80
2015.10.12;04:00:00;311.402;310.992;311.162;311.052;40
2015.10.12;08:00:00;311.402;310.692;310.852;311.212;2814
2015.10.12;12:00:00;311.222;309.762;309.762;310.842;4072
2015.10.12;16:00:00;310.467;309.572;310.202;309.752;3276
2015.10.12;20:00:00;310.302;309.732;310.002;310.162;745
2015.10.13;00:00:00;310.012;309.532;309.842;310.002;735
2015.10.13;04:00:00;310.092;309.632;309.902;309.632;525
2015.10.13;08:00:00;311.522;309.792;311.182;309.922;4492
2015.10.13;12:00:00;311.997;310.972;311.782;311.172;5408
2015.10.13;16:00:00;311.872;310.312;310.862;311.792;7535
2015.10.13;20:00:00;311.732;310.462;311.262;310.872;1938
2015.10.14;00:00:00;311.552;310.48;311.462;311.162;365
2015.10.14;04:00:00;311.472;311.052;311.122;311.102;588
2015.10.14;08:00:00;311.512;310.932;311.192;311.152;3586
2015.10.14;12:00:00;311.222;310.112;310.302;311.202;6196
2015.10.14;16:00:00;310.462;309.512;309.512;310.282;4949
2015.10.14;20:00:00;309.862;309.282;309.742;309.512;1454
2015.10.15;00:00:00;309.762;309.432;309.692;309.742;320
2015.10.15;04:00:00;309.842;309.442;309.482;309.692;739
2015.10.15;08:00:00;310.042;309.012;310.042;309.482;3495
2015.10.15;12:00:00;310.062;308.632;308.712;310.052;6830
2015.10.15;16:00:00;309.552;308.522;308.972;308.712;5482
2015.10.15;20:00:00;309.452;308.762;308.872;308.982;1236
2015.10.16;00:00:00;309.712;308.522;309.482;308.872;698
2015.10.16;04:00:00;309.542;309.472;309.542;309.482;1301
2015.10.16;08:00:00;309.612;308.702;309.102;309.532;5144
2015.10.16;12:00:00;309.962;308.902;309.042;309.092;5168
2015.10.16;16:00:00;310.172;308.722;310.012;309.042;6357
2015.10.16;20:00:00;310.182;309.572;309.852;310.002;899
2015.10.19;00:00:00;309.582;308.649;309.183;309.063;292
2015.10.19;04:00:00;310.102;309.169;309.884;309.177;1695
2015.10.19;08:00:00;309.952;308.962;309.182;309.884;5201
2015.10.19;12:00:00;309.522;308.982;309.394;309.177;6828
2015.10.19;16:00:00;310.562;309.395;310.042;309.405;6748
2015.10.19;20:00:00;310.142;309.654;309.812;310.042;1385
2015.10.20;00:00:00;309.952;309.415;309.922;309.812;345
2015.10.20;04:00:00;309.952;309.912;309.912;309.922;295
2015.10.20;08:00:00;310.692;309.772;310.542;309.912;3614
2015.10.20;12:00:00;310.642;309.975;310.552;310.552;5996
2015.10.20;16:00:00;310.882;310.108;310.642;310.542;6040
2015.10.20;20:00:00;310.672;310.072;310.192;310.652;2822
2015.10.21;00:00:00;310.212;309.617;310.202;310.172;263
2015.10.21;04:00:00;310.242;310.172;310.182;310.202;466
2015.10.21;08:00:00;311.552;310.112;311.204;310.192;3897
2015.10.21;12:00:00;311.712;310.855;311.712;311.211;5964
2015.10.21;16:00:00;311.942;311.372;311.602;311.712;3181
2015.10.21;20:00:00;311.912;311.332;311.332;311.601;3422
2015.10.22;00:00:00;311.712;311.015;311.432;311.572;421
2015.10.22;04:00:00;311.472;311.372;311.432;311.397;677
2015.10.22;08:00:00;311.842;311.155;311.412;311.442;4191
2015.10.22;12:00:00;311.722;310.262;310.542;311.442;5199
2015.10.22;16:00:00;311.492;310.032;310.153;310.532;5869
2015.10.22;20:00:00;310.327;309.952;310.312;310.163;1672
2015.10.23;00:00:00;310.422;309.659;310.022;310.322;520
2015.10.23;04:00:00;310.042;309.932;310.022;310.022;148
2015.10.23;08:00:00;310.262;309.012;309.102;310.022;2665
2015.10.23;12:00:00;310.102;308.544;309.922;309.112;5507
2015.10.23;16:00:00;312.092;309.774;311.892;309.912;7300
2015.10.23;20:00:00;312.022;311.102;311.932;311.892;1454
2015.10.25;23:00:00;310.151;310.151;310.151;310.151;1
2015.10.26;00:00:00;311.822;310.273;311.575;310.292;600
2015.10.26;04:00:00;311.982;311.482;311.932;311.574;876
2015.10.26;08:00:00;311.952;310.412;310.652;311.922;3095
2015.10.26;12:00:00;310.972;309.922;310.822;310.652;5276
2015.10.26;16:00:00;311.582;310.459;311.502;310.932;7840
2015.10.26;20:00:00;311.772;310.74;311.272;311.492;1993
2015.10.27;00:00:00;311.612;311.186;311.303;311.322;706
2015.10.27;04:00:00;311.702;311.262;311.682;311.612;586
2015.10.27;08:00:00;311.892;311.292;311.812;311.682;3071
2015.10.27;12:00:00;312.842;311.601;311.952;311.812;5350
2015.10.27;16:00:00;312.412;311.452;311.603;311.952;6091
2015.10.27;20:00:00;311.608;310.78;311.302;311.602;1439
2015.10.28;00:00:00;311.402;311.202;311.302;311.212;1377
2015.10.28;04:00:00;311.332;311.282;311.322;311.292;1004
2015.10.28;08:00:00;311.958;311.322;311.882;311.322;2216
2015.10.28;12:00:00;312.332;311.618;311.672;311.862;5175
2015.10.28;16:00:00;312.022;311.302;311.552;311.672;4268
2015.10.28;20:00:00;312.172;310.892;310.892;311.552;3270
2015.10.29;00:00:00;311.282;310.892;311.182;311.262;1917
2015.10.29;04:00:00;311.242;310.932;310.932;311.192;969
2015.10.29;08:00:00;311.482;310.622;310.962;311.092;3537
2015.10.29;12:00:00;312.042;310.922;311.092;310.952;5744
2015.10.29;16:00:00;311.282;309.951;310.142;311.092;5301
2015.10.29;20:00:00;310.522;309.822;310.342;310.153;981
2015.10.30;00:00:00;310.432;309.892;309.972;310.342;419
2015.10.30;04:00:00;310.422;309.962;310.312;310.322;685
2015.10.30;08:00:00;310.572;309.242;309.662;310.312;3791
2015.10.30;12:00:00;310.182;309.502;310.132;309.662;3883
2015.10.30;16:00:00;310.892;310.112;310.292;310.132;4199
2015.10.30;20:00:00;310.762;310.052;310.462;310.292;1191
2015.11.02;00:00:00;310.722;309.702;310.662;309.77;753
2015.11.02;04:00:00;310.772;310.442;310.752;310.662;774
2015.11.02;08:00:00;311.652;310.478;311.282;310.752;3366
2015.11.02;12:00:00;312.702;311.264;312.323;311.282;5354
2015.11.02;16:00:00;312.929;312.192;312.772;312.332;3239
2015.11.02;20:00:00;312.832;312.602;312.742;312.782;795
2015.11.03;00:00:00;312.822;311.975;312.662;312.742;248
2015.11.03;04:00:00;312.712;312.602;312.672;312.662;129
2015.11.03;08:00:00;313.542;312.512;313.492;312.672;3951
2015.11.03;12:00:00;313.652;313.075;313.602;313.482;5070
2015.11.03;16:00:00;314.222;313.342;313.402;313.592;7023
2015.11.03;20:00:00;313.402;312.762;312.832;313.402;767
2015.11.04;00:00:00;312.922;312.337;312.642;312.832;181
2015.11.04;04:00:00;312.832;312.642;312.682;312.802;47
2015.11.04;08:00:00;314.512;312.682;314.487;312.742;4468
2015.11.04;12:00:00;314.947;314.212;314.682;314.512;2898
2015.11.04;16:00:00;314.742;313.912;313.958;314.682;5866
2015.11.04;20:00:00;314.252;313.732;314.102;313.959;1957
2015.11.05;00:00:00;314.272;313.982;314.009;314.112;400
2015.11.05;04:00:00;314.062;313.952;314.052;314.012;563
2015.11.05;08:00:00;314.492;313.932;314.192;314.052;2994
2015.11.05;12:00:00;314.582;313.768;313.902;314.182;2990
2015.11.05;16:00:00;314.252;313.44;313.561;313.892;3909
2015.11.05;20:00:00;313.652;313.022;313.482;313.557;846
2015.11.06;00:00:00;313.492;312.962;313.233;313.482;433
2015.11.06;04:00:00;313.632;313.112;313.264;313.234;422
2015.11.06;08:00:00;314.242;313.242;314.072;313.257;1448
2015.11.06;12:00:00;314.532;313.782;314.042;314.062;4934
2015.11.06;16:00:00;315.282;313.902;314.739;314.052;4843
2015.11.06;20:00:00;314.832;313.39;313.912;314.739;1181
2015.11.09;00:00:00;314.213;313.252;314.119;313.252;530
2015.11.09;04:00:00;314.145;314.072;314.143;314.123;472
2015.11.09;08:00:00;315.182;313.912;314.942;314.142;4925
2015.11.09;12:00:00;315.092;314.032;314.211;314.932;5890
2015.11.09;16:00:00;314.572;313.172;313.342;314.217;5802
2015.11.09;20:00:00;313.733;313.212;313.222;313.342;1452
2015.11.10;00:00:00;313.433;312.977;313.302;313.272;461
2015.11.10;04:00:00;313.451;313.252;313.447;313.302;630
2015.11.10;08:00:00;313.692;312.962;313.272;313.443;3171
2015.11.10;12:00:00;313.619;312.235;312.33;313.262;3832
2015.11.10;16:00:00;312.602;311.948;312.312;312.337;5703
2015.11.10;20:00:00;312.522;312.132;312.472;312.312;1676
2015.11.11;00:00:00;312.622;311.988;312.482;312.482;193
2015.11.11;04:00:00;312.562;311.507;311.622;312.482;855
2015.11.11;08:00:00;312.272;311.502;311.882;311.692;3301
2015.11.11;12:00:00;312.103;311.162;311.255;311.892;3079
2015.11.11;16:00:00;311.912;311.241;311.412;311.249;5298
2015.11.11;20:00:00;311.812;311.282;311.792;311.412;1233
2015.11.12;00:00:00;311.952;310.989;311.368;311.762;714
2015.11.12;04:00:00;311.842;311.356;311.382;311.812;522
2015.11.12;08:00:00;312.242;311.353;311.95;311.361;3479
2015.11.12;12:00:00;312.212;311.702;312.082;311.969;2947
2015.11.12;16:00:00;312.352;311.276;312.072;312.082;4203
2015.11.12;20:00:00;312.532;311.8;312.202;312.062;1425
2015.11.13;00:00:00;312.612;312.272;312.432;312.502;312
2015.11.13;04:00:00;312.522;312.292;312.352;312.312;269
2015.11.13;08:00:00;312.692;311.982;312.122;312.512;4698
2015.11.13;12:00:00;312.432;311.482;311.642;312.132;7189
2015.11.13;16:00:00;311.932;311.132;311.297;311.652;3502
2015.11.13;20:00:00;311.442;310.943;311.322;311.342;1201
2015.11.16;00:00:00;311.403;310.462;311.157;310.462;700
2015.11.16;04:00:00;311.182;311.152;311.156;311.158;751
2015.11.16;08:00:00;311.792;311.032;311.682;311.202;3025
2015.11.16;12:00:00;311.882;311.352;311.742;311.692;1753
2015.11.16;16:00:00;312.112;311.437;312.002;311.742;2261
2015.11.16;20:00:00;312.022;311.332;311.702;311.992;651
2015.11.17;00:00:00;311.942;311.008;311.802;311.712;453
2015.11.17;04:00:00;311.892;311.516;311.552;311.802;426
2015.11.17;08:00:00;312.092;311.51;312.042;311.521;2045
2015.11.17;12:00:00;312.232;311.159;311.243;312.042;4739
2015.11.17;16:00:00;311.623;310.931;310.937;311.242;3800
2015.11.17;20:00:00;311.042;310.78;310.832;310.937;717
2015.11.18;00:00:00;310.932;310.622;310.712;310.832;337
2015.11.18;04:00:00;310.722;310.602;310.692;310.712;258
2015.11.18;08:00:00;311.432;310.582;310.962;310.622;1703
2015.11.18;12:00:00;311.122;310.372;310.428;310.962;2359
2015.11.18;16:00:00;310.862;310.192;310.463;310.434;2842
2015.11.18;20:00:00;310.475;310.052;310.142;310.46;1169
2015.11.19;00:00:00;310.432;309.692;310.392;310.152;688
2015.11.19;04:00:00;310.412;309.923;310.402;310.382;687
2015.11.19;08:00:00;310.722;309.552;309.822;310.392;2319
2015.11.19;12:00:00;310.702;309.602;310.069;309.822;4036
2015.11.19;16:00:00;310.732;309.962;310.282;310.072;4374
2015.11.19;20:00:00;310.282;309.676;309.902;310.282;699
2015.11.20;00:00:00;309.992;308.952;309.972;309.902;394
2015.11.20;04:00:00;309.972;309.684;309.902;309.972;574
2015.11.20;08:00:00;310.112;309.072;309.512;309.962;1715
2015.11.20;12:00:00;310.272;308.742;310.232;309.512;2714
2015.11.20;16:00:00;310.722;309.752;310.382;310.222;3766
2015.11.20;20:00:00;310.702;310.057;310.652;310.382;633
2015.11.23;00:00:00;310.742;310.052;310.662;310.292;284
2015.11.23;04:00:00;310.812;310.442;310.472;310.632;555
2015.11.23;08:00:00;311.152;310.042;310.482;310.552;3388
2015.11.23;12:00:00;311.052;310.434;310.922;310.482;2089
2015.11.23;16:00:00;311.842;310.771;311.832;310.918;6424
2015.11.23;20:00:00;311.952;311.532;311.602;311.792;879
2015.11.24;00:00:00;311.682;310.883;311.552;311.612;451
2015.11.24;04:00:00;311.672;311.492;311.602;311.552;523
2015.11.24;08:00:00;312.017;311.498;311.892;311.662;1690
2015.11.24;12:00:00;312.022;311.652;311.952;311.902;2964
2015.11.24;16:00:00;312.182;311.623;312.032;311.953;3163
2015.11.24;20:00:00;312.042;311.382;311.912;311.962;1703
2015.11.25;00:00:00;311.982;311.145;311.962;311.942;514
2015.11.25;04:00:00;312.022;311.572;311.682;311.882;515
2015.11.25;08:00:00;312.372;311.572;311.972;311.682;2947
2015.11.25;12:00:00;312.342;311.522;312.322;311.982;3530
2015.11.25;16:00:00;312.582;311.843;312.029;312.322;3908
2015.11.25;20:00:00;312.152;311.722;311.862;312.029;819
2015.11.26;00:00:00;312.172;311.15;312.112;311.872;588
2015.11.26;04:00:00;312.142;311.58;311.912;312.032;1242
2015.11.26;08:00:00;312.482;311.612;312.382;311.992;2375
2015.11.26;12:00:00;312.452;311.952;312.144;312.372;1312
2015.11.26;16:00:00;312.482;311.722;311.931;312.15;4348
2015.11.26;20:00:00;312.072;311.622;311.892;311.932;417
2015.11.27;00:00:00;312.322;311.364;311.752;311.922;1295
2015.11.27;04:00:00;311.922;311.712;311.872;311.822;1929
2015.11.27;08:00:00;312.232;311.65;311.662;311.872;2812
2015.11.27;12:00:00;312.462;311.652;312.242;311.662;2198
2015.11.27;16:00:00;312.382;311.512;311.792;312.232;2701
2015.11.27;20:00:00;311.797;311.366;311.642;311.622;390
2015.11.30;00:00:00;311.742;311.198;311.463;311.476;428
2015.11.30;04:00:00;311.792;311.452;311.462;311.463;430
2015.11.30;08:00:00;311.862;311.082;311.352;311.466;1508
2015.11.30;12:00:00;311.542;311.292;311.432;311.342;1510
2015.11.30;16:00:00;311.492;310.472;310.622;311.402;2353
2015.11.30;20:00:00;310.722;310.495;310.532;310.622;580
2015.12.01;00:00:00;310.672;310.069;310.662;310.452;141
2015.12.01;04:00:00;310.692;310.592;310.662;310.662;665
2015.12.01;08:00:00;310.722;310.232;310.442;310.652;1754
2015.12.01;12:00:00;310.673;310.179;310.614;310.432;1713
2015.12.01;16:00:00;311.942;310.562;311.756;310.614;4790
2015.12.01;20:00:00;312.362;311.755;312.292;311.755;1056
2015.12.02;00:00:00;312.402;311.709;312.392;312.292;262
2015.12.02;04:00:00;312.412;312.292;312.302;312.332;351
2015.12.02;08:00:00;312.422;311.596;311.979;312.422;1980
2015.12.02;12:00:00;311.989;310.967;311.022;311.989;4615
2015.12.02;16:00:00;311.312;310.082;310.272;311.012;4541
2015.12.02;20:00:00;310.457;310.032;310.072;310.272;1257
2015.12.03;00:00:00;310.092;309.521;309.972;310.022;254
2015.12.03;04:00:00;310.042;309.922;309.922;309.972;237
2015.12.03;08:00:00;310.402;309.812;310.012;309.992;1817
2015.12.03;12:00:00;312.932;309.522;312.082;310.022;6469
2015.12.03;16:00:00;313.002;311.822;312.862;312.082;6047
2015.12.03;20:00:00;313.532;312.678;313.262;312.872;1150
2015.12.04;00:00:00;313.442;312.479;312.876;313.262;402
2015.12.04;04:00:00;313.612;312.869;313.422;312.87;455
2015.12.04;08:00:00;313.642;312.172;312.912;313.612;3431
2015.12.04;12:00:00;313.862;312.626;313.792;312.912;5713
2015.12.04;16:00:00;314.112;312.262;312.332;313.792;6116
2015.12.04;20:00:00;312.352;311.688;312.142;312.301;888
2015.12.07;00:00:00;312.332;311.582;312.033;312.182;321
2015.12.07;04:00:00;312.092;311.982;312.032;312.092;298
2015.12.07;08:00:00;312.672;311.542;311.992;312.062;3154
2015.12.07;12:00:00;312.142;311.134;312.002;311.992;2597
2015.12.07;16:00:00;312.802;311.792;312.772;312.002;3204
2015.12.07;20:00:00;313.062;312.734;312.932;312.772;1370
2015.12.08;00:00:00;312.992;312.699;312.922;312.922;313
2015.12.08;04:00:00;313.132;312.922;313.122;312.922;466
2015.12.08;08:00:00;313.382;312.296;313.285;313.122;2460
2015.12.08;12:00:00;314.502;313.083;314.212;313.274;3311
2015.12.08;16:00:00;314.522;313.322;313.602;314.212;2825
2015.12.08;20:00:00;313.962;313.162;313.632;313.592;1103
2015.12.09;00:00:00;313.822;312.852;313.692;313.822;754
2015.12.09;04:00:00;313.752;313.183;313.582;313.512;1940
2015.12.09;08:00:00;314.402;313.177;314.182;313.582;3769
2015.12.09;12:00:00;315.132;314.132;315.074;314.162;2314
2015.12.09;16:00:00;316.392;315.072;316.172;315.08;4103
2015.12.09;20:00:00;316.392;315.927;315.992;316.252;1406
2015.12.10;00:00:00;315.952;315.183;315.816;315.952;518
2015.12.10;04:00:00;315.872;315.809;315.842;315.816;608
2015.12.10;08:00:00;316.872;315.395;316.532;315.839;3943
2015.12.10;12:00:00;316.712;316.122;316.442;316.562;3033
2015.12.10;16:00:00;317.522;316.232;317.482;316.432;2682
2015.12.10;20:00:00;317.642;317.162;317.162;317.492;1290
2015.12.11;00:00:00;317.402;317.052;317.122;317.132;192
2015.12.11;04:00:00;317.402;317.082;317.182;317.402;159
2015.12.11;08:00:00;317.872;316.814;317.582;317.312;2962
2015.12.11;12:00:00;317.622;316.425;316.592;317.582;4487
2015.12.11;16:00:00;317.952;316.405;317.502;316.602;5166
2015.12.11;20:00:00;317.752;317.102;317.202;317.512;1428
2015.12.14;00:00:00;316.782;316.142;316.682;316.25;91
2015.12.14;04:00:00;316.742;316.472;316.482;316.712;238
2015.12.14;08:00:00;316.652;315.922;316.062;316.502;2577
2015.12.14;12:00:00;317.492;316.032;316.422;316.062;3388
2015.12.14;16:00:00;317.202;316.202;317.112;316.412;5231
2015.12.14;20:00:00;317.342;316.968;317.222;317.122;1518
2015.12.15;00:00:00;317.502;316.559;317.412;317.202;761
2015.12.15;04:00:00;317.502;316.802;316.992;317.502;745
2015.12.15;08:00:00;317.583;316.652;317.052;317.182;4393
2015.12.15;12:00:00;317.262;316.042;316.174;317.022;4908
2015.12.15;16:00:00;316.312;315.152;315.891;316.167;6784
2015.12.15;20:00:00;315.891;315.891;315.891;315.891;2
