DATE;TIME;HIGH;LOW;CLOSE;OPEN;VOLUME
2015.04.27;12:00:00;129.442;129.046;129.427;129.126;29537
2015.04.27;16:00:00;129.971;129.35;129.708;129.425;37372
2015.04.27;20:00:00;129.736;129.468;129.634;129.708;17094
2015.04.28;00:00:00;129.651;129.456;129.598;129.627;14567
2015.04.28;04:00:00;129.638;129.463;129.486;129.596;12704
2015.04.28;08:00:00;129.81;129.343;129.789;129.478;30304
2015.04.28;12:00:00;130.249;129.719;130.058;129.787;36981
2015.04.28;16:00:00;130.618;129.992;130.448;130.057;40249
2015.04.28;20:00:00;130.67;130.323;130.489;130.447;16522
2015.04.29;00:00:00;130.518;130.309;130.412;130.49;11942
2015.04.29;04:00:00;130.413;130.25;130.289;130.413;11360
2015.04.29;08:00:00;131.208;130.276;131.17;130.291;29275
2015.04.29;12:00:00;131.636;131.069;131.454;131.169;39954
2015.04.29;16:00:00;132.884;131.324;132.278;131.458;56957
2015.04.29;20:00:00;132.55;131.767;132.432;132.277;35316
2015.04.30;00:00:00;132.537;132.162;132.241;132.435;15863
2015.04.30;04:00:00;132.343;131.652;131.763;132.241;22356
2015.04.30;08:00:00;133.712;131.3;133.25;131.764;45439
2015.04.30;12:00:00;133.387;132.557;133.176;133.237;46623
2015.04.30;16:00:00;134.326;132.913;134.169;133.176;55723
2015.04.30;20:00:00;134.509;133.815;133.979;134.168;28970
2015.05.01;00:00:00;134.188;133.889;134.117;133.966;13237
2015.05.01;04:00:00;134.217;134.021;134.085;134.117;13029
2015.05.01;08:00:00;134.975;134.07;134.82;134.085;27470
2015.05.01;12:00:00;135.116;134.608;134.977;134.819;28963
2015.05.01;16:00:00;135.264;134.393;134.422;134.977;42362
2015.05.01;20:00:00;134.83;134.417;134.557;134.424;16630
2015.05.04;00:00:00;134.638;134.252;134.421;134.555;9846
2015.05.04;04:00:00;134.518;134.257;134.393;134.421;10537
2015.05.04;08:00:00;134.714;133.767;133.819;134.395;29314
2015.05.04;12:00:00;134.358;133.708;134.293;133.819;31628
2015.05.04;16:00:00;134.404;133.811;134.065;134.292;34959
2015.05.04;20:00:00;134.095;133.688;133.879;134.066;14128
2015.05.05;00:00:00;133.969;133.805;133.895;133.861;9511
2015.05.05;04:00:00;133.96;133.558;133.594;133.896;11227
2015.05.05;08:00:00;133.83;133.096;133.475;133.594;36844
2015.05.05;12:00:00;134.208;133.304;133.999;133.475;41109
2015.05.05;16:00:00;134.485;133.812;134.236;134;48730
2015.05.05;20:00:00;134.431;134.002;134.013;134.243;17790
2015.05.06;00:00:00;134.143;134.005;134.116;134.013;10183
2015.05.06;04:00:00;134.778;134.106;134.715;134.116;15369
2015.05.06;08:00:00;134.869;134.342;134.444;134.715;41964
2015.05.06;12:00:00;134.938;134.217;134.883;134.444;45878
2015.05.06;16:00:00;135.671;134.848;135.422;134.885;51991
2015.05.06;20:00:00;135.683;135.349;135.492;135.419;21733
2015.05.07;00:00:00;135.585;135.173;135.272;135.513;17887
2015.05.07;04:00:00;135.603;135.223;135.513;135.273;17195
2015.05.07;08:00:00;135.852;135.305;135.503;135.513;41664
2015.05.07;12:00:00;135.984;134.371;134.769;135.506;51661
2015.05.07;16:00:00;135.129;134.18;134.971;134.773;46095
2015.05.07;20:00:00;135.122;134.792;134.87;134.972;18903
2015.05.08;00:00:00;134.95;134.457;134.756;134.868;16158
2015.05.08;04:00:00;134.966;134.29;134.447;134.756;23223
2015.05.08;08:00:00;134.973;134.103;134.871;134.447;41553
2015.05.08;12:00:00;135.346;134.35;134.852;134.872;45057
2015.05.08;16:00:00;134.909;134.068;134.321;134.854;47409
2015.05.08;20:00:00;134.481;134.101;134.182;134.32;14474
2015.05.11;00:00:00;134.195;133.701;133.711;133.9;14073
2015.05.11;04:00:00;133.821;133.477;133.66;133.71;18269
2015.05.11;08:00:00;134.224;133.566;133.936;133.666;33364
2015.05.11;12:00:00;134.01;133.508;133.594;133.932;31021
2015.05.11;16:00:00;133.949;133.497;133.947;133.596;37090
2015.05.11;20:00:00;134.044;133.804;133.92;133.948;13919
2015.05.12;00:00:00;134.007;133.739;133.808;133.929;11628
2015.05.12;04:00:00;134.262;133.768;134.256;133.808;14363
2015.05.12;08:00:00;135.257;134.213;135.126;134.258;39115
2015.05.12;12:00:00;135.281;134.762;134.866;135.126;39475
2015.05.12;16:00:00;135.163;134.598;134.629;134.868;37123
2015.05.12;20:00:00;134.669;134.347;134.385;134.631;15615
2015.05.13;00:00:00;134.568;134.294;134.472;134.371;13067
2015.05.13;04:00:00;134.97;134.323;134.825;134.473;19369
2015.05.13;08:00:00;135.061;134.389;134.481;134.827;32672
2015.05.13;12:00:00;135.042;134.194;134.948;134.479;40376
2015.05.13;16:00:00;135.492;134.87;135.394;134.948;42638
2015.05.13;20:00:00;135.47;135.099;135.261;135.396;15652
2015.05.14;00:00:00;135.364;135.189;135.346;135.244;15380
2015.05.14;04:00:00;135.5;135.252;135.447;135.347;18441
2015.05.14;08:00:00;136.05;135.292;135.916;135.446;38424
2015.05.14;12:00:00;136.407;135.798;135.91;135.916;36270
2015.05.14;16:00:00;135.909;135.303;135.537;135.908;40426
2015.05.14;20:00:00;136.039;135.482;135.932;135.538;16117
2015.05.15;00:00:00;136.116;135.854;136.078;135.928;13093
2015.05.15;04:00:00;136.317;136.053;136.215;136.08;15533
2015.05.15;08:00:00;136.358;135.691;135.755;136.215;38956
2015.05.15;12:00:00;136.258;135.687;135.84;135.755;35594
2015.05.15;16:00:00;136.586;135.722;136.498;135.839;44681
2015.05.15;20:00:00;136.803;136.403;136.669;136.489;17547
2015.05.18;00:00:00;136.808;136.468;136.767;136.511;11192
2015.05.18;04:00:00;136.807;136.681;136.772;136.767;13808
2015.05.18;08:00:00;136.949;136.029;136.26;136.773;31361
2015.05.18;12:00:00;136.678;136.102;136.336;136.26;33128
2015.05.18;16:00:00;136.421;135.791;136.041;136.334;36248
2015.05.18;20:00:00;136.085;135.576;135.75;136.039;18600
2015.05.19;00:00:00;135.818;135.606;135.63;135.741;11577
2015.05.19;04:00:00;135.636;135.388;135.578;135.63;15384
2015.05.19;08:00:00;135.757;133.931;134.332;135.578;42939
2015.05.19;12:00:00;134.677;133.963;134.074;134.332;39380
2015.05.19;16:00:00;134.49;134.065;134.411;134.074;43588
2015.05.19;20:00:00;134.706;134.319;134.549;134.411;15732
2015.05.20;00:00:00;134.595;134.331;134.562;134.548;14117
2015.05.20;04:00:00;134.734;134.552;134.645;134.562;14785
2015.05.20;08:00:00;134.761;133.904;134.291;134.643;40474
2015.05.20;12:00:00;134.608;134.162;134.608;134.285;37445
2015.05.20;16:00:00;134.654;134.304;134.532;134.607;40837
2015.05.20;20:00:00;134.85;134.36;134.557;134.534;33350
2015.05.21;00:00:00;134.68;134.456;134.588;134.557;12999
2015.05.21;04:00:00;134.779;134.577;134.64;134.591;16932
2015.05.21;08:00:00;135.041;134.208;134.802;134.641;40142
2015.05.21;12:00:00;135.337;134.668;134.72;134.8;40844
2015.05.21;16:00:00;134.819;134.556;134.761;134.72;41405
2015.05.21;20:00:00;134.765;134.453;134.455;134.756;18171
2015.05.22;00:00:00;134.575;134.406;134.476;134.466;15621
2015.05.22;04:00:00;134.702;134.422;134.581;134.479;19147
2015.05.22;08:00:00;134.953;134.478;134.896;134.585;31832
2015.05.22;12:00:00;135.33;134.503;134.586;134.894;40400
2015.05.22;16:00:00;134.587;133.715;134.092;134.586;38003
2015.05.22;20:00:00;134.126;133.736;133.808;134.089;18952
2015.05.25;00:00:00;133.797;133.306;133.588;133.657;15917
2015.05.25;04:00:00;133.737;133.546;133.628;133.588;12896
2015.05.25;08:00:00;133.821;133.303;133.436;133.628;23154
2015.05.25;12:00:00;133.56;133.294;133.432;133.436;14897
2015.05.25;16:00:00;133.455;133.242;133.455;133.432;11532
2015.05.25;20:00:00;133.474;133.319;133.419;133.454;6863
2015.05.26;00:00:00;133.484;133.114;133.189;133.435;12458
2015.05.26;04:00:00;133.366;133.087;133.248;133.188;16188
2015.05.26;08:00:00;133.82;133.142;133.711;133.249;43943
2015.05.26;12:00:00;134.392;133.575;134.346;133.71;37899
2015.05.26;16:00:00;134.504;133.769;133.855;134.344;41089
2015.05.26;20:00:00;133.935;133.656;133.801;133.853;16545
2015.05.27;00:00:00;133.967;133.769;133.829;133.793;11494
2015.05.27;04:00:00;134.056;133.787;134.028;133.827;18650
2015.05.27;08:00:00;134.389;133.992;134.362;134.029;34122
2015.05.27;12:00:00;134.767;133.969;134.03;134.361;42315
2015.05.27;16:00:00;134.922;133.809;134.789;134.03;44174
2015.05.27;20:00:00;135.005;134.75;134.794;134.789;21285
2015.05.28;00:00:00;135.001;134.741;134.933;134.798;13598
2015.05.28;04:00:00;135.478;134.843;135.307;134.931;25880
2015.05.28;08:00:00;135.634;134.984;135.521;135.308;41277
2015.05.28;12:00:00;135.845;135.144;135.29;135.521;41171
2015.05.28;16:00:00;135.704;135.198;135.344;135.29;42157
2015.05.28;20:00:00;135.766;135.25;135.699;135.345;23980
2015.05.29;00:00:00;135.909;135.539;135.586;135.696;15916
2015.05.29;04:00:00;135.67;135.421;135.56;135.585;16294
2015.05.29;08:00:00;135.792;135.416;135.686;135.561;35861
2015.05.29;12:00:00;136.245;135.631;136.021;135.685;42153
2015.05.29;16:00:00;136.4;135.842;136.178;136.02;46290
2015.05.29;20:00:00;136.447;136.155;136.439;136.183;15560
2015.06.01;00:00:00;136.352;135.92;135.922;136.217;12857
2015.06.01;04:00:00;136.01;135.794;135.935;135.924;17292
2015.06.01;08:00:00;136.067;135.12;135.215;135.936;34667
2015.06.01;12:00:00;135.907;135.134;135.674;135.225;37875
2015.06.01;16:00:00;136.403;135.501;136.33;135.675;44848
2015.06.01;20:00:00;136.585;136.265;136.314;136.327;19634
2015.06.02;00:00:00;136.467;136.22;136.419;136.317;15536
2015.06.02;04:00:00;136.521;136.187;136.29;136.419;20724
2015.06.02;08:00:00;136.87;136.096;136.722;136.292;38926
2015.06.02;12:00:00;137.989;136.621;137.973;136.724;51070
2015.06.02;16:00:00;138.865;137.842;138.586;137.972;55202
2015.06.02;20:00:00;138.638;138.271;138.372;138.587;22295
2015.06.03;00:00:00;138.416;138.255;138.336;138.372;15420
2015.06.03;04:00:00;138.478;138.209;138.334;138.335;18580
2015.06.03;08:00:00;138.62;138.035;138.347;138.334;40320
2015.06.03;12:00:00;138.714;138.095;138.58;138.347;39976
2015.06.03;16:00:00;140.056;138.566;139.972;138.579;51909
2015.06.03;20:00:00;140.129;139.832;140.055;139.974;17191
2015.06.04;00:00:00;140.103;139.914;140.009;140.066;13014
2015.06.04;04:00:00;140.343;139.978;140.256;140.009;16328
2015.06.04;08:00:00;140.907;139.54;140.618;140.254;45652
2015.06.04;12:00:00;141.044;140.199;140.405;140.62;43094
2015.06.04;16:00:00;140.904;139.879;140.545;140.406;44435
2015.06.04;20:00:00;140.614;139.624;139.727;140.545;23073
2015.06.05;00:00:00;139.791;139.117;139.522;139.73;21766
2015.06.05;04:00:00;139.678;139.385;139.582;139.523;14867
2015.06.05;08:00:00;140.686;139.529;140.46;139.581;38662
2015.06.05;12:00:00;140.592;139.224;139.42;140.46;42057
2015.06.05;16:00:00;139.745;139.019;139.63;139.419;52365
2015.06.05;20:00:00;139.822;139.511;139.594;139.629;17686
2015.06.08;00:00:00;139.596;139.171;139.201;139.348;10824
2015.06.08;04:00:00;139.36;139.024;139.333;139.202;14125
2015.06.08;08:00:00;139.957;139.143;139.41;139.331;40677
2015.06.08;12:00:00;140.274;139.268;139.89;139.412;32869
2015.06.08;16:00:00;140.591;139.887;140.464;139.891;37977
2015.06.08;20:00:00;140.733;140.32;140.525;140.466;26242
2015.06.09;00:00:00;140.706;140.465;140.553;140.535;15568
2015.06.09;04:00:00;140.993;140.54;140.879;140.553;19498
2015.06.09;08:00:00;140.965;140.149;140.198;140.878;44222
2015.06.09;12:00:00;140.258;139.374;139.528;140.198;45580
2015.06.09;16:00:00;140.186;139.35;140.061;139.524;43935
2015.06.09;20:00:00;140.406;139.995;140.277;140.059;16906
2015.06.10;00:00:00;140.659;140.144;140.542;140.274;17383
2015.06.10;04:00:00;140.588;138.722;138.92;140.543;30063
2015.06.10;08:00:00;139.758;138.517;138.815;138.92;56232
2015.06.10;12:00:00;139.287;138.515;138.734;138.816;45107
2015.06.10;16:00:00;139.269;138.417;138.76;138.735;47894
2015.06.10;20:00:00;138.962;138.656;138.857;138.76;20480
2015.06.11;00:00:00;139.087;138.847;139.028;138.857;15431
2015.06.11;04:00:00;139.274;138.77;139.251;139.025;20462
2015.06.11;08:00:00;139.604;138.794;139.213;139.254;40194
2015.06.11;12:00:00;139.465;138.606;138.964;139.214;42967
2015.06.11;16:00:00;139.123;138.564;138.961;138.964;42850
2015.06.11;20:00:00;139.09;138.788;138.905;138.959;19455
2015.06.12;00:00:00;139.055;138.726;138.926;138.901;19495
2015.06.12;04:00:00;139.112;138.461;138.641;138.925;17106
2015.06.12;08:00:00;139.043;137.967;138.167;138.638;38531
2015.06.12;12:00:00;138.951;138.026;138.836;138.166;43169
2015.06.12;16:00:00;139.193;138.502;139.067;138.837;44432
2015.06.12;20:00:00;139.309;138.83;138.991;139.061;16241
2015.06.15;00:00:00;138.578;138.087;138.566;138.123;13353
2015.06.15;04:00:00;138.583;138.276;138.448;138.566;17225
2015.06.15;08:00:00;139.091;138.131;138.788;138.45;37172
2015.06.15;12:00:00;138.84;138.382;138.501;138.788;36433
2015.06.15;16:00:00;139.336;138.328;139.257;138.501;34424
2015.06.15;20:00:00;139.327;138.936;139.221;139.259;18381
2015.06.16;00:00:00;139.291;139.09;139.133;139.221;14864
2015.06.16;04:00:00;139.476;139.011;139.4;139.132;20151
2015.06.16;08:00:00;139.987;139.034;139.11;139.399;37121
2015.06.16;12:00:00;139.265;138.242;138.607;139.113;35052
2015.06.16;16:00:00;138.814;138.344;138.711;138.61;27559
2015.06.16;20:00:00;138.809;138.593;138.714;138.71;11644
2015.06.17;00:00:00;138.785;138.679;138.772;138.717;10933
2015.06.17;04:00:00;139.055;138.752;139.008;138.771;15072
2015.06.17;08:00:00;139.658;138.911;139.472;139.009;35296
2015.06.17;12:00:00;139.86;139.343;139.673;139.472;33853
2015.06.17;16:00:00;139.95;139.491;139.921;139.673;30891
2015.06.17;20:00:00;139.998;139.385;139.914;139.92;43898
2015.06.18;00:00:00;140.465;139.858;140.211;139.907;18944
2015.06.18;04:00:00;140.222;139.746;139.897;140.212;22261
2015.06.18;08:00:00;140.096;139.482;139.786;139.898;42726
2015.06.18;12:00:00;140.034;139.607;139.785;139.786;40228
2015.06.18;16:00:00;140.655;139.646;139.914;139.784;39098
2015.06.18;20:00:00;140.032;139.63;139.65;139.916;19471
2015.06.19;00:00:00;140.062;139.637;139.868;139.65;13943
2015.06.19;04:00:00;139.916;139.691;139.691;139.868;12840
2015.06.19;08:00:00;139.78;139.061;139.148;139.691;33382
2015.06.19;12:00:00;139.385;139.059;139.183;139.147;31132
2015.06.19;16:00:00;139.277;138.912;139.087;139.181;28888
2015.06.19;20:00:00;139.361;139.063;139.217;139.086;13984
2015.06.22;00:00:00;139.883;139.433;139.49;139.865;11171
2015.06.22;04:00:00;139.922;139.426;139.876;139.49;12530
2015.06.22;08:00:00;140.063;139.256;139.52;139.877;30894
2015.06.22;12:00:00;140.008;139.495;139.787;139.52;34399
2015.06.22;16:00:00;140.621;139.719;140.109;139.788;40414
2015.06.22;20:00:00;140.147;139.698;139.883;140.104;15618
2015.06.23;00:00:00;140.018;139.817;139.942;139.871;10392
2015.06.23;04:00:00;139.987;139.243;139.483;139.942;22678
2015.06.23;08:00:00;139.522;138.904;138.959;139.483;36407
2015.06.23;12:00:00;139.053;138.364;138.571;138.96;36381
2015.06.23;16:00:00;138.629;138.223;138.373;138.572;35662
2015.06.23;20:00:00;138.516;138.198;138.394;138.37;16789
2015.06.24;00:00:00;138.453;138.242;138.303;138.393;13031
2015.06.24;04:00:00;138.662;138.289;138.602;138.305;15860
2015.06.24;08:00:00;139.156;138.579;138.962;138.601;35975
2015.06.24;12:00:00;139.04;138.456;138.798;138.962;37579
2015.06.24;16:00:00;139.156;138.618;138.723;138.8;37152
2015.06.24;20:00:00;138.865;138.597;138.726;138.722;19570
2015.06.25;00:00:00;138.835;138.722;138.76;138.722;10613
2015.06.25;04:00:00;138.829;138.494;138.546;138.76;16064
2015.06.25;08:00:00;138.879;138.364;138.39;138.547;30301
2015.06.25;12:00:00;138.762;137.655;138.481;138.39;40344
2015.06.25;16:00:00;138.553;138.165;138.485;138.481;29118
2015.06.25;20:00:00;138.534;138.342;138.492;138.485;12828
2015.06.26;00:00:00;138.547;138.097;138.179;138.493;10283
2015.06.26;04:00:00;138.234;137.788;138.041;138.18;17746
2015.06.26;08:00:00;138.413;137.879;138.259;138.04;26468
2015.06.26;12:00:00;138.616;138.085;138.373;138.258;30011
2015.06.26;16:00:00;138.666;137.975;138.159;138.373;37507
2015.06.26;20:00:00;138.392;138.086;138.374;138.159;14234
2015.06.29;00:00:00;135.661;133.753;135.452;135.073;39980
2015.06.29;04:00:00;135.654;134.828;135.013;135.451;27259
2015.06.29;08:00:00;136.857;134.45;136.698;135.014;56822
2015.06.29;12:00:00;136.877;136.153;136.628;136.698;37376
2015.06.29;16:00:00;137.37;136.447;137.31;136.629;42822
2015.06.29;20:00:00;138.116;137.218;137.654;137.309;27236
2015.06.30;00:00:00;137.737;137.071;137.131;137.655;17192
2015.06.30;04:00:00;137.21;136.664;136.866;137.133;23716
2015.06.30;08:00:00;137.015;135.87;135.957;136.866;40795
2015.06.30;12:00:00;137.275;135.904;137.241;135.962;44530
2015.06.30;16:00:00;137.522;135.968;136.178;137.238;48533
2015.06.30;20:00:00;136.548;136.131;136.548;136.177;22773
2015.07.01;00:00:00;136.55;136.168;136.427;136.548;17108
2015.07.01;04:00:00;136.541;136.328;136.437;136.427;13852
2015.07.01;08:00:00;136.946;136.046;136.898;136.437;31549
2015.07.01;12:00:00;137.401;136.359;136.484;136.911;41390
2015.07.01;16:00:00;136.611;136.191;136.255;136.486;35031
2015.07.01;20:00:00;136.315;136.02;136.117;136.255;17462
2015.07.02;00:00:00;136.287;136.03;136.255;136.117;14266
2015.07.02;04:00:00;136.633;136.236;136.578;136.254;16205
2015.07.02;08:00:00;136.906;136.414;136.787;136.576;36897
2015.07.02;12:00:00;136.882;136.356;136.57;136.788;45555
2015.07.02;16:00:00;136.717;136.373;136.61;136.57;40374
2015.07.02;20:00:00;136.637;136.311;136.375;136.607;15795
2015.07.03;00:00:00;136.505;136.212;136.323;136.349;11605
2015.07.03;04:00:00;136.58;136.266;136.569;136.323;15333
2015.07.03;08:00:00;136.837;136.508;136.632;136.569;32022
2015.07.03;12:00:00;136.693;136.015;136.178;136.669;33337
2015.07.03;16:00:00;136.335;135.901;135.968;136.178;32927
2015.07.03;20:00:00;136.553;135.965;136.423;135.965;9224
2015.07.06;00:00:00;135.152;133.872;134.981;133.9;27219
2015.07.06;04:00:00;135.579;134.843;134.918;134.982;21732
2015.07.06;08:00:00;136.054;134.549;135.577;134.918;47534
2015.07.06;12:00:00;135.648;135.004;135.303;135.581;50804
2015.07.06;16:00:00;135.97;135.155;135.694;135.304;47653
2015.07.06;20:00:00;135.789;135.107;135.479;135.694;20831
2015.07.07;00:00:00;135.662;135.408;135.649;135.476;11056
2015.07.07;04:00:00;135.657;135.214;135.316;135.649;18237
2015.07.07;08:00:00;135.481;134.429;134.504;135.316;42859
2015.07.07;12:00:00;134.769;133.655;133.842;134.505;53505
2015.07.07;16:00:00;134.085;133.5;133.749;133.842;58537
2015.07.07;20:00:00;135.415;133.751;134.911;133.753;29980
2015.07.08;00:00:00;134.953;134.442;134.484;134.911;17220
2015.07.08;04:00:00;134.556;133.932;134.254;134.484;32690
2015.07.08;08:00:00;134.529;133.749;134.3;134.251;50222
2015.07.08;12:00:00;134.5;133.768;133.987;134.303;52671
2015.07.08;16:00:00;134.085;133.375;133.408;133.987;63071
2015.07.08;20:00:00;133.78;133.295;133.687;133.41;30387
2015.07.09;00:00:00;133.843;133.348;133.55;133.692;19318
2015.07.09;04:00:00;134.387;133.546;134.384;133.549;27352
2015.07.09;08:00:00;135.063;133.774;134.069;134.386;47279
2015.07.09;12:00:00;134.429;133.781;134.075;134.069;46161
2015.07.09;16:00:00;134.292;133.475;133.477;134.073;42989
2015.07.09;20:00:00;133.909;133.295;133.867;133.478;23583
2015.07.10;00:00:00;134.948;133.798;134.753;133.854;23226
2015.07.10;04:00:00;135.423;134.732;135.122;134.753;23205
2015.07.10;08:00:00;135.932;135.021;135.719;135.123;41107
2015.07.10;12:00:00;137.274;135.617;137.1;135.719;44266
2015.07.10;16:00:00;137.249;136.628;136.69;137.098;44282
2015.07.10;20:00:00;136.962;136.618;136.839;136.69;19308
2015.07.13;00:00:00;136.697;135.517;136.398;135.517;14828
2015.07.13;04:00:00;136.815;136.138;136.476;136.399;20849
2015.07.13;08:00:00;137.786;136.319;136.556;136.476;46623
2015.07.13;12:00:00;136.792;136.198;136.483;136.559;34654
2015.07.13;16:00:00;136.484;135.851;135.95;136.482;36456
2015.07.13;20:00:00;135.984;135.733;135.798;135.948;20068
2015.07.14;00:00:00;136.018;135.722;135.862;135.799;16859
2015.07.14;04:00:00;135.956;135.804;135.893;135.858;17402
2015.07.14;08:00:00;136.222;135.274;136.122;135.893;39665
2015.07.14;12:00:00;136.427;135.91;136.052;136.122;39093
2015.07.14;16:00:00;136.204;135.656;135.81;136.051;35974
2015.07.14;20:00:00;135.845;135.698;135.801;135.812;11844
2015.07.15;00:00:00;135.9;135.53;135.601;135.801;13970
2015.07.15;04:00:00;135.885;135.589;135.765;135.601;18031
2015.07.15;08:00:00;136.369;135.609;136.265;135.765;36456
2015.07.15;12:00:00;136.327;135.748;135.78;136.265;35256
2015.07.15;16:00:00;135.898;135.513;135.602;135.781;45541
2015.07.15;20:00:00;135.625;135.342;135.458;135.601;19646
2015.07.16;00:00:00;135.862;135.405;135.459;135.462;19194
2015.07.16;04:00:00;135.491;135.137;135.329;135.459;21975
2015.07.16;08:00:00;135.539;135.034;135.11;135.329;36994
2015.07.16;12:00:00;135.256;134.746;134.76;135.109;41979
2015.07.16;16:00:00;135.34;134.737;134.923;134.759;37865
2015.07.16;20:00:00;135.103;134.911;134.967;134.923;12626
2015.07.17;00:00:00;135.17;134.917;135.108;134.964;15355
2015.07.17;04:00:00;135.26;135.065;135.15;135.108;14127
2015.07.17;08:00:00;135.2;134.88;135.1;135.149;32139
2015.07.17;12:00:00;135.248;134.762;134.814;135.1;36121
2015.07.17;16:00:00;134.894;134.445;134.643;134.814;37410
2015.07.17;20:00:00;134.662;134.332;134.363;134.642;11235
2015.07.20;00:00:00;134.545;134.286;134.438;134.286;8225
2015.07.20;04:00:00;134.481;134.335;134.425;134.439;15298
2015.07.20;08:00:00;134.921;134.383;134.818;134.425;29474
2015.07.20;12:00:00;134.921;134.542;134.788;134.818;36789
2015.07.20;16:00:00;135.039;134.678;134.722;134.787;32679
2015.07.20;20:00:00;134.77;134.362;134.451;134.724;16253
2015.07.21;00:00:00;134.717;134.382;134.625;134.395;12751
2015.07.21;04:00:00;134.725;134.499;134.572;134.623;15136
2015.07.21;08:00:00;135.067;134.512;134.928;134.571;30329
2015.07.21;12:00:00;135.267;134.778;135.013;134.928;36969
2015.07.21;16:00:00;135.689;135.008;135.669;135.013;50621
2015.07.21;20:00:00;135.75;135.424;135.43;135.669;19388
2015.07.22;00:00:00;135.613;135.403;135.549;135.431;14603
2015.07.22;04:00:00;135.572;135.096;135.356;135.549;20832
2015.07.22;08:00:00;135.57;135.146;135.346;135.356;33873
2015.07.22;12:00:00;135.427;134.834;134.971;135.347;39712
2015.07.22;16:00:00;135.268;134.9;135.262;134.971;46787
2015.07.22;20:00:00;135.475;135.177;135.445;135.262;14232
2015.07.23;00:00:00;135.672;135.398;135.648;135.445;16099
2015.07.23;04:00:00;135.836;135.614;135.715;135.649;16937
2015.07.23;08:00:00;136.16;135.471;136.04;135.715;36303
2015.07.23;12:00:00;136.426;135.866;136.036;136.039;40774
2015.07.23;16:00:00;136.322;135.863;136.069;136.036;46659
2015.07.23;20:00:00;136.333;136.038;136.079;136.07;19434
2015.07.24;00:00:00;136.276;135.989;136.23;136.08;13770
2015.07.24;04:00:00;136.265;135.844;135.934;136.23;16996
2015.07.24;08:00:00;136.203;135.516;135.611;135.936;28945
2015.07.24;12:00:00;135.822;135.54;135.593;135.618;35865
2015.07.24;16:00:00;135.884;135.559;135.815;135.591;44536
2015.07.24;20:00:00;135.94;135.757;135.907;135.809;15960
2015.07.27;00:00:00;135.939;135.737;135.859;135.85;10236
2015.07.27;04:00:00;135.987;135.814;135.887;135.859;18566
2015.07.27;08:00:00;136.98;135.877;136.781;135.887;39665
2015.07.27;12:00:00;136.811;136.175;136.337;136.781;44900
2015.07.27;16:00:00;137.093;136.283;136.902;136.338;48237
2015.07.27;20:00:00;136.935;136.602;136.626;136.901;14400
2015.07.28;00:00:00;136.732;136.606;136.615;136.616;13503
2015.07.28;04:00:00;136.886;136.466;136.833;136.615;21838
2015.07.28;08:00:00;136.967;136.537;136.874;136.831;39389
2015.07.28;12:00:00;136.956;136.364;136.526;136.872;42990
2015.07.28;16:00:00;136.653;136.358;136.521;136.525;44259
2015.07.28;20:00:00;136.671;136.486;136.644;136.521;13867
2015.07.29;00:00:00;136.831;136.605;136.784;136.644;16027
2015.07.29;04:00:00;136.853;136.481;136.482;136.784;17060
2015.07.29;08:00:00;136.802;136.319;136.74;136.483;33246
2015.07.29;12:00:00;136.84;136.439;136.604;136.739;38088
2015.07.29;16:00:00;136.692;136.353;136.608;136.602;41261
2015.07.29;20:00:00;136.931;135.963;136.101;136.608;31603
2015.07.30;00:00:00;136.167;135.954;136.041;136.114;14275
2015.07.30;04:00:00;136.257;136.013;136.187;136.041;15391
2015.07.30;08:00:00;136.279;135.914;136.205;136.187;33363
2015.07.30;12:00:00;136.475;135.999;136.177;136.207;43850
2015.07.30;16:00:00;136.221;135.524;135.677;136.178;47750
2015.07.30;20:00:00;135.74;135.532;135.701;135.676;17262
2015.07.31;00:00:00;135.871;135.62;135.654;135.692;16978
2015.07.31;04:00:00;135.727;135.563;135.68;135.655;16212
2015.07.31;08:00:00;136.101;135.602;135.85;135.679;36120
2015.07.31;12:00:00;137.126;135.849;136.872;135.85;48464
2015.07.31;16:00:00;137.336;136.36;136.394;136.874;55236
2015.07.31;20:00:00;136.432;135.942;136.025;136.393;22186
2015.08.03;00:00:00;136.192;135.903;136.137;135.93;12448
2015.08.03;04:00:00;136.248;135.997;136.162;136.134;15132
2015.08.03;08:00:00;136.432;136.034;136.201;136.161;29803
2015.08.03;12:00:00;136.278;135.947;136.112;136.201;41304
2015.08.03;16:00:00;136.222;135.635;135.752;136.11;45093
2015.08.03;20:00:00;135.837;135.578;135.799;135.752;17766
2015.08.04;00:00:00;135.853;135.536;135.584;135.8;14511
2015.08.04;04:00:00;135.836;135.563;135.671;135.584;15958
2015.08.04;08:00:00;136.088;135.656;135.985;135.671;34670
2015.08.04;12:00:00;136.155;135.897;135.985;135.985;39640
2015.08.04;16:00:00;136.126;135.761;135.881;135.986;41703
2015.08.04;20:00:00;135.881;135.262;135.328;135.88;27626
2015.08.05;00:00:00;135.463;135.132;135.172;135.321;15978
2015.08.05;04:00:00;135.183;135.019;135.162;135.172;17409
2015.08.05;08:00:00;135.265;134.981;135.056;135.161;32307
2015.08.05;12:00:00;135.558;134.995;135.43;135.05;42214
2015.08.05;16:00:00;135.892;135.347;135.778;135.429;40650
2015.08.05;20:00:00;136.188;135.76;136.16;135.778;17526
2015.08.06;00:00:00;136.349;135.973;136.188;136.16;13669
2015.08.06;04:00:00;136.244;136.011;136.176;136.189;15905
2015.08.06;08:00:00;136.478;135.918;135.918;136.179;27161
2015.08.06;12:00:00;136.267;135.79;135.942;135.92;39991
2015.08.06;16:00:00;136.255;135.823;136.118;135.944;41710
2015.08.06;20:00:00;136.333;136.088;136.259;136.115;16137
2015.08.07;00:00:00;136.318;136.178;136.28;136.259;11150
2015.08.07;04:00:00;136.336;136.153;136.259;136.28;17494
2015.08.07;08:00:00;136.56;136.128;136.289;136.256;27863
2015.08.07;12:00:00;136.701;135.714;135.76;136.289;39796
2015.08.07;16:00:00;136.368;135.542;136.157;135.758;52376
2015.08.07;20:00:00;136.244;136.092;136.171;136.154;15629
2015.08.10;00:00:00;136.317;136.085;136.232;136.085;9191
2015.08.10;04:00:00;136.481;136.208;136.475;136.231;11886
2015.08.10;08:00:00;136.779;136.379;136.691;136.477;27251
2015.08.10;12:00:00;136.768;136.285;136.506;136.691;37501
2015.08.10;16:00:00;137.404;136.41;137.316;136.506;41735
2015.08.10;20:00:00;137.404;137.19;137.31;137.315;18420
2015.08.11;00:00:00;137.461;137.187;137.435;137.317;13081
2015.08.11;04:00:00;137.436;136.82;136.902;137.435;29050
2015.08.11;08:00:00;137.91;136.776;137.74;136.902;41658
2015.08.11;12:00:00;138.275;137.507;138.249;137.74;43556
2015.08.11;16:00:00;138.359;137.78;137.866;138.249;42148
2015.08.11;20:00:00;138.245;137.85;138.116;137.867;16829
2015.08.12;00:00:00;138.195;138.038;138.102;138.124;11650
2015.08.12;04:00:00;138.685;138.006;138.616;138.103;25252
2015.08.12;08:00:00;138.773;138.131;138.723;138.617;43630
2015.08.12;12:00:00;138.743;138.308;138.373;138.724;42282
2015.08.12;16:00:00;138.851;138.367;138.509;138.374;47788
2015.08.12;20:00:00;138.735;138.513;138.59;138.513;20046
2015.08.13;00:00:00;138.686;138.511;138.67;138.579;10012
2015.08.13;04:00:00;138.842;138.487;138.607;138.67;20288
2015.08.13;08:00:00;138.763;138.341;138.493;138.609;29956
2015.08.13;12:00:00;138.513;138.064;138.143;138.491;35168
2015.08.13;16:00:00;138.584;138.098;138.574;138.143;43180
2015.08.13;20:00:00;138.839;138.482;138.733;138.571;17627
2015.08.14;00:00:00;138.831;138.684;138.812;138.73;12326
2015.08.14;04:00:00;138.842;138.625;138.763;138.811;15864
2015.08.14;08:00:00;138.822;138.338;138.424;138.764;29723
2015.08.14;12:00:00;138.813;138.36;138.575;138.424;36212
2015.08.14;16:00:00;138.598;137.918;138.331;138.575;39850
2015.08.14;20:00:00;138.33;137.976;138.087;138.33;14428
2015.08.17;00:00:00;138.151;137.891;138.001;138.078;11938
2015.08.17;04:00:00;138.052;137.839;137.916;138.002;14661
2015.08.17;08:00:00;138.239;137.74;138.212;137.916;30365
2015.08.17;12:00:00;138.383;138.02;138.095;138.21;36881
2015.08.17;16:00:00;138.193;137.572;137.76;138.093;36758
2015.08.17;20:00:00;137.885;137.688;137.771;137.759;16513
2015.08.18;00:00:00;137.841;137.749;137.811;137.777;13313
2015.08.18;04:00:00;137.889;137.583;137.633;137.809;17817
2015.08.18;08:00:00;137.811;137.497;137.666;137.633;31278
2015.08.18;12:00:00;137.67;137.14;137.221;137.665;32210
2015.08.18;16:00:00;137.373;137.056;137.182;137.22;36287
2015.08.18;20:00:00;137.252;137.049;137.089;137.183;12456
2015.08.19;00:00:00;137.258;137.077;137.238;137.097;11868
2015.08.19;04:00:00;137.38;137.185;137.366;137.235;15156
2015.08.19;08:00:00;137.606;137.272;137.316;137.365;29580
2015.08.19;12:00:00;137.432;137.051;137.26;137.315;34472
2015.08.19;16:00:00;137.473;137.128;137.174;137.261;41600
2015.08.19;20:00:00;137.831;137.08;137.61;137.176;35242
2015.08.20;00:00:00;138.103;137.608;137.968;137.608;16281
2015.08.20;04:00:00;138.047;137.881;138.008;137.968;14734
2015.08.20;08:00:00;138.119;137.783;138.032;138.01;33533
2015.08.20;12:00:00;138.609;137.957;138.241;138.039;35517
2015.08.20;16:00:00;138.652;138.148;138.18;138.24;45736
2015.08.20;20:00:00;138.713;138.132;138.693;138.18;24056
2015.08.21;00:00:00;138.754;138.574;138.729;138.689;13554
2015.08.21;04:00:00;138.82;138.597;138.75;138.728;27392
2015.08.21;08:00:00;138.801;138.162;138.423;138.75;36893
2015.08.21;12:00:00;138.71;138.269;138.385;138.423;42020
2015.08.21;16:00:00;138.777;138.185;138.414;138.382;58866
2015.08.21;20:00:00;138.985;138.394;138.965;138.412;34814
2015.08.24;00:00:00;138.804;138.082;138.492;138.622;28912
2015.08.24;04:00:00;138.949;138.448;138.731;138.493;47137
2015.08.24;08:00:00;138.885;138.18;138.433;138.732;52295
2015.08.24;12:00:00;138.542;137.631;138.15;138.431;61079
2015.08.24;16:00:00;138.292;135.985;137.391;138.15;84907
2015.08.24;20:00:00;137.959;137.279;137.545;137.391;52789
2015.08.25;00:00:00;137.87;137.081;137.597;137.532;29202
2015.08.25;04:00:00;138.597;137.569;138.127;137.596;40680
2015.08.25;08:00:00;138.377;137.557;137.987;138.127;55637
2015.08.25;12:00:00;138.262;137.565;137.589;137.988;59110
2015.08.25;16:00:00;137.711;136.667;136.98;137.583;62870
2015.08.25;20:00:00;136.997;136.473;136.828;136.979;42258
2015.08.26;00:00:00;137.571;136.716;137.179;136.828;31733
2015.08.26;04:00:00;137.572;137.031;137.418;137.179;33602
2015.08.26;08:00:00;137.582;137.057;137.082;137.417;50835
2015.08.26;12:00:00;137.13;136.093;136.27;137.083;51524
2015.08.26;16:00:00;136.427;135.438;135.873;136.27;62742
2015.08.26;20:00:00;136.034;135.442;135.661;135.87;38575
2015.08.27;00:00:00;136.4;135.571;135.981;135.661;24341
2015.08.27;04:00:00;136.325;135.918;136.117;135.982;23913
2015.08.27;08:00:00;136.356;135.742;135.791;136.116;41214
2015.08.27;12:00:00;135.995;135.477;135.536;135.796;40133
2015.08.27;16:00:00;136.214;135.247;136.194;135.536;59668
2015.08.27;20:00:00;136.245;135.822;136.016;136.195;39508
2015.08.28;00:00:00;136.27;135.907;136.143;136.007;14766
2015.08.28;04:00:00;136.465;136.088;136.222;136.14;20952
2015.08.28;08:00:00;136.605;136.184;136.347;136.223;36824
2015.08.28;12:00:00;136.399;135.772;135.791;136.346;47777
2015.08.28;16:00:00;136.019;135.289;135.738;135.79;58902
2015.08.28;20:00:00;136.024;135.615;135.987;135.736;25401
2015.08.31;00:00:00;136.089;135.716;135.985;135.856;19949
2015.08.31;04:00:00;136.3;135.933;136.206;135.985;21178
2015.08.31;08:00:00;136.345;135.801;135.825;136.207;26095
2015.08.31;12:00:00;136.222;135.831;136.145;135.872;24389
2015.08.31;16:00:00;136.26;135.665;135.84;136.146;31199
2015.08.31;20:00:00;136.148;135.817;135.874;135.841;16572
2015.09.01;00:00:00;136.061;135.836;136.011;135.878;11526
2015.09.01;04:00:00;136.23;135.936;136.103;136.008;21022
2015.09.01;08:00:00;136.125;135.013;135.05;136.102;45625
2015.09.01;12:00:00;135.453;134.664;134.751;135.05;54667
2015.09.01;16:00:00;135.192;134.748;134.997;134.752;57732
2015.09.01;20:00:00;135.44;134.969;135.036;134.995;35315
2015.09.02;00:00:00;135.79;134.924;135.577;135.033;26197
2015.09.02;04:00:00;135.707;135.259;135.567;135.576;31086
2015.09.02;08:00:00;135.589;134.982;135.169;135.567;43163
2015.09.02;12:00:00;135.372;134.989;135.198;135.169;48058
2015.09.02;16:00:00;135.214;134.715;134.968;135.194;52297
2015.09.02;20:00:00;135.172;134.894;135.066;134.967;21924
2015.09.03;00:00:00;135.335;135.021;135.24;135.052;16786
2015.09.03;04:00:00;135.358;135.009;135.21;135.24;20294
2015.09.03;08:00:00;135.287;134.944;135.197;135.21;32497
2015.09.03;12:00:00;135.277;133.635;133.651;135.197;43041
2015.09.03;16:00:00;133.742;133.113;133.394;133.65;56452
2015.09.03;20:00:00;133.595;133.308;133.54;133.394;25892
2015.09.04;00:00:00;133.66;133.287;133.297;133.546;19727
2015.09.04;04:00:00;133.431;132.599;132.75;133.301;31913
2015.09.04;08:00:00;133.071;132.551;132.649;132.745;44282
2015.09.04;12:00:00;132.958;132.248;132.498;132.646;37628
2015.09.04;16:00:00;132.65;132.218;132.503;132.505;53008
2015.09.04;20:00:00;132.811;132.505;132.737;132.505;22811
2015.09.07;00:00:00;133.018;132.635;133.014;132.758;19107
2015.09.07;04:00:00;133.312;132.93;133.062;133.014;28806
2015.09.07;08:00:00;133.183;132.746;133.125;133.077;41335
2015.09.07;12:00:00;133.27;133.023;133.108;133.125;45050
2015.09.07;16:00:00;133.344;133.098;133.269;133.106;15835
2015.09.07;20:00:00;133.33;133.179;133.195;133.269;5648
2015.09.08;00:00:00;133.361;133.158;133.307;133.197;12703
2015.09.08;04:00:00;133.551;132.959;133.467;133.307;28592
2015.09.08;08:00:00;134.366;133.427;134.11;133.461;39100
2015.09.08;12:00:00;134.228;133.76;134.083;134.109;30125
2015.09.08;16:00:00;134.223;133.821;133.975;134.082;33693
2015.09.08;20:00:00;134.395;133.953;134.182;133.976;17604
2015.09.09;00:00:00;134.668;134.182;134.615;134.205;16294
2015.09.09;04:00:00;134.723;134.237;134.293;134.62;24774
2015.09.09;08:00:00;135.016;134.238;134.789;134.292;37291
2015.09.09;12:00:00;135.02;134.286;134.688;134.79;34107
2015.09.09;16:00:00;135.18;134.643;135.106;134.688;40649
2015.09.09;20:00:00;135.134;134.923;135.018;135.105;30533
2015.09.10;00:00:00;135.136;134.807;135.046;134.974;23643
2015.09.10;04:00:00;135.872;134.74;135.246;135.046;30107
2015.09.10;08:00:00;135.568;135.156;135.326;135.244;42398
2015.09.10;12:00:00;135.73;135.201;135.368;135.329;40453
2015.09.10;16:00:00;136.124;135.33;135.826;135.367;45190
2015.09.10;20:00:00;136.186;135.799;136.016;135.828;22196
2015.09.11;00:00:00;136.425;135.967;136.213;136.012;20760
2015.09.11;04:00:00;136.366;136.184;136.365;136.215;16869
2015.09.11;08:00:00;136.453;135.944;136.02;136.365;33942
2015.09.11;12:00:00;136.232;135.714;136.047;136.02;30674
2015.09.11;16:00:00;136.911;136.003;136.882;136.048;38484
2015.09.11;20:00:00;136.913;136.548;136.659;136.879;15485
2015.09.14;00:00:00;137.038;136.468;136.891;136.549;15159
2015.09.14;04:00:00;136.919;136.465;136.492;136.892;24198
2015.09.14;08:00:00;136.709;136.16;136.214;136.494;33039
2015.09.14;12:00:00;136.323;135.933;135.933;136.213;26536
2015.09.14;16:00:00;135.992;135.481;135.822;135.933;32810
2015.09.14;20:00:00;136.096;135.737;136.033;135.821;13817
2015.09.15;00:00:00;136.378;135.982;136.344;136.035;15086
2015.09.15;04:00:00;136.401;135.739;135.74;136.342;22944
2015.09.15;08:00:00;135.847;134.986;135.107;135.738;35280
2015.09.15;12:00:00;135.516;135.061;135.445;135.109;29240
2015.09.15;16:00:00;135.788;135.367;135.788;135.444;35302
2015.09.15;20:00:00;135.877;135.611;135.699;135.789;17107
2015.09.16;00:00:00;135.811;135.573;135.753;135.701;13328
2015.09.16;04:00:00;135.807;135.673;135.747;135.752;17695
2015.09.16;08:00:00;135.761;135.332;135.415;135.748;30186
2015.09.16;12:00:00;135.879;135.144;135.845;135.414;31015
2015.09.16;16:00:00;136.62;135.8;136.457;135.847;33378
2015.09.16;20:00:00;136.474;135.991;136.079;136.456;16202
2015.09.17;00:00:00;136.318;136.058;136.124;136.084;13435
2015.09.17;04:00:00;136.356;136.113;136.356;136.125;19324
2015.09.17;08:00:00;137.077;136.304;136.91;136.356;31582
2015.09.17;12:00:00;136.986;136.665;136.943;136.911;23059
2015.09.17;16:00:00;136.944;136.548;136.71;136.943;29255
2015.09.17;20:00:00;137.432;136.678;137.209;136.713;50677
2015.09.18;00:00:00;137.301;136.549;136.595;137.205;23515
2015.09.18;04:00:00;137.226;136.529;136.655;136.591;25451
2015.09.18;08:00:00;136.757;136.263;136.52;136.655;39380
2015.09.18;12:00:00;136.579;136.129;136.335;136.52;40181
2015.09.18;16:00:00;136.514;136.042;136.215;136.335;40632
2015.09.18;20:00:00;136.229;135.229;135.523;136.217;24474
2015.09.21;00:00:00;135.593;135.372;135.442;135.482;14865
2015.09.21;04:00:00;135.594;135.386;135.517;135.442;14115
2015.09.21;08:00:00;136.127;135.496;135.891;135.518;31111
2015.09.21;12:00:00;135.965;135.335;135.435;135.89;32079
2015.09.21;16:00:00;135.476;134.829;134.876;135.435;37010
2015.09.21;20:00:00;134.976;134.758;134.876;134.876;17990
2015.09.22;00:00:00;134.959;134.709;134.807;134.876;9838
2015.09.22;04:00:00;134.911;134.728;134.901;134.806;12014
2015.09.22;08:00:00;134.903;133.974;134.277;134.899;35590
2015.09.22;12:00:00;134.302;133.619;133.697;134.282;37059
2015.09.22;16:00:00;133.892;133.418;133.448;133.694;38153
2015.09.22;20:00:00;133.75;133.306;133.594;133.448;17258
2015.09.23;00:00:00;133.701;133.477;133.57;133.594;10883
2015.09.23;04:00:00;133.648;133.185;133.335;133.569;17464
2015.09.23;08:00:00;133.873;133.144;133.625;133.338;33520
2015.09.23;12:00:00;134.309;133.582;133.791;133.624;33705
2015.09.23;16:00:00;134.669;133.676;134.289;133.79;41131
2015.09.23;20:00:00;134.676;134.253;134.503;134.286;20753
2015.09.24;00:00:00;134.638;134.308;134.329;134.505;14366
2015.09.24;04:00:00;134.4;133.994;134.329;134.33;23340
2015.09.24;08:00:00;134.654;134.108;134.459;134.328;35346
2015.09.24;12:00:00;134.654;134.177;134.467;134.456;43189
2015.09.24;16:00:00;134.744;134.369;134.579;134.468;46105
2015.09.24;20:00:00;134.872;134.426;134.823;134.578;26297
2015.09.25;00:00:00;134.912;134.244;134.377;134.826;23643
2015.09.25;04:00:00;134.462;134.102;134.257;134.377;24739
2015.09.25;08:00:00;134.843;134.243;134.83;134.258;38703
2015.09.25;12:00:00;135.112;134.756;134.959;134.828;35163
2015.09.25;16:00:00;135.378;134.769;135.045;134.959;41228
2015.09.25;20:00:00;135.175;134.91;134.987;135.054;26908
2015.09.28;00:00:00;134.961;134.729;134.828;134.729;17425
2015.09.28;04:00:00;134.852;134.479;134.541;134.828;17751
2015.09.28;08:00:00;134.68;134.188;134.448;134.541;35543
2015.09.28;12:00:00;134.53;134.021;134.151;134.449;31184
2015.09.28;16:00:00;134.682;133.926;134.615;134.15;42957
2015.09.28;20:00:00;134.842;134.507;134.797;134.615;22200
2015.09.29;00:00:00;134.867;134.514;134.579;134.799;14392
2015.09.29;04:00:00;134.74;134.518;134.587;134.579;20763
2015.09.29;08:00:00;134.948;134.474;134.649;134.587;40605
2015.09.29;12:00:00;134.76;134.302;134.468;134.649;33026
2015.09.29;16:00:00;134.844;134.226;134.76;134.466;45747
2015.09.29;20:00:00;134.821;134.573;134.689;134.761;23276
2015.09.30;00:00:00;135.104;134.654;134.936;134.69;14391
2015.09.30;04:00:00;135.041;134.744;134.907;134.936;19129
2015.09.30;08:00:00;135.023;134.55;134.968;134.905;33706
2015.09.30;12:00:00;135.072;134.411;134.449;134.967;30967
2015.09.30;16:00:00;134.473;133.563;133.796;134.449;43208
2015.09.30;20:00:00;134.066;133.76;133.972;133.795;22119
2015.10.01;00:00:00;134.009;133.782;133.923;133.972;12875
2015.10.01;04:00:00;134.23;133.77;134.039;133.925;22077
2015.10.01;08:00:00;134.148;133.785;134.019;134.036;29356
2015.10.01;12:00:00;134.059;133.427;133.631;134.02;35575
2015.10.01;16:00:00;134.103;133.627;134.054;133.629;40084
2015.10.01;20:00:00;134.235;133.989;134.226;134.056;19466
2015.10.02;00:00:00;134.231;134.03;134.179;134.219;12910
2015.10.02;04:00:00;134.415;133.989;134.019;134.179;18610
2015.10.02;08:00:00;134.219;133.976;134.092;134.02;26773
2015.10.02;12:00:00;134.748;134.065;134.509;134.093;33336
2015.10.02;16:00:00;134.867;134.224;134.645;134.509;57416
2015.10.02;20:00:00;134.691;134.362;134.378;134.646;32127
2015.10.05;00:00:00;134.727;134.403;134.652;134.558;18350
2015.10.05;04:00:00;134.873;134.598;134.793;134.651;19208
2015.10.05;08:00:00;135.35;134.71;135.298;134.792;33827
2015.10.05;12:00:00;135.704;134.752;134.774;135.3;36466
2015.10.05;16:00:00;134.945;134.559;134.747;134.774;39544
2015.10.05;20:00:00;134.816;134.608;134.759;134.747;18178
2015.10.06;00:00:00;134.872;134.664;134.795;134.761;12174
2015.10.06;04:00:00;134.812;134.634;134.72;134.795;17586
2015.10.06;08:00:00;134.889;134.39;134.867;134.719;30526
2015.10.06;12:00:00;135.165;134.81;134.907;134.867;27974
2015.10.06;16:00:00;135.52;134.906;135.447;134.907;37138
2015.10.06;20:00:00;135.594;135.405;135.486;135.447;18296
2015.10.07;00:00:00;135.619;135.407;135.534;135.483;13191
2015.10.07;04:00:00;135.595;135.039;135.255;135.534;26445
2015.10.07;08:00:00;135.327;134.73;134.947;135.254;32472
2015.10.07;12:00:00;135.368;134.78;135.063;134.948;30238
2015.10.07;16:00:00;135.095;134.604;134.834;135.062;38527
2015.10.07;20:00:00;134.975;134.781;134.834;134.833;18809
2015.10.08;00:00:00;134.889;134.709;134.87;134.836;10460
2015.10.08;04:00:00;135;134.87;134.927;134.87;17793
2015.10.08;08:00:00;135.348;134.717;135.252;134.928;31368
2015.10.08;12:00:00;135.468;134.789;134.971;135.252;31682
2015.10.08;16:00:00;135.346;134.818;135.276;134.971;30082
2015.10.08;20:00:00;135.581;135.13;135.21;135.278;25367
2015.10.09;00:00:00;135.396;135.179;135.318;135.21;13200
2015.10.09;04:00:00;135.423;135.041;135.371;135.317;17937
2015.10.09;08:00:00;136.297;135.354;136.109;135.373;33591
2015.10.09;12:00:00;136.775;135.985;136.7;136.108;38083
2015.10.09;16:00:00;136.945;136.331;136.868;136.701;33494
2015.10.09;20:00:00;136.892;136.494;136.515;136.865;13676
2015.10.12;00:00:00;136.697;136.477;136.616;136.491;12540
2015.10.12;04:00:00;136.736;136.496;136.624;136.616;8961
2015.10.12;08:00:00;136.812;136.49;136.741;136.626;17961
2015.10.12;12:00:00;136.923;136.505;136.548;136.741;18622
2015.10.12;16:00:00;136.666;136.222;136.448;136.548;21634
2015.10.12;20:00:00;136.448;136.275;136.301;136.448;8872
2015.10.13;00:00:00;136.339;136.084;136.111;136.304;9179
2015.10.13;04:00:00;136.272;136.03;136.217;136.111;13839
2015.10.13;08:00:00;136.585;136.079;136.205;136.217;26574
2015.10.13;12:00:00;136.359;135.995;136.222;136.207;26891
2015.10.13;16:00:00;136.453;136.087;136.393;136.223;26247
2015.10.13;20:00:00;136.428;136.204;136.21;136.395;12195
2015.10.14;00:00:00;136.364;136.166;136.186;136.212;10780
2015.10.14;04:00:00;136.342;136.138;136.256;136.186;12454
2015.10.14;08:00:00;136.604;136.192;136.246;136.257;26261
2015.10.14;12:00:00;136.599;136.186;136.491;136.248;28097
2015.10.14;16:00:00;136.549;136.246;136.381;136.49;31176
2015.10.14;20:00:00;136.455;136.186;136.337;136.38;20981
2015.10.15;00:00:00;136.552;136.254;136.396;136.337;15135
2015.10.15;04:00:00;136.731;136.359;136.625;136.397;16254
2015.10.15;08:00:00;136.644;135.21;135.455;136.624;31771
2015.10.15;12:00:00;135.631;134.906;134.993;135.454;32727
2015.10.15;16:00:00;135.112;134.787;134.975;134.991;38304
2015.10.15;20:00:00;135.362;134.937;135.265;134.977;16307
2015.10.16;00:00:00;135.442;135.2;135.317;135.306;15106
2015.10.16;04:00:00;135.612;135.317;135.598;135.318;12420
2015.10.16;08:00:00;135.701;135.186;135.327;135.599;22617
2015.10.16;12:00:00;135.412;134.943;135.294;135.329;25653
2015.10.16;16:00:00;135.976;135.221;135.876;135.294;30999
2015.10.16;20:00:00;135.95;135.558;135.57;135.876;14214
2015.10.19;00:00:00;135.706;135.454;135.643;135.571;14652
2015.10.19;04:00:00;135.933;135.494;135.705;135.643;15698
2015.10.19;08:00:00;135.728;135.418;135.6;135.705;21832
2015.10.19;12:00:00;135.607;135.059;135.168;135.6;24336
2015.10.19;16:00:00;135.389;135.058;135.236;135.169;24638
2015.10.19;20:00:00;135.398;135.157;135.344;135.236;11410
2015.10.20;00:00:00;135.443;135.279;135.43;135.347;9571
2015.10.20;04:00:00;135.542;135.391;135.399;135.431;8781
2015.10.20;08:00:00;135.893;135.255;135.739;135.399;20561
2015.10.20;12:00:00;136.214;135.585;136.063;135.74;24134
2015.10.20;16:00:00;136.133;135.838;136.032;136.064;25025
2015.10.20;20:00:00;136.084;135.903;135.923;136.033;11587
2015.10.21;00:00:00;136.285;135.922;136.215;135.942;11100
2015.10.21;04:00:00;136.31;136.136;136.286;136.216;9998
2015.10.21;08:00:00;136.377;135.963;136.304;136.287;23685
2015.10.21;12:00:00;136.347;136.055;136.261;136.303;22233
2015.10.21;16:00:00;136.279;135.986;136.098;136.263;25500
2015.10.21;20:00:00;136.178;135.872;135.972;136.098;15916
2015.10.22;00:00:00;136.009;135.808;135.86;135.973;10429
2015.10.22;04:00:00;136.055;135.592;135.662;135.861;13812
2015.10.22;08:00:00;135.864;135.256;135.447;135.662;25504
2015.10.22;12:00:00;135.665;134.343;134.507;135.449;31224
2015.10.22;16:00:00;134.625;134.127;134.365;134.506;41566
2015.10.22;20:00:00;134.376;134.039;134.044;134.364;19361
2015.10.23;00:00:00;134.14;133.747;134.053;134.045;18857
2015.10.23;04:00:00;134.188;133.955;134.036;134.054;17615
2015.10.23;08:00:00;134.254;133.461;133.941;134.035;30719
2015.10.23;12:00:00;134.115;133.361;133.648;133.942;37795
2015.10.23;16:00:00;133.715;133.417;133.572;133.649;36235
2015.10.23;20:00:00;133.818;133.422;133.812;133.571;18393
2015.10.25;23:00:00;133.746;133.563;133.685;133.563;2283
2015.10.26;00:00:00;133.812;133.441;133.584;133.689;21393
2015.10.26;04:00:00;133.738;133.542;133.65;133.584;11632
2015.10.26;08:00:00;133.691;133.355;133.488;133.648;24907
2015.10.26;12:00:00;133.649;133.135;133.297;133.488;26412
2015.10.26;16:00:00;133.813;133.17;133.729;133.297;30318
2015.10.26;20:00:00;133.906;133.676;133.716;133.726;11198
2015.10.27;00:00:00;133.853;133.362;133.442;133.714;12611
2015.10.27;04:00:00;133.472;133.298;133.443;133.442;14977
2015.10.27;08:00:00;133.49;132.909;133.042;133.443;26147
2015.10.27;12:00:00;133.206;132.837;132.92;133.043;31467
2015.10.27;16:00:00;133.091;132.721;132.854;132.92;28561
2015.10.27;20:00:00;133.095;132.786;132.974;132.853;14097
2015.10.28;00:00:00;132.998;132.685;132.861;132.974;17283
2015.10.28;04:00:00;132.904;132.727;132.816;132.861;9749
2015.10.28;08:00:00;133.182;132.772;132.978;132.817;21078
2015.10.28;12:00:00;133.405;132.978;133.269;132.978;26702
2015.10.28;16:00:00;133.538;133.086;133.252;133.27;30410
2015.10.28;20:00:00;133.235;131.96;132.323;133.23;35412
2015.10.29;00:00:00;132.37;131.577;131.782;132.326;20311
2015.10.29;04:00:00;132.079;131.78;132.038;131.785;12669
2015.10.29;08:00:00;132.427;131.865;132.379;132.039;30642
2015.10.29;12:00:00;132.715;132.235;132.597;132.379;35242
2015.10.29;16:00:00;133.016;132.557;132.8;132.594;27659
2015.10.29;20:00:00;133.01;132.708;132.985;132.802;11789
2015.10.30;00:00:00;133.059;132.703;132.777;132.987;16514
2015.10.30;04:00:00;133.382;132.191;132.95;132.777;29667
2015.10.30;08:00:00;133.004;132.474;132.578;132.953;34696
2015.10.30;12:00:00;133.18;132.388;133.156;132.578;33921
2015.10.30;16:00:00;133.324;132.893;132.965;133.166;35883
2015.10.30;20:00:00;132.969;132.579;132.706;132.968;15793
2015.11.02;00:00:00;132.972;132.688;132.862;132.772;17753
2015.11.02;04:00:00;132.863;132.611;132.757;132.862;11969
2015.11.02;08:00:00;133.098;132.693;132.775;132.757;29323
2015.11.02;12:00:00;133.196;132.732;133.16;132.774;24217
2015.11.02;16:00:00;133.199;132.971;133.035;133.159;25764
2015.11.02;20:00:00;133.102;132.937;132.986;133.036;12379
2015.11.03;00:00:00;133.108;132.921;132.961;132.989;11480
2015.11.03;04:00:00;132.988;132.871;132.976;132.962;8424
2015.11.03;08:00:00;133.037;132.596;132.652;132.975;20694
2015.11.03;12:00:00;132.755;132.556;132.725;132.651;23753
2015.11.03;16:00:00;132.777;132.53;132.646;132.724;31575
2015.11.03;20:00:00;132.773;132.543;132.724;132.647;18170
2015.11.04;00:00:00;132.896;132.679;132.824;132.724;17868
2015.11.04;04:00:00;132.84;132.581;132.7;132.824;13008
2015.11.04;08:00:00;132.702;132.268;132.454;132.7;25294
2015.11.04;12:00:00;132.582;132.318;132.379;132.453;25641
2015.11.04;16:00:00;132.414;131.836;131.958;132.379;39311
2015.11.04;20:00:00;132.071;131.861;132.045;131.957;15089
2015.11.05;00:00:00;132.102;131.885;132.003;132.045;18288
2015.11.05;04:00:00;132.137;131.95;132.042;132.005;11277
2015.11.05;08:00:00;132.553;131.848;132.429;132.041;29037
2015.11.05;12:00:00;132.714;132.308;132.383;132.429;32255
2015.11.05;16:00:00;132.509;131.984;132.311;132.382;32915
2015.11.05;20:00:00;132.498;132.3;132.494;132.31;13469
2015.11.06;00:00:00;132.502;132.371;132.458;132.494;13159
2015.11.06;04:00:00;132.589;132.416;132.541;132.459;10805
2015.11.06;08:00:00;132.649;132.438;132.448;132.539;25412
2015.11.06;12:00:00;132.701;131.472;131.815;132.447;30535
2015.11.06;16:00:00;132.455;131.613;132.245;131.815;45794
2015.11.06;20:00:00;132.422;132.108;132.294;132.246;17770
2015.11.09;00:00:00;132.681;132.164;132.672;132.256;16470
2015.11.09;04:00:00;132.877;132.588;132.7;132.677;14749
2015.11.09;08:00:00;133.149;132.685;133.047;132.702;25602
2015.11.09;12:00:00;133.18;132.548;132.671;133.046;28084
2015.11.09;16:00:00;132.799;132.293;132.45;132.668;34009
2015.11.09;20:00:00;132.491;132.345;132.404;132.45;13308
2015.11.10;00:00:00;132.488;132.326;132.453;132.406;15125
2015.11.10;04:00:00;132.467;132.304;132.389;132.457;9125
2015.11.10;08:00:00;132.775;132.164;132.197;132.388;27459
2015.11.10;12:00:00;132.306;131.773;131.873;132.197;33705
2015.11.10;16:00:00;131.965;131.615;131.798;131.872;35852
2015.11.10;20:00:00;132.18;131.727;132.011;131.798;18244
2015.11.11;00:00:00;132.211;131.857;132.013;132.019;16379
2015.11.11;04:00:00;132.317;131.978;132.2;132.013;15722
2015.11.11;08:00:00;132.397;132.051;132.293;132.2;24706
2015.11.11;12:00:00;132.316;131.844;132.005;132.293;25161
2015.11.11;16:00:00;132.205;131.64;131.901;132.005;31180
2015.11.11;20:00:00;132.066;131.848;131.924;131.905;11310
2015.11.12;00:00:00;132.535;131.93;132.47;131.93;19528
2015.11.12;04:00:00;132.523;132.157;132.205;132.471;12557
2015.11.12;08:00:00;132.264;131.469;131.784;132.204;30800
2015.11.12;12:00:00;132.056;131.717;131.923;131.783;32019
2015.11.12;16:00:00;132.594;131.863;132.321;131.922;48295
2015.11.12;20:00:00;132.744;132.189;132.559;132.32;20089
2015.11.13;00:00:00;132.605;132.337;132.352;132.561;17051
2015.11.13;04:00:00;132.377;132.248;132.301;132.351;11612
2015.11.13;08:00:00;132.326;131.948;131.985;132.295;24683
2015.11.13;12:00:00;132.405;131.753;131.767;131.984;34199
2015.11.13;16:00:00;131.916;131.548;131.815;131.768;35898
2015.11.13;20:00:00;132.038;131.713;132.005;131.817;16010
2015.11.16;00:00:00;131.482;130.637;131.242;131.243;27327
2015.11.16;04:00:00;131.339;131.216;131.293;131.241;10464
2015.11.16;08:00:00;132.044;131.275;131.851;131.292;30387
2015.11.16;12:00:00;132.2;131.756;131.875;131.848;33250
2015.11.16;16:00:00;131.965;131.667;131.717;131.875;34257
2015.11.16;20:00:00;131.766;131.539;131.603;131.716;13644
2015.11.17;00:00:00;131.79;131.456;131.544;131.607;15670
2015.11.17;04:00:00;131.616;131.47;131.553;131.543;13045
2015.11.17;08:00:00;131.659;131.189;131.466;131.552;27873
2015.11.17;12:00:00;131.576;131.388;131.479;131.464;27556
2015.11.17;16:00:00;131.626;131.244;131.364;131.478;34763
2015.11.17;20:00:00;131.459;131.209;131.358;131.364;21043
2015.11.18;00:00:00;131.393;131.255;131.289;131.358;12685
2015.11.18;04:00:00;131.307;131.106;131.245;131.287;10683
2015.11.18;08:00:00;131.774;131.185;131.642;131.243;24045
2015.11.18;12:00:00;131.715;131.503;131.562;131.642;25432
2015.11.18;16:00:00;131.708;131.259;131.387;131.563;31337
2015.11.18;20:00:00;131.777;131.279;131.767;131.386;21104
2015.11.19;00:00:00;132.266;131.68;132.11;131.767;17961
2015.11.19;04:00:00;132.152;131.766;131.967;132.107;19945
2015.11.19;08:00:00;132.018;131.419;131.659;131.961;28360
2015.11.19;12:00:00;131.882;131.429;131.574;131.659;31345
2015.11.19;16:00:00;132.039;131.572;131.748;131.574;39651
2015.11.19;20:00:00;131.918;131.672;131.869;131.747;12804
2015.11.20;00:00:00;131.949;131.663;131.784;131.869;14227
2015.11.20;04:00:00;131.801;131.591;131.679;131.784;13144
2015.11.20;08:00:00;131.721;131.072;131.199;131.677;30651
2015.11.20;12:00:00;131.435;131.106;131.302;131.2;27360
2015.11.20;16:00:00;131.447;130.694;130.788;131.302;33742
2015.11.20;20:00:00;130.921;130.683;130.736;130.786;13693
2015.11.23;00:00:00;130.813;130.599;130.643;130.6;16157
2015.11.23;04:00:00;130.82;130.555;130.799;130.643;11108
2015.11.23;08:00:00;131.024;130.695;130.914;130.798;25490
2015.11.23;12:00:00;131.031;130.766;130.941;130.914;28260
2015.11.23;16:00:00;130.976;130.34;130.504;130.937;33832
2015.11.23;20:00:00;130.646;130.386;130.645;130.504;13092
2015.11.24;00:00:00;130.785;130.544;130.57;130.639;13672
2015.11.24;04:00:00;130.625;130.346;130.42;130.57;9543
2015.11.24;08:00:00;130.628;130.364;130.475;130.421;27099
2015.11.24;12:00:00;130.623;130.393;130.535;130.475;30848
2015.11.24;16:00:00;130.66;130.184;130.342;130.533;32098
2015.11.24;20:00:00;130.469;130.188;130.398;130.341;14715
2015.11.25;00:00:00;130.527;130.336;130.499;130.395;14854
2015.11.25;04:00:00;130.586;130.391;130.42;130.499;13206
2015.11.25;08:00:00;130.753;130.022;130.053;130.422;29957
2015.11.25;12:00:00;130.126;129.763;130.111;130.052;34109
2015.11.25;16:00:00;130.476;129.869;130.303;130.117;31859
2015.11.25;20:00:00;130.356;130.204;130.356;130.305;12242
2015.11.26;00:00:00;130.385;130.154;130.243;130.376;14817
2015.11.26;04:00:00;130.252;130.116;130.154;130.241;9934
2015.11.26;08:00:00;130.264;129.878;130.079;130.155;19318
2015.11.26;12:00:00;130.168;129.99;130.117;130.078;19884
2015.11.26;16:00:00;130.16;130.022;130.088;130.116;14641
2015.11.26;20:00:00;130.118;129.989;130.018;130.086;20069
2015.11.27;00:00:00;130.145;129.986;130.088;130.019;14574
2015.11.27;04:00:00;130.142;129.976;130.02;130.085;9629
2015.11.27;08:00:00;130.141;129.738;129.743;130.02;28359
2015.11.27;12:00:00;129.883;129.657;129.776;129.74;24996
2015.11.27;16:00:00;130.226;129.688;130.166;129.775;22185
2015.11.27;20:00:00;130.237;129.947;129.991;130.167;7193
2015.11.30;00:00:00;130.103;129.801;129.864;130.03;14900
2015.11.30;04:00:00;129.968;129.821;129.922;129.864;10253
2015.11.30;08:00:00;130.263;129.86;130.215;129.923;24147
2015.11.30;12:00:00;130.284;130.035;130.121;130.215;25453
2015.11.30;16:00:00;130.285;130.015;130.024;130.123;30318
2015.11.30;20:00:00;130.167;130.007;130.034;130.024;13241
2015.12.01;00:00:00;130.283;129.983;130.208;130.034;13418
2015.12.01;04:00:00;130.228;129.745;130.068;130.208;19635
2015.12.01;08:00:00;130.577;129.979;130.444;130.068;25862
2015.12.01;12:00:00;130.634;130.34;130.584;130.441;22673
2015.12.01;16:00:00;130.8;130.283;130.473;130.584;35443
2015.12.01;20:00:00;130.67;130.469;130.615;130.474;14509
2015.12.02;00:00:00;130.65;130.502;130.553;130.615;10584
2015.12.02;04:00:00;130.669;130.526;130.601;130.553;9787
2015.12.02;08:00:00;130.919;130.555;130.77;130.601;23466
2015.12.02;12:00:00;130.771;130.29;130.512;130.771;29576
2015.12.02;16:00:00;130.883;130.324;130.73;130.512;37085
2015.12.02;20:00:00;130.968;130.696;130.818;130.728;23195
2015.12.03;00:00:00;130.852;130.668;130.672;130.818;12546
2015.12.03;04:00:00;130.782;130.603;130.667;130.673;11704
2015.12.03;08:00:00;130.779;130.314;130.388;130.668;24044
2015.12.03;12:00:00;133.852;129.855;133.264;130.387;46876
2015.12.03;16:00:00;134.489;132.913;133.82;133.261;50982
2015.12.03;20:00:00;134.338;133.82;134.1;133.82;31234
2015.12.04;00:00:00;134.232;133.813;133.837;134.103;22865
2015.12.04;04:00:00;134.132;133.742;134.102;133.839;19752
2015.12.04;08:00:00;134.161;133.315;133.671;134.102;38321
2015.12.04;12:00:00;134.338;133.389;134.247;133.67;40551
2015.12.04;16:00:00;134.582;133.537;133.873;134.25;52005
2015.12.04;20:00:00;133.988;133.716;133.892;133.874;16565
2015.12.07;00:00:00;134.109;133.85;133.928;133.894;16428
2015.12.07;04:00:00;133.955;133.792;133.883;133.929;10812
2015.12.07;08:00:00;133.996;133.428;133.489;133.883;24740
2015.12.07;12:00:00;133.565;133.287;133.505;133.489;22957
2015.12.07;16:00:00;133.813;133.358;133.722;133.506;33520
2015.12.07;20:00:00;133.83;133.581;133.685;133.723;14703
2015.12.08;00:00:00;133.716;133.506;133.616;133.685;16570
2015.12.08;04:00:00;133.676;133.513;133.669;133.618;11872
2015.12.08;08:00:00;133.871;133.553;133.583;133.668;25552
2015.12.08;12:00:00;133.863;133.47;133.795;133.583;29370
2015.12.08;16:00:00;133.913;133.485;133.873;133.794;32537
2015.12.08;20:00:00;133.994;133.85;133.868;133.874;17902
2015.12.09;00:00:00;133.929;133.785;133.915;133.868;12527
2015.12.09;04:00:00;133.991;133.803;133.865;133.913;13693
2015.12.09;08:00:00;134.209;133.858;134.112;133.864;28243
2015.12.09;12:00:00;134.197;133.792;133.951;134.112;29338
2015.12.09;16:00:00;133.997;133.515;133.554;133.95;49043
2015.12.09;20:00:00;133.909;133.51;133.872;133.555;36734
2015.12.10;00:00:00;134.108;133.596;133.771;133.874;20821
2015.12.10;04:00:00;133.946;133.707;133.832;133.77;12312
2015.12.10;08:00:00;133.913;133.479;133.524;133.832;24929
2015.12.10;12:00:00;133.536;132.76;133.072;133.525;34121
2015.12.10;16:00:00;133.12;132.816;132.943;133.072;36132
2015.12.10;20:00:00;133.094;132.892;132.95;132.944;17203
2015.12.11;00:00:00;133.487;132.95;133.465;132.979;17646
2015.12.11;04:00:00;133.604;133.415;133.49;133.464;10541
2015.12.11;08:00:00;133.772;133.388;133.43;133.49;24069
2015.12.11;12:00:00;133.467;132.944;133.076;133.429;36719
2015.12.11;16:00:00;133.344;132.635;132.809;133.073;50685
2015.12.11;20:00:00;132.89;132.617;132.831;132.808;25491
2015.12.14;00:00:00;133.065;132.473;132.681;133.065;18943
2015.12.14;04:00:00;132.877;132.609;132.86;132.68;18400
2015.12.14;08:00:00;133.024;132.579;132.704;132.861;27110
2015.12.14;12:00:00;132.868;132.428;132.749;132.703;36202
2015.12.14;16:00:00;133.227;132.611;132.946;132.749;50188
2015.12.14;20:00:00;133.054;132.786;132.999;132.944;24541
2015.12.15;00:00:00;133.291;132.945;133.19;132.999;17253
2015.12.15;04:00:00;133.368;133.158;133.223;133.19;15547
2015.12.15;08:00:00;133.402;133.152;133.354;133.222;28936
2015.12.15;12:00:00;133.517;132.887;133.014;133.355;32764
2015.12.15;16:00:00;133.062;132.693;132.995;133.014;37792
2015.12.15;20:00:00;132.996;132.984;132.987;132.996;20
