DATE;TIME;HIGH;LOW;CLOSE;OPEN;VOLUME
2015.04.27;12:00:00;8.45085;8.42299;8.43054;8.42637;15650
2015.04.27;16:00:00;8.43295;8.38397;8.41044;8.4305;15811
2015.04.27;20:00:00;8.41609;8.39755;8.4075;8.41044;3700
2015.04.28;00:00:00;8.41264;8.39508;8.40888;8.4075;2142
2015.04.28;04:00:00;8.41053;8.39879;8.403;8.409;1573
2015.04.28;08:00:00;8.42304;8.38855;8.3898;8.4028;16674
2015.04.28;12:00:00;8.40167;8.3777;8.39185;8.3897;24934
2015.04.28;16:00:00;8.4226;8.38994;8.39552;8.39185;23300
2015.04.28;20:00:00;8.4028;8.37733;8.37985;8.39554;4048
2015.04.29;00:00:00;8.39887;8.37742;8.3863;8.37848;1963
2015.04.29;04:00:00;8.3883;8.3828;8.38355;8.38629;2077
2015.04.29;08:00:00;8.41352;8.36473;8.4044;8.38355;13605
2015.04.29;12:00:00;8.4059;8.35884;8.37641;8.4044;21617
2015.04.29;16:00:00;8.38285;8.34355;8.34709;8.37656;20594
2015.04.29;20:00:00;8.36909;8.3435;8.36798;8.3467;5594
2015.04.30;00:00:00;8.36988;8.35602;8.36227;8.36919;1165
2015.04.30;04:00:00;8.36765;8.35649;8.36569;8.36199;2611
2015.04.30;08:00:00;8.414;8.35023;8.39976;8.36568;17554
2015.04.30;12:00:00;8.43935;8.37818;8.3817;8.39951;25116
2015.04.30;16:00:00;8.45823;8.3699;8.45234;8.3817;26541
2015.04.30;20:00:00;8.4648;8.43952;8.44753;8.45251;5748
2015.05.01;00:00:00;8.4703;8.438;8.438;8.44587;2116
2015.05.01;04:00:00;8.4611;8.43579;8.454;8.4389;8116
2015.05.01;08:00:00;8.48389;8.44628;8.44796;8.454;8920
2015.05.01;12:00:00;8.506;8.44471;8.50274;8.44796;11925
2015.05.01;16:00:00;8.53564;8.48655;8.51363;8.50284;15117
2015.05.01;20:00:00;8.52261;8.49697;8.50549;8.51371;6559
2015.05.04;00:00:00;8.52165;8.46885;8.51175;8.4872;2010
2015.05.04;04:00:00;8.51202;8.50005;8.5046;8.51202;3631
2015.05.04;08:00:00;8.50776;8.4498;8.46243;8.50462;15752
2015.05.04;12:00:00;8.46733;8.45085;8.45515;8.46245;20196
2015.05.04;16:00:00;8.46599;8.4439;8.4553;8.45511;16235
2015.05.04;20:00:00;8.4675;8.44736;8.45769;8.45546;7621
2015.05.05;00:00:00;8.46233;8.44899;8.45699;8.45773;1584
2015.05.05;04:00:00;8.46003;8.4537;8.454;8.45698;2330
2015.05.05;08:00:00;8.49749;8.45294;8.49681;8.4541;25710
2015.05.05;12:00:00;8.49664;8.42894;8.4338;8.49664;22977
2015.05.05;16:00:00;8.48859;8.41502;8.4776;8.4338;21226
2015.05.05;20:00:00;8.48723;8.4703;8.4703;8.4777;7238
2015.05.06;00:00:00;8.4849;8.4577;8.48127;8.45975;1976
2015.05.06;04:00:00;8.48859;8.47648;8.4793;8.48127;7203
2015.05.06;08:00:00;8.4954;8.43442;8.44051;8.4793;22026
2015.05.06;12:00:00;8.4502;8.4075;8.41241;8.44051;25353
2015.05.06;16:00:00;8.43468;8.37505;8.4142;8.412;20026
2015.05.06;20:00:00;8.4347;8.40902;8.4329;8.4142;4884
2015.05.07;00:00:00;8.43446;8.41371;8.4216;8.4329;3456
2015.05.07;04:00:00;8.42357;8.414;8.42091;8.4216;3479
2015.05.07;08:00:00;8.4555;8.31029;8.3223;8.42108;19138
2015.05.07;12:00:00;8.36085;8.31919;8.35871;8.3224;23636
2015.05.07;16:00:00;8.434;8.3502;8.398;8.35871;17940
2015.05.07;20:00:00;8.4061;8.38495;8.3859;8.3979;4840
2015.05.08;00:00:00;8.39712;8.38328;8.3897;8.386;2400
2015.05.08;04:00:00;8.40181;8.3893;8.39647;8.3897;6843
2015.05.08;08:00:00;8.40972;8.35258;8.38499;8.39645;21097
2015.05.08;12:00:00;8.3994;8.3632;8.37615;8.38499;17785
2015.05.08;16:00:00;8.4005;8.3532;8.3659;8.3772;14115
2015.05.08;20:00:00;8.3983;8.35508;8.37699;8.36581;4648
2015.05.11;00:00:00;8.3889;8.36554;8.37071;8.36898;2371
2015.05.11;04:00:00;8.37854;8.3695;8.3753;8.37076;6681
2015.05.11;08:00:00;8.4293;8.36487;8.4172;8.37528;14632
2015.05.11;12:00:00;8.45605;8.41407;8.43076;8.4172;14229
2015.05.11;16:00:00;8.4343;8.40093;8.4262;8.43076;12941
2015.05.11;20:00:00;8.4417;8.42206;8.4396;8.4262;5193
2015.05.12;00:00:00;8.4391;8.40105;8.43559;8.439;962
2015.05.12;04:00:00;8.43701;8.43147;8.43446;8.43569;1925
2015.05.12;08:00:00;8.4465;8.40802;8.42944;8.43447;22476
2015.05.12;12:00:00;8.4382;8.3823;8.39132;8.42951;23039
2015.05.12;16:00:00;8.4136;8.38829;8.40153;8.39149;14574
2015.05.12;20:00:00;8.407;8.3878;8.3878;8.4017;5285
2015.05.13;00:00:00;8.39593;8.3874;8.3898;8.3878;2346
2015.05.13;04:00:00;8.39138;8.38778;8.3903;8.3898;3939
2015.05.13;08:00:00;8.4122;8.35079;8.36117;8.39066;15672
2015.05.13;12:00:00;8.36659;8.3489;8.3554;8.36118;25998
2015.05.13;16:00:00;8.37651;8.33516;8.37217;8.3554;19038
2015.05.13;20:00:00;8.3881;8.35917;8.37824;8.37209;6401
2015.05.14;00:00:00;8.38394;8.37459;8.37972;8.37823;1465
2015.05.14;04:00:00;8.3805;8.37583;8.3767;8.37974;823
2015.05.14;08:00:00;8.4015;8.37327;8.39178;8.3768;10395
2015.05.14;12:00:00;8.43304;8.38975;8.41183;8.39183;10213
2015.05.14;16:00:00;8.4123;8.3829;8.40686;8.41179;10431
2015.05.14;20:00:00;8.41213;8.3997;8.40043;8.4069;3319
2015.05.15;00:00:00;8.40866;8.40073;8.4063;8.40073;1429
2015.05.15;04:00:00;8.4072;8.40099;8.40273;8.40603;976
2015.05.15;08:00:00;8.40268;8.34407;8.35995;8.40242;13885
2015.05.15;12:00:00;8.38003;8.3448;8.37434;8.35993;18637
2015.05.15;16:00:00;8.3822;8.35187;8.3533;8.37431;18076
2015.05.15;20:00:00;8.3794;8.3481;8.3607;8.3533;5606
2015.05.18;00:00:00;8.3775;8.35368;8.3768;8.35503;941
2015.05.18;04:00:00;8.3776;8.37271;8.3741;8.3767;1306
2015.05.18;08:00:00;8.3768;8.3505;8.3726;8.3741;11749
2015.05.18;12:00:00;8.38927;8.34953;8.3842;8.3726;18459
2015.05.18;16:00:00;8.38965;8.36245;8.37748;8.3841;12789
2015.05.18;20:00:00;8.3874;8.37061;8.3732;8.37744;2822
2015.05.19;00:00:00;8.3849;8.362;8.38044;8.3732;2135
2015.05.19;04:00:00;8.38529;8.37562;8.38496;8.38038;3078
2015.05.19;08:00:00;8.38914;8.3215;8.3495;8.38504;15874
2015.05.19;12:00:00;8.38268;8.3428;8.38169;8.3475;19170
2015.05.19;16:00:00;8.409;8.37495;8.3957;8.38167;16363
2015.05.19;20:00:00;8.40581;8.38667;8.38667;8.3957;3309
2015.05.20;00:00:00;8.40194;8.38624;8.39741;8.38628;3197
2015.05.20;04:00:00;8.40605;8.38678;8.38913;8.39715;4205
2015.05.20;08:00:00;8.42266;8.3593;8.38487;8.38885;12956
2015.05.20;12:00:00;8.41696;8.3633;8.3633;8.3849;18686
2015.05.20;16:00:00;8.41637;8.36046;8.39379;8.36366;17086
2015.05.20;20:00:00;8.40083;8.3845;8.3929;8.39382;8030
2015.05.21;00:00:00;8.4069;8.38733;8.4022;8.3947;2651
2015.05.21;04:00:00;8.40689;8.40093;8.40346;8.4022;31943
2015.05.21;08:00:00;8.42119;8.3848;8.39673;8.40425;14498
2015.05.21;12:00:00;8.44372;8.38889;8.42304;8.39668;20007
2015.05.21;16:00:00;8.4311;8.3934;8.39653;8.42299;12911
2015.05.21;20:00:00;8.40498;8.387;8.40261;8.39652;5393
2015.05.22;00:00:00;8.40907;8.39455;8.3993;8.40779;1064
2015.05.22;04:00:00;8.40036;8.39475;8.39623;8.3993;1195
2015.05.22;08:00:00;8.40529;8.3845;8.40223;8.39751;14216
2015.05.22;12:00:00;8.42299;8.39544;8.416;8.40226;22014
2015.05.22;16:00:00;8.4265;8.38397;8.41629;8.416;14693
2015.05.22;20:00:00;8.4219;8.4025;8.42;8.41654;3929
2015.05.25;00:00:00;8.4162;8.40051;8.40612;8.40387;2450
2015.05.25;04:00:00;8.41001;8.4043;8.41001;8.40635;3165
2015.05.25;08:00:00;8.4148;8.39349;8.39585;8.40899;5676
2015.05.25;12:00:00;8.3987;8.37028;8.38544;8.39607;8714
2015.05.25;16:00:00;8.3928;8.3755;8.3879;8.38556;4231
2015.05.25;20:00:00;8.39257;8.38144;8.38223;8.38791;730
2015.05.26;00:00:00;8.3953;8.38043;8.3912;8.38043;1195
2015.05.26;04:00:00;8.3933;8.38379;8.38494;8.39121;1292
2015.05.26;08:00:00;8.40257;8.36957;8.37637;8.38499;13292
2015.05.26;12:00:00;8.38703;8.36574;8.3856;8.37635;15669
2015.05.26;16:00:00;8.43708;8.38533;8.4338;8.3858;16276
2015.05.26;20:00:00;8.43424;8.42431;8.4302;8.4337;4093
2015.05.27;00:00:00;8.4348;8.4287;8.43223;8.4302;803
2015.05.27;04:00:00;8.4349;8.42464;8.43318;8.4323;6046
2015.05.27;08:00:00;8.4346;8.41415;8.43101;8.43319;14283
2015.05.27;12:00:00;8.45689;8.41402;8.44401;8.43096;23546
2015.05.27;16:00:00;8.47736;8.43149;8.44529;8.44406;21063
2015.05.27;20:00:00;8.4683;8.44365;8.46333;8.44535;6969
2015.05.28;00:00:00;8.47736;8.4628;8.473;8.46378;2963
2015.05.28;04:00:00;8.47407;8.46662;8.46729;8.473;3375
2015.05.28;08:00:00;8.48349;8.44763;8.48055;8.46729;14474
2015.05.28;12:00:00;8.53445;8.47976;8.53191;8.48072;20381
2015.05.28;16:00:00;8.58102;8.5309;8.56376;8.53191;19131
2015.05.28;20:00:00;8.56713;8.53914;8.5426;8.56377;5067
2015.05.29;00:00:00;8.54606;8.53389;8.5427;8.5425;1283
2015.05.29;04:00:00;8.55168;8.5425;8.5448;8.5427;5783
2015.05.29;08:00:00;8.57248;8.5043;8.51024;8.5448;14797
2015.05.29;12:00:00;8.54539;8.4936;8.54107;8.51038;21913
2015.05.29;16:00:00;8.56943;8.5161;8.55435;8.54108;15883
2015.05.29;20:00:00;8.55934;8.52421;8.5354;8.55452;5218
2015.06.01;00:00:00;8.53014;8.51197;8.5289;8.5165;818
2015.06.01;04:00:00;8.53307;8.52365;8.52471;8.5288;5082
2015.06.01;08:00:00;8.58612;8.5131;8.57507;8.52501;15646
2015.06.01;12:00:00;8.70723;8.56992;8.66001;8.57517;19151
2015.06.01;16:00:00;8.6977;8.6489;8.68794;8.65996;16119
2015.06.01;20:00:00;8.69717;8.67483;8.694;8.68799;6236
2015.06.02;00:00:00;8.6957;8.68475;8.6956;8.6935;1755
2015.06.02;04:00:00;8.69551;8.6862;8.68791;8.69551;10513
2015.06.02;08:00:00;8.69574;8.65949;8.67469;8.68801;18415
2015.06.02;12:00:00;8.70025;8.6639;8.68698;8.67464;21394
2015.06.02;16:00:00;8.74399;8.6689;8.71813;8.68698;19982
2015.06.02;20:00:00;8.73772;8.71675;8.73;8.71813;4778
2015.06.03;00:00:00;8.7336;8.71823;8.7301;8.72259;1688
2015.06.03;04:00:00;8.7303;8.719;8.72589;8.7301;2356
2015.06.03;08:00:00;8.7369;8.68186;8.68598;8.72589;19400
2015.06.03;12:00:00;8.73302;8.67594;8.7148;8.68597;23403
2015.06.03;16:00:00;8.7357;8.68066;8.72659;8.7149;18837
2015.06.03;20:00:00;8.75161;8.7233;8.73524;8.72659;4555
2015.06.04;00:00:00;8.7442;8.72116;8.74133;8.72363;2123
2015.06.04;04:00:00;8.758;8.74117;8.75003;8.74133;2654
2015.06.04;08:00:00;8.78474;8.73612;8.77561;8.75002;18790
2015.06.04;12:00:00;8.78068;8.72247;8.74332;8.77565;18205
2015.06.04;16:00:00;8.74983;8.72025;8.72187;8.74329;14056
2015.06.04;20:00:00;8.72747;8.70125;8.70542;8.72187;4869
2015.06.05;00:00:00;8.71675;8.70499;8.7134;8.71675;2459
2015.06.05;04:00:00;8.72339;8.70927;8.71858;8.71349;3852
2015.06.05;08:00:00;8.83702;8.7142;8.83385;8.71858;16940
2015.06.05;12:00:00;8.84557;8.7864;8.83972;8.83411;17463
2015.06.05;16:00:00;8.8659;8.80647;8.86155;8.83933;15851
2015.06.05;20:00:00;8.86518;8.82656;8.8367;8.86155;5428
2015.06.08;00:00:00;8.8466;8.83736;8.8449;8.84248;1056
2015.06.08;04:00:00;8.8452;8.83502;8.83813;8.8449;3903
2015.06.08;08:00:00;8.84691;8.81933;8.83744;8.83813;12627
2015.06.08;12:00:00;8.8616;8.8193;8.83712;8.83741;16960
2015.06.08;16:00:00;8.85921;8.82188;8.8332;8.83716;14820
2015.06.08;20:00:00;8.83336;8.81402;8.8177;8.8332;5857
2015.06.09;00:00:00;8.83131;8.81655;8.82397;8.8177;1966
2015.06.09;04:00:00;8.84254;8.8226;8.83213;8.82408;4834
2015.06.09;08:00:00;8.86049;8.80996;8.85641;8.83213;18649
2015.06.09;12:00:00;8.86574;8.7639;8.76654;8.85611;17727
2015.06.09;16:00:00;8.77106;8.7243;8.76326;8.76659;15920
2015.06.09;20:00:00;8.77586;8.7629;8.77004;8.76312;3995
2015.06.10;00:00:00;8.7787;8.74886;8.7681;8.77004;2472
2015.06.10;04:00:00;8.77146;8.74885;8.75233;8.7681;4344
2015.06.10;08:00:00;8.76739;8.6945;8.71019;8.75259;20032
2015.06.10;12:00:00;8.73487;8.69017;8.71301;8.71133;20351
2015.06.10;16:00:00;8.79178;8.71176;8.78001;8.71328;17998
2015.06.10;20:00:00;8.80441;8.77915;8.7894;8.78005;5243
2015.06.11;00:00:00;8.792;8.77237;8.79054;8.7894;2055
2015.06.11;04:00:00;8.79079;8.78203;8.78703;8.7902;2993
2015.06.11;08:00:00;8.80303;8.7399;8.76571;8.78703;14206
2015.06.11;12:00:00;8.78992;8.75854;8.78215;8.76571;22044
2015.06.11;16:00:00;8.83652;8.77097;8.82651;8.78217;18656
2015.06.11;20:00:00;8.84508;8.81309;8.8218;8.82646;6688
2015.06.12;00:00:00;8.82918;8.80464;8.82195;8.82149;5622
2015.06.12;04:00:00;8.8343;8.8218;8.83;8.8218;3535
2015.06.12;08:00:00;8.84409;8.7078;8.72476;8.83;16954
2015.06.12;12:00:00;8.7292;8.67742;8.69045;8.72476;18533
2015.06.12;16:00:00;8.72499;8.68581;8.70909;8.69083;16011
2015.06.12;20:00:00;8.73273;8.6974;8.7167;8.70909;3757
2015.06.15;00:00:00;8.7273;8.71425;8.7244;8.71634;3417
2015.06.15;04:00:00;8.72786;8.724;8.72646;8.7245;1523
2015.06.15;08:00:00;8.76118;8.72059;8.72932;8.7264;13855
2015.06.15;12:00:00;8.74482;8.70651;8.72974;8.73099;15880
2015.06.15;16:00:00;8.75812;8.72782;8.75502;8.72974;16929
2015.06.15;20:00:00;8.75627;8.74085;8.74085;8.75473;4696
2015.06.16;00:00:00;8.7467;8.73896;8.7436;8.7398;1104
2015.06.16;04:00:00;8.75265;8.74049;8.74097;8.7436;1200
2015.06.16;08:00:00;8.78042;8.72409;8.7585;8.74097;10942
2015.06.16;12:00:00;8.7712;8.71675;8.71821;8.7586;16712
2015.06.16;16:00:00;8.7481;8.71791;8.7384;8.71825;11962
2015.06.16;20:00:00;8.74384;8.72217;8.7255;8.73838;5205
2015.06.17;00:00:00;8.7306;8.72386;8.73;8.7256;1083
2015.06.17;04:00:00;8.7368;8.72811;8.73019;8.73;2802
2015.06.17;08:00:00;8.75849;8.72618;8.7523;8.72995;11747
2015.06.17;12:00:00;8.75701;8.71126;8.71882;8.7523;17027
2015.06.17;16:00:00;8.71932;8.6784;8.69007;8.71877;15590
2015.06.17;20:00:00;8.69215;8.66188;8.6779;8.69007;7944
2015.06.18;00:00:00;8.6935;8.6778;8.6856;8.6778;3217
2015.06.18;04:00:00;8.69555;8.68235;8.68915;8.6856;5411
2015.06.18;08:00:00;8.7972;8.6489;8.7829;8.68915;17772
2015.06.18;12:00:00;8.83313;8.7716;8.79432;8.7829;18786
2015.06.18;16:00:00;8.85819;8.78145;8.85039;8.79438;14401
2015.06.18;20:00:00;8.8651;8.84609;8.8497;8.85039;9390
2015.06.19;00:00:00;8.8497;8.82904;8.8412;8.8497;1399
2015.06.19;04:00:00;8.8437;8.82376;8.8273;8.84129;3329
2015.06.19;08:00:00;8.84807;8.8022;8.80608;8.8272;14775
2015.06.19;12:00:00;8.85058;8.80298;8.84057;8.80622;15296
2015.06.19;16:00:00;8.85233;8.8212;8.83165;8.84013;12518
2015.06.19;20:00:00;8.8329;8.76058;8.76867;8.83166;6756
2015.06.22;00:00:00;8.78849;8.77402;8.7824;8.77913;2180
2015.06.22;04:00:00;8.79797;8.7769;8.7945;8.7824;5444
2015.06.22;08:00:00;8.81122;8.76592;8.76704;8.7945;14472
2015.06.22;12:00:00;8.79355;8.71664;8.738;8.76726;18177
2015.06.22;16:00:00;8.80113;8.73169;8.78113;8.738;19142
2015.06.22;20:00:00;8.7813;8.75702;8.77642;8.78125;6404
2015.06.23;00:00:00;8.78062;8.7644;8.7659;8.78026;2310
2015.06.23;04:00:00;8.77876;8.76024;8.76297;8.76593;4405
2015.06.23;08:00:00;8.7707;8.72865;8.74365;8.76298;16828
2015.06.23;12:00:00;8.75735;8.7212;8.7449;8.74363;22794
2015.06.23;16:00:00;8.7634;8.72386;8.7587;8.74466;18936
2015.06.23;20:00:00;8.77283;8.7273;8.72948;8.7587;7949
2015.06.24;00:00:00;8.74688;8.72737;8.7408;8.72988;3748
2015.06.24;04:00:00;8.7481;8.73554;8.7473;8.74;16940
2015.06.24;08:00:00;8.78367;8.74107;8.75408;8.7472;15054
2015.06.24;12:00:00;8.7765;8.74332;8.77317;8.75449;19848
2015.06.24;16:00:00;8.8129;8.7724;8.79113;8.77324;19536
2015.06.24;20:00:00;8.8006;8.78418;8.78826;8.79097;5147
2015.06.25;00:00:00;8.78983;8.77783;8.7813;8.78843;18027
2015.06.25;04:00:00;8.7848;8.77313;8.78067;8.7812;31240
2015.06.25;08:00:00;8.7964;8.7338;8.75127;8.78055;25914
2015.06.25;12:00:00;8.759;8.72944;8.74803;8.75127;22609
2015.06.25;16:00:00;8.77112;8.73869;8.7504;8.74803;16413
2015.06.25;20:00:00;8.7552;8.74409;8.74409;8.7504;3298
2015.06.26;00:00:00;8.7531;8.7385;8.74042;8.7426;2905
2015.06.26;04:00:00;8.74676;8.73957;8.74623;8.74061;2645
2015.06.26;08:00:00;8.7556;8.72363;8.73996;8.74624;13711
2015.06.26;12:00:00;8.78243;8.72247;8.75463;8.73991;18612
2015.06.26;16:00:00;8.76563;8.74358;8.74934;8.75458;15563
2015.06.26;20:00:00;8.76407;8.73786;8.74505;8.74936;6829
2015.06.29;00:00:00;8.7171;8.68669;8.70825;8.69033;4554
2015.06.29;04:00:00;8.7112;8.6884;8.70984;8.70825;10939
2015.06.29;08:00:00;8.77664;8.70176;8.76985;8.70984;19355
2015.06.29;12:00:00;8.8188;8.7437;8.7961;8.76985;24585
2015.06.29;16:00:00;8.8365;8.77708;8.82542;8.7961;20913
2015.06.29;20:00:00;8.83852;8.80492;8.8272;8.82558;7023
2015.06.30;00:00:00;8.8319;8.812;8.8204;8.8259;2435
2015.06.30;04:00:00;8.82044;8.8116;8.8177;8.8204;2932
2015.06.30;08:00:00;8.8453;8.7733;8.77623;8.8176;17371
2015.06.30;12:00:00;8.80807;8.7632;8.80356;8.77643;21251
2015.06.30;16:00:00;8.80569;8.7379;8.7379;8.80355;26428
2015.06.30;20:00:00;8.74915;8.7345;8.74915;8.7379;8674
2015.07.01;00:00:00;8.75741;8.73753;8.74398;8.74931;2203
2015.07.01;04:00:00;8.75349;8.73847;8.74948;8.74429;1828
2015.07.01;08:00:00;8.77287;8.7255;8.7451;8.74948;14909
2015.07.01;12:00:00;8.76187;8.7307;8.74311;8.7451;20307
2015.07.01;16:00:00;8.77127;8.72789;8.74728;8.74312;17969
2015.07.01;20:00:00;8.77696;8.74556;8.7674;8.74728;9549
2015.07.02;00:00:00;8.7674;8.74576;8.7577;8.75977;2978
2015.07.02;04:00:00;8.77278;8.7574;8.76301;8.7576;4597
2015.07.02;08:00:00;8.78133;8.74497;8.75893;8.76201;15482
2015.07.02;12:00:00;8.80905;8.7464;8.79087;8.75747;24325
2015.07.02;16:00:00;8.8451;8.79005;8.82446;8.7909;16721
2015.07.02;20:00:00;8.83956;8.8212;8.8212;8.82454;5792
2015.07.03;00:00:00;8.82628;8.81604;8.82186;8.8211;1501
2015.07.03;04:00:00;8.82635;8.82136;8.82553;8.82136;1133
2015.07.03;08:00:00;8.84601;8.82022;8.82773;8.82584;14812
2015.07.03;12:00:00;8.86357;8.81994;8.85473;8.82692;23186
2015.07.03;16:00:00;8.89051;8.8541;8.87824;8.85471;9912
2015.07.03;20:00:00;8.88267;8.8714;8.8729;8.87732;2011
2015.07.06;00:00:00;8.87074;8.82278;8.85392;8.84497;2037
2015.07.06;04:00:00;8.87846;8.85245;8.86977;8.85342;5458
2015.07.06;08:00:00;8.93694;8.8564;8.92237;8.86977;19598
2015.07.06;12:00:00;8.93163;8.88714;8.92266;8.92273;27151
2015.07.06;16:00:00;8.9345;8.89987;8.92406;8.9227;18036
2015.07.06;20:00:00;8.93366;8.91799;8.9214;8.92406;7101
2015.07.07;00:00:00;8.93087;8.91675;8.92568;8.9214;1501
2015.07.07;04:00:00;8.92829;8.92271;8.92478;8.92691;2453
2015.07.07;08:00:00;8.99751;8.91752;8.9831;8.92427;15859
2015.07.07;12:00:00;9.00951;8.9737;8.97661;8.9836;21675
2015.07.07;16:00:00;9.04301;8.97364;8.98986;8.97661;23081
2015.07.07;20:00:00;9.02278;8.9769;8.9793;8.99006;6459
2015.07.08;00:00:00;8.99749;8.9746;8.9891;8.9789;3692
2015.07.08;04:00:00;8.99059;8.97173;8.98846;8.9891;3397
2015.07.08;08:00:00;9.1111;8.98501;9.09814;8.98845;16253
2015.07.08;12:00:00;9.10252;9.0485;9.08107;9.09814;24329
2015.07.08;16:00:00;9.14423;9.05474;9.11815;9.08105;21780
2015.07.08;20:00:00;9.1223;9.09497;9.1001;9.11865;5545
2015.07.09;00:00:00;9.1239;9.0953;9.10258;9.0999;2476
2015.07.09;04:00:00;9.10773;9.07977;9.08002;9.10258;3723
2015.07.09;08:00:00;9.11244;9.05815;9.0851;9.08056;16491
2015.07.09;12:00:00;9.09207;8.9724;8.99438;9.08487;16995
2015.07.09;16:00:00;8.99498;8.93655;8.97129;8.9946;11139
2015.07.09;20:00:00;8.9913;8.95716;8.9797;8.97141;4126
2015.07.10;00:00:00;8.9857;8.9795;8.9844;8.9797;1312
2015.07.10;04:00:00;8.98701;8.98147;8.98356;8.9844;3916
2015.07.10;08:00:00;8.9871;8.8521;8.92809;8.98311;11685
2015.07.10;12:00:00;8.93401;8.891;8.89607;8.9281;14856
2015.07.10;16:00:00;8.94172;8.8918;8.92399;8.89607;12219
2015.07.10;20:00:00;8.94982;8.88869;8.88869;8.92399;5416
2015.07.13;00:00:00;8.9258;8.8623;8.92167;8.8734;757
2015.07.13;04:00:00;8.93533;8.904;8.93533;8.92158;3236
2015.07.13;08:00:00;8.95924;8.8997;8.9014;8.93527;10077
2015.07.13;12:00:00;8.92166;8.89031;8.91593;8.9014;10785
2015.07.13;16:00:00;8.91886;8.8773;8.89856;8.91595;7634
2015.07.13;20:00:00;8.9032;8.88256;8.89052;8.89834;3431
2015.07.14;00:00:00;8.8993;8.86761;8.89665;8.89337;2310
2015.07.14;04:00:00;8.90133;8.8904;8.90087;8.8971;1678
2015.07.14;08:00:00;8.9673;8.89915;8.9621;8.90041;12513
2015.07.14;12:00:00;9.0314;8.962;8.99043;8.962;14233
2015.07.14;16:00:00;8.99239;8.93524;8.94346;8.99043;11253
2015.07.14;20:00:00;8.95128;8.91337;8.9167;8.94357;4446
2015.07.15;00:00:00;8.94095;8.9165;8.9332;8.9165;3517
2015.07.15;04:00:00;8.9337;8.91647;8.92432;8.9331;3516
2015.07.15;08:00:00;9.0181;8.92431;8.93637;8.92433;13509
2015.07.15;12:00:00;8.96483;8.9249;8.9312;8.93653;11324
2015.07.15;16:00:00;8.94341;8.90737;8.93492;8.9313;11963
2015.07.15;20:00:00;8.94053;8.91073;8.9189;8.93479;5207
2015.07.16;00:00:00;8.93988;8.90461;8.9265;8.91971;1946
2015.07.16;04:00:00;8.94044;8.9216;8.92927;8.9264;4231
2015.07.16;08:00:00;8.95085;8.8484;8.85634;8.92936;13677
2015.07.16;12:00:00;8.86009;8.8222;8.84849;8.85639;15327
2015.07.16;16:00:00;8.88278;8.83191;8.86328;8.84865;11931
2015.07.16;20:00:00;8.8792;8.85232;8.86741;8.8633;4881
2015.07.17;00:00:00;8.88126;8.86905;8.8795;8.86936;996
2015.07.17;04:00:00;8.8796;8.8742;8.8752;8.8795;3051
2015.07.17;08:00:00;8.8797;8.8485;8.87121;8.8751;12425
2015.07.17;12:00:00;8.8888;8.8463;8.8805;8.87121;12648
2015.07.17;16:00:00;8.89083;8.85311;8.8687;8.8807;11272
2015.07.17;20:00:00;8.8731;8.84297;8.84315;8.8684;4815
2015.07.20;00:00:00;8.8612;8.8429;8.84772;8.85231;2325
2015.07.20;04:00:00;8.85982;8.84138;8.8514;8.84778;5620
2015.07.20;08:00:00;8.9193;8.84156;8.8969;8.8512;12623
2015.07.20;12:00:00;8.91046;8.88093;8.90237;8.89709;15174
2015.07.20;16:00:00;8.93766;8.8956;8.9223;8.90213;11345
2015.07.20;20:00:00;8.9283;8.90259;8.90626;8.9224;7130
2015.07.21;00:00:00;8.91577;8.89639;8.9082;8.90663;2407
2015.07.21;04:00:00;8.9119;8.90231;8.90243;8.908;6495
2015.07.21;08:00:00;8.93711;8.8981;8.935;8.90243;13932
2015.07.21;12:00:00;8.96809;8.91245;8.9206;8.935;12382
2015.07.21;16:00:00;8.92236;8.85464;8.8858;8.9205;13788
2015.07.21;20:00:00;8.8887;8.86156;8.86636;8.8856;6934
2015.07.22;00:00:00;8.88222;8.85793;8.8667;8.86661;10327
2015.07.22;04:00:00;8.8835;8.8651;8.8701;8.8668;11747
2015.07.22;08:00:00;8.89968;8.8653;8.8892;8.8705;14915
2015.07.22;12:00:00;8.9172;8.8693;8.8729;8.8889;14163
2015.07.22;16:00:00;8.9223;8.8731;8.9002;8.8731;11610
2015.07.22;20:00:00;8.9286;8.8471;8.8471;8.9003;5798
2015.07.23;00:00:00;8.92592;8.8872;8.91711;8.89168;5708
2015.07.23;04:00:00;8.9354;8.9012;8.9131;8.91711;17364
2015.07.23;08:00:00;8.97234;8.913;8.95139;8.9131;16520
2015.07.23;12:00:00;8.97508;8.94711;8.9548;8.95129;11337
2015.07.23;16:00:00;8.9951;8.94981;8.9894;8.9549;10446
2015.07.23;20:00:00;9.0008;8.9755;8.9773;8.9895;6482
2015.07.24;00:00:00;8.98065;8.9748;8.975;8.9773;1718
2015.07.24;04:00:00;8.997;8.9695;8.9908;8.9751;11292
2015.07.24;08:00:00;9.02111;8.96101;8.964;8.9906;9804
2015.07.24;12:00:00;8.9969;8.9638;8.98354;8.9641;13896
2015.07.24;16:00:00;9.0001;8.95644;8.9969;8.98354;11278
2015.07.24;20:00:00;9.0116;8.9938;9.00972;8.9968;7082
2015.07.27;00:00:00;9.0091;8.99453;9.00367;8.99717;2333
2015.07.27;04:00:00;9.0176;9.003;9.0105;9.00367;4707
2015.07.27;08:00:00;9.04639;8.99723;9.04533;9.0104;13468
2015.07.27;12:00:00;9.05653;9.02646;9.04141;9.04529;12874
2015.07.27;16:00:00;9.05518;9.0257;9.05295;9.04154;11670
2015.07.27;20:00:00;9.06;9.03631;9.05224;9.05295;5927
2015.07.28;00:00:00;9.0638;9.0516;9.0589;9.05245;2905
2015.07.28;04:00:00;9.0602;9.0425;9.0439;9.0588;6667
2015.07.28;08:00:00;9.08547;9.02887;9.05006;9.0442;16589
2015.07.28;12:00:00;9.05107;8.99739;9.0318;9.05006;15036
2015.07.28;16:00:00;9.0487;9.00366;9.0075;9.0318;11499
2015.07.28;20:00:00;9.037;9.00687;9.02157;9.0076;4862
2015.07.29;00:00:00;9.03944;8.94955;9.0281;9.03526;4283
2015.07.29;04:00:00;9.0397;9.0269;9.0362;9.028;8188
2015.07.29;08:00:00;9.059;8.98246;8.98637;9.0359;14177
2015.07.29;12:00:00;9.00451;8.96107;8.9982;8.98661;13549
2015.07.29;16:00:00;9.0055;8.95;8.9555;8.9984;11331
2015.07.29;20:00:00;8.9764;8.9511;8.9515;8.9554;9177
2015.07.30;00:00:00;8.95343;8.9503;8.9508;8.9511;1138
2015.07.30;04:00:00;8.9526;8.9503;8.9511;8.9507;2521
2015.07.30;08:00:00;8.98125;8.923;8.93892;8.951;12873
2015.07.30;12:00:00;8.95173;8.91989;8.9475;8.93869;12783
2015.07.30;16:00:00;8.9526;8.89979;8.91331;8.9476;13309
2015.07.30;20:00:00;8.9375;8.90136;8.9332;8.91318;8745
2015.07.31;00:00:00;8.9341;8.91768;8.9232;8.933;5030
2015.07.31;04:00:00;8.9295;8.9225;8.9294;8.9232;7172
2015.07.31;08:00:00;8.968;8.9284;8.95866;8.9294;13420
2015.07.31;12:00:00;9.00583;8.95119;8.98328;8.95858;14276
2015.07.31;16:00:00;9.0006;8.9609;8.9612;8.98328;14755
2015.07.31;20:00:00;8.9785;8.95114;8.96689;8.9611;10220
2015.08.03;00:00:00;8.9845;8.95827;8.9824;8.96006;2250
2015.08.03;04:00:00;8.9871;8.9801;8.9859;8.9824;7458
2015.08.03;08:00:00;9.0122;8.97139;8.99889;8.9847;13574
2015.08.03;12:00:00;9.0132;8.99054;9.0047;8.99847;14017
2015.08.03;16:00:00;9.02905;8.99778;9.0211;9.0045;11641
2015.08.03;20:00:00;9.0385;9.0121;9.0341;9.0209;5388
2015.08.04;00:00:00;9.03528;9.01716;9.0304;9.0341;4392
2015.08.04;04:00:00;9.0308;9.0221;9.0236;9.0304;4202
2015.08.04;08:00:00;9.0529;9.01112;9.03435;9.0237;12546
2015.08.04;12:00:00;9.04098;8.97889;8.9869;9.03435;13533
2015.08.04;16:00:00;9.0375;8.9853;9.0227;8.9867;12636
2015.08.04;20:00:00;9.0339;9.00906;9.00906;9.0226;7213
2015.08.05;00:00:00;9.0265;9.0031;9.0159;9.00688;4677
2015.08.05;04:00:00;9.0189;9.0049;9.01086;9.0159;5192
2015.08.05;08:00:00;9.01314;8.9863;8.98664;9.01088;12192
2015.08.05;12:00:00;9.00512;8.9761;8.9948;8.98709;13918
2015.08.05;16:00:00;9.0129;8.968;9.012;8.99481;12567
2015.08.05;20:00:00;9.022;8.9982;8.9986;9.0121;7216
2015.08.06;00:00:00;9.01076;8.9892;8.9962;8.9987;4329
2015.08.06;04:00:00;9.006;8.9927;9.00248;8.996;5082
2015.08.06;08:00:00;9.02539;8.9986;9.00787;9.00254;13329
2015.08.06;12:00:00;9.03719;8.99007;9.0311;9.00817;15003
2015.08.06;16:00:00;9.05822;9.02784;9.0447;9.0307;9960
2015.08.06;20:00:00;9.0505;9.03065;9.032;9.0446;8196
2015.08.07;00:00:00;9.04093;9.02894;9.039;9.0311;3180
2015.08.07;04:00:00;9.04048;9.02752;9.0304;9.0391;7088
2015.08.07;08:00:00;9.0632;9.00906;9.0291;9.03036;14432
2015.08.07;12:00:00;9.0573;9.0255;9.0442;9.0291;15599
2015.08.07;16:00:00;9.067;9.03517;9.06153;9.044;14783
2015.08.07;20:00:00;9.0651;9.04548;9.0644;9.06153;5226
2015.08.10;00:00:00;9.0605;9.04877;9.05881;9.05236;735
2015.08.10;04:00:00;9.066;9.0533;9.0618;9.05881;2281
2015.08.10;08:00:00;9.07335;9.04378;9.05;9.0619;11488
2015.08.10;12:00:00;9.05;9.01324;9.0308;9.0498;15487
2015.08.10;16:00:00;9.0388;9.01498;9.03206;9.0306;14512
2015.08.10;20:00:00;9.0409;9.0225;9.02586;9.032;7576
2015.08.11;00:00:00;9.03626;9.00915;9.0256;9.02624;5040
2015.08.11;04:00:00;9.0353;9.02234;9.02386;9.0256;10602
2015.08.11;08:00:00;9.0552;9.01867;9.04827;9.02379;22959
2015.08.11;12:00:00;9.0941;9.04075;9.0894;9.04805;16735
2015.08.11;16:00:00;9.153;9.08603;9.1304;9.0895;13597
2015.08.11;20:00:00;9.1408;9.12559;9.13371;9.1303;5819
2015.08.12;00:00:00;9.13793;9.1229;9.1272;9.13403;2744
2015.08.12;04:00:00;9.1499;9.12635;9.14857;9.1272;11296
2015.08.12;08:00:00;9.2095;9.1398;9.17362;9.14857;18680
2015.08.12;12:00:00;9.17354;9.06188;9.08931;9.17354;15022
2015.08.12;16:00:00;9.1248;9.08913;9.0963;9.08915;13762
2015.08.12;20:00:00;9.11125;9.08364;9.09291;9.0965;7130
2015.08.13;00:00:00;9.10652;9.0799;9.1017;9.09079;1300
2015.08.13;04:00:00;9.10262;9.0823;9.0839;9.10181;9545
2015.08.13;08:00:00;9.0999;9.04656;9.0722;9.0839;19303
2015.08.13;12:00:00;9.11928;9.0503;9.11339;9.07213;17280
2015.08.13;16:00:00;9.15721;9.10424;9.1522;9.11314;11075
2015.08.13;20:00:00;9.16776;9.1491;9.1585;9.1523;8973
2015.08.14;00:00:00;9.1639;9.13312;9.14893;9.1576;3740
2015.08.14;04:00:00;9.1505;9.1395;9.1418;9.14893;9556
2015.08.14;08:00:00;9.17032;9.13559;9.14512;9.1417;17470
2015.08.14;12:00:00;9.1499;9.115;9.13711;9.1451;20008
2015.08.14;16:00:00;9.1514;9.12012;9.1511;9.13711;10807
2015.08.14;20:00:00;9.1608;9.13587;9.14248;9.1512;6081
2015.08.17;00:00:00;9.1432;9.11878;9.132;9.12728;1713
2015.08.17;04:00:00;9.16529;9.13068;9.14755;9.13205;7498
2015.08.17;08:00:00;9.18507;9.1414;9.171;9.14755;15747
2015.08.17;12:00:00;9.18408;9.1287;9.136;9.1703;13851
2015.08.17;16:00:00;9.1398;9.06947;9.0806;9.1359;12436
2015.08.17;20:00:00;9.0997;9.07943;9.08835;9.0805;4579
2015.08.18;00:00:00;9.09622;9.08252;9.09418;9.08803;1900
2015.08.18;04:00:00;9.0997;9.08575;9.08721;9.09413;4876
2015.08.18;08:00:00;9.13698;9.08658;9.1285;9.08721;11919
2015.08.18;12:00:00;9.1554;9.1253;9.1363;9.1285;12923
2015.08.18;16:00:00;9.1469;9.1249;9.1281;9.1365;10490
2015.08.18;20:00:00;9.1369;9.11304;9.1223;9.1282;7497
2015.08.19;00:00:00;9.13276;9.10761;9.12646;9.1241;3656
2015.08.19;04:00:00;9.1327;9.12516;9.13013;9.12656;2838
2015.08.19;08:00:00;9.16647;9.1279;9.1581;9.1302;13236
2015.08.19;12:00:00;9.1662;9.1419;9.16237;9.1582;11936
2015.08.19;16:00:00;9.243;9.16225;9.2266;9.16237;14811
2015.08.19;20:00:00;9.22964;9.20417;9.21952;9.2263;12823
2015.08.20;00:00:00;9.23305;9.2012;9.22603;9.20532;3059
2015.08.20;04:00:00;9.2303;9.21954;9.22056;9.22617;3128
2015.08.20;08:00:00;9.2702;9.21934;9.235;9.22038;11493
2015.08.20;12:00:00;9.25885;9.1997;9.2113;9.23489;15150
2015.08.20;16:00:00;9.2516;9.19614;9.2179;9.2114;15471
2015.08.20;20:00:00;9.25109;9.2148;9.24157;9.2181;8226
2015.08.21;00:00:00;9.2577;9.23046;9.25193;9.24049;2176
2015.08.21;04:00:00;9.26855;9.25162;9.2658;9.2517;5064
2015.08.21;08:00:00;9.27086;9.22488;9.2406;9.2658;13623
2015.08.21;12:00:00;9.2877;9.23845;9.2852;9.24034;14714
2015.08.21;16:00:00;9.32747;9.2444;9.3002;9.28574;18061
2015.08.21;20:00:00;9.3286;9.299;9.32315;9.3;11557
2015.08.24;00:00:00;9.3567;9.31581;9.3491;9.3199;9795
2015.08.24;04:00:00;9.3895;9.3488;9.3876;9.349;16705
2015.08.24;08:00:00;9.39065;9.3458;9.3514;9.3876;18329
2015.08.24;12:00:00;9.40169;9.3478;9.3976;9.3514;18144
2015.08.24;16:00:00;9.5387;9.3979;9.4532;9.3981;22408
2015.08.24;20:00:00;9.5503;9.4477;9.52974;9.4531;15307
2015.08.25;00:00:00;9.5412;9.46698;9.5216;9.53134;7692
2015.08.25;04:00:00;9.5215;9.4398;9.4737;9.5215;15801
2015.08.25;08:00:00;9.5087;9.37104;9.41253;9.4736;18913
2015.08.25;12:00:00;9.43803;9.37278;9.39321;9.41253;15248
2015.08.25;16:00:00;9.44314;9.37479;9.4403;9.39371;17725
2015.08.25;20:00:00;9.4879;9.4372;9.46581;9.4402;13228
2015.08.26;00:00:00;9.4883;9.45959;9.4704;9.4641;4877
2015.08.26;04:00:00;9.5118;9.4704;9.47403;9.4704;11396
2015.08.26;08:00:00;9.53712;9.44672;9.4974;9.47364;16218
2015.08.26;12:00:00;9.5191;9.47383;9.4912;9.49728;19009
2015.08.26;16:00:00;9.5462;9.48691;9.5247;9.4913;17169
2015.08.26;20:00:00;9.5299;9.46659;9.47984;9.52462;19065
2015.08.27;00:00:00;9.49185;9.45848;9.47746;9.47238;12321
2015.08.27;04:00:00;9.4773;9.44804;9.46046;9.47641;7870
2015.08.27;08:00:00;9.48832;9.38171;9.3864;9.4603;15660
2015.08.27;12:00:00;9.4229;9.3728;9.3759;9.3864;21597
2015.08.27;16:00:00;9.3831;9.2937;9.3196;9.3759;22462
2015.08.27;20:00:00;9.3592;9.30635;9.3296;9.3197;21991
2015.08.28;00:00:00;9.34435;9.2969;9.3297;9.329;9743
2015.08.28;04:00:00;9.3332;9.3199;9.3287;9.32968;19568
2015.08.28;08:00:00;9.38445;9.295;9.3711;9.3286;28067
2015.08.28;12:00:00;9.3741;9.3209;9.35811;9.3711;26717
2015.08.28;16:00:00;9.36752;9.22924;9.2555;9.35803;26766
2015.08.28;20:00:00;9.27207;9.23853;9.261;9.2554;13171
2015.08.31;00:00:00;9.2943;9.24328;9.2742;9.24348;8575
2015.08.31;04:00:00;9.296;9.2646;9.2758;9.2742;18795
2015.08.31;08:00:00;9.34548;9.26424;9.34139;9.2757;17995
2015.08.31;12:00:00;9.3978;9.31279;9.3795;9.3413;14980
2015.08.31;16:00:00;9.4032;9.2895;9.3067;9.3796;23018
2015.08.31;20:00:00;9.311;9.27342;9.2779;9.3066;11549
2015.09.01;00:00:00;9.29373;9.25608;9.28709;9.2775;3299
2015.09.01;04:00:00;9.3335;9.28701;9.325;9.28708;2803
2015.09.01;08:00:00;9.44642;9.3127;9.3982;9.32466;15394
2015.09.01;12:00:00;9.4024;9.3342;9.3671;9.3983;22167
2015.09.01;16:00:00;9.3707;9.31205;9.3617;9.36705;26563
2015.09.01;20:00:00;9.3822;9.35256;9.36778;9.3619;14126
2015.09.02;00:00:00;9.3805;9.36034;9.363;9.36738;6372
2015.09.02;04:00:00;9.3801;9.3624;9.3783;9.3629;14040
2015.09.02;08:00:00;9.3852;9.3338;9.33603;9.3784;17317
2015.09.02;12:00:00;9.3489;9.26844;9.28022;9.33603;19573
2015.09.02;16:00:00;9.33301;9.24497;9.2472;9.28041;27183
2015.09.02;20:00:00;9.2626;9.24;9.24328;9.2475;12755
2015.09.03;00:00:00;9.26294;9.2419;9.25085;9.24753;5014
2015.09.03;04:00:00;9.2711;9.249;9.2694;9.25085;6404
2015.09.03;08:00:00;9.2859;9.2323;9.2846;9.2694;15520
2015.09.03;12:00:00;9.2958;9.2386;9.24473;9.2847;17312
2015.09.03;16:00:00;9.26069;9.1728;9.2104;9.24473;24489
2015.09.03;20:00:00;9.215;9.19459;9.2038;9.2101;12397
2015.09.04;00:00:00;9.2053;9.13383;9.2044;9.2038;4324
2015.09.04;04:00:00;9.2207;9.2037;9.2178;9.2044;5876
2015.09.04;08:00:00;9.2585;9.20348;9.2087;9.2178;14678
2015.09.04;12:00:00;9.2407;9.1951;9.2276;9.2087;18196
2015.09.04;16:00:00;9.262;9.2109;9.25027;9.2275;22421
2015.09.04;20:00:00;9.268;9.2406;9.25381;9.24999;9168
2015.09.07;00:00:00;9.2737;9.24937;9.2644;9.25313;3728
2015.09.07;04:00:00;9.2678;9.2387;9.24423;9.2643;5469
2015.09.07;08:00:00;9.25617;9.22511;9.2524;9.24423;17503
2015.09.07;12:00:00;9.2663;9.24689;9.2597;9.2524;14433
2015.09.07;16:00:00;9.3;9.25354;9.2926;9.2596;12587
2015.09.07;20:00:00;9.3044;9.2723;9.28802;9.2926;7107
2015.09.08;00:00:00;9.30095;9.2833;9.28745;9.28852;3373
2015.09.08;04:00:00;9.29394;9.2819;9.2912;9.28697;9069
2015.09.08;08:00:00;9.2994;9.2476;9.2622;9.2911;14877
2015.09.08;12:00:00;9.26746;9.2187;9.2331;9.2622;18294
2015.09.08;16:00:00;9.2524;9.20257;9.2243;9.233;19015
2015.09.08;20:00:00;9.23055;9.2036;9.2155;9.2244;11965
2015.09.09;00:00:00;9.2291;9.2035;9.2045;9.21536;7316
2015.09.09;04:00:00;9.2068;9.20255;9.2055;9.2045;6328
2015.09.09;08:00:00;9.22855;9.1984;9.2152;9.2056;14215
2015.09.09;12:00:00;9.21806;9.1904;9.1911;9.2152;15575
2015.09.09;16:00:00;9.2034;9.16075;9.1848;9.191;20038
2015.09.09;20:00:00;9.2079;9.1744;9.2063;9.1847;13683
2015.09.10;00:00:00;9.231;9.20091;9.229;9.2083;6637
2015.09.10;04:00:00;9.2479;9.21743;9.23608;9.2291;13152
2015.09.10;08:00:00;9.24782;9.12805;9.1734;9.23608;18684
2015.09.10;12:00:00;9.1917;9.1516;9.1889;9.1736;20540
2015.09.10;16:00:00;9.23372;9.15408;9.22248;9.1888;24645
2015.09.10;20:00:00;9.2333;9.2081;9.226;9.22248;9613
2015.09.11;00:00:00;9.23;9.19071;9.2;9.226;10270
2015.09.11;04:00:00;9.2019;9.1833;9.1847;9.2016;6797
2015.09.11;08:00:00;9.27634;9.1698;9.267;9.1847;17603
2015.09.11;12:00:00;9.2769;9.2458;9.27174;9.267;15915
2015.09.11;16:00:00;9.28;9.2288;9.2296;9.27174;19914
2015.09.11;20:00:00;9.2509;9.2294;9.23356;9.2295;6740
2015.09.14;00:00:00;9.2454;9.21;9.2142;9.23124;4398
2015.09.14;04:00:00;9.2162;9.2047;9.2107;9.2142;4355
2015.09.14;08:00:00;9.2618;9.2095;9.2559;9.2106;14528
2015.09.14;12:00:00;9.2655;9.2399;9.2649;9.25637;13950
2015.09.14;16:00:00;9.2952;9.25301;9.2702;9.2649;19174
2015.09.14;20:00:00;9.2789;9.24395;9.24395;9.27;6494
2015.09.15;00:00:00;9.288;9.23512;9.2592;9.23512;6735
2015.09.15;04:00:00;9.26517;9.254;9.26408;9.2593;5768
2015.09.15;08:00:00;9.2949;9.26088;9.2742;9.26408;17643
2015.09.15;12:00:00;9.2842;9.2443;9.2515;9.2742;18630
2015.09.15;16:00:00;9.2599;9.21929;9.2356;9.2514;19470
2015.09.15;20:00:00;9.2454;9.2165;9.22587;9.2354;7802
2015.09.16;00:00:00;9.2383;9.21459;9.2354;9.22624;3775
2015.09.16;04:00:00;9.2385;9.2278;9.2332;9.2355;10618
2015.09.16;08:00:00;9.2497;9.2127;9.2442;9.2332;16211
2015.09.16;12:00:00;9.2555;9.2241;9.2343;9.2441;17199
2015.09.16;16:00:00;9.2393;9.1756;9.1857;9.23428;20893
2015.09.16;20:00:00;9.2047;9.1846;9.1846;9.1857;7847
2015.09.17;00:00:00;9.20738;9.17483;9.2034;9.18006;4899
2015.09.17;04:00:00;9.2071;9.19774;9.2003;9.2033;7394
2015.09.17;08:00:00;9.20315;9.16135;9.1966;9.2002;19483
2015.09.17;12:00:00;9.2235;9.18994;9.21032;9.1965;15114
2015.09.17;16:00:00;9.2343;9.19639;9.2277;9.20952;19624
2015.09.17;20:00:00;9.24929;9.16802;9.23999;9.2278;19818
2015.09.18;00:00:00;9.25833;9.21565;9.2489;9.24029;5267
2015.09.18;04:00:00;9.2539;9.24273;9.2442;9.2489;5536
2015.09.18;08:00:00;9.2521;9.2052;9.2229;9.2442;18876
2015.09.18;12:00:00;9.2511;9.2103;9.2341;9.2228;22243
2015.09.18;16:00:00;9.2505;9.2148;9.2343;9.2341;23959
2015.09.18;20:00:00;9.2381;9.21391;9.22221;9.2343;14172
2015.09.21;00:00:00;9.23028;9.2086;9.21829;9.20902;2701
2015.09.21;04:00:00;9.2332;9.21576;9.2297;9.21877;7611
2015.09.21;08:00:00;9.24521;9.20944;9.2336;9.2298;17538
2015.09.21;12:00:00;9.2502;9.20406;9.21314;9.2338;19102
2015.09.21;16:00:00;9.2319;9.18646;9.204;9.21314;20398
2015.09.21;20:00:00;9.2093;9.1911;9.19456;9.2039;10083
2015.09.22;00:00:00;9.2011;9.18306;9.1896;9.19289;10310
2015.09.22;04:00:00;9.2022;9.1891;9.1987;9.1895;17076
2015.09.22;08:00:00;9.2273;9.18227;9.2232;9.1986;18892
2015.09.22;12:00:00;9.22782;9.2011;9.207;9.2232;22187
2015.09.22;16:00:00;9.2402;9.20645;9.22475;9.2073;18804
2015.09.22;20:00:00;9.22517;9.2097;9.2136;9.2248;9025
2015.09.23;00:00:00;9.2329;9.20254;9.2181;9.2125;11080
2015.09.23;04:00:00;9.2406;9.2155;9.2361;9.2182;11463
2015.09.23;08:00:00;9.2384;9.1894;9.2087;9.236;18986
2015.09.23;12:00:00;9.2418;9.2086;9.2132;9.2087;18079
2015.09.23;16:00:00;9.26851;9.21039;9.2502;9.2132;23658
2015.09.23;20:00:00;9.28;9.2434;9.25664;9.2502;11279
2015.09.24;00:00:00;9.2713;9.2231;9.243;9.24668;9433
2015.09.24;04:00:00;9.2435;9.22685;9.2409;9.243;6675
2015.09.24;08:00:00;9.5048;9.226;9.479;9.2408;19983
2015.09.24;12:00:00;9.4992;9.4533;9.4856;9.479;24496
2015.09.24;16:00:00;9.5361;9.4686;9.51342;9.4858;24821
2015.09.24;20:00:00;9.51337;9.4788;9.48526;9.51337;11438
2015.09.25;00:00:00;9.48588;9.47134;9.4742;9.48356;6334
2015.09.25;04:00:00;9.4852;9.4683;9.4688;9.4742;10986
2015.09.25;08:00:00;9.4942;9.4507;9.4788;9.4687;18162
2015.09.25;12:00:00;9.551;9.4738;9.5461;9.4788;22176
2015.09.25;16:00:00;9.57356;9.51075;9.5146;9.5461;25625
2015.09.25;20:00:00;9.5251;9.49603;9.50253;9.5145;12925
2015.09.28;00:00:00;9.54004;9.51712;9.53019;9.5357;3413
2015.09.28;04:00:00;9.545;9.5256;9.5411;9.53019;11898
2015.09.28;08:00:00;9.5747;9.51978;9.5645;9.5412;19732
2015.09.28;12:00:00;9.6145;9.5598;9.5632;9.5645;23056
2015.09.28;16:00:00;9.6029;9.5412;9.5881;9.5632;22036
2015.09.28;20:00:00;9.60147;9.58345;9.5881;9.588;7998
2015.09.29;00:00:00;9.5984;9.57248;9.5973;9.58749;8030
2015.09.29;04:00:00;9.6016;9.583;9.5947;9.5974;20907
2015.09.29;08:00:00;9.62537;9.5169;9.52079;9.5946;21388
2015.09.29;12:00:00;9.56356;9.5139;9.521;9.5206;24667
2015.09.29;16:00:00;9.5546;9.4965;9.53;9.521;23247
2015.09.29;20:00:00;9.5431;9.50603;9.5316;9.5299;10811
2015.09.30;00:00:00;9.5384;9.5154;9.52422;9.5311;9031
2015.09.30;04:00:00;9.5314;9.52397;9.528;9.52508;8522
2015.09.30;08:00:00;9.5426;9.4525;9.46667;9.52828;19238
2015.09.30;12:00:00;9.5288;9.46667;9.52485;9.46667;23063
2015.09.30;16:00:00;9.5499;9.49565;9.54005;9.5249;24551
2015.09.30;20:00:00;9.5407;9.509;9.5146;9.54005;8924
2015.10.01;00:00:00;9.522;9.44671;9.5166;9.5143;5619
2015.10.01;04:00:00;9.5221;9.4969;9.5001;9.5169;8142
2015.10.01;08:00:00;9.5043;9.42463;9.4585;9.5002;19563
2015.10.01;12:00:00;9.4608;9.4315;9.4324;9.4585;21465
2015.10.01;16:00:00;9.45676;9.4017;9.442;9.4323;25134
2015.10.01;20:00:00;9.4535;9.4243;9.43188;9.4421;12888
2015.10.02;00:00:00;9.4484;9.41461;9.4409;9.42318;8214
2015.10.02;04:00:00;9.4466;9.432;9.4361;9.4409;30908
2015.10.02;08:00:00;9.45117;9.415;9.44678;9.436;18086
2015.10.02;12:00:00;9.46503;9.39033;9.4557;9.44678;20822
2015.10.02;16:00:00;9.4642;9.3896;9.3919;9.4558;26620
2015.10.02;20:00:00;9.4;9.37868;9.38806;9.392;13004
2015.10.05;00:00:00;9.4245;9.38861;9.4132;9.38863;5463
2015.10.05;04:00:00;9.4151;9.3924;9.3996;9.4133;5637
2015.10.05;08:00:00;9.40557;9.37634;9.39921;9.3996;18713
2015.10.05;12:00:00;9.4035;9.36865;9.401;9.39921;22655
2015.10.05;16:00:00;9.4178;9.38967;9.4114;9.4008;18623
2015.10.05;20:00:00;9.4164;9.39439;9.39439;9.4115;7721
2015.10.06;00:00:00;9.4237;9.39113;9.398;9.39439;6310
2015.10.06;04:00:00;9.4039;9.379;9.3863;9.398;13730
2015.10.06;08:00:00;9.4248;9.3781;9.39267;9.3864;18709
2015.10.06;12:00:00;9.39686;9.3379;9.33803;9.39267;19128
2015.10.06;16:00:00;9.3538;9.32835;9.3391;9.33803;26834
2015.10.06;20:00:00;9.36;9.31924;9.3221;9.3389;10267
2015.10.07;00:00:00;9.3336;9.31882;9.3291;9.3221;3805
2015.10.07;04:00:00;9.3394;9.326;9.3328;9.3291;29023
2015.10.07;08:00:00;9.3342;9.2471;9.26784;9.3328;21434
2015.10.07;12:00:00;9.2693;9.2365;9.2466;9.2677;21109
2015.10.07;16:00:00;9.2536;9.20303;9.2269;9.2466;23874
2015.10.07;20:00:00;9.2364;9.2181;9.22089;9.2269;10401
2015.10.08;00:00:00;9.22725;9.21773;9.2251;9.22089;2871
2015.10.08;04:00:00;9.2403;9.2215;9.2377;9.225;6532
2015.10.08;08:00:00;9.2613;9.2154;9.2292;9.2377;21533
2015.10.08;12:00:00;9.2466;9.20401;9.2044;9.2293;18992
2015.10.08;16:00:00;9.21578;9.17434;9.1874;9.2042;19361
2015.10.08;20:00:00;9.1905;9.1612;9.16937;9.1873;10907
2015.10.09;00:00:00;9.18836;9.1707;9.1849;9.17692;4517
2015.10.09;04:00:00;9.1851;9.1747;9.1784;9.1849;4932
2015.10.09;08:00:00;9.20397;9.1601;9.1846;9.17893;17916
2015.10.09;12:00:00;9.1984;9.1512;9.1906;9.1845;18853
2015.10.09;16:00:00;9.1951;9.1614;9.1724;9.1907;24043
2015.10.09;20:00:00;9.19315;9.1658;9.17685;9.1721;12984
2015.10.12;00:00:00;9.1887;9.12428;9.1849;9.17492;3882
2015.10.12;04:00:00;9.1858;9.1747;9.1829;9.1848;7016
2015.10.12;08:00:00;9.1972;9.1629;9.1883;9.183;14179
2015.10.12;12:00:00;9.1975;9.14915;9.15366;9.1883;17219
2015.10.12;16:00:00;9.1884;9.15348;9.1884;9.15366;17721
2015.10.12;20:00:00;9.2077;9.1863;9.188;9.188;6647
2015.10.13;00:00:00;9.2006;9.1793;9.192;9.1881;4680
2015.10.13;04:00:00;9.2031;9.1861;9.2018;9.1919;4791
2015.10.13;08:00:00;9.226;9.1906;9.213;9.2018;17838
2015.10.13;12:00:00;9.2854;9.208;9.2841;9.2134;22000
2015.10.13;16:00:00;9.31532;9.2204;9.2707;9.284;22641
2015.10.13;20:00:00;9.2825;9.2671;9.275;9.2708;8065
2015.10.14;00:00:00;9.27744;9.26522;9.2743;9.2738;4371
2015.10.14;04:00:00;9.2811;9.2396;9.2497;9.2742;8654
2015.10.14;08:00:00;9.2857;9.2288;9.2304;9.2497;18042
2015.10.14;12:00:00;9.2723;9.2218;9.271;9.2305;21232
2015.10.14;16:00:00;9.2818;9.2429;9.2577;9.2711;21646
2015.10.14;20:00:00;9.27233;9.2308;9.26471;9.2577;11239
2015.10.15;00:00:00;9.277;9.25218;9.2689;9.26501;5205
2015.10.15;04:00:00;9.2712;9.2593;9.2593;9.269;5010
2015.10.15;08:00:00;9.2891;9.1945;9.2159;9.2592;18669
2015.10.15;12:00:00;9.2414;9.20362;9.2147;9.2159;21302
2015.10.15;16:00:00;9.2589;9.205;9.2276;9.2149;24935
2015.10.15;20:00:00;9.2324;9.20728;9.20743;9.2274;8639
2015.10.16;00:00:00;9.22715;9.202;9.2143;9.20653;4696
2015.10.16;04:00:00;9.2215;9.2098;9.2123;9.2142;5697
2015.10.16;08:00:00;9.217;9.17414;9.1805;9.2123;15619
2015.10.16;12:00:00;9.20041;9.1768;9.18861;9.1802;17137
2015.10.16;16:00:00;9.2163;9.1722;9.2096;9.18861;23321
2015.10.16;20:00:00;9.2218;9.1938;9.2014;9.2096;8098
2015.10.19;00:00:00;9.21845;9.20183;9.20611;9.2086;3549
2015.10.19;04:00:00;9.2193;9.1972;9.1996;9.20611;7738
2015.10.19;08:00:00;9.2186;9.18831;9.1959;9.1995;14025
2015.10.19;12:00:00;9.19906;9.16848;9.19051;9.196;17581
2015.10.19;16:00:00;9.20851;9.1848;9.198;9.19051;17910
2015.10.19;20:00:00;9.2096;9.19662;9.2028;9.1979;6968
2015.10.20;00:00:00;9.2121;9.19603;9.2097;9.2028;2756
2015.10.20;04:00:00;9.2135;9.2072;9.2097;9.2097;5566
2015.10.20;08:00:00;9.2303;9.19;9.2239;9.2098;14120
2015.10.20;12:00:00;9.2587;9.22002;9.2309;9.2239;14813
2015.10.20;16:00:00;9.235;9.203;9.2183;9.231;18414
2015.10.20;20:00:00;9.2215;9.212;9.2154;9.2181;7383
2015.10.21;00:00:00;9.2299;9.20722;9.2243;9.2155;4520
2015.10.21;04:00:00;9.2318;9.2231;9.2308;9.2244;10964
2015.10.21;08:00:00;9.2797;9.22025;9.2574;9.231;20539
2015.10.21;12:00:00;9.2783;9.2246;9.2774;9.2572;18840
2015.10.21;16:00:00;9.2935;9.266;9.275;9.2772;21081
2015.10.21;20:00:00;9.2935;9.2748;9.27805;9.2751;8878
2015.10.22;00:00:00;9.2849;9.2745;9.2762;9.27923;5321
2015.10.22;04:00:00;9.2815;9.2687;9.2768;9.2747;11392
2015.10.22;08:00:00;9.28614;9.25058;9.2653;9.2769;16258
2015.10.22;12:00:00;9.28279;9.23645;9.2424;9.26528;18673
2015.10.22;16:00:00;9.24843;9.1997;9.2119;9.2424;22917
2015.10.22;20:00:00;9.2247;9.2026;9.20429;9.2117;9238
2015.10.23;00:00:00;9.21003;9.1977;9.1987;9.21003;3716
2015.10.23;04:00:00;9.2015;9.19728;9.1992;9.1987;2974
2015.10.23;08:00:00;9.2468;9.1841;9.2405;9.1989;18436
2015.10.23;12:00:00;9.2695;9.2198;9.2603;9.2405;21739
2015.10.23;16:00:00;9.2905;9.23402;9.2418;9.2599;18937
2015.10.23;20:00:00;9.2462;9.22361;9.23558;9.2416;8250
2015.10.25;23:00:00;9.23631;9.22871;9.23631;9.22882;140
2015.10.26;00:00:00;9.2582;9.23023;9.23455;9.23121;7921
2015.10.26;04:00:00;9.24018;9.2261;9.234;9.2341;7966
2015.10.26;08:00:00;9.2499;9.2038;9.2128;9.2349;17057
2015.10.26;12:00:00;9.2298;9.20144;9.21839;9.2127;16823
2015.10.26;16:00:00;9.2222;9.20057;9.2056;9.21855;19241
2015.10.26;20:00:00;9.22921;9.199;9.2056;9.2055;5763
2015.10.27;00:00:00;9.2109;9.2057;9.2105;9.2064;4270
2015.10.27;04:00:00;9.2337;9.20873;9.2281;9.2106;6085
2015.10.27;08:00:00;9.2845;9.2244;9.28065;9.2282;16511
2015.10.27;12:00:00;9.36307;9.28065;9.33373;9.28065;22513
2015.10.27;16:00:00;9.356;9.30906;9.3395;9.33373;18554
2015.10.27;20:00:00;9.3526;9.32169;9.33943;9.3396;6637
2015.10.28;00:00:00;9.34768;9.3319;9.3408;9.33768;6560
2015.10.28;04:00:00;9.3535;9.3359;9.3514;9.3409;4218
2015.10.28;08:00:00;9.4003;9.34211;9.4002;9.3515;18188
2015.10.28;12:00:00;9.46511;9.399;9.4184;9.4002;25449
2015.10.28;16:00:00;9.4183;9.3432;9.35218;9.4183;22599
2015.10.28;20:00:00;9.37176;9.3442;9.35393;9.35198;12044
2015.10.29;00:00:00;9.3651;9.3498;9.3592;9.359;4861
2015.10.29;04:00:00;9.36434;9.3556;9.3619;9.3593;3852
2015.10.29;08:00:00;9.3944;9.34812;9.3709;9.3618;21213
2015.10.29;12:00:00;9.4095;9.35593;9.3902;9.3714;24248
2015.10.29;16:00:00;9.4145;9.369;9.40518;9.3902;20320
2015.10.29;20:00:00;9.4169;9.39155;9.4009;9.40571;6362
2015.10.30;00:00:00;9.4073;9.3971;9.3977;9.4014;5053
2015.10.30;04:00:00;9.4021;9.3938;9.4012;9.3977;6694
2015.10.30;08:00:00;9.4628;9.3881;9.42082;9.4011;18535
2015.10.30;12:00:00;9.4344;9.3834;9.40798;9.41944;24080
2015.10.30;16:00:00;9.40802;9.3283;9.3382;9.40797;20989
2015.10.30;20:00:00;9.35479;9.32928;9.3334;9.3381;7064
2015.11.02;00:00:00;9.3516;9.3246;9.34255;9.33534;3887
2015.11.02;04:00:00;9.3534;9.3388;9.3511;9.34332;2842
2015.11.02;08:00:00;9.3543;9.2829;9.29259;9.3512;14872
2015.11.02;12:00:00;9.3463;9.29021;9.3436;9.2924;21718
2015.11.02;16:00:00;9.3584;9.3389;9.3518;9.3436;19096
2015.11.02;20:00:00;9.3586;9.34083;9.34103;9.3519;7138
2015.11.03;00:00:00;9.353;9.3376;9.342;9.34034;4154
2015.11.03;04:00:00;9.345;9.33662;9.343;9.342;3929
2015.11.03;08:00:00;9.3745;9.34017;9.35116;9.3431;15917
2015.11.03;12:00:00;9.3538;9.32725;9.3416;9.35116;19348
2015.11.03;16:00:00;9.35;9.321;9.3215;9.3417;21486
2015.11.03;20:00:00;9.3309;9.3108;9.31575;9.3216;7335
2015.11.04;00:00:00;9.3294;9.3117;9.3136;9.3171;4613
2015.11.04;04:00:00;9.3173;9.3115;9.3158;9.3138;6922
2015.11.04;08:00:00;9.3304;9.3049;9.3142;9.3159;17466
2015.11.04;12:00:00;9.3326;9.3051;9.3321;9.3143;18563
2015.11.04;16:00:00;9.39204;9.32306;9.3867;9.332;25227
2015.11.04;20:00:00;9.3964;9.36224;9.36224;9.3868;7500
2015.11.05;00:00:00;9.412;9.3731;9.4023;9.37687;3912
2015.11.05;04:00:00;9.4088;9.39324;9.4075;9.4023;5139
2015.11.05;08:00:00;9.4163;9.3055;9.3163;9.4072;19557
2015.11.05;12:00:00;9.3228;9.2838;9.3101;9.31622;21710
2015.11.05;16:00:00;9.3253;9.2868;9.2897;9.31;19692
2015.11.05;20:00:00;9.31015;9.2894;9.30373;9.2896;5673
2015.11.06;00:00:00;9.3093;9.28813;9.3068;9.30368;3009
2015.11.06;04:00:00;9.3122;9.2999;9.3086;9.3069;4373
2015.11.06;08:00:00;9.3225;9.2624;9.294;9.3087;16559
2015.11.06;12:00:00;9.3024;9.2638;9.2763;9.2941;19867
2015.11.06;16:00:00;9.32255;9.26675;9.2976;9.276;25049
2015.11.06;20:00:00;9.309;9.28758;9.29113;9.2975;10789
2015.11.09;00:00:00;9.2958;9.26961;9.2918;9.28142;5808
2015.11.09;04:00:00;9.301;9.2898;9.2931;9.2917;3575
2015.11.09;08:00:00;9.316;9.2682;9.29709;9.2932;15330
2015.11.09;12:00:00;9.3037;9.2765;9.2931;9.2959;20348
2015.11.09;16:00:00;9.3236;9.2903;9.3169;9.293;22935
2015.11.09;20:00:00;9.3182;9.3061;9.31118;9.3166;7446
2015.11.10;00:00:00;9.3146;9.2893;9.3034;9.31158;5452
2015.11.10;04:00:00;9.3051;9.2849;9.29368;9.3032;5561
2015.11.10;08:00:00;9.33993;9.28389;9.33628;9.29368;17518
2015.11.10;12:00:00;9.34109;9.2688;9.2752;9.33635;20579
2015.11.10;16:00:00;9.27849;9.2319;9.2442;9.2753;19075
2015.11.10;20:00:00;9.252;9.2323;9.24293;9.2443;7404
2015.11.11;00:00:00;9.2487;9.2306;9.2396;9.24413;6972
2015.11.11;04:00:00;9.2549;9.2396;9.2496;9.2396;5573
2015.11.11;08:00:00;9.2564;9.2315;9.2401;9.2495;15778
2015.11.11;12:00:00;9.24191;9.2161;9.2214;9.24;19674
2015.11.11;16:00:00;9.255;9.2153;9.2484;9.2212;20924
2015.11.11;20:00:00;9.2567;9.23775;9.23775;9.2484;7608
2015.11.12;00:00:00;9.2665;9.23735;9.2658;9.23735;4572
2015.11.12;04:00:00;9.2802;9.2604;9.2797;9.2657;2890
2015.11.12;08:00:00;9.3188;9.2625;9.3035;9.2796;21632
2015.11.12;12:00:00;9.3416;9.2903;9.327;9.3035;22199
2015.11.12;16:00:00;9.3765;9.3123;9.3652;9.3271;22726
2015.11.12;20:00:00;9.3858;9.3534;9.35359;9.3651;10506
2015.11.13;00:00:00;9.3812;9.35348;9.3782;9.35364;6093
2015.11.13;04:00:00;9.3812;9.3745;9.3805;9.3783;4394
2015.11.13;08:00:00;9.3862;9.3287;9.3352;9.3805;19520
2015.11.13;12:00:00;9.354;9.31306;9.3366;9.3352;21808
2015.11.13;16:00:00;9.3585;9.3282;9.3348;9.3371;19664
2015.11.13;20:00:00;9.35255;9.3273;9.3403;9.3347;7917
2015.11.16;00:00:00;9.3419;9.32792;9.33;9.34101;4193
2015.11.16;04:00:00;9.33595;9.32968;9.3353;9.3299;4626
2015.11.16;08:00:00;9.3573;9.2984;9.31141;9.3353;16151
2015.11.16;12:00:00;9.3241;9.28895;9.3121;9.31141;20161
2015.11.16;16:00:00;9.3249;9.2757;9.2827;9.3121;20242
2015.11.16;20:00:00;9.2948;9.2791;9.2906;9.2827;7097
2015.11.17;00:00:00;9.3071;9.28345;9.2899;9.2906;3756
2015.11.17;04:00:00;9.2937;9.2804;9.2873;9.2899;5020
2015.11.17;08:00:00;9.2961;9.23306;9.24178;9.2873;17085
2015.11.17;12:00:00;9.2556;9.22355;9.2306;9.24196;18974
2015.11.17;16:00:00;9.24403;9.221;9.2355;9.2307;23004
2015.11.17;20:00:00;9.2435;9.2252;9.2328;9.2354;8683
2015.11.18;00:00:00;9.2471;9.2236;9.2464;9.2329;3450
2015.11.18;04:00:00;9.2524;9.2426;9.2507;9.2463;6660
2015.11.18;08:00:00;9.2608;9.222;9.2283;9.2507;15929
2015.11.18;12:00:00;9.2343;9.1958;9.226;9.2286;17196
2015.11.18;16:00:00;9.27692;9.2166;9.2644;9.2258;21465
2015.11.18;20:00:00;9.2718;9.2323;9.2351;9.2642;12317
2015.11.19;00:00:00;9.2459;9.23194;9.2411;9.2352;5010
2015.11.19;04:00:00;9.2485;9.2355;9.2404;9.2411;8730
2015.11.19;08:00:00;9.2512;9.2314;9.2411;9.2402;16410
2015.11.19;12:00:00;9.2601;9.2324;9.2478;9.2412;18422
2015.11.19;16:00:00;9.2528;9.2184;9.2315;9.2479;21032
2015.11.19;20:00:00;9.2403;9.22166;9.22198;9.2315;7708
2015.11.20;00:00:00;9.23745;9.21665;9.2276;9.22683;4741
2015.11.20;04:00:00;9.2299;9.22376;9.2265;9.2276;6031
2015.11.20;08:00:00;9.2367;9.1984;9.2073;9.2265;20036
2015.11.20;12:00:00;9.2115;9.1841;9.18886;9.20715;18358
2015.11.20;16:00:00;9.2003;9.17647;9.188;9.18886;17284
2015.11.20;20:00:00;9.20112;9.1753;9.18295;9.188;8207
2015.11.23;00:00:00;9.1879;9.17578;9.1817;9.18075;3230
2015.11.23;04:00:00;9.1988;9.17811;9.18539;9.1817;9305
2015.11.23;08:00:00;9.2319;9.18161;9.21732;9.18539;15688
2015.11.23;12:00:00;9.2252;9.16113;9.1797;9.21732;24162
2015.11.23;16:00:00;9.2068;9.1739;9.2066;9.18;21837
2015.11.23;20:00:00;9.2065;9.1963;9.1976;9.2065;6162
2015.11.24;00:00:00;9.203;9.19081;9.1994;9.1971;3389
2015.11.24;04:00:00;9.2033;9.1896;9.195;9.1993;2722
2015.11.24;08:00:00;9.23289;9.1908;9.2093;9.1951;19207
2015.11.24;12:00:00;9.2178;9.19855;9.2131;9.2094;17108
2015.11.24;16:00:00;9.2132;9.1864;9.2015;9.2132;19896
2015.11.24;20:00:00;9.2032;9.1939;9.1984;9.2015;7050
2015.11.25;00:00:00;9.2106;9.1906;9.2063;9.1986;4973
2015.11.25;04:00:00;9.2076;9.1885;9.1959;9.2063;7766
2015.11.25;08:00:00;9.2217;9.1715;9.1816;9.196;18455
2015.11.25;12:00:00;9.19274;9.1528;9.1766;9.1815;23087
2015.11.25;16:00:00;9.2041;9.16885;9.18466;9.1768;22955
2015.11.25;20:00:00;9.1944;9.1778;9.1779;9.18469;6154
2015.11.26;00:00:00;9.1847;9.17225;9.1793;9.1773;4749
2015.11.26;04:00:00;9.1845;9.1743;9.184;9.1794;5875
2015.11.26;08:00:00;9.19399;9.1643;9.1649;9.1839;13788
2015.11.26;12:00:00;9.19424;9.1465;9.1887;9.1649;15697
2015.11.26;16:00:00;9.1962;9.1793;9.1864;9.1887;12989
2015.11.26;20:00:00;9.1928;9.1824;9.1852;9.1864;4073
2015.11.27;00:00:00;9.188;9.17053;9.185;9.186;4153
2015.11.27;04:00:00;9.1937;9.1806;9.1935;9.1851;4613
2015.11.27;08:00:00;9.2114;9.18814;9.1972;9.1934;16316
2015.11.27;12:00:00;9.21229;9.1792;9.1916;9.1972;20036
2015.11.27;16:00:00;9.2159;9.1891;9.2136;9.1916;15554
2015.11.27;20:00:00;9.2167;9.20866;9.2145;9.2136;3122
2015.11.30;00:00:00;9.2114;9.18608;9.2039;9.19635;3724
2015.11.30;04:00:00;9.2126;9.20296;9.2105;9.2039;4048
2015.11.30;08:00:00;9.22512;9.19492;9.20714;9.2106;14511
2015.11.30;12:00:00;9.2119;9.1813;9.1816;9.20714;15798
2015.11.30;16:00:00;9.1878;9.16209;9.1821;9.1816;19805
2015.11.30;20:00:00;9.1913;9.1736;9.17667;9.1823;9676
2015.12.01;00:00:00;9.1892;9.17345;9.1779;9.17723;4375
2015.12.01;04:00:00;9.178;9.15489;9.1592;9.178;6719
2015.12.01;08:00:00;9.19245;9.1522;9.18732;9.1592;17984
2015.12.01;12:00:00;9.2261;9.1866;9.2241;9.1874;17049
2015.12.01;16:00:00;9.2269;9.1713;9.1737;9.2239;19917
2015.12.01;20:00:00;9.1793;9.1587;9.1662;9.1737;8517
2015.12.02;00:00:00;9.17221;9.15721;9.1631;9.1661;5151
2015.12.02;04:00:00;9.1675;9.16165;9.1647;9.1632;4387
2015.12.02;08:00:00;9.1769;9.1549;9.1608;9.1647;14464
2015.12.02;12:00:00;9.1612;9.11295;9.1444;9.1612;17958
2015.12.02;16:00:00;9.16865;9.08829;9.1633;9.1445;23735
2015.12.02;20:00:00;9.1896;9.1552;9.1837;9.1632;11634
2015.12.03;00:00:00;9.1866;9.1638;9.1709;9.1834;4969
2015.12.03;04:00:00;9.1781;9.1443;9.14492;9.171;10456
2015.12.03;08:00:00;9.173;9.1379;9.1439;9.14533;16697
2015.12.03;12:00:00;9.26949;9.13681;9.2472;9.1439;27146
2015.12.03;16:00:00;9.28874;9.22743;9.2565;9.2474;23508
2015.12.03;20:00:00;9.3262;9.2514;9.26948;9.2565;13235
2015.12.04;00:00:00;9.2943;9.26835;9.2831;9.26973;10912
2015.12.04;04:00:00;9.2892;9.26806;9.2734;9.2832;9499
2015.12.04;08:00:00;9.30607;9.24197;9.2581;9.2733;21800
2015.12.04;12:00:00;9.3022;9.2383;9.2941;9.2581;25262
2015.12.04;16:00:00;9.31387;9.2311;9.2489;9.2942;29219
2015.12.04;20:00:00;9.2813;9.2457;9.26625;9.2489;11009
2015.12.07;00:00:00;9.28748;9.25606;9.2733;9.25622;9568
2015.12.07;04:00:00;9.27503;9.2673;9.274;9.2732;9880
2015.12.07;08:00:00;9.3259;9.2709;9.3253;9.274;18708
2015.12.07;12:00:00;9.3616;9.3153;9.35767;9.325;19447
2015.12.07;16:00:00;9.4076;9.3509;9.3973;9.35767;21767
2015.12.07;20:00:00;9.4075;9.3796;9.37975;9.397;11743
2015.12.08;00:00:00;9.3898;9.3733;9.3867;9.37985;9189
2015.12.08;04:00:00;9.3945;9.3825;9.3938;9.3866;11139
2015.12.08;08:00:00;9.4367;9.38138;9.4279;9.3939;23274
2015.12.08;12:00:00;9.6056;9.4157;9.58908;9.428;28684
2015.12.08;16:00:00;9.5951;9.5305;9.5553;9.58908;27816
2015.12.08;20:00:00;9.573;9.54787;9.5587;9.5554;10302
2015.12.09;00:00:00;9.57089;9.53574;9.5386;9.56;4183
2015.12.09;04:00:00;9.5453;9.5319;9.5377;9.5387;10741
2015.12.09;08:00:00;9.5624;9.51976;9.5523;9.5375;19400
2015.12.09;12:00:00;9.55517;9.5067;9.5404;9.5523;23811
2015.12.09;16:00:00;9.567;9.4925;9.5638;9.5405;26003
2015.12.09;20:00:00;9.5923;9.5392;9.55345;9.5637;15888
2015.12.10;00:00:00;9.5565;9.5443;9.5457;9.5532;6337
2015.12.10;04:00:00;9.5481;9.53751;9.5423;9.5458;3813
2015.12.10;08:00:00;9.5426;9.4488;9.463;9.5424;19448
2015.12.10;12:00:00;9.4751;9.4239;9.4576;9.4631;24954
2015.12.10;16:00:00;9.4659;9.4305;9.4627;9.4576;26887
2015.12.10;20:00:00;9.4755;9.44515;9.44515;9.4628;11571
2015.12.11;00:00:00;9.4612;9.4351;9.4569;9.445;4408
2015.12.11;04:00:00;9.4829;9.4542;9.4797;9.4569;4055
2015.12.11;08:00:00;9.5316;9.45101;9.5127;9.4797;17342
2015.12.11;12:00:00;9.5607;9.51152;9.5264;9.5127;26788
2015.12.11;16:00:00;9.5822;9.5203;9.5616;9.5265;28653
2015.12.11;20:00:00;9.5684;9.5187;9.5206;9.5615;14763
2015.12.14;00:00:00;9.5557;9.51295;9.5338;9.53891;6228
2015.12.14;04:00:00;9.5453;9.52869;9.5341;9.5339;14677
2015.12.14;08:00:00;9.5383;9.4513;9.4713;9.5359;20693
2015.12.14;12:00:00;9.5951;9.4694;9.53887;9.4711;25927
2015.12.14;16:00:00;9.58436;9.52019;9.5307;9.53887;30710
2015.12.14;20:00:00;9.5421;9.5023;9.51186;9.5308;11241
2015.12.15;00:00:00;9.5306;9.5019;9.5247;9.52098;6216
2015.12.15;04:00:00;9.5307;9.516;9.5306;9.5246;6248
2015.12.15;08:00:00;9.5946;9.48237;9.5083;9.5305;20981
2015.12.15;12:00:00;9.51505;9.48428;9.4964;9.5063;22198
2015.12.15;16:00:00;9.52195;9.46604;9.4794;9.4964;26822
2015.12.15;20:00:00;9.4795;9.4794;9.4795;9.4794;7
