DATE;TIME;HIGH;LOW;CLOSE;OPEN;VOLUME
2015.04.27;12:00:00;4.0191;3.9954;3.99729;4.01821;10728
2015.04.27;16:00:00;4.00232;3.9823;3.98738;3.99727;11594
2015.04.27;20:00:00;3.98824;3.9844;3.9852;3.98728;989
2015.04.28;00:00:00;3.98635;3.98368;3.9861;3.98493;7017
2015.04.28;04:00:00;3.98628;3.98515;3.98549;3.98576;15294
2015.04.28;08:00:00;4.00743;3.9834;4.00471;3.98544;11549
2015.04.28;12:00:00;4.00574;3.9943;3.99913;4.00471;11464
2015.04.28;16:00:00;4.00954;3.991;3.99209;3.99912;10881
2015.04.28;20:00:00;3.99735;3.9908;3.9912;3.99202;3374
2015.04.29;00:00:00;3.99476;3.9902;3.99463;3.9908;596
2015.04.29;04:00:00;3.99529;3.99335;3.99344;3.99466;611
2015.04.29;08:00:00;4.00447;3.99285;4.0038;3.99336;7340
2015.04.29;12:00:00;4.01941;4.00347;4.01536;4.0038;14071
2015.04.29;16:00:00;4.02076;4.00309;4.01667;4.01532;19391
2015.04.29;20:00:00;4.01875;4.0015;4.00622;4.01653;3728
2015.04.30;00:00:00;4.00786;4.00311;4.0042;4.00688;626
2015.04.30;04:00:00;4.01;4.0018;4.0031;4.00393;780
2015.04.30;08:00:00;4.0407;4.0023;4.0317;4.0031;8549
2015.04.30;12:00:00;4.03314;4.01561;4.02194;4.0317;17334
2015.04.30;16:00:00;4.0462;4.01985;4.0364;4.02191;21207
2015.04.30;20:00:00;4.04542;4.0332;4.0332;4.03608;5732
2015.05.01;00:00:00;4.0369;4.00436;4.03131;4.03649;2364
2015.05.01;04:00:00;4.03181;4.017;4.03;4.02941;1167
2015.05.01;08:00:00;4.04199;4.02703;4.03931;4.0294;5877
2015.05.01;12:00:00;4.0567;4.03919;4.0567;4.03923;7687
2015.05.01;16:00:00;4.07462;4.05569;4.072;4.0567;6892
2015.05.01;20:00:00;4.0718;4.06003;4.0654;4.0718;2099
2015.05.04;00:00:00;4.06101;4.05281;4.05712;4.05281;171
2015.05.04;04:00:00;4.05858;4.0572;4.05826;4.05842;572
2015.05.04;08:00:00;4.0649;4.041;4.04461;4.05788;6889
2015.05.04;12:00:00;4.04536;4.03673;4.0406;4.0445;6469
2015.05.04;16:00:00;4.0411;4.023;4.0262;4.0406;3776
2015.05.04;20:00:00;4.0317;4.02567;4.026;4.0263;1857
2015.05.05;00:00:00;4.02651;4.02263;4.02619;4.0257;347
2015.05.05;04:00:00;4.0297;4.02614;4.02824;4.02618;1519
2015.05.05;08:00:00;4.03167;4.01371;4.0162;4.0283;10226
2015.05.05;12:00:00;4.01997;4.01098;4.01969;4.0162;12869
2015.05.05;16:00:00;4.0377;4.01686;4.0287;4.01976;17124
2015.05.05;20:00:00;4.0316;4.0259;4.0261;4.02853;1494
2015.05.06;00:00:00;4.02946;4.0264;4.02895;4.027;306
2015.05.06;04:00:00;4.02939;4.0267;4.0269;4.02894;681
2015.05.06;08:00:00;4.0597;4.0269;4.0523;4.0274;16103
2015.05.06;12:00:00;4.05778;4.04029;4.05176;4.0523;23018
2015.05.06;16:00:00;4.06109;4.0361;4.04011;4.05176;21504
2015.05.06;20:00:00;4.0455;4.0381;4.0408;4.04018;1883
2015.05.07;00:00:00;4.04305;4.0406;4.04228;4.0407;1141
2015.05.07;04:00:00;4.04445;4.04214;4.043;4.04226;543
2015.05.07;08:00:00;4.07634;4.0429;4.06672;4.04301;13266
2015.05.07;12:00:00;4.0843;4.03884;4.04879;4.06673;17733
2015.05.07;16:00:00;4.05373;4.0367;4.0449;4.04879;12605
2015.05.07;20:00:00;4.04656;4.04076;4.04116;4.04482;1403
2015.05.08;00:00:00;4.04282;4.04009;4.04208;4.04109;697
2015.05.08;04:00:00;4.04297;4.04021;4.0409;4.04211;1566
2015.05.08;08:00:00;4.0555;4.03324;4.0534;4.0416;13491
2015.05.08;12:00:00;4.0761;4.0528;4.0639;4.05341;16941
2015.05.08;16:00:00;4.06404;4.0431;4.0438;4.06397;9489
2015.05.08;20:00:00;4.0463;4.04034;4.0428;4.0438;1134
2015.05.11;00:00:00;4.06545;4.055;4.0562;4.05928;816
2015.05.11;04:00:00;4.06153;4.0543;4.05932;4.05613;775
2015.05.11;08:00:00;4.07535;4.0548;4.07527;4.05934;8521
2015.05.11;12:00:00;4.07529;4.0607;4.06666;4.07516;11706
2015.05.11;16:00:00;4.0747;4.06132;4.07402;4.0667;11640
2015.05.11;20:00:00;4.08395;4.0737;4.07554;4.07409;1715
2015.05.12;00:00:00;4.07838;4.07331;4.07821;4.07581;666
2015.05.12;04:00:00;4.08029;4.07641;4.07967;4.07822;851
2015.05.12;08:00:00;4.10256;4.07533;4.09975;4.07963;16186
2015.05.12;12:00:00;4.1054;4.08499;4.09831;4.09952;16717
2015.05.12;16:00:00;4.1102;4.09109;4.09518;4.09827;16121
2015.05.12;20:00:00;4.0992;4.09452;4.0959;4.09521;1651
2015.05.13;00:00:00;4.09801;4.09059;4.09792;4.0958;627
2015.05.13;04:00:00;4.09797;4.09676;4.09728;4.09791;552
2015.05.13;08:00:00;4.09832;4.06784;4.0735;4.09727;14331
2015.05.13;12:00:00;4.08755;4.06653;4.07372;4.0735;20075
2015.05.13;16:00:00;4.09592;4.0692;4.09586;4.07335;18028
2015.05.13;20:00:00;4.09816;4.09119;4.0949;4.09588;1613
2015.05.14;00:00:00;4.0983;4.0883;4.09174;4.0949;760
2015.05.14;04:00:00;4.09301;4.09058;4.09139;4.09246;1521
2015.05.14;08:00:00;4.10571;4.08782;4.09296;4.09138;12585
2015.05.14;12:00:00;4.09861;4.07011;4.07162;4.09299;17605
2015.05.14;16:00:00;4.07322;4.06102;4.06537;4.07176;13194
2015.05.14;20:00:00;4.06914;4.0636;4.0637;4.06533;1844
2015.05.15;00:00:00;4.06617;4.06245;4.06573;4.0636;532
2015.05.15;04:00:00;4.06927;4.06194;4.06306;4.06572;1027
2015.05.15;08:00:00;4.06881;4.0442;4.05509;4.06269;11742
2015.05.15;12:00:00;4.05519;4.03598;4.0466;4.05511;13426
2015.05.15;16:00:00;4.05766;4.0451;4.0465;4.04628;13394
2015.05.15;20:00:00;4.0468;4.03315;4.03315;4.04644;1939
2015.05.18;00:00:00;4.03832;4.01991;4.03757;4.03516;302
2015.05.18;04:00:00;4.04353;4.03609;4.04229;4.03779;1014
2015.05.18;08:00:00;4.04766;4.0356;4.043;4.04235;8646
2015.05.18;12:00:00;4.06089;4.04166;4.05979;4.043;14123
2015.05.18;16:00:00;4.07581;4.05434;4.06914;4.05979;10243
2015.05.18;20:00:00;4.07375;4.06756;4.069;4.06921;1470
2015.05.19;00:00:00;4.07305;4.069;4.07243;4.069;1159
2015.05.19;04:00:00;4.073;4.07028;4.07179;4.07247;1134
2015.05.19;08:00:00;4.07453;4.03513;4.0443;4.07182;16223
2015.05.19;12:00:00;4.0592;4.04081;4.05402;4.0446;19416
2015.05.19;16:00:00;4.06563;4.04623;4.04678;4.05402;18574
2015.05.19;20:00:00;4.05017;4.0434;4.0461;4.0467;3264
2015.05.20;00:00:00;4.05023;4.0458;4.04934;4.04586;598
2015.05.20;04:00:00;4.05031;4.0472;4.0474;4.04937;1163
2015.05.20;08:00:00;4.0601;4.04395;4.0584;4.04745;14679
2015.05.20;12:00:00;4.0728;4.04638;4.07195;4.0584;12620
2015.05.20;16:00:00;4.08497;4.07179;4.07987;4.07185;14323
2015.05.20;20:00:00;4.08131;4.07085;4.0724;4.07981;3860
2015.05.21;00:00:00;4.08303;4.0698;4.08163;4.07176;801
2015.05.21;04:00:00;4.08401;4.0711;4.0828;4.08177;782
2015.05.21;08:00:00;4.08733;4.0743;4.08255;4.0827;16214
2015.05.21;12:00:00;4.10179;4.0821;4.09974;4.08262;17275
2015.05.21;16:00:00;4.1044;4.0885;4.0903;4.09976;15810
2015.05.21;20:00:00;4.0966;4.08975;4.0934;4.09025;1500
2015.05.22;00:00:00;4.094;4.0861;4.09007;4.0927;440
2015.05.22;04:00:00;4.09512;4.0893;4.09491;4.09007;768
2015.05.22;08:00:00;4.09721;4.0862;4.0962;4.09499;11670
2015.05.22;12:00:00;4.1037;4.0924;4.09825;4.09623;12521
2015.05.22;16:00:00;4.10645;4.08973;4.10252;4.09822;12112
2015.05.22;20:00:00;4.1088;4.099;4.1043;4.10271;1715
2015.05.25;00:00:00;4.1363;4.11541;4.1282;4.11541;866
2015.05.25;04:00:00;4.1284;4.12405;4.1268;4.1281;4341
2015.05.25;08:00:00;4.13101;4.10847;4.11223;4.1273;5267
2015.05.25;12:00:00;4.1136;4.1009;4.10235;4.11222;4351
2015.05.25;16:00:00;4.10435;4.0968;4.0992;4.10236;2669
2015.05.25;20:00:00;4.10173;4.099;4.09917;4.0993;367
2015.05.26;00:00:00;4.10224;4.09793;4.10003;4.09917;643
2015.05.26;04:00:00;4.1033;4.0985;4.10148;4.10004;1891
2015.05.26;08:00:00;4.1284;4.0984;4.12587;4.10152;15097
2015.05.26;12:00:00;4.14623;4.1245;4.1413;4.12568;17472
2015.05.26;16:00:00;4.15094;4.13667;4.15072;4.1413;16838
2015.05.26;20:00:00;4.15278;4.142;4.14335;4.15071;2784
2015.05.27;00:00:00;4.14633;4.13718;4.14094;4.14216;2418
2015.05.27;04:00:00;4.14831;4.14082;4.14741;4.14687;737
2015.05.27;08:00:00;4.15065;4.1214;4.1378;4.1476;13141
2015.05.27;12:00:00;4.14092;4.12986;4.13662;4.13776;14912
2015.05.27;16:00:00;4.14123;4.12021;4.12486;4.13663;17880
2015.05.27;20:00:00;4.12623;4.1229;4.124;4.12493;1140
2015.05.28;00:00:00;4.12627;4.12354;4.12602;4.12354;646
2015.05.28;04:00:00;4.12679;4.12373;4.12607;4.12596;936
2015.05.28;08:00:00;4.14124;4.12088;4.1369;4.12606;12122
2015.05.28;12:00:00;4.14154;4.12358;4.12526;4.1369;16791
2015.05.28;16:00:00;4.1414;4.12484;4.13982;4.12526;16345
2015.05.28;20:00:00;4.14069;4.13683;4.13683;4.13968;3013
2015.05.29;00:00:00;4.1411;4.1366;4.13942;4.13674;1248
2015.05.29;04:00:00;4.14093;4.118;4.12168;4.13837;3452
2015.05.29;08:00:00;4.1374;4.12146;4.12888;4.1221;10311
2015.05.29;12:00:00;4.13352;4.1197;4.12244;4.12891;11319
2015.05.29;16:00:00;4.1248;4.1049;4.1086;4.12243;10769
2015.05.29;20:00:00;4.1103;4.1067;4.1067;4.1085;1274
2015.06.01;00:00:00;4.10926;4.104;4.1059;4.10762;614
2015.06.01;04:00:00;4.10936;4.1058;4.108;4.10758;496
2015.06.01;08:00:00;4.12755;4.10745;4.12374;4.10809;10372
2015.06.01;12:00:00;4.1317;4.1169;4.11774;4.12377;17416
2015.06.01;16:00:00;4.12824;4.11654;4.11951;4.11779;14375
2015.06.01;20:00:00;4.1192;4.1115;4.11189;4.1192;2353
2015.06.02;00:00:00;4.11513;4.1114;4.11473;4.11189;543
2015.06.02;04:00:00;4.11482;4.11387;4.11462;4.11447;606
2015.06.02;08:00:00;4.13566;4.1125;4.134;4.11457;7759
2015.06.02;12:00:00;4.13681;4.12541;4.1276;4.1337;14495
2015.06.02;16:00:00;4.1288;4.11385;4.1225;4.1277;5784
2015.06.02;20:00:00;4.1229;4.11608;4.1161;4.1224;783
2015.06.03;00:00:00;4.1168;4.1159;4.11613;4.1161;318
2015.06.03;04:00:00;4.1166;4.11606;4.1163;4.11612;200
2015.06.03;08:00:00;4.13279;4.1151;4.1282;4.1167;6656
2015.06.03;12:00:00;4.13008;4.1184;4.12618;4.1276;9889
2015.06.03;16:00:00;4.1558;4.123;4.15384;4.12615;14965
2015.06.03;20:00:00;4.1614;4.1534;4.1604;4.15379;1341
2015.06.04;00:00:00;4.1615;4.1573;4.15796;4.1603;443
2015.06.04;04:00:00;4.15889;4.1556;4.15703;4.15794;511
2015.06.04;08:00:00;4.19151;4.15307;4.18053;4.15706;11332
2015.06.04;12:00:00;4.18606;4.163;4.16788;4.18055;13437
2015.06.04;16:00:00;4.16879;4.1547;4.1573;4.16789;12191
2015.06.04;20:00:00;4.1726;4.15678;4.1676;4.1573;3211
2015.06.05;00:00:00;4.1717;4.15595;4.15715;4.1675;4081
2015.06.05;04:00:00;4.16947;4.15656;4.16475;4.15715;6799
2015.06.05;08:00:00;4.1695;4.1543;4.1579;4.16478;11522
2015.06.05;12:00:00;4.1622;4.1407;4.15983;4.1579;12821
2015.06.05;16:00:00;4.1635;4.148;4.15547;4.15993;11155
2015.06.05;20:00:00;4.16182;4.14687;4.14952;4.15564;1929
2015.06.08;00:00:00;4.15883;4.14568;4.15549;4.14973;1113
2015.06.08;04:00:00;4.15808;4.15462;4.15618;4.15541;742
2015.06.08;08:00:00;4.1638;4.15034;4.15405;4.15624;8636
2015.06.08;12:00:00;4.1586;4.14938;4.1564;4.15431;12073
2015.06.08;16:00:00;4.17296;4.15602;4.17148;4.1564;14367
2015.06.08;20:00:00;4.17333;4.16939;4.17302;4.17154;4976
2015.06.09;00:00:00;4.17385;4.17274;4.17353;4.17302;612
2015.06.09;04:00:00;4.17704;4.172;4.17667;4.17348;956
2015.06.09;08:00:00;4.17674;4.16069;4.16835;4.17665;13076
2015.06.09;12:00:00;4.17012;4.1627;4.16718;4.16844;15992
2015.06.09;16:00:00;4.17201;4.16018;4.16871;4.16722;16942
2015.06.09;20:00:00;4.1746;4.16824;4.1732;4.16855;1528
2015.06.10;00:00:00;4.1741;4.1724;4.17301;4.1733;305
2015.06.10;04:00:00;4.1733;4.1719;4.172;4.173;781
2015.06.10;08:00:00;4.1734;4.1559;4.15793;4.1723;10822
2015.06.10;12:00:00;4.16161;4.14438;4.14522;4.15793;19111
2015.06.10;16:00:00;4.14605;4.1299;4.13618;4.14518;22470
2015.06.10;20:00:00;4.14091;4.13456;4.13764;4.13624;5433
2015.06.11;00:00:00;4.14124;4.1328;4.13364;4.13673;2170
2015.06.11;04:00:00;4.13411;4.13135;4.1325;4.13368;907
2015.06.11;08:00:00;4.15181;4.13184;4.1458;4.1325;10369
2015.06.11;12:00:00;4.1469;4.125;4.12846;4.1458;16650
2015.06.11;16:00:00;4.13932;4.12532;4.13546;4.1285;16902
2015.06.11;20:00:00;4.13586;4.12767;4.12899;4.13551;3323
2015.06.12;00:00:00;4.13288;4.1268;4.12958;4.12787;2438
2015.06.12;04:00:00;4.13652;4.12779;4.12859;4.12949;7056
2015.06.12;08:00:00;4.14149;4.1273;4.13903;4.12857;12697
2015.06.12;12:00:00;4.1479;4.13388;4.14503;4.13894;11947
2015.06.12;16:00:00;4.1542;4.1386;4.1391;4.14506;15889
2015.06.12;20:00:00;4.14003;4.13061;4.13847;4.13916;2421
2015.06.15;00:00:00;4.14018;4.13554;4.13635;4.13883;809
2015.06.15;04:00:00;4.14774;4.1329;4.14449;4.13635;7122
2015.06.15;08:00:00;4.1539;4.14;4.1469;4.1449;11791
2015.06.15;12:00:00;4.16143;4.14238;4.1557;4.1468;13179
2015.06.15;16:00:00;4.15718;4.14704;4.15471;4.1557;11458
2015.06.15;20:00:00;4.15552;4.14626;4.1507;4.1546;4367
2015.06.16;00:00:00;4.15143;4.14682;4.14818;4.1498;2960
2015.06.16;04:00:00;4.15001;4.14598;4.14852;4.14815;7150
2015.06.16;08:00:00;4.1631;4.1468;4.1573;4.1487;7548
2015.06.16;12:00:00;4.1573;4.13954;4.13964;4.1573;15446
2015.06.16;16:00:00;4.14555;4.13536;4.13975;4.13964;11616
2015.06.16;20:00:00;4.1458;4.13612;4.13933;4.13963;3543
2015.06.17;00:00:00;4.14309;4.13698;4.14307;4.13698;2396
2015.06.17;04:00:00;4.14453;4.1415;4.1444;4.1415;657
2015.06.17;08:00:00;4.15477;4.1438;4.149;4.1447;12874
2015.06.17;12:00:00;4.15666;4.14841;4.14946;4.1493;12993
2015.06.17;16:00:00;4.17102;4.1484;4.16434;4.14951;11529
2015.06.17;20:00:00;4.16595;4.1482;4.1482;4.16439;4016
2015.06.18;00:00:00;4.15202;4.14573;4.15119;4.1474;6708
2015.06.18;04:00:00;4.15312;4.14957;4.15157;4.15113;1184
2015.06.18;08:00:00;4.1628;4.14961;4.1592;4.1516;13459
2015.06.18;12:00:00;4.1711;4.15591;4.16359;4.1592;17674
2015.06.18;16:00:00;4.1754;4.1609;4.16571;4.16359;14601
2015.06.18;20:00:00;4.17364;4.1653;4.17026;4.16578;5596
2015.06.19;00:00:00;4.17227;4.1641;4.16613;4.17026;1814
2015.06.19;04:00:00;4.1698;4.16569;4.1681;4.16653;3072
2015.06.19;08:00:00;4.17349;4.1642;4.16868;4.1677;8516
2015.06.19;12:00:00;4.17528;4.16545;4.17225;4.16869;17962
2015.06.19;16:00:00;4.18272;4.17224;4.17746;4.17224;10056
2015.06.19;20:00:00;4.182;4.17134;4.1722;4.17737;2310
2015.06.22;00:00:00;4.17555;4.16735;4.17409;4.16735;2294
2015.06.22;04:00:00;4.17816;4.17369;4.17751;4.17448;4900
2015.06.22;08:00:00;4.17816;4.15966;4.17032;4.17751;15166
2015.06.22;12:00:00;4.17787;4.15649;4.17066;4.17029;18674
2015.06.22;16:00:00;4.17514;4.1638;4.16392;4.17063;13577
2015.06.22;20:00:00;4.16779;4.16285;4.1631;4.16404;3439
2015.06.23;00:00:00;4.17173;4.1627;4.1701;4.163;2318
2015.06.23;04:00:00;4.17135;4.1607;4.16168;4.17007;5441
2015.06.23;08:00:00;4.17224;4.15226;4.16128;4.1618;9385
2015.06.23;12:00:00;4.17401;4.16092;4.16928;4.16144;16557
2015.06.23;16:00:00;4.17151;4.155;4.16143;4.16929;15914
2015.06.23;20:00:00;4.1619;4.1543;4.15559;4.16146;6618
2015.06.24;00:00:00;4.1625;4.1554;4.1615;4.15638;1602
2015.06.24;04:00:00;4.1659;4.1577;4.1641;4.1615;3695
2015.06.24;08:00:00;4.16681;4.15475;4.16156;4.1643;11960
2015.06.24;12:00:00;4.16956;4.15695;4.16792;4.16155;17038
2015.06.24;16:00:00;4.1716;4.1554;4.16205;4.16788;12200
2015.06.24;20:00:00;4.1692;4.16041;4.1646;4.1616;5029
2015.06.25;00:00:00;4.172;4.1641;4.16913;4.16434;15041
2015.06.25;04:00:00;4.16939;4.1664;4.1677;4.16924;21430
2015.06.25;08:00:00;4.17218;4.1633;4.17163;4.16748;15107
2015.06.25;12:00:00;4.17646;4.16003;4.16664;4.17165;15936
2015.06.25;16:00:00;4.16971;4.16603;4.16869;4.16648;8905
2015.06.25;20:00:00;4.16941;4.1684;4.1693;4.16875;794
2015.06.26;00:00:00;4.1701;4.1648;4.16743;4.1692;611
2015.06.26;04:00:00;4.16815;4.16741;4.1678;4.16741;778
2015.06.26;08:00:00;4.17462;4.1654;4.17351;4.1678;6590
2015.06.26;12:00:00;4.17458;4.1695;4.17424;4.17349;12281
2015.06.26;16:00:00;4.17527;4.16959;4.17348;4.17423;15166
2015.06.26;20:00:00;4.1748;4.16838;4.1684;4.17354;4514
2015.06.29;00:00:00;4.1926;4.18137;4.1845;4.1898;2851
2015.06.29;04:00:00;4.1871;4.1831;4.1867;4.1846;565
2015.06.29;08:00:00;4.2022;4.1843;4.18677;4.1867;13629
2015.06.29;12:00:00;4.19577;4.18573;4.18922;4.1863;16461
2015.06.29;16:00:00;4.1957;4.18707;4.1935;4.18924;14631
2015.06.29;20:00:00;4.1939;4.1909;4.1935;4.1935;2893
2015.06.30;00:00:00;4.1935;4.1802;4.1821;4.1917;669
2015.06.30;04:00:00;4.1904;4.1817;4.18872;4.1822;506
2015.06.30;08:00:00;4.19352;4.18603;4.1916;4.1884;8073
2015.06.30;12:00:00;4.19261;4.18605;4.19033;4.1915;12408
2015.06.30;16:00:00;4.19816;4.16879;4.18362;4.19052;6348
2015.06.30;20:00:00;4.1919;4.1804;4.1877;4.1804;1451
2015.07.01;00:00:00;4.1889;4.18299;4.1874;4.1877;964
2015.07.01;04:00:00;4.1889;4.18576;4.1887;4.1874;324
2015.07.01;08:00:00;4.19235;4.1854;4.19012;4.1887;4137
2015.07.01;12:00:00;4.19016;4.18073;4.18635;4.19016;11000
2015.07.01;16:00:00;4.18832;4.18245;4.18558;4.18613;6468
2015.07.01;20:00:00;4.18701;4.1842;4.1842;4.18567;1280
2015.07.02;00:00:00;4.18453;4.18229;4.18433;4.1838;368
2015.07.02;04:00:00;4.18495;4.18378;4.18382;4.18433;597
2015.07.02;08:00:00;4.19154;4.18374;4.1904;4.18382;6092
2015.07.02;12:00:00;4.19217;4.185;4.18829;4.1904;6582
2015.07.02;16:00:00;4.1945;4.18433;4.1898;4.18836;7947
2015.07.02;20:00:00;4.1905;4.1882;4.1886;4.1898;731
2015.07.03;00:00:00;4.1893;4.18525;4.1886;4.1887;338
2015.07.03;04:00:00;4.1891;4.18757;4.1889;4.1886;461
2015.07.03;08:00:00;4.19084;4.1859;4.1873;4.1889;8007
2015.07.03;12:00:00;4.1949;4.18603;4.19123;4.18718;5974
2015.07.03;16:00:00;4.1949;4.18212;4.1883;4.19124;6088
2015.07.03;20:00:00;4.19074;4.18352;4.1844;4.18854;1069
2015.07.06;00:00:00;4.20762;4.19665;4.1985;4.2073;945
2015.07.06;04:00:00;4.20427;4.1981;4.204;4.1985;580
2015.07.06;08:00:00;4.2069;4.18624;4.19701;4.2062;6874
2015.07.06;12:00:00;4.2025;4.19167;4.2012;4.19702;7681
2015.07.06;16:00:00;4.20582;4.1949;4.19694;4.2012;10948
2015.07.06;20:00:00;4.20417;4.1958;4.1972;4.19686;5792
2015.07.07;00:00:00;4.19911;4.19638;4.19897;4.1967;1475
2015.07.07;04:00:00;4.20023;4.19838;4.19845;4.19893;568
2015.07.07;08:00:00;4.2066;4.19479;4.2011;4.19846;8492
2015.07.07;12:00:00;4.20267;4.19223;4.19923;4.201;9817
2015.07.07;16:00:00;4.21454;4.19844;4.21003;4.19931;12287
2015.07.07;20:00:00;4.2143;4.20356;4.2037;4.2097;3389
2015.07.08;00:00:00;4.2087;4.2036;4.20551;4.2038;466
2015.07.08;04:00:00;4.2123;4.2051;4.2123;4.20548;750
2015.07.08;08:00:00;4.2264;4.2103;4.21928;4.2123;9069
2015.07.08;12:00:00;4.22641;4.21812;4.22603;4.21935;9968
2015.07.08;16:00:00;4.2378;4.22388;4.23562;4.22603;9789
2015.07.08;20:00:00;4.2377;4.23408;4.2355;4.2356;944
2015.07.09;00:00:00;4.235;4.22493;4.2299;4.235;3159
2015.07.09;04:00:00;4.23042;4.2259;4.22659;4.2295;2334
2015.07.09;08:00:00;4.23625;4.22242;4.22525;4.22664;10710
2015.07.09;12:00:00;4.2268;4.20899;4.21227;4.22518;9606
2015.07.09;16:00:00;4.22193;4.21045;4.21458;4.21228;9731
2015.07.09;20:00:00;4.21482;4.2104;4.21054;4.2145;2792
2015.07.10;00:00:00;4.21293;4.2088;4.21085;4.21054;1530
2015.07.10;04:00:00;4.2132;4.2097;4.21171;4.21088;1202
2015.07.10;08:00:00;4.2157;4.18571;4.1875;4.2124;9954
2015.07.10;12:00:00;4.18871;4.16633;4.16697;4.18737;10925
2015.07.10;16:00:00;4.1777;4.1656;4.1745;4.16703;8318
2015.07.10;20:00:00;4.17848;4.1684;4.1688;4.1745;2470
2015.07.13;00:00:00;4.1721;4.169;4.17198;4.16901;312
2015.07.13;04:00:00;4.17252;4.17195;4.17249;4.17195;520
2015.07.13;08:00:00;4.17913;4.14296;4.15299;4.1738;6946
2015.07.13;12:00:00;4.157;4.139;4.1405;4.15299;10128
2015.07.13;16:00:00;4.1462;4.13122;4.13702;4.14049;8626
2015.07.13;20:00:00;4.13791;4.1318;4.1318;4.13709;1906
2015.07.14;00:00:00;4.13394;4.12958;4.1314;4.1312;849
2015.07.14;04:00:00;4.1363;4.1315;4.1335;4.13235;1365
2015.07.14;08:00:00;4.1531;4.1323;4.152;4.1335;8365
2015.07.14;12:00:00;4.1534;4.14276;4.14778;4.1521;10530
2015.07.14;16:00:00;4.14841;4.12511;4.1304;4.14779;8724
2015.07.14;20:00:00;4.13045;4.1234;4.1275;4.13042;1695
2015.07.15;00:00:00;4.1284;4.1267;4.128;4.1275;1015
2015.07.15;04:00:00;4.1284;4.1273;4.1279;4.128;944
2015.07.15;08:00:00;4.1362;4.1251;4.1297;4.1279;8011
2015.07.15;12:00:00;4.13173;4.1262;4.13089;4.1297;7728
2015.07.15;16:00:00;4.13385;4.12528;4.12773;4.13084;7061
2015.07.15;20:00:00;4.1304;4.1261;4.1263;4.12768;819
2015.07.16;00:00:00;4.1278;4.1258;4.1259;4.1262;104
2015.07.16;04:00:00;4.1274;4.1248;4.12517;4.12593;1277
2015.07.16;08:00:00;4.1265;4.10787;4.1085;4.12542;7305
2015.07.16;12:00:00;4.11248;4.10315;4.1065;4.1087;10074
2015.07.16;16:00:00;4.11215;4.10357;4.11164;4.1065;7024
2015.07.16;20:00:00;4.11256;4.10702;4.1097;4.11155;1645
2015.07.17;00:00:00;4.1104;4.1055;4.1085;4.10703;1495
2015.07.17;04:00:00;4.1127;4.1068;4.10934;4.1075;2796
2015.07.17;08:00:00;4.1117;4.09495;4.10062;4.1099;8314
2015.07.17;12:00:00;4.10493;4.0942;4.10435;4.10082;12310
2015.07.17;16:00:00;4.10856;4.10047;4.10604;4.10435;10779
2015.07.17;20:00:00;4.108;4.09908;4.09914;4.10587;1613
2015.07.20;00:00:00;4.10462;4.09716;4.10461;4.09751;541
2015.07.20;04:00:00;4.1076;4.1035;4.1071;4.10456;709
2015.07.20;08:00:00;4.11199;4.1044;4.1062;4.1072;5057
2015.07.20;12:00:00;4.11899;4.10462;4.11855;4.1062;4730
2015.07.20;16:00:00;4.12343;4.11583;4.1218;4.11855;4421
2015.07.20;20:00:00;4.12329;4.11951;4.11961;4.1218;1121
2015.07.21;00:00:00;4.12096;4.1193;4.1196;4.11961;623
2015.07.21;04:00:00;4.1204;4.119;4.11974;4.1196;1003
2015.07.21;08:00:00;4.12335;4.0974;4.1083;4.1199;6391
2015.07.21;12:00:00;4.118;4.1047;4.10863;4.1082;11576
2015.07.21;16:00:00;4.13363;4.10772;4.13209;4.1089;14359
2015.07.21;20:00:00;4.1343;4.12906;4.1327;4.13216;1575
2015.07.22;00:00:00;4.13331;4.12493;4.1298;4.1327;836
2015.07.22;04:00:00;4.1299;4.1251;4.12875;4.1298;638
2015.07.22;08:00:00;4.13595;4.1141;4.1143;4.12888;7815
2015.07.22;12:00:00;4.12227;4.11043;4.1181;4.11415;12972
2015.07.22;16:00:00;4.11863;4.10663;4.11204;4.11828;12177
2015.07.22;20:00:00;4.11572;4.10685;4.1112;4.1119;5897
2015.07.23;00:00:00;4.11657;4.1105;4.11496;4.1105;1261
2015.07.23;04:00:00;4.11908;4.10516;4.10882;4.11409;16287
2015.07.23;08:00:00;4.12975;4.10665;4.12469;4.11193;8639
2015.07.23;12:00:00;4.12643;4.1175;4.124;4.12472;6318
2015.07.23;16:00:00;4.12492;4.1108;4.11726;4.124;8843
2015.07.23;20:00:00;4.12064;4.11575;4.11599;4.11717;2968
2015.07.24;00:00:00;4.11364;4.1084;4.11163;4.11347;997
2015.07.24;04:00:00;4.1166;4.1111;4.1161;4.11157;1379
2015.07.24;08:00:00;4.12518;4.10337;4.11596;4.1161;7960
2015.07.24;12:00:00;4.12982;4.11472;4.1279;4.116;11115
2015.07.24;16:00:00;4.1437;4.1231;4.14076;4.1279;6039
2015.07.24;20:00:00;4.1438;4.1368;4.1368;4.14083;1936
2015.07.27;00:00:00;4.1427;4.1369;4.14092;4.1369;2147
2015.07.27;04:00:00;4.1411;4.1405;4.14085;4.14094;507
2015.07.27;08:00:00;4.15357;4.13061;4.14737;4.14084;7011
2015.07.27;12:00:00;4.14917;4.12433;4.1266;4.14727;9304
2015.07.27;16:00:00;4.13462;4.1163;4.11924;4.1266;12956
2015.07.27;20:00:00;4.11923;4.11584;4.1169;4.11907;1370
2015.07.28;00:00:00;4.11852;4.1151;4.1178;4.1169;1147
2015.07.28;04:00:00;4.1198;4.11475;4.11832;4.1178;4789
2015.07.28;08:00:00;4.1268;4.11624;4.12509;4.1191;9611
2015.07.28;12:00:00;4.12574;4.111;4.12066;4.12505;8847
2015.07.28;16:00:00;4.12751;4.11513;4.1159;4.12084;8370
2015.07.28;20:00:00;4.11599;4.1124;4.114;4.1159;1404
2015.07.29;00:00:00;4.11604;4.11365;4.11571;4.11389;656
2015.07.29;04:00:00;4.1182;4.115;4.11784;4.11569;495
2015.07.29;08:00:00;4.1435;4.11777;4.14024;4.11787;8400
2015.07.29;12:00:00;4.1443;4.13447;4.14049;4.14029;10118
2015.07.29;16:00:00;4.14067;4.1204;4.12955;4.1405;8836
2015.07.29;20:00:00;4.13006;4.1187;4.1216;4.12955;2640
2015.07.30;00:00:00;4.12379;4.12013;4.12129;4.1216;2001
2015.07.30;04:00:00;4.12358;4.11812;4.1215;4.12121;8569
2015.07.30;08:00:00;4.14129;4.11934;4.13722;4.1215;11883
2015.07.30;12:00:00;4.14878;4.1356;4.14129;4.13897;13183
2015.07.30;16:00:00;4.1515;4.13532;4.13838;4.14129;12248
2015.07.30;20:00:00;4.14356;4.1361;4.13861;4.13838;1122
2015.07.31;00:00:00;4.13915;4.13539;4.13657;4.1386;654
2015.07.31;04:00:00;4.13902;4.1357;4.1371;4.13628;719
2015.07.31;08:00:00;4.15226;4.1363;4.1456;4.13709;7417
2015.07.31;12:00:00;4.14934;4.13827;4.14516;4.14553;9878
2015.07.31;16:00:00;4.15302;4.1402;4.1464;4.14501;11382
2015.07.31;20:00:00;4.1466;4.1368;4.1369;4.14593;1044
2015.08.03;00:00:00;4.14243;4.13473;4.1397;4.13473;1319
2015.08.03;04:00:00;4.1428;4.1386;4.1406;4.13914;2790
2015.08.03;08:00:00;4.14595;4.13155;4.13385;4.1419;6746
2015.08.03;12:00:00;4.1497;4.12769;4.1455;4.13385;7377
2015.08.03;16:00:00;4.14759;4.13935;4.1425;4.1455;6320
2015.08.03;20:00:00;4.14497;4.1404;4.1407;4.1425;1934
2015.08.04;00:00:00;4.1432;4.14;4.14176;4.1405;1154
2015.08.04;04:00:00;4.1451;4.14171;4.1439;4.14175;734
2015.08.04;08:00:00;4.1474;4.13579;4.14362;4.1441;5879
2015.08.04;12:00:00;4.15482;4.14368;4.14977;4.14396;6132
2015.08.04;16:00:00;4.17021;4.14978;4.1668;4.14978;8120
2015.08.04;20:00:00;4.1821;4.1634;4.1783;4.1668;2635
2015.08.05;00:00:00;4.18533;4.17708;4.1792;4.1783;649
2015.08.05;04:00:00;4.181;4.1784;4.18065;4.1792;930
2015.08.05;08:00:00;4.18122;4.15478;4.16256;4.18069;6202
2015.08.05;12:00:00;4.1758;4.1592;4.16905;4.16238;9221
2015.08.05;16:00:00;4.1735;4.1662;4.1722;4.1691;5039
2015.08.05;20:00:00;4.1742;4.16532;4.172;4.172;1335
2015.08.06;00:00:00;4.1728;4.16607;4.16803;4.172;404
2015.08.06;04:00:00;4.16848;4.16666;4.16801;4.16799;481
2015.08.06;08:00:00;4.18289;4.1658;4.17734;4.1686;4596
2015.08.06;12:00:00;4.1892;4.17656;4.17952;4.17734;8379
2015.08.06;16:00:00;4.1975;4.1774;4.19375;4.17946;6158
2015.08.06;20:00:00;4.19383;4.18254;4.1847;4.19365;1837
2015.08.07;00:00:00;4.19225;4.18132;4.1873;4.18599;841
2015.08.07;04:00:00;4.18875;4.18639;4.18784;4.1873;5938
2015.08.07;08:00:00;4.1888;4.18148;4.18441;4.1888;6860
2015.08.07;12:00:00;4.18896;4.1754;4.1834;4.18436;7721
2015.08.07;16:00:00;4.19165;4.1734;4.1824;4.18343;9825
2015.08.07;20:00:00;4.18883;4.17508;4.1763;4.1824;2736
2015.08.10;00:00:00;4.18273;4.17706;4.18269;4.17706;1255
2015.08.10;04:00:00;4.18277;4.18138;4.1826;4.18268;7674
2015.08.10;08:00:00;4.19279;4.1792;4.19129;4.184;4126
2015.08.10;12:00:00;4.1957;4.18916;4.1955;4.19116;5019
2015.08.10;16:00:00;4.20142;4.1951;4.19941;4.19555;4892
2015.08.10;20:00:00;4.20003;4.19638;4.19693;4.19923;927
2015.08.11;00:00:00;4.19761;4.19617;4.1969;4.19693;617
2015.08.11;04:00:00;4.2019;4.1967;4.1995;4.1969;1674
2015.08.11;08:00:00;4.20273;4.19169;4.1995;4.1996;7885
2015.08.11;12:00:00;4.20349;4.19334;4.19487;4.1995;7311
2015.08.11;16:00:00;4.20204;4.1921;4.19588;4.19487;8272
2015.08.11;20:00:00;4.19616;4.1897;4.19098;4.19616;1585
2015.08.12;00:00:00;4.19219;4.18993;4.1906;4.19219;1065
2015.08.12;04:00:00;4.2008;4.1898;4.19283;4.1906;3481
2015.08.12;08:00:00;4.20987;4.19074;4.20645;4.1926;11801
2015.08.12;12:00:00;4.20655;4.18528;4.18779;4.20655;9382
2015.08.12;16:00:00;4.19283;4.18241;4.18517;4.18783;11203
2015.08.12;20:00:00;4.1867;4.18147;4.1823;4.18517;1367
2015.08.13;00:00:00;4.18376;4.18115;4.18236;4.18194;1541
2015.08.13;04:00:00;4.18262;4.17994;4.18088;4.18236;1290
2015.08.13;08:00:00;4.18731;4.17857;4.17962;4.18117;4816
2015.08.13;12:00:00;4.1919;4.17494;4.1752;4.17969;8110
2015.08.13;16:00:00;4.1816;4.16972;4.17762;4.17527;9334
2015.08.13;20:00:00;4.17831;4.17186;4.17199;4.17665;7910
2015.08.14;00:00:00;4.17729;4.17119;4.17599;4.17171;3287
2015.08.14;04:00:00;4.181;4.17308;4.181;4.17599;3945
2015.08.14;08:00:00;4.18645;4.1716;4.18214;4.1801;6934
2015.08.14;12:00:00;4.1908;4.17991;4.17991;4.18219;8576
2015.08.14;16:00:00;4.18452;4.1739;4.1814;4.18;9848
2015.08.14;20:00:00;4.18178;4.1723;4.1774;4.1815;6884
2015.08.17;00:00:00;4.18182;4.17234;4.1784;4.17717;5676
2015.08.17;04:00:00;4.18155;4.17322;4.17865;4.1784;12361
2015.08.17;08:00:00;4.18724;4.1703;4.17506;4.1804;12376
2015.08.17;12:00:00;4.17585;4.1641;4.16584;4.17506;8891
2015.08.17;16:00:00;4.1663;4.1577;4.16358;4.1659;7188
2015.08.17;20:00:00;4.165;4.16001;4.1627;4.16351;2398
2015.08.18;00:00:00;4.1635;4.15562;4.16274;4.1619;965
2015.08.18;04:00:00;4.16407;4.15871;4.16085;4.16276;2255
2015.08.18;08:00:00;4.1672;4.158;4.1595;4.16108;9415
2015.08.18;12:00:00;4.16485;4.15371;4.1622;4.15953;10665
2015.08.18;16:00:00;4.16809;4.1576;4.16071;4.1622;11118
2015.08.18;20:00:00;4.16341;4.15803;4.1593;4.16082;7297
2015.08.19;00:00:00;4.1614;4.15853;4.1614;4.1592;561
2015.08.19;04:00:00;4.1619;4.16078;4.1619;4.16144;634
2015.08.19;08:00:00;4.16846;4.1594;4.16669;4.16158;6328
2015.08.19;12:00:00;4.1735;4.16497;4.1699;4.16657;5591
2015.08.19;16:00:00;4.17489;4.16529;4.17178;4.17028;7741
2015.08.19;20:00:00;4.1761;4.16915;4.176;4.17169;2886
2015.08.20;00:00:00;4.176;4.17197;4.1745;4.176;584
2015.08.20;04:00:00;4.1756;4.16959;4.17172;4.17327;1348
2015.08.20;08:00:00;4.19429;4.17171;4.19244;4.17172;9594
2015.08.20;12:00:00;4.19575;4.1759;4.176;4.19245;12776
2015.08.20;16:00:00;4.19614;4.17551;4.17978;4.176;13803
2015.08.20;20:00:00;4.1894;4.17682;4.1859;4.17965;9472
2015.08.21;00:00:00;4.19142;4.18241;4.18847;4.18413;985
2015.08.21;04:00:00;4.1972;4.18837;4.1962;4.18837;2232
2015.08.21;08:00:00;4.20116;4.18822;4.199;4.1962;9602
2015.08.21;12:00:00;4.20961;4.1911;4.20131;4.19864;14682
2015.08.21;16:00:00;4.2264;4.19524;4.2185;4.20136;20650
2015.08.21;20:00:00;4.22947;4.21361;4.21886;4.2184;10125
2015.08.24;00:00:00;4.22035;4.21404;4.21815;4.2147;1772
2015.08.24;04:00:00;4.245;4.21695;4.23879;4.21815;2071
2015.08.24;08:00:00;4.2494;4.2275;4.2375;4.2407;8446
2015.08.24;12:00:00;4.24683;4.22387;4.24273;4.2375;12911
2015.08.24;16:00:00;4.26404;4.2169;4.2172;4.24276;11230
2015.08.24;20:00:00;4.25712;4.21641;4.25233;4.217;5894
2015.08.25;00:00:00;4.2607;4.2315;4.2456;4.256;234
2015.08.25;04:00:00;4.2441;4.23343;4.2437;4.24012;3073
2015.08.25;08:00:00;4.24596;4.21383;4.22868;4.2436;9097
2015.08.25;12:00:00;4.2317;4.20429;4.21284;4.22868;11932
2015.08.25;16:00:00;4.2363;4.20833;4.2317;4.21233;13078
2015.08.25;20:00:00;4.25307;4.2317;4.25252;4.2317;3564
2015.08.26;00:00:00;4.25746;4.22611;4.2271;4.25579;6092
2015.08.26;04:00:00;4.2349;4.227;4.2332;4.227;2700
2015.08.26;08:00:00;4.24868;4.2276;4.23611;4.2331;7918
2015.08.26;12:00:00;4.23998;4.2211;4.23342;4.23612;9115
2015.08.26;16:00:00;4.2452;4.22681;4.24216;4.23337;8941
2015.08.26;20:00:00;4.2436;4.2257;4.2257;4.24242;5202
2015.08.27;00:00:00;4.2294;4.22251;4.2248;4.2246;1230
2015.08.27;04:00:00;4.2264;4.22466;4.2256;4.22481;1355
2015.08.27;08:00:00;4.22931;4.2078;4.21987;4.2273;7676
2015.08.27;12:00:00;4.23848;4.2167;4.2322;4.2199;13877
2015.08.27;16:00:00;4.2435;4.22831;4.2336;4.2324;17834
2015.08.27;20:00:00;4.2355;4.22877;4.2325;4.2335;3267
2015.08.28;00:00:00;4.2341;4.22015;4.22873;4.2314;1519
2015.08.28;04:00:00;4.2392;4.22832;4.2347;4.22879;3104
2015.08.28;08:00:00;4.24497;4.2261;4.2312;4.23469;9455
2015.08.28;12:00:00;4.24057;4.22365;4.2314;4.2312;11312
2015.08.28;16:00:00;4.23353;4.213;4.215;4.2314;13301
2015.08.28;20:00:00;4.2197;4.20944;4.2135;4.215;3344
2015.08.31;00:00:00;4.2163;4.21257;4.2143;4.21294;507
2015.08.31;04:00:00;4.2208;4.21276;4.2175;4.2142;6525
2015.08.31;08:00:00;4.2351;4.2151;4.2318;4.2175;9143
2015.08.31;12:00:00;4.2325;4.2218;4.2246;4.2318;5568
2015.08.31;16:00:00;4.2319;4.21022;4.22284;4.2246;6865
2015.08.31;20:00:00;4.2364;4.22035;4.22546;4.22301;4649
2015.09.01;00:00:00;4.22563;4.22143;4.22456;4.22421;1620
2015.09.01;04:00:00;4.2329;4.22232;4.227;4.22456;5524
2015.09.01;08:00:00;4.2369;4.22516;4.2309;4.2269;9125
2015.09.01;12:00:00;4.2354;4.2236;4.23442;4.2309;8627
2015.09.01;16:00:00;4.24282;4.2313;4.24157;4.23446;12872
2015.09.01;20:00:00;4.2509;4.24116;4.24695;4.24137;4536
2015.09.02;00:00:00;4.25042;4.23618;4.24909;4.24695;1118
2015.09.02;04:00:00;4.25004;4.24662;4.24664;4.24911;1221
2015.09.02;08:00:00;4.2554;4.24095;4.2437;4.24668;6422
2015.09.02;12:00:00;4.24479;4.2302;4.23315;4.2436;7925
2015.09.02;16:00:00;4.24016;4.2264;4.2317;4.23313;10271
2015.09.02;20:00:00;4.2375;4.2256;4.22866;4.2317;6048
2015.09.03;00:00:00;4.231;4.22677;4.22707;4.22911;577
2015.09.03;04:00:00;4.2314;4.2192;4.2205;4.22704;1027
2015.09.03;08:00:00;4.23628;4.2187;4.23035;4.2187;8011
2015.09.03;12:00:00;4.23537;4.2084;4.21121;4.23073;8356
2015.09.03;16:00:00;4.21595;4.1972;4.2095;4.21115;9131
2015.09.03;20:00:00;4.2128;4.20745;4.2102;4.2085;1328
2015.09.04;00:00:00;4.2133;4.20795;4.21177;4.2098;599
2015.09.04;04:00:00;4.2197;4.21107;4.2191;4.21171;1172
2015.09.04;08:00:00;4.23056;4.21382;4.2275;4.2191;5909
2015.09.04;12:00:00;4.23341;4.2211;4.2217;4.2275;7994
2015.09.04;16:00:00;4.22667;4.208;4.2251;4.2218;9281
2015.09.04;20:00:00;4.2286;4.22254;4.2285;4.2251;904
2015.09.07;00:00:00;4.2206;4.21171;4.2187;4.21172;2113
2015.09.07;04:00:00;4.2207;4.21533;4.21915;4.2191;6532
2015.09.07;08:00:00;4.23268;4.2122;4.23146;4.2194;7290
2015.09.07;12:00:00;4.2363;4.22674;4.2311;4.23182;5485
2015.09.07;16:00:00;4.2352;4.22892;4.23061;4.2312;4189
2015.09.07;20:00:00;4.2343;4.22945;4.23037;4.22993;1348
2015.09.08;00:00:00;4.2352;4.22688;4.22936;4.23037;1895
2015.09.08;04:00:00;4.234;4.22781;4.2335;4.23068;2895
2015.09.08;08:00:00;4.2361;4.2263;4.2341;4.2334;5612
2015.09.08;12:00:00;4.236;4.2239;4.2285;4.2341;7140
2015.09.08;16:00:00;4.23012;4.2207;4.2254;4.2285;6535
2015.09.08;20:00:00;4.2278;4.22354;4.22354;4.2254;3060
2015.09.09;00:00:00;4.2245;4.21911;4.22064;4.221;1418
2015.09.09;04:00:00;4.22167;4.21962;4.22158;4.22066;1851
2015.09.09;08:00:00;4.2225;4.20833;4.2111;4.2224;7195
2015.09.09;12:00:00;4.212;4.20102;4.20232;4.2111;7731
2015.09.09;16:00:00;4.2146;4.20159;4.20986;4.20236;11002
2015.09.09;20:00:00;4.2143;4.209;4.209;4.20996;3059
2015.09.10;00:00:00;4.2144;4.20572;4.21171;4.2087;10496
2015.09.10;04:00:00;4.2143;4.20998;4.2115;4.21172;1580
2015.09.10;08:00:00;4.2192;4.20616;4.2127;4.2114;6152
2015.09.10;12:00:00;4.21669;4.2058;4.2122;4.2127;10871
2015.09.10;16:00:00;4.21635;4.2058;4.21015;4.2122;12915
2015.09.10;20:00:00;4.21156;4.20813;4.2082;4.21014;2304
2015.09.11;00:00:00;4.2085;4.2064;4.2072;4.20775;687
2015.09.11;04:00:00;4.2085;4.20687;4.2077;4.2072;293
2015.09.11;08:00:00;4.2216;4.2048;4.2053;4.2074;10259
2015.09.11;12:00:00;4.2081;4.19909;4.2069;4.2053;9783
2015.09.11;16:00:00;4.2071;4.2;4.20547;4.207;8857
2015.09.11;20:00:00;4.2057;4.20059;4.20299;4.20515;1882
2015.09.14;00:00:00;4.20319;4.19386;4.20256;4.19386;893
2015.09.14;04:00:00;4.2065;4.20209;4.2053;4.20256;1293
2015.09.14;08:00:00;4.2129;4.2019;4.20684;4.2053;6351
2015.09.14;12:00:00;4.21095;4.20001;4.20532;4.20684;8275
2015.09.14;16:00:00;4.2103;4.2011;4.2086;4.20546;7241
2015.09.14;20:00:00;4.2092;4.2032;4.2064;4.2085;2939
2015.09.15;00:00:00;4.2064;4.20217;4.2049;4.2064;1195
2015.09.15;04:00:00;4.2074;4.20365;4.2074;4.2049;526
2015.09.15;08:00:00;4.2139;4.20396;4.20664;4.2074;6047
2015.09.15;12:00:00;4.20778;4.1936;4.1956;4.20664;6176
2015.09.15;16:00:00;4.1996;4.1891;4.19906;4.1956;5763
2015.09.15;20:00:00;4.2009;4.1967;4.1971;4.19933;2547
2015.09.16;00:00:00;4.1991;4.19305;4.19681;4.1971;455
2015.09.16;04:00:00;4.1969;4.19463;4.1965;4.19684;999
2015.09.16;08:00:00;4.1997;4.1949;4.1974;4.1965;4001
2015.09.16;12:00:00;4.1997;4.1926;4.195;4.1974;6896
2015.09.16;16:00:00;4.1986;4.18901;4.1982;4.195;9356
2015.09.16;20:00:00;4.2056;4.19814;4.2019;4.1982;2321
2015.09.17;00:00:00;4.2044;4.19528;4.20017;4.2015;1416
2015.09.17;04:00:00;4.2026;4.1992;4.2019;4.20016;876
2015.09.17;08:00:00;4.2063;4.197;4.20489;4.2019;4279
2015.09.17;12:00:00;4.2067;4.19912;4.2036;4.20484;8074
2015.09.17;16:00:00;4.2104;4.20041;4.20123;4.20366;6577
2015.09.17;20:00:00;4.2055;4.1899;4.20124;4.20131;4684
2015.09.18;00:00:00;4.20124;4.18819;4.19428;4.20124;1928
2015.09.18;04:00:00;4.19571;4.18867;4.19345;4.19439;1942
2015.09.18;08:00:00;4.211;4.1924;4.2029;4.19345;6643
2015.09.18;12:00:00;4.205;4.1937;4.19954;4.203;6853
2015.09.18;16:00:00;4.202;4.1961;4.1996;4.19964;6393
2015.09.18;20:00:00;4.2055;4.19358;4.2001;4.1996;2455
2015.09.21;00:00:00;4.2055;4.1953;4.2054;4.1953;2754
2015.09.21;04:00:00;4.2092;4.2001;4.2055;4.2054;2182
2015.09.21;08:00:00;4.2076;4.1838;4.18696;4.2034;6432
2015.09.21;12:00:00;4.1919;4.1793;4.1874;4.1871;9232
2015.09.21;16:00:00;4.1937;4.1813;4.1825;4.18736;9445
2015.09.21;20:00:00;4.18601;4.1814;4.183;4.1825;1972
2015.09.22;00:00:00;4.1852;4.17942;4.1841;4.183;809
2015.09.22;04:00:00;4.1849;4.18091;4.1831;4.1841;1080
2015.09.22;08:00:00;4.192;4.1798;4.1909;4.1839;6249
2015.09.22;12:00:00;4.2017;4.18788;4.1986;4.1909;12307
2015.09.22;16:00:00;4.2162;4.1966;4.20327;4.19862;11175
2015.09.22;20:00:00;4.2034;4.1999;4.2006;4.20334;1388
2015.09.23;00:00:00;4.2008;4.19723;4.1999;4.1999;1011
2015.09.23;04:00:00;4.2024;4.19727;4.2024;4.2;1375
2015.09.23;08:00:00;4.20728;4.19587;4.19942;4.2023;7397
2015.09.23;12:00:00;4.20745;4.19426;4.20135;4.19947;10440
2015.09.23;16:00:00;4.2186;4.20065;4.2185;4.2015;10358
2015.09.23;20:00:00;4.2201;4.2173;4.219;4.2185;1701
2015.09.24;00:00:00;4.2235;4.21106;4.2209;4.2191;1416
2015.09.24;04:00:00;4.2217;4.21052;4.2196;4.2209;2683
2015.09.24;08:00:00;4.22412;4.21043;4.2174;4.2196;10014
2015.09.24;12:00:00;4.23226;4.21381;4.23103;4.2174;11379
2015.09.24;16:00:00;4.23301;4.21871;4.22121;4.23103;11569
2015.09.24;20:00:00;4.22359;4.21825;4.222;4.22121;2562
2015.09.25;00:00:00;4.2253;4.2117;4.22174;4.2215;863
2015.09.25;04:00:00;4.225;4.22085;4.22432;4.2211;1243
2015.09.25;08:00:00;4.2277;4.20452;4.20924;4.2248;5575
2015.09.25;12:00:00;4.2247;4.20871;4.2186;4.20924;9375
2015.09.25;16:00:00;4.2285;4.21627;4.2268;4.21862;8546
2015.09.25;20:00:00;4.227;4.21368;4.2143;4.2267;4002
2015.09.28;00:00:00;4.21827;4.21346;4.21826;4.2137;611
2015.09.28;04:00:00;4.22238;4.21615;4.22062;4.21615;3282
2015.09.28;08:00:00;4.23155;4.21608;4.22888;4.2227;8078
2015.09.28;12:00:00;4.23823;4.2267;4.2346;4.22877;10828
2015.09.28;16:00:00;4.2424;4.23131;4.2394;4.23445;15720
2015.09.28;20:00:00;4.2416;4.2347;4.2399;4.2394;6191
2015.09.29;00:00:00;4.2398;4.23221;4.2347;4.2398;1019
2015.09.29;04:00:00;4.237;4.23422;4.23605;4.2347;4392
2015.09.29;08:00:00;4.2492;4.23694;4.2415;4.2382;9337
2015.09.29;12:00:00;4.2448;4.2299;4.2418;4.2415;12080
2015.09.29;16:00:00;4.24715;4.2231;4.2421;4.24163;17124
2015.09.29;20:00:00;4.2427;4.23214;4.2328;4.2421;2605
2015.09.30;00:00:00;4.2329;4.22884;4.23171;4.23224;449
2015.09.30;04:00:00;4.2359;4.2316;4.23178;4.23171;707
2015.09.30;08:00:00;4.2406;4.2251;4.2373;4.2318;6352
2015.09.30;12:00:00;4.24704;4.23375;4.24371;4.2373;8823
2015.09.30;16:00:00;4.2485;4.2383;4.24513;4.24376;11289
2015.09.30;20:00:00;4.24537;4.24191;4.2432;4.24509;1423
2015.10.01;00:00:00;4.2449;4.23876;4.2447;4.24193;318
2015.10.01;04:00:00;4.2448;4.23818;4.23909;4.2446;813
2015.10.01;08:00:00;4.2435;4.2347;4.2408;4.24039;4894
2015.10.01;12:00:00;4.2491;4.23718;4.24496;4.24083;8164
2015.10.01;16:00:00;4.25554;4.2357;4.2511;4.24496;9220
2015.10.01;20:00:00;4.25219;4.24618;4.2466;4.2511;2071
2015.10.02;00:00:00;4.2466;4.2418;4.2443;4.2458;697
2015.10.02;04:00:00;4.2447;4.24352;4.24448;4.2443;998
2015.10.02;08:00:00;4.24848;4.24206;4.2432;4.24448;4764
2015.10.02;12:00:00;4.2539;4.24096;4.2535;4.24312;8444
2015.10.02;16:00:00;4.25659;4.24521;4.24878;4.25345;16793
2015.10.02;20:00:00;4.24968;4.23886;4.2453;4.24899;3172
2015.10.05;00:00:00;4.2493;4.24119;4.2445;4.24119;1392
2015.10.05;04:00:00;4.2497;4.2417;4.2484;4.24344;3742
2015.10.05;08:00:00;4.2509;4.23418;4.2438;4.2484;10975
2015.10.05;12:00:00;4.24734;4.2397;4.24384;4.24369;15270
2015.10.05;16:00:00;4.2469;4.237;4.2448;4.2438;8961
2015.10.05;20:00:00;4.2464;4.2391;4.2391;4.2448;3916
2015.10.06;00:00:00;4.24245;4.23681;4.2386;4.2391;1126
2015.10.06;04:00:00;4.2406;4.2362;4.24053;4.2385;722
2015.10.06;08:00:00;4.2466;4.2383;4.2434;4.24053;4900
2015.10.06;12:00:00;4.24835;4.2419;4.2433;4.2434;4704
2015.10.06;16:00:00;4.25013;4.2381;4.239;4.2433;7443
2015.10.06;20:00:00;4.2396;4.2329;4.2358;4.2391;2597
2015.10.07;00:00:00;4.23701;4.23422;4.2356;4.2358;519
2015.10.07;04:00:00;4.2363;4.2338;4.2341;4.2352;756
2015.10.07;08:00:00;4.2377;4.2174;4.2231;4.234;5680
2015.10.07;12:00:00;4.2285;4.2196;4.2261;4.2231;8606
2015.10.07;16:00:00;4.237;4.2255;4.2331;4.2261;6538
2015.10.07;20:00:00;4.2358;4.22692;4.2331;4.2331;1425
2015.10.08;00:00:00;4.2331;4.22644;4.2317;4.233;2090
2015.10.08;04:00:00;4.2338;4.22909;4.2336;4.2316;5175
2015.10.08;08:00:00;4.2411;4.232;4.23809;4.2336;4733
2015.10.08;12:00:00;4.2388;4.22804;4.23232;4.23809;7045
2015.10.08;16:00:00;4.2337;4.22059;4.22417;4.23246;7825
2015.10.08;20:00:00;4.2243;4.2143;4.21851;4.2237;2697
2015.10.09;00:00:00;4.2186;4.21554;4.21764;4.21851;558
2015.10.09;04:00:00;4.2177;4.2173;4.2176;4.21763;657
2015.10.09;08:00:00;4.22123;4.2142;4.215;4.2176;5972
2015.10.09;12:00:00;4.21906;4.2052;4.21627;4.215;11682
2015.10.09;16:00:00;4.22509;4.2134;4.2219;4.21622;10353
2015.10.09;20:00:00;4.22401;4.20782;4.209;4.2218;2280
2015.10.12;00:00:00;4.213;4.2091;4.21065;4.21005;678
2015.10.12;04:00:00;4.2131;4.20998;4.2127;4.2108;852
2015.10.12;08:00:00;4.2254;4.21117;4.22436;4.2138;5220
2015.10.12;12:00:00;4.2253;4.2143;4.2144;4.22434;2788
2015.10.12;16:00:00;4.2195;4.2125;4.2191;4.2144;2608
2015.10.12;20:00:00;4.2241;4.21824;4.2223;4.2191;747
2015.10.13;00:00:00;4.224;4.217;4.2203;4.2218;742
2015.10.13;04:00:00;4.2224;4.2182;4.2214;4.2204;871
2015.10.13;08:00:00;4.2345;4.2165;4.23;4.2214;3897
2015.10.13;12:00:00;4.24003;4.22942;4.23868;4.22994;8519
2015.10.13;16:00:00;4.23991;4.2265;4.2296;4.23863;9101
2015.10.13;20:00:00;4.2331;4.2268;4.227;4.2296;3969
2015.10.14;00:00:00;4.2311;4.22531;4.2307;4.227;455
2015.10.14;04:00:00;4.2313;4.22912;4.22949;4.2308;568
2015.10.14;08:00:00;4.2345;4.2282;4.23299;4.22948;3973
2015.10.14;12:00:00;4.2362;4.2274;4.2295;4.23299;3001
2015.10.14;16:00:00;4.23227;4.2239;4.2281;4.2295;7257
2015.10.14;20:00:00;4.22873;4.2237;4.2241;4.228;3270
2015.10.15;00:00:00;4.22574;4.22157;4.22261;4.22524;504
2015.10.15;04:00:00;4.2271;4.2216;4.22231;4.2233;802
2015.10.15;08:00:00;4.2297;4.2199;4.22728;4.2242;4805
2015.10.15;12:00:00;4.23162;4.221;4.2244;4.22713;9449
2015.10.15;16:00:00;4.2355;4.2231;4.2306;4.2244;7521
2015.10.15;20:00:00;4.2329;4.2288;4.2309;4.2306;1045
2015.10.16;00:00:00;4.2315;4.2261;4.2311;4.2309;566
2015.10.16;04:00:00;4.232;4.22776;4.232;4.2312;509
2015.10.16;08:00:00;4.2325;4.2259;4.2294;4.232;2508
2015.10.16;12:00:00;4.2398;4.2284;4.2342;4.2294;7355
2015.10.16;16:00:00;4.2383;4.23061;4.23483;4.2342;12180
2015.10.16;20:00:00;4.2364;4.2301;4.2342;4.2349;1285
2015.10.19;00:00:00;4.2339;4.22507;4.2283;4.22507;298
2015.10.19;04:00:00;4.2348;4.22814;4.23228;4.2282;523
2015.10.19;08:00:00;4.2347;4.22911;4.2324;4.2344;2812
2015.10.19;12:00:00;4.23701;4.22943;4.2339;4.2325;7481
2015.10.19;16:00:00;4.24602;4.2339;4.2417;4.2339;7428
2015.10.19;20:00:00;4.2445;4.24084;4.2424;4.2416;843
2015.10.20;00:00:00;4.2437;4.23933;4.2435;4.2428;441
2015.10.20;04:00:00;4.244;4.2413;4.2434;4.2413;308
2015.10.20;08:00:00;4.25073;4.24012;4.24448;4.2438;3430
2015.10.20;12:00:00;4.2516;4.2403;4.2508;4.24458;8741
2015.10.20;16:00:00;4.2582;4.2487;4.2563;4.2508;5565
2015.10.20;20:00:00;4.2586;4.2538;4.2575;4.2563;1123
2015.10.21;00:00:00;4.2603;4.2535;4.2603;4.2575;454
2015.10.21;04:00:00;4.2605;4.2569;4.2597;4.258;425
2015.10.21;08:00:00;4.2733;4.25729;4.27249;4.2597;4012
2015.10.21;12:00:00;4.2797;4.2679;4.2797;4.27253;8420
2015.10.21;16:00:00;4.29074;4.27725;4.2814;4.2797;7252
2015.10.21;20:00:00;4.2889;4.2808;4.2884;4.2813;1756
2015.10.22;00:00:00;4.2915;4.2863;4.2902;4.2884;795
2015.10.22;04:00:00;4.292;4.28441;4.29;4.2902;1198
2015.10.22;08:00:00;4.2922;4.2744;4.2752;4.29;8225
2015.10.22;12:00:00;4.2851;4.2722;4.2728;4.2753;15127
2015.10.22;16:00:00;4.2756;4.2592;4.2637;4.2728;9688
2015.10.22;20:00:00;4.265;4.2463;4.2492;4.2639;1941
2015.10.23;00:00:00;4.2557;4.2451;4.2527;4.249;3192
2015.10.23;04:00:00;4.2582;4.2447;4.2484;4.2482;2190
2015.10.23;08:00:00;4.2548;4.2381;4.2495;4.2491;4075
2015.10.23;12:00:00;4.2573;4.2456;4.2461;4.2496;7973
2015.10.23;16:00:00;4.2639;4.2361;4.2492;4.246;10272
2015.10.23;20:00:00;4.2597;4.2351;4.24561;4.2492;1781
2015.10.25;23:00:00;4.24691;4.2416;4.2423;4.24681;4
2015.10.26;00:00:00;4.2703;4.24271;4.2515;4.24706;627
2015.10.26;04:00:00;4.2531;4.24246;4.2526;4.2515;9371
2015.10.26;08:00:00;4.262;4.2511;4.258;4.2526;3935
2015.10.26;12:00:00;4.2753;4.2566;4.2676;4.2578;6505
2015.10.26;16:00:00;4.2767;4.2601;4.273;4.2676;5762
2015.10.26;20:00:00;4.2756;4.2701;4.2733;4.2729;947
2015.10.27;00:00:00;4.2742;4.2687;4.2741;4.2729;648
2015.10.27;04:00:00;4.2754;4.2683;4.2731;4.2742;500
2015.10.27;08:00:00;4.2796;4.2621;4.2686;4.2735;4215
2015.10.27;12:00:00;4.2899;4.2651;4.2795;4.2685;5582
2015.10.27;16:00:00;4.2831;4.2714;4.2804;4.2795;4281
2015.10.27;20:00:00;4.2827;4.2758;4.2797;4.2804;583
2015.10.28;00:00:00;4.2825;4.2754;4.2786;4.2797;321
2015.10.28;04:00:00;4.2809;4.2777;4.2782;4.2786;260
2015.10.28;08:00:00;4.29;4.278;4.2862;4.2789;2792
2015.10.28;12:00:00;4.2935;4.283;4.2837;4.2863;3750
2015.10.28;16:00:00;4.2878;4.2808;4.2859;4.2836;3926
2015.10.28;20:00:00;4.2867;4.2797;4.2807;4.2858;1630
2015.10.29;00:00:00;4.281;4.2781;4.2803;4.2797;575
2015.10.29;04:00:00;4.2817;4.2788;4.2801;4.2803;617
2015.10.29;08:00:00;4.2813;4.2671;4.2704;4.2806;5219
2015.10.29;12:00:00;4.2817;4.2668;4.2728;4.2703;5742
2015.10.29;16:00:00;4.2782;4.2653;4.2779;4.2729;5670
2015.10.29;20:00:00;4.278;4.2751;4.2769;4.2779;586
2015.10.30;00:00:00;4.2776;4.2709;4.2767;4.2769;365
2015.10.30;04:00:00;4.2776;4.2732;4.2769;4.2766;966
2015.10.30;08:00:00;4.277;4.2584;4.2624;4.2769;3939
2015.10.30;12:00:00;4.2674;4.2587;4.2616;4.2626;5237
2015.10.30;16:00:00;4.2636;4.2391;4.2437;4.2617;5943
2015.10.30;20:00:00;4.2469;4.2412;4.2441;4.2436;606
2015.11.02;00:00:00;4.2481;4.23466;4.243;4.2379;559
2015.11.02;04:00:00;4.2496;4.2394;4.249;4.2452;286
2015.11.02;08:00:00;4.2529;4.2415;4.2467;4.2491;5682
2015.11.02;12:00:00;4.2559;4.2459;4.2556;4.2466;8130
2015.11.02;16:00:00;4.2615;4.2519;4.2576;4.2556;6249
2015.11.02;20:00:00;4.2588;4.2549;4.2562;4.2575;900
2015.11.03;00:00:00;4.2592;4.2469;4.2536;4.2562;376
2015.11.03;04:00:00;4.255;4.2483;4.2548;4.2508;985
2015.11.03;08:00:00;4.2593;4.2424;4.2463;4.2549;9183
2015.11.03;12:00:00;4.25415;4.2385;4.2457;4.2464;9098
2015.11.03;16:00:00;4.2544;4.2437;4.251;4.2456;7738
2015.11.03;20:00:00;4.2509;4.2453;4.2472;4.2505;2760
2015.11.04;00:00:00;4.2493;4.2455;4.2474;4.2472;946
2015.11.04;04:00:00;4.2482;4.2442;4.2476;4.2474;697
2015.11.04;08:00:00;4.2533;4.2428;4.2429;4.2491;5597
2015.11.04;12:00:00;4.2444;4.2285;4.2335;4.243;8609
2015.11.04;16:00:00;4.2356;4.2209;4.2311;4.2336;10759
2015.11.04;20:00:00;4.2424;4.2297;4.2383;4.231;5506
2015.11.05;00:00:00;4.2411;4.2345;4.2387;4.2376;402
2015.11.05;04:00:00;4.2402;4.2323;4.2368;4.239;563
2015.11.05;08:00:00;4.2414;4.2262;4.2286;4.2368;5176
2015.11.05;12:00:00;4.2398;4.2282;4.2376;4.2285;5812
2015.11.05;16:00:00;4.2493;4.2352;4.2476;4.2381;4371
2015.11.05;20:00:00;4.2498;4.2422;4.2471;4.2477;515
2015.11.06;00:00:00;4.2505;4.2461;4.2487;4.2461;281
2015.11.06;04:00:00;4.2489;4.2442;4.2486;4.248;338
2015.11.06;08:00:00;4.2489;4.2389;4.2438;4.2486;2015
2015.11.06;12:00:00;4.2629;4.243;4.2506;4.2438;5942
2015.11.06;16:00:00;4.2767;4.2386;4.2698;4.2507;5767
2015.11.06;20:00:00;4.2744;4.2613;4.2695;4.2699;1014
2015.11.09;00:00:00;4.2695;4.25276;4.2692;4.25276;831
2015.11.09;04:00:00;4.2704;4.2631;4.268;4.2691;396
2015.11.09;08:00:00;4.2733;4.2578;4.2626;4.268;4031
2015.11.09;12:00:00;4.2667;4.2541;4.2557;4.2626;4621
2015.11.09;16:00:00;4.2603;4.2418;4.2517;4.2558;7060
2015.11.09;20:00:00;4.2552;4.249;4.2543;4.2517;708
2015.11.10;00:00:00;4.2559;4.247;4.2534;4.2547;554
2015.11.10;04:00:00;4.254;4.2488;4.2501;4.2534;992
2015.11.10;08:00:00;4.2511;4.2435;4.24604;4.2501;3372
2015.11.10;12:00:00;4.2509;4.2373;4.2424;4.24607;7224
2015.11.10;16:00:00;4.2455;4.23424;4.2357;4.2424;6979
2015.11.10;20:00:00;4.24171;4.2316;4.2337;4.237;2292
2015.11.11;00:00:00;4.23839;4.23025;4.2334;4.2337;1237
2015.11.11;04:00:00;4.23996;4.23253;4.23422;4.23253;2888
2015.11.11;08:00:00;4.238;4.2307;4.23138;4.2357;5714
2015.11.11;12:00:00;4.23435;4.20456;4.214;4.2314;5567
2015.11.11;16:00:00;4.221;4.208;4.2085;4.214;7445
2015.11.11;20:00:00;4.21181;4.20713;4.2085;4.2085;1826
2015.11.12;00:00:00;4.2174;4.2089;4.20935;4.20958;2326
2015.11.12;04:00:00;4.21044;4.20875;4.20948;4.20933;1105
2015.11.12;08:00:00;4.2297;4.2093;4.2225;4.20972;6768
2015.11.12;12:00:00;4.2283;4.2174;4.2283;4.22242;6722
2015.11.12;16:00:00;4.2345;4.2246;4.23108;4.2283;10428
2015.11.12;20:00:00;4.23287;4.22233;4.2287;4.23106;2652
2015.11.13;00:00:00;4.2316;4.223;4.22427;4.22814;627
2015.11.13;04:00:00;4.2267;4.22284;4.22473;4.22425;676
2015.11.13;08:00:00;4.24042;4.22295;4.2345;4.22477;6089
2015.11.13;12:00:00;4.2436;4.2329;4.2356;4.2345;7070
2015.11.13;16:00:00;4.2413;4.2308;4.2398;4.2357;6230
2015.11.13;20:00:00;4.2426;4.23689;4.2424;4.2397;933
2015.11.16;00:00:00;4.2406;4.23198;4.2376;4.23252;587
2015.11.16;04:00:00;4.2408;4.2346;4.2402;4.23742;3450
2015.11.16;08:00:00;4.2473;4.2238;4.24469;4.2401;4272
2015.11.16;12:00:00;4.24553;4.2343;4.24451;4.2446;4490
2015.11.16;16:00:00;4.2495;4.2406;4.2466;4.24448;4507
2015.11.16;20:00:00;4.2484;4.24106;4.2446;4.2464;1540
2015.11.17;00:00:00;4.2447;4.23926;4.2418;4.244;584
2015.11.17;04:00:00;4.2422;4.2397;4.24021;4.2419;399
2015.11.17;08:00:00;4.2486;4.23751;4.2405;4.2402;3522
2015.11.17;12:00:00;4.24628;4.2397;4.24501;4.24085;4261
2015.11.17;16:00:00;4.251;4.2434;4.24438;4.24501;7251
2015.11.17;20:00:00;4.24511;4.24104;4.2424;4.24438;1126
2015.11.18;00:00:00;4.243;4.2389;4.2426;4.2422;557
2015.11.18;04:00:00;4.2431;4.2395;4.2427;4.2404;486
2015.11.18;08:00:00;4.2502;4.2397;4.249;4.2411;2765
2015.11.18;12:00:00;4.2611;4.2465;4.2507;4.249;6246
2015.11.18;16:00:00;4.2529;4.24287;4.24494;4.2507;4915
2015.11.18;20:00:00;4.24551;4.24236;4.24267;4.24486;962
2015.11.19;00:00:00;4.2455;4.24107;4.2455;4.2435;380
2015.11.19;04:00:00;4.2455;4.24088;4.24232;4.24264;426
2015.11.19;08:00:00;4.24812;4.23827;4.246;4.2445;2792
2015.11.19;12:00:00;4.2518;4.24506;4.24804;4.2461;7055
2015.11.19;16:00:00;4.2524;4.2442;4.2475;4.24754;5609
2015.11.19;20:00:00;4.2517;4.24609;4.2503;4.2474;1034
2015.11.20;00:00:00;4.2504;4.24556;4.2476;4.2504;626
2015.11.20;04:00:00;4.2499;4.24728;4.2498;4.24759;1045
2015.11.20;08:00:00;4.2498;4.2388;4.2411;4.2498;3057
2015.11.20;12:00:00;4.24191;4.2332;4.23919;4.2411;6721
2015.11.20;16:00:00;4.2421;4.2371;4.2403;4.23913;6024
2015.11.20;20:00:00;4.241;4.23102;4.2316;4.2403;749
2015.11.23;00:00:00;4.23655;4.22501;4.23397;4.22501;385
2015.11.23;04:00:00;4.2344;4.23296;4.23307;4.23399;463
2015.11.23;08:00:00;4.24015;4.23065;4.2373;4.23308;2487
2015.11.23;12:00:00;4.2414;4.23372;4.24093;4.2373;4225
2015.11.23;16:00:00;4.25238;4.24059;4.2516;4.2409;5474
2015.11.23;20:00:00;4.2575;4.2466;4.24949;4.25151;1775
2015.11.24;00:00:00;4.24949;4.2462;4.24838;4.24949;931
2015.11.24;04:00:00;4.2488;4.24688;4.24692;4.24843;1924
2015.11.24;08:00:00;4.2608;4.2462;4.2592;4.2474;4091
2015.11.24;12:00:00;4.264;4.25597;4.2587;4.2592;4835
2015.11.24;16:00:00;4.26185;4.25722;4.25847;4.2587;5851
2015.11.24;20:00:00;4.2605;4.25736;4.2595;4.2594;838
2015.11.25;00:00:00;4.2598;4.25562;4.25681;4.2594;385
2015.11.25;04:00:00;4.2602;4.25679;4.25685;4.2594;449
2015.11.25;08:00:00;4.27031;4.25684;4.26495;4.257;4808
2015.11.25;12:00:00;4.2668;4.2541;4.26284;4.26494;7492
2015.11.25;16:00:00;4.2684;4.25885;4.2663;4.26275;7087
2015.11.25;20:00:00;4.2684;4.26429;4.26576;4.2663;891
2015.11.26;00:00:00;4.2666;4.26058;4.2658;4.2656;612
2015.11.26;04:00:00;4.2662;4.26275;4.2652;4.26368;523
2015.11.26;08:00:00;4.27477;4.26275;4.2736;4.2652;3362
2015.11.26;12:00:00;4.2737;4.26728;4.27081;4.2736;3042
2015.11.26;16:00:00;4.2732;4.26985;4.2731;4.2708;2078
2015.11.26;20:00:00;4.2734;4.26951;4.2723;4.2731;541
2015.11.27;00:00:00;4.2727;4.2685;4.2724;4.2723;686
2015.11.27;04:00:00;4.2733;4.27018;4.2731;4.2725;779
2015.11.27;08:00:00;4.2771;4.2662;4.2673;4.27171;3967
2015.11.27;12:00:00;4.2711;4.25917;4.26145;4.2673;7644
2015.11.27;16:00:00;4.2699;4.26097;4.2683;4.26145;3401
2015.11.27;20:00:00;4.26962;4.2619;4.262;4.2681;531
2015.11.30;00:00:00;4.26502;4.25809;4.26481;4.2638;556
2015.11.30;04:00:00;4.27095;4.2632;4.26498;4.26484;2489
2015.11.30;08:00:00;4.2707;4.2604;4.26142;4.26498;6099
2015.11.30;12:00:00;4.27803;4.26137;4.27274;4.26147;8364
2015.11.30;16:00:00;4.27275;4.2632;4.2653;4.27275;5675
2015.11.30;20:00:00;4.2691;4.26308;4.2668;4.2653;1756
2015.12.01;00:00:00;4.2672;4.26281;4.2664;4.2668;548
2015.12.01;04:00:00;4.2668;4.26335;4.266;4.2664;933
2015.12.01;08:00:00;4.2676;4.2597;4.2623;4.266;3788
2015.12.01;12:00:00;4.27125;4.2625;4.2708;4.2625;4564
2015.12.01;16:00:00;4.2843;4.2666;4.27792;4.2708;6992
2015.12.01;20:00:00;4.2805;4.2774;4.2781;4.2784;757
2015.12.02;00:00:00;4.2789;4.27673;4.2781;4.2782;313
2015.12.02;04:00:00;4.2783;4.27653;4.27769;4.2782;287
2015.12.02;08:00:00;4.28056;4.2749;4.27865;4.2786;5254
2015.12.02;12:00:00;4.27895;4.26807;4.26932;4.27873;9476
2015.12.02;16:00:00;4.2775;4.2674;4.27426;4.26932;5738
2015.12.02;20:00:00;4.27861;4.2735;4.2735;4.27426;1194
2015.12.03;00:00:00;4.2749;4.27235;4.27349;4.2734;492
2015.12.03;04:00:00;4.27355;4.27216;4.27221;4.27351;509
2015.12.03;08:00:00;4.27477;4.26338;4.2664;4.27221;5419
2015.12.03;12:00:00;4.3165;4.2645;4.3028;4.2664;13184
2015.12.03;16:00:00;4.3201;4.29362;4.3201;4.3026;11672
2015.12.03;20:00:00;4.3366;4.31234;4.3259;4.3201;4319
2015.12.04;00:00:00;4.3329;4.31686;4.3231;4.31787;1170
2015.12.04;04:00:00;4.3248;4.31953;4.3241;4.3215;4050
2015.12.04;08:00:00;4.3305;4.3039;4.31099;4.32404;12905
2015.12.04;12:00:00;4.3145;4.30135;4.31374;4.3109;12755
2015.12.04;16:00:00;4.31863;4.30037;4.3072;4.31363;8224
2015.12.04;20:00:00;4.3149;4.30447;4.3112;4.3072;1304
2015.12.07;00:00:00;4.30558;4.29755;4.30551;4.3004;536
2015.12.07;04:00:00;4.30869;4.30233;4.30822;4.30547;1291
2015.12.07;08:00:00;4.3121;4.30042;4.3086;4.30822;6531
2015.12.07;12:00:00;4.31607;4.3054;4.3153;4.3084;3841
2015.12.07;16:00:00;4.32;4.3091;4.3198;4.3153;5541
2015.12.07;20:00:00;4.3207;4.3118;4.3207;4.3199;2460
2015.12.08;00:00:00;4.321;4.31786;4.3202;4.3207;306
2015.12.08;04:00:00;4.321;4.31906;4.3206;4.3194;402
2015.12.08;08:00:00;4.3272;4.3169;4.3264;4.3206;3702
2015.12.08;12:00:00;4.3347;4.3249;4.3336;4.3264;5712
2015.12.08;16:00:00;4.3421;4.33106;4.33967;4.3336;6444
2015.12.08;20:00:00;4.3425;4.3391;4.3396;4.33967;1162
2015.12.09;00:00:00;4.342;4.33802;4.3403;4.33855;490
2015.12.09;04:00:00;4.3426;4.33902;4.3426;4.33919;397
2015.12.09;08:00:00;4.34312;4.33574;4.3379;4.3426;3042
2015.12.09;12:00:00;4.34244;4.33422;4.3415;4.338;4523
2015.12.09;16:00:00;4.3432;4.33563;4.34312;4.3415;5664
2015.12.09;20:00:00;4.3469;4.34273;4.3465;4.34312;1960
2015.12.10;00:00:00;4.3461;4.34148;4.3425;4.3458;641
2015.12.10;04:00:00;4.3451;4.34091;4.344;4.34249;609
2015.12.10;08:00:00;4.3458;4.3382;4.3422;4.344;2791
2015.12.10;12:00:00;4.3427;4.3353;4.33778;4.3422;4409
2015.12.10;16:00:00;4.34797;4.3359;4.34797;4.33778;6637
2015.12.10;20:00:00;4.3485;4.34063;4.342;4.34797;3044
2015.12.11;00:00:00;4.3442;4.3403;4.34271;4.3417;1312
2015.12.11;04:00:00;4.3467;4.34233;4.3456;4.34272;2136
2015.12.11;08:00:00;4.34833;4.3391;4.3444;4.3456;3528
2015.12.11;12:00:00;4.3518;4.3409;4.3437;4.3443;5418
2015.12.11;16:00:00;4.3634;4.34338;4.3626;4.3437;4458
2015.12.11;20:00:00;4.3647;4.35844;4.3629;4.3623;1914
2015.12.14;00:00:00;4.3684;4.34877;4.35124;4.3538;577
2015.12.14;04:00:00;4.362;4.35138;4.35686;4.35138;3098
2015.12.14;08:00:00;4.3614;4.34093;4.34709;4.35686;7891
2015.12.14;12:00:00;4.3648;4.34684;4.35617;4.34704;5353
2015.12.14;16:00:00;4.3639;4.35301;4.36099;4.35618;6846
2015.12.14;20:00:00;4.36385;4.36063;4.363;4.36095;1466
2015.12.15;00:00:00;4.3645;4.35954;4.361;4.363;540
2015.12.15;04:00:00;4.3613;4.35856;4.359;4.3612;666
2015.12.15;08:00:00;4.36785;4.3537;4.3553;4.3593;4292
2015.12.15;12:00:00;4.3557;4.34395;4.348;4.3553;5786
2015.12.15;16:00:00;4.3491;4.3226;4.323;4.3481;8462
2015.12.15;20:00:00;4.323;4.323;4.323;4.323;1
