DATE;TIME;HIGH;LOW;CLOSE;OPEN;VOLUME
2015.04.27;12:00:00;48.2275;48.1416;48.1486;48.2095;2619
2015.04.27;16:00:00;48.2276;48.1013;48.184;48.1331;13364
2015.04.27;20:00:00;48.2053;48.049;48.0496;48.1852;13363
2015.04.28;00:00:00;48.1129;47.8592;47.9319;48.0451;6473
2015.04.28;04:00:00;48.0929;47.7605;48.0477;47.8124;17658
2015.04.28;08:00:00;48.2457;47.885;47.9187;48.047;22025
2015.04.28;12:00:00;47.9796;47.8004;47.801;47.9181;10754
2015.04.28;16:00:00;47.7806;47.6082;47.7597;47.6571;11189
2015.04.28;20:00:00;47.7642;47.6694;47.6836;47.7605;11207
2015.04.29;00:00:00;47.743;47.6589;47.7061;47.6846;4192
2015.04.29;04:00:00;47.7433;47.6142;47.7072;47.6553;12047
2015.04.29;08:00:00;47.7231;47.5307;47.6152;47.7065;14467
2015.04.29;12:00:00;47.6742;47.6027;47.6354;47.6148;2758
2015.04.29;16:00:00;47.6694;47.4403;47.5594;47.4742;12388
2015.04.29;20:00:00;47.6178;47.4411;47.5666;47.5622;16862
2015.04.30;00:00:00;47.7791;47.5566;47.7581;47.567;6696
2015.04.30;04:00:00;48.2502;47.7752;48.2173;47.7884;21824
2015.04.30;08:00:00;48.5005;48.2028;48.4377;48.2166;24740
2015.04.30;12:00:00;48.5645;48.3592;48.4233;48.4376;5152
2015.04.30;16:00:00;48.7422;48.2928;48.6627;48.5083;19043
2015.04.30;20:00:00;48.8104;48.6147;48.7418;48.6577;18261
2015.05.01;00:00:00;48.8852;48.7308;48.8366;48.7407;6012
2015.05.01;04:00:00;49.2609;48.6601;49.2572;48.7037;19906
2015.05.01;08:00:00;49.2641;48.8194;48.9125;49.2558;14100
2015.05.01;12:00:00;48.933;48.8718;48.9184;48.9099;2049
2015.05.01;16:00:00;49.1179;48.8991;49.0039;48.982;16908
2015.05.01;20:00:00;49.1633;48.985;49.0906;49.0028;16617
2015.05.04;00:00:00;49.1499;49.08;49.0872;49.0921;4051
2015.05.04;04:00:00;49.0885;48.3447;48.5783;49.0815;26408
2015.05.04;08:00:00;48.6021;48.1937;48.3648;48.5796;20325
2015.05.04;12:00:00;48.4251;48.3101;48.3418;48.367;3085
2015.05.04;16:00:00;48.6271;48.2249;48.5057;48.3983;17565
2015.05.04;20:00:00;48.5601;47.8256;48.0455;48.5057;31905
2015.05.05;00:00:00;48.0661;47.8875;47.9213;48.0416;5880
2015.05.05;04:00:00;47.8836;47.7141;47.855;47.7838;14405
2015.05.05;08:00:00;47.9341;47.4963;47.7834;47.855;25188
2015.05.05;12:00:00;48.03;47.7422;47.9411;47.7824;6154
2015.05.05;16:00:00;48.0315;47.902;47.9864;47.9862;13674
2015.05.05;20:00:00;48.1145;47.9806;48.0391;47.986;13547
2015.05.06;00:00:00;48.0507;47.8834;47.9489;48.0331;5269
2015.05.06;04:00:00;47.85;47.5996;47.7702;47.7399;22061
2015.05.06;08:00:00;47.8819;47.7444;47.8499;47.7702;18872
2015.05.06;12:00:00;47.9125;47.8098;47.8307;47.8508;5651
2015.05.06;16:00:00;48.2103;47.9539;48.1358;47.9725;18128
2015.05.06;20:00:00;48.4152;48.105;48.2774;48.1365;21784
2015.05.07;00:00:00;48.3232;48.1774;48.1969;48.2766;4306
2015.05.07;04:00:00;48.4084;48.1315;48.3435;48.1717;16209
2015.05.07;08:00:00;48.6586;48.3218;48.5627;48.3423;21056
2015.05.07;12:00:00;48.5864;48.4821;48.5249;48.5617;7272
2015.05.07;16:00:00;48.7333;48.4895;48.6404;48.5219;16472
2015.05.07;20:00:00;49.0666;48.6332;48.9819;48.6396;26144
2015.05.08;00:00:00;49.1269;48.956;48.9651;48.9819;6742
2015.05.08;04:00:00;49.2594;49.0246;49.2003;49.0682;19501
2015.05.08;08:00:00;49.4746;49.1476;49.426;49.1995;17808
2015.05.08;12:00:00;49.6794;49.394;49.6751;49.4249;4371
2015.05.08;16:00:00;50.3142;49.7248;49.9521;49.7412;26161
2015.05.08;20:00:00;50.2936;49.7889;50.2524;49.9513;25962
2015.05.11;00:00:00;50.2685;50.0719;50.1032;50.2495;6021
2015.05.11;04:00:00;49.9316;49.5042;49.6825;49.7021;23558
2015.05.11;08:00:00;49.7507;49.5993;49.7081;49.6818;15324
2015.05.11;12:00:00;49.7493;49.6535;49.7251;49.707;4235
2015.05.11;16:00:00;49.6129;49.3125;49.4833;49.5955;16303
2015.05.11;20:00:00;49.595;49.4262;49.5514;49.484;10815
2015.05.12;00:00:00;49.6788;49.5384;49.5963;49.5437;3675
2015.05.12;04:00:00;49.6154;49.4151;49.5369;49.594;12896
2015.05.12;08:00:00;49.5511;49.3293;49.4463;49.5344;13307
2015.05.12;12:00:00;49.4683;49.3749;49.3914;49.4463;4127
2015.05.12;16:00:00;49.7623;49.2956;49.6202;49.2969;13274
2015.05.12;20:00:00;49.6212;49.4184;49.5358;49.6207;10606
2015.05.13;00:00:00;49.625;49.5292;49.5584;49.5374;3492
2015.05.13;04:00:00;49.8031;49.6048;49.6801;49.6425;14978
2015.05.13;08:00:00;49.7419;49.604;49.6595;49.6812;11543
2015.05.13;12:00:00;49.6791;49.5557;49.6181;49.6589;3347
2015.05.13;16:00:00;49.4984;49.1505;49.2651;49.4578;13672
2015.05.13;20:00:00;49.2757;48.8818;48.9403;49.2644;13089
2015.05.14;00:00:00;48.9844;48.7867;48.8653;48.9304;4507
2015.05.14;04:00:00;49.011;48.7154;48.9147;48.7652;16614
2015.05.14;08:00:00;49.012;48.8645;48.9959;48.9143;13674
2015.05.14;12:00:00;49.0925;48.9721;49.0275;48.9967;4071
2015.05.14;16:00:00;49.6543;49.1121;49.5183;49.1386;13508
2015.05.14;20:00:00;49.7967;49.5118;49.5961;49.5192;15962
2015.05.15;00:00:00;49.6769;49.533;49.6627;49.5992;4433
2015.05.15;04:00:00;50.21;49.5377;50.074;49.5854;14244
2015.05.15;08:00:00;50.2047;49.9902;50.041;50.0751;12195
2015.05.15;12:00:00;50.0748;49.9562;50.051;50.0473;3456
2015.05.15;16:00:00;50.0993;49.6635;49.7073;49.9457;17247
2015.05.15;20:00:00;50.1837;49.6077;49.978;49.7049;17156
2015.05.18;00:00:00;50.0818;49.9054;49.9512;49.978;4755
2015.05.18;04:00:00;50.113;49.919;50.0081;50.1005;13343
2015.05.18;08:00:00;50.0232;49.5712;49.9828;50.0062;17359
2015.05.18;12:00:00;50.0262;49.915;49.9428;49.9795;5192
2015.05.18;16:00:00;50.073;49.7442;50.0413;49.9154;16713
2015.05.18;20:00:00;50.1797;49.9328;50.1074;50.0411;20397
2015.05.19;00:00:00;50.1813;50.0085;50.1434;50.113;4618
2015.05.19;04:00:00;50.2646;50.0437;50.1338;50.0777;7900
2015.05.19;08:00:00;50.2024;49.8544;49.8876;50.1354;11118
2015.05.19;12:00:00;49.9616;49.8827;49.9041;49.8876;3358
2015.05.19;16:00:00;50.1609;49.9782;50.1201;50.0347;12180
2015.05.19;20:00:00;50.16;49.9605;50.0868;50.1185;13815
2015.05.20;00:00:00;50.1392;50.0472;50.0845;50.0879;3302
2015.05.20;04:00:00;50.3401;49.9373;50.2593;49.9584;13851
2015.05.20;08:00:00;50.457;50.2263;50.4163;50.258;12378
2015.05.20;12:00:00;50.4584;50.3621;50.4235;50.4163;3364
2015.05.20;16:00:00;50.6865;50.4313;50.589;50.4818;7960
2015.05.20;20:00:00;50.7564;50.5441;50.7269;50.5906;6426
2015.05.21;00:00:00;50.8981;50.7221;50.8915;50.7253;2407
2015.05.21;04:00:00;51.0328;50.794;50.9248;50.8785;9116
2015.05.21;08:00:00;51.013;50.8306;50.9357;50.9232;12668
2015.05.21;12:00:00;51.0162;50.897;50.9235;50.9362;2744
2015.05.21;16:00:00;51.1303;50.9699;51.0989;50.9734;8592
2015.05.21;20:00:00;51.1429;50.988;51.011;51.0974;7989
2015.05.22;00:00:00;51.0362;50.854;50.9557;51.0113;2741
2015.05.22;04:00:00;51.2565;50.8617;51.2315;50.8701;7679
2015.05.22;08:00:00;51.3421;51.2076;51.2793;51.232;6033
2015.05.22;12:00:00;51.3871;51.2654;51.3268;51.2789;1837
2015.05.22;16:00:00;51.6422;51.3923;51.5915;51.3976;12664
2015.05.22;20:00:00;51.6919;51.463;51.6188;51.5932;7711
2015.05.25;00:00:00;51.7801;51.6172;51.7425;51.6205;2957
2015.05.25;04:00:00;51.949;51.6225;51.8282;51.6225;10882
2015.05.25;08:00:00;52.2272;51.5052;51.9156;51.8287;20691
2015.05.25;12:00:00;51.9775;51.8243;51.8885;51.9167;7133
2015.05.25;16:00:00;52.3162;52.0317;52.1607;52.05;13905
2015.05.25;20:00:00;52.5146;52.0626;52.2898;52.1614;16820
2015.05.26;00:00:00;52.4735;52.2248;52.2867;52.287;5349
2015.05.26;04:00:00;52.6186;52.2665;52.4155;52.302;15955
2015.05.26;08:00:00;52.4826;52.0663;52.0787;52.4135;17007
2015.05.26;12:00:00;52.11;51.7929;51.8843;52.0746;3503
2015.05.26;16:00:00;52.2657;51.9479;52.2205;52.0016;13640
2015.05.26;20:00:00;52.505;52.1901;52.384;52.2255;13320
2015.05.27;00:00:00;52.456;52.356;52.4393;52.3832;3194
2015.05.27;04:00:00;52.6799;52.3173;52.3285;52.5696;14273
2015.05.27;08:00:00;52.4173;52.1639;52.187;52.3244;12826
2015.05.27;12:00:00;52.1894;52.0086;52.0953;52.1894;2722
2015.05.27;16:00:00;52.2344;51.929;52.0145;52.0861;12527
2015.05.27;20:00:00;52.2693;51.9794;52.1834;52.0194;17538
2015.05.28;00:00:00;52.3263;52.1535;52.3227;52.1841;4779
2015.05.28;04:00:00;52.7496;52.2978;52.7176;52.3157;23424
2015.05.28;08:00:00;52.8041;52.6059;52.7169;52.7168;17859
2015.05.28;12:00:00;52.8392;52.6445;52.7653;52.7174;7073
2015.05.28;16:00:00;53.0689;52.744;53.0439;52.7575;17989
2015.05.28;20:00:00;53.2185;52.9941;53.1532;53.0439;24002
2015.05.29;00:00:00;53.2162;53.0665;53.1212;53.1558;6714
2015.05.29;04:00:00;53.486;52.8655;53.4647;52.8655;16092
2015.05.29;08:00:00;53.6695;53.4405;53.6307;53.4633;18168
2015.05.29;12:00:00;53.7525;53.5514;53.7481;53.6294;4938
2015.05.29;16:00:00;54.0514;53.6695;53.9515;53.6695;15152
2015.05.29;20:00:00;54.1711;53.7935;54.1196;53.9515;21092
2015.06.01;00:00:00;54.1641;54.0669;54.1426;54.12;2623
2015.06.01;04:00:00;54.4955;54.22;54.4936;54.2316;12443
2015.06.01;08:00:00;54.7226;54.4861;54.6528;54.4932;15249
2015.06.01;12:00:00;54.6751;54.5633;54.5952;54.6545;2836
2015.06.01;16:00:00;54.9311;52.4123;52.459;54.6385;32180
2015.06.01;20:00:00;53.3245;52.1716;52.7371;52.459;36864
2015.06.02;00:00:00;52.8423;52.3635;52.4284;52.7355;2809
2015.06.02;04:00:00;53.2179;51.5874;53.1259;52.4793;18052
2015.06.02;08:00:00;54.1344;53.0476;53.6786;53.1251;22894
2015.06.02;12:00:00;53.829;53.4195;53.8255;53.6808;3841
2015.06.02;16:00:00;54.4715;53.7966;54.1168;53.8076;26431
2015.06.02;20:00:00;54.2926;53.9378;54.2369;54.1168;18469
2015.06.03;00:00:00;54.4298;54.1462;54.3862;54.2369;6669
2015.06.03;04:00:00;54.8215;54.4647;54.7906;54.5028;6487
2015.06.03;08:00:00;54.811;54.5272;54.6369;54.7906;6453
2015.06.03;12:00:00;54.8193;54.6369;54.8065;54.6369;3183
2015.06.03;16:00:00;56.2799;54.8489;55.2542;55.1086;22475
2015.06.03;20:00:00;56.0723;55.0228;55.9615;55.253;26016
2015.06.04;00:00:00;56.1778;55.7088;55.7943;55.9576;7316
2015.06.04;04:00:00;57.1044;55.6508;57.0176;56.2537;24765
2015.06.04;08:00:00;57.7753;56.9431;57.258;57.0176;25767
2015.06.04;12:00:00;58.065;57.2225;57.9027;57.2575;6590
2015.06.04;16:00:00;60.2469;57.8265;58.2589;59.2392;22302
2015.06.04;20:00:00;58.3187;56.4387;58.0616;58.2579;15863
2015.06.05;00:00:00;58.3805;57.7653;58.0707;58.0623;2584
2015.06.05;04:00:00;58.0428;56.0722;56.2916;58.0065;16382
2015.06.05;08:00:00;56.9465;56.2523;56.5279;56.2934;10534
2015.06.05;12:00:00;56.8902;56.5186;56.7597;56.5294;3253
2015.06.05;16:00:00;57.9748;56.5733;57.5553;56.6378;16377
2015.06.05;20:00:00;58.3651;57.4535;57.7093;57.5562;11075
2015.06.08;00:00:00;57.8196;57.5028;57.6942;57.7069;2171
2015.06.08;04:00:00;57.9818;57.4998;57.7294;57.7262;20115
2015.06.08;08:00:00;57.9713;56.9332;57.137;57.7248;17368
2015.06.08;12:00:00;57.2129;56.7494;56.8633;57.1383;4837
2015.06.08;16:00:00;57.9547;56.8754;57.8681;57.3209;20923
2015.06.08;20:00:00;58.183;57.5499;57.7774;57.8687;20909
2015.06.09;00:00:00;58.0979;57.7038;58.0751;57.7886;5809
2015.06.09;04:00:00;59.5046;58.1889;58.7041;58.1889;21666
2015.06.09;08:00:00;58.844;58.2807;58.5345;58.7018;21850
2015.06.09;12:00:00;58.8625;58.4921;58.7983;58.5327;4893
2015.06.09;16:00:00;59.4628;58.9256;59.1564;58.9256;17324
2015.06.09;20:00:00;59.2479;58.7269;58.8599;59.1576;14328
2015.06.10;00:00:00;58.9257;58.7834;58.8859;58.859;2822
2015.06.10;04:00:00;58.8738;58.1555;58.4734;58.7223;23568
2015.06.10;08:00:00;58.7667;58.3541;58.6608;58.4738;18683
2015.06.10;12:00:00;58.7608;58.5112;58.6479;58.6584;4215
2015.06.10;16:00:00;59.023;58.6814;58.8524;58.7746;15990
2015.06.10;20:00:00;58.875;58.5396;58.5731;58.8524;15067
2015.06.11;00:00:00;58.7387;58.542;58.6964;58.5736;2640
2015.06.11;04:00:00;58.6859;58.2762;58.4512;58.5179;15666
2015.06.11;08:00:00;58.5451;57.9926;58.0652;58.4498;15751
2015.06.11;12:00:00;58.104;57.9249;58.0026;58.0623;3594
2015.06.11;16:00:00;57.7068;56.7848;56.7966;57.6835;20192
2015.06.11;20:00:00;56.8198;56.2515;56.806;56.7968;15925
2015.06.12;00:00:00;56.8922;56.6923;56.7439;56.8052;2693
2015.06.12;04:00:00;56.2695;54.9682;55.574;56.2087;24717
2015.06.12;08:00:00;56.0359;55.467;55.7849;55.5726;16745
2015.06.12;12:00:00;55.7938;55.6215;55.7124;55.7825;3105
2015.06.12;16:00:00;56.3354;55.407;56.2365;55.6956;18429
2015.06.12;20:00:00;56.9869;56.1719;56.8479;56.2288;17978
2015.06.15;00:00:00;57.1826;56.8356;57.1752;56.8534;4823
2015.06.15;04:00:00;58.5272;57.5764;58.1486;57.8108;19072
2015.06.15;08:00:00;58.937;58.1355;58.8292;58.1467;17889
2015.06.15;12:00:00;59.1702;58.8233;59.1632;58.8233;3376
2015.06.15;16:00:00;59.8217;59.0709;59.184;59.3784;17981
2015.06.15;20:00:00;59.3491;58.2553;59.2194;59.184;14123
2015.06.16;00:00:00;60.2116;59.1948;59.8209;59.2166;4252
2015.06.16;04:00:00;61.9382;60.9081;61.5447;61.425;20850
2015.06.16;08:00:00;61.9267;61.2769;61.4544;61.5462;18539
2015.06.16;12:00:00;61.8498;61.423;61.658;61.4529;2579
2015.06.16;16:00:00;65.5461;63.3153;65.5023;63.3153;9783
2015.06.16;20:00:00;67.1217;63.8896;64.8953;65.5014;11286
2015.06.17;00:00:00;65.0476;64.2583;64.6697;64.8791;3673
2015.06.17;04:00:00;65.5702;62.7473;65.1225;63.1271;17544
2015.06.17;08:00:00;66.6852;64.9141;66.4223;65.1256;15511
2015.06.17;12:00:00;66.9633;66.1959;66.8438;66.4061;2921
2015.06.17;16:00:00;67.8449;64.9967;66.21;66.5923;14705
2015.06.17;20:00:00;66.2709;64.6373;65.6602;66.2219;11689
2015.06.18;00:00:00;65.8013;65.0928;65.1073;65.6395;3067
2015.06.18;04:00:00;66.1797;63.9667;66.0834;64.6626;13314
2015.06.18;08:00:00;67.1747;65.4829;66.8847;66.0809;18692
2015.06.18;12:00:00;67.6622;66.3927;67.4656;66.9072;3548
2015.06.18;16:00:00;66.9871;65.2879;66.0864;66.9474;9911
2015.06.18;20:00:00;66.4719;65.1002;65.1002;66.0768;11772
2015.06.19;00:00:00;65.6467;64.9141;65.0489;65.2219;1795
2015.06.19;04:00:00;65.849;64.923;65.7318;64.9638;15199
2015.06.19;08:00:00;65.9554;65.1753;65.4945;65.7354;10632
2015.06.19;12:00:00;65.9;65.487;65.8279;65.487;3907
2015.06.19;16:00:00;67.0634;66.4452;66.9376;66.5002;9375
2015.06.19;20:00:00;67.1978;66.7391;67.1301;66.9376;6485
2015.06.22;00:00:00;67.4278;67.0954;67.3222;67.1301;3296
2015.06.22;04:00:00;67.3671;66.9316;67.2609;67.0314;22966
2015.06.22;08:00:00;67.8168;67.0551;67.8093;67.262;20236
2015.06.22;12:00:00;68.1303;67.6742;67.9102;67.8093;8228
2015.06.22;16:00:00;68.9515;67.9515;68.7482;68.0959;18299
2015.06.22;20:00:00;69.2005;67.9446;68.821;68.752;16047
2015.06.23;00:00:00;69.0106;68.7159;68.9362;68.8155;4016
2015.06.23;04:00:00;71.9413;69.6416;71.4884;69.7728;14605
2015.06.23;08:00:00;71.7255;71.1318;71.4444;71.4896;15712
2015.06.23;12:00:00;71.7727;71.326;71.6669;71.4437;4592
2015.06.23;16:00:00;73.2883;71.4786;73.0762;72.5661;16369
2015.06.23;20:00:00;76.1377;72.9919;75.5317;73.0731;11615
2015.06.24;00:00:00;78.6547;75.5387;78.0289;75.5428;1896
2015.06.24;04:00:00;85.9618;72.1586;85.8837;75.1992;21047
2015.06.24;08:00:00;97.4883;84.1619;88.7715;85.8844;3896
2015.06.24;12:00:00;90.6848;87.6575;88.6927;88.7715;1561
2015.06.24;16:00:00;89.443;74.4063;84.551;86.0244;9300
2015.06.24;20:00:00;85.2099;74.631;75.9799;84.5219;6985
2015.06.25;00:00:00;77.7255;73.6545;76.2171;75.8543;2315
2015.06.25;04:00:00;78.2077;70.4034;74.9926;72.9607;15267
2015.06.25;08:00:00;76.1868;71.2395;72.1627;74.8779;9781
2015.06.25;12:00:00;73.8178;71.4916;73.3952;72.1592;2017
2015.06.25;16:00:00;74.7008;72.4448;73.4088;74.696;716
2015.06.25;20:00:00;73.2961;72.1887;72.6755;73.0537;1090
2015.06.26;00:00:00;73.0397;72.2992;72.3185;72.661;482
2015.06.26;04:00:00;66.7631;66.3953;66.5642;66.411;275
2015.06.26;08:00:00;68.5752;66.3918;68.5555;66.6943;765
2015.06.26;12:00:00;67.7193;64.1677;66.5881;65.2224;3129
2015.06.26;16:00:00;67.8366;65.9571;66.4447;66.5844;3569
2015.06.26;20:00:00;68.1601;66.3358;66.8977;67.934;702
2015.06.29;00:00:00;69.9696;68.2927;69.9493;68.3862;4106
2015.06.29;04:00:00;71.1443;68.9579;71.0076;69.9164;4416
2015.06.29;08:00:00;71.0572;70.5224;71.0078;71.0158;1155
2015.06.29;12:00:00;76.1393;71.1543;75.5271;71.5329;6718
2015.06.29;16:00:00;75.6266;73.2528;74.6851;75.5328;5919
2015.06.29;20:00:00;74.8996;73.1455;73.2224;74.7209;1306
2015.06.30;00:00:00;75.6359;73.1775;73.455;75.0101;1597
2015.06.30;04:00:00;75.4977;73.3447;74.2484;73.4562;1615
2015.06.30;08:00:00;74.368;72.6283;73.9425;74.2725;413
2015.06.30;12:00:00;73.7206;69.3781;72.3551;71.3988;20471
2015.06.30;16:00:00;72.5526;69.459;71.0633;71.834;9727
2015.06.30;20:00:00;71.2077;69.454;70.4815;71.0587;2761
2015.07.01;00:00:00;73.029;68.7023;72.7491;69.1186;13832
2015.07.01;04:00:00;72.9302;69.2626;70.7313;72.7548;12991
2015.07.01;08:00:00;72.345;69.4643;71.6147;71.9816;2701
2015.07.01;12:00:00;74.5276;71.8045;73.6993;72.7534;11776
2015.07.01;16:00:00;74.9093;72.8805;74.8709;73.7024;7216
2015.07.01;20:00:00;74.9652;74.0759;74.2657;74.8663;2155
2015.07.02;00:00:00;77.29;74.8016;76.7449;75.0341;7295
2015.07.02;04:00:00;78.1945;76.3193;77.1196;76.7172;8751
2015.07.02;08:00:00;77.3029;74.9971;77.1539;77.088;1957
2015.07.02;12:00:00;78.3367;76.5807;77.5335;77.649;5018
2015.07.02;16:00:00;78.8438;77.1454;78.0115;77.5302;5849
2015.07.02;20:00:00;78.0218;76.7917;77.6839;77.9294;1516
2015.07.03;00:00:00;77.0873;73.8304;76.9144;74.3876;13671
2015.07.03;04:00:00;77.0392;73.678;75.397;76.9614;15466
2015.07.03;08:00:00;75.6269;73.9036;75.0054;75.4306;3347
2015.07.03;12:00:00;75.9384;75.0582;75.473;75.7128;12423
2015.07.03;16:00:00;75.7259;75.2434;75.4336;75.473;6652
2015.07.03;20:00:00;75.4883;74.5016;74.6688;75.4034;1373
2015.07.06;00:00:00;75.228;74.1584;74.5891;75.177;6255
2015.07.06;04:00:00;75.3867;74.1179;75.3028;74.5073;4743
2015.07.06;08:00:00;75.385;74.9607;75.2768;75.2985;868
2015.07.06;12:00:00;75.5697;74.6298;75.433;74.7176;4893
2015.07.06;16:00:00;76.0777;74.1356;75.6002;75.4178;4541
2015.07.06;20:00:00;75.8647;75.2551;75.6747;75.5874;2318
2015.07.07;00:00:00;76.3926;75.1457;76.0734;75.4867;6215
2015.07.07;04:00:00;76.6444;75.5492;75.8702;76.0567;6004
2015.07.07;08:00:00;76.0981;75.1107;75.4727;75.8702;2393
2015.07.07;12:00:00;75.9966;75.1784;75.6859;75.2805;6485
2015.07.07;16:00:00;75.8414;73.7934;73.9374;75.658;10953
2015.07.07;20:00:00;74.1544;72.9212;73.275;73.9288;2407
2015.07.08;00:00:00;72.3193;70.7283;71.9699;71.8593;10416
2015.07.08;04:00:00;72.4112;71.1594;72.0533;71.9685;10346
2015.07.08;08:00:00;72.2711;71.6474;71.7391;71.7932;2070
2015.07.08;12:00:00;73.9897;71.9554;73.5572;71.9965;11260
2015.07.08;16:00:00;74.1015;73.4055;74.0159;73.5297;6933
2015.07.08;20:00:00;74.7219;73.9749;74.4436;74.0042;2571
2015.07.09;00:00:00;76.8873;75.2823;76.4597;76.423;29555
2015.07.09;04:00:00;77.0526;75.6972;76.8922;76.4029;16494
2015.07.09;08:00:00;76.9688;76.0884;76.5871;76.8506;5901
2015.07.09;12:00:00;76.6341;74.8951;76.3349;75.9164;26903
2015.07.09;16:00:00;77.1566;76.168;76.8624;76.3436;20730
2015.07.09;20:00:00;76.9247;76.3982;76.6647;76.8523;4530
2015.07.10;00:00:00;78.1929;76.1227;78.1822;76.5027;22016
2015.07.10;04:00:00;78.5265;77.4143;77.8692;78.1925;19476
2015.07.10;08:00:00;78.3975;77.3718;78.2432;77.8857;3629
2015.07.10;12:00:00;80.5237;76.5436;80.3045;76.752;24951
2015.07.10;16:00:00;81.4667;78.7139;79.1382;80.3158;28641
2015.07.10;20:00:00;79.6151;78.7428;79.2799;79.1433;4032
2015.07.13;00:00:00;79.7693;76.8;78.8316;78.2566;42360
2015.07.13;04:00:00;78.9064;77.2479;77.3136;78.8258;37066
2015.07.13;08:00:00;78.0752;77.2996;77.7879;77.3491;5260
2015.07.13;12:00:00;77.2981;74.719;75.7746;76.4908;33302
2015.07.13;16:00:00;75.8546;74.3881;75.4083;75.7289;28504
2015.07.13;20:00:00;75.8974;75.2914;75.8892;75.5579;6117
2015.07.14;00:00:00;76.2368;73.5956;75.6751;74.3701;39865
2015.07.14;04:00:00;76.6843;75.0847;76.3699;75.6734;32575
2015.07.14;08:00:00;77.6098;76.1345;77.3548;76.3873;5399
2015.07.14;12:00:00;78.2153;75.1139;75.6961;77.557;36276
2015.07.14;16:00:00;77.0377;74.6984;75.9065;75.7436;50734
2015.07.14;20:00:00;76.5334;74.9895;76.0505;75.8813;7468
2015.07.15;00:00:00;75.9816;74.6666;75.6164;75.1887;34862
2015.07.15;04:00:00;77.0626;75.125;75.9586;75.6115;27766
2015.07.15;08:00:00;76.0436;75.0117;75.9407;75.9485;2983
2015.07.15;12:00:00;75.6402;72.9007;74.7837;75.0018;36410
2015.07.15;16:00:00;74.9895;73.6312;74.3687;74.7479;28013
2015.07.15;20:00:00;74.5215;73.4487;74.4226;74.3806;3858
2015.07.16;00:00:00;74.7336;73.3956;74.19;73.6791;18336
2015.07.16;04:00:00;74.916;73.8047;74.8951;74.1211;13442
2015.07.16;08:00:00;75.1865;74.3894;75.0233;74.9067;1524
2015.07.16;12:00:00;75.2022;73.7186;74.7532;73.8408;14610
2015.07.16;16:00:00;75.4835;74.0505;75.1871;74.7528;6857
2015.07.16;20:00:00;75.5178;74.7686;75.4458;75.2084;1176
2015.07.17;00:00:00;76.1405;72.8365;74.2003;72.9496;21640
2015.07.17;04:00:00;75.5807;73.3278;74.6034;74.1452;18366
2015.07.17;08:00:00;75.082;74.5958;74.9879;74.606;4232
2015.07.17;12:00:00;74.9024;73.1631;73.8196;74.0191;16063
2015.07.17;16:00:00;74.1745;71.7625;72.228;73.8387;17010
2015.07.17;20:00:00;72.5338;71.918;71.918;72.2521;1423
2015.07.20;00:00:00;72.1122;70.3458;71.2435;71.2934;11882
2015.07.20;04:00:00;71.6713;70.7239;71.5919;71.2582;7941
2015.07.20;08:00:00;72.3283;71.1559;71.9292;71.6044;1586
2015.07.20;12:00:00;71.6968;69.8784;71.0862;71.1659;6572
2015.07.20;16:00:00;72.2496;70.7987;71.3682;71.0972;5766
2015.07.20;20:00:00;72.056;71.3377;72.0301;71.7998;1906
2015.07.21;00:00:00;71.395;70.5199;71.1478;70.9344;7318
2015.07.21;04:00:00;71.1687;69.4854;69.8;71.1574;7220
2015.07.21;08:00:00;69.898;69.402;69.5771;69.8136;1173
2015.07.21;12:00:00;71.1913;70.0137;70.6963;70.6703;5243
2015.07.21;16:00:00;71.1478;70.0636;70.5219;70.686;5106
2015.07.21;20:00:00;71.1653;70.5045;71.0776;70.5058;624
2015.07.22;00:00:00;70.5109;68.9883;70.393;70.0869;7499
2015.07.22;04:00:00;70.4468;69.8905;70.0879;70.3344;3332
2015.07.22;08:00:00;70.5527;70.0535;70.4203;70.1081;955
2015.07.22;12:00:00;72.98;70.6468;72.4086;70.7851;1902
2015.07.22;16:00:00;72.6846;71.9357;71.9357;72.399;1324
2015.07.22;20:00:00;72.2445;71.5913;71.6954;71.9491;268
2015.07.23;00:00:00;72.4345;71.0239;71.2674;71.9719;6587
2015.07.23;04:00:00;71.5836;71.0569;71.0569;71.2617;10078
2015.07.23;08:00:00;71.4678;70.7207;71.1714;71.0676;2020
2015.07.23;12:00:00;71.2673;70.3829;70.7381;70.8988;7100
2015.07.23;16:00:00;70.7396;69.8138;69.9391;70.7236;7938
2015.07.23;20:00:00;70.7307;69.9415;70.6611;69.9682;1313
2015.07.24;00:00:00;69.5051;67.8869;68.5554;69.2275;7433
2015.07.24;04:00:00;68.8592;67.7205;68.1913;68.5441;4700
2015.07.24;08:00:00;68.265;67.6802;68.1835;68.1824;771
2015.07.24;12:00:00;69.0374;67.6198;68.752;67.7241;8077
2015.07.24;16:00:00;69.6533;68.6081;69.0136;68.7464;6452
2015.07.24;20:00:00;69.374;68.5641;69.2462;68.9964;944
2015.07.27;00:00:00;69.8179;68.5844;69.5782;69.1224;20557
2015.07.27;04:00:00;69.9867;69.538;69.725;69.5829;9607
2015.07.27;08:00:00;69.8002;69.4453;69.61;69.6985;4760
2015.07.27;12:00:00;70.0333;69.3666;69.5306;69.6679;20571
2015.07.27;16:00:00;69.6388;69.1449;69.5759;69.5308;10510
2015.07.27;20:00:00;69.5812;69.3248;69.4158;69.5812;761
2015.07.28;00:00:00;69.2389;68.4766;68.8384;68.8033;10200
2015.07.28;04:00:00;68.9914;67.9499;68.5564;68.8334;13427
2015.07.28;08:00:00;69.03;68.5269;68.7872;68.5515;1745
2015.07.28;12:00:00;68.41;67.8115;68.0846;67.8128;10191
2015.07.28;16:00:00;68.1396;66.6751;66.6999;68.0899;13478
2015.07.28;20:00:00;67.1672;66.6637;67.0326;66.6755;3130
2015.07.29;00:00:00;66.5517;65.0616;65.5352;66.3887;25031
2015.07.29;04:00:00;65.5499;64.506;65.2667;65.5394;13908
2015.07.29;08:00:00;65.5841;65.1545;65.5004;65.2617;2511
2015.07.29;12:00:00;66.4299;65.1298;66.126;65.1678;2294
2015.07.29;16:00:00;66.3086;65.3912;65.5659;66.1217;2022
2015.07.29;20:00:00;65.6759;64.9249;65.2989;65.5707;454
2015.07.30;00:00:00;65.8762;64.6101;65.5971;65.4179;22751
2015.07.30;04:00:00;66.4652;65.4164;66.3429;65.6013;18506
2015.07.30;08:00:00;66.7;66.2472;66.6886;66.3503;1987
2015.07.30;12:00:00;67.2723;66.1676;66.2317;66.4165;28489
2015.07.30;16:00:00;66.3074;65.1979;65.7232;66.2273;27311
2015.07.30;20:00:00;65.9831;65.1262;65.5801;65.7282;5870
2015.07.31;00:00:00;64.9741;64.0664;64.6082;64.533;24115
2015.07.31;04:00:00;64.8317;64.0261;64.6203;64.6039;14705
2015.07.31;08:00:00;64.873;64.4573;64.8502;64.6147;3388
2015.07.31;12:00:00;65.3283;64.3511;64.8378;64.8452;24363
2015.07.31;16:00:00;64.8772;63.9681;64.5551;64.8474;29378
2015.07.31;20:00:00;64.8924;64.1664;64.8628;64.5407;4301
2015.08.03;00:00:00;65.6442;65.0071;65.4733;65.4497;12325
2015.08.03;04:00:00;66.1953;65.3016;66.1301;65.4751;8542
2015.08.03;08:00:00;66.2601;65.5456;65.92;66.1351;1410
2015.08.03;12:00:00;65.6611;64.8866;65.5203;65.6164;16192
2015.08.03;16:00:00;65.8666;65.2108;65.6846;65.5249;12518
2015.08.03;20:00:00;65.7284;64.925;65.3606;65.6796;1286
2015.08.04;00:00:00;65.193;64.48;64.8801;64.7052;11098
2015.08.04;04:00:00;65.0738;64.7804;64.9942;64.8753;11902
2015.08.04;08:00:00;65.0804;64.607;64.8072;64.978;1308
2015.08.04;12:00:00;64.4859;63.7883;64.3468;64.0463;25026
2015.08.04;16:00:00;64.4917;63.5394;63.8227;64.351;11774
2015.08.04;20:00:00;63.9464;63.1732;63.3777;63.8145;4648
2015.08.05;00:00:00;64.5183;63.848;64.4245;63.9278;9967
2015.08.05;04:00:00;65.1127;63.6973;64.1515;64.416;18386
2015.08.05;08:00:00;64.3351;63.8306;63.8648;64.1467;5144
2015.08.05;12:00:00;64.5944;63.6289;64.1684;63.8275;19394
2015.08.05;16:00:00;64.4161;63.7477;64.2164;64.1745;15415
2015.08.05;20:00:00;64.2653;63.9073;64.1473;64.2227;2465
2015.08.06;00:00:00;64.4576;63.6421;63.7125;64.1103;15580
2015.08.06;04:00:00;63.7344;62.8286;62.9758;63.7083;15915
2015.08.06;08:00:00;63.2358;62.883;62.959;62.9664;2232
2015.08.06;12:00:00;63.3145;61.8873;62.3629;62.7629;14922
2015.08.06;16:00:00;62.9697;62.1521;62.842;62.3572;15356
2015.08.06;20:00:00;63.6294;62.5006;63.1798;62.8648;3901
2015.08.07;00:00:00;62.6956;61.0476;62.4176;61.9811;28740
2015.08.07;04:00:00;62.7699;61.8307;62.3832;62.413;23306
2015.08.07;08:00:00;62.7606;61.8423;62.591;62.388;2384
2015.08.07;12:00:00;62.8216;61.9523;62.3307;62.1399;14342
2015.08.07;16:00:00;62.7628;62.0346;62.4778;62.3264;13413
2015.08.07;20:00:00;62.9475;62.3687;62.8671;62.4884;3246
2015.08.10;00:00:00;63.5371;62.5534;62.7728;62.5582;15078
2015.08.10;04:00:00;62.921;62.114;62.3924;62.7687;14549
2015.08.10;08:00:00;62.794;62.3738;62.553;62.4066;4784
2015.08.10;12:00:00;62.4174;61.6331;62.1095;61.6459;10021
2015.08.10;16:00:00;62.6017;62.0754;62.1916;62.1141;10705
2015.08.10;20:00:00;62.6042;62.1187;62.3714;62.1795;4338
2015.08.11;00:00:00;62.9022;62.2726;62.5883;62.3326;9806
2015.08.11;04:00:00;62.7317;61.7449;62.1761;62.5842;9701
2015.08.11;08:00:00;62.3097;61.5854;61.9453;61.6046;5951
2015.08.11;12:00:00;62.1005;60.596;62.0307;61.1729;13183
2015.08.11;16:00:00;62.4385;61.9079;62.3273;62.0522;10388
2015.08.11;20:00:00;62.5021;62.259;62.4394;62.3341;5930
2015.08.12;00:00:00;62.1251;61.2995;61.8324;61.8693;11434
2015.08.12;04:00:00;62.0105;61.097;61.104;61.8375;12387
2015.08.12;08:00:00;61.4752;61.0872;61.1591;61.1199;2729
2015.08.12;12:00:00;60.6623;60.0351;60.125;60.4629;13760
2015.08.12;16:00:00;60.1585;59.3967;59.926;60.1273;8500
2015.08.12;20:00:00;60.0085;59.608;59.6492;59.92;2446
2015.08.13;00:00:00;59.3453;57.9889;58.466;58.5285;21158
2015.08.13;04:00:00;58.765;58.1155;58.3733;58.4546;13161
2015.08.13;08:00:00;58.4976;58.065;58.2268;58.3663;3585
2015.08.13;12:00:00;57.4748;56.1148;56.403;57.0287;18556
2015.08.13;16:00:00;56.4851;55.4196;56.0567;56.3962;11347
2015.08.13;20:00:00;56.2958;55.8508;56.1991;56.0514;3967
2015.08.14;00:00:00;54.9105;53.4924;53.5765;54.9042;18471
2015.08.14;04:00:00;55.6172;53.3339;54.9897;53.5824;33040
2015.08.14;08:00:00;55.5154;54.9173;55.1356;54.9937;11381
2015.08.14;12:00:00;56.5215;54.9067;55.3954;56.1376;30519
2015.08.14;16:00:00;56.1316;54.8079;56.0342;55.3945;21842
2015.08.14;20:00:00;56.1393;55.7423;55.755;56.0299;4196
2015.08.17;00:00:00;55.052;54.2299;54.6553;54.8427;22397
2015.08.17;04:00:00;55.2581;54.0255;55.1472;54.6477;15885
2015.08.17;08:00:00;55.2408;54.7694;54.8043;55.1538;6554
2015.08.17;12:00:00;54.0385;53.2423;53.6264;53.7196;14725
2015.08.17;16:00:00;54.0775;53.4951;53.6453;53.6216;12313
2015.08.17;20:00:00;53.8123;53.4596;53.5927;53.6498;4863
2015.08.18;00:00:00;53.2695;52.2757;53.2243;52.4773;12756
2015.08.18;04:00:00;53.8152;53.0887;53.5875;53.2201;23903
2015.08.18;08:00:00;53.7226;53.4259;53.4966;53.5835;6870
2015.08.18;12:00:00;55.2526;53.1486;55.0475;53.5448;24793
2015.08.18;16:00:00;55.744;54.5541;55.4713;55.0437;17102
2015.08.18;20:00:00;56.5963;55.4357;56.5122;55.4579;5582
2015.08.19;00:00:00;55.8328;54.9413;55.428;54.9453;14576
2015.08.19;04:00:00;57.7471;55.3029;57.0873;55.4323;19139
2015.08.19;08:00:00;57.1723;56.6825;56.9586;57.0918;6035
2015.08.19;12:00:00;57.7422;55.3081;57.2211;57.1138;15501
2015.08.19;16:00:00;57.7216;56.6897;57.4263;57.2201;21052
2015.08.19;20:00:00;57.6224;57.2116;57.5361;57.433;3551
2015.08.20;00:00:00;58.0263;56.8193;57.6389;57.5565;24295
2015.08.20;04:00:00;57.658;56.4072;56.6528;57.6346;23208
2015.08.20;08:00:00;56.8786;56.4837;56.6684;56.6501;6601
2015.08.20;12:00:00;55.9333;54.7496;55.4245;55.7545;17314
2015.08.20;16:00:00;55.615;54.6782;54.6832;55.4181;16668
2015.08.20;20:00:00;55.1109;54.6017;54.9245;54.6788;3653
2015.08.21;00:00:00;55.2495;54.3444;55.0364;54.619;15396
2015.08.21;04:00:00;55.7219;54.9527;55.5329;55.0314;14207
2015.08.21;08:00:00;55.7334;55.1352;55.7334;55.5372;10039
2015.08.21;12:00:00;56.3577;54.2743;55.6987;54.3554;18554
2015.08.21;16:00:00;56.0673;55.5411;55.6927;55.7026;33103
2015.08.21;20:00:00;56.46;55.6022;56.3581;55.6884;7042
2015.08.24;00:00:00;57.1083;56.0164;56.6081;56.0164;17929
2015.08.24;04:00:00;57.2599;56.5797;56.7171;56.6019;17584
2015.08.24;08:00:00;57.0664;56.5098;56.6402;56.7091;4340
2015.08.24;12:00:00;56.9901;56.3359;56.7908;56.4897;14816
2015.08.24;16:00:00;56.9512;56.4318;56.9021;56.7914;10977
2015.08.24;20:00:00;57.2748;56.8727;56.9363;56.8987;6020
2015.08.25;00:00:00;57.8783;56.3145;57.7493;56.3338;34161
2015.08.25;04:00:00;58.1646;57.1225;57.3549;57.7504;23537
2015.08.25;08:00:00;57.8287;57.3283;57.7725;57.3637;6224
2015.08.25;12:00:00;57.9525;57.4129;57.6521;57.5087;15675
2015.08.25;16:00:00;58.1452;57.6032;57.8609;57.6521;14323
2015.08.25;20:00:00;58.1498;57.8019;58.1013;57.8636;8036
2015.08.26;00:00:00;57.6583;56.7574;57.3334;56.9115;6419
2015.08.26;04:00:00;58.0011;56.8277;57.1784;57.7778;13778
2015.08.26;08:00:00;57.3465;56.1801;56.3841;57.1784;16683
2015.08.26;12:00:00;56.7521;56.1844;56.5157;56.3293;4629
2015.08.26;16:00:00;56.8376;55.8324;56.1693;56.6643;9687
2015.08.26;20:00:00;56.5784;55.7527;56.5101;56.1668;14732
2015.08.27;00:00:00;57.3153;56.3732;57.2214;56.5165;3867
2015.08.27;04:00:00;57.8593;56.8267;57.5268;57.5828;13925
2015.08.27;08:00:00;57.564;56.4808;57.0673;57.5314;11350
2015.08.27;12:00:00;57.0994;56.7035;56.7345;57.0687;5700
2015.08.27;16:00:00;57.5294;55.8303;57.319;56.3121;14165
2015.08.27;20:00:00;57.4851;56.5403;57.2384;57.3129;14004
2015.08.28;00:00:00;57.36;56.9508;57.1385;57.2454;3959
2015.08.28;04:00:00;57.5449;56.4145;57.1724;56.4398;29872
2015.08.28;08:00:00;57.1815;56.7624;57.0078;57.1728;34386
2015.08.28;12:00:00;57.0917;56.2516;56.2737;57.0084;8469
2015.08.28;16:00:00;56.4936;55.4304;55.6431;56.1884;9155
2015.08.28;20:00:00;55.8206;55.1249;55.4223;55.636;8872
2015.08.31;00:00:00;55.894;55.42;55.8319;55.4282;5732
2015.08.31;04:00:00;57.7829;55.451;57.0606;55.5094;27878
2015.08.31;08:00:00;57.2151;56.5672;56.9262;57.0652;12834
2015.08.31;12:00:00;57.206;56.8778;57.0543;56.9262;6862
2015.08.31;16:00:00;57.161;56.7321;56.8131;56.9278;12737
2015.08.31;20:00:00;56.9378;56.5006;56.7072;56.8087;9783
2015.09.01;00:00:00;56.9456;56.5178;56.6556;56.7427;4799
2015.09.01;04:00:00;56.4491;55.7263;55.9798;56.4292;9098
2015.09.01;08:00:00;56.165;55.6465;55.7222;55.9876;7668
2015.09.01;12:00:00;55.8266;55.5186;55.6427;55.7233;3434
2015.09.01;16:00:00;55.9569;54.8823;55.2277;55.4779;15365
2015.09.01;20:00:00;55.3716;54.8256;55.1725;55.2286;10833
2015.09.02;00:00:00;55.295;55.008;55.083;55.1719;3896
2015.09.02;04:00:00;55.7323;54.7458;55.6123;54.857;15354
2015.09.02;08:00:00;55.7972;55.3137;55.3652;55.6284;18314
2015.09.02;12:00:00;55.5719;55.3471;55.3839;55.3606;2493
2015.09.02;16:00:00;55.7173;55.0395;55.4425;55.1676;9041
2015.09.02;20:00:00;55.5976;54.7707;54.9617;55.4441;13156
2015.09.03;00:00:00;55.6167;54.9686;55.4145;54.9686;2781
2015.09.03;04:00:00;55.9736;55.0158;55.8826;55.4024;5158
2015.09.03;08:00:00;55.9741;54.9791;55.1227;55.8772;5784
2015.09.03;12:00:00;55.1398;54.9405;54.9902;55.1152;1230
2015.09.03;16:00:00;54.9333;54.0598;54.8414;54.6749;12883
2015.09.03;20:00:00;54.9298;54.7391;54.8165;54.8296;7809
2015.09.04;00:00:00;54.8816;54.7837;54.8318;54.8165;1815
2015.09.04;04:00:00;55.0388;54.3499;55.0149;54.4335;12793
2015.09.04;08:00:00;55.2203;54.64;54.7947;55.0104;13738
2015.09.04;12:00:00;55.1718;54.7516;55.1189;54.7847;3948
2015.09.04;16:00:00;56.1133;55.2281;55.9766;55.2653;9931
2015.09.04;20:00:00;56.4718;55.9289;55.9503;55.9725;14938
2015.09.07;00:00:00;56.3676;55.899;56.3576;55.9404;4998
2015.09.07;04:00:00;57.3981;56.3023;57.2468;56.3023;10730
2015.09.07;08:00:00;57.6684;56.65;57.6195;57.2538;11962
2015.09.07;12:00:00;57.7569;57.5527;57.74;57.6212;2586
2015.09.07;16:00:00;58.2101;57.0192;57.7126;57.5526;13921
2015.09.07;20:00:00;57.8568;56.7022;57.5977;57.717;24731
2015.09.08;00:00:00;57.7713;57.3927;57.5363;57.6044;5825
2015.09.08;04:00:00;58.2174;57.1709;58.1172;57.3417;9842
2015.09.08;08:00:00;58.414;58.0074;58.1585;58.1127;11224
2015.09.08;12:00:00;58.2511;57.8969;58.0293;58.082;3235
2015.09.08;16:00:00;58.8835;58.0577;58.4922;58.0577;9454
2015.09.08;20:00:00;59.3249;58.4687;59.0287;58.4881;19105
2015.09.09;00:00:00;59.3648;58.9591;59.0676;59.0207;8668
2015.09.09;04:00:00;59.4202;58.6293;59.3553;58.8499;15792
2015.09.09;08:00:00;60.5375;59.1859;60.1705;59.3613;21807
2015.09.09;12:00:00;61.1437;60.1704;60.973;60.1704;4923
2015.09.09;16:00:00;62.672;61.0072;62.4392;61.0072;27269
2015.09.09;20:00:00;62.7739;61.3758;62.7048;62.4392;19076
2015.09.10;00:00:00;63.0438;62.6018;62.8857;62.6999;3052
2015.09.10;04:00:00;63.7824;62.1882;62.8475;62.8406;9830
2015.09.10;08:00:00;63.2333;61.7418;62.8724;62.8395;15432
2015.09.10;12:00:00;62.9934;62.4228;62.8611;62.8644;3701
2015.09.10;16:00:00;62.7952;61.2954;62.5648;61.8767;12167
2015.09.10;20:00:00;62.9646;62.181;62.6238;62.5402;14589
2015.09.11;00:00:00;63.0991;62.6131;62.9116;62.6243;2746
2015.09.11;04:00:00;63.3158;62.4899;63.0947;62.9432;11496
2015.09.11;08:00:00;63.1742;62.45;62.5295;63.1006;16674
2015.09.11;12:00:00;62.6708;62.4216;62.4817;62.5328;5371
2015.09.11;16:00:00;62.7699;61.0066;61.0346;62.4883;24534
2015.09.11;20:00:00;61.5895;60.9671;61.4605;61.0351;15025
2015.09.14;00:00:00;61.4861;60.6905;61.0259;61.4659;4849
2015.09.14;04:00:00;61.7373;60.824;61.6988;60.9527;13801
2015.09.14;08:00:00;61.8437;60.6752;61.3286;61.7143;13049
2015.09.14;12:00:00;61.6202;61.2308;61.4789;61.3296;3900
2015.09.14;16:00:00;61.787;60.5878;61.5508;61.1427;3436
2015.09.14;20:00:00;61.9014;61.3732;61.6953;61.5464;2712
2015.09.15;00:00:00;62.1175;61.6334;62.0937;61.6893;912
2015.09.15;04:00:00;62.3644;61.5158;61.726;61.8974;12829
2015.09.15;08:00:00;61.9555;61.2087;61.3392;61.7184;11698
2015.09.15;12:00:00;61.4838;61.1836;61.3001;61.319;4905
2015.09.15;16:00:00;61.5952;60.7382;61.0143;61.2122;27835
2015.09.15;20:00:00;61.0899;60.5544;60.8334;61.0143;29959
2015.09.16;00:00:00;60.8956;60.6061;60.696;60.8339;6343
2015.09.16;04:00:00;61.0931;59.2706;60.9286;60.4594;11759
2015.09.16;08:00:00;61.0413;60.686;60.9618;60.918;12951
2015.09.16;12:00:00;61.1731;60.7224;60.7804;60.9619;4878
2015.09.16;16:00:00;61.1508;60.2376;60.865;60.8226;12846
2015.09.16;20:00:00;61.1463;60.4785;60.4851;60.8436;13139
2015.09.17;00:00:00;61.0519;60.3795;60.9855;60.4914;3190
2015.09.17;04:00:00;61.3816;59.6052;61.2773;60.1334;18163
2015.09.17;08:00:00;61.7201;61.1881;61.5081;61.2819;15303
2015.09.17;12:00:00;61.5813;61.312;61.4434;61.5143;7098
2015.09.17;16:00:00;61.307;60.4178;60.984;60.4782;9859
2015.09.17;20:00:00;61.4315;60.8639;60.9136;60.9795;10702
2015.09.18;00:00:00;61.4484;60.8698;61.3805;60.8751;6100
2015.09.18;04:00:00;61.2865;60.3479;61.0927;60.69;28047
2015.09.18;08:00:00;61.2162;60.453;60.453;61.0928;18236
2015.09.18;12:00:00;60.7965;60.3207;60.4803;60.4462;4128
2015.09.18;16:00:00;60.8956;59.9405;60.73;60.1614;12728
2015.09.18;20:00:00;60.9519;60.1075;60.7343;60.725;12122
2015.09.21;00:00:00;60.792;60.6269;60.7666;60.7274;4439
2015.09.21;04:00:00;61.5837;60.1047;60.9742;60.7976;11014
2015.09.21;08:00:00;61.2397;60.6463;61.0656;60.9694;10367
2015.09.21;12:00:00;61.3263;61.0142;61.2025;61.06;3724
2015.09.21;16:00:00;61.7843;61.0261;61.7443;61.0888;7251
2015.09.21;20:00:00;61.8914;61.5797;61.6152;61.7487;10818
2015.09.22;00:00:00;61.791;61.3069;61.3371;61.5965;4292
2015.09.22;04:00:00;61.735;60.7473;61.5259;60.8328;17377
2015.09.22;08:00:00;61.8736;61.416;61.5495;61.5261;18089
2015.09.22;12:00:00;61.8708;61.4425;61.7848;61.5473;6166
2015.09.22;16:00:00;62.584;61.6368;62.125;61.6527;33833
2015.09.22;20:00:00;62.5699;62.0551;62.1925;62.1238;18792
2015.09.23;00:00:00;62.5142;61.9826;62.0256;62.1975;3488
2015.09.23;04:00:00;61.9151;61.3861;61.4907;61.7147;34587
2015.09.23;08:00:00;61.6472;60.8593;61.4826;61.4913;14460
2015.09.23;12:00:00;61.7223;61.4085;61.6841;61.4711;3713
2015.09.23;16:00:00;61.898;61.327;61.7383;61.7663;11625
2015.09.23;20:00:00;61.819;61.2262;61.2262;61.7447;10146
2015.09.24;00:00:00;61.6167;61.2148;61.5811;61.2306;2314
2015.09.24;04:00:00;61.9976;61.1477;61.8979;61.1576;6718
2015.09.24;08:00:00;61.9801;61.6933;61.8933;61.9038;21298
2015.09.24;12:00:00;61.975;61.8704;61.9455;61.8934;5817
2015.09.24;16:00:00;62.6704;61.818;62.2989;61.9525;8898
2015.09.24;20:00:00;62.347;62.0517;62.0918;62.3039;17794
2015.09.25;00:00:00;62.6851;62.0715;62.6466;62.0962;2570
2015.09.25;04:00:00;63.2916;62.3886;62.8793;62.5419;13465
2015.09.25;08:00:00;63.0876;62.5843;62.9806;62.8814;14049
2015.09.25;12:00:00;63.0901;62.8694;62.9291;62.9752;2892
2015.09.25;16:00:00;63.3763;62.2763;62.8491;62.4189;17933
2015.09.25;20:00:00;63.219;62.7238;63.1213;62.848;18794
2015.09.28;00:00:00;63.4812;63.0664;63.3468;63.1255;4152
2015.09.28;04:00:00;63.4675;62.4608;62.9573;63.3292;14787
2015.09.28;08:00:00;62.9937;61.9459;62.7372;62.9588;17787
2015.09.28;12:00:00;62.9735;62.7005;62.9681;62.7424;5091
2015.09.28;16:00:00;63.3035;62.2806;63.2323;62.2806;14668
2015.09.28;20:00:00;63.4361;62.9301;63.1522;63.2366;17441
2015.09.29;00:00:00;63.2943;62.945;63.2719;63.1545;4481
2015.09.29;04:00:00;63.3459;62.2458;62.7818;62.9074;17988
2015.09.29;08:00:00;62.8161;62.5288;62.5782;62.7764;11071
2015.09.29;12:00:00;62.6542;62.4847;62.4889;62.5703;2021
2015.09.29;16:00:00;62.9141;61.7977;62.8339;61.964;28359
2015.09.29;20:00:00;62.8851;61.9251;62.4252;62.8371;22083
2015.09.30;00:00:00;62.4772;62.1166;62.1882;62.4234;2675
2015.09.30;04:00:00;62.5262;61.7763;62.3459;61.9535;5974
2015.09.30;08:00:00;62.5352;62.082;62.3032;62.3501;13920
2015.09.30;12:00:00;62.4057;62.1824;62.2702;62.3032;4312
2015.09.30;16:00:00;62.3857;61.9463;62.0172;62.0947;10278
2015.09.30;20:00:00;62.0763;61.1817;61.2565;62.013;24083
2015.10.01;00:00:00;61.7984;61.2582;61.6467;61.2632;6584
2015.10.01;04:00:00;61.9832;61.6889;61.8477;61.6889;9148
2015.10.01;08:00:00;62.0303;61.3976;61.8839;61.8494;13258
2015.10.01;12:00:00;61.9548;61.7846;61.9377;61.8892;5431
2015.10.01;16:00:00;61.8597;61.5061;61.6671;61.5333;10312
2015.10.01;20:00:00;61.8974;61.6416;61.7582;61.6667;8192
2015.10.02;00:00:00;61.894;61.7454;61.7581;61.7619;4356
2015.10.02;04:00:00;61.8834;61.5449;61.8268;61.6325;8274
2015.10.02;08:00:00;61.9754;61.7692;61.8456;61.8226;15584
2015.10.02;12:00:00;62.1754;61.8373;62.125;61.8447;4369
2015.10.02;16:00:00;62.5186;62.0485;62.4255;62.0592;17818
2015.10.02;20:00:00;62.4687;61.9288;61.9333;62.4316;15832
2015.10.05;00:00:00;62.2361;61.9186;62.1537;61.9277;7117
2015.10.05;04:00:00;63.197;62.0792;63.197;62.7275;14537
2015.10.05;08:00:00;63.2814;62.9539;63.1642;63.1971;13323
2015.10.05;12:00:00;63.2956;63.0495;63.0931;63.1664;1566
2015.10.05;16:00:00;63.7774;63.0146;63.6445;63.2201;13218
2015.10.05;20:00:00;64.2435;63.598;64.1509;63.6398;17777
2015.10.06;00:00:00;64.3711;64.1315;64.3553;64.2077;5768
2015.10.06;04:00:00;65.9999;63.941;65.8972;64.125;13678
2015.10.06;08:00:00;66.2569;65.6479;65.9001;65.9094;13953
2015.10.06;12:00:00;65.9716;65.6776;65.9046;65.9014;3505
2015.10.06;16:00:00;66.8523;65.5838;66.3161;65.8334;14028
2015.10.06;20:00:00;66.5234;66.1328;66.4373;66.3116;6226
2015.10.07;00:00:00;67.2111;66.4089;66.8344;66.4421;3080
2015.10.07;04:00:00;66.3554;65.2119;65.7867;66.3081;7521
2015.10.07;08:00:00;65.9911;65.4149;65.8061;65.7811;8249
2015.10.07;12:00:00;65.8181;65.2012;65.3286;65.8181;3379
2015.10.07;16:00:00;65.1368;64.0285;65.0473;64.3424;10577
2015.10.07;20:00:00;65.4423;64.9603;65.267;65.0491;12340
2015.10.08;00:00:00;65.2973;64.7014;64.8999;65.2664;3061
2015.10.08;04:00:00;66.0622;64.9289;66.0447;64.9778;18473
2015.10.08;08:00:00;67.2918;65.9451;66.992;66.0447;22924
2015.10.08;12:00:00;67.4865;66.9695;67.1861;66.9794;6320
2015.10.08;16:00:00;68.8067;66.7856;68.4667;66.7856;23342
2015.10.08;20:00:00;68.7318;68.1132;68.5343;68.4503;27904
2015.10.09;00:00:00;68.6541;68.2558;68.2718;68.5343;5668
2015.10.09;04:00:00;69.367;68.3934;68.7329;69.2525;7863
2015.10.09;08:00:00;68.9029;68.2833;68.7459;68.737;11333
2015.10.09;12:00:00;69.2654;68.7252;68.8752;68.7415;6771
2015.10.09;16:00:00;68.4497;67.6402;68.1819;67.8096;8639
2015.10.09;20:00:00;68.5613;68.0918;68.1106;68.1775;13822
2015.10.12;00:00:00;68.1902;67.7659;68.1788;68.0904;6096
2015.10.12;04:00:00;69.7561;68.3577;69.6969;68.7036;10383
2015.10.12;08:00:00;70.0153;69.3733;69.7054;69.69;17242
2015.10.12;12:00:00;69.8201;69.6377;69.7021;69.7003;6276
2015.10.12;16:00:00;70.2501;68.8643;69.9074;69.0478;14593
2015.10.12;20:00:00;70.1498;69.5768;69.9928;69.9133;19632
2015.10.13;00:00:00;70.1466;69.6841;69.8136;69.9928;4414
2015.10.13;04:00:00;70.7417;69.9661;70.2641;70.0969;7197
2015.10.13;08:00:00;70.3274;69.8818;70.0837;70.259;10975
2015.10.13;12:00:00;70.1019;69.3507;69.3507;70.0756;2909
2015.10.13;16:00:00;70.0059;68.7562;69.9421;68.8436;9946
2015.10.13;20:00:00;71.0716;69.8554;71.0354;69.9492;12853
2015.10.14;00:00:00;71.0954;70.7981;70.9815;71.037;1967
2015.10.14;04:00:00;72.2665;69.9475;71.6962;70.8698;14062
2015.10.14;08:00:00;72.0977;71.6721;71.9168;71.6871;11375
2015.10.14;12:00:00;72.1709;71.691;71.7312;71.9164;8956
2015.10.14;16:00:00;71.3684;69.8531;71.1855;71.1377;7401
2015.10.14;20:00:00;72.0575;70.8752;71.9304;71.1855;12516
2015.10.15;00:00:00;72.0574;71.7321;72.0032;71.9332;7726
2015.10.15;04:00:00;72.3006;71.5952;72.1601;71.7935;8250
2015.10.15;08:00:00;72.3676;71.6446;71.6838;72.1586;5891
2015.10.15;12:00:00;71.8442;71.5573;71.6613;71.6794;3993
2015.10.15;16:00:00;72.7879;71.657;72.4403;71.8599;10302
2015.10.15;20:00:00;72.5389;72.2499;72.311;72.4572;8090
2015.10.16;00:00:00;72.3208;72.0148;72.0722;72.3011;2459
2015.10.16;04:00:00;72.8376;71.76;72.4529;72.1792;9339
2015.10.16;08:00:00;72.6015;72.1786;72.3792;72.4486;9343
2015.10.16;12:00:00;72.6209;72.2563;72.375;72.3735;4472
2015.10.16;16:00:00;72.7807;72.2384;72.3028;72.3489;20500
2015.10.16;20:00:00;72.4869;72.0563;72.3499;72.3022;29434
2015.10.19;00:00:00;72.8446;72.2652;72.8064;72.3492;9407
2015.10.19;04:00:00;75.2055;73.9214;75.0026;74.0179;17303
2015.10.19;08:00:00;75.2814;74.6221;74.7743;75.0033;12438
2015.10.19;12:00:00;75.2191;74.673;75.0128;74.756;5610
2015.10.19;16:00:00;76.7422;76.2201;76.6047;76.3457;14383
2015.10.19;20:00:00;77.3513;76.5895;76.9521;76.6093;19769
2015.10.20;00:00:00;77.4525;76.9287;77.3149;76.9571;6928
2015.10.20;04:00:00;81.6185;79.0072;81.1719;79.7141;43114
2015.10.20;08:00:00;83.3572;80.7786;82.689;81.1733;57470
2015.10.20;12:00:00;82.7725;81.4529;81.5328;82.6938;5002
2015.10.20;16:00:00;81.8496;79.7276;79.9704;81.3523;22863
2015.10.20;20:00:00;80.3229;77.8914;78.5335;79.9644;31681
2015.10.21;00:00:00;78.8561;78.2863;78.6346;78.5268;8554
2015.10.21;04:00:00;80.1463;77.971;79.725;78.8848;16794
2015.10.21;08:00:00;79.94;78.604;78.7161;79.7309;20997
2015.10.21;12:00:00;79.4602;78.1713;79.083;78.6442;10252
2015.10.21;16:00:00;77.6169;75.4509;75.5314;77.4759;12231
2015.10.21;20:00:00;76.1125;75.2311;75.4664;75.5314;14102
2015.10.22;00:00:00;75.6141;74.0538;74.1125;75.4728;3696
2015.10.22;04:00:00;75.9149;72.1587;75.102;73.4172;14122
2015.10.22;08:00:00;75.5785;74.6995;74.7728;75.0973;12560
2015.10.22;12:00:00;74.8477;72.9879;73.4813;74.768;6192
2015.10.22;16:00:00;75.2507;73.3227;75.0551;73.7073;8671
2015.10.22;20:00:00;75.4419;74.3463;75.3944;75.0551;9796
2015.10.23;00:00:00;75.4856;74.3892;74.6084;75.3854;5934
2015.10.23;04:00:00;74.1542;72.5977;72.9842;72.8492;15077
2015.10.23;08:00:00;73.3466;72.7071;72.9907;72.9768;17229
2015.10.23;12:00:00;74.5224;72.9527;74.4965;72.9527;6198
2015.10.23;16:00:00;75.532;74.2946;75.3236;74.4737;12324
2015.10.23;20:00:00;76.2901;74.5121;75.0311;75.3283;17354
2015.10.25;23:00:00;76.2607;74.9223;75.8957;75.0358;4468
2015.10.26;00:00:00;75.3845;74.4528;75.1329;74.7257;9274
2015.10.26;04:00:00;75.4231;74.1113;74.3066;75.1381;15701
2015.10.26;08:00:00;74.4002;73.2189;73.3685;74.2775;4311
2015.10.26;12:00:00;75.4764;74.7514;75.0909;74.8114;15864
2015.10.26;16:00:00;75.3414;74.2282;74.9253;75.0984;18452
2015.10.26;20:00:00;74.9879;74.2565;74.7723;74.9324;3438
2015.10.27;00:00:00;76.4652;74.9126;76.0058;76.1664;19030
2015.10.27;04:00:00;76.2865;75.7999;76.2377;76.004;17343
2015.10.27;08:00:00;76.5508;76.0467;76.5074;76.2331;1990
2015.10.27;12:00:00;77.0697;76.135;76.3218;76.6087;21305
2015.10.27;16:00:00;76.6566;75.7338;76.551;76.3168;16860
2015.10.27;20:00:00;76.7873;76.0938;76.1012;76.5524;7402
2015.10.28;00:00:00;75.6565;74.1585;75.5217;75.0701;9172
2015.10.28;04:00:00;75.8634;75.2239;75.6822;75.5263;9143
2015.10.28;08:00:00;75.9584;75.5548;75.8133;75.6822;2647
2015.10.28;12:00:00;77.0238;75.868;75.9725;76.5656;8557
2015.10.28;16:00:00;76.6347;75.8438;76.275;75.9789;10368
2015.10.28;20:00:00;76.4266;75.7433;75.8148;76.2749;4695
2015.10.29;00:00:00;76.8364;75.8117;76.1093;76.0342;6405
2015.10.29;04:00:00;76.7862;76.0152;76.7359;76.1029;7195
2015.10.29;08:00:00;76.8264;76.4332;76.7137;76.7436;2720
2015.10.29;12:00:00;77.1313;76.4124;76.6628;76.4343;15334
2015.10.29;16:00:00;76.6572;76.2053;76.5589;76.6569;5559
2015.10.29;20:00:00;76.5652;75.7365;75.7837;76.5636;1961
2015.10.30;00:00:00;76.344;75.2751;75.6434;76.2001;12313
2015.10.30;04:00:00;75.8432;74.9718;75.0075;75.6543;16764
2015.10.30;08:00:00;75.5082;74.9862;75.2245;75.0028;2582
2015.10.30;12:00:00;74.9568;73.5055;73.8316;74.9038;11073
2015.10.30;16:00:00;73.8602;73.4258;73.5783;73.8371;12041
2015.10.30;20:00:00;73.8989;73.4635;73.539;73.5734;4938
2015.11.02;00:00:00;74.4139;72.878;74.1319;73.4546;6552
2015.11.02;04:00:00;74.4205;73.9723;73.9723;74.1325;6641
2015.11.02;08:00:00;74.3599;73.9729;74.2183;73.9827;2264
2015.11.02;12:00:00;75.5513;73.8806;74.912;74.4268;17317
2015.11.02;16:00:00;75.1833;74.7631;75.0846;74.9138;8004
2015.11.02;20:00:00;75.1348;74.4846;74.5391;75.0852;2771
2015.11.03;00:00:00;74.942;74.1455;74.5759;74.7297;11935
2015.11.03;04:00:00;74.6886;73.5994;74.2124;74.5699;10611
2015.11.03;08:00:00;74.2608;73.7865;73.8637;74.2224;1699
2015.11.03;12:00:00;74.0209;72.7147;73.8652;73.6579;9084
2015.11.03;16:00:00;74.2076;73.6966;73.8572;73.8635;11803
2015.11.03;20:00:00;73.926;73.5424;73.8301;73.8588;2620
2015.11.04;00:00:00;73.6242;72.9355;73.3541;73.3765;9573
2015.11.04;04:00:00;73.7443;73.0941;73.6478;73.3488;14242
2015.11.04;08:00:00;73.7027;72.814;72.8979;73.6478;3085
2015.11.04;12:00:00;74.6541;73.386;74.1849;73.5755;11745
2015.11.04;16:00:00;74.8619;74.1345;74.6104;74.1826;15718
2015.11.04;20:00:00;74.8538;74.4069;74.7836;74.6157;4817
2015.11.05;00:00:00;73.5695;71.6038;72.9631;73.5695;25070
2015.11.05;04:00:00;73.1658;72.7881;72.9699;72.9638;14760
2015.11.05;08:00:00;73.2952;72.9164;73.0354;72.9611;2042
2015.11.05;12:00:00;73.3722;72.5459;73.252;72.8161;23357
2015.11.05;16:00:00;73.2723;73.0009;73.0245;73.2532;12585
2015.11.05;20:00:00;73.3701;72.9804;73.2915;73.0254;3254
2015.11.06;00:00:00;74.5277;73.7514;74.0874;74.0177;25340
2015.11.06;04:00:00;74.1127;73.1746;73.6871;74.0829;8977
2015.11.06;08:00:00;73.6782;73.2288;73.3796;73.6362;2693
2015.11.06;12:00:00;73.6729;72.7499;73.1117;73.3253;9799
2015.11.06;16:00:00;73.2722;72.8842;72.9897;73.1111;10738
2015.11.06;20:00:00;73.6077;72.7122;72.9724;72.9851;3609
2015.11.09;00:00:00;72.6132;71.8845;72.4371;72.3856;18465
2015.11.09;04:00:00;73.0227;72.4049;72.7848;72.4358;12907
2015.11.09;08:00:00;73.2321;72.5337;73.1709;72.7637;4597
2015.11.09;12:00:00;73.6321;72.7234;73.5784;72.7234;12384
2015.11.09;16:00:00;75.1407;73.257;74.6785;73.5791;14731
2015.11.09;20:00:00;74.981;74.4627;74.5832;74.6839;2536
2015.11.10;00:00:00;73.7511;72.9975;73.3232;73.0086;12998
2015.11.10;04:00:00;73.3208;72.3587;72.3587;73.3176;10784
2015.11.10;08:00:00;72.6961;72.072;72.2872;72.521;7053
2015.11.10;12:00:00;72.9659;71.3099;72.7136;71.641;10462
2015.11.10;16:00:00;72.7921;71.33;71.3392;72.7136;13206
2015.11.10;20:00:00;71.8472;71.2369;71.5378;71.3363;6344
2015.11.11;00:00:00;71.0338;69.4643;69.6578;70.9828;12268
2015.11.11;04:00:00;69.9282;69.2508;69.3493;69.6532;15626
2015.11.11;08:00:00;70.1684;69.1364;69.8933;69.3429;5055
2015.11.11;12:00:00;70.3824;69.4233;70.2635;69.4896;13430
2015.11.11;16:00:00;70.5298;69.5323;69.9536;70.2635;9248
2015.11.11;20:00:00;70.0814;69.7956;69.9844;69.9537;3183
2015.11.12;00:00:00;69.667;68.4597;69.3922;68.8015;4498
2015.11.12;04:00:00;69.6219;68.8385;69.2611;69.3971;5833
2015.11.12;08:00:00;69.7717;69.266;69.6037;69.266;1656
2015.11.12;12:00:00;69.6839;69.0552;69.2858;69.1295;4646
2015.11.12;16:00:00;69.5475;69.099;69.4731;69.2881;19211
2015.11.12;20:00:00;69.5986;69.335;69.4932;69.4731;9587
2015.11.13;00:00:00;71.2571;69.863;71.1776;70.3199;12359
2015.11.13;04:00:00;71.4825;70.9729;71.0228;71.1986;7777
2015.11.13;08:00:00;71.1925;70.5894;70.9266;71.0157;2178
2015.11.13;12:00:00;71.9825;70.4572;71.7739;71.1117;16984
2015.11.13;16:00:00;71.9605;71.2939;71.3288;71.7712;16284
2015.11.13;20:00:00;71.729;71.2573;71.7019;71.3281;2269
2015.11.16;00:00:00;71.4289;70.5514;70.8716;71.1631;9184
2015.11.16;04:00:00;71.0389;70.4547;70.4547;70.8716;15242
2015.11.16;08:00:00;70.7754;70.4472;70.5441;70.5002;2594
2015.11.16;12:00:00;69.8834;68.5322;69.5357;69.4744;15427
2015.11.16;16:00:00;70.2714;69.4313;69.6953;69.5356;12105
2015.11.16;20:00:00;70.0306;69.5567;69.9675;69.6774;2082
2015.11.17;00:00:00;70.0281;68.8835;69.8504;68.8835;9432
2015.11.17;04:00:00;70.4087;69.7244;70.0651;69.8566;11400
2015.11.17;08:00:00;70.3143;70.0131;70.2021;70.0588;3597
2015.11.17;12:00:00;70.6324;70.056;70.486;70.3247;11623
2015.11.17;16:00:00;70.6636;69.9317;70.0222;70.4908;9569
2015.11.17;20:00:00;70.1025;69.7202;69.9505;69.998;3395
2015.11.18;00:00:00;71.3167;69.7333;70.9767;70.3026;11400
2015.11.18;04:00:00;71.4537;70.7691;71.2805;70.9671;12568
2015.11.18;08:00:00;71.4309;70.9067;71.2055;71.2798;3555
2015.11.18;12:00:00;71.0927;70.4899;70.7205;70.8407;9278
2015.11.18;16:00:00;70.8011;68.9532;69.446;70.7181;33224
2015.11.18;20:00:00;69.8497;68.8732;69.7533;69.451;9569
2015.11.19;00:00:00;69.1792;68.1113;68.6642;69.1481;29004
2015.11.19;04:00:00;68.8103;68.0494;68.354;68.6641;41036
2015.11.19;08:00:00;68.4621;68.0158;68.1758;68.3528;9682
2015.11.19;12:00:00;68.869;67.2973;68.3758;67.8964;25188
2015.11.19;16:00:00;68.9213;68.3314;68.34;68.3784;32637
2015.11.19;20:00:00;69.2529;68.3513;69.1912;68.3526;10729
2015.11.20;00:00:00;70.2711;69.046;70.1027;69.1238;26891
2015.11.20;04:00:00;71.451;70.0454;70.6141;70.0995;39926
2015.11.20;08:00:00;71.5266;70.5869;71.2052;71.196;9548
2015.11.20;12:00:00;72.1558;70.8504;71.2266;71.3653;27683
2015.11.20;16:00:00;71.4095;70.6372;70.6502;71.2273;31106
2015.11.20;20:00:00;70.6547;69.9373;70.1684;70.6547;10778
2015.11.23;00:00:00;70.5622;68.9201;69.9646;69.005;26671
2015.11.23;04:00:00;70.5778;69.5204;70.0119;69.9772;36779
2015.11.23;08:00:00;70.3146;69.5311;70.2881;70.0099;11712
2015.11.23;12:00:00;70.8438;69.3937;70.1798;69.564;25145
2015.11.23;16:00:00;70.6147;69.6261;69.8783;70.1464;31610
2015.11.23;20:00:00;70.5706;70.0432;70.3154;70.441;10211
2015.11.24;00:00:00;70.7152;69.4628;70.6551;69.4628;30342
2015.11.24;04:00:00;70.7241;70.3583;70.4473;70.655;26885
2015.11.24;08:00:00;70.501;70.2688;70.3595;70.4517;8225
2015.11.24;12:00:00;70.3697;69.2085;69.3402;69.9691;29136
2015.11.24;16:00:00;69.4586;67.8174;67.8174;69.3402;29644
2015.11.24;20:00:00;68.8289;67.9067;68.5101;68.441;9942
2015.11.25;00:00:00;68.5515;67.5103;68.1409;67.5127;16681
2015.11.25;04:00:00;68.2521;67.0823;67.1069;68.1409;19292
2015.11.25;08:00:00;68.0042;67.1487;67.812;67.1487;9791
2015.11.25;12:00:00;68.8217;68.0191;68.557;68.224;37940
2015.11.25;16:00:00;68.8722;68.0095;68.2937;68.5569;36427
2015.11.25;20:00:00;68.6637;68.231;68.6422;68.3029;10255
2015.11.26;00:00:00;69.2624;68.3284;69.0414;68.4262;28628
2015.11.26;04:00:00;69.2392;68.026;68.9435;69.0421;37491
2015.11.26;08:00:00;69.327;68.9449;69.2484;68.9449;10887
2015.11.26;12:00:00;69.6035;68.7832;69.37;68.7952;29027
2015.11.26;16:00:00;69.374;68.8844;69.047;69.3707;33643
2015.11.26;20:00:00;69.3221;68.9367;69.0447;69.0516;11289
2015.11.27;00:00:00;69.111;68.7938;68.9637;68.961;5357
2015.11.27;04:00:00;69.0874;68.2;68.3309;68.9623;4150
2015.11.27;08:00:00;68.8431;68.2464;68.6706;68.3257;1746
2015.11.27;12:00:00;69.2319;67.9881;69.0659;67.9881;2835
2015.11.27;16:00:00;69.2091;68.8015;69.1724;69.0612;7238
2015.11.27;20:00:00;69.5134;69.1196;69.2703;69.1679;3020
2015.11.30;00:00:00;70.3388;69.7344;70.275;69.9815;19084
2015.11.30;04:00:00;71.1916;70.1339;70.7851;70.2743;14594
2015.11.30;08:00:00;71.0045;70.3735;70.5788;70.7788;2798
2015.11.30;12:00:00;71.8195;71.1618;71.5054;71.4462;17837
2015.11.30;16:00:00;71.6875;71.1291;71.4286;71.5054;17154
2015.11.30;20:00:00;71.6402;71.2913;71.4529;71.4233;5924
2015.12.01;00:00:00;71.3207;70.5086;70.6106;70.8806;14754
2015.12.01;04:00:00;71.1605;70.3366;71.0075;70.6106;16370
2015.12.01;08:00:00;71.1587;70.8622;71.1288;71.0118;6161
2015.12.01;12:00:00;69.7771;69.1429;69.7049;69.5688;19944
2015.12.01;16:00:00;69.9471;69.3465;69.648;69.7107;13335
2015.12.01;20:00:00;69.771;69.1682;69.2293;69.642;3587
2015.12.02;00:00:00;69.0614;68.5873;69.0127;68.9215;17888
2015.12.02;04:00:00;69.377;68.7686;68.9165;68.9971;14695
2015.12.02;08:00:00;69.1804;68.7715;68.9861;68.91;2724
2015.12.02;12:00:00;69.3113;68.8083;69.0917;68.9347;18274
2015.12.02;16:00:00;69.3463;68.7342;68.8078;69.0976;14324
2015.12.02;20:00:00;69.3134;68.8013;69.1415;68.8013;1906
2015.12.03;00:00:00;69.3436;68.8914;69.1606;68.8941;23752
2015.12.03;04:00:00;69.3359;68.6511;68.8102;69.1601;14561
2015.12.03;08:00:00;68.9577;68.645;68.914;68.8102;5264
2015.12.03;12:00:00;70.1808;68.7395;69.7793;69.0024;16441
2015.12.03;16:00:00;69.9917;68.7927;69.5959;69.7748;16548
2015.12.03;20:00:00;69.6297;69.2558;69.3148;69.5872;3690
2015.12.04;00:00:00;70.4637;69.3432;70.3809;69.4326;24308
2015.12.04;04:00:00;70.5283;69.502;69.6363;70.3816;18898
2015.12.04;08:00:00;69.827;69.5986;69.7314;69.6409;5219
2015.12.04;12:00:00;69.8611;69.2026;69.5312;69.2026;15479
2015.12.04;16:00:00;69.683;69.2968;69.5406;69.5312;20980
2015.12.04;20:00:00;69.6663;69.309;69.3419;69.5467;2345
2015.12.07;00:00:00;69.5687;69.2527;69.3381;69.309;12634
2015.12.07;04:00:00;69.8156;69.2907;69.7729;69.3387;9200
2015.12.07;08:00:00;69.8138;69.608;69.6758;69.7771;1385
2015.12.07;12:00:00;70.27;69.7654;69.8471;69.8166;12537
2015.12.07;16:00:00;69.9505;69.4647;69.7351;69.8406;16152
2015.12.07;20:00:00;69.7726;69.6562;69.7501;69.735;3271
2015.12.08;00:00:00;70.5624;69.7647;69.7996;69.782;13392
2015.12.08;04:00:00;69.9587;69.4656;69.7973;69.7996;17898
2015.12.08;08:00:00;69.8209;69.2374;69.5146;69.7927;3915
2015.12.08;12:00:00;70.2401;69.6456;70.1828;69.9511;14192
2015.12.08;16:00:00;70.7067;70.1004;70.2975;70.1822;11994
2015.12.08;20:00:00;70.6012;70.2085;70.3737;70.2972;4704
2015.12.09;00:00:00;71.0725;70.0217;70.7958;70.0231;19522
2015.12.09;04:00:00;70.9347;70.4474;70.6804;70.7915;13123
2015.12.09;08:00:00;70.7322;70.2026;70.4216;70.561;3232
2015.12.09;12:00:00;71.7198;70.9035;71.4269;70.9035;16197
2015.12.09;16:00:00;73.4597;70.8704;73.3059;71.427;19672
2015.12.09;20:00:00;73.7154;73.2519;73.5487;73.3133;6413
2015.12.10;00:00:00;73.7639;72.863;73.0483;72.8636;15269
2015.12.10;04:00:00;74.4338;72.7914;74.2471;73.0539;12338
2015.12.10;08:00:00;74.4619;73.8636;73.8779;74.2471;2534
2015.12.10;12:00:00;74.378;73.7533;73.9341;73.999;18997
2015.12.10;16:00:00;74.5893;73.9083;74.3103;73.9341;20135
2015.12.10;20:00:00;74.7705;74.2477;74.4978;74.3103;5017
2015.12.11;00:00:00;75.3224;74.0714;74.8071;74.8423;14591
2015.12.11;04:00:00;75.9366;74.6311;75.492;74.8071;15435
2015.12.11;08:00:00;75.784;75.1192;75.1799;75.4872;2897
2015.12.11;12:00:00;75.6665;75.1471;75.6291;75.1868;26063
2015.12.11;16:00:00;76.0625;75.4293;75.6838;75.6259;15817
2015.12.11;20:00:00;75.7382;75.0171;75.4394;75.6845;6884
2015.12.14;00:00:00;75.9813;75.4036;75.4423;75.7033;21928
2015.12.14;04:00:00;75.5737;74.8234;75.2896;75.4423;17419
2015.12.14;08:00:00;75.465;74.8744;75.0177;75.2941;2729
2015.12.14;12:00:00;76.4753;75.2713;76.3902;75.3256;24743
2015.12.14;16:00:00;76.9358;75.8851;76.6786;76.3908;33867
2015.12.14;20:00:00;76.7888;76.2311;76.4961;76.6839;11848
2015.12.15;00:00:00;77.0879;76.3381;76.9577;76.3381;13541
2015.12.15;04:00:00;77.9231;76.8807;77.7923;76.953;15329
2015.12.15;08:00:00;77.9744;77.591;77.7344;77.7923;4175
2015.12.15;12:00:00;78.3195;77.1579;77.2881;77.4323;16145
2015.12.15;16:00:00;77.5477;76.3706;76.493;77.3009;14466
2015.12.15;20:00:00;76.597;76.268;76.2701;76.493;2424
