DATE;TIME;HIGH;LOW;CLOSE;OPEN;VOLUME
2015.04.27;12:00:00;1.4465;1.44228;1.44468;1.44392;16983
2015.04.27;16:00:00;1.44927;1.44392;1.44722;1.44466;21985
2015.04.27;20:00:00;1.44766;1.44428;1.44607;1.44722;8852
2015.04.28;00:00:00;1.44642;1.44077;1.4451;1.44612;3942
2015.04.28;04:00:00;1.44657;1.44337;1.44372;1.4451;5643
2015.04.28;08:00:00;1.44718;1.44327;1.44624;1.44372;18824
2015.04.28;12:00:00;1.44752;1.44217;1.44323;1.4462;21915
2015.04.28;16:00:00;1.44772;1.44147;1.44663;1.44323;24322
2015.04.28;20:00:00;1.44877;1.44427;1.44617;1.44662;9283
2015.04.29;00:00:00;1.44766;1.44447;1.44736;1.44622;6053
2015.04.29;04:00:00;1.45025;1.44696;1.44817;1.44737;11808
2015.04.29;08:00:00;1.45412;1.44757;1.4538;1.44817;30117
2015.04.29;12:00:00;1.46042;1.45245;1.45722;1.45379;41214
2015.04.29;16:00:00;1.47272;1.45636;1.46783;1.45723;58197
2015.04.29;20:00:00;1.47106;1.46187;1.46742;1.46782;30043
2015.04.30;00:00:00;1.47112;1.46665;1.46672;1.46767;6883
2015.04.30;04:00:00;1.47033;1.46647;1.46906;1.46672;14430
2015.04.30;08:00:00;1.4879;1.46676;1.48185;1.46907;44033
2015.04.30;12:00:00;1.48308;1.47276;1.47818;1.48185;45835
2015.04.30;16:00:00;1.48638;1.47499;1.48623;1.4782;51597
2015.04.30;20:00:00;1.49121;1.48325;1.48502;1.48622;21789
2015.05.01;00:00:00;1.48537;1.48339;1.48355;1.48537;5202
2015.05.01;04:00:00;1.48436;1.48282;1.48345;1.48356;7291
2015.05.01;08:00:00;1.49127;1.48313;1.49008;1.48345;23015
2015.05.01;12:00:00;1.49374;1.488;1.49285;1.49008;28445
2015.05.01;16:00:00;1.49688;1.48642;1.48703;1.49286;39503
2015.05.01;20:00:00;1.49252;1.48688;1.48847;1.48705;13492
2015.05.04;00:00:00;1.4911;1.48569;1.49045;1.48757;5961
2015.05.04;04:00:00;1.49184;1.48888;1.4905;1.49045;9543
2015.05.04;08:00:00;1.49303;1.48403;1.48411;1.49049;26689
2015.05.04;12:00:00;1.48859;1.48227;1.48782;1.4841;29267
2015.05.04;16:00:00;1.48924;1.48393;1.48647;1.48782;31456
2015.05.04;20:00:00;1.48667;1.48252;1.48372;1.48647;13012
2015.05.05;00:00:00;1.48582;1.48302;1.48564;1.48357;5061
2015.05.05;04:00:00;1.48927;1.48454;1.48582;1.48565;10425
2015.05.05;08:00:00;1.4891;1.48008;1.48344;1.4858;34520
2015.05.05;12:00:00;1.48993;1.48152;1.48793;1.48344;39724
2015.05.05;16:00:00;1.49294;1.48427;1.49107;1.488;47839
2015.05.05;20:00:00;1.49341;1.48896;1.48927;1.49116;15061
2015.05.06;00:00:00;1.49014;1.48772;1.48917;1.48922;5608
2015.05.06;04:00:00;1.4945;1.48757;1.4917;1.48917;16710
2015.05.06;08:00:00;1.49396;1.48983;1.49155;1.49169;39783
2015.05.06;12:00:00;1.49665;1.48826;1.49546;1.49153;45101
2015.05.06;16:00:00;1.50337;1.49462;1.50136;1.49534;53281
2015.05.06;20:00:00;1.50503;1.50051;1.50122;1.50136;19665
2015.05.07;00:00:00;1.50287;1.50003;1.50162;1.50127;7957
2015.05.07;04:00:00;1.50711;1.50162;1.50646;1.50162;15157
2015.05.07;08:00:00;1.51227;1.50547;1.51029;1.50644;37294
2015.05.07;12:00:00;1.51484;1.49884;1.50328;1.51028;48092
2015.05.07;16:00:00;1.50507;1.49711;1.50218;1.50331;43335
2015.05.07;20:00:00;1.50295;1.49994;1.50082;1.50222;16712
2015.05.08;00:00:00;1.50197;1.49557;1.49817;1.50097;10552
2015.05.08;04:00:00;1.50133;1.49189;1.49249;1.49817;22302
2015.05.08;08:00:00;1.49622;1.48809;1.4949;1.4925;39614
2015.05.08;12:00:00;1.5005;1.48728;1.49493;1.49489;41980
2015.05.08;16:00:00;1.4964;1.48929;1.49072;1.49497;46418
2015.05.08;20:00:00;1.49236;1.48722;1.48837;1.49071;13575
2015.05.11;00:00:00;1.49025;1.48557;1.48723;1.48577;7014
2015.05.11;04:00:00;1.48818;1.48537;1.48789;1.48722;15923
2015.05.11;08:00:00;1.49428;1.48691;1.4902;1.48787;31491
2015.05.11;12:00:00;1.49143;1.48637;1.48714;1.4902;32374
2015.05.11;16:00:00;1.49079;1.48634;1.49079;1.48709;38370
2015.05.11;20:00:00;1.49185;1.48923;1.49147;1.49078;12860
2015.05.12;00:00:00;1.49268;1.48912;1.49185;1.49142;5744
2015.05.12;04:00:00;1.49553;1.49138;1.49537;1.49187;12690
2015.05.12;08:00:00;1.5048;1.49518;1.50338;1.49537;37037
2015.05.12;12:00:00;1.50533;1.49962;1.50094;1.50337;39153
2015.05.12;16:00:00;1.50525;1.49803;1.49819;1.50096;37711
2015.05.12;20:00:00;1.49866;1.49537;1.49537;1.49819;13845
2015.05.13;00:00:00;1.49791;1.49412;1.49702;1.49537;5745
2015.05.13;04:00:00;1.50207;1.49636;1.50162;1.49703;16045
2015.05.13;08:00:00;1.50332;1.49369;1.494;1.50162;31367
2015.05.13;12:00:00;1.49954;1.49099;1.49774;1.49397;39399
2015.05.13;16:00:00;1.50673;1.4975;1.50584;1.49775;43538
2015.05.13;20:00:00;1.50679;1.50252;1.50372;1.50588;14699
2015.05.14;00:00:00;1.5051;1.50237;1.50437;1.50377;6800
2015.05.14;04:00:00;1.50467;1.50044;1.5021;1.50442;15468
2015.05.14;08:00:00;1.50708;1.4986;1.50556;1.50206;38714
2015.05.14;12:00:00;1.50808;1.50182;1.50317;1.50557;38379
2015.05.14;16:00:00;1.50413;1.49768;1.50171;1.50317;44040
2015.05.14;20:00:00;1.50643;1.50117;1.50572;1.50173;14605
2015.05.15;00:00:00;1.50753;1.50117;1.50725;1.50607;5920
2015.05.15;04:00:00;1.50902;1.50589;1.50815;1.50726;12905
2015.05.15;08:00:00;1.50938;1.50328;1.50411;1.50799;37216
2015.05.15;12:00:00;1.50706;1.50162;1.50348;1.50412;33640
2015.05.15;16:00:00;1.51156;1.50251;1.50917;1.50347;44439
2015.05.15;20:00:00;1.51321;1.50856;1.51077;1.50917;15169
2015.05.18;00:00:00;1.51197;1.50927;1.51129;1.51002;6138
2015.05.18;04:00:00;1.51255;1.51054;1.51101;1.51129;11340
2015.05.18;08:00:00;1.51316;1.50386;1.50585;1.51101;31445
2015.05.18;12:00:00;1.50932;1.50467;1.50666;1.5059;34157
2015.05.18;16:00:00;1.50738;1.50202;1.50549;1.50668;36885
2015.05.18;20:00:00;1.50661;1.50003;1.50277;1.50548;17813
2015.05.19;00:00:00;1.50386;1.50116;1.50138;1.50292;6002
2015.05.19;04:00:00;1.5023;1.49992;1.50077;1.50138;15207
2015.05.19;08:00:00;1.50279;1.48601;1.49039;1.50078;43808
2015.05.19;12:00:00;1.49274;1.48422;1.48564;1.49039;38858
2015.05.19;16:00:00;1.48918;1.48514;1.48804;1.48564;40669
2015.05.19;20:00:00;1.49012;1.48654;1.48912;1.48805;13170
2015.05.20;00:00:00;1.48947;1.48584;1.48664;1.48922;8450
2015.05.20;04:00:00;1.48906;1.48582;1.48749;1.48659;13440
2015.05.20;08:00:00;1.48941;1.48121;1.485;1.48748;39467
2015.05.20;12:00:00;1.48839;1.48245;1.48836;1.48498;35631
2015.05.20;16:00:00;1.48839;1.48179;1.48444;1.48839;39154
2015.05.20;20:00:00;1.48947;1.48207;1.48237;1.48445;29999
2015.05.21;00:00:00;1.484;1.48032;1.48347;1.48242;7011
2015.05.21;04:00:00;1.48618;1.48313;1.48528;1.48347;14195
2015.05.21;08:00:00;1.49107;1.48203;1.48871;1.48527;37971
2015.05.21;12:00:00;1.49288;1.4853;1.48572;1.4887;37941
2015.05.21;16:00:00;1.48863;1.48497;1.48742;1.48572;39345
2015.05.21;20:00:00;1.48788;1.48392;1.48397;1.48742;14872
2015.05.22;00:00:00;1.48482;1.48187;1.48207;1.48432;6055
2015.05.22;04:00:00;1.4846;1.48155;1.48244;1.48207;15252
2015.05.22;08:00:00;1.48585;1.48177;1.48552;1.48244;29233
2015.05.22;12:00:00;1.48976;1.47825;1.47924;1.48552;38537
2015.05.22;16:00:00;1.47925;1.47048;1.47367;1.47925;42276
2015.05.22;20:00:00;1.47458;1.47027;1.47067;1.4736;16328
2015.05.25;00:00:00;1.47157;1.46495;1.46988;1.46992;9623
2015.05.25;04:00:00;1.47145;1.46909;1.47044;1.46989;10186
2015.05.25;08:00:00;1.47605;1.47032;1.4718;1.47047;20052
2015.05.25;12:00:00;1.47453;1.47148;1.47348;1.47181;13085
2015.05.25;16:00:00;1.47361;1.47123;1.47352;1.4735;9557
2015.05.25;20:00:00;1.47355;1.47112;1.47227;1.47355;4561
2015.05.26;00:00:00;1.47302;1.46937;1.47112;1.47222;8149
2015.05.26;04:00:00;1.47226;1.4702;1.47146;1.47111;16265
2015.05.26;08:00:00;1.47336;1.46774;1.46871;1.47148;42687
2015.05.26;12:00:00;1.47207;1.46733;1.47044;1.4687;40683
2015.05.26;16:00:00;1.47277;1.46554;1.46885;1.47039;44182
2015.05.26;20:00:00;1.46956;1.46615;1.46742;1.46883;17549
2015.05.27;00:00:00;1.46917;1.46659;1.46698;1.46747;7263
2015.05.27;04:00:00;1.47062;1.46657;1.46997;1.46697;17840
2015.05.27;08:00:00;1.4727;1.46983;1.47161;1.46997;35024
2015.05.27;12:00:00;1.47259;1.46522;1.46557;1.47162;41573
2015.05.27;16:00:00;1.47412;1.46452;1.4714;1.46557;46370
2015.05.27;20:00:00;1.4737;1.47116;1.47227;1.47139;16174
2015.05.28;00:00:00;1.47385;1.46932;1.4728;1.47252;7720
2015.05.28;04:00:00;1.47448;1.47189;1.47388;1.47275;23076
2015.05.28;08:00:00;1.47651;1.47151;1.47564;1.47389;40972
2015.05.28;12:00:00;1.47707;1.46991;1.47187;1.47565;41367
2015.05.28;16:00:00;1.47761;1.46878;1.47664;1.47187;42622
2015.05.28;20:00:00;1.47787;1.47391;1.47582;1.47668;21373
2015.05.29;00:00:00;1.47892;1.47521;1.47615;1.47587;8947
2015.05.29;04:00:00;1.47732;1.47502;1.47578;1.47613;13234
2015.05.29;08:00:00;1.47903;1.47427;1.4775;1.47578;33480
2015.05.29;12:00:00;1.48283;1.47697;1.47982;1.47751;42007
2015.05.29;16:00:00;1.48307;1.47707;1.47969;1.47984;44248
2015.05.29;20:00:00;1.48226;1.47956;1.48107;1.4797;13302
2015.06.01;00:00:00;1.48048;1.47637;1.47822;1.47892;8532
2015.06.01;04:00:00;1.47999;1.47717;1.47899;1.47822;13219
2015.06.01;08:00:00;1.47981;1.4722;1.47273;1.47899;31713
2015.06.01;12:00:00;1.48071;1.472;1.47818;1.4727;36360
2015.06.01;16:00:00;1.48152;1.47375;1.48006;1.47821;42896
2015.06.01;20:00:00;1.48382;1.47981;1.48162;1.48005;17802
2015.06.02;00:00:00;1.48232;1.47953;1.48128;1.48167;7531
2015.06.02;04:00:00;1.48202;1.48003;1.48147;1.48127;15536
2015.06.02;08:00:00;1.48968;1.47922;1.48949;1.48147;35477
2015.06.02;12:00:00;1.4986;1.48675;1.49838;1.4895;48768
2015.06.02;16:00:00;1.51058;1.49829;1.50504;1.4984;55492
2015.06.02;20:00:00;1.5064;1.50184;1.50352;1.50506;20227
2015.06.03;00:00:00;1.50433;1.49912;1.50339;1.50362;7860
2015.06.03;04:00:00;1.50463;1.50227;1.50285;1.5034;17664
2015.06.03;08:00:00;1.5053;1.4977;1.49985;1.50286;38650
2015.06.03;12:00:00;1.50328;1.49658;1.50158;1.49984;40237
2015.06.03;16:00:00;1.51343;1.50143;1.511;1.50155;55967
2015.06.03;20:00:00;1.51399;1.50987;1.51317;1.51102;16378
2015.06.04;00:00:00;1.51461;1.51032;1.51372;1.51322;7982
2015.06.04;04:00:00;1.51812;1.51271;1.51719;1.51377;16928
2015.06.04;08:00:00;1.52738;1.51288;1.5235;1.51719;44314
2015.06.04;12:00:00;1.52837;1.51895;1.52003;1.52351;46127
2015.06.04;16:00:00;1.52282;1.51418;1.51968;1.52003;44517
2015.06.04;20:00:00;1.52069;1.51197;1.51377;1.51966;20331
2015.06.05;00:00:00;1.51427;1.50764;1.51104;1.51387;12201
2015.06.05;04:00:00;1.51286;1.50937;1.51224;1.51105;15133
2015.06.05;08:00:00;1.52051;1.51118;1.51754;1.51221;39178
2015.06.05;12:00:00;1.51858;1.49847;1.50569;1.51768;39975
2015.06.05;16:00:00;1.51059;1.50192;1.5088;1.50568;53485
2015.06.05;20:00:00;1.51069;1.50752;1.50847;1.50879;16924
2015.06.08;00:00:00;1.50942;1.50632;1.50782;1.50637;7046
2015.06.08;04:00:00;1.51253;1.50707;1.51226;1.50782;14022
2015.06.08;08:00:00;1.51924;1.50962;1.51465;1.51225;41084
2015.06.08;12:00:00;1.5208;1.51222;1.51822;1.51467;33949
2015.06.08;16:00:00;1.52543;1.51802;1.52387;1.51822;38144
2015.06.08;20:00:00;1.52956;1.52351;1.52756;1.5239;21098
2015.06.09;00:00:00;1.52873;1.52547;1.52707;1.52742;7403
2015.06.09;04:00:00;1.5332;1.52697;1.5315;1.52707;20023
2015.06.09;08:00:00;1.53461;1.52536;1.52704;1.5315;43460
2015.06.09;12:00:00;1.52863;1.51627;1.51758;1.52703;45679
2015.06.09;16:00:00;1.52536;1.51656;1.52331;1.51755;44450
2015.06.09;20:00:00;1.52611;1.52265;1.52452;1.52329;15072
2015.06.10;00:00:00;1.52815;1.52297;1.52762;1.52457;8724
2015.06.10;04:00:00;1.5283;1.52052;1.52223;1.52762;14924
2015.06.10;08:00:00;1.52786;1.51847;1.52027;1.52225;46590
2015.06.10;12:00:00;1.52211;1.5154;1.51832;1.52033;43714
2015.06.10;16:00:00;1.52189;1.51424;1.51736;1.51832;46728
2015.06.10;20:00:00;1.51958;1.51712;1.51837;1.51736;16385
2015.06.11;00:00:00;1.52058;1.51647;1.51956;1.51872;6867
2015.06.11;04:00:00;1.52017;1.51654;1.51967;1.51952;18254
2015.06.11;08:00:00;1.52364;1.51476;1.51741;1.51966;37117
2015.06.11;12:00:00;1.51912;1.50867;1.51478;1.51743;43074
2015.06.11;16:00:00;1.515;1.50988;1.5148;1.51476;44981
2015.06.11;20:00:00;1.51667;1.51297;1.51307;1.51476;17342
2015.06.12;00:00:00;1.51417;1.51072;1.51191;1.51302;8652
2015.06.12;04:00:00;1.51479;1.51054;1.51186;1.51192;17710
2015.06.12;08:00:00;1.51552;1.50627;1.50825;1.51186;38803
2015.06.12;12:00:00;1.51496;1.5056;1.51264;1.50819;43078
2015.06.12;16:00:00;1.51607;1.51071;1.51434;1.51266;44198
2015.06.12;20:00:00;1.51673;1.51092;1.51327;1.51432;15752
2015.06.15;00:00:00;1.51144;1.50382;1.51107;1.50382;5191
2015.06.15;04:00:00;1.51246;1.50884;1.51189;1.51107;14810
2015.06.15;08:00:00;1.51751;1.50935;1.51431;1.51186;35564
2015.06.15;12:00:00;1.51482;1.50872;1.51118;1.51429;33553
2015.06.15;16:00:00;1.51876;1.5088;1.51793;1.51111;33736
2015.06.15;20:00:00;1.51985;1.51488;1.51822;1.51793;13499
2015.06.16;00:00:00;1.51929;1.51612;1.51654;1.51832;6799
2015.06.16;04:00:00;1.519;1.51603;1.51899;1.51655;16357
2015.06.16;08:00:00;1.52369;1.51509;1.51509;1.519;33724
2015.06.16;12:00:00;1.51672;1.50818;1.51086;1.51503;33678
2015.06.16;16:00:00;1.51241;1.50791;1.51016;1.51088;29281
2015.06.16;20:00:00;1.51026;1.50854;1.50927;1.51016;10192
2015.06.17;00:00:00;1.51057;1.50862;1.51042;1.50922;5508
2015.06.17;04:00:00;1.51329;1.51015;1.51276;1.51042;12725
2015.06.17;08:00:00;1.51945;1.51197;1.51632;1.51278;30268
2015.06.17;12:00:00;1.5195;1.51532;1.51761;1.51632;31852
2015.06.17;16:00:00;1.51902;1.51309;1.51812;1.51761;29651
2015.06.17;20:00:00;1.52218;1.50947;1.51407;1.51813;39877
2015.06.18;00:00:00;1.51995;1.51322;1.51721;1.51402;10306
2015.06.18;04:00:00;1.51901;1.51642;1.51714;1.51723;18828
2015.06.18;08:00:00;1.51963;1.51275;1.51461;1.51713;39127
2015.06.18;12:00:00;1.51903;1.51337;1.51652;1.51457;37614
2015.06.18;16:00:00;1.5225;1.51162;1.51596;1.51658;36268
2015.06.18;20:00:00;1.51822;1.51437;1.51517;1.51596;18545
2015.06.19;00:00:00;1.51987;1.51478;1.51578;1.51497;7530
2015.06.19;04:00:00;1.5175;1.51521;1.51546;1.51577;14266
2015.06.19;08:00:00;1.51582;1.51088;1.51269;1.51547;33239
2015.06.19;12:00:00;1.51421;1.51049;1.51175;1.51272;32142
2015.06.19;16:00:00;1.51564;1.51104;1.51444;1.51171;29674
2015.06.19;20:00:00;1.5183;1.51197;1.51297;1.5144;13592
2015.06.22;00:00:00;1.51811;1.51432;1.51746;1.51672;6217
2015.06.22;04:00:00;1.51831;1.51475;1.516;1.51748;12711
2015.06.22;08:00:00;1.51731;1.5086;1.5112;1.516;30615
2015.06.22;12:00:00;1.51563;1.51092;1.51429;1.51123;32772
2015.06.22;16:00:00;1.52218;1.51292;1.51695;1.51431;40790
2015.06.22;20:00:00;1.51714;1.51308;1.51357;1.51697;14798
2015.06.23;00:00:00;1.51593;1.51262;1.51484;1.51367;5774
2015.06.23;04:00:00;1.51601;1.50733;1.50942;1.51482;21891
2015.06.23;08:00:00;1.51019;1.50286;1.50361;1.50948;37632
2015.06.23;12:00:00;1.50468;1.49622;1.49784;1.50358;36628
2015.06.23;16:00:00;1.50062;1.49511;1.49828;1.49781;39711
2015.06.23;20:00:00;1.49923;1.49607;1.49682;1.49828;16836
2015.06.24;00:00:00;1.49848;1.49512;1.49792;1.49687;6872
2015.06.24;04:00:00;1.50135;1.49719;1.50036;1.49792;16109
2015.06.24;08:00:00;1.50747;1.50027;1.50552;1.50035;36471
2015.06.24;12:00:00;1.50749;1.50182;1.504;1.50553;36076
2015.06.24;16:00:00;1.50619;1.50219;1.50353;1.504;37161
2015.06.24;20:00:00;1.50685;1.50307;1.50472;1.50353;16920
2015.06.25;00:00:00;1.50589;1.50397;1.50514;1.50467;5897
2015.06.25;04:00:00;1.50679;1.50466;1.50512;1.50514;15093
2015.06.25;08:00:00;1.50722;1.50182;1.50217;1.50511;29229
2015.06.25;12:00:00;1.5059;1.49765;1.50359;1.50212;36990
2015.06.25;16:00:00;1.50592;1.50169;1.50466;1.5036;27637
2015.06.25;20:00:00;1.50562;1.50373;1.50492;1.50469;10968
2015.06.26;00:00:00;1.50552;1.50237;1.50361;1.50527;5976
2015.06.26;04:00:00;1.50435;1.50145;1.50374;1.50361;15352
2015.06.26;08:00:00;1.50864;1.503;1.50699;1.50373;23241
2015.06.26;12:00:00;1.51036;1.50679;1.50816;1.50698;26115
2015.06.26;16:00:00;1.50877;1.50202;1.50428;1.50816;35834
2015.06.26;20:00:00;1.50788;1.50374;1.50737;1.50428;13994
2015.06.29;00:00:00;1.49218;1.48327;1.49062;1.48897;18215
2015.06.29;04:00:00;1.49133;1.48782;1.48912;1.49063;18906
2015.06.29;08:00:00;1.50103;1.48674;1.50055;1.48912;49289
2015.06.29;12:00:00;1.50215;1.49596;1.50082;1.50053;38373
2015.06.29;16:00:00;1.51027;1.49963;1.50937;1.50083;43894
2015.06.29;20:00:00;1.51785;1.50833;1.51212;1.50939;23806
2015.06.30;00:00:00;1.51252;1.50743;1.5082;1.51217;9929
2015.06.30;04:00:00;1.50883;1.50618;1.50767;1.50821;14559
2015.06.30;08:00:00;1.50864;1.49848;1.49925;1.50768;35990
2015.06.30;12:00:00;1.5097;1.49865;1.50893;1.49927;40207
2015.06.30;16:00:00;1.51179;1.49615;1.50243;1.5089;40972
2015.06.30;20:00:00;1.50323;1.49927;1.49982;1.50239;18102
2015.07.01;00:00:00;1.50132;1.4983;1.49927;1.50012;10487
2015.07.01;04:00:00;1.4998;1.49765;1.49864;1.49927;13526
2015.07.01;08:00:00;1.50154;1.49477;1.50074;1.49864;31425
2015.07.01;12:00:00;1.5033;1.49527;1.49738;1.5008;38676
2015.07.01;16:00:00;1.50112;1.49387;1.49713;1.49739;35433
2015.07.01;20:00:00;1.49722;1.49411;1.49457;1.49714;17345
2015.07.02;00:00:00;1.49552;1.49095;1.4935;1.49492;7494
2015.07.02;04:00:00;1.49715;1.49302;1.49682;1.49348;15275
2015.07.02;08:00:00;1.49882;1.49472;1.49772;1.49686;30069
2015.07.02;12:00:00;1.49972;1.49396;1.49622;1.49776;34828
2015.07.02;16:00:00;1.4979;1.49396;1.4968;1.49617;36023
2015.07.02;20:00:00;1.49723;1.49342;1.49347;1.49683;11501
2015.07.03;00:00:00;1.49553;1.49297;1.49487;1.49352;5675
2015.07.03;04:00:00;1.4982;1.49453;1.49748;1.49482;11785
2015.07.03;08:00:00;1.49853;1.4959;1.49725;1.49749;25912
2015.07.03;12:00:00;1.49905;1.49309;1.4945;1.49734;27102
2015.07.03;16:00:00;1.49712;1.49167;1.49242;1.4945;20518
2015.07.03;20:00:00;1.49647;1.49112;1.49337;1.49247;3799
2015.07.06;00:00:00;1.49117;1.48197;1.48874;1.48347;16233
2015.07.06;04:00:00;1.49246;1.48872;1.49045;1.48872;16051
2015.07.06;08:00:00;1.49733;1.48865;1.49277;1.49046;37857
2015.07.06;12:00:00;1.49312;1.48656;1.48989;1.49277;33514
2015.07.06;16:00:00;1.49567;1.48893;1.49285;1.48989;34218
2015.07.06;20:00:00;1.49474;1.48903;1.49067;1.49284;14316
2015.07.07;00:00:00;1.49337;1.49027;1.49322;1.49062;6297
2015.07.07;04:00:00;1.49462;1.49053;1.49183;1.49321;16670
2015.07.07;08:00:00;1.49304;1.48676;1.48728;1.49182;35522
2015.07.07;12:00:00;1.49095;1.4818;1.48302;1.48724;42956
2015.07.07;16:00:00;1.48916;1.48229;1.48419;1.48303;46323
2015.07.07;20:00:00;1.49562;1.48412;1.49008;1.48424;24334
2015.07.08;00:00:00;1.49226;1.48722;1.49007;1.49047;9698
2015.07.08;04:00:00;1.49398;1.48818;1.49216;1.49007;22542
2015.07.08;08:00:00;1.50003;1.49201;1.49709;1.49217;37975
2015.07.08;12:00:00;1.49849;1.48992;1.49327;1.49714;36707
2015.07.08;16:00:00;1.49855;1.49147;1.49275;1.49327;44719
2015.07.08;20:00:00;1.49547;1.49084;1.49346;1.49276;20804
2015.07.09;00:00:00;1.49714;1.49347;1.49556;1.49357;8218
2015.07.09;04:00:00;1.49709;1.4938;1.4959;1.49554;16630
2015.07.09;08:00:00;1.50064;1.49135;1.49208;1.49589;36080
2015.07.09;12:00:00;1.49414;1.48907;1.49053;1.49209;32087
2015.07.09;16:00:00;1.4937;1.48703;1.48711;1.49053;34247
2015.07.09;20:00:00;1.49027;1.48556;1.48797;1.48714;18669
2015.07.10;00:00:00;1.49552;1.48803;1.49356;1.48892;10904
2015.07.10;04:00:00;1.4973;1.49243;1.49638;1.49358;17512
2015.07.10;08:00:00;1.50147;1.49541;1.50024;1.49638;36044
2015.07.10;12:00:00;1.51108;1.49948;1.5091;1.50023;39814
2015.07.10;16:00:00;1.51056;1.50268;1.5029;1.5091;38058
2015.07.10;20:00:00;1.50722;1.5026;1.50667;1.50291;17740
2015.07.13;00:00:00;1.50562;1.49972;1.50382;1.50012;8124
2015.07.13;04:00:00;1.50638;1.50217;1.50525;1.50382;16391
2015.07.13;08:00:00;1.51164;1.49674;1.49729;1.50526;41192
2015.07.13;12:00:00;1.50003;1.49443;1.49895;1.4972;33193
2015.07.13;16:00:00;1.49971;1.49437;1.49497;1.49894;35743
2015.07.13;20:00:00;1.49541;1.49172;1.49237;1.49498;16274
2015.07.14;00:00:00;1.49563;1.49096;1.49541;1.49277;10461
2015.07.14;04:00:00;1.49845;1.4952;1.49727;1.49542;15119
2015.07.14;08:00:00;1.50208;1.49237;1.50027;1.49728;38696
2015.07.14;12:00:00;1.5063;1.49856;1.50213;1.50032;35778
2015.07.14;16:00:00;1.50292;1.49657;1.49867;1.50209;33420
2015.07.14;20:00:00;1.49942;1.49743;1.49782;1.49867;11211
2015.07.15;00:00:00;1.49937;1.49619;1.49662;1.49772;6820
2015.07.15;04:00:00;1.49797;1.49466;1.49781;1.49662;14171
2015.07.15;08:00:00;1.50361;1.49611;1.50283;1.49779;32787
2015.07.15;12:00:00;1.50307;1.49628;1.49701;1.50283;30794
2015.07.15;16:00:00;1.49862;1.49378;1.49526;1.49702;43373
2015.07.15;20:00:00;1.49653;1.49372;1.49427;1.49522;14745
2015.07.16;00:00:00;1.49642;1.49329;1.49359;1.49432;8774
2015.07.16;04:00:00;1.49527;1.49283;1.49396;1.49361;16003
2015.07.16;08:00:00;1.49583;1.48952;1.48962;1.49396;31629
2015.07.16;12:00:00;1.49104;1.48407;1.48447;1.48957;34700
2015.07.16;16:00:00;1.49033;1.48433;1.48494;1.48445;33553
2015.07.16;20:00:00;1.48726;1.48487;1.48602;1.48491;11000
2015.07.17;00:00:00;1.48752;1.48427;1.48713;1.48607;5224
2015.07.17;04:00:00;1.48985;1.48691;1.48875;1.48712;9013
2015.07.17;08:00:00;1.48899;1.48531;1.48637;1.48874;25726
2015.07.17;12:00:00;1.48808;1.48462;1.48529;1.48637;28719
2015.07.17;16:00:00;1.48589;1.48161;1.48367;1.4853;29565
2015.07.17;20:00:00;1.48394;1.48057;1.48077;1.48367;9475
2015.07.20;00:00:00;1.48342;1.48067;1.48337;1.48117;3760
2015.07.20;04:00:00;1.4858;1.48177;1.4852;1.48337;11787
2015.07.20;08:00:00;1.48913;1.48416;1.48827;1.48518;25735
2015.07.20;12:00:00;1.4901;1.48596;1.48754;1.48832;30666
2015.07.20;16:00:00;1.49036;1.48584;1.48593;1.48753;28681
2015.07.20;20:00:00;1.48653;1.48177;1.48287;1.48594;12103
2015.07.21;00:00:00;1.48583;1.48112;1.48487;1.48267;5499
2015.07.21;04:00:00;1.48542;1.48126;1.48169;1.48487;14096
2015.07.21;08:00:00;1.48552;1.48071;1.48494;1.48167;28154
2015.07.21;12:00:00;1.48562;1.4829;1.48298;1.48493;29143
2015.07.21;16:00:00;1.49333;1.48287;1.49307;1.48296;41534
2015.07.21;20:00:00;1.49427;1.49042;1.49062;1.49307;18572
2015.07.22;00:00:00;1.49418;1.49025;1.49353;1.49072;6620
2015.07.22;04:00:00;1.49455;1.49108;1.49249;1.49355;18560
2015.07.22;08:00:00;1.49276;1.48848;1.49131;1.49249;31361
2015.07.22;12:00:00;1.49261;1.48712;1.48833;1.49129;31782
2015.07.22;16:00:00;1.48993;1.48557;1.48953;1.48832;33114
2015.07.22;20:00:00;1.49202;1.48849;1.49202;1.48955;12490
2015.07.23;00:00:00;1.49525;1.49039;1.49442;1.49212;7198
2015.07.23;04:00:00;1.49717;1.49412;1.49672;1.49442;14499
2015.07.23;08:00:00;1.50324;1.49473;1.5011;1.49672;33285
2015.07.23;12:00:00;1.50528;1.49867;1.49939;1.5011;32946
2015.07.23;16:00:00;1.50436;1.4985;1.5038;1.4994;36223
2015.07.23;20:00:00;1.50656;1.50292;1.50337;1.50378;13140
2015.07.24;00:00:00;1.50444;1.50217;1.50412;1.50332;5459
2015.07.24;04:00:00;1.50546;1.50262;1.50462;1.50412;9564
2015.07.24;08:00:00;1.50705;1.49854;1.49968;1.50457;16701
2015.07.24;12:00:00;1.50584;1.49967;1.50492;1.49968;24758
2015.07.24;16:00:00;1.50768;1.50377;1.50602;1.50492;31558
2015.07.24;20:00:00;1.50752;1.50507;1.50517;1.50592;5583
2015.07.27;00:00:00;1.50862;1.50412;1.50807;1.50512;5099
2015.07.27;04:00:00;1.50807;1.50562;1.50757;1.50807;15430
2015.07.27;08:00:00;1.52107;1.50714;1.51578;1.50757;35149
2015.07.27;12:00:00;1.51713;1.51267;1.51557;1.51578;31245
2015.07.27;16:00:00;1.52141;1.51447;1.52047;1.51557;37851
2015.07.27;20:00:00;1.52081;1.51707;1.51747;1.52047;11150
2015.07.28;00:00:00;1.51867;1.51607;1.51779;1.51752;5286
2015.07.28;04:00:00;1.518;1.51236;1.51297;1.51779;15219
2015.07.28;08:00:00;1.51431;1.5108;1.51165;1.51292;30022
2015.07.28;12:00:00;1.51217;1.50702;1.50867;1.51163;29279
2015.07.28;16:00:00;1.5106;1.50551;1.50631;1.50867;30842
2015.07.28;20:00:00;1.50823;1.50617;1.50767;1.5063;11730
2015.07.29;00:00:00;1.50972;1.50712;1.50912;1.50772;6403
2015.07.29;04:00:00;1.51094;1.50799;1.50802;1.50913;12439
2015.07.29;08:00:00;1.51083;1.50597;1.50977;1.50804;26123
2015.07.29;12:00:00;1.51042;1.50687;1.50889;1.50975;27026
2015.07.29;16:00:00;1.50991;1.50457;1.50642;1.50888;29777
2015.07.29;20:00:00;1.51103;1.50082;1.50317;1.50642;27918
2015.07.30;00:00:00;1.50487;1.50071;1.50262;1.50307;7362
2015.07.30;04:00:00;1.50401;1.50153;1.50355;1.50262;12483
2015.07.30;08:00:00;1.50666;1.50133;1.50487;1.50356;26565
2015.07.30;12:00:00;1.5081;1.50126;1.50216;1.50478;31717
2015.07.30;16:00:00;1.50265;1.49723;1.49858;1.50215;9613
2015.07.30;20:00:00;1.50184;1.49776;1.50113;1.49849;3586
2015.07.31;00:00:00;1.50223;1.49673;1.50048;1.50128;1529
2015.07.31;04:00:00;1.50174;1.4997;1.50031;1.50048;2782
2015.07.31;08:00:00;1.50498;1.49996;1.50313;1.50028;7250
2015.07.31;12:00:00;1.5154;1.50298;1.51214;1.50298;9336
2015.07.31;16:00:00;1.5168;1.50538;1.50613;1.51214;11879
2015.07.31;20:00:00;1.50814;1.5025;1.50483;1.50611;4942
2015.08.03;00:00:00;1.50593;1.50033;1.50529;1.50153;1362
2015.08.03;04:00:00;1.50765;1.50413;1.50708;1.50526;3192
2015.08.03;08:00:00;1.5103;1.5063;1.50878;1.50714;6443
2015.08.03;12:00:00;1.50937;1.5049;1.50711;1.50879;7282
2015.08.03;16:00:00;1.51037;1.50618;1.50728;1.5071;7975
2015.08.03;20:00:00;1.50784;1.50537;1.50693;1.50741;3749
2015.08.04;00:00:00;1.50858;1.50514;1.50693;1.50688;1354
2015.08.04;04:00:00;1.50953;1.50577;1.50647;1.50693;3440
2015.08.04;08:00:00;1.50988;1.50594;1.50758;1.50638;7535
2015.08.04;12:00:00;1.50956;1.50717;1.50793;1.50743;6995
2015.08.04;16:00:00;1.5095;1.50593;1.50817;1.50783;8096
2015.08.04;20:00:00;1.50847;1.50013;1.50038;1.50813;6164
2015.08.05;00:00:00;1.50293;1.50028;1.50103;1.50033;1496
2015.08.05;04:00:00;1.50428;1.50043;1.50382;1.50103;3749
2015.08.05;08:00:00;1.50447;1.50071;1.50123;1.50378;6977
2015.08.05;12:00:00;1.50838;1.50008;1.50543;1.50118;7978
2015.08.05;16:00:00;1.50735;1.50243;1.504;1.50543;9276
2015.08.05;20:00:00;1.50819;1.50377;1.50703;1.50405;2280
2015.08.06;00:00:00;1.50896;1.50538;1.50704;1.50693;1119
2015.08.06;04:00:00;1.50871;1.50608;1.50871;1.50708;3324
2015.08.06;08:00:00;1.51154;1.50518;1.50678;1.50872;5827
2015.08.06;12:00:00;1.51098;1.50456;1.50638;1.50678;7571
2015.08.06;16:00:00;1.5109;1.50559;1.50921;1.50633;6923
2015.08.06;20:00:00;1.51061;1.50806;1.50943;1.50926;2444
2015.08.07;00:00:00;1.51178;1.50856;1.51175;1.50948;671
2015.08.07;04:00:00;1.51256;1.5107;1.51183;1.51178;2293
2015.08.07;08:00:00;1.51444;1.51013;1.51202;1.51173;4589
2015.08.07;12:00:00;1.51462;1.50423;1.50675;1.51205;6695
2015.08.07;16:00:00;1.5176;1.50593;1.51576;1.50672;11249
2015.08.07;20:00:00;1.51699;1.51383;1.51498;1.51581;2880
2015.08.10;00:00:00;1.51633;1.51463;1.51533;1.51488;706
2015.08.10;04:00:00;1.51698;1.51493;1.51678;1.51533;1554
2015.08.10;08:00:00;1.51925;1.51517;1.51864;1.51678;5432
2015.08.10;12:00:00;1.5192;1.51438;1.51637;1.51866;6773
2015.08.10;16:00:00;1.5223;1.51479;1.52118;1.51639;8895
2015.08.10;20:00:00;1.52297;1.51838;1.51838;1.52115;3874
2015.08.11;00:00:00;1.52136;1.51668;1.51978;1.51848;1298
2015.08.11;04:00:00;1.53449;1.51925;1.53246;1.51973;6002
2015.08.11;08:00:00;1.54818;1.5316;1.54196;1.53245;8945
2015.08.11;12:00:00;1.54561;1.53943;1.5455;1.54186;9580
2015.08.11;16:00:00;1.55255;1.5425;1.54386;1.54552;10236
2015.08.11;20:00:00;1.54721;1.54331;1.54498;1.54393;3563
2015.08.12;00:00:00;1.54668;1.5443;1.54478;1.54508;1423
2015.08.12;04:00:00;1.56535;1.54467;1.56513;1.54477;3485
2015.08.12;08:00:00;1.57002;1.56165;1.56773;1.56517;8906
2015.08.12;12:00:00;1.56812;1.56002;1.56401;1.56748;9432
2015.08.12;16:00:00;1.57109;1.56313;1.56686;1.564;11123
2015.08.12;20:00:00;1.5684;1.55833;1.55843;1.56699;4752
2015.08.13;00:00:00;1.56023;1.55729;1.55754;1.55838;1434
2015.08.13;04:00:00;1.56478;1.5445;1.55328;1.55763;3653
2015.08.13;08:00:00;1.55343;1.54831;1.54908;1.55338;6193
2015.08.13;12:00:00;1.55373;1.54898;1.5514;1.54918;6558
2015.08.13;16:00:00;1.55663;1.55124;1.55423;1.55141;7507
2015.08.13;20:00:00;1.55713;1.55298;1.55538;1.55428;2100
2015.08.14;00:00:00;1.55883;1.55498;1.55693;1.55553;952
2015.08.14;04:00:00;1.56653;1.55458;1.56358;1.55698;2314
2015.08.14;08:00:00;1.56529;1.55943;1.56113;1.56368;4228
2015.08.14;12:00:00;1.56743;1.56071;1.56329;1.56108;6470
2015.08.14;16:00:00;1.56335;1.55788;1.56258;1.56327;7006
2015.08.14;20:00:00;1.56258;1.55917;1.56053;1.56253;2460
2015.08.17;00:00:00;1.56313;1.55848;1.56303;1.56043;922
2015.08.17;04:00:00;1.56353;1.55813;1.55968;1.56303;1604
2015.08.17;08:00:00;1.56271;1.55803;1.5621;1.55973;5191
2015.08.17;12:00:00;1.56416;1.56042;1.56201;1.56212;5532
2015.08.17;16:00:00;1.56416;1.55443;1.55689;1.56202;7004
2015.08.17;20:00:00;1.55858;1.55613;1.55658;1.55698;3294
2015.08.18;00:00:00;1.55853;1.5559;1.55813;1.55678;717
2015.08.18;04:00:00;1.55858;1.55358;1.55418;1.55813;1838
2015.08.18;08:00:00;1.55672;1.55261;1.55366;1.55418;5958
2015.08.18;12:00:00;1.55379;1.54763;1.54833;1.55358;6818
2015.08.18;16:00:00;1.54903;1.5459;1.54673;1.54833;7473
2015.08.18;20:00:00;1.54838;1.54473;1.54473;1.54668;3118
2015.08.19;00:00:00;1.54733;1.5444;1.54528;1.54503;1125
2015.08.19;04:00:00;1.54933;1.54503;1.54819;1.54523;1540
2015.08.19;08:00:00;1.55136;1.54748;1.54932;1.54813;5859
2015.08.19;12:00:00;1.55025;1.544;1.54853;1.5493;7077
2015.08.19;16:00:00;1.55605;1.54717;1.55399;1.54858;9217
2015.08.19;20:00:00;1.5593;1.5496;1.55793;1.55405;8224
2015.08.20;00:00:00;1.55883;1.55537;1.55746;1.55793;1708
2015.08.20;04:00:00;1.56048;1.55568;1.55883;1.55749;2339
2015.08.20;08:00:00;1.56398;1.55773;1.56373;1.5589;7028
2015.08.20;12:00:00;1.56858;1.56318;1.56435;1.56386;8669
2015.08.20;16:00:00;1.57189;1.56424;1.56933;1.56436;10195
2015.08.20;20:00:00;1.57603;1.56924;1.57443;1.56946;5144
2015.08.21;00:00:00;1.57628;1.57188;1.57576;1.57413;1228
2015.08.21;04:00:00;1.58823;1.57545;1.58788;1.57578;3839
2015.08.21;08:00:00;1.58958;1.57969;1.58265;1.58783;7544
2015.08.21;12:00:00;1.58616;1.58066;1.58178;1.58268;9141
2015.08.21;16:00:00;1.59679;1.58055;1.59534;1.58179;13297
2015.08.21;20:00:00;1.60163;1.59399;1.60113;1.5952;6511
2015.08.24;00:00:00;1.60788;1.59958;1.60645;1.60018;2464
2015.08.24;04:00:00;1.62608;1.60641;1.61508;1.60641;4856
2015.08.24;08:00:00;1.62141;1.61049;1.61898;1.61508;9554
2015.08.24;12:00:00;1.63278;1.61579;1.62834;1.61898;11927
2015.08.24;16:00:00;1.65053;1.62161;1.62243;1.62822;14195
2015.08.24;20:00:00;1.63673;1.61853;1.63638;1.62243;7666
2015.08.25;00:00:00;1.63688;1.62396;1.62898;1.63658;2936
2015.08.25;04:00:00;1.62993;1.61733;1.62248;1.62905;5549
2015.08.25;08:00:00;1.62668;1.61034;1.61261;1.62233;11625
2015.08.25;12:00:00;1.61303;1.59743;1.602;1.61293;13749
2015.08.25;16:00:00;1.60313;1.59456;1.60087;1.60181;13557
2015.08.25;20:00:00;1.61809;1.59878;1.61633;1.60023;6680
2015.08.26;00:00:00;1.62168;1.61298;1.61893;1.61643;3268
2015.08.26;04:00:00;1.62178;1.60688;1.60733;1.61908;3305
2015.08.26;08:00:00;1.61233;1.60278;1.60571;1.60723;10190
2015.08.26;12:00:00;1.60736;1.59183;1.59502;1.60568;11737
2015.08.26;16:00:00;1.60648;1.59354;1.60098;1.59497;14487
2015.08.26;20:00:00;1.601;1.58563;1.58823;1.60089;8195
2015.08.27;00:00:00;1.59216;1.58651;1.58918;1.58838;2071
2015.08.27;04:00:00;1.59123;1.58419;1.59118;1.58918;2054
2015.08.27;08:00:00;1.59248;1.57734;1.57787;1.59113;8542
2015.08.27;12:00:00;1.58054;1.57294;1.57423;1.57792;8618
2015.08.27;16:00:00;1.57494;1.56573;1.57003;1.57423;12061
2015.08.27;20:00:00;1.57643;1.56959;1.57068;1.57005;7967
2015.08.28;00:00:00;1.57278;1.56908;1.56968;1.57078;1282
2015.08.28;04:00:00;1.57928;1.56863;1.57629;1.56963;2273
2015.08.28;08:00:00;1.58488;1.57513;1.58233;1.5763;7245
2015.08.28;12:00:00;1.58583;1.57987;1.58073;1.58231;8151
2015.08.28;16:00:00;1.58318;1.56982;1.57072;1.58068;9313
2015.08.28;20:00:00;1.57545;1.56955;1.57228;1.57079;5485
2015.08.31;00:00:00;1.58413;1.56829;1.58243;1.56953;2080
2015.08.31;04:00:00;1.58973;1.57983;1.58893;1.58248;2564
2015.08.31;08:00:00;1.59001;1.58003;1.58013;1.58888;3771
2015.08.31;12:00:00;1.58493;1.57938;1.58368;1.58028;3980
2015.08.31;16:00:00;1.58583;1.57618;1.57928;1.58381;5213
2015.08.31;20:00:00;1.58253;1.57818;1.58048;1.57908;3500
2015.09.01;00:00:00;1.58573;1.57928;1.58393;1.58033;893
2015.09.01;04:00:00;1.58788;1.5813;1.58403;1.58398;2637
2015.09.01;08:00:00;1.59363;1.58173;1.5866;1.58413;9403
2015.09.01;12:00:00;1.58953;1.58388;1.58725;1.58661;8958
2015.09.01;16:00:00;1.59188;1.5853;1.59001;1.58717;11651
2015.09.01;20:00:00;1.59673;1.5896;1.59618;1.59003;6804
2015.09.02;00:00:00;1.59698;1.58863;1.58888;1.59623;2069
2015.09.02;04:00:00;1.5929;1.58788;1.59199;1.58883;3169
2015.09.02;08:00:00;1.59608;1.58703;1.59328;1.59183;7742
2015.09.02;12:00:00;1.59652;1.58682;1.58793;1.59348;8792
2015.09.02;16:00:00;1.59118;1.58578;1.58803;1.58788;10326
2015.09.02;20:00:00;1.59003;1.58528;1.58693;1.58803;4643
2015.09.03;00:00:00;1.58768;1.5843;1.58683;1.58678;1622
2015.09.03;04:00:00;1.58868;1.58573;1.58723;1.58688;1796
2015.09.03;08:00:00;1.59003;1.58598;1.58968;1.58728;5347
2015.09.03;12:00:00;1.58988;1.57288;1.57328;1.58978;7785
2015.09.03;16:00:00;1.57558;1.56621;1.57388;1.57325;9766
2015.09.03;20:00:00;1.57698;1.57273;1.57338;1.57383;3387
2015.09.04;00:00:00;1.57538;1.57056;1.57518;1.57343;1517
2015.09.04;04:00:00;1.57743;1.57343;1.57633;1.57533;2609
2015.09.04;08:00:00;1.57828;1.57361;1.57599;1.57628;6516
2015.09.04;12:00:00;1.58072;1.57038;1.57883;1.57601;7572
2015.09.04;16:00:00;1.58456;1.57593;1.58419;1.57905;10627
2015.09.04;20:00:00;1.58866;1.58388;1.58573;1.58415;3217
2015.09.07;00:00:00;1.58888;1.58353;1.58788;1.58703;1525
2015.09.07;04:00:00;1.58843;1.58348;1.58753;1.58798;2273
2015.09.07;08:00:00;1.59088;1.58351;1.59028;1.58748;6398
2015.09.07;12:00:00;1.59381;1.58733;1.58948;1.59028;4614
2015.09.07;16:00:00;1.59318;1.58938;1.59278;1.58943;2561
2015.09.07;20:00:00;1.59308;1.59151;1.59238;1.59263;419
2015.09.08;00:00:00;1.59413;1.58938;1.59363;1.59253;932
2015.09.08;04:00:00;1.5983;1.59078;1.59643;1.59363;3535
2015.09.08;08:00:00;1.59842;1.588;1.58878;1.59638;7612
2015.09.08;12:00:00;1.58928;1.58104;1.58356;1.58878;6721
2015.09.08;16:00:00;1.58778;1.58254;1.58443;1.58364;7502
2015.09.08;20:00:00;1.58768;1.58146;1.58593;1.58443;3535
2015.09.09;00:00:00;1.58733;1.58263;1.58275;1.58608;1943
2015.09.09;04:00:00;1.58363;1.576;1.57728;1.58283;4212
2015.09.09;08:00:00;1.58608;1.572;1.58361;1.57723;7863
2015.09.09;12:00:00;1.58442;1.57353;1.57363;1.58364;7255
2015.09.09;16:00:00;1.57963;1.57221;1.57734;1.57368;8189
2015.09.09;20:00:00;1.58624;1.57611;1.58548;1.57733;4824
2015.09.10;00:00:00;1.59813;1.58518;1.59543;1.58543;2060
2015.09.10;04:00:00;1.5972;1.5899;1.59248;1.59538;2846
2015.09.10;08:00:00;1.59463;1.58068;1.58388;1.59233;7705
2015.09.10;12:00:00;1.58573;1.57916;1.58513;1.58388;8203
2015.09.10;16:00:00;1.59246;1.58264;1.59133;1.58518;9732
2015.09.10;20:00:00;1.59408;1.59066;1.59198;1.59138;4311
2015.09.11;00:00:00;1.59435;1.58963;1.59063;1.59193;1735
2015.09.11;04:00:00;1.59123;1.58462;1.59123;1.59068;2484
2015.09.11;08:00:00;1.59693;1.58989;1.59428;1.59123;7772
2015.09.11;12:00:00;1.59563;1.58961;1.59508;1.59427;7288
2015.09.11;16:00:00;1.60258;1.59326;1.60025;1.59513;9543
2015.09.11;20:00:00;1.60172;1.59664;1.59664;1.60033;3147
2015.09.14;00:00:00;1.60203;1.59458;1.59693;1.59823;1579
2015.09.14;04:00:00;1.60038;1.59538;1.59706;1.59693;2408
2015.09.14;08:00:00;1.59913;1.59253;1.59323;1.59703;4161
2015.09.14;12:00:00;1.59338;1.58892;1.58988;1.59323;3464
2015.09.14;16:00:00;1.59108;1.58478;1.58958;1.58998;7024
2015.09.14;20:00:00;1.59079;1.58798;1.58898;1.58948;2689
2015.09.15;00:00:00;1.59003;1.57863;1.58038;1.58918;1700
2015.09.15;04:00:00;1.58643;1.58038;1.58243;1.58038;2140
2015.09.15;08:00:00;1.58703;1.57968;1.58088;1.58238;6812
2015.09.15;12:00:00;1.58489;1.58033;1.58381;1.58073;6446
2015.09.15;16:00:00;1.58468;1.57713;1.57953;1.5837;7326
2015.09.15;20:00:00;1.58068;1.57663;1.57753;1.57943;3652
2015.09.16;00:00:00;1.57978;1.57409;1.57578;1.57758;1233
2015.09.16;04:00:00;1.58103;1.57533;1.58078;1.57588;3453
2015.09.16;08:00:00;1.58078;1.57061;1.57343;1.58073;6598
2015.09.16;12:00:00;1.57593;1.56927;1.57513;1.57353;7085
2015.09.16;16:00:00;1.58;1.57497;1.5785;1.57513;18603
2015.09.16;20:00:00;1.57922;1.57425;1.575;1.57852;14146
2015.09.17;00:00:00;1.58055;1.575;1.5805;1.57515;3710
2015.09.17;04:00:00;1.5819;1.57899;1.57909;1.58045;10917
2015.09.17;08:00:00;1.5854;1.57456;1.58422;1.57913;24631
2015.09.17;12:00:00;1.5856;1.5804;1.5831;1.58425;18814
2015.09.17;16:00:00;1.58555;1.57724;1.57892;1.5831;21282
2015.09.17;20:00:00;1.59806;1.5776;1.5975;1.57897;35768
2015.09.18;00:00:00;1.5977;1.5898;1.59435;1.5976;8128
2015.09.18;04:00:00;1.59625;1.59235;1.5952;1.5944;9611
2015.09.18;08:00:00;1.59575;1.58843;1.59155;1.59521;25820
2015.09.18;12:00:00;1.59275;1.58545;1.5867;1.5916;19465
2015.09.18;16:00:00;1.58835;1.58354;1.58634;1.58675;33521
2015.09.18;20:00:00;1.5881;1.5779;1.57895;1.58637;16573
2015.09.21;00:00:00;1.58715;1.57891;1.58705;1.5811;4585
2015.09.21;04:00:00;1.5914;1.5861;1.59125;1.5871;7197
2015.09.21;08:00:00;1.59255;1.5853;1.58975;1.59125;27424
2015.09.21;12:00:00;1.59007;1.58247;1.58388;1.58976;31501
2015.09.21;16:00:00;1.58526;1.57598;1.5804;1.58389;35395
2015.09.21;20:00:00;1.58045;1.57625;1.5764;1.58038;14831
2015.09.22;00:00:00;1.58005;1.57542;1.57978;1.57635;5951
2015.09.22;04:00:00;1.58297;1.5797;1.58145;1.5798;9414
2015.09.22;08:00:00;1.5851;1.57423;1.58402;1.5815;32191
2015.09.22;12:00:00;1.58577;1.57957;1.58145;1.58405;35337
2015.09.22;16:00:00;1.58315;1.57477;1.57688;1.58145;38292
2015.09.22;20:00:00;1.57775;1.5738;1.5741;1.57687;14080
2015.09.23;00:00:00;1.57715;1.5736;1.5747;1.57405;4026
2015.09.23;04:00:00;1.58355;1.57335;1.58275;1.57475;8476
2015.09.23;08:00:00;1.586;1.57861;1.57975;1.58275;26574
2015.09.23;12:00:00;1.58712;1.5794;1.58428;1.5797;31849
2015.09.23;16:00:00;1.59436;1.58235;1.59203;1.58425;41159
2015.09.23;20:00:00;1.59755;1.59097;1.59395;1.59203;18878
2015.09.24;00:00:00;1.59505;1.5918;1.5925;1.59415;7274
2015.09.24;04:00:00;1.59594;1.59008;1.59417;1.5924;16143
2015.09.24;08:00:00;1.59765;1.59117;1.5946;1.5941;23804
2015.09.24;12:00:00;1.60735;1.59425;1.6066;1.5946;18706
2015.09.24;16:00:00;1.6104;1.59785;1.6015;1.60665;20825
2015.09.24;20:00:00;1.60225;1.5922;1.5948;1.60145;9724
2015.09.25;00:00:00;1.59565;1.5882;1.58995;1.59485;9352
2015.09.25;04:00:00;1.59365;1.58785;1.58785;1.59;8209
2015.09.25;08:00:00;1.59085;1.58135;1.58495;1.5879;16373
2015.09.25;12:00:00;1.59005;1.58265;1.58775;1.58496;15163
2015.09.25;16:00:00;1.59525;1.58635;1.5933;1.5877;19218
2015.09.25;20:00:00;1.5976;1.5911;1.5949;1.59345;9843
2015.09.28;00:00:00;1.59895;1.59195;1.5948;1.592;4519
2015.09.28;04:00:00;1.5963;1.5936;1.5953;1.59475;6306
2015.09.28;08:00:00;1.5976;1.5919;1.59585;1.59525;15543
2015.09.28;12:00:00;1.59825;1.59195;1.5926;1.59585;16539
2015.09.28;16:00:00;1.60441;1.5914;1.604;1.59257;22061
2015.09.28;20:00:00;1.6058;1.60158;1.60465;1.60405;8930
2015.09.29;00:00:00;1.6107;1.60345;1.60895;1.60455;4535
2015.09.29;04:00:00;1.61252;1.60885;1.6121;1.60895;7513
2015.09.29;08:00:00;1.61354;1.60115;1.60285;1.6121;18881
2015.09.29;12:00:00;1.6052;1.5988;1.6001;1.60285;15438
2015.09.29;16:00:00;1.6078;1.5988;1.6068;1.60005;22649
2015.09.29;20:00:00;1.6083;1.6028;1.6053;1.6068;8925
2015.09.30;00:00:00;1.6063;1.6028;1.6028;1.6052;4424
2015.09.30;04:00:00;1.6055;1.60195;1.60225;1.6028;7776
2015.09.30;08:00:00;1.60225;1.59465;1.59665;1.6022;16283
2015.09.30;12:00:00;1.59845;1.59015;1.59221;1.59665;14697
2015.09.30;16:00:00;1.5942;1.58535;1.59125;1.59225;21123
2015.09.30;20:00:00;1.5918;1.58735;1.58795;1.59125;8999
2015.10.01;00:00:00;1.59;1.58728;1.5882;1.588;3695
2015.10.01;04:00:00;1.5919;1.5854;1.58854;1.5881;8094
2015.10.01;08:00:00;1.5938;1.5864;1.5931;1.58851;15173
2015.10.01;12:00:00;1.59349;1.58917;1.5916;1.5931;19349
2015.10.01;16:00:00;1.60135;1.59105;1.59995;1.5916;24374
2015.10.01;20:00:00;1.60098;1.5969;1.6004;1.59998;9929
2015.10.02;00:00:00;1.60115;1.59822;1.60105;1.6005;3740
2015.10.02;04:00:00;1.6062;1.6009;1.6023;1.60105;7553
2015.10.02;08:00:00;1.60395;1.5986;1.59985;1.6023;12498
2015.10.02;12:00:00;1.61765;1.59705;1.6149;1.5999;18234
2015.10.02;16:00:00;1.6226;1.61045;1.61135;1.61495;29768
2015.10.02;20:00:00;1.61165;1.6044;1.6049;1.61136;13838
2015.10.05;00:00:00;1.60705;1.60375;1.60635;1.6057;5382
2015.10.05;04:00:00;1.6096;1.60565;1.6078;1.6064;7468
2015.10.05;08:00:00;1.6087;1.6044;1.60525;1.6078;18369
2015.10.05;12:00:00;1.60571;1.59305;1.59577;1.60525;21062
2015.10.05;16:00:00;1.59705;1.58545;1.58915;1.5958;20516
2015.10.05;20:00:00;1.58945;1.58495;1.5881;1.5891;7367
2015.10.06;00:00:00;1.5934;1.5856;1.5917;1.58825;3964
2015.10.06;04:00:00;1.5924;1.5883;1.5892;1.5917;6862
2015.10.06;08:00:00;1.60057;1.58915;1.59715;1.5892;16879
2015.10.06;12:00:00;1.60037;1.5956;1.5967;1.59715;17290
2015.10.06;16:00:00;1.60281;1.5947;1.59936;1.59675;20112
2015.10.06;20:00:00;1.60035;1.59764;1.598;1.59938;8572
2015.10.07;00:00:00;1.60335;1.5966;1.6024;1.59815;4360
2015.10.07;04:00:00;1.6058;1.5992;1.59995;1.60235;10081
2015.10.07;08:00:00;1.6002;1.5861;1.58987;1.59995;17238
2015.10.07;12:00:00;1.59;1.5819;1.58601;1.58991;16076
2015.10.07;16:00:00;1.5882;1.5787;1.5841;1.58601;20459
2015.10.07;20:00:00;1.58675;1.58075;1.5857;1.58405;10282
2015.10.08;00:00:00;1.58735;1.5828;1.5839;1.5857;3727
2015.10.08;04:00:00;1.59135;1.58295;1.59065;1.58395;7402
2015.10.08;08:00:00;1.59525;1.58785;1.595;1.5907;15036
2015.10.08;12:00:00;1.5972;1.5861;1.58805;1.595;17354
2015.10.08;16:00:00;1.5915;1.586;1.58896;1.588;15339
2015.10.08;20:00:00;1.59115;1.58105;1.58245;1.589;13645
2015.10.09;00:00:00;1.58585;1.58055;1.5814;1.58255;5002
2015.10.09;04:00:00;1.58247;1.57615;1.57975;1.58145;8018
2015.10.09;08:00:00;1.58605;1.57685;1.57985;1.57975;18020
2015.10.09;12:00:00;1.5858;1.5782;1.58375;1.5798;18184
2015.10.09;16:00:00;1.5881;1.5783;1.58745;1.5838;17052
2015.10.09;20:00:00;1.58845;1.5815;1.58305;1.5874;6748
2015.10.12;00:00:00;1.59355;1.58095;1.59211;1.58105;4120
2015.10.12;04:00:00;1.5946;1.59005;1.59129;1.59213;6921
2015.10.12;08:00:00;1.5917;1.588;1.5898;1.5913;9268
2015.10.12;12:00:00;1.5915;1.5869;1.58725;1.58975;9995
2015.10.12;16:00:00;1.5905;1.58685;1.5893;1.5873;9763
2015.10.12;20:00:00;1.5894;1.58725;1.5877;1.5893;4033
2015.10.13;00:00:00;1.5906;1.58577;1.5898;1.58785;3820
2015.10.13;04:00:00;1.594;1.5886;1.5933;1.58985;6677
2015.10.13;08:00:00;1.5968;1.5896;1.59375;1.59335;15146
2015.10.13;12:00:00;1.59506;1.59036;1.59405;1.5938;16858
2015.10.13;16:00:00;1.59615;1.5896;1.5949;1.59401;16795
2015.10.13;20:00:00;1.59745;1.59365;1.59475;1.5949;6529
2015.10.14;00:00:00;1.59808;1.5822;1.5913;1.5947;6074
2015.10.14;04:00:00;1.5926;1.58515;1.587;1.5914;7427
2015.10.14;08:00:00;1.58845;1.57985;1.5813;1.58705;16475
2015.10.14;12:00:00;1.5841;1.5777;1.58234;1.5813;17604
2015.10.14;16:00:00;1.58436;1.57835;1.58174;1.58236;17947
2015.10.14;20:00:00;1.5852;1.5797;1.5807;1.58171;10740
2015.10.15;00:00:00;1.5818;1.57775;1.5784;1.58065;5933
2015.10.15;04:00:00;1.5827;1.5755;1.5813;1.57845;9530
2015.10.15;08:00:00;1.5829;1.5718;1.57415;1.58135;16447
2015.10.15;12:00:00;1.5773;1.56961;1.5703;1.5742;16882
2015.10.15;16:00:00;1.5736;1.568;1.56935;1.5703;20154
2015.10.15;20:00:00;1.56945;1.5652;1.56845;1.56935;7835
2015.10.16;00:00:00;1.57175;1.56359;1.57015;1.5663;5654
2015.10.16;04:00:00;1.57455;1.56835;1.57375;1.5702;6937
2015.10.16;08:00:00;1.5748;1.5689;1.57065;1.5737;11248
2015.10.16;12:00:00;1.5718;1.5668;1.56865;1.5707;13332
2015.10.16;16:00:00;1.5745;1.56815;1.5737;1.56865;16980
2015.10.16;20:00:00;1.5748;1.56915;1.56955;1.57365;6556
2015.10.19;00:00:00;1.57415;1.5676;1.57395;1.56825;2981
2015.10.19;04:00:00;1.57665;1.56835;1.57096;1.5739;7380
2015.10.19;08:00:00;1.5726;1.56655;1.57;1.571;10499
2015.10.19;12:00:00;1.57005;1.5645;1.56765;1.57;12092
2015.10.19;16:00:00;1.5704;1.56585;1.5696;1.56775;12373
2015.10.19;20:00:00;1.57245;1.56915;1.57155;1.5696;5575
2015.10.20;00:00:00;1.5748;1.5703;1.57255;1.57165;3321
2015.10.20;04:00:00;1.5739;1.5711;1.5726;1.57255;4394
2015.10.20;08:00:00;1.5778;1.5705;1.57725;1.5726;10125
2015.10.20;12:00:00;1.5812;1.57582;1.5772;1.5772;11679
2015.10.20;16:00:00;1.57915;1.57415;1.577;1.57725;12935
2015.10.20;20:00:00;1.5786;1.57542;1.57665;1.57697;5943
2015.10.21;00:00:00;1.5787;1.57235;1.5781;1.5768;2887
2015.10.21;04:00:00;1.58;1.57645;1.5796;1.57815;4810
2015.10.21;08:00:00;1.58345;1.578;1.58085;1.57965;11746
2015.10.21;12:00:00;1.582;1.5781;1.58125;1.58075;9808
2015.10.21;16:00:00;1.5825;1.57875;1.58025;1.5813;12721
2015.10.21;20:00:00;1.5817;1.57875;1.5802;1.5803;6538
2015.10.22;00:00:00;1.5817;1.5783;1.57915;1.58025;2995
2015.10.22;04:00:00;1.5809;1.5776;1.5783;1.57915;6537
2015.10.22;08:00:00;1.5784;1.57255;1.57415;1.5783;11695
2015.10.22;12:00:00;1.57575;1.5594;1.5605;1.5741;15524
2015.10.22;16:00:00;1.5614;1.54945;1.5512;1.5605;22931
2015.10.22;20:00:00;1.55165;1.54695;1.5478;1.5511;8875
2015.10.23;00:00:00;1.54905;1.5385;1.53865;1.54785;7752
2015.10.23;04:00:00;1.5414;1.53685;1.53755;1.5387;8091
2015.10.23;08:00:00;1.5458;1.53695;1.5443;1.53755;14162
2015.10.23;12:00:00;1.5458;1.53605;1.5381;1.54425;17132
2015.10.23;16:00:00;1.5406;1.5352;1.5385;1.53815;18436
2015.10.23;20:00:00;1.53885;1.5356;1.5384;1.53855;8380
2015.10.25;23:00:00;1.5371;1.53275;1.53542;1.5335;116
2015.10.26;00:00:00;1.54215;1.53475;1.5402;1.53544;6056
2015.10.26;04:00:00;1.5411;1.5373;1.53905;1.54025;5454
2015.10.26;08:00:00;1.5395;1.53435;1.53435;1.53905;12035
2015.10.26;12:00:00;1.53635;1.5326;1.53595;1.53435;11937
2015.10.26;16:00:00;1.53885;1.535;1.5369;1.53585;14879
2015.10.26;20:00:00;1.5389;1.53531;1.53705;1.5369;4441
2015.10.27;00:00:00;1.53905;1.5357;1.5376;1.537;4443
2015.10.27;04:00:00;1.54135;1.53765;1.53905;1.53765;5654
2015.10.27;08:00:00;1.53967;1.53565;1.5368;1.539;10876
2015.10.27;12:00:00;1.54255;1.5367;1.5403;1.5368;14097
2015.10.27;16:00:00;1.5421;1.5379;1.53955;1.5404;13995
2015.10.27;20:00:00;1.54305;1.53535;1.5355;1.53965;5397
2015.10.28;00:00:00;1.5423;1.5389;1.54005;1.54045;7209
2015.10.28;04:00:00;1.5413;1.5383;1.53925;1.54;5549
2015.10.28;08:00:00;1.5435;1.5381;1.5414;1.5392;10820
2015.10.28;12:00:00;1.5453;1.54125;1.5414;1.54145;13318
2015.10.28;16:00:00;1.5439;1.5375;1.5375;1.5414;15056
2015.10.28;20:00:00;1.53887;1.52865;1.53175;1.5378;19232
2015.10.29;00:00:00;1.5328;1.5284;1.5306;1.5318;7453
2015.10.29;04:00:00;1.5333;1.53055;1.53186;1.5306;6274
2015.10.29;08:00:00;1.53735;1.53145;1.53655;1.5319;15133
2015.10.29;12:00:00;1.54035;1.53545;1.53955;1.5365;17143
2015.10.29;16:00:00;1.5409;1.5371;1.5391;1.5395;15065
2015.10.29;20:00:00;1.54125;1.53775;1.53925;1.5392;5079
2015.10.30;00:00:00;1.5418;1.53495;1.5376;1.53905;7021
2015.10.30;04:00:00;1.5393;1.5347;1.5383;1.53755;11511
2015.10.30;08:00:00;1.54315;1.53645;1.5405;1.53825;15954
2015.10.30;12:00:00;1.54755;1.5388;1.54755;1.54025;16123
2015.10.30;16:00:00;1.54915;1.54145;1.5424;1.54765;18159
2015.10.30;20:00:00;1.54245;1.53795;1.5398;1.5424;6431
2015.11.02;00:00:00;1.5444;1.5403;1.5441;1.5437;7451
2015.11.02;04:00:00;1.5446;1.54241;1.54347;1.5441;4976
2015.11.02;08:00:00;1.5461;1.5427;1.5433;1.54347;12985
2015.11.02;12:00:00;1.5478;1.5426;1.54665;1.54325;10916
2015.11.02;16:00:00;1.5477;1.5412;1.5417;1.5466;13068
2015.11.02;20:00:00;1.54335;1.5365;1.5382;1.54175;5232
2015.11.03;00:00:00;1.54;1.5355;1.53763;1.53825;3476
2015.11.03;04:00:00;1.5381;1.53546;1.53775;1.5377;5052
2015.11.03;08:00:00;1.5391;1.5344;1.53535;1.5377;10759
2015.11.03;12:00:00;1.5368;1.5311;1.53465;1.5353;11085
2015.11.03;16:00:00;1.53465;1.5294;1.53005;1.53465;15719
2015.11.03;20:00:00;1.53095;1.52767;1.52875;1.53005;8548
2015.11.04;00:00:00;1.53045;1.5256;1.52565;1.5295;5805
2015.11.04;04:00:00;1.52845;1.5242;1.52845;1.5257;6037
2015.11.04;08:00:00;1.52885;1.52375;1.5257;1.52845;13354
2015.11.04;12:00:00;1.52795;1.52485;1.5256;1.5257;11539
2015.11.04;16:00:00;1.526;1.5202;1.52475;1.5256;19518
2015.11.04;20:00:00;1.525;1.5216;1.5232;1.52475;6340
2015.11.05;00:00:00;1.5249;1.52215;1.5245;1.52325;6106
2015.11.05;04:00:00;1.5262;1.52315;1.5257;1.52455;4633
2015.11.05;08:00:00;1.52925;1.5224;1.5265;1.5257;13847
2015.11.05;12:00:00;1.531;1.52505;1.52835;1.52655;15725
2015.11.05;16:00:00;1.52951;1.52565;1.5275;1.52835;16830
2015.11.05;20:00:00;1.53095;1.5274;1.5302;1.52745;6152
2015.11.06;00:00:00;1.53085;1.5287;1.53065;1.5302;3767
2015.11.06;04:00:00;1.53129;1.52885;1.53055;1.5307;4571
2015.11.06;08:00:00;1.5316;1.52865;1.52957;1.53045;11373
2015.11.06;12:00:00;1.53327;1.51487;1.52222;1.52952;16934
2015.11.06;16:00:00;1.52712;1.51922;1.52387;1.52217;24982
2015.11.06;20:00:00;1.52632;1.52152;1.52387;1.52387;6682
2015.11.09;00:00:00;1.52727;1.52182;1.52667;1.52252;5653
2015.11.09;04:00:00;1.53127;1.52642;1.53057;1.52672;6257
2015.11.09;08:00:00;1.53532;1.53033;1.53432;1.53062;13666
2015.11.09;12:00:00;1.53597;1.52947;1.52987;1.53447;14452
2015.11.09;16:00:00;1.53478;1.52767;1.52847;1.52992;18854
2015.11.09;20:00:00;1.53072;1.52767;1.52887;1.52846;6311
2015.11.10;00:00:00;1.53047;1.52727;1.52797;1.52892;4802
2015.11.10;04:00:00;1.52932;1.52677;1.52802;1.52797;4998
2015.11.10;08:00:00;1.52992;1.52447;1.52557;1.52807;13072
2015.11.10;12:00:00;1.52687;1.51987;1.52127;1.52552;15794
2015.11.10;16:00:00;1.52262;1.51852;1.52252;1.52127;16542
2015.11.10;20:00:00;1.52547;1.52147;1.52432;1.52252;7998
2015.11.11;00:00:00;1.52587;1.52202;1.52432;1.52432;7325
2015.11.11;04:00:00;1.52812;1.52407;1.52747;1.52437;9135
2015.11.11;08:00:00;1.52862;1.52452;1.52682;1.52747;12313
2015.11.11;12:00:00;1.52727;1.52157;1.52437;1.52677;12072
2015.11.11;16:00:00;1.52717;1.52122;1.52262;1.52437;16190
2015.11.11;20:00:00;1.52467;1.52167;1.52442;1.52257;4487
2015.11.12;00:00:00;1.52712;1.52367;1.52527;1.52442;8680
2015.11.12;04:00:00;1.52592;1.52407;1.52502;1.52532;6602
2015.11.12;08:00:00;1.52527;1.51722;1.51992;1.52497;15485
2015.11.12;12:00:00;1.52567;1.51922;1.52397;1.51992;14685
2015.11.12;16:00:00;1.53342;1.52342;1.53082;1.52392;26070
2015.11.12;20:00:00;1.53557;1.52842;1.53327;1.53077;10348
2015.11.13;00:00:00;1.53372;1.52932;1.52982;1.53337;6794
2015.11.13;04:00:00;1.53282;1.52932;1.52987;1.52982;6475
2015.11.13;08:00:00;1.53153;1.52847;1.52947;1.52972;16245
2015.11.13;12:00:00;1.53382;1.52582;1.52702;1.52947;20322
2015.11.13;16:00:00;1.53112;1.52492;1.52627;1.52697;20942
2015.11.13;20:00:00;1.53282;1.52552;1.53272;1.52627;8915
2015.11.16;00:00:00;1.52912;1.52152;1.52434;1.52767;10819
2015.11.16;04:00:00;1.5273;1.52397;1.52722;1.52437;6091
2015.11.16;08:00:00;1.52874;1.52234;1.52337;1.52723;17822
2015.11.16;12:00:00;1.52677;1.52212;1.52492;1.52327;14963
2015.11.16;16:00:00;1.52537;1.52042;1.52082;1.52492;19259
2015.11.16;20:00:00;1.52137;1.51717;1.51937;1.52083;7836
2015.11.17;00:00:00;1.51967;1.51542;1.51582;1.51952;7616
2015.11.17;04:00:00;1.51744;1.51542;1.51737;1.51582;6816
2015.11.17;08:00:00;1.51854;1.51432;1.51677;1.51732;17485
2015.11.17;12:00:00;1.5177;1.51442;1.51517;1.51682;17231
2015.11.17;16:00:00;1.51807;1.51207;1.51497;1.51517;27366
2015.11.17;20:00:00;1.51575;1.51272;1.51457;1.51497;11627
2015.11.18;00:00:00;1.51572;1.51372;1.51512;1.51462;6188
2015.11.18;04:00:00;1.51707;1.51492;1.51602;1.51508;8324
2015.11.18;08:00:00;1.52132;1.51503;1.51927;1.516;18599
2015.11.18;12:00:00;1.51937;1.51492;1.51605;1.51922;18605
2015.11.18;16:00:00;1.51792;1.51184;1.51477;1.51602;23182
2015.11.18;20:00:00;1.51752;1.51002;1.51422;1.51477;15826
2015.11.19;00:00:00;1.51972;1.51356;1.51787;1.51417;11157
2015.11.19;04:00:00;1.51854;1.51522;1.51555;1.51789;15009
2015.11.19;08:00:00;1.51602;1.51082;1.51237;1.51547;22927
2015.11.19;12:00:00;1.51499;1.50919;1.5131;1.51242;26703
2015.11.19;16:00:00;1.519;1.51294;1.51547;1.51307;24804
2015.11.19;20:00:00;1.51727;1.51472;1.51472;1.51547;8277
2015.11.20;00:00:00;1.51627;1.51442;1.51572;1.51477;5966
2015.11.20;04:00:00;1.51592;1.51122;1.51231;1.51567;8117
2015.11.20;08:00:00;1.51242;1.50597;1.50761;1.5123;18185
2015.11.20;12:00:00;1.51038;1.50672;1.50852;1.50761;16369
2015.11.20;16:00:00;1.50997;1.50327;1.50502;1.50848;18394
2015.11.20;20:00:00;1.50512;1.50112;1.50272;1.50502;9019
2015.11.23;00:00:00;1.5057;1.49933;1.50262;1.49972;6865
2015.11.23;04:00:00;1.50533;1.50172;1.50477;1.50257;11400
2015.11.23;08:00:00;1.5089;1.50447;1.50847;1.50478;22028
2015.11.23;12:00:00;1.50905;1.50582;1.50894;1.50846;22357
2015.11.23;16:00:00;1.50972;1.50287;1.50445;1.50893;28314
2015.11.23;20:00:00;1.50657;1.50323;1.50652;1.50444;8379
2015.11.24;00:00:00;1.50787;1.50487;1.50549;1.50647;8287
2015.11.24;04:00:00;1.5062;1.50111;1.50214;1.50549;9029
2015.11.24;08:00:00;1.50882;1.50143;1.50492;1.50219;22049
2015.11.24;12:00:00;1.50876;1.50382;1.50758;1.50493;24959
2015.11.24;16:00:00;1.50825;1.50136;1.50177;1.50759;27035
2015.11.24;20:00:00;1.50317;1.49947;1.50012;1.50182;10571
2015.11.25;00:00:00;1.50092;1.49696;1.49949;1.50017;9053
2015.11.25;04:00:00;1.50102;1.49554;1.49676;1.49946;12225
2015.11.25;08:00:00;1.50034;1.4894;1.49032;1.49674;25501
2015.11.25;12:00:00;1.49154;1.48682;1.48967;1.49012;28509
2015.11.25;16:00:00;1.4936;1.48797;1.49112;1.48972;26126
2015.11.25;20:00:00;1.49172;1.48992;1.49167;1.49111;7750
2015.11.26;00:00:00;1.49397;1.48967;1.492;1.49167;5907
2015.11.26;04:00:00;1.49412;1.49162;1.49318;1.49197;6546
2015.11.26;08:00:00;1.49452;1.4918;1.49378;1.49321;16573
2015.11.26;12:00:00;1.49482;1.49114;1.49402;1.49377;11532
2015.11.26;16:00:00;1.49427;1.49219;1.49307;1.49392;7490
2015.11.26;20:00:00;1.49342;1.49197;1.49342;1.49307;3920
2015.11.27;00:00:00;1.49442;1.49137;1.49412;1.49327;5095
2015.11.27;04:00:00;1.49525;1.49301;1.49419;1.49412;6387
2015.11.27;08:00:00;1.49793;1.49277;1.49292;1.49419;21093
2015.11.27;12:00:00;1.49497;1.49093;1.49215;1.49297;21944
2015.11.27;16:00:00;1.49911;1.49102;1.49896;1.49214;18335
2015.11.27;20:00:00;1.49933;1.49387;1.49472;1.49896;4961
2015.11.30;00:00:00;1.49702;1.49187;1.49522;1.49217;7111
2015.11.30;04:00:00;1.49682;1.49362;1.49398;1.49517;6118
2015.11.30;08:00:00;1.49457;1.49097;1.49227;1.49399;17845
2015.11.30;12:00:00;1.49457;1.49157;1.49192;1.49232;19157
2015.11.30;16:00:00;1.49312;1.48677;1.48857;1.49197;21365
2015.11.30;20:00:00;1.49187;1.48849;1.48982;1.48858;8633
2015.12.01;00:00:00;1.49227;1.48907;1.49102;1.48977;6694
2015.12.01;04:00:00;1.49222;1.48882;1.49177;1.49102;12555
2015.12.01;08:00:00;1.49572;1.49117;1.49352;1.49182;18939
2015.12.01;12:00:00;1.49602;1.49228;1.49539;1.49347;16274
2015.12.01;16:00:00;1.49732;1.49202;1.49327;1.49539;24651
2015.12.01;20:00:00;1.49503;1.49225;1.49407;1.49332;9259
2015.12.02;00:00:00;1.49507;1.49242;1.49314;1.49412;7835
2015.12.02;04:00:00;1.49472;1.49254;1.49422;1.49317;8417
2015.12.02;08:00:00;1.49797;1.49287;1.49687;1.49417;17563
2015.12.02;12:00:00;1.49692;1.49032;1.4935;1.49692;21420
2015.12.02;16:00:00;1.49572;1.48917;1.49402;1.49347;27804
2015.12.02;20:00:00;1.49872;1.49361;1.49767;1.49407;15145
2015.12.03;00:00:00;1.49902;1.49597;1.49687;1.49762;6816
2015.12.03;04:00:00;1.49702;1.49252;1.49257;1.49682;9721
2015.12.03;08:00:00;1.49367;1.48747;1.48857;1.49252;19979
2015.12.03;12:00:00;1.52781;1.4794;1.51617;1.48862;40267
2015.12.03;16:00:00;1.52849;1.51247;1.52362;1.5162;43209
2015.12.03;20:00:00;1.52954;1.52322;1.52482;1.52362;22214
2015.12.04;00:00:00;1.52642;1.52182;1.52367;1.52487;15295
2015.12.04;04:00:00;1.52702;1.52272;1.52606;1.52368;15080
2015.12.04;08:00:00;1.52687;1.51529;1.52117;1.52605;30488
2015.12.04;12:00:00;1.52557;1.51392;1.52424;1.52117;33762
2015.12.04;16:00:00;1.52555;1.51348;1.51634;1.52422;42583
2015.12.04;20:00:00;1.5196;1.51462;1.51887;1.51631;14107
2015.12.07;00:00:00;1.52132;1.51498;1.51927;1.51612;9494
2015.12.07;04:00:00;1.52127;1.51902;1.52047;1.51927;8416
2015.12.07;08:00:00;1.52346;1.51631;1.51688;1.52049;19723
2015.12.07;12:00:00;1.52092;1.51592;1.52007;1.51689;20522
2015.12.07;16:00:00;1.52482;1.51742;1.52427;1.52002;27404
2015.12.07;20:00:00;1.52507;1.52242;1.52307;1.52427;11710
2015.12.08;00:00:00;1.52442;1.52097;1.52307;1.52327;6373
2015.12.08;04:00:00;1.52908;1.52302;1.52883;1.52307;9686
2015.12.08;08:00:00;1.53098;1.52657;1.52802;1.52883;22007
2015.12.08;12:00:00;1.53824;1.52797;1.53782;1.52797;25167
2015.12.08;16:00:00;1.53837;1.53015;1.53228;1.53783;23967
2015.12.08;20:00:00;1.53447;1.53213;1.53342;1.53224;11973
2015.12.09;00:00:00;1.53417;1.5298;1.53387;1.53352;5556
2015.12.09;04:00:00;1.53567;1.53007;1.53202;1.53387;9760
2015.12.09;08:00:00;1.54047;1.53152;1.53822;1.53197;22243
2015.12.09;12:00:00;1.54014;1.53557;1.53952;1.53822;22143
2015.12.09;16:00:00;1.54619;1.53652;1.54587;1.53957;32622
2015.12.09;20:00:00;1.55202;1.54512;1.54812;1.54587;22049
2015.12.10;00:00:00;1.54812;1.53997;1.54142;1.54812;8603
2015.12.10;04:00:00;1.54622;1.54147;1.54437;1.54147;7804
2015.12.10;08:00:00;1.54522;1.53802;1.53922;1.54442;20574
2015.12.10;12:00:00;1.53983;1.53167;1.53673;1.53922;28627
2015.12.10;16:00:00;1.53675;1.53102;1.53442;1.53671;28553
2015.12.10;20:00:00;1.53587;1.53243;1.53517;1.53442;9815
2015.12.11;00:00:00;1.53602;1.53092;1.53452;1.53557;8550
2015.12.11;04:00:00;1.53797;1.53447;1.53732;1.53452;5887
2015.12.11;08:00:00;1.54332;1.53703;1.54232;1.53732;17722
2015.12.11;12:00:00;1.54647;1.54032;1.54337;1.54232;27056
2015.12.11;16:00:00;1.55853;1.54332;1.55317;1.54337;39845
2015.12.11;20:00:00;1.55447;1.55043;1.55237;1.55312;14003
2015.12.14;00:00:00;1.55227;1.54816;1.54967;1.55062;9160
2015.12.14;04:00:00;1.55012;1.54517;1.54667;1.54967;8678
2015.12.14;08:00:00;1.54692;1.54232;1.54632;1.54667;18066
2015.12.14;12:00:00;1.55128;1.54507;1.54752;1.54622;25956
2015.12.14;16:00:00;1.55447;1.54597;1.54957;1.54747;37383
2015.12.14;20:00:00;1.55187;1.54697;1.54787;1.54962;14326
2015.12.15;00:00:00;1.55147;1.54597;1.55127;1.54782;7690
2015.12.15;04:00:00;1.55452;1.54985;1.55392;1.55132;8653
2015.12.15;08:00:00;1.55492;1.54757;1.54977;1.55392;21586
2015.12.15;12:00:00;1.55142;1.54317;1.54342;1.54982;26943
2015.12.15;16:00:00;1.54397;1.53547;1.53697;1.54347;30174
2015.12.15;20:00:00;1.53694;1.53689;1.53693;1.53693;16
