DATE;TIME;HIGH;LOW;CLOSE;OPEN;VOLUME
2015.04.27;12:00:00;2.95675;2.9284;2.9288;2.95629;21533
2015.04.27;16:00:00;2.93785;2.91018;2.9146;2.9289;42784
2015.04.27;20:00:00;2.91789;2.90781;2.90873;2.91465;15327
2015.04.28;00:00:00;2.91535;2.90692;2.91415;2.90801;7418
2015.04.28;04:00:00;2.91732;2.91244;2.91395;2.91416;7563
2015.04.28;08:00:00;2.9289;2.91302;2.92812;2.91396;33490
2015.04.28;12:00:00;2.93115;2.9094;2.91098;2.92809;44533
2015.04.28;16:00:00;2.92091;2.90477;2.91379;2.911;45791
2015.04.28;20:00:00;2.9194;2.91183;2.9178;2.91381;15396
2015.04.29;00:00:00;2.92244;2.916;2.92193;2.9178;4552
2015.04.29;04:00:00;2.92198;2.9159;2.91722;2.92193;7632
2015.04.29;08:00:00;2.93545;2.91366;2.93397;2.91723;30051
2015.04.29;12:00:00;2.94702;2.93134;2.94199;2.93389;38428
2015.04.29;16:00:00;2.9656;2.93637;2.9577;2.94217;58935
2015.04.29;20:00:00;2.9644;2.94711;2.95679;2.95775;26941
2015.04.30;00:00:00;2.96136;2.94609;2.95365;2.95681;6501
2015.04.30;04:00:00;2.96093;2.95133;2.95911;2.95368;10394
2015.04.30;08:00:00;2.99142;2.95276;2.98371;2.95912;46514
2015.04.30;12:00:00;2.98837;2.96749;2.97904;2.9835;31493
2015.04.30;16:00:00;3.00289;2.97361;2.99694;2.97906;43661
2015.04.30;20:00:00;3.00755;2.98739;2.9966;2.99674;18340
2015.05.01;00:00:00;3;2.992;2.99461;2.99531;5448
2015.05.01;04:00:00;2.99898;2.99315;2.9959;2.99462;7014
2015.05.01;08:00:00;3.00805;2.99495;3.00121;2.9959;25543
2015.05.01;12:00:00;3.01886;2.99807;3.0178;3.00127;32341
2015.05.01;16:00:00;3.03369;3.00954;3.02487;3.0177;39221
2015.05.01;20:00:00;3.03772;3.02362;3.02524;3.02506;8458
2015.05.04;00:00:00;3.0359;3.02124;3.03115;3.02124;1626
2015.05.04;04:00:00;3.0433;3.0303;3.0398;3.03135;3258
2015.05.04;08:00:00;3.0422;3.01838;3.02018;3.0397;27892
2015.05.04;12:00:00;3.03328;3.01841;3.03042;3.0201;31956
2015.05.04;16:00:00;3.03334;3.01745;3.02811;3.03042;35766
2015.05.04;20:00:00;3.02884;3.01879;3.022;3.02808;14119
2015.05.05;00:00:00;3.0268;3.02037;3.02479;3.02037;682
2015.05.05;04:00:00;3.02593;3.0198;3.02078;3.0249;1640
2015.05.05;08:00:00;3.02618;3.0027;3.00638;3.02059;26261
2015.05.05;12:00:00;3.02111;3.00463;3.01627;3.0064;30491
2015.05.05;16:00:00;3.04804;3.00948;3.03545;3.01622;37357
2015.05.05;20:00:00;3.04125;3.0234;3.0235;3.03618;11192
2015.05.06;00:00:00;3.02706;3.02249;3.02413;3.0234;1174
2015.05.06;04:00:00;3.03873;3.02381;3.03722;3.0242;5938
2015.05.06;08:00:00;3.04494;3.03041;3.03723;3.03722;33164
2015.05.06;12:00:00;3.05507;3.0336;3.04472;3.03717;34987
2015.05.06;16:00:00;3.06217;3.0411;3.05164;3.04474;40848
2015.05.06;20:00:00;3.06084;3.05134;3.0535;3.05157;14760
2015.05.07;00:00:00;3.05984;3.0534;3.05624;3.0536;1357
2015.05.07;04:00:00;3.06345;3.05372;3.06273;3.05625;6947
2015.05.07;08:00:00;3.08272;3.06273;3.07655;3.06273;34856
2015.05.07;12:00:00;3.08995;3.0234;3.03572;3.07654;46732
2015.05.07;16:00:00;3.03885;3.01934;3.0238;3.03572;39353
2015.05.07;20:00:00;3.02853;3.01847;3.0266;3.0238;14900
2015.05.08;00:00:00;3.02784;3.01806;3.02502;3.0266;2624
2015.05.08;04:00:00;3.02814;3.01269;3.0152;3.02478;3630
2015.05.08;08:00:00;3.02015;2.99937;3.01711;3.0152;32111
2015.05.08;12:00:00;3.0426;3.01355;3.02374;3.01709;35591
2015.05.08;16:00:00;3.03116;3.00683;3.02523;3.02374;44576
2015.05.08;20:00:00;3.02958;3.01777;3.02;3.02524;14395
2015.05.11;00:00:00;3.01566;2.99609;3.00627;3.0155;1973
2015.05.11;04:00:00;3.0101;3.00104;3.0098;3.00589;5575
2015.05.11;08:00:00;3.01991;2.99806;3.0189;3.00989;29585
2015.05.11;12:00:00;3.02023;2.99942;2.99985;3.01881;25606
2015.05.11;16:00:00;3.004;2.99028;3.0002;2.99993;26119
2015.05.11;20:00:00;3.00475;2.9964;3.0037;3.0001;11283
2015.05.12;00:00:00;3.0046;2.99867;3.00047;3.0038;946
2015.05.12;04:00:00;3.0118;3.00019;3.00786;3.00063;1347
2015.05.12;08:00:00;3.03105;3.00794;3.0295;3.00794;30245
2015.05.12;12:00:00;3.03901;3.01554;3.01585;3.0295;31954
2015.05.12;16:00:00;3.01999;2.98947;2.99017;3.01589;26483
2015.05.12;20:00:00;2.99112;2.98143;2.9849;2.9901;11066
2015.05.13;00:00:00;2.98855;2.9802;2.98713;2.9848;1657
2015.05.13;04:00:00;2.9983;2.98458;2.99721;2.98716;2433
2015.05.13;08:00:00;3.00235;2.9754;2.98087;2.99723;27085
2015.05.13;12:00:00;2.98422;2.9697;2.9772;2.98071;29776
2015.05.13;16:00:00;2.99167;2.9728;2.9887;2.97728;32482
2015.05.13;20:00:00;2.99347;2.9831;2.9861;2.98872;11118
2015.05.14;00:00:00;2.9893;2.98468;2.98684;2.9861;2382
2015.05.14;04:00:00;2.99483;2.98687;2.99174;2.98702;3733
2015.05.14;08:00:00;3.0002;2.98275;2.99053;2.99169;35213
2015.05.14;12:00:00;2.9963;2.95853;2.96482;2.99053;36841
2015.05.14;16:00:00;2.96524;2.9496;2.95176;2.96472;39812
2015.05.14;20:00:00;2.95877;2.95066;2.9563;2.95176;12045
2015.05.15;00:00:00;2.95893;2.9536;2.95668;2.9562;1548
2015.05.15;04:00:00;2.96234;2.95418;2.96008;2.9565;5179
2015.05.15;08:00:00;2.96632;2.94038;2.94109;2.96005;28903
2015.05.15;12:00:00;2.94766;2.9313;2.94087;2.94103;27186
2015.05.15;16:00:00;2.95225;2.9347;2.94635;2.94087;36486
2015.05.15;20:00:00;2.9538;2.9449;2.9471;2.946;9312
2015.05.18;00:00:00;2.9487;2.94397;2.94692;2.9478;2117
2015.05.18;04:00:00;2.956;2.9419;2.95278;2.94685;2558
2015.05.18;08:00:00;2.95535;2.93169;2.93539;2.9526;23633
2015.05.18;12:00:00;2.94815;2.92937;2.93843;2.93547;23166
2015.05.18;16:00:00;2.9402;2.92034;2.92441;2.93839;26098
2015.05.18;20:00:00;2.92525;2.91444;2.918;2.9243;9462
2015.05.19;00:00:00;2.92486;2.9139;2.92182;2.9181;1453
2015.05.19;04:00:00;2.92214;2.91383;2.92011;2.922;9779
2015.05.19;08:00:00;2.92329;2.87864;2.88994;2.92011;35152
2015.05.19;12:00:00;2.899;2.8842;2.8932;2.8898;34818
2015.05.19;16:00:00;2.90231;2.88932;2.892;2.8932;30899
2015.05.19;20:00:00;2.89414;2.88507;2.8889;2.8919;7814
2015.05.20;00:00:00;2.89321;2.8839;2.89086;2.8901;3450
2015.05.20;04:00:00;2.89529;2.88544;2.88668;2.89082;6650
2015.05.20;08:00:00;2.89776;2.87899;2.89447;2.88667;29354
2015.05.20;12:00:00;2.90173;2.8756;2.87829;2.8944;30586
2015.05.20;16:00:00;2.87908;2.85738;2.86117;2.87832;25418
2015.05.20;20:00:00;2.873;2.85589;2.858;2.86112;19857
2015.05.21;00:00:00;2.8712;2.8564;2.87;2.85976;1874
2015.05.21;04:00:00;2.87222;2.86488;2.8678;2.8699;6864
2015.05.21;08:00:00;2.86961;2.8505;2.86741;2.86778;33737
2015.05.21;12:00:00;2.87096;2.8592;2.8666;2.86738;28866
2015.05.21;16:00:00;2.8899;2.86428;2.8861;2.8667;29974
2015.05.21;20:00:00;2.8875;2.8774;2.8782;2.8861;8145
2015.05.22;00:00:00;2.88023;2.874;2.87665;2.8782;2307
2015.05.22;04:00:00;2.88395;2.87565;2.88156;2.8767;3994
2015.05.22;08:00:00;2.90808;2.87977;2.89568;2.88133;19638
2015.05.22;12:00:00;2.9063;2.87881;2.87997;2.89566;26217
2015.05.22;16:00:00;2.88008;2.8554;2.86052;2.87997;27174
2015.05.22;20:00:00;2.8637;2.8562;2.8601;2.8604;12759
2015.05.25;00:00:00;2.8607;2.83569;2.85564;2.84154;1936
2015.05.25;04:00:00;2.8586;2.8532;2.85814;2.85564;5997
2015.05.25;08:00:00;2.86622;2.85457;2.85958;2.8583;16334
2015.05.25;12:00:00;2.8684;2.85925;2.86545;2.85956;12662
2015.05.25;16:00:00;2.8728;2.8628;2.8728;2.8654;6893
2015.05.25;20:00:00;2.8728;2.86845;2.8691;2.8727;4936
2015.05.26;00:00:00;2.87143;2.8594;2.86115;2.8693;1512
2015.05.26;04:00:00;2.86556;2.8592;2.86342;2.86112;6907
2015.05.26;08:00:00;2.87034;2.85607;2.86388;2.86341;30748
2015.05.26;12:00:00;2.87883;2.86369;2.87666;2.86382;28615
2015.05.26;16:00:00;2.8812;2.86946;2.87563;2.87662;28636
2015.05.26;20:00:00;2.87781;2.86788;2.8711;2.87561;6144
2015.05.27;00:00:00;2.87493;2.8673;2.8719;2.8711;706
2015.05.27;04:00:00;2.87585;2.86882;2.87413;2.87179;5071
2015.05.27;08:00:00;2.88172;2.87197;2.87992;2.87436;25870
2015.05.27;12:00:00;2.8882;2.87964;2.88301;2.87992;29853
2015.05.27;16:00:00;2.88559;2.8759;2.87877;2.883;32251
2015.05.27;20:00:00;2.8823;2.87632;2.8793;2.87893;5199
2015.05.28;00:00:00;2.8864;2.8784;2.8839;2.8796;2527
2015.05.28;04:00:00;2.8899;2.8825;2.88864;2.8838;6622
2015.05.28;08:00:00;2.9082;2.88454;2.90549;2.88882;36343
2015.05.28;12:00:00;2.91021;2.88965;2.89884;2.9056;35660
2015.05.28;16:00:00;2.91349;2.8955;2.9078;2.89882;35921
2015.05.28;20:00:00;2.91258;2.90436;2.9071;2.9079;11443
2015.05.29;00:00:00;2.91352;2.90323;2.90662;2.9073;2230
2015.05.29;04:00:00;2.91235;2.90612;2.90733;2.90658;6551
2015.05.29;08:00:00;2.92516;2.90419;2.9218;2.90753;29172
2015.05.29;12:00:00;2.92363;2.90784;2.90855;2.92181;36510
2015.05.29;16:00:00;2.92821;2.9054;2.9199;2.90854;39388
2015.05.29;20:00:00;2.92595;2.91961;2.9255;2.91966;10855
2015.06.01;00:00:00;2.92079;2.90868;2.9131;2.91779;3758
2015.06.01;04:00:00;2.9214;2.91008;2.9198;2.91285;3083
2015.06.01;08:00:00;2.9307;2.9195;2.92226;2.9198;24812
2015.06.01;12:00:00;2.93335;2.91942;2.92949;2.92228;31068
2015.06.01;16:00:00;2.93775;2.91719;2.9287;2.92948;34795
2015.06.01;20:00:00;2.93466;2.92753;2.92952;2.92867;13812
2015.06.02;00:00:00;2.93217;2.92585;2.93103;2.92939;915
2015.06.02;04:00:00;2.93149;2.92555;2.92863;2.93107;3463
2015.06.02;08:00:00;2.94595;2.92461;2.94511;2.92863;27580
2015.06.02;12:00:00;2.96891;2.942;2.96803;2.94514;39780
2015.06.02;16:00:00;2.99189;2.96803;2.99071;2.96803;50742
2015.06.02;20:00:00;2.99236;2.97855;2.9799;2.99074;17322
2015.06.03;00:00:00;2.98282;2.9755;2.9778;2.9799;2170
2015.06.03;04:00:00;2.9866;2.9775;2.9829;2.9779;9379
2015.06.03;08:00:00;2.99645;2.98257;2.98851;2.9829;36079
2015.06.03;12:00:00;2.99288;2.97607;2.98549;2.98837;38989
2015.06.03;16:00:00;3.02875;2.98521;3.0186;2.9855;50817
2015.06.03;20:00:00;3.02982;3.01589;3.0251;3.0186;14919
2015.06.04;00:00:00;3.02743;3.0234;3.02565;3.02551;1861
2015.06.04;04:00:00;3.03427;3.02438;3.03082;3.02571;8515
2015.06.04;08:00:00;3.07583;3.0238;3.06583;3.0308;46691
2015.06.04;12:00:00;3.07229;3.02071;3.022;3.0658;49428
2015.06.04;16:00:00;3.02249;2.99832;3.01089;3.02204;45318
2015.06.04;20:00:00;3.01312;2.9949;2.99735;3.01089;14756
2015.06.05;00:00:00;2.9967;2.98389;2.99242;2.9967;2852
2015.06.05;04:00:00;2.9972;2.98932;2.9954;2.99258;9789
2015.06.05;08:00:00;3.01475;2.99386;2.99904;2.99548;34054
2015.06.05;12:00:00;3.00493;2.96039;2.98102;2.99925;40157
2015.06.05;16:00:00;2.98664;2.95754;2.97406;2.98101;53853
2015.06.05;20:00:00;2.9776;2.95227;2.9557;2.97403;13321
2015.06.08;00:00:00;3.06083;3.03362;3.05031;3.04964;2636
2015.06.08;04:00:00;3.0863;3.05026;3.08493;3.0503;10450
2015.06.08;08:00:00;3.11645;3.07667;3.09144;3.08495;45416
2015.06.08;12:00:00;3.09793;3.06588;3.07815;3.09147;40013
2015.06.08;16:00:00;3.11146;3.0742;3.09812;3.07818;34663
2015.06.08;20:00:00;3.1091;3.09689;3.10488;3.09817;10189
2015.06.09;00:00:00;3.10525;3.09972;3.1021;3.10315;1466
2015.06.09;04:00:00;3.11855;3.102;3.11585;3.102;12305
2015.06.09;08:00:00;3.12701;3.1012;3.10708;3.11585;44075
2015.06.09;12:00:00;3.10939;3.0729;3.0775;3.10709;45771
2015.06.09;16:00:00;3.11039;3.076;3.10147;3.07756;38697
2015.06.09;20:00:00;3.10691;3.09959;3.10289;3.10143;15158
2015.06.10;00:00:00;3.11106;3.09694;3.10724;3.10234;3028
2015.06.10;04:00:00;3.10881;3.10054;3.10296;3.10724;8018
2015.06.10;08:00:00;3.11505;3.09318;3.0961;3.10296;44480
2015.06.10;12:00:00;3.10013;3.08362;3.0949;3.09615;34096
2015.06.10;16:00:00;3.10641;3.08572;3.08984;3.0948;32500
2015.06.10;20:00:00;3.10042;3.0894;3.09429;3.0898;4881
2015.06.11;00:00:00;3.09752;3.09013;3.09182;3.09522;3774
2015.06.11;04:00:00;3.09762;3.08643;3.09383;3.09176;12470
2015.06.11;08:00:00;3.10318;3.09069;3.0944;3.0938;34240
2015.06.11;12:00:00;3.09561;3.05206;3.05791;3.09435;38913
2015.06.11;16:00:00;3.05889;3.03587;3.0406;3.05785;38528
2015.06.11;20:00:00;3.04907;3.0371;3.0426;3.0405;9456
2015.06.12;00:00:00;3.04333;3.03466;3.04121;3.0424;943
2015.06.12;04:00:00;3.04518;3.03343;3.03663;3.04099;3716
2015.06.12;08:00:00;3.05485;3.0349;3.0388;3.03663;29902
2015.06.12;12:00:00;3.05295;3.03367;3.04925;3.0389;38539
2015.06.12;16:00:00;3.07446;3.0467;3.06147;3.04925;32531
2015.06.12;20:00:00;3.06401;3.04999;3.0523;3.06145;9612
2015.06.15;00:00:00;3.05287;3.02649;3.05088;3.02734;784
2015.06.15;04:00:00;3.05124;3.04406;3.04992;3.05096;5439
2015.06.15;08:00:00;3.08117;3.04593;3.07983;3.04987;30721
2015.06.15;12:00:00;3.08093;3.06435;3.0734;3.07967;28098
2015.06.15;16:00:00;3.0876;3.06827;3.0857;3.0734;26349
2015.06.15;20:00:00;3.09;3.07741;3.0852;3.0857;8468
2015.06.16;00:00:00;3.08699;3.0821;3.08437;3.0854;599
2015.06.16;04:00:00;3.08913;3.08347;3.08719;3.08472;8625
2015.06.16;08:00:00;3.11166;3.08399;3.0864;3.08711;30215
2015.06.16;12:00:00;3.09007;3.0617;3.06507;3.0863;27388
2015.06.16;16:00:00;3.0762;3.06282;3.07418;3.06507;19588
2015.06.16;20:00:00;3.07715;3.0705;3.0727;3.07401;6388
2015.06.17;00:00:00;3.07654;3.0712;3.07591;3.0727;1465
2015.06.17;04:00:00;3.08185;3.07597;3.0796;3.07597;2392
2015.06.17;08:00:00;3.09567;3.07257;3.083;3.07977;22474
2015.06.17;12:00:00;3.08656;3.07804;3.08175;3.0829;25329
2015.06.17;16:00:00;3.0845;3.0718;3.07846;3.08175;22570
2015.06.17;20:00:00;3.08644;3.04994;3.06651;3.07819;19040
2015.06.18;00:00:00;3.0837;3.06734;3.08063;3.06761;4893
2015.06.18;04:00:00;3.085;3.07778;3.0831;3.08063;11475
2015.06.18;08:00:00;3.09543;3.0785;3.09227;3.083;37236
2015.06.18;12:00:00;3.0992;3.08678;3.08711;3.09211;32516
2015.06.18;16:00:00;3.0995;3.0748;3.0841;3.08711;29906
2015.06.18;20:00:00;3.0926;3.08071;3.0818;3.0841;12921
2015.06.19;00:00:00;3.09235;3.07472;3.08989;3.0809;1507
2015.06.19;04:00:00;3.09096;3.08127;3.0821;3.0897;8293
2015.06.19;08:00:00;3.08476;3.0749;3.07881;3.08213;29406
2015.06.19;12:00:00;3.07884;3.06198;3.06665;3.07881;25907
2015.06.19;16:00:00;3.0689;3.05239;3.0584;3.06653;24229
2015.06.19;20:00:00;3.069;3.0519;3.0538;3.05833;12805
2015.06.22;00:00:00;3.06444;3.05725;3.06378;3.05995;1641
2015.06.22;04:00:00;3.0735;3.06243;3.0728;3.06359;4551
2015.06.22;08:00:00;3.07291;3.0377;3.04161;3.07291;24089
2015.06.22;12:00:00;3.04485;3.0301;3.04061;3.04162;27308
2015.06.22;16:00:00;3.04489;3.02397;3.02923;3.04058;28341
2015.06.22;20:00:00;3.0293;3.01801;3.0195;3.0291;5159
2015.06.23;00:00:00;3.02679;3.01574;3.0245;3.0191;2265
2015.06.23;04:00:00;3.02789;3.0076;3.0159;3.0245;12236
2015.06.23;08:00:00;3.01786;3.0008;3.00228;3.0159;32452
2015.06.23;12:00:00;3.00817;2.99261;2.9957;3.00228;28767
2015.06.23;16:00:00;2.99965;2.98713;2.99461;2.99557;26204
2015.06.23;20:00:00;2.997;2.98837;2.99;2.99463;6551
2015.06.24;00:00:00;2.9919;2.98492;2.98813;2.9899;2361
2015.06.24;04:00:00;2.99509;2.98693;2.99231;2.98816;7727
2015.06.24;08:00:00;3.01066;2.99222;2.99958;2.99296;30931
2015.06.24;12:00:00;3.00546;2.9925;2.99625;2.99959;28347
2015.06.24;16:00:00;2.99826;2.9886;2.9928;2.9964;24931
2015.06.24;20:00:00;3.00058;2.9908;2.9974;2.9928;7438
2015.06.25;00:00:00;3.0029;2.99805;3.00043;2.9994;1465
2015.06.25;04:00:00;3.0052;2.9986;3.00058;3.00037;7660
2015.06.25;08:00:00;3.00143;2.98525;2.98535;3.00057;25675
2015.06.25;12:00:00;2.9882;2.97298;2.97603;2.98534;33510
2015.06.25;16:00:00;2.97935;2.97026;2.97475;2.97604;23956
2015.06.25;20:00:00;2.97715;2.97234;2.9747;2.97469;7392
2015.06.26;00:00:00;2.9748;2.96862;2.96964;2.9747;880
2015.06.26;04:00:00;2.9733;2.96865;2.97171;2.9698;3686
2015.06.26;08:00:00;2.98523;2.97062;2.98334;2.97171;17694
2015.06.26;12:00:00;2.98916;2.97665;2.98423;2.98334;21012
2015.06.26;16:00:00;2.98455;2.9679;2.9712;2.98423;23425
2015.06.26;20:00:00;2.97758;2.9682;2.9761;2.97112;4647
2015.06.29;00:00:00;2.9772;2.95099;2.969;2.9702;4318
2015.06.29;04:00:00;2.9772;2.961;2.9772;2.9689;2719
2015.06.29;08:00:00;2.98954;2.96855;2.98329;2.9772;28111
2015.06.29;12:00:00;2.9983;2.97906;2.99405;2.98316;25087
2015.06.29;16:00:00;3.0266;2.9894;3.02438;2.99405;23409
2015.06.29;20:00:00;3.04259;3.01866;3.0343;3.0244;16275
2015.06.30;00:00:00;3.03811;3.02943;3.03079;3.03301;3646
2015.06.30;04:00:00;3.03195;3.02285;3.02347;3.03081;8074
2015.06.30;08:00:00;3.02565;2.99506;2.99664;3.02352;26176
2015.06.30;12:00:00;3.01041;2.98867;2.99785;2.9971;30020
2015.06.30;16:00:00;3.00587;2.96159;2.9845;2.99785;20768
2015.06.30;20:00:00;2.9935;2.98019;2.98523;2.9843;12024
2015.07.01;00:00:00;2.9903;2.97895;2.98142;2.9876;2798
2015.07.01;04:00:00;2.98739;2.97834;2.98456;2.98145;6908
2015.07.01;08:00:00;2.98636;2.97298;2.98283;2.98442;22389
2015.07.01;12:00:00;2.98625;2.9698;2.97558;2.98287;29628
2015.07.01;16:00:00;2.98898;2.96836;2.981;2.97561;20663
2015.07.01;20:00:00;2.98125;2.9727;2.9727;2.9809;9516
2015.07.02;00:00:00;2.9761;2.97101;2.97363;2.97373;2399
2015.07.02;04:00:00;2.98368;2.97364;2.98317;2.97377;4348
2015.07.02;08:00:00;2.9955;2.98048;2.9947;2.98319;21072
2015.07.02;12:00:00;2.99618;2.98075;2.9832;2.9946;24359
2015.07.02;16:00:00;2.98577;2.97783;2.9809;2.98315;22755
2015.07.02;20:00:00;2.9818;2.97348;2.97348;2.9809;8952
2015.07.03;00:00:00;2.9803;2.9694;2.97817;2.9734;963
2015.07.03;04:00:00;2.98338;2.97705;2.98266;2.97817;2525
2015.07.03;08:00:00;2.99325;2.9797;2.98887;2.98266;16334
2015.07.03;12:00:00;2.99191;2.98128;2.983;2.99003;21070
2015.07.03;16:00:00;2.9913;2.97861;2.98066;2.983;17235
2015.07.03;20:00:00;2.9868;2.97567;2.97879;2.9808;3728
2015.07.06;00:00:00;2.9955;2.9761;2.99069;2.9826;8788
2015.07.06;04:00:00;3.0003;2.98504;2.98642;2.99069;6888
2015.07.06;08:00:00;2.9964;2.97559;2.98081;2.9864;23770
2015.07.06;12:00:00;2.98234;2.95854;2.96383;2.98086;23807
2015.07.06;16:00:00;2.97433;2.95948;2.9635;2.96385;18954
2015.07.06;20:00:00;2.9664;2.9574;2.9583;2.9635;7955
2015.07.07;00:00:00;2.96243;2.9577;2.95995;2.96;2102
2015.07.07;04:00:00;2.96072;2.9558;2.95785;2.95995;4081
2015.07.07;08:00:00;2.95935;2.94199;2.94383;2.95785;25704
2015.07.07;12:00:00;2.94686;2.92855;2.93204;2.94375;26742
2015.07.07;16:00:00;2.95532;2.93037;2.94847;2.93204;25044
2015.07.07;20:00:00;2.96802;2.94616;2.95585;2.9486;9771
2015.07.08;00:00:00;2.95868;2.9481;2.95475;2.95398;1420
2015.07.08;04:00:00;2.96387;2.95128;2.96109;2.95462;11649
2015.07.08;08:00:00;2.98297;2.95913;2.9758;2.96111;29157
2015.07.08;12:00:00;2.97766;2.95615;2.96626;2.97591;22588
2015.07.08;16:00:00;2.97428;2.9628;2.96359;2.96628;22475
2015.07.08;20:00:00;2.9782;2.95779;2.97362;2.96364;8269
2015.07.09;00:00:00;2.9769;2.9713;2.9747;2.97236;411
2015.07.09;04:00:00;2.97754;2.97349;2.97537;2.97456;3889
2015.07.09;08:00:00;2.98283;2.95616;2.9584;2.97578;28574
2015.07.09;12:00:00;2.96213;2.94601;2.95082;2.95845;26722
2015.07.09;16:00:00;2.95895;2.94791;2.94971;2.9508;22286
2015.07.09;20:00:00;2.95854;2.9459;2.95645;2.94988;13383
2015.07.10;00:00:00;2.9635;2.94972;2.96017;2.95188;1323
2015.07.10;04:00:00;2.96563;2.95895;2.96502;2.9611;15278
2015.07.10;08:00:00;2.9726;2.95507;2.96241;2.96532;24324
2015.07.10;12:00:00;2.98416;2.96088;2.98016;2.96241;25337
2015.07.10;16:00:00;2.98281;2.96884;2.97019;2.98015;24675
2015.07.10;20:00:00;2.9755;2.96411;2.96919;2.97025;10864
2015.07.13;00:00:00;2.9733;2.95246;2.9709;2.95619;1718
2015.07.13;04:00:00;2.9759;2.96433;2.96899;2.9709;6146
2015.07.13;08:00:00;2.97156;2.9394;2.94238;2.96899;32080
2015.07.13;12:00:00;2.9484;2.9355;2.94028;2.94232;15234
2015.07.13;16:00:00;2.94028;2.91427;2.91685;2.94028;14390
2015.07.13;20:00:00;2.9178;2.9086;2.9098;2.9168;7049
2015.07.14;00:00:00;2.912;2.90587;2.909;2.9106;3869
2015.07.14;04:00:00;2.9153;2.9087;2.913;2.9091;4795
2015.07.14;08:00:00;2.9168;2.9025;2.9092;2.9129;24210
2015.07.14;12:00:00;2.91624;2.8967;2.90957;2.9091;24324
2015.07.14;16:00:00;2.91509;2.8909;2.9016;2.90951;17497
2015.07.14;20:00:00;2.9025;2.895;2.8954;2.90153;4663
2015.07.15;00:00:00;2.9009;2.89532;2.8971;2.8954;3310
2015.07.15;04:00:00;2.9021;2.8966;2.9019;2.8971;4264
2015.07.15;08:00:00;2.9148;2.8964;2.91342;2.9019;19057
2015.07.15;12:00:00;2.91627;2.90308;2.9056;2.91342;17702
2015.07.15;16:00:00;2.9083;2.8973;2.9014;2.90558;23271
2015.07.15;20:00:00;2.9052;2.8947;2.89687;2.9013;8853
2015.07.16;00:00:00;2.9;2.8934;2.8947;2.8962;4759
2015.07.16;04:00:00;2.89674;2.89068;2.895;2.89488;8870
2015.07.16;08:00:00;2.8977;2.8859;2.8881;2.895;19245
2015.07.16;12:00:00;2.8969;2.88215;2.88418;2.8881;20198
2015.07.16;16:00:00;2.89681;2.8841;2.8889;2.88415;18213
2015.07.16;20:00:00;2.89274;2.8856;2.8856;2.88885;6064
2015.07.17;00:00:00;2.8927;2.88597;2.8911;2.88597;2977
2015.07.17;04:00:00;2.8954;2.8906;2.89305;2.891;4343
2015.07.17;08:00:00;2.89458;2.87841;2.88685;2.89308;18084
2015.07.17;12:00:00;2.88695;2.87737;2.87958;2.88695;17182
2015.07.17;16:00:00;2.88193;2.87205;2.87585;2.87956;13810
2015.07.17;20:00:00;2.8772;2.8705;2.8709;2.87564;7906
2015.07.20;00:00:00;2.87991;2.86084;2.8786;2.86084;794
2015.07.20;04:00:00;2.87951;2.87074;2.87872;2.8786;2873
2015.07.20;08:00:00;2.90153;2.87639;2.89973;2.87872;15974
2015.07.20;12:00:00;2.92027;2.89962;2.91496;2.89991;17637
2015.07.20;16:00:00;2.93146;2.91126;2.9262;2.91496;16440
2015.07.20;20:00:00;2.9275;2.91525;2.9167;2.92629;8051
2015.07.21;00:00:00;2.92084;2.9155;2.9165;2.9167;2402
2015.07.21;04:00:00;2.9173;2.9124;2.913;2.9165;4271
2015.07.21;08:00:00;2.92103;2.90663;2.91575;2.91308;17248
2015.07.21;12:00:00;2.92249;2.9118;2.92052;2.9157;21065
2015.07.21;16:00:00;2.94175;2.9201;2.94129;2.9205;23153
2015.07.21;20:00:00;2.94363;2.934;2.9345;2.94129;10739
2015.07.22;00:00:00;2.93995;2.932;2.938;2.9346;2195
2015.07.22;04:00:00;2.94119;2.9325;2.9376;2.93801;4853
2015.07.22;08:00:00;2.9688;2.93397;2.96441;2.93763;22820
2015.07.22;12:00:00;2.97555;2.9536;2.9548;2.96445;21909
2015.07.22;16:00:00;2.95791;2.946;2.95685;2.9548;16372
2015.07.22;20:00:00;2.96205;2.95425;2.9564;2.95683;5439
2015.07.23;00:00:00;2.9631;2.94739;2.9628;2.9565;2240
2015.07.23;04:00:00;2.9693;2.9623;2.9688;2.9626;2709
2015.07.23;08:00:00;2.99979;2.96095;2.99878;2.9687;25644
2015.07.23;12:00:00;3.00382;2.9878;2.9915;2.99876;21343
2015.07.23;16:00:00;3.00746;2.9852;3.00569;2.9915;20819
2015.07.23;20:00:00;3.01416;3.0007;3.0009;3.0057;10730
2015.07.24;00:00:00;3.0051;2.9973;3.0035;3.0009;2177
2015.07.24;04:00:00;3.0054;2.9988;3.0045;3.0035;4778
2015.07.24;08:00:00;3.01989;2.9857;2.9883;3.0045;15268
2015.07.24;12:00:00;3.01515;2.9872;3.00729;2.9884;21579
2015.07.24;16:00:00;3.01093;3.00042;3.00488;3.00724;24751
2015.07.24;20:00:00;3.00751;3.0013;3.0027;3.00491;6294
2015.07.27;00:00:00;3.0209;2.98879;3.0198;2.99419;2034
2015.07.27;04:00:00;3.02;3.01277;3.0184;3.0198;7755
2015.07.27;08:00:00;3.05628;3.01475;3.05628;3.0184;30909
2015.07.27;12:00:00;3.07318;3.05044;3.06685;3.05637;23489
2015.07.27;16:00:00;3.08153;3.0611;3.077;3.06688;19714
2015.07.27;20:00:00;3.07808;3.06887;3.072;3.077;6821
2015.07.28;00:00:00;3.0754;3.06347;3.06931;3.0721;2611
2015.07.28;04:00:00;3.07021;3.04776;3.05543;3.0693;5054
2015.07.28;08:00:00;3.06221;3.05217;3.05569;3.05564;20991
2015.07.28;12:00:00;3.0568;3.02839;3.03364;3.05569;19892
2015.07.28;16:00:00;3.055;3.03371;3.04924;3.03371;17530
2015.07.28;20:00:00;3.05288;3.04739;3.0506;3.04907;7528
2015.07.29;00:00:00;3.0537;3.0468;3.0529;3.0505;1348
2015.07.29;04:00:00;3.062;3.0511;3.0512;3.0529;3970
2015.07.29;08:00:00;3.06454;3.0471;3.0616;3.0512;19026
2015.07.29;12:00:00;3.06327;3.04121;3.04768;3.0617;17264
2015.07.29;16:00:00;3.0501;3.0381;3.04791;3.04765;20507
2015.07.29;20:00:00;3.05587;3.03113;3.0331;3.0479;20647
2015.07.30;00:00:00;3.03975;3.0326;3.03465;3.03365;4020
2015.07.30;04:00:00;3.0426;3.03299;3.0425;3.03471;6675
2015.07.30;08:00:00;3.05269;3.0289;3.0397;3.0425;21009
2015.07.30;12:00:00;3.06165;3.03575;3.04452;3.0395;31370
2015.07.30;16:00:00;3.05076;3.03472;3.0425;3.04462;24145
2015.07.30;20:00:00;3.04865;3.03736;3.04282;3.0424;10624
2015.07.31;00:00:00;3.05153;3.03041;3.04222;3.04292;2192
2015.07.31;04:00:00;3.05089;3.03841;3.0477;3.04236;5824
2015.07.31;08:00:00;3.06317;3.04182;3.05032;3.04767;19130
2015.07.31;12:00:00;3.06583;3.04652;3.0599;3.05032;22476
2015.07.31;16:00:00;3.06806;3.04164;3.04683;3.05992;31083
2015.07.31;20:00:00;3.05196;3.03862;3.03912;3.04687;15369
2015.08.03;00:00:00;3.04104;3.01658;3.04046;3.01883;2974
2015.08.03;04:00:00;3.04444;3.03922;3.04309;3.04046;6759
2015.08.03;08:00:00;3.04838;3.04012;3.04464;3.0431;16165
2015.08.03;12:00:00;3.04986;3.03936;3.04582;3.04477;17888
2015.08.03;16:00:00;3.05358;3.04212;3.04846;3.04572;18672
2015.08.03;20:00:00;3.05015;3.04022;3.04332;3.04834;11389
2015.08.04;00:00:00;3.04522;3.03682;3.03815;3.04342;3314
2015.08.04;04:00:00;3.0422;3.0378;3.03957;3.03816;5467
2015.08.04;08:00:00;3.04275;3.03256;3.04012;3.0396;17769
2015.08.04;12:00:00;3.04501;3.03572;3.03783;3.04012;16456
2015.08.04;16:00:00;3.04167;3.03392;3.04104;3.0376;18298
2015.08.04;20:00:00;3.04111;3.02336;3.02702;3.04105;13575
2015.08.05;00:00:00;3.0297;3.0203;3.02603;3.02272;2914
2015.08.05;04:00:00;3.0292;3.01952;3.02812;3.02612;5601
2015.08.05;08:00:00;3.03449;3.02376;3.02834;3.02822;18458
2015.08.05;12:00:00;3.03297;3.01111;3.02835;3.02832;23091
2015.08.05;16:00:00;3.03652;3.02442;3.03562;3.02838;25036
2015.08.05;20:00:00;3.04472;3.03492;3.03702;3.03562;8516
2015.08.06;00:00:00;3.04684;3.03617;3.04112;3.03713;2938
2015.08.06;04:00:00;3.04396;3.03847;3.04212;3.04122;6081
2015.08.06;08:00:00;3.04887;3.0368;3.0368;3.04212;15926
2015.08.06;12:00:00;3.04127;3.02837;3.03098;3.03673;18309
2015.08.06;16:00:00;3.04212;3.02887;3.03777;3.03098;15011
2015.08.06;20:00:00;3.03882;3.03292;3.03402;3.03779;8346
2015.08.07;00:00:00;3.03607;3.02732;3.03414;3.03392;2247
2015.08.07;04:00:00;3.03482;3.02982;3.03252;3.0341;4680
2015.08.07;08:00:00;3.04452;3.02795;3.04013;3.03228;15900
2015.08.07;12:00:00;3.05227;3.03062;3.03116;3.04012;23310
2015.08.07;16:00:00;3.04938;3.02082;3.04348;3.03102;32828
2015.08.07;20:00:00;3.05192;3.04032;3.04462;3.04346;10762
2015.08.10;00:00:00;3.04888;3.03996;3.04493;3.04181;1946
2015.08.10;04:00:00;3.05005;3.04414;3.0476;3.04467;1772
2015.08.10;08:00:00;3.06113;3.04437;3.05959;3.04785;14974
2015.08.10;12:00:00;3.06154;3.05092;3.05993;3.0596;18411
2015.08.10;16:00:00;3.06958;3.05422;3.06597;3.05994;21335
2015.08.10;20:00:00;3.07237;3.06072;3.06182;3.06597;13178
2015.08.11;00:00:00;3.06242;3.04076;3.05202;3.06182;4793
2015.08.11;04:00:00;3.06111;3.03501;3.04668;3.05212;8999
2015.08.11;08:00:00;3.06109;3.00805;3.05692;3.04778;25530
2015.08.11;12:00:00;3.064;3.04821;3.06375;3.05682;23118
2015.08.11;16:00:00;3.07582;3.05536;3.0667;3.06366;24577
2015.08.11;20:00:00;3.07182;3.06547;3.06802;3.0667;9222
2015.08.12;00:00:00;3.06913;3.06566;3.06735;3.06782;3115
2015.08.12;04:00:00;3.08302;3.06452;3.08262;3.06735;6322
2015.08.12;08:00:00;3.09797;3.07717;3.09332;3.08262;27090
2015.08.12;12:00:00;3.09924;3.0918;3.09325;3.09342;23659
2015.08.12;16:00:00;3.10682;3.09054;3.09753;3.09332;26884
2015.08.12;20:00:00;3.10431;3.09532;3.09822;3.09757;8813
2015.08.13;00:00:00;3.10132;3.09597;3.09965;3.09822;2731
2015.08.13;04:00:00;3.10992;3.09292;3.09562;3.09965;10674
2015.08.13;08:00:00;3.10168;3.08842;3.09532;3.09562;17455
2015.08.13;12:00:00;3.11959;3.09372;3.11884;3.09537;20172
2015.08.13;16:00:00;3.14682;3.11797;3.13699;3.11887;26923
2015.08.13;20:00:00;3.1513;3.13437;3.14372;3.13699;11293
2015.08.14;00:00:00;3.15224;3.13982;3.15158;3.14382;2810
2015.08.14;04:00:00;3.16942;3.14973;3.16612;3.15158;6338
2015.08.14;08:00:00;3.17101;3.14852;3.15412;3.16582;19536
2015.08.14;12:00:00;3.1757;3.15345;3.16281;3.15402;21251
2015.08.14;16:00:00;3.16347;3.14499;3.15847;3.16303;20671
2015.08.14;20:00:00;3.15844;3.14322;3.14392;3.15844;9282
2015.08.17;00:00:00;3.15291;3.12499;3.14449;3.13081;1668
2015.08.17;04:00:00;3.15012;3.14404;3.14847;3.14447;6828
2015.08.17;08:00:00;3.16131;3.14821;3.16029;3.14857;15773
2015.08.17;12:00:00;3.17718;3.15942;3.17532;3.16031;19353
2015.08.17;16:00:00;3.17792;3.14882;3.17417;3.17532;24976
2015.08.17;20:00:00;3.18322;3.17132;3.17512;3.17418;12941
2015.08.18;00:00:00;3.18122;3.17292;3.18019;3.17522;1171
2015.08.18;04:00:00;3.18542;3.17735;3.17752;3.18017;1757
2015.08.18;08:00:00;3.18652;3.17282;3.18295;3.17742;16907
2015.08.18;12:00:00;3.20322;3.17065;3.18907;3.18293;20330
2015.08.18;16:00:00;3.20884;3.1877;3.19312;3.18908;22804
2015.08.18;20:00:00;3.19534;3.18802;3.18812;3.19312;8702
2015.08.19;00:00:00;3.19203;3.18672;3.19139;3.18802;2717
2015.08.19;04:00:00;3.20272;3.18981;3.20184;3.19137;7214
2015.08.19;08:00:00;3.20342;3.19305;3.19897;3.20186;17966
2015.08.19;12:00:00;3.24779;3.19553;3.24262;3.19887;26811
2015.08.19;16:00:00;3.25147;3.22737;3.23692;3.24272;30280
2015.08.19;20:00:00;3.25584;3.23232;3.25182;3.23692;23647
2015.08.20;00:00:00;3.26472;3.25067;3.26282;3.25122;3689
2015.08.20;04:00:00;3.34554;3.26052;3.29432;3.26282;6086
2015.08.20;08:00:00;3.32802;3.28162;3.31942;3.29432;23791
2015.08.20;12:00:00;3.32832;3.28852;3.2889;3.31966;36657
2015.08.20;16:00:00;3.29942;3.23734;3.24312;3.28892;38881
2015.08.20;20:00:00;3.28192;3.24122;3.27542;3.24312;17552
2015.08.21;00:00:00;3.28622;3.2684;3.28472;3.27542;2687
2015.08.21;04:00:00;3.31172;3.28432;3.30329;3.28462;10525
2015.08.21;08:00:00;3.31432;3.26673;3.28027;3.30336;28284
2015.08.21;12:00:00;3.30815;3.28025;3.29692;3.28025;29249
2015.08.21;16:00:00;3.31867;3.28814;3.31317;3.29703;38896
2015.08.21;20:00:00;3.32248;3.30842;3.31721;3.31308;19914
2015.08.24;00:00:00;3.37442;3.30306;3.36026;3.3052;4960
2015.08.24;04:00:00;3.42622;3.35772;3.38604;3.35927;7799
2015.08.24;08:00:00;3.39179;3.35798;3.37178;3.38562;43059
2015.08.24;12:00:00;3.41972;3.37053;3.41136;3.37179;53084
2015.08.24;16:00:00;3.47382;3.37552;3.37763;3.41128;44103
2015.08.24;20:00:00;3.41962;3.36531;3.41852;3.37769;19996
2015.08.25;00:00:00;3.41922;3.38706;3.40912;3.41862;5028
2015.08.25;04:00:00;3.41003;3.36508;3.38862;3.40904;11813
2015.08.25;08:00:00;3.40552;3.36972;3.38567;3.38862;32599
2015.08.25;12:00:00;3.38757;3.33905;3.34602;3.38602;40973
2015.08.25;16:00:00;3.3529;3.33112;3.34685;3.34592;28892
2015.08.25;20:00:00;3.40022;3.34469;3.37421;3.34682;15087
2015.08.26;00:00:00;3.40476;3.35337;3.37132;3.38462;5641
2015.08.26;04:00:00;3.38913;3.36281;3.36281;3.37148;7546
2015.08.26;08:00:00;3.3886;3.33674;3.36934;3.36298;32425
2015.08.26;12:00:00;3.3779;3.31877;3.32917;3.36934;31308
2015.08.26;16:00:00;3.36197;3.32242;3.34397;3.32917;39363
2015.08.26;20:00:00;3.34484;3.30662;3.31262;3.34397;21455
2015.08.27;00:00:00;3.32692;3.31152;3.32212;3.31457;4320
2015.08.27;04:00:00;3.33122;3.31631;3.32644;3.32222;5676
2015.08.27;08:00:00;3.32882;3.27912;3.28007;3.32592;24270
2015.08.27;12:00:00;3.30557;3.27621;3.28317;3.28027;24430
2015.08.27;16:00:00;3.28582;3.26042;3.27537;3.28347;29879
2015.08.27;20:00:00;3.29212;3.26987;3.27012;3.27532;17094
2015.08.28;00:00:00;3.27522;3.25861;3.26812;3.27062;3473
2015.08.28;04:00:00;3.28138;3.26722;3.27372;3.26812;7779
2015.08.28;08:00:00;3.30312;3.27182;3.29393;3.27382;22510
2015.08.28;12:00:00;3.30022;3.28407;3.29002;3.29392;25056
2015.08.28;16:00:00;3.29457;3.25792;3.26909;3.29002;29844
2015.08.28;20:00:00;3.28262;3.26185;3.26272;3.26933;18096
2015.08.31;00:00:00;3.27801;3.24641;3.27578;3.25722;3019
2015.08.31;04:00:00;3.29843;3.27392;3.28821;3.27576;8252
2015.08.31;08:00:00;3.29686;3.26912;3.27295;3.28821;17154
2015.08.31;12:00:00;3.27922;3.26662;3.27082;3.27305;16640
2015.08.31;16:00:00;3.27722;3.25712;3.26092;3.27092;22270
2015.08.31;20:00:00;3.26995;3.25948;3.26532;3.26082;12476
2015.09.01;00:00:00;3.28112;3.25942;3.28012;3.26472;2432
2015.09.01;04:00:00;3.28902;3.27532;3.27842;3.28002;6283
2015.09.01;08:00:00;3.30252;3.27642;3.29722;3.27862;23391
2015.09.01;12:00:00;3.29847;3.28086;3.28945;3.29722;24943
2015.09.01;16:00:00;3.30218;3.27959;3.29707;3.28929;32083
2015.09.01;20:00:00;3.31692;3.29624;3.31552;3.29725;19375
2015.09.02;00:00:00;3.31552;3.29857;3.29892;3.31552;5915
2015.09.02;04:00:00;3.30882;3.29592;3.29874;3.29918;8714
2015.09.02;08:00:00;3.33162;3.29722;3.32452;3.29876;22809
2015.09.02;12:00:00;3.33198;3.29792;3.30062;3.32462;22920
2015.09.02;16:00:00;3.3224;3.29632;3.30707;3.30042;28163
2015.09.02;20:00:00;3.31092;3.30002;3.30152;3.30707;13604
2015.09.03;00:00:00;3.30572;3.29969;3.30212;3.30152;4207
2015.09.03;04:00:00;3.30882;3.30034;3.30496;3.30212;5200
2015.09.03;08:00:00;3.33377;3.30152;3.32792;3.30499;17117
2015.09.03;12:00:00;3.34454;3.30172;3.30502;3.32782;24233
2015.09.03;16:00:00;3.31732;3.28382;3.29643;3.30492;31315
2015.09.03;20:00:00;3.31122;3.29507;3.30602;3.29643;11376
2015.09.04;00:00:00;3.30992;3.30122;3.30912;3.30612;4135
2015.09.04;04:00:00;3.33732;3.3035;3.33172;3.30922;8973
2015.09.04;08:00:00;3.33192;3.31447;3.3184;3.33172;22506
2015.09.04;12:00:00;3.34007;3.30383;3.32999;3.31846;27385
2015.09.04;16:00:00;3.35397;3.31522;3.35382;3.33027;32184
2015.09.04;20:00:00;3.36552;3.34416;3.34972;3.35385;9898
2015.09.07;00:00:00;3.40122;3.3542;3.39812;3.35492;3647
2015.09.07;04:00:00;3.39892;3.37552;3.37632;3.39812;8446
2015.09.07;08:00:00;3.38499;3.36082;3.3818;3.37632;22382
2015.09.07;12:00:00;3.39562;3.36914;3.36948;3.3818;21994
2015.09.07;16:00:00;3.39242;3.36917;3.38257;3.36942;15339
2015.09.07;20:00:00;3.38392;3.38117;3.38162;3.38257;3139
2015.09.08;00:00:00;3.38572;3.37151;3.38165;3.38212;1402
2015.09.08;04:00:00;3.39805;3.38042;3.39332;3.38161;8314
2015.09.08;08:00:00;3.39722;3.36462;3.38088;3.39342;24500
2015.09.08;12:00:00;3.3863;3.35629;3.36622;3.38092;22625
2015.09.08;16:00:00;3.38333;3.35782;3.36082;3.36622;24774
2015.09.08;20:00:00;3.37697;3.35404;3.36902;3.3609;14637
2015.09.09;00:00:00;3.37822;3.36292;3.36341;3.36932;4588
2015.09.09;04:00:00;3.36411;3.34372;3.34902;3.3635;9355
2015.09.09;08:00:00;3.37502;3.33232;3.369;3.34892;23198
2015.09.09;12:00:00;3.37387;3.35622;3.36377;3.36892;23267
2015.09.09;16:00:00;3.39052;3.36012;3.38502;3.36382;26439
2015.09.09;20:00:00;3.40894;3.38178;3.39842;3.38487;17142
2015.09.10;00:00:00;3.44152;3.39832;3.43712;3.39832;6163
2015.09.10;04:00:00;3.43842;3.40898;3.42121;3.43712;7932
2015.09.10;08:00:00;3.42992;3.39512;3.41167;3.42121;22574
2015.09.10;12:00:00;3.41972;3.39922;3.4114;3.41172;22977
2015.09.10;16:00:00;3.42933;3.40242;3.41405;3.41142;29839
2015.09.10;20:00:00;3.42272;3.40422;3.40792;3.41405;13702
2015.09.11;00:00:00;3.40982;3.40142;3.40572;3.40385;3570
2015.09.11;04:00:00;3.41222;3.40256;3.41212;3.40582;6730
2015.09.11;08:00:00;3.43798;3.41094;3.43177;3.41212;24143
2015.09.11;12:00:00;3.43457;3.41542;3.43052;3.43172;24740
2015.09.11;16:00:00;3.46177;3.42759;3.45278;3.43077;28278
2015.09.11;20:00:00;3.46096;3.44422;3.45142;3.45309;11734
2015.09.14;00:00:00;3.46192;3.42619;3.44645;3.43423;1887
2015.09.14;04:00:00;3.45326;3.44372;3.45104;3.44648;5838
2015.09.14;08:00:00;3.47852;3.44634;3.47057;3.45103;21923
2015.09.14;12:00:00;3.47602;3.46201;3.46537;3.47062;20553
2015.09.14;16:00:00;3.47112;3.44654;3.46002;3.46537;22449
2015.09.14;20:00:00;3.46602;3.45515;3.45697;3.45997;8017
2015.09.15;00:00:00;3.45908;3.44902;3.44992;3.45712;2842
2015.09.15;04:00:00;3.46082;3.44922;3.45692;3.45002;5731
2015.09.15;08:00:00;3.47032;3.44042;3.44492;3.45702;23606
2015.09.15;12:00:00;3.45582;3.4205;3.42707;3.44502;24602
2015.09.15;16:00:00;3.43004;3.40532;3.41737;3.42712;24148
2015.09.15;20:00:00;3.41842;3.40809;3.41322;3.41732;9752
2015.09.16;00:00:00;3.41982;3.39116;3.41693;3.41232;2509
2015.09.16;04:00:00;3.42087;3.41377;3.41888;3.41693;6185
2015.09.16;08:00:00;3.42022;3.39019;3.39692;3.41891;23534
2015.09.16;12:00:00;3.39792;3.36612;3.38182;3.39682;26478
2015.09.16;16:00:00;3.39798;3.38158;3.38552;3.38178;23543
2015.09.16;20:00:00;3.39182;3.38046;3.38462;3.38562;9477
2015.09.17;00:00:00;3.39142;3.38328;3.38972;3.38382;4661
2015.09.17;04:00:00;3.39802;3.38922;3.39652;3.38982;10961
2015.09.17;08:00:00;3.42097;3.38832;3.42032;3.39657;17173
2015.09.17;12:00:00;3.42947;3.40392;3.40452;3.42037;15388
2015.09.17;16:00:00;3.41142;3.39912;3.40857;3.40452;17836
2015.09.17;20:00:00;3.44887;3.37822;3.44572;3.40862;28918
2015.09.18;00:00:00;3.44602;3.42472;3.43302;3.44582;5587
2015.09.18;04:00:00;3.43442;3.42683;3.43122;3.43312;8273
2015.09.18;08:00:00;3.43932;3.41546;3.43229;3.43169;29359
2015.09.18;12:00:00;3.43902;3.41627;3.4245;3.43217;27096
2015.09.18;16:00:00;3.42585;3.38872;3.40986;3.42445;29634
2015.09.18;20:00:00;3.41564;3.39082;3.39412;3.40993;14303
2015.09.21;00:00:00;3.42082;3.36941;3.42082;3.37336;5212
2015.09.21;04:00:00;3.42152;3.39403;3.41192;3.42112;4449
2015.09.21;08:00:00;3.41192;3.38802;3.39576;3.41172;25273
2015.09.21;12:00:00;3.39772;3.35607;3.36572;3.39576;24986
2015.09.21;16:00:00;3.37138;3.35367;3.36681;3.36582;24743
2015.09.21;20:00:00;3.36691;3.35773;3.36222;3.3668;11709
2015.09.22;00:00:00;3.36822;3.3588;3.36562;3.36252;4198
2015.09.22;04:00:00;3.36922;3.36473;3.36782;3.36612;5049
2015.09.22;08:00:00;3.37757;3.34452;3.37267;3.36792;24366
2015.09.22;12:00:00;3.39737;3.36592;3.38727;3.37262;25795
2015.09.22;16:00:00;3.39322;3.36222;3.36685;3.38722;26253
2015.09.22;20:00:00;3.37267;3.36071;3.36772;3.36685;11357
2015.09.23;00:00:00;3.37576;3.35096;3.36555;3.36772;3678
2015.09.23;04:00:00;3.37952;3.36507;3.37675;3.36551;5331
2015.09.23;08:00:00;3.38678;3.34836;3.36012;3.37673;25464
2015.09.23;12:00:00;3.37724;3.35975;3.36852;3.36015;29548
2015.09.23;16:00:00;3.39798;3.36146;3.39592;3.36852;37633
2015.09.23;20:00:00;3.41282;3.39041;3.39372;3.39587;14183
2015.09.24;00:00:00;3.40322;3.38636;3.39893;3.39372;3408
2015.09.24;04:00:00;3.40014;3.3895;3.39469;3.39713;6678
2015.09.24;08:00:00;3.43222;3.38265;3.42482;3.39455;17690
2015.09.24;12:00:00;3.45467;3.42267;3.45187;3.42462;24416
2015.09.24;16:00:00;3.46152;3.40932;3.42672;3.45192;24618
2015.09.24;20:00:00;3.43;3.40712;3.40982;3.42682;5306
2015.09.25;00:00:00;3.41142;3.38296;3.40462;3.40972;2535
2015.09.25;04:00:00;3.41032;3.40067;3.40427;3.40482;3233
2015.09.25;08:00:00;3.4053;3.36344;3.37032;3.40422;16255
2015.09.25;12:00:00;3.39692;3.36937;3.38297;3.37037;18340
2015.09.25;16:00:00;3.41181;3.37745;3.40387;3.38297;22986
2015.09.25;20:00:00;3.41602;3.39252;3.40261;3.40382;6236
2015.09.28;00:00:00;3.41712;3.37677;3.40628;3.38721;1010
2015.09.28;04:00:00;3.41232;3.39297;3.40375;3.40637;1236
2015.09.28;08:00:00;3.41502;3.38212;3.40602;3.40348;18670
2015.09.28;12:00:00;3.4234;3.40267;3.40833;3.40602;26261
2015.09.28;16:00:00;3.43402;3.39792;3.43262;3.40822;29529
2015.09.28;20:00:00;3.44022;3.42777;3.43622;3.43272;10835
2015.09.29;00:00:00;3.44147;3.42401;3.43623;3.43572;1928
2015.09.29;04:00:00;3.45502;3.43482;3.45432;3.43517;7648
2015.09.29;08:00:00;3.45898;3.41472;3.41834;3.45442;24148
2015.09.29;12:00:00;3.42702;3.40078;3.40712;3.41819;23455
2015.09.29;16:00:00;3.42607;3.40276;3.42297;3.40707;29168
2015.09.29;20:00:00;3.42462;3.41172;3.41422;3.42297;12310
2015.09.30;00:00:00;3.42167;3.41342;3.41596;3.41522;3827
2015.09.30;04:00:00;3.41916;3.41045;3.41152;3.41596;4579
2015.09.30;08:00:00;3.41152;3.38502;3.39602;3.41152;20355
2015.09.30;12:00:00;3.40188;3.38562;3.39234;3.39602;22922
2015.09.30;16:00:00;3.39272;3.37597;3.38682;3.39234;28662
2015.09.30;20:00:00;3.38732;3.37752;3.37892;3.38682;9967
2015.10.01;00:00:00;3.38192;3.37842;3.38057;3.37984;1255
2015.10.01;04:00:00;3.38082;3.36692;3.37057;3.38057;5222
2015.10.01;08:00:00;3.37937;3.35632;3.37787;3.37047;17474
2015.10.01;12:00:00;3.38202;3.36407;3.37459;3.37802;19228
2015.10.01;16:00:00;3.39882;3.36397;3.39172;3.37458;24658
2015.10.01;20:00:00;3.39505;3.38317;3.38492;3.39162;9531
2015.10.02;00:00:00;3.38912;3.38053;3.38662;3.38511;1148
2015.10.02;04:00:00;3.39362;3.38458;3.39082;3.38652;5134
2015.10.02;08:00:00;3.39102;3.37632;3.38352;3.39082;14968
2015.10.02;12:00:00;3.42032;3.37042;3.41543;3.38362;22391
2015.10.02;16:00:00;3.42973;3.36194;3.3636;3.41547;30655
2015.10.02;20:00:00;3.3663;3.34802;3.34932;3.36342;11537
2015.10.05;00:00:00;3.36407;3.33431;3.36226;3.36012;2751
2015.10.05;04:00:00;3.37207;3.35172;3.35576;3.36255;2718
2015.10.05;08:00:00;3.37779;3.35452;3.37483;3.35512;20522
2015.10.05;12:00:00;3.37742;3.35652;3.35722;3.37495;25362
2015.10.05;16:00:00;3.36522;3.33739;3.34372;3.35717;25915
2015.10.05;20:00:00;3.34842;3.33392;3.33532;3.34372;11002
2015.10.06;00:00:00;3.34242;3.33432;3.34032;3.33482;4883
2015.10.06;04:00:00;3.34247;3.33162;3.33202;3.34032;5639
2015.10.06;08:00:00;3.36231;3.33172;3.3468;3.33222;19008
2015.10.06;12:00:00;3.36373;3.34543;3.35547;3.34689;19583
2015.10.06;16:00:00;3.36131;3.33573;3.33897;3.35537;24777
2015.10.06;20:00:00;3.34382;3.33062;3.33072;3.33892;10720
2015.10.07;00:00:00;3.33462;3.33047;3.33258;3.33152;2011
2015.10.07;04:00:00;3.33682;3.32921;3.33229;3.33221;9081
2015.10.07;08:00:00;3.33672;3.30142;3.30597;3.33247;22243
2015.10.07;12:00:00;3.30898;3.28902;3.2997;3.306;23214
2015.10.07;16:00:00;3.30587;3.27072;3.2986;3.29932;26654
2015.10.07;20:00:00;3.30962;3.29627;3.30232;3.2986;10600
2015.10.08;00:00:00;3.30752;3.30234;3.30485;3.30542;2904
2015.10.08;04:00:00;3.32192;3.30289;3.31632;3.30499;6039
2015.10.08;08:00:00;3.33395;3.30822;3.32807;3.31642;17950
2015.10.08;12:00:00;3.33245;3.29472;3.29952;3.32807;20649
2015.10.08;16:00:00;3.3027;3.28185;3.28642;3.29947;21866
2015.10.08;20:00:00;3.29161;3.26442;3.26512;3.28647;14365
2015.10.09;00:00:00;3.26652;3.24579;3.26287;3.26492;3777
2015.10.09;04:00:00;3.26432;3.25842;3.26287;3.26287;5321
2015.10.09;08:00:00;3.29601;3.26182;3.28412;3.2629;19491
2015.10.09;12:00:00;3.30522;3.27952;3.30227;3.28422;20201
2015.10.09;16:00:00;3.31767;3.29522;3.31337;3.30232;21248
2015.10.09;20:00:00;3.31752;3.30372;3.30572;3.31337;6862
2015.10.12;00:00:00;3.36414;3.33216;3.33526;3.3551;1715
2015.10.12;04:00:00;3.35251;3.33377;3.35251;3.33533;2933
2015.10.12;08:00:00;3.35327;3.32085;3.33457;3.35264;15411
2015.10.12;12:00:00;3.33889;3.3143;3.31537;3.33452;17429
2015.10.12;16:00:00;3.33057;3.31532;3.32332;3.31537;15468
2015.10.12;20:00:00;3.33053;3.32054;3.32054;3.32322;7456
2015.10.13;00:00:00;3.33107;3.31928;3.33107;3.3201;3102
2015.10.13;04:00:00;3.34072;3.33102;3.33517;3.33107;6048
2015.10.13;08:00:00;3.36267;3.33058;3.35392;3.33517;18925
2015.10.13;12:00:00;3.37062;3.34862;3.36682;3.35382;22083
2015.10.13;16:00:00;3.37202;3.34697;3.36152;3.36677;22037
2015.10.13;20:00:00;3.36957;3.36001;3.36001;3.36147;8340
2015.10.14;00:00:00;3.37672;3.35962;3.37662;3.35962;2833
2015.10.14;04:00:00;3.37777;3.36654;3.36792;3.37662;4117
2015.10.14;08:00:00;3.37122;3.35553;3.36297;3.36793;18261
2015.10.14;12:00:00;3.36692;3.34202;3.34564;3.36297;21492
2015.10.14;16:00:00;3.35307;3.33493;3.34087;3.34572;18498
2015.10.14;20:00:00;3.34991;3.33996;3.34212;3.34087;10080
2015.10.15;00:00:00;3.34752;3.34132;3.34222;3.34222;5062
2015.10.15;04:00:00;3.34702;3.33957;3.34177;3.34232;6680
2015.10.15;08:00:00;3.34202;3.30476;3.30894;3.34182;19824
2015.10.15;12:00:00;3.31267;3.29282;3.29912;3.30897;21427
2015.10.15;16:00:00;3.30052;3.28087;3.28867;3.29902;25373
2015.10.15;20:00:00;3.28957;3.27037;3.27037;3.28867;9477
2015.10.16;00:00:00;3.28082;3.26651;3.27987;3.26982;2400
2015.10.16;04:00:00;3.29482;3.27912;3.29352;3.27987;6145
2015.10.16;08:00:00;3.29657;3.28212;3.29142;3.29337;14410
2015.10.16;12:00:00;3.30155;3.27758;3.2878;3.29142;17358
2015.10.16;16:00:00;3.30248;3.28602;3.29574;3.2878;16472
2015.10.16;20:00:00;3.30002;3.28012;3.28102;3.29574;8775
2015.10.19;00:00:00;3.29416;3.26456;3.28827;3.26571;1256
2015.10.19;04:00:00;3.29445;3.28428;3.28956;3.2883;2034
2015.10.19;08:00:00;3.29533;3.26649;3.28112;3.28956;13665
2015.10.19;12:00:00;3.28787;3.26822;3.28709;3.28092;16106
2015.10.19;16:00:00;3.29237;3.27807;3.28412;3.28711;17786
2015.10.19;20:00:00;3.29162;3.28247;3.29092;3.28407;6216
2015.10.20;00:00:00;3.29302;3.28992;3.29292;3.29112;3422
2015.10.20;04:00:00;3.29482;3.29182;3.29232;3.29292;3013
2015.10.20;08:00:00;3.29767;3.28336;3.29562;3.29232;13634
2015.10.20;12:00:00;3.29907;3.27815;3.28272;3.29562;14968
2015.10.20;16:00:00;3.29252;3.281;3.29133;3.28282;16292
2015.10.20;20:00:00;3.29257;3.2851;3.28952;3.29133;6699
2015.10.21;00:00:00;3.29732;3.28977;3.29632;3.28982;3448
2015.10.21;04:00:00;3.29702;3.29327;3.29592;3.29632;3296
2015.10.21;08:00:00;3.31067;3.29317;3.30037;3.29592;13810
2015.10.21;12:00:00;3.30542;3.28997;3.30222;3.30017;13385
2015.10.21;16:00:00;3.30272;3.28146;3.28437;3.30217;16050
2015.10.21;20:00:00;3.28922;3.27892;3.28062;3.28437;5852
2015.10.22;00:00:00;3.28777;3.28012;3.28357;3.28112;2353
2015.10.22;04:00:00;3.28742;3.28237;3.28332;3.28357;4437
2015.10.22;08:00:00;3.28882;3.26565;3.2728;3.28342;14867
2015.10.22;12:00:00;3.27777;3.23242;3.23577;3.27267;19570
2015.10.22;16:00:00;3.23785;3.19367;3.19567;3.23582;26923
2015.10.22;20:00:00;3.19722;3.18816;3.19192;3.19567;10484
2015.10.23;00:00:00;3.19262;3.17942;3.18125;3.19262;7168
2015.10.23;04:00:00;3.19077;3.18032;3.18429;3.18125;10499
2015.10.23;08:00:00;3.20092;3.17436;3.19582;3.18434;19634
2015.10.23;12:00:00;3.20457;3.17142;3.17882;3.19582;19057
2015.10.23;16:00:00;3.21075;3.17657;3.20862;3.17882;20647
2015.10.23;20:00:00;3.20932;3.19662;3.20042;3.20872;7997
2015.10.25;23:00:00;3.20802;3.18173;3.20252;3.18566;243
2015.10.26;00:00:00;3.21062;3.20017;3.20395;3.20262;1905
2015.10.26;04:00:00;3.21002;3.20008;3.20262;3.20347;3810
2015.10.26;08:00:00;3.20613;3.18907;3.19415;3.20262;16461
2015.10.26;12:00:00;3.19737;3.17191;3.18222;3.19415;16657
2015.10.26;16:00:00;3.19737;3.18172;3.19662;3.18192;17114
2015.10.26;20:00:00;3.19717;3.18987;3.19312;3.19662;5069
2015.10.27;00:00:00;3.19732;3.19192;3.19572;3.19282;3346
2015.10.27;04:00:00;3.20542;3.19572;3.20512;3.19572;4225
2015.10.27;08:00:00;3.20743;3.19343;3.20267;3.20512;16779
2015.10.27;12:00:00;3.22352;3.20211;3.21372;3.20268;21449
2015.10.27;16:00:00;3.21742;3.20841;3.20943;3.21392;17579
2015.10.27;20:00:00;3.21232;3.20412;3.20632;3.20922;6783
2015.10.28;00:00:00;3.20892;3.20191;3.20412;3.20622;5673
2015.10.28;04:00:00;3.20997;3.20282;3.20622;3.20412;4340
2015.10.28;08:00:00;3.20872;3.19079;3.19337;3.20627;13279
2015.10.28;12:00:00;3.21057;3.19342;3.19462;3.19342;14776
2015.10.28;16:00:00;3.20922;3.17287;3.17512;3.19452;17846
2015.10.28;20:00:00;3.19992;3.16549;3.19282;3.18841;19398
2015.10.29;00:00:00;3.19622;3.18748;3.19444;3.19398;4001
2015.10.29;04:00:00;3.19834;3.19462;3.19582;3.19493;2474
2015.10.29;08:00:00;3.20772;3.19112;3.19985;3.19592;13923
2015.10.29;12:00:00;3.22381;3.19839;3.22132;3.19985;18833
2015.10.29;16:00:00;3.23072;3.2164;3.22462;3.22131;18859
2015.10.29;20:00:00;3.23092;3.21672;3.22782;3.22477;6122
2015.10.30;00:00:00;3.23055;3.21877;3.22412;3.22712;1823
2015.10.30;04:00:00;3.23176;3.21855;3.22422;3.22432;7809
2015.10.30;08:00:00;3.22582;3.20697;3.20992;3.22427;16681
2015.10.30;12:00:00;3.21958;3.20416;3.21927;3.20941;21900
2015.10.30;16:00:00;3.22483;3.20852;3.21052;3.21954;21425
2015.10.30;20:00:00;3.21348;3.20041;3.20462;3.2109;7734
2015.11.02;00:00:00;3.15264;3.09716;3.15213;3.11612;5872
2015.11.02;04:00:00;3.15222;3.10469;3.10502;3.15213;5480
2015.11.02;08:00:00;3.11392;3.04257;3.08772;3.10502;24698
2015.11.02;12:00:00;3.10602;3.08682;3.09722;3.08762;21285
2015.11.02;16:00:00;3.12422;3.09567;3.11272;3.09722;19872
2015.11.02;20:00:00;3.11974;3.10446;3.10912;3.11272;3653
2015.11.03;00:00:00;3.11215;3.10377;3.10581;3.10902;2490
2015.11.03;04:00:00;3.11462;3.09812;3.10992;3.10573;5127
2015.11.03;08:00:00;3.12897;3.09942;3.12532;3.10992;17424
2015.11.03;12:00:00;3.12527;3.10827;3.11872;3.12527;16501
2015.11.03;16:00:00;3.12122;3.09659;3.10362;3.11862;18664
2015.11.03;20:00:00;3.10427;3.09432;3.10042;3.10362;9206
2015.11.04;00:00:00;3.10275;3.09662;3.09742;3.10122;4275
2015.11.04;04:00:00;3.09858;3.09002;3.09703;3.09742;4718
2015.11.04;08:00:00;3.10962;3.09362;3.09902;3.09703;17103
2015.11.04;12:00:00;3.10867;3.09589;3.10104;3.09902;17367
2015.11.04;16:00:00;3.11472;3.09512;3.1092;3.10103;21058
2015.11.04;20:00:00;3.11484;3.10792;3.10992;3.10882;4647
2015.11.05;00:00:00;3.11632;3.10532;3.11552;3.10992;4505
2015.11.05;04:00:00;3.12042;3.11182;3.11432;3.11552;3720
2015.11.05;08:00:00;3.13227;3.10212;3.12172;3.11432;18555
2015.11.05;12:00:00;3.12642;3.11122;3.11192;3.12172;20242
2015.11.05;16:00:00;3.12077;3.10672;3.11952;3.11192;21263
2015.11.05;20:00:00;3.12372;3.11182;3.11202;3.11947;6691
2015.11.06;00:00:00;3.11652;3.10171;3.11461;3.11192;316
2015.11.06;04:00:00;3.11552;3.11143;3.11502;3.11418;1842
2015.11.06;08:00:00;3.12992;3.11432;3.12497;3.11492;16207
2015.11.06;12:00:00;3.13577;3.09129;3.12077;3.12502;22473
2015.11.06;16:00:00;3.14882;3.12007;3.13817;3.12072;31060
2015.11.06;20:00:00;3.13982;3.13192;3.13452;3.13822;7844
2015.11.09;00:00:00;3.14034;3.12151;3.13782;3.1297;5104
2015.11.09;04:00:00;3.14557;3.13762;3.1401;3.13792;5997
2015.11.09;08:00:00;3.15359;3.137;3.14823;3.1401;18002
2015.11.09;12:00:00;3.15822;3.13327;3.13417;3.14832;23890
2015.11.09;16:00:00;3.15007;3.13272;3.1378;3.13408;25346
2015.11.09;20:00:00;3.14181;3.13608;3.14002;3.1378;7754
2015.11.10;00:00:00;3.14167;3.13762;3.13812;3.14022;4366
2015.11.10;04:00:00;3.13897;3.13092;3.13212;3.13807;3127
2015.11.10;08:00:00;3.13512;3.12209;3.12457;3.13212;15942
2015.11.10;12:00:00;3.13652;3.11672;3.12182;3.12457;25417
2015.11.10;16:00:00;3.12532;3.10829;3.11882;3.12182;23284
2015.11.10;20:00:00;3.12847;3.11672;3.12382;3.11877;8593
2015.11.11;00:00:00;3.13097;3.12312;3.12658;3.12392;7211
2015.11.11;04:00:00;3.13272;3.12623;3.12862;3.12658;10743
2015.11.11;08:00:00;3.12912;3.10202;3.10771;3.12872;17349
2015.11.11;12:00:00;3.11002;3.08935;3.09517;3.10771;20787
2015.11.11;16:00:00;3.10602;3.09222;3.09387;3.09512;20788
2015.11.11;20:00:00;3.09677;3.084;3.08642;3.09382;6165
2015.11.12;00:00:00;3.09608;3.07912;3.08807;3.08642;6988
2015.11.12;04:00:00;3.09667;3.08719;3.09162;3.08812;3802
2015.11.12;08:00:00;3.10202;3.07872;3.08142;3.09157;19748
2015.11.12;12:00:00;3.10082;3.08022;3.09882;3.08172;20165
2015.11.12;16:00:00;3.10672;3.08242;3.09362;3.09887;30743
2015.11.12;20:00:00;3.10582;3.08987;3.09762;3.09352;14392
2015.11.13;00:00:00;3.09842;3.09062;3.09167;3.09792;5661
2015.11.13;04:00:00;3.09492;3.09127;3.09262;3.09167;4906
2015.11.13;08:00:00;3.09892;3.08882;3.09092;3.09242;17752
2015.11.13;12:00:00;3.09902;3.08082;3.08392;3.09082;27568
2015.11.13;16:00:00;3.08483;3.06568;3.06952;3.08382;25840
2015.11.13;20:00:00;3.08392;3.06767;3.08152;3.06957;10121
2015.11.16;00:00:00;3.08886;3.07002;3.08427;3.08338;9384
2015.11.16;04:00:00;3.09182;3.08412;3.09062;3.08427;5262
2015.11.16;08:00:00;3.09602;3.08412;3.09082;3.09072;20837
2015.11.16;12:00:00;3.09702;3.08712;3.08957;3.09062;22719
2015.11.16;16:00:00;3.09121;3.07703;3.08382;3.08962;24731
2015.11.16;20:00:00;3.08667;3.07732;3.0781;3.08392;10758
2015.11.17;00:00:00;3.08342;3.07495;3.07647;3.0784;4492
2015.11.17;04:00:00;3.07812;3.07452;3.07682;3.07647;4973
2015.11.17;08:00:00;3.07867;3.05982;3.06682;3.07672;20427
2015.11.17;12:00:00;3.0706;3.04772;3.05062;3.06672;22002
2015.11.17;16:00:00;3.06169;3.05022;3.05502;3.0507;24421
2015.11.17;20:00:00;3.0579;3.05092;3.05212;3.05507;12279
2015.11.18;00:00:00;3.05477;3.05112;3.05322;3.05212;4815
2015.11.18;04:00:00;3.05972;3.05031;3.05952;3.05317;5037
2015.11.18;08:00:00;3.06573;3.05342;3.06352;3.05942;18045
2015.11.18;12:00:00;3.06517;3.04712;3.05455;3.06352;24906
2015.11.18;16:00:00;3.06122;3.04452;3.04992;3.0545;22594
2015.11.18;20:00:00;3.06022;3.04562;3.04815;3.04992;14286
2015.11.19;00:00:00;3.06692;3.04801;3.06032;3.04867;8049
2015.11.19;04:00:00;3.06182;3.05132;3.05922;3.06032;10204
2015.11.19;08:00:00;3.06092;3.04372;3.04992;3.05912;20135
2015.11.19;12:00:00;3.05422;3.03992;3.04252;3.04992;21600
2015.11.19;16:00:00;3.06042;3.04156;3.05162;3.04251;24333
2015.11.19;20:00:00;3.05632;3.04962;3.05212;3.05162;8941
2015.11.20;00:00:00;3.05232;3.04512;3.04742;3.05212;4609
2015.11.20;04:00:00;3.05122;3.04542;3.05067;3.04742;5898
2015.11.20;08:00:00;3.05057;3.03175;3.03192;3.05057;21018
2015.11.20;12:00:00;3.03302;3.01142;3.01582;3.03192;25092
2015.11.20;16:00:00;3.02056;3.01183;3.01577;3.01587;23109
2015.11.20;20:00:00;3.01585;3.00675;3.00752;3.01577;9441
2015.11.23;00:00:00;3.01302;3.00222;3.01262;3.00948;4899
2015.11.23;04:00:00;3.01352;3.00891;3.01042;3.01252;7242
2015.11.23;08:00:00;3.02629;3.01057;3.02547;3.01057;19998
2015.11.23;12:00:00;3.03122;3.01902;3.02921;3.02547;23968
2015.11.23;16:00:00;3.02952;3.01832;3.02842;3.02927;25392
2015.11.23;20:00:00;3.03132;3.02602;3.03072;3.02832;8986
2015.11.24;00:00:00;3.03342;3.02732;3.02882;3.03092;6462
2015.11.24;04:00:00;3.02982;3.02357;3.02642;3.02892;7039
2015.11.24;08:00:00;3.06992;3.02219;3.05572;3.02642;22618
2015.11.24;12:00:00;3.07422;3.04421;3.07082;3.05582;25758
2015.11.24;16:00:00;3.07282;3.05242;3.06012;3.07072;25119
2015.11.24;20:00:00;3.06932;3.05895;3.06322;3.06022;11113
2015.11.25;00:00:00;3.06592;3.05868;3.06582;3.06312;6198
2015.11.25;04:00:00;3.06922;3.06502;3.06812;3.06572;7697
2015.11.25;08:00:00;3.08302;3.06263;3.06547;3.06822;22766
2015.11.25;12:00:00;3.06722;3.04072;3.04907;3.06552;28213
2015.11.25;16:00:00;3.07112;3.04385;3.06687;3.04927;25190
2015.11.25;20:00:00;3.06827;3.06277;3.06702;3.06692;9133
2015.11.26;00:00:00;3.07062;3.06398;3.06822;3.06702;5656
2015.11.26;04:00:00;3.07092;3.06419;3.06715;3.06822;2300
2015.11.26;08:00:00;3.08682;3.06727;3.08602;3.06727;15853
2015.11.26;12:00:00;3.09052;3.08214;3.08882;3.08602;17004
2015.11.26;16:00:00;3.1039;3.08777;3.1002;3.08882;13496
2015.11.26;20:00:00;3.10687;3.09761;3.10062;3.1002;7538
2015.11.27;00:00:00;3.10737;3.09692;3.10562;3.09762;3003
2015.11.27;04:00:00;3.10932;3.10058;3.10212;3.10562;3601
2015.11.27;08:00:00;3.11802;3.09622;3.09632;3.10202;21041
2015.11.27;12:00:00;3.10351;3.0817;3.08579;3.09632;23636
2015.11.27;16:00:00;3.09992;3.08196;3.09972;3.08573;18766
2015.11.27;20:00:00;3.10242;3.09622;3.09802;3.09967;4441
2015.11.30;00:00:00;3.10132;3.09177;3.09872;3.09193;3179
2015.11.30;04:00:00;3.10132;3.0929;3.09912;3.09862;2716
2015.11.30;08:00:00;3.10762;3.07579;3.08267;3.09912;19035
2015.11.30;12:00:00;3.08337;3.07291;3.07695;3.08267;23130
2015.11.30;16:00:00;3.07812;3.06414;3.07732;3.07698;26346
2015.11.30;20:00:00;3.08122;3.07482;3.07482;3.07742;9528
2015.12.01;00:00:00;3.07992;3.07432;3.07492;3.07492;4456
2015.12.01;04:00:00;3.07702;3.07052;3.07493;3.07502;7533
2015.12.01;08:00:00;3.07715;3.06831;3.07082;3.07484;19181
2015.12.01;12:00:00;3.07109;3.05732;3.06482;3.07072;21783
2015.12.01;16:00:00;3.07432;3.05862;3.07101;3.06482;25371
2015.12.01;20:00:00;3.07763;3.07012;3.07012;3.07101;9458
2015.12.02;00:00:00;3.07342;3.0657;3.06937;3.07012;1387
2015.12.02;04:00:00;3.07042;3.06642;3.06822;3.06932;5138
2015.12.02;08:00:00;3.06862;3.05367;3.05842;3.06822;17295
2015.12.02;12:00:00;3.06147;3.0422;3.05996;3.05832;23469
2015.12.02;16:00:00;3.0637;3.04985;3.06087;3.05998;25629
2015.12.02;20:00:00;3.07337;3.05912;3.06532;3.06096;10495
2015.12.03;00:00:00;3.07282;3.06462;3.07112;3.06532;4539
2015.12.03;04:00:00;3.07117;3.06232;3.06452;3.07112;6792
2015.12.03;08:00:00;3.06572;3.04477;3.04752;3.06462;16591
2015.12.03;12:00:00;3.13866;3.03075;3.11542;3.04762;35349
2015.12.03;16:00:00;3.16616;3.10362;3.1491;3.11532;36239
2015.12.03;20:00:00;3.16692;3.14913;3.15322;3.14913;18778
2015.12.04;00:00:00;3.15947;3.144;3.15012;3.15372;9257
2015.12.04;04:00:00;3.16012;3.14882;3.15872;3.15022;7217
2015.12.04;08:00:00;3.16162;3.12972;3.15112;3.15872;21002
2015.12.04;12:00:00;3.17842;3.14382;3.16542;3.15103;28101
2015.12.04;16:00:00;3.17107;3.12822;3.13647;3.16552;31964
2015.12.04;20:00:00;3.14677;3.1303;3.14252;3.13642;11833
2015.12.07;00:00:00;3.14564;3.12975;3.14305;3.12975;5885
2015.12.07;04:00:00;3.14332;3.13436;3.13942;3.14297;3276
2015.12.07;08:00:00;3.14172;3.11531;3.12787;3.13952;17507
2015.12.07;12:00:00;3.14077;3.12607;3.13847;3.12787;16600
2015.12.07;16:00:00;3.16482;3.13752;3.15802;3.13842;22959
2015.12.07;20:00:00;3.16262;3.15352;3.15522;3.15812;6515
2015.12.08;00:00:00;3.15872;3.15252;3.15722;3.15542;2529
2015.12.08;04:00:00;3.16232;3.15652;3.16232;3.15712;3580
2015.12.08;08:00:00;3.17197;3.15892;3.16422;3.16222;18428
2015.12.08;12:00:00;3.18207;3.15802;3.17952;3.16412;23906
2015.12.08;16:00:00;3.18142;3.16182;3.17112;3.17962;26706
2015.12.08;20:00:00;3.17477;3.16612;3.16612;3.17112;11023
2015.12.09;00:00:00;3.17242;3.16561;3.17222;3.16675;4736
2015.12.09;04:00:00;3.17692;3.17069;3.17192;3.17232;11894
2015.12.09;08:00:00;3.18972;3.16767;3.18412;3.17192;22415
2015.12.09;12:00:00;3.20106;3.1771;3.19947;3.18462;25148
2015.12.09;16:00:00;3.20962;3.18689;3.20882;3.19945;33625
2015.12.09;20:00:00;3.23052;3.20682;3.21312;3.20872;21051
2015.12.10;00:00:00;3.21562;3.20702;3.20782;3.21292;5120
2015.12.10;04:00:00;3.21292;3.20582;3.21132;3.20792;4325
2015.12.10;08:00:00;3.21742;3.18762;3.19717;3.21132;19498
2015.12.10;12:00:00;3.20222;3.18422;3.20177;3.19722;25618
2015.12.10;16:00:00;3.20292;3.18677;3.20212;3.20172;29389
2015.12.10;20:00:00;3.20582;3.19832;3.19922;3.20217;10177
2015.12.11;00:00:00;3.20034;3.19252;3.195;3.19962;4948
2015.12.11;04:00:00;3.20402;3.19446;3.19941;3.19491;3297
2015.12.11;08:00:00;3.23612;3.19282;3.23022;3.19952;20099
2015.12.11;12:00:00;3.25132;3.23011;3.23767;3.23012;29518
2015.12.11;16:00:00;3.28607;3.23737;3.27832;3.23762;40979
2015.12.11;20:00:00;3.27962;3.26672;3.27667;3.27822;14109
2015.12.14;00:00:00;3.26542;3.24451;3.25917;3.24615;5791
2015.12.14;04:00:00;3.26063;3.24332;3.24482;3.25918;7105
2015.12.14;08:00:00;3.25337;3.22892;3.24482;3.24472;20088
2015.12.14;12:00:00;3.29162;3.24462;3.28242;3.24492;29156
2015.12.14;16:00:00;3.30944;3.27752;3.28322;3.28242;37052
2015.12.14;20:00:00;3.28681;3.27262;3.27472;3.28327;15812
2015.12.15;00:00:00;3.28972;3.27377;3.28862;3.27462;5833
2015.12.15;04:00:00;3.29472;3.28334;3.29252;3.28862;9317
2015.12.15;08:00:00;3.30187;3.278;3.28032;3.29242;22496
2015.12.15;12:00:00;3.28182;3.23872;3.23882;3.28032;28882
2015.12.15;16:00:00;3.24602;3.22742;3.23574;3.23892;30748
2015.12.15;20:00:00;3.23565;3.23558;3.2356;3.23558;11
