DATE;TIME;HIGH;LOW;CLOSE;OPEN;VOLUME
2015.04.27;12:00:00;1.08491;1.08185;1.08424;1.08342;26667
2015.04.27;16:00:00;1.09258;1.08357;1.09059;1.08424;33694
2015.04.27;20:00:00;1.09094;1.08757;1.08906;1.09058;14238
2015.04.28;00:00:00;1.08939;1.08658;1.0877;1.08905;9362
2015.04.28;04:00:00;1.08837;1.08703;1.08705;1.08771;8289
2015.04.28;08:00:00;1.09042;1.08591;1.09032;1.08706;27610
2015.04.28;12:00:00;1.0949;1.08985;1.09256;1.09031;33418
2015.04.28;16:00:00;1.09889;1.09179;1.09678;1.09257;35201
2015.04.28;20:00:00;1.09901;1.09629;1.09801;1.09679;14385
2015.04.29;00:00:00;1.09806;1.09664;1.09795;1.09801;7370
2015.04.29;04:00:00;1.09795;1.09588;1.09622;1.09794;8449
2015.04.29;08:00:00;1.10091;1.09605;1.10063;1.09623;25051
2015.04.29;12:00:00;1.10721;1.0985;1.10278;1.10064;35241
2015.04.29;16:00:00;1.11871;1.10147;1.11428;1.1028;50931
2015.04.29;20:00:00;1.1173;1.10751;1.11275;1.11429;29474
2015.04.30;00:00:00;1.11281;1.11096;1.11133;1.11276;8920
2015.04.30;04:00:00;1.11246;1.11015;1.11064;1.11133;10067
2015.04.30;08:00:00;1.12481;1.10705;1.12082;1.11063;38051
2015.04.30;12:00:00;1.12203;1.11376;1.11623;1.1208;40708
2015.04.30;16:00:00;1.12226;1.11153;1.12136;1.11624;45840
2015.04.30;20:00:00;1.12655;1.11851;1.1223;1.12134;22160
2015.05.01;00:00:00;1.12251;1.12053;1.12076;1.12234;7370
2015.05.01;04:00:00;1.12155;1.12024;1.12073;1.12077;6817
2015.05.01;08:00:00;1.12694;1.11995;1.12544;1.1207;23058
2015.05.01;12:00:00;1.1284;1.12303;1.12558;1.12545;27458
2015.05.01;16:00:00;1.12894;1.11737;1.11763;1.12559;39056
2015.05.01;20:00:00;1.12175;1.11762;1.11958;1.11766;13247
2015.05.04;00:00:00;1.12009;1.11758;1.11865;1.11908;6669
2015.05.04;04:00:00;1.1197;1.11834;1.11919;1.11864;7379
2015.05.04;08:00:00;1.12239;1.11351;1.11414;1.11918;23652
2015.05.04;12:00:00;1.11869;1.11219;1.11816;1.11412;26622
2015.05.04;16:00:00;1.11893;1.11365;1.11579;1.11816;29056
2015.05.04;20:00:00;1.11608;1.11307;1.1145;1.11578;11598
2015.05.05;00:00:00;1.11509;1.11416;1.11447;1.11443;5083
2015.05.05;04:00:00;1.11491;1.11235;1.11262;1.11448;7945
2015.05.05;08:00:00;1.11459;1.10655;1.10975;1.11262;27434
2015.05.05;12:00:00;1.11722;1.10814;1.11564;1.10973;32269
2015.05.05;16:00:00;1.12087;1.11173;1.12;1.11564;38632
2015.05.05;20:00:00;1.12223;1.11807;1.11846;1.12004;12429
2015.05.06;00:00:00;1.11884;1.11763;1.11797;1.11842;6398
2015.05.06;04:00:00;1.1241;1.11741;1.12342;1.11797;11847
2015.05.06;08:00:00;1.127;1.12196;1.12273;1.12341;33140
2015.05.06;12:00:00;1.12874;1.12015;1.12808;1.12269;37886
2015.05.06;16:00:00;1.1367;1.12688;1.13225;1.12812;43785
2015.05.06;20:00:00;1.13693;1.13223;1.13461;1.13224;16304
2015.05.07;00:00:00;1.13486;1.13265;1.13297;1.13464;9924
2015.05.07;04:00:00;1.13467;1.13244;1.13438;1.13297;10653
2015.05.07;08:00:00;1.13814;1.13342;1.1356;1.13437;32734
2015.05.07;12:00:00;1.1391;1.12613;1.12945;1.13559;44028
2015.05.07;16:00:00;1.13087;1.12365;1.12666;1.12947;37355
2015.05.07;20:00:00;1.12802;1.12527;1.12656;1.12666;15118
2015.05.08;00:00:00;1.12774;1.12274;1.12456;1.12652;11853
2015.05.08;04:00:00;1.12534;1.11972;1.1216;1.12456;17182
2015.05.08;08:00:00;1.12434;1.11811;1.12325;1.1216;33182
2015.05.08;12:00:00;1.12888;1.11783;1.12614;1.12326;35593
2015.05.08;16:00:00;1.12742;1.11833;1.12196;1.12616;39071
2015.05.08;20:00:00;1.12364;1.11964;1.12091;1.12196;12579
2015.05.11;00:00:00;1.12057;1.11647;1.1166;1.11966;7788
2015.05.11;04:00:00;1.11694;1.11324;1.11485;1.11659;12473
2015.05.11;08:00:00;1.11955;1.11343;1.11675;1.11485;26477
2015.05.11;12:00:00;1.11746;1.11343;1.11415;1.11674;27296
2015.05.11;16:00:00;1.11743;1.11302;1.11575;1.11417;31762
2015.05.11;20:00:00;1.11688;1.11454;1.11539;1.11574;11267
2015.05.12;00:00:00;1.11572;1.11337;1.11394;1.11544;6126
2015.05.12;04:00:00;1.11722;1.11356;1.1171;1.11394;8135
2015.05.12;08:00:00;1.12674;1.11663;1.12579;1.11711;30592
2015.05.12;12:00:00;1.12781;1.12258;1.12276;1.12578;31947
2015.05.12;16:00:00;1.12656;1.12217;1.12361;1.12278;29801
2015.05.12;20:00:00;1.12397;1.12048;1.12118;1.12362;12269
2015.05.13;00:00:00;1.12321;1.12064;1.12266;1.12122;6656
2015.05.13;04:00:00;1.12541;1.12121;1.12479;1.12267;11407
2015.05.13;08:00:00;1.12652;1.12188;1.12263;1.1248;25227
2015.05.13;12:00:00;1.13233;1.12018;1.13063;1.12263;34224
2015.05.13;16:00:00;1.1382;1.13032;1.13701;1.13066;35263
2015.05.13;20:00:00;1.13785;1.13391;1.13532;1.13703;12553
2015.05.14;00:00:00;1.13594;1.13399;1.13477;1.13529;8973
2015.05.14;04:00:00;1.13734;1.13454;1.13654;1.13478;11500
2015.05.14;08:00:00;1.14301;1.13594;1.14027;1.13653;30524
2015.05.14;12:00:00;1.1444;1.13946;1.14119;1.14027;31152
2015.05.14;16:00:00;1.14165;1.13427;1.13778;1.14116;34698
2015.05.14;20:00:00;1.14137;1.13661;1.14086;1.1378;13302
2015.05.15;00:00:00;1.14131;1.13951;1.14023;1.14086;6244
2015.05.15;04:00:00;1.14175;1.13922;1.14103;1.14022;8957
2015.05.15;08:00:00;1.14199;1.1351;1.13588;1.14104;31990
2015.05.15;12:00:00;1.13681;1.13231;1.13344;1.13588;28240
2015.05.15;16:00:00;1.145;1.13283;1.1432;1.13345;37339
2015.05.15;20:00:00;1.14662;1.14243;1.14455;1.1431;15132
2015.05.18;00:00:00;1.1449;1.14204;1.14321;1.14455;7095
2015.05.18;04:00:00;1.14382;1.14183;1.14333;1.14323;8515
2015.05.18;08:00:00;1.14461;1.13658;1.13857;1.14333;24429
2015.05.18;12:00:00;1.14234;1.13715;1.13886;1.1386;27241
2015.05.18;16:00:00;1.1398;1.13308;1.13499;1.13887;30000
2015.05.18;20:00:00;1.13535;1.12979;1.13141;1.13499;15160
2015.05.19;00:00:00;1.13256;1.13095;1.13125;1.13142;6676
2015.05.19;04:00:00;1.13136;1.12845;1.13029;1.13125;11402
2015.05.19;08:00:00;1.13202;1.11594;1.11946;1.13029;37655
2015.05.19;12:00:00;1.12159;1.11213;1.1132;1.11946;33138
2015.05.19;16:00:00;1.11662;1.1118;1.1146;1.11319;33823
2015.05.19;20:00:00;1.11588;1.11323;1.11488;1.1146;11585
2015.05.20;00:00:00;1.11513;1.11212;1.11326;1.11489;8775
2015.05.20;04:00:00;1.11514;1.11245;1.11308;1.11326;9229
2015.05.20;08:00:00;1.11456;1.10615;1.11078;1.11306;34308
2015.05.20;12:00:00;1.11445;1.10886;1.11408;1.11074;31468
2015.05.20;16:00:00;1.11415;1.10754;1.1097;1.11409;34448
2015.05.20;20:00:00;1.11422;1.10693;1.10928;1.10973;29002
2015.05.21;00:00:00;1.11221;1.10865;1.11164;1.10923;7753
2015.05.21;04:00:00;1.1129;1.11089;1.11234;1.11165;10328
2015.05.21;08:00:00;1.11723;1.10792;1.11536;1.11234;33999
2015.05.21;12:00:00;1.11805;1.11081;1.11125;1.11535;32918
2015.05.21;16:00:00;1.11409;1.11043;1.1132;1.11125;35250
2015.05.21;20:00:00;1.11378;1.11086;1.11108;1.11311;13557
2015.05.22;00:00:00;1.11196;1.11003;1.11175;1.11112;7498
2015.05.22;04:00:00;1.11515;1.11165;1.11396;1.11175;11133
2015.05.22;08:00:00;1.11755;1.11331;1.11687;1.11396;26292
2015.05.22;12:00:00;1.12076;1.10701;1.10786;1.11687;35051
2015.05.22;16:00:00;1.10787;1.10013;1.10351;1.10786;34545
2015.05.22;20:00:00;1.10419;1.10023;1.10103;1.1035;15428
2015.05.25;00:00:00;1.1009;1.09646;1.09779;1.10008;11011
2015.05.25;04:00:00;1.09938;1.09722;1.09839;1.0978;7404
2015.05.25;08:00:00;1.10073;1.09582;1.09721;1.09838;17549
2015.05.25;12:00:00;1.09908;1.09674;1.09849;1.09721;11520
2015.05.25;16:00:00;1.09865;1.09672;1.09839;1.0985;8619
2015.05.25;20:00:00;1.09841;1.09712;1.09771;1.09841;4660
2015.05.26;00:00:00;1.09808;1.09339;1.09429;1.09765;8229
2015.05.26;04:00:00;1.09545;1.09304;1.09353;1.09428;11145
2015.05.26;08:00:00;1.09393;1.08808;1.08907;1.09356;36161
2015.05.26;12:00:00;1.09396;1.08845;1.09044;1.08906;33889
2015.05.26;16:00:00;1.09278;1.08678;1.08903;1.09042;37168
2015.05.26;20:00:00;1.08957;1.08625;1.08716;1.08902;14187
2015.05.27;00:00:00;1.08886;1.08712;1.08781;1.08735;6391
2015.05.27;04:00:00;1.08914;1.08642;1.08882;1.08781;10937
2015.05.27;08:00:00;1.09284;1.08871;1.09189;1.08883;27791
2015.05.27;12:00:00;1.09239;1.08261;1.08309;1.09191;35467
2015.05.27;16:00:00;1.091;1.08183;1.08811;1.08309;40293
2015.05.27;20:00:00;1.09069;1.08754;1.09032;1.08814;14547
2015.05.28;00:00:00;1.09191;1.08892;1.09096;1.09031;7925
2015.05.28;04:00:00;1.092;1.08913;1.09172;1.09096;15985
2015.05.28;08:00:00;1.09504;1.09011;1.09399;1.09171;35340
2015.05.28;12:00:00;1.09458;1.08755;1.08985;1.09399;37210
2015.05.28;16:00:00;1.09391;1.08664;1.09294;1.08984;36299
2015.05.28;20:00:00;1.09579;1.09231;1.09478;1.09295;18871
2015.05.29;00:00:00;1.09738;1.09471;1.09538;1.09478;9393
2015.05.29;04:00:00;1.09658;1.09505;1.09534;1.09536;9399
2015.05.29;08:00:00;1.0973;1.0925;1.09575;1.09535;29035
2015.05.29;12:00:00;1.09968;1.09515;1.09666;1.09574;36300
2015.05.29;16:00:00;1.10055;1.09533;1.09725;1.09667;38803
2015.05.29;20:00:00;1.09938;1.09724;1.09926;1.09727;11587
2015.06.01;00:00:00;1.09884;1.09341;1.09419;1.09796;8586
2015.06.01;04:00:00;1.09644;1.09298;1.09588;1.09419;10970
2015.06.01;08:00:00;1.09668;1.08945;1.08967;1.09588;28423
2015.06.01;12:00:00;1.0959;1.08906;1.0944;1.08971;31882
2015.06.01;16:00:00;1.09782;1.08863;1.09179;1.09444;36583
2015.06.01;20:00:00;1.0942;1.09127;1.09258;1.09179;15309
2015.06.02;00:00:00;1.09362;1.09156;1.09298;1.0926;9128
2015.06.02;04:00:00;1.09374;1.09153;1.09351;1.09297;10349
2015.06.02;08:00:00;1.09922;1.09174;1.09811;1.09355;29536
2015.06.02;12:00:00;1.10677;1.09597;1.10645;1.09819;40214
2015.06.02;16:00:00;1.11936;1.10641;1.11742;1.10646;47816
2015.06.02;20:00:00;1.11877;1.11405;1.11496;1.11743;17747
2015.06.03;00:00:00;1.11572;1.11333;1.11418;1.115;8070
2015.06.03;04:00:00;1.11745;1.11406;1.11619;1.11421;12348
2015.06.03;08:00:00;1.11891;1.11219;1.11295;1.11619;33505
2015.06.03;12:00:00;1.11412;1.10786;1.11209;1.11292;35047
2015.06.03;16:00:00;1.12844;1.11197;1.1254;1.11209;45815
2015.06.03;20:00:00;1.12759;1.12421;1.12732;1.12542;14140
2015.06.04;00:00:00;1.12731;1.12529;1.12599;1.12731;8579
2015.06.04;04:00:00;1.12743;1.12524;1.1266;1.12599;11326
2015.06.04;08:00:00;1.13791;1.12297;1.1336;1.12659;36203
2015.06.04;12:00:00;1.1368;1.12852;1.12932;1.13358;35939
2015.06.04;16:00:00;1.13173;1.12388;1.12868;1.12931;35173
2015.06.04;20:00:00;1.12934;1.12228;1.12371;1.12867;17775
2015.06.05;00:00:00;1.12445;1.11788;1.1209;1.12369;14075
2015.06.05;04:00:00;1.12237;1.11931;1.12171;1.1209;11056
2015.06.05;08:00:00;1.12794;1.12103;1.12583;1.12172;33400
2015.06.05;12:00:00;1.12776;1.10742;1.10968;1.12582;37096
2015.06.05;16:00:00;1.11327;1.10486;1.11248;1.10966;46403
2015.06.05;20:00:00;1.11356;1.11097;1.11136;1.11246;14646
2015.06.08;00:00:00;1.11115;1.10834;1.10843;1.10957;7079
2015.06.08;04:00:00;1.11076;1.10841;1.11048;1.10844;8864
2015.06.08;08:00:00;1.11777;1.10862;1.11197;1.11049;33968
2015.06.08;12:00:00;1.12042;1.11139;1.11811;1.11198;28241
2015.06.08;16:00:00;1.12437;1.11795;1.12321;1.11812;31084
2015.06.08;20:00:00;1.13063;1.12296;1.12905;1.12321;22382
2015.06.09;00:00:00;1.12928;1.12722;1.12795;1.12905;8130
2015.06.09;04:00:00;1.13297;1.12791;1.13097;1.12796;14416
2015.06.09;08:00:00;1.13449;1.1255;1.12809;1.13096;36719
2015.06.09;12:00:00;1.12974;1.12133;1.12256;1.12809;37552
2015.06.09;16:00:00;1.1289;1.12201;1.12689;1.12258;38678
2015.06.09;20:00:00;1.12901;1.1263;1.12815;1.12688;12935
2015.06.10;00:00:00;1.13068;1.12708;1.12968;1.12819;9365
2015.06.10;04:00:00;1.13017;1.12752;1.12946;1.12969;17498
2015.06.10;08:00:00;1.13857;1.12754;1.13174;1.12946;43562
2015.06.10;12:00:00;1.1335;1.12591;1.1306;1.13176;38309
2015.06.10;16:00:00;1.13502;1.12724;1.1303;1.13059;42298
2015.06.10;20:00:00;1.13312;1.13008;1.13228;1.13029;15015
2015.06.11;00:00:00;1.13258;1.12995;1.13009;1.1323;7497
2015.06.11;04:00:00;1.13131;1.12828;1.13014;1.13008;11868
2015.06.11;08:00:00;1.1331;1.124;1.1266;1.13015;31278
2015.06.11;12:00:00;1.12834;1.11813;1.12527;1.12656;36415
2015.06.11;16:00:00;1.12552;1.12042;1.12394;1.12529;37227
2015.06.11;20:00:00;1.12769;1.12311;1.12566;1.12393;14516
2015.06.12;00:00:00;1.12583;1.1235;1.1252;1.12568;9032
2015.06.12;04:00:00;1.12663;1.12229;1.1231;1.12517;11204
2015.06.12;08:00:00;1.12474;1.11504;1.11663;1.12311;31211
2015.06.12;12:00:00;1.12428;1.11536;1.12234;1.11662;37389
2015.06.12;16:00:00;1.12957;1.12114;1.12728;1.12233;38406
2015.06.12;20:00:00;1.12885;1.12474;1.12633;1.12727;14018
2015.06.15;00:00:00;1.1231;1.12092;1.12223;1.121;9200
2015.06.15;04:00:00;1.12237;1.11942;1.12143;1.12223;10846
2015.06.15;08:00:00;1.12596;1.11885;1.1237;1.12143;31624
2015.06.15;12:00:00;1.12444;1.12034;1.12236;1.1237;30145
2015.06.15;16:00:00;1.12869;1.12088;1.12812;1.12235;29833
2015.06.15;20:00:00;1.12937;1.12476;1.12819;1.12813;14650
2015.06.16;00:00:00;1.12829;1.12664;1.1273;1.12828;6197
2015.06.16;04:00:00;1.12827;1.12616;1.12811;1.12729;11260
2015.06.16;08:00:00;1.13291;1.12534;1.12562;1.12812;31049
2015.06.16;12:00:00;1.12699;1.12041;1.12313;1.12557;30772
2015.06.16;16:00:00;1.12541;1.12135;1.12407;1.12313;24353
2015.06.16;20:00:00;1.12514;1.12335;1.12467;1.12406;8956
2015.06.17;00:00:00;1.12506;1.12378;1.12437;1.12467;5632
2015.06.17;04:00:00;1.1266;1.12436;1.1258;1.12436;8096
2015.06.17;08:00:00;1.12914;1.12409;1.12608;1.1258;26532
2015.06.17;12:00:00;1.12838;1.12462;1.12663;1.12606;28370
2015.06.17;16:00:00;1.12772;1.1224;1.12642;1.12663;25467
2015.06.17;20:00:00;1.13571;1.12045;1.13364;1.12641;37891
2015.06.18;00:00:00;1.13712;1.13296;1.13614;1.13356;11771
2015.06.18;04:00:00;1.13748;1.13496;1.13647;1.13614;11608
2015.06.18;08:00:00;1.1419;1.13377;1.13831;1.13648;33080
2015.06.18;12:00:00;1.14274;1.13807;1.13923;1.13831;34155
2015.06.18;16:00:00;1.14354;1.1339;1.13727;1.13924;34169
2015.06.18;20:00:00;1.13865;1.13545;1.13577;1.13726;16402
2015.06.19;00:00:00;1.13959;1.13559;1.13826;1.13571;7634
2015.06.19;04:00:00;1.13867;1.13523;1.13523;1.13826;8611
2015.06.19;08:00:00;1.13557;1.12985;1.13128;1.13523;29209
2015.06.19;12:00:00;1.13235;1.12912;1.13145;1.13127;28449
2015.06.19;16:00:00;1.1352;1.13075;1.13419;1.13144;23638
2015.06.19;20:00:00;1.13652;1.13397;1.13466;1.13418;12192
2015.06.22;00:00:00;1.1377;1.13568;1.13694;1.13757;6523
2015.06.22;04:00:00;1.1399;1.13678;1.13964;1.13694;8588
2015.06.22;08:00:00;1.14029;1.13109;1.13411;1.13963;25785
2015.06.22;12:00:00;1.13665;1.13337;1.13594;1.13411;28044
2015.06.22;16:00:00;1.14097;1.13433;1.13625;1.13593;34881
2015.06.22;20:00:00;1.1365;1.13203;1.13395;1.13625;13134
2015.06.23;00:00:00;1.13467;1.13304;1.13359;1.13399;6399
2015.06.23;04:00:00;1.13369;1.1254;1.12714;1.1336;17137
2015.06.23;08:00:00;1.12824;1.12304;1.12377;1.12712;31721
2015.06.23;12:00:00;1.12492;1.11591;1.11676;1.12375;31490
2015.06.23;16:00:00;1.11974;1.11343;1.11721;1.11676;31382
2015.06.23;20:00:00;1.11796;1.11519;1.11667;1.11722;14255
2015.06.24;00:00:00;1.11787;1.11539;1.11628;1.11665;7345
2015.06.24;04:00:00;1.11882;1.11589;1.1173;1.11629;10689
2015.06.24;08:00:00;1.12339;1.117;1.12182;1.11729;30591
2015.06.24;12:00:00;1.12273;1.11785;1.11925;1.12183;33157
2015.06.24;16:00:00;1.11956;1.1168;1.11844;1.11926;31348
2015.06.24;20:00:00;1.12179;1.11802;1.12031;1.11842;15568
2015.06.25;00:00:00;1.12091;1.11964;1.12025;1.12033;5908
2015.06.25;04:00:00;1.12194;1.11952;1.12068;1.12027;9440
2015.06.25;08:00:00;1.12271;1.11816;1.11866;1.12067;25505
2015.06.25;12:00:00;1.12236;1.11529;1.12036;1.11864;33858
2015.06.25;16:00:00;1.12164;1.11783;1.12051;1.12034;23049
2015.06.25;20:00:00;1.12131;1.11947;1.12026;1.12052;9562
2015.06.26;00:00:00;1.12074;1.1181;1.11849;1.12026;5544
2015.06.26;04:00:00;1.11931;1.11783;1.11871;1.11849;11468
2015.06.26;08:00:00;1.1219;1.11818;1.12038;1.11872;20128
2015.06.26;12:00:00;1.12111;1.1176;1.1177;1.12039;23825
2015.06.26;16:00:00;1.11967;1.11292;1.11548;1.1177;30067
2015.06.26;20:00:00;1.11758;1.11452;1.11704;1.11548;11634
2015.06.29;00:00:00;1.10317;1.09532;1.10163;1.1002;27239
2015.06.29;04:00:00;1.10249;1.09984;1.10097;1.10165;15398
2015.06.29;08:00:00;1.11241;1.09844;1.11173;1.10098;46362
2015.06.29;12:00:00;1.11407;1.10827;1.11252;1.11172;34129
2015.06.29;16:00:00;1.12197;1.11074;1.12126;1.11251;36442
2015.06.29;20:00:00;1.12776;1.12024;1.12347;1.12124;22079
2015.06.30;00:00:00;1.12399;1.11962;1.11988;1.12348;11093
2015.06.30;04:00:00;1.12024;1.11813;1.11935;1.11989;13329
2015.06.30;08:00:00;1.1201;1.1135;1.11403;1.11935;31624
2015.06.30;12:00:00;1.12179;1.11332;1.12125;1.11414;37171
2015.06.30;16:00:00;1.12438;1.11117;1.11518;1.12127;39919
2015.06.30;20:00:00;1.11524;1.11316;1.11449;1.11516;15449
2015.07.01;00:00:00;1.11482;1.11254;1.11348;1.11449;9105
2015.07.01;04:00:00;1.11421;1.11304;1.11381;1.11349;7862
2015.07.01;08:00:00;1.11514;1.10945;1.1147;1.11382;22994
2015.07.01;12:00:00;1.11698;1.10742;1.10956;1.11474;32180
2015.07.01;16:00:00;1.11096;1.1058;1.10749;1.10955;28628
2015.07.01;20:00:00;1.10755;1.1042;1.10521;1.10748;14088
2015.07.02;00:00:00;1.10568;1.10315;1.10449;1.10527;7621
2015.07.02;04:00:00;1.10766;1.10427;1.10727;1.10449;9954
2015.07.02;08:00:00;1.10866;1.10473;1.10756;1.10728;25290
2015.07.02;12:00:00;1.11206;1.10491;1.10936;1.10752;30280
2015.07.02;16:00:00;1.11115;1.1078;1.10947;1.10936;28083
2015.07.02;20:00:00;1.10978;1.10754;1.10826;1.10947;8915
2015.07.03;00:00:00;1.10979;1.10802;1.1086;1.10828;5539
2015.07.03;04:00:00;1.10969;1.10836;1.10955;1.10861;7943
2015.07.03;08:00:00;1.11165;1.10887;1.11037;1.10954;21691
2015.07.03;12:00:00;1.1117;1.10781;1.10909;1.11085;22910
2015.07.03;16:00:00;1.11072;1.10643;1.10711;1.1091;19255
2015.07.03;20:00:00;1.11147;1.10713;1.11081;1.10713;6647
2015.07.06;00:00:00;1.10383;1.09687;1.10194;1.0987;20113
2015.07.06;04:00:00;1.10558;1.10194;1.1029;1.10195;13718
2015.07.06;08:00:00;1.10948;1.10104;1.10613;1.10286;32210
2015.07.06;12:00:00;1.1065;1.1001;1.10318;1.10615;28620
2015.07.06;16:00:00;1.10904;1.10216;1.10736;1.10318;28492
2015.07.06;20:00:00;1.10857;1.10395;1.10549;1.10736;13217
2015.07.07;00:00:00;1.1058;1.1037;1.10467;1.10552;5813
2015.07.07;04:00:00;1.10491;1.10249;1.10317;1.10468;11350
2015.07.07;08:00:00;1.10438;1.09603;1.0966;1.10316;29646
2015.07.07;12:00:00;1.0996;1.09156;1.09277;1.09661;36682
2015.07.07;16:00:00;1.09751;1.09198;1.09386;1.09277;38152
2015.07.07;20:00:00;1.10513;1.09382;1.101;1.0939;22439
2015.07.08;00:00:00;1.10133;1.09869;1.09932;1.10106;9739
2015.07.08;04:00:00;1.10167;1.09734;1.10081;1.09932;18010
2015.07.08;08:00:00;1.10584;1.09986;1.10424;1.1008;32639
2015.07.08;12:00:00;1.10595;1.10053;1.1035;1.10427;30288
2015.07.08;16:00:00;1.1092;1.10245;1.10485;1.1035;40235
2015.07.08;20:00:00;1.10786;1.10399;1.10753;1.10485;19120
2015.07.09;00:00:00;1.10775;1.10621;1.10641;1.10754;10218
2015.07.09;04:00:00;1.10806;1.10624;1.10752;1.10641;13716
2015.07.09;08:00:00;1.11243;1.10267;1.10434;1.10752;32096
2015.07.09;12:00:00;1.10662;1.10225;1.10347;1.10437;29389
2015.07.09;16:00:00;1.10686;1.10019;1.10026;1.10346;29077
2015.07.09;20:00:00;1.10434;1.09907;1.10358;1.10025;17106
2015.07.10;00:00:00;1.10823;1.10293;1.10722;1.10354;13911
2015.07.10;04:00:00;1.11032;1.10706;1.10961;1.10723;14138
2015.07.10;08:00:00;1.11332;1.10781;1.11129;1.10962;33559
2015.07.10;12:00:00;1.12153;1.11082;1.11966;1.11129;35414
2015.07.10;16:00:00;1.12073;1.1125;1.11276;1.11963;32238
2015.07.10;20:00:00;1.11591;1.11191;1.11525;1.11277;15271
2015.07.13;00:00:00;1.11437;1.10915;1.11337;1.10918;9210
2015.07.13;04:00:00;1.11515;1.11094;1.11322;1.11336;13246
2015.07.13;08:00:00;1.11964;1.10532;1.10615;1.11322;39610
2015.07.13;12:00:00;1.10838;1.10406;1.1059;1.10613;27494
2015.07.13;16:00:00;1.1059;1.10056;1.10197;1.10589;28982
2015.07.13;20:00:00;1.10227;1.09948;1.10044;1.10196;14038
2015.07.14;00:00:00;1.10084;1.09728;1.09858;1.09999;10550
2015.07.14;04:00:00;1.10119;1.09845;1.10018;1.09858;10390
2015.07.14;08:00:00;1.10379;1.09647;1.10263;1.10018;32202
2015.07.14;12:00:00;1.10838;1.10134;1.10538;1.10263;32412
2015.07.14;16:00:00;1.10645;1.09926;1.10095;1.10541;25763
2015.07.14;20:00:00;1.10152;1.10007;1.10076;1.10095;9117
2015.07.15;00:00:00;1.10162;1.09903;1.09954;1.10077;7455
2015.07.15;04:00:00;1.1006;1.09939;1.10005;1.09955;10148
2015.07.15;08:00:00;1.10349;1.09861;1.10268;1.10005;26996
2015.07.15;12:00:00;1.10319;1.09707;1.09725;1.10267;25615
2015.07.15;16:00:00;1.09733;1.0934;1.09464;1.09725;36051
2015.07.15;20:00:00;1.09546;1.09291;1.09453;1.09463;12702
2015.07.16;00:00:00;1.09618;1.09301;1.09341;1.09455;10293
2015.07.16;04:00:00;1.09374;1.09118;1.09294;1.09341;11416
2015.07.16;08:00:00;1.09477;1.08955;1.0903;1.09296;27344
2015.07.16;12:00:00;1.09142;1.08548;1.08559;1.09034;30369
2015.07.16;16:00:00;1.09255;1.0855;1.08749;1.0856;28038
2015.07.16;20:00:00;1.08921;1.08723;1.08738;1.08749;8902
2015.07.17;00:00:00;1.08869;1.08721;1.08781;1.08738;6904
2015.07.17;04:00:00;1.09027;1.08761;1.08942;1.08781;7967
2015.07.17;08:00:00;1.09062;1.08776;1.08892;1.08941;23517
2015.07.17;12:00:00;1.08965;1.08602;1.08648;1.08893;24418
2015.07.17;16:00:00;1.08707;1.08402;1.08552;1.08648;26536
2015.07.17;20:00:00;1.08565;1.08275;1.08285;1.08551;8843
2015.07.20;00:00:00;1.08431;1.08271;1.08325;1.08275;4534
2015.07.20;04:00:00;1.08351;1.08197;1.08286;1.08326;7694
2015.07.20;08:00:00;1.08639;1.08234;1.08489;1.08286;20774
2015.07.20;12:00:00;1.0858;1.08246;1.08456;1.08489;25941
2015.07.20;16:00:00;1.08694;1.08303;1.08403;1.08454;24536
2015.07.20;20:00:00;1.08454;1.08078;1.08241;1.08403;11267
2015.07.21;00:00:00;1.08339;1.08195;1.08263;1.08242;5814
2015.07.21;04:00:00;1.08337;1.08133;1.08144;1.08263;9486
2015.07.21;08:00:00;1.08624;1.08108;1.08541;1.08143;23124
2015.07.21;12:00:00;1.0878;1.08417;1.0857;1.0854;25805
2015.07.21;16:00:00;1.09608;1.08566;1.09588;1.0857;37038
2015.07.21;20:00:00;1.0968;1.09327;1.09339;1.09587;15196
2015.07.22;00:00:00;1.09529;1.09317;1.09467;1.09333;6801
2015.07.22;04:00:00;1.09595;1.09232;1.09429;1.09467;12442
2015.07.22;08:00:00;1.0966;1.0924;1.09372;1.09428;25104
2015.07.22;12:00:00;1.09496;1.08916;1.09032;1.09372;27151
2015.07.22;16:00:00;1.09157;1.08689;1.09023;1.09031;31102
2015.07.22;20:00:00;1.09293;1.08943;1.09278;1.09024;10700
2015.07.23;00:00:00;1.0934;1.0921;1.09325;1.09279;6282
2015.07.23;04:00:00;1.0955;1.0931;1.09429;1.09325;10477
2015.07.23;08:00:00;1.10045;1.09227;1.09909;1.09428;26809
2015.07.23;12:00:00;1.10172;1.09569;1.0964;1.09907;26925
2015.07.23;16:00:00;1.09987;1.09509;1.09919;1.09641;30570
2015.07.23;20:00:00;1.10153;1.09808;1.09846;1.0992;13466
2015.07.24;00:00:00;1.09928;1.09811;1.09883;1.09845;5689
2015.07.24;04:00:00;1.09911;1.09646;1.09696;1.09884;9663
2015.07.24;08:00:00;1.09951;1.09303;1.09387;1.09696;21033
2015.07.24;12:00:00;1.09588;1.09246;1.09412;1.09387;20385
2015.07.24;16:00:00;1.09916;1.09377;1.09765;1.09412;29389
2015.07.24;20:00:00;1.09842;1.0972;1.09758;1.09766;11128
2015.07.27;00:00:00;1.099;1.09682;1.09878;1.09806;5493
2015.07.27;04:00:00;1.10138;1.09825;1.10034;1.0988;11036
2015.07.27;08:00:00;1.11126;1.1;1.10773;1.10035;30456
2015.07.27;12:00:00;1.10858;1.10494;1.10697;1.10773;26787
2015.07.27;16:00:00;1.11287;1.10635;1.11118;1.10699;32173
2015.07.27;20:00:00;1.11167;1.10864;1.10871;1.11115;9277
2015.07.28;00:00:00;1.10974;1.10837;1.10969;1.10878;4979
2015.07.28;04:00:00;1.1099;1.10707;1.10787;1.1097;10171
2015.07.28;08:00:00;1.1084;1.10514;1.10638;1.10787;24844
2015.07.28;12:00:00;1.10725;1.10214;1.10332;1.10635;24618
2015.07.28;16:00:00;1.10635;1.1028;1.10467;1.10332;25198
2015.07.28;20:00:00;1.10605;1.10413;1.10592;1.10466;9918
2015.07.29;00:00:00;1.10745;1.10573;1.1073;1.10593;6955
2015.07.29;04:00:00;1.10832;1.10548;1.10549;1.1073;9426
2015.07.29;08:00:00;1.10673;1.10291;1.10619;1.10549;21149
2015.07.29;12:00:00;1.10716;1.10256;1.10478;1.10619;21953
2015.07.29;16:00:00;1.1057;1.101;1.10342;1.10477;23830
2015.07.29;20:00:00;1.10789;1.09663;1.09826;1.10343;25830
2015.07.30;00:00:00;1.09886;1.09584;1.09668;1.0983;8509
2015.07.30;04:00:00;1.09784;1.09611;1.09744;1.09668;9003
2015.07.30;08:00:00;1.09778;1.09412;1.09676;1.09743;21720
2015.07.30;12:00:00;1.0984;1.09229;1.09518;1.09676;27135
2015.07.30;16:00:00;1.09554;1.08924;1.0912;1.09518;31745
2015.07.30;20:00:00;1.09346;1.08998;1.09312;1.09122;11587
2015.07.31;00:00:00;1.09469;1.09273;1.09368;1.09313;7367
2015.07.31;04:00:00;1.09479;1.09336;1.09449;1.09367;8891
2015.07.31;08:00:00;1.09668;1.09204;1.09357;1.09448;23296
2015.07.31;12:00:00;1.10834;1.09354;1.10544;1.09354;31610
2015.07.31;16:00:00;1.11134;1.09983;1.10019;1.10545;40283
2015.07.31;20:00:00;1.10117;1.09638;1.09828;1.1002;16953
2015.08.03;00:00:00;1.09825;1.09646;1.09766;1.09704;7112
2015.08.03;04:00:00;1.0988;1.09699;1.0979;1.09766;8998
2015.08.03;08:00:00;1.09952;1.09562;1.09696;1.0979;20163
2015.08.03;12:00:00;1.09797;1.09405;1.09595;1.09696;24843
2015.08.03;16:00:00;1.09879;1.09448;1.09598;1.09594;27483
2015.08.03;20:00:00;1.09619;1.0943;1.09494;1.09597;12821
2015.08.04;00:00:00;1.0956;1.09316;1.09319;1.09489;7629
2015.08.04;04:00:00;1.09492;1.09317;1.09421;1.09319;9873
2015.08.04;08:00:00;1.09778;1.09404;1.09698;1.0942;22618
2015.08.04;12:00:00;1.09868;1.09579;1.09689;1.09697;20969
2015.08.04;16:00:00;1.09808;1.09455;1.09615;1.09681;26266
2015.08.04;20:00:00;1.09626;1.08783;1.08802;1.09614;22395
2015.08.05;00:00:00;1.08931;1.08709;1.08737;1.08801;8867
2015.08.05;04:00:00;1.08741;1.08474;1.08666;1.08739;11067
2015.08.05;08:00:00;1.08763;1.0851;1.08574;1.08665;23047
2015.08.05;12:00:00;1.09288;1.08474;1.08976;1.08572;26866
2015.08.05;16:00:00;1.09129;1.08491;1.08722;1.08975;31829
2015.08.05;20:00:00;1.09098;1.08706;1.09049;1.08721;12616
2015.08.06;00:00:00;1.09332;1.08972;1.09116;1.09049;7220
2015.08.06;04:00:00;1.09155;1.09013;1.09125;1.09119;9956
2015.08.06;08:00:00;1.09429;1.08852;1.08857;1.09124;19400
2015.08.06;12:00:00;1.092;1.08729;1.08826;1.08858;26329
2015.08.06;16:00:00;1.09349;1.08751;1.09245;1.08825;23936
2015.08.06;20:00:00;1.09342;1.09127;1.09243;1.09246;10215
2015.08.07;00:00:00;1.09298;1.09191;1.09267;1.0924;5428
2015.08.07;04:00:00;1.09295;1.09096;1.09188;1.09268;8415
2015.08.07;08:00:00;1.09486;1.09062;1.09227;1.09189;17672
2015.08.07;12:00:00;1.09733;1.08577;1.08586;1.09229;26500
2015.08.07;16:00:00;1.09775;1.08545;1.09581;1.08582;38936
2015.08.07;20:00:00;1.09736;1.09548;1.09624;1.09579;11226
2015.08.10;00:00:00;1.09671;1.09504;1.09523;1.09627;4586
2015.08.10;04:00:00;1.09733;1.09493;1.09725;1.09522;6328
2015.08.10;08:00:00;1.09804;1.09561;1.09635;1.09725;17848
2015.08.10;12:00:00;1.09703;1.09246;1.09493;1.09634;23096
2015.08.10;16:00:00;1.10348;1.09378;1.10236;1.09494;31748
2015.08.10;20:00:00;1.10407;1.10116;1.10177;1.10235;14154
2015.08.11;00:00:00;1.10315;1.1013;1.10301;1.10185;6769
2015.08.11;04:00:00;1.103;1.09685;1.09763;1.103;19331
2015.08.11;08:00:00;1.10484;1.09598;1.10361;1.09763;28640
2015.08.11;12:00:00;1.1072;1.10182;1.10718;1.10364;29854
2015.08.11;16:00:00;1.10875;1.10098;1.10182;1.10717;35063
2015.08.11;20:00:00;1.10437;1.10172;1.10409;1.10183;12832
2015.08.12;00:00:00;1.10475;1.10364;1.10397;1.1041;6369
2015.08.12;04:00:00;1.10743;1.10236;1.10725;1.10397;16526
2015.08.12;08:00:00;1.11567;1.10687;1.11298;1.10725;31595
2015.08.12;12:00:00;1.11778;1.11228;1.11457;1.11297;28145
2015.08.12;16:00:00;1.12132;1.1142;1.11745;1.11457;37947
2015.08.12;20:00:00;1.11866;1.11563;1.11565;1.11745;15971
2015.08.13;00:00:00;1.1162;1.11502;1.1155;1.11566;5854
2015.08.13;04:00:00;1.11882;1.11309;1.11362;1.11549;12965
2015.08.13;08:00:00;1.1152;1.11063;1.11179;1.11361;22232
2015.08.13;12:00:00;1.11226;1.10792;1.10979;1.11178;24685
2015.08.13;16:00:00;1.11493;1.10904;1.11389;1.10979;28242
2015.08.13;20:00:00;1.11649;1.11275;1.1149;1.11384;13137
2015.08.14;00:00:00;1.11605;1.11479;1.11592;1.11485;5935
2015.08.14;04:00:00;1.11593;1.11367;1.11556;1.11592;8125
2015.08.14;08:00:00;1.11706;1.11233;1.11386;1.11557;21888
2015.08.14;12:00:00;1.1188;1.11322;1.11524;1.11387;24541
2015.08.14;16:00:00;1.11574;1.10971;1.11382;1.11524;29927
2015.08.14;20:00:00;1.11383;1.1101;1.11104;1.11383;10515
2015.08.17;00:00:00;1.11199;1.10905;1.10944;1.11156;6102
2015.08.17;04:00:00;1.11008;1.10811;1.10889;1.10945;7849
2015.08.17;08:00:00;1.11114;1.10618;1.11033;1.10892;22333
2015.08.17;12:00:00;1.11241;1.10806;1.11082;1.11034;23289
2015.08.17;16:00:00;1.112;1.10579;1.10781;1.11082;24909
2015.08.17;20:00:00;1.1085;1.10726;1.10767;1.1078;9417
2015.08.18;00:00:00;1.10788;1.1072;1.10729;1.10767;4527
2015.08.18;04:00:00;1.10812;1.10507;1.10546;1.10729;8708
2015.08.18;08:00:00;1.10931;1.10524;1.10748;1.10546;20580
2015.08.18;12:00:00;1.10792;1.10256;1.10304;1.10748;21418
2015.08.18;16:00:00;1.1046;1.10163;1.10302;1.10307;23518
2015.08.18;20:00:00;1.1036;1.10168;1.10209;1.10303;8877
2015.08.19;00:00:00;1.10381;1.10203;1.10369;1.10241;5263
2015.08.19;04:00:00;1.10518;1.10352;1.10478;1.10369;8448
2015.08.19;08:00:00;1.10723;1.10473;1.10525;1.10479;19137
2015.08.19;12:00:00;1.1074;1.10167;1.10361;1.10525;23363
2015.08.19;16:00:00;1.107;1.10217;1.10568;1.10362;27599
2015.08.19;20:00:00;1.11336;1.10348;1.11187;1.10572;27767
2015.08.20;00:00:00;1.11479;1.1114;1.11399;1.11187;8293
2015.08.20;04:00:00;1.11434;1.11299;1.11345;1.11398;8143
2015.08.20;08:00:00;1.1144;1.11062;1.11417;1.11346;22938
2015.08.20;12:00:00;1.11841;1.11327;1.11546;1.11424;26826
2015.08.20;16:00:00;1.12199;1.11511;1.11931;1.11546;31486
2015.08.20;20:00:00;1.1244;1.11824;1.12411;1.11934;17265
2015.08.21;00:00:00;1.1242;1.12285;1.12378;1.12405;6649
2015.08.21;04:00:00;1.12905;1.12367;1.12865;1.12378;16676
2015.08.21;08:00:00;1.12943;1.12397;1.12572;1.12865;23343
2015.08.21;12:00:00;1.13065;1.12434;1.12861;1.12571;27577
2015.08.21;16:00:00;1.13759;1.12793;1.13605;1.1286;42766
2015.08.21;20:00:00;1.13878;1.13476;1.13846;1.13601;24208
2015.08.24;00:00:00;1.13945;1.13686;1.13845;1.13739;13653
2015.08.24;04:00:00;1.14979;1.13845;1.14545;1.13845;29490
2015.08.24;08:00:00;1.14998;1.14193;1.14707;1.14545;35248
2015.08.24;12:00:00;1.15707;1.14561;1.15476;1.14706;42497
2015.08.24;16:00:00;1.17132;1.15257;1.15283;1.15474;71538
2015.08.24;20:00:00;1.16209;1.15175;1.16177;1.15282;41987
2015.08.25;00:00:00;1.16211;1.15478;1.15725;1.16175;17463
2015.08.25;04:00:00;1.15792;1.15246;1.15502;1.15725;22272
2015.08.25;08:00:00;1.15774;1.15122;1.15549;1.15503;42589
2015.08.25;12:00:00;1.15574;1.14551;1.14732;1.15548;44072
2015.08.25;16:00:00;1.14864;1.13954;1.14224;1.14727;45233
2015.08.25;20:00:00;1.15365;1.14133;1.15157;1.14224;30075
2015.08.26;00:00:00;1.15607;1.15054;1.15227;1.15159;18984
2015.08.26;04:00:00;1.15401;1.14913;1.14926;1.15226;20018
2015.08.26;08:00:00;1.15187;1.14644;1.14726;1.14926;35670
2015.08.26;12:00:00;1.14795;1.13512;1.13784;1.14725;38335
2015.08.26;16:00:00;1.14367;1.13636;1.13842;1.13784;48348
2015.08.26;20:00:00;1.13898;1.12907;1.13126;1.13841;28022
2015.08.27;00:00:00;1.13414;1.13092;1.13328;1.13133;12221
2015.08.27;04:00:00;1.13558;1.13211;1.13507;1.13327;10751
2015.08.27;08:00:00;1.13637;1.12762;1.12819;1.13507;29300
2015.08.27;12:00:00;1.13071;1.12355;1.12427;1.12824;28475
2015.08.27;16:00:00;1.1266;1.12022;1.12352;1.12428;37130
2015.08.27;20:00:00;1.12783;1.12305;1.12448;1.12351;24548
2015.08.28;00:00:00;1.12506;1.12313;1.1235;1.12441;6899
2015.08.28;04:00:00;1.12678;1.12344;1.12533;1.12346;9532
2015.08.28;08:00:00;1.1309;1.12512;1.12876;1.12535;23435
2015.08.28;12:00:00;1.13002;1.12422;1.12438;1.12875;25549
2015.08.28;16:00:00;1.12545;1.11552;1.11836;1.12436;34371
2015.08.28;20:00:00;1.1219;1.1177;1.118;1.11837;18511
2015.08.31;00:00:00;1.12269;1.11688;1.12225;1.11708;10940
2015.08.31;04:00:00;1.12609;1.12143;1.12507;1.12224;10754
2015.08.31;08:00:00;1.12618;1.11998;1.12006;1.12509;15552
2015.08.31;12:00:00;1.12344;1.1196;1.12252;1.12048;16511
2015.08.31;16:00:00;1.1243;1.11797;1.12035;1.12257;25704
2015.08.31;20:00:00;1.12392;1.12029;1.121;1.12035;13286
2015.09.01;00:00:00;1.12475;1.12075;1.12423;1.12096;5441
2015.09.01;04:00:00;1.12765;1.12361;1.12687;1.12424;10793
2015.09.01;08:00:00;1.13314;1.12619;1.12745;1.12688;27846
2015.09.01;12:00:00;1.12837;1.12327;1.12602;1.12748;30083
2015.09.01;16:00:00;1.12807;1.12337;1.12699;1.126;39966
2015.09.01;20:00:00;1.13186;1.12667;1.1314;1.12699;26464
2015.09.02;00:00:00;1.13188;1.12641;1.12661;1.1314;12844
2015.09.02;04:00:00;1.12905;1.12599;1.1278;1.1266;14383
2015.09.02;08:00:00;1.12908;1.12415;1.12797;1.1278;25698
2015.09.02;12:00:00;1.12935;1.12336;1.12393;1.12798;28132
2015.09.02;16:00:00;1.12492;1.12216;1.12342;1.1239;31726
2015.09.02;20:00:00;1.12472;1.12157;1.12264;1.12344;14709
2015.09.03;00:00:00;1.12265;1.12045;1.12124;1.12265;7632
2015.09.03;04:00:00;1.12236;1.12117;1.12178;1.12125;8907
2015.09.03;08:00:00;1.12426;1.12132;1.12395;1.1218;18142
2015.09.03;12:00:00;1.12406;1.11093;1.11185;1.12395;26959
2015.09.03;16:00:00;1.11508;1.10866;1.11161;1.11183;36993
2015.09.03;20:00:00;1.1139;1.11122;1.11217;1.11161;20280
2015.09.04;00:00:00;1.11339;1.11151;1.11273;1.11218;7948
2015.09.04;04:00:00;1.11386;1.11196;1.11301;1.11275;13043
2015.09.04;08:00:00;1.11607;1.11218;1.11398;1.11302;23577
2015.09.04;12:00:00;1.11874;1.10906;1.11275;1.11398;26885
2015.09.04;16:00:00;1.11471;1.10934;1.11429;1.11284;35609
2015.09.04;20:00:00;1.11754;1.11315;1.11498;1.11429;17250
2015.09.07;00:00:00;1.11736;1.11415;1.11654;1.11637;10576
2015.09.07;04:00:00;1.11686;1.11405;1.11418;1.11654;11978
2015.09.07;08:00:00;1.11638;1.11207;1.11616;1.11417;21357
2015.09.07;12:00:00;1.11769;1.11382;1.11471;1.11615;21481
2015.09.07;16:00:00;1.11722;1.11463;1.1168;1.1147;12550
2015.09.07;20:00:00;1.11715;1.1163;1.11686;1.1168;3677
2015.09.08;00:00:00;1.1173;1.11526;1.11647;1.1169;6456
2015.09.08;04:00:00;1.12226;1.11598;1.12103;1.11648;16006
2015.09.08;08:00:00;1.12287;1.117;1.11825;1.12102;25515
2015.09.08;12:00:00;1.11868;1.11517;1.11727;1.11824;21474
2015.09.08;16:00:00;1.11967;1.11685;1.11832;1.11728;23460
2015.09.08;20:00:00;1.12131;1.11658;1.12016;1.11833;12029
2015.09.09;00:00:00;1.12155;1.11869;1.11926;1.12017;7845
2015.09.09;04:00:00;1.12064;1.11609;1.11681;1.11926;10917
2015.09.09;08:00:00;1.12068;1.11461;1.11932;1.1168;24072
2015.09.09;12:00:00;1.11976;1.11309;1.11317;1.11932;22147
2015.09.09;16:00:00;1.11801;1.11315;1.11591;1.11318;26409
2015.09.09;20:00:00;1.12086;1.11516;1.1206;1.11591;19623
2015.09.10;00:00:00;1.1244;1.12033;1.12304;1.12063;12090
2015.09.10;04:00:00;1.12373;1.11938;1.12129;1.12304;16268
2015.09.10;08:00:00;1.1234;1.11814;1.11962;1.12127;27883
2015.09.10;12:00:00;1.12177;1.11709;1.12105;1.11962;25941
2015.09.10;16:00:00;1.12819;1.11977;1.12626;1.12104;32125
2015.09.10;20:00:00;1.12946;1.12625;1.12787;1.12625;15982
2015.09.11;00:00:00;1.13014;1.12713;1.12774;1.12788;11211
2015.09.11;04:00:00;1.12869;1.1275;1.12866;1.12774;7874
2015.09.11;08:00:00;1.13091;1.12743;1.129;1.12866;24349
2015.09.11;12:00:00;1.12926;1.12534;1.12778;1.129;23404
2015.09.11;16:00:00;1.13476;1.12735;1.13437;1.12778;30905
2015.09.11;20:00:00;1.13487;1.13268;1.13333;1.13442;12768
2015.09.14;00:00:00;1.13585;1.13256;1.13473;1.133;7782
2015.09.14;04:00:00;1.13526;1.13397;1.13427;1.13476;7877
2015.09.14;08:00:00;1.13724;1.13289;1.13368;1.13427;21366
2015.09.14;12:00:00;1.13373;1.12976;1.1301;1.13366;19628
2015.09.14;16:00:00;1.13209;1.12827;1.13184;1.13009;22881
2015.09.14;20:00:00;1.13238;1.13035;1.13156;1.13183;9147
2015.09.15;00:00:00;1.13191;1.13004;1.13046;1.13157;7734
2015.09.15;04:00:00;1.13278;1.13046;1.13165;1.13046;9465
2015.09.15;08:00:00;1.13233;1.12834;1.13031;1.13166;21930
2015.09.15;12:00:00;1.13281;1.12931;1.13034;1.1303;21241
2015.09.15;16:00:00;1.13138;1.12576;1.12822;1.13031;25635
2015.09.15;20:00:00;1.12859;1.12612;1.12686;1.1282;11255
2015.09.16;00:00:00;1.12797;1.12624;1.12777;1.12688;5222
2015.09.16;04:00:00;1.12978;1.12778;1.12941;1.12778;8438
2015.09.16;08:00:00;1.1294;1.12448;1.12524;1.1294;19843
2015.09.16;12:00:00;1.12722;1.12133;1.12671;1.12523;23201
2015.09.16;16:00:00;1.13198;1.12665;1.13083;1.1267;24829
2015.09.16;20:00:00;1.13137;1.1274;1.12886;1.13084;10430
2015.09.17;00:00:00;1.1302;1.12854;1.12931;1.12885;5712
2015.09.17;04:00:00;1.13172;1.12921;1.12954;1.12932;9807
2015.09.17;08:00:00;1.13371;1.12838;1.13292;1.12955;19677
2015.09.17;12:00:00;1.13345;1.13096;1.13273;1.13291;15510
2015.09.17;16:00:00;1.1328;1.12936;1.13033;1.13272;19374
2015.09.17;20:00:00;1.14405;1.13022;1.14332;1.13034;43726
2015.09.18;00:00:00;1.14337;1.13895;1.14027;1.14334;12039
2015.09.18;04:00:00;1.14107;1.13907;1.14039;1.14028;11038
2015.09.18;08:00:00;1.14521;1.13944;1.14481;1.14038;24888
2015.09.18;12:00:00;1.14596;1.14093;1.14218;1.1448;27701
2015.09.18;16:00:00;1.14291;1.13496;1.13661;1.14219;29139
2015.09.18;20:00:00;1.13671;1.12687;1.12982;1.13662;18985
2015.09.21;00:00:00;1.13062;1.12798;1.13048;1.12798;8023
2015.09.21;04:00:00;1.13211;1.13019;1.13138;1.13048;8454
2015.09.21;08:00:00;1.13296;1.12879;1.12963;1.13139;22217
2015.09.21;12:00:00;1.12986;1.12334;1.12441;1.12961;22402
2015.09.21;16:00:00;1.12531;1.11805;1.12118;1.12441;26460
2015.09.21;20:00:00;1.12122;1.11872;1.11884;1.12117;11183
2015.09.22;00:00:00;1.11964;1.11821;1.11938;1.11882;4944
2015.09.22;04:00:00;1.12053;1.11931;1.12004;1.11936;6435
2015.09.22;08:00:00;1.12068;1.11544;1.11956;1.12003;24960
2015.09.22;12:00:00;1.11999;1.11473;1.11539;1.1196;24928
2015.09.22;16:00:00;1.1169;1.11125;1.11235;1.11537;27484
2015.09.22;20:00:00;1.11396;1.11174;1.11189;1.11233;10468
2015.09.23;00:00:00;1.11327;1.11044;1.11066;1.11189;5916
2015.09.23;04:00:00;1.11397;1.11066;1.11349;1.11066;8129
2015.09.23;08:00:00;1.11537;1.11064;1.11116;1.11348;21404
2015.09.23;12:00:00;1.1175;1.11103;1.11307;1.11116;24035
2015.09.23;16:00:00;1.11901;1.11145;1.11726;1.11305;31921
2015.09.23;20:00:00;1.12127;1.11704;1.11847;1.11727;14897
2015.09.24;00:00:00;1.11909;1.11749;1.11801;1.1186;7001
2015.09.24;04:00:00;1.11946;1.11638;1.11921;1.11801;11061
2015.09.24;08:00:00;1.12223;1.11805;1.11982;1.11911;23394
2015.09.24;12:00:00;1.12563;1.11924;1.12503;1.11981;30465
2015.09.24;16:00:00;1.12952;1.12358;1.1254;1.12504;33644
2015.09.24;20:00:00;1.12579;1.12077;1.12289;1.12539;16218
2015.09.25;00:00:00;1.12311;1.11592;1.11686;1.12289;14478
2015.09.25;04:00:00;1.11835;1.1166;1.11678;1.11688;11326
2015.09.25;08:00:00;1.11754;1.11154;1.11387;1.11679;24356
2015.09.25;12:00:00;1.11768;1.11242;1.11559;1.1139;24305
2015.09.25;16:00:00;1.12069;1.11513;1.11851;1.11558;31014
2015.09.25;20:00:00;1.12122;1.11695;1.1196;1.11855;16097
2015.09.28;00:00:00;1.12135;1.11824;1.11949;1.11841;7820
2015.09.28;04:00:00;1.12016;1.11801;1.11834;1.11949;7170
2015.09.28;08:00:00;1.11992;1.11638;1.11794;1.11834;22529
2015.09.28;12:00:00;1.12014;1.11497;1.11562;1.11793;22786
2015.09.28;16:00:00;1.12432;1.11458;1.1237;1.11561;34619
2015.09.28;20:00:00;1.12469;1.12232;1.12435;1.12373;15594
2015.09.29;00:00:00;1.12557;1.12265;1.12426;1.12433;6423
2015.09.29;04:00:00;1.12641;1.12415;1.12615;1.12427;9532
2015.09.29;08:00:00;1.12807;1.12184;1.12267;1.12616;28161
2015.09.29;12:00:00;1.12429;1.11931;1.12043;1.12265;24317
2015.09.29;16:00:00;1.1267;1.11946;1.12599;1.12043;37324
2015.09.29;20:00:00;1.12653;1.12284;1.12483;1.12601;16070
2015.09.30;00:00:00;1.12606;1.12465;1.12465;1.12483;6448
2015.09.30;04:00:00;1.12598;1.12394;1.12543;1.12465;8409
2015.09.30;08:00:00;1.12545;1.12113;1.1227;1.12545;22486
2015.09.30;12:00:00;1.12357;1.1183;1.11933;1.12269;21978
2015.09.30;16:00:00;1.11956;1.11564;1.11813;1.11931;32795
2015.09.30;20:00:00;1.11857;1.11615;1.11753;1.11812;13997
2015.10.01;00:00:00;1.11776;1.11674;1.1172;1.11754;5305
2015.10.01;04:00:00;1.11731;1.11437;1.11488;1.11722;8800
2015.10.01;08:00:00;1.1167;1.11342;1.11626;1.11487;19714
2015.10.01;12:00:00;1.11698;1.11431;1.11615;1.11627;24492
2015.10.01;16:00:00;1.12083;1.11562;1.11954;1.11616;28939
2015.10.01;20:00:00;1.12004;1.11798;1.11935;1.11955;13133
2015.10.02;00:00:00;1.11946;1.1181;1.11892;1.11936;6158
2015.10.02;04:00:00;1.12033;1.11749;1.1175;1.11893;8915
2015.10.02;08:00:00;1.11809;1.11594;1.11629;1.11749;17861
2015.10.02;12:00:00;1.13149;1.11496;1.12861;1.1163;25018
2015.10.02;16:00:00;1.13176;1.12344;1.1241;1.12863;46488
2015.10.02;20:00:00;1.12441;1.11994;1.12089;1.12408;21996
2015.10.05;00:00:00;1.12258;1.12064;1.12205;1.12163;9099
2015.10.05;04:00:00;1.12463;1.12196;1.12326;1.12207;9829
2015.10.05;08:00:00;1.12642;1.12207;1.12579;1.12326;26294
2015.10.05;12:00:00;1.12885;1.12092;1.12109;1.12579;26823
2015.10.05;16:00:00;1.12239;1.11727;1.11862;1.12109;28705
2015.10.05;20:00:00;1.11897;1.11734;1.1187;1.11861;10490
2015.10.06;00:00:00;1.11969;1.11829;1.11899;1.11872;6349
2015.10.06;04:00:00;1.11933;1.11711;1.11798;1.11899;8105
2015.10.06;08:00:00;1.1219;1.1173;1.12053;1.11799;21779
2015.10.06;12:00:00;1.12316;1.12;1.1206;1.12055;21018
2015.10.06;16:00:00;1.12738;1.12054;1.12626;1.1206;28072
2015.10.06;20:00:00;1.12788;1.12559;1.1271;1.12624;12489
2015.10.07;00:00:00;1.12754;1.12603;1.1265;1.12719;6344
2015.10.07;04:00:00;1.12834;1.12609;1.12654;1.1265;11637
2015.10.07;08:00:00;1.12659;1.12214;1.12413;1.12655;21930
2015.10.07;12:00:00;1.12727;1.12309;1.12552;1.12413;21479
2015.10.07;16:00:00;1.12652;1.12107;1.12423;1.12552;29705
2015.10.07;20:00:00;1.12552;1.12328;1.1237;1.12423;13616
2015.10.08;00:00:00;1.12452;1.12338;1.12382;1.12365;4424
2015.10.08;04:00:00;1.12611;1.12373;1.12568;1.12384;7769
2015.10.08;08:00:00;1.13091;1.12464;1.12927;1.12569;20893
2015.10.08;12:00:00;1.13141;1.12374;1.12593;1.12925;24646
2015.10.08;16:00:00;1.12907;1.12432;1.12814;1.12593;23648
2015.10.08;20:00:00;1.13265;1.12622;1.12752;1.12816;19793
2015.10.09;00:00:00;1.12916;1.1275;1.1282;1.12752;6415
2015.10.09;04:00:00;1.1286;1.12663;1.12832;1.1282;8193
2015.10.09;08:00:00;1.13463;1.12716;1.13228;1.12831;24377
2015.10.09;12:00:00;1.13779;1.13144;1.13682;1.13228;27331
2015.10.09;16:00:00;1.13864;1.13346;1.13793;1.13683;27308
2015.10.09;20:00:00;1.13811;1.13515;1.13584;1.13794;11133
2015.10.12;00:00:00;1.1377;1.13533;1.13736;1.13604;9931
2015.10.12;04:00:00;1.13756;1.13634;1.13711;1.13735;5295
2015.10.12;08:00:00;1.13838;1.13592;1.13797;1.13711;12889
2015.10.12;12:00:00;1.13961;1.1363;1.1367;1.13795;13874
2015.10.12;16:00:00;1.13802;1.13558;1.13782;1.13669;15872
2015.10.12;20:00:00;1.13792;1.13571;1.13571;1.1378;7045
2015.10.13;00:00:00;1.13607;1.13435;1.13468;1.13572;4731
2015.10.13;04:00:00;1.13698;1.13463;1.13664;1.1347;6501
2015.10.13;08:00:00;1.14103;1.13624;1.138;1.13665;20959
2015.10.13;12:00:00;1.14002;1.13639;1.13909;1.13801;21954
2015.10.13;16:00:00;1.13949;1.13546;1.1389;1.13909;23597
2015.10.13;20:00:00;1.13924;1.1377;1.13781;1.1389;9233
2015.10.14;00:00:00;1.13959;1.13766;1.13956;1.13781;4878
2015.10.14;04:00:00;1.14004;1.13825;1.1388;1.13956;6591
2015.10.14;08:00:00;1.14267;1.13881;1.1405;1.13881;20540
2015.10.14;12:00:00;1.14454;1.13905;1.14418;1.14051;23051
2015.10.14;16:00:00;1.14471;1.14077;1.14436;1.14417;26445
2015.10.14;20:00:00;1.14883;1.14416;1.14728;1.14436;15160
2015.10.15;00:00:00;1.14832;1.14649;1.14662;1.14725;7201
2015.10.15;04:00:00;1.14898;1.14609;1.14793;1.14662;8183
2015.10.15;08:00:00;1.14944;1.14246;1.14409;1.14793;22852
2015.10.15;12:00:00;1.14505;1.13688;1.13824;1.1441;24650
2015.10.15;16:00:00;1.14185;1.13623;1.13998;1.13824;32676
2015.10.15;20:00:00;1.14007;1.1372;1.13822;1.13997;13022
2015.10.16;00:00:00;1.13946;1.13582;1.13646;1.13799;9015
2015.10.16;04:00:00;1.13834;1.13603;1.13818;1.13646;7059
2015.10.16;08:00:00;1.13943;1.13522;1.13598;1.13817;15988
2015.10.16;12:00:00;1.13664;1.13335;1.13582;1.13599;19906
2015.10.16;16:00:00;1.13889;1.13462;1.13803;1.13581;25653
2015.10.16;20:00:00;1.13904;1.13474;1.13492;1.13805;11207
2015.10.19;00:00:00;1.13745;1.13507;1.13696;1.13563;10436
2015.10.19;04:00:00;1.13774;1.13533;1.13619;1.13697;7516
2015.10.19;08:00:00;1.13783;1.13388;1.1359;1.1362;15688
2015.10.19;12:00:00;1.13593;1.13081;1.13334;1.13591;18582
2015.10.19;16:00:00;1.13433;1.1305;1.13207;1.13335;19924
2015.10.19;20:00:00;1.13284;1.13185;1.1325;1.13206;8183
2015.10.20;00:00:00;1.13336;1.13236;1.13332;1.13258;4423
2015.10.20;04:00:00;1.13384;1.13293;1.13304;1.13334;4191
2015.10.20;08:00:00;1.1364;1.13232;1.13583;1.13305;14140
2015.10.20;12:00:00;1.13863;1.1344;1.13643;1.13583;18162
2015.10.20;16:00:00;1.13668;1.13316;1.13509;1.13643;19464
2015.10.20;20:00:00;1.13562;1.13351;1.13451;1.13509;8544
2015.10.21;00:00:00;1.13666;1.13428;1.1361;1.13446;4421
2015.10.21;04:00:00;1.13641;1.13546;1.13607;1.13612;4382
2015.10.21;08:00:00;1.13767;1.13428;1.13589;1.13608;16252
2015.10.21;12:00:00;1.13629;1.13343;1.13533;1.13583;15256
2015.10.21;16:00:00;1.13632;1.13364;1.13449;1.13535;19615
2015.10.21;20:00:00;1.13541;1.13349;1.13379;1.13457;9475
2015.10.22;00:00:00;1.13474;1.1329;1.13348;1.13379;4064
2015.10.22;04:00:00;1.13503;1.13346;1.13353;1.13347;7109
2015.10.22;08:00:00;1.13449;1.13016;1.13127;1.13354;17921
2015.10.22;12:00:00;1.13257;1.11777;1.11959;1.13123;24829
2015.10.22;16:00:00;1.12121;1.1118;1.11364;1.1196;36999
2015.10.22;20:00:00;1.11383;1.10995;1.11076;1.11361;15218
2015.10.23;00:00:00;1.11089;1.10711;1.10894;1.11077;11643
2015.10.23;04:00:00;1.11187;1.10894;1.11088;1.10894;10281
2015.10.23;08:00:00;1.11368;1.10907;1.11283;1.11089;20793
2015.10.23;12:00:00;1.1139;1.1027;1.1046;1.11282;27894
2015.10.23;16:00:00;1.1056;1.10056;1.1015;1.10459;28983
2015.10.23;20:00:00;1.1017;1.09959;1.10163;1.10148;13206
2015.10.25;23:00:00;1.10078;1.0998;1.10068;1.0998;649
2015.10.26;00:00:00;1.10307;1.10047;1.10242;1.10066;9105
2015.10.26;04:00:00;1.10389;1.10245;1.10368;1.10245;5703
2015.10.26;08:00:00;1.10556;1.10222;1.10235;1.10369;18568
2015.10.26;12:00:00;1.10399;1.10032;1.10328;1.10237;20222
2015.10.26;16:00:00;1.10676;1.1028;1.10529;1.10322;24758
2015.10.26;20:00:00;1.10589;1.10412;1.10524;1.10528;6327
2015.10.27;00:00:00;1.10631;1.10444;1.10474;1.10521;5752
2015.10.27;04:00:00;1.10687;1.10475;1.10636;1.10475;7181
2015.10.27;08:00:00;1.10714;1.10354;1.10437;1.10636;17867
2015.10.27;12:00:00;1.10779;1.10364;1.10413;1.10436;23875
2015.10.27;16:00:00;1.106;1.10295;1.10368;1.10413;24078
2015.10.27;20:00:00;1.10538;1.10346;1.10456;1.10369;9061
2015.10.28;00:00:00;1.10477;1.10252;1.10297;1.10457;9046
2015.10.28;04:00:00;1.10388;1.10246;1.10317;1.10297;5859
2015.10.28;08:00:00;1.10591;1.10303;1.10468;1.10318;16057
2015.10.28;12:00:00;1.1089;1.10469;1.10687;1.10469;21507
2015.10.28;16:00:00;1.10951;1.10564;1.1062;1.10688;24386
2015.10.28;20:00:00;1.10721;1.08961;1.09262;1.1061;30644
2015.10.29;00:00:00;1.09314;1.09019;1.09172;1.09265;11099
2015.10.29;04:00:00;1.09338;1.09171;1.09315;1.09172;8104
2015.10.29;08:00:00;1.09702;1.09158;1.09623;1.09315;22836
2015.10.29;12:00:00;1.0976;1.09239;1.0954;1.09621;26895
2015.10.29;16:00:00;1.09851;1.09463;1.09667;1.09537;23426
2015.10.29;20:00:00;1.09859;1.09587;1.09854;1.09672;8634
2015.10.30;00:00:00;1.09972;1.09735;1.09783;1.09854;8840
2015.10.30;04:00:00;1.0994;1.09648;1.0974;1.09783;15789
2015.10.30;08:00:00;1.10194;1.09724;1.1006;1.09741;24112
2015.10.30;12:00:00;1.1047;1.09939;1.10468;1.10041;27055
2015.10.30;16:00:00;1.10715;1.10104;1.10166;1.10475;29706
2015.10.30;20:00:00;1.10168;1.09861;1.10028;1.10167;11202
2015.11.02;00:00:00;1.1037;1.1017;1.10314;1.10338;11198
2015.11.02;04:00:00;1.1038;1.10235;1.10323;1.10314;5458
2015.11.02;08:00:00;1.10488;1.10032;1.10035;1.10324;20154
2015.11.02;12:00:00;1.10518;1.09995;1.10497;1.10034;17771
2015.11.02;16:00:00;1.10497;1.10146;1.10201;1.10496;21042
2015.11.02;20:00:00;1.10299;1.10054;1.1015;1.102;7896
2015.11.03;00:00:00;1.1018;1.10061;1.10097;1.1015;4499
2015.11.03;04:00:00;1.10192;1.10098;1.10188;1.10099;4604
2015.11.03;08:00:00;1.10294;1.09768;1.09841;1.10187;16112
2015.11.03;12:00:00;1.09886;1.09564;1.09648;1.09841;17817
2015.11.03;16:00:00;1.09676;1.09354;1.09579;1.09648;25177
2015.11.03;20:00:00;1.09692;1.09433;1.0962;1.0958;13184
2015.11.04;00:00:00;1.09671;1.09437;1.09463;1.09624;9077
2015.11.04;04:00:00;1.0957;1.09369;1.09567;1.09463;6979
2015.11.04;08:00:00;1.09569;1.09154;1.0917;1.09568;18219
2015.11.04;12:00:00;1.09386;1.09037;1.09056;1.09169;18779
2015.11.04;16:00:00;1.09112;1.0844;1.0855;1.09056;31236
2015.11.04;20:00:00;1.08652;1.08434;1.08644;1.08548;10187
2015.11.05;00:00:00;1.08726;1.08564;1.08694;1.08647;7318
2015.11.05;04:00:00;1.08758;1.08632;1.08708;1.08694;5931
2015.11.05;08:00:00;1.08917;1.0833;1.08642;1.08709;21686
2015.11.05;12:00:00;1.08966;1.08497;1.08795;1.08643;24800
2015.11.05;16:00:00;1.08924;1.08572;1.08639;1.08794;27525
2015.11.05;20:00:00;1.0889;1.08628;1.0883;1.08636;9568
2015.11.06;00:00:00;1.08875;1.08782;1.08865;1.08827;5219
2015.11.06;04:00:00;1.0893;1.08768;1.08811;1.08866;6096
2015.11.06;08:00:00;1.08847;1.08624;1.08644;1.08814;17008
2015.11.06;12:00:00;1.08837;1.07054;1.0734;1.08644;25653
2015.11.06;16:00:00;1.07513;1.07066;1.07358;1.0734;38477
2015.11.06;20:00:00;1.07466;1.07199;1.07426;1.07359;12243
2015.11.09;00:00:00;1.07485;1.07189;1.07468;1.07274;8140
2015.11.09;04:00:00;1.07703;1.0745;1.07641;1.07469;7647
2015.11.09;08:00:00;1.07773;1.07524;1.0769;1.07643;18164
2015.11.09;12:00:00;1.07893;1.0734;1.07409;1.07691;23049
2015.11.09;16:00:00;1.07819;1.07258;1.07567;1.07408;29926
2015.11.09;20:00:00;1.07669;1.07448;1.07505;1.07566;9861
2015.11.10;00:00:00;1.07612;1.0748;1.07489;1.07506;7252
2015.11.10;04:00:00;1.07544;1.07366;1.07456;1.0749;5408
2015.11.10;08:00:00;1.07633;1.07289;1.0736;1.07457;19321
2015.11.10;12:00:00;1.07438;1.06812;1.06949;1.07359;25146
2015.11.10;16:00:00;1.07065;1.06735;1.07037;1.06948;27235
2015.11.10;20:00:00;1.07297;1.06958;1.07233;1.07036;11926
2015.11.11;00:00:00;1.07485;1.07167;1.07472;1.07234;9881
2015.11.11;04:00:00;1.07729;1.07469;1.0758;1.07476;11183
2015.11.11;08:00:00;1.07597;1.07318;1.07489;1.0758;18457
2015.11.11;12:00:00;1.07513;1.07053;1.07333;1.07488;18180
2015.11.11;16:00:00;1.07531;1.07062;1.07278;1.07333;23356
2015.11.11;20:00:00;1.07444;1.07247;1.07424;1.07278;7118
2015.11.12;00:00:00;1.07796;1.07417;1.07713;1.07424;12324
2015.11.12;04:00:00;1.07738;1.07509;1.07563;1.07716;8542
2015.11.12;08:00:00;1.07593;1.06904;1.07119;1.07564;24813
2015.11.12;12:00:00;1.07389;1.07069;1.07246;1.07118;24270
2015.11.12;16:00:00;1.08079;1.07213;1.0778;1.07246;40116
2015.11.12;20:00:00;1.08292;1.07656;1.08127;1.0778;17365
2015.11.13;00:00:00;1.08161;1.07845;1.07866;1.08128;10545
2015.11.13;04:00:00;1.07961;1.07835;1.07859;1.07867;8171
2015.11.13;08:00:00;1.07879;1.07512;1.07556;1.07849;20032
2015.11.13;12:00:00;1.08071;1.07327;1.07344;1.07554;28427
2015.11.13;16:00:00;1.07544;1.07137;1.07252;1.07346;30752
2015.11.13;20:00:00;1.07696;1.07191;1.07689;1.07253;12822
2015.11.16;00:00:00;1.07444;1.06863;1.07108;1.07381;16827
2015.11.16;04:00:00;1.07272;1.07102;1.07249;1.07108;5641
2015.11.16;08:00:00;1.07573;1.07149;1.07257;1.0725;21748
2015.11.16;12:00:00;1.07446;1.0713;1.07275;1.07256;20413
2015.11.16;16:00:00;1.07297;1.06905;1.06929;1.07274;26149
2015.11.16;20:00:00;1.06979;1.06738;1.06855;1.06931;10241
2015.11.17;00:00:00;1.06899;1.06596;1.06652;1.06855;9346
2015.11.17;04:00:00;1.06708;1.06553;1.0662;1.06652;7073
2015.11.17;08:00:00;1.06728;1.0642;1.06674;1.06618;21322
2015.11.17;12:00:00;1.06783;1.06508;1.06563;1.06673;20366
2015.11.17;16:00:00;1.06759;1.06299;1.06458;1.06562;28832
2015.11.17;20:00:00;1.06549;1.06341;1.06408;1.06458;14893
2015.11.18;00:00:00;1.06466;1.06344;1.06349;1.06409;6627
2015.11.18;04:00:00;1.06501;1.06304;1.06489;1.06349;5998
2015.11.18;08:00:00;1.06918;1.06397;1.06788;1.0649;18047
2015.11.18;12:00:00;1.06808;1.06574;1.06579;1.06787;18955
2015.11.18;16:00:00;1.06741;1.06222;1.06388;1.06579;24581
2015.11.18;20:00:00;1.06709;1.06162;1.06586;1.06388;18054
2015.11.19;00:00:00;1.07171;1.06546;1.07023;1.06586;10951
2015.11.19;04:00:00;1.07119;1.06889;1.07051;1.07024;12356
2015.11.19;08:00:00;1.07077;1.06663;1.06853;1.07039;21372
2015.11.19;12:00:00;1.07164;1.06679;1.06857;1.06852;23915
2015.11.19;16:00:00;1.07623;1.06823;1.0725;1.06857;33609
2015.11.19;20:00:00;1.07388;1.07162;1.07329;1.07249;10519
2015.11.20;00:00:00;1.07375;1.07094;1.07174;1.07328;7950
2015.11.20;04:00:00;1.0726;1.07094;1.07234;1.07173;7459
2015.11.20;08:00:00;1.07275;1.06634;1.06874;1.07233;24019
2015.11.20;12:00:00;1.07052;1.06713;1.06926;1.06873;21227
2015.11.20;16:00:00;1.07072;1.06397;1.06496;1.06928;26862
2015.11.20;20:00:00;1.06574;1.06391;1.0646;1.06495;11504
2015.11.23;00:00:00;1.06454;1.0608;1.06128;1.06363;8972
2015.11.23;04:00:00;1.06179;1.05997;1.06139;1.06125;9558
2015.11.23;08:00:00;1.06432;1.06073;1.06306;1.06138;20032
2015.11.23;12:00:00;1.06458;1.06144;1.06457;1.06305;20754
2015.11.23;16:00:00;1.0656;1.05919;1.06194;1.06458;29182
2015.11.23;20:00:00;1.06357;1.061;1.06353;1.06192;10506
2015.11.24;00:00:00;1.06443;1.0629;1.06401;1.06351;8605
2015.11.24;04:00:00;1.06434;1.06188;1.06309;1.06401;6788
2015.11.24;08:00:00;1.0669;1.06207;1.06457;1.06311;21417
2015.11.24;12:00:00;1.06665;1.06339;1.06618;1.06458;25228
2015.11.24;16:00:00;1.06725;1.06276;1.06461;1.06617;29464
2015.11.24;20:00:00;1.06612;1.06348;1.0642;1.06462;13024
2015.11.25;00:00:00;1.06638;1.06396;1.06638;1.06421;8815
2015.11.25;04:00:00;1.06763;1.06506;1.06576;1.06637;9941
2015.11.25;08:00:00;1.06884;1.06054;1.06108;1.06577;26113
2015.11.25;12:00:00;1.06155;1.05761;1.05905;1.06108;30813
2015.11.25;16:00:00;1.06408;1.05651;1.06224;1.05908;28532
2015.11.25;20:00:00;1.06279;1.06092;1.06237;1.06223;10579
2015.11.26;00:00:00;1.06267;1.06148;1.06188;1.06238;8557
2015.11.26;04:00:00;1.06243;1.06146;1.06188;1.06187;6283
2015.11.26;08:00:00;1.06229;1.05992;1.06093;1.06189;15623
2015.11.26;12:00:00;1.06195;1.06039;1.0617;1.06093;13747
2015.11.26;16:00:00;1.06225;1.06051;1.06129;1.06169;9971
2015.11.26;20:00:00;1.06137;1.06044;1.06096;1.06128;8202
2015.11.27;00:00:00;1.06096;1.06006;1.06071;1.06086;7317
2015.11.27;04:00:00;1.06156;1.06052;1.06112;1.06072;6101
2015.11.27;08:00:00;1.06373;1.05833;1.05835;1.06113;20704
2015.11.27;12:00:00;1.05962;1.05734;1.05781;1.05834;19865
2015.11.27;16:00:00;1.06031;1.05678;1.05987;1.05779;18544
2015.11.27;20:00:00;1.06037;1.05892;1.05915;1.05988;6335
2015.11.30;00:00:00;1.05933;1.05697;1.05787;1.05879;8364
2015.11.30;04:00:00;1.05912;1.0576;1.05842;1.05785;5977
2015.11.30;08:00:00;1.05944;1.05624;1.058;1.05843;17175
2015.11.30;12:00:00;1.05843;1.05635;1.0574;1.058;19168
2015.11.30;16:00:00;1.05842;1.05572;1.05589;1.0574;24278
2015.11.30;20:00:00;1.05753;1.05583;1.05638;1.05589;10208
2015.12.01;00:00:00;1.05809;1.05621;1.05773;1.0564;8150
2015.12.01;04:00:00;1.0596;1.05706;1.05809;1.05772;13555
2015.12.01;08:00:00;1.06181;1.05768;1.05967;1.05809;19355
2015.12.01;12:00:00;1.06106;1.05847;1.06053;1.05967;16807
2015.12.01;16:00:00;1.0636;1.06014;1.06146;1.06053;28622
2015.12.01;20:00:00;1.06364;1.06146;1.06314;1.06147;10227
2015.12.02;00:00:00;1.06357;1.06196;1.06203;1.06313;6786
2015.12.02;04:00:00;1.06234;1.06105;1.06114;1.06204;5918
2015.12.02;08:00:00;1.06316;1.06067;1.06202;1.06114;17749
2015.12.02;12:00:00;1.06202;1.05776;1.05798;1.06202;23005
2015.12.02;16:00:00;1.05974;1.055;1.05843;1.05797;30525
2015.12.02;20:00:00;1.06261;1.05802;1.06138;1.05843;18805
2015.12.03;00:00:00;1.0617;1.06007;1.06014;1.06136;6960
2015.12.03;04:00:00;1.06018;1.05869;1.05869;1.06014;7951
2015.12.03;08:00:00;1.05941;1.0552;1.05602;1.05869;19086
2015.12.03;12:00:00;1.08913;1.05216;1.08239;1.05602;44892
2015.12.03;16:00:00;1.09415;1.07883;1.0901;1.08236;47214
2015.12.03;20:00:00;1.09804;1.0901;1.09388;1.0901;26418
2015.12.04;00:00:00;1.09554;1.08989;1.0909;1.09387;14778
2015.12.04;04:00:00;1.09455;1.09037;1.09381;1.09094;12331
2015.12.04;08:00:00;1.09444;1.08581;1.08896;1.09381;30812
2015.12.04;12:00:00;1.09486;1.08546;1.09248;1.08894;34981
2015.12.04;16:00:00;1.095;1.08353;1.08677;1.09251;44635
2015.12.04;20:00:00;1.08785;1.08501;1.08761;1.08676;14295
2015.12.07;00:00:00;1.08868;1.08624;1.08669;1.08706;8350
2015.12.07;04:00:00;1.08689;1.08533;1.08606;1.0867;5431
2015.12.07;08:00:00;1.0872;1.08107;1.08161;1.08607;18227
2015.12.07;12:00:00;1.08254;1.07952;1.08165;1.08161;18061
2015.12.07;16:00:00;1.08591;1.08046;1.08504;1.08166;28894
2015.12.07;20:00:00;1.08594;1.08312;1.08364;1.08505;12664
2015.12.08;00:00:00;1.08476;1.08293;1.08458;1.08363;6450
2015.12.08;04:00:00;1.08599;1.08423;1.08599;1.08458;6693
2015.12.08;08:00:00;1.08817;1.08523;1.08527;1.08597;20551
2015.12.08;12:00:00;1.08957;1.08398;1.08933;1.0853;24582
2015.12.08;16:00:00;1.08996;1.08651;1.08885;1.08934;26294
2015.12.08;20:00:00;1.09018;1.0884;1.08906;1.08887;13554
2015.12.09;00:00:00;1.08988;1.08785;1.0898;1.08911;5466
2015.12.09;04:00:00;1.09204;1.08928;1.09067;1.08981;7675
2015.12.09;08:00:00;1.09367;1.09055;1.09303;1.09066;22083
2015.12.09;12:00:00;1.0975;1.09153;1.09708;1.09303;22605
2015.12.09;16:00:00;1.10039;1.09495;1.10019;1.09709;38365
2015.12.09;20:00:00;1.10423;1.0997;1.10243;1.10017;27561
2015.12.10;00:00:00;1.10244;1.10056;1.10062;1.10243;9954
2015.12.10;04:00:00;1.10134;1.10004;1.10007;1.10061;6034
2015.12.10;08:00:00;1.10019;1.09606;1.09673;1.10007;18776
2015.12.10;12:00:00;1.09718;1.09327;1.09703;1.09674;27156
2015.12.10;16:00:00;1.09705;1.09243;1.09463;1.09703;33045
2015.12.10;20:00:00;1.09559;1.09294;1.09396;1.09464;12858
2015.12.11;00:00:00;1.09468;1.09257;1.09315;1.09397;9846
2015.12.11;04:00:00;1.09434;1.09267;1.09364;1.09316;4878
2015.12.11;08:00:00;1.09697;1.09344;1.09427;1.09363;19924
2015.12.11;12:00:00;1.09772;1.0934;1.09516;1.09427;29763
2015.12.11;16:00:00;1.10304;1.09511;1.09937;1.09517;44851
2015.12.11;20:00:00;1.09986;1.09787;1.09919;1.09936;15503
2015.12.14;00:00:00;1.09925;1.09666;1.09696;1.09828;11807
2015.12.14;04:00:00;1.09736;1.09535;1.09638;1.09697;9236
2015.12.14;08:00:00;1.09713;1.09448;1.09575;1.09636;20679
2015.12.14;12:00:00;1.09903;1.09492;1.09857;1.09576;27858
2015.12.14;16:00:00;1.10479;1.09764;1.10142;1.09856;42423
2015.12.14;20:00:00;1.10236;1.09835;1.09906;1.10142;17366
2015.12.15;00:00:00;1.1013;1.09884;1.10107;1.09904;11532
2015.12.15;04:00:00;1.10295;1.10006;1.1027;1.10108;7550
2015.12.15;08:00:00;1.10589;1.101;1.10245;1.10269;23035
2015.12.15;12:00:00;1.10375;1.09698;1.09703;1.10245;27915
2015.12.15;16:00:00;1.09737;1.09039;1.09233;1.09704;34993
2015.12.15;20:00:00;1.09232;1.09226;1.0923;1.09232;13
