DATE;TIME;HIGH;LOW;CLOSE;OPEN;VOLUME
2015.04.27;12:00:00;5208.9;5133.6;5156;5188.4;4089
2015.04.27;16:00:00;5279.5;5154.2;5276.5;5156.5;3874
2015.04.27;20:00:00;5284;5246;5251;5277;3180
2015.04.28;00:00:00;5283.4;5234.2;5240;5251.7;1751
2015.04.28;04:00:00;5247.2;5233.2;5236;5243.6;757
2015.04.28;08:00:00;5239;5228.8;5235.2;5235.6;752
2015.04.28;12:00:00;5253.5;5217.7;5226;5235;3079
2015.04.28;16:00:00;5226.5;5164.5;5185.7;5226.2;5577
2015.04.28;20:00:00;5190;5135;5177.5;5185.5;8621
2015.04.29;00:00:00;5189.9;5165;5186.7;5177.7;2645
2015.04.29;04:00:00;5187.8;5181.2;5187.4;5185.8;524
2015.04.29;08:00:00;5187.6;5176;5178.4;5187.6;607
2015.04.29;12:00:00;5202.1;5149.6;5183.3;5178.6;6082
2015.04.29;16:00:00;5183.6;5090.1;5105.8;5183.1;7060
2015.04.29;20:00:00;5115.6;5009.8;5035.6;5105.1;11715
2015.04.30;00:00:00;5060.3;5023.6;5049;5035.8;4903
2015.04.30;04:00:00;5049.9;5036.1;5047.3;5041.3;800
2015.04.30;08:00:00;5052.7;5033.3;5033.5;5047.5;1120
2015.04.30;12:00:00;5050.6;4985.5;5038;5033.3;9156
2015.04.30;16:00:00;5067;5018.7;5053.5;5038.5;7310
2015.04.30;20:00:00;5065;5017;5025.2;5053.2;10258
2015.05.01;00:00:00;5046.2;5001.2;5022.4;5025.5;4688
2015.05.01;04:00:00;5029.2;5018;5027.6;5024.8;756
2015.05.01;08:00:00;5027.6;5020.9;5022.3;5027.4;495
2015.05.01;12:00:00;5040.2;5020.5;5026.9;5022.9;887
2015.05.01;16:00:00;5040.5;5025.5;5036.3;5027.1;1184
2015.05.01;20:00:00;5065.4;5029.8;5050.4;5036.7;9431
2015.05.04;00:00:00;5070.8;5043.4;5061.8;5050.2;4329
2015.05.04;04:00:00;5063.2;5053;5055.4;5063.2;686
2015.05.04;08:00:00;5057.6;5052;5057.6;5055.2;400
2015.05.04;12:00:00;5082.2;5011;5075.5;5057.4;7278
2015.05.04;16:00:00;5113.5;5069.2;5095.7;5075.7;5049
2015.05.04;20:00:00;5107.5;5077.5;5083.7;5094.7;4464
2015.05.05;00:00:00;5092;5077;5080.6;5084.5;1377
2015.05.05;04:00:00;5080.6;5074;5077;5075.8;401
2015.05.05;08:00:00;5078.2;5069.2;5074;5076.8;441
2015.05.05;12:00:00;5134;5055;5111;5073.6;7219
2015.05.05;16:00:00;5116.7;5026.5;5035.5;5111.5;7359
2015.05.05;20:00:00;5056.5;4967.2;4982;5033.5;11265
2015.05.06;00:00:00;4982;4961.5;4974.5;4981.7;3735
2015.05.06;04:00:00;4982.1;4974.1;4980.1;4974.9;577
2015.05.06;08:00:00;5000.1;4978.3;4994.7;4980.3;747
2015.05.06;12:00:00;5005;4934.5;4995.2;4995.3;9149
2015.05.06;16:00:00;5013;4983.7;4991.5;4994.2;6638
2015.05.06;20:00:00;5002;4943;4972.2;4991.7;10940
2015.05.07;00:00:00;4972.5;4944;4964.9;4972.5;3355
2015.05.07;04:00:00;4964.6;4949.6;4961.6;4960.8;813
2015.05.07;08:00:00;4972.8;4960.4;4970;4962.4;937
2015.05.07;12:00:00;4970.6;4904.5;4913.5;4970.2;8178
2015.05.07;16:00:00;4980.7;4874;4943.2;4914;9639
2015.05.07;20:00:00;4981.5;4941.5;4963.2;4943;10466
2015.05.08;00:00:00;4969.5;4953;4959.9;4963.7;2093
2015.05.08;04:00:00;4968.1;4958.1;4964.7;4960.9;658
2015.05.08;08:00:00;4970.5;4963.1;4967.7;4964.5;667
2015.05.08;12:00:00;5009.5;4960.7;5005.2;4967.5;7930
2015.05.08;16:00:00;5060;4988.5;5042;5005;6933
2015.05.08;20:00:00;5094;5034.2;5088.5;5041.7;8621
2015.05.11;00:00:00;5093.5;5081.1;5083.9;5088.2;1717
2015.05.11;04:00:00;5068.7;5056.1;5060.3;5067.1;891
2015.05.11;08:00:00;5065.1;5058.5;5064.5;5059.7;524
2015.05.11;12:00:00;5064.5;5008.7;5010;5063;7170
2015.05.11;16:00:00;5040.2;5007;5029.5;5009.7;5377
2015.05.11;20:00:00;5036;5011.5;5014.2;5029.2;5340
2015.05.12;00:00:00;5019.2;4998.3;5002.7;5014;1582
2015.05.12;04:00:00;5009.3;5001.9;5006.7;5002.5;747
2015.05.12;08:00:00;5008.7;4999.5;5007.9;5007.1;708
2015.05.12;12:00:00;5027;4924.2;4927.2;5008.1;7751
2015.05.12;16:00:00;4975.5;4919.7;4970.5;4927;8920
2015.05.12;20:00:00;4987.7;4941;4979.2;4968.2;10053
2015.05.13;00:00:00;4987.5;4970.6;4980;4979.5;2738
2015.05.13;04:00:00;4990.3;4976.3;4987.3;4979.1;719
2015.05.13;08:00:00;4997.1;4986.5;4992.9;4987.1;810
2015.05.13;12:00:00;5046;4983.8;5031;4993.1;5722
2015.05.13;16:00:00;5043.4;5000.9;5009.2;5031.7;5997
2015.05.13;20:00:00;5031.2;4942.9;4949.7;5008.4;10073
2015.05.14;00:00:00;4960.4;4941.7;4953.8;4949.4;2303
2015.05.14;04:00:00;4957.7;4948.1;4948.1;4954.2;770
2015.05.14;08:00:00;4950.1;4943.1;4947.3;4947.7;707
2015.05.14;12:00:00;4981.5;4901.2;4972.8;4947.1;6372
2015.05.14;16:00:00;4998.8;4948;4991.8;4973.5;6278
2015.05.14;20:00:00;5044.3;4991;5027.5;4992.3;7209
2015.05.15;00:00:00;5036.8;5019.6;5022.4;5027.3;1496
2015.05.15;04:00:00;5028.2;5018.6;5024.2;5022;525
2015.05.15;08:00:00;5025.2;5020.2;5020.6;5024.4;613
2015.05.15;12:00:00;5059.3;5018.4;5051.5;5021;5109
2015.05.15;16:00:00;5066.5;5030.2;5041.2;5052;6045
2015.05.15;20:00:00;5042.5;4964.2;5006.5;5041.5;8837
2015.05.18;00:00:00;5013.5;5002.2;5008.2;5006.7;1158
2015.05.18;04:00:00;5005.3;4996.3;4997.1;5004.1;645
2015.05.18;08:00:00;5008.7;4996.9;5008.7;4996.9;418
2015.05.18;12:00:00;5027.7;4966.7;4986.7;5011.2;7056
2015.05.18;16:00:00;4987.5;4928.7;4985;4986.5;7822
2015.05.18;20:00:00;5023;4976.5;5022;4984.7;4984
2015.05.19;00:00:00;5026.5;5018;5025.2;5022.2;1010
2015.05.19;04:00:00;5027.2;5023.4;5026.8;5025.6;421
2015.05.19;08:00:00;5032;5027.2;5030.8;5027.4;440
2015.05.19;12:00:00;5121.5;5027.5;5118.2;5031;6779
2015.05.19;16:00:00;5118;5087.5;5109.2;5118;4406
2015.05.19;20:00:00;5124.5;5084.5;5112.2;5109.7;6938
2015.05.20;00:00:00;5123.2;5098.4;5101;5112.7;1704
2015.05.20;04:00:00;5098.5;5088.1;5098.1;5094.5;651
2015.05.20;08:00:00;5102.5;5084.9;5099.7;5097.9;900
2015.05.20;12:00:00;5121.5;5088.2;5091.7;5098.9;5798
2015.05.20;16:00:00;5112.2;5087.5;5104.2;5092.5;3933
2015.05.20;20:00:00;5138.2;5098;5127.5;5104;5284
2015.05.21;00:00:00;5136.5;5123;5127.8;5127.7;2712
2015.05.21;04:00:00;5127;5105.8;5120.4;5126.4;1054
2015.05.21;08:00:00;5121.4;5115;5120.2;5120.8;715
2015.05.21;12:00:00;5133.2;5108.5;5115.7;5120.4;4342
2015.05.21;16:00:00;5124.5;5101.7;5124.5;5116.7;3854
2015.05.21;20:00:00;5151;5118;5144.5;5125.5;4964
2015.05.22;00:00:00;5155.2;5140;5144.8;5144.2;1125
2015.05.22;04:00:00;5147.9;5139.8;5140.4;5145;548
2015.05.22;08:00:00;5156.2;5139.8;5151.6;5140.6;656
2015.05.22;12:00:00;5155;5129.5;5136;5151.8;3649
2015.05.22;16:00:00;5151.7;5120.2;5149.2;5136.2;4377
2015.05.22;20:00:00;5155.5;5135.2;5144.7;5149.5;4383
2015.05.25;00:00:00;5154;5141;5151.4;5144.5;1454
2015.05.25;04:00:00;5153.2;5137.4;5152.2;5150.8;714
2015.05.25;08:00:00;5158.2;5143.4;5157.2;5152.4;580
2015.05.25;12:00:00;5157.2;5102;5102.7;5157.2;1176
2015.05.25;16:00:00;5108.2;5098;5107.5;5103;414
2015.05.25;20:00:00;5120;5107.2;5114;5107.2;803
2015.05.26;00:00:00;5116;5111.5;5111.5;5114.2;100
2015.05.26;04:00:00;5107.4;5095.8;5101.2;5105.9;706
2015.05.26;08:00:00;5105;5094.2;5099;5101.6;943
2015.05.26;12:00:00;5148;5073;5110.7;5098.8;7579
2015.05.26;16:00:00;5144;5099;5131;5110.5;4945
2015.05.26;20:00:00;5140.5;5061.2;5090.7;5130.5;8321
2015.05.27;00:00:00;5103.6;5080;5100.6;5091;2527
2015.05.27;04:00:00;5104.4;5093.8;5099.2;5102.4;797
2015.05.27;08:00:00;5101.2;5092.6;5095.2;5099;840
2015.05.27;12:00:00;5125.5;5085;5104.2;5095.4;4435
2015.05.27;16:00:00;5124;5093.5;5115.7;5104.5;4398
2015.05.27;20:00:00;5193.5;5112.5;5176.2;5116.5;7740
2015.05.28;00:00:00;5188.5;5170.3;5170.9;5176;1267
2015.05.28;04:00:00;5173.4;5167.8;5172.4;5171.1;621
2015.05.28;08:00:00;5174;5165;5165.2;5172.8;940
2015.05.28;12:00:00;5168.7;5142.9;5158.7;5165;4548
2015.05.28;16:00:00;5163;5140.2;5147.5;5159;4025
2015.05.28;20:00:00;5160.2;5094.5;5129.5;5147;7201
2015.05.29;00:00:00;5152.2;5126.7;5150.6;5129.2;1693
2015.05.29;04:00:00;5152.4;5144.6;5151.6;5151.8;449
2015.05.29;08:00:00;5151.8;5143.8;5149;5151.8;694
2015.05.29;12:00:00;5150.5;5074.7;5094.7;5149.4;5576
2015.05.29;16:00:00;5122.2;5065.7;5082.5;5094.5;5846
2015.05.29;20:00:00;5091.2;4994.7;5025.7;5082.2;9687
2015.06.01;00:00:00;5033.2;5011.6;5022.8;5026;3009
2015.06.01;04:00:00;5026;5012.4;5023.8;5018;1239
2015.06.01;08:00:00;5035.1;5022.4;5032.1;5024;758
2015.06.01;12:00:00;5055.2;4989.5;5000;5034.7;7779
2015.06.01;16:00:00;5060.7;4991;5023.7;4999.7;7439
2015.06.01;20:00:00;5041.2;5013.5;5039.2;5024.7;7190
2015.06.02;00:00:00;5043.2;5027.7;5040.4;5039;1472
2015.06.02;04:00:00;5042.1;5035.6;5040;5038;613
2015.06.02;08:00:00;5044.2;5031;5032;5040.2;1097
2015.06.02;12:00:00;5051;4958;4969;5032.2;4495
2015.06.02;16:00:00;5038.5;4963.2;5027.2;4968.7;7132
2015.06.02;20:00:00;5026.5;4986;5011.2;5026;9228
2015.06.03;00:00:00;5021.2;4996.1;4998.5;5011;1875
2015.06.03;04:00:00;5003.9;4997.5;5002.7;4998.3;652
2015.06.03;08:00:00;5003.1;4998.7;5001.5;5002.3;739
2015.06.03;12:00:00;5026;4990.5;5003.7;5001.3;6089
2015.06.03;16:00:00;5089.5;4996;5061.7;5003.2;6851
2015.06.03;20:00:00;5064.5;5003.2;5026.2;5061;11061
2015.06.04;00:00:00;5031;5010;5018;5025.7;2197
2015.06.04;04:00:00;5021.8;5010.6;5011.4;5017.8;639
2015.06.04;08:00:00;5015.2;5005.4;5012;5011.2;778
2015.06.04;12:00:00;5014.2;4914.2;4935.7;5011.8;8698
2015.06.04;16:00:00;4992;4928.5;4984;4936;7676
2015.06.04;20:00:00;5045.5;4966.2;4968.5;4984.5;10848
2015.06.05;00:00:00;4968.2;4931.5;4957.2;4968;5216
2015.06.05;04:00:00;4960.6;4952.8;4958;4958;735
2015.06.05;08:00:00;4958.6;4949.8;4952.6;4957.8;734
2015.06.05;12:00:00;4965.7;4918;4933;4952.8;7247
2015.06.05;16:00:00;4946.7;4892.5;4931.5;4933.2;8356
2015.06.05;20:00:00;4954.7;4906;4918.5;4931.2;10888
2015.06.08;00:00:00;4931;4915.5;4928.5;4918.2;2328
2015.06.08;04:00:00;4926;4906.2;4914;4921;1109
2015.06.08;08:00:00;4922.4;4908;4919.9;4913.2;834
2015.06.08;12:00:00;4927.5;4876.2;4894.5;4921.5;8309
2015.06.08;16:00:00;4900;4860.7;4870;4894.2;7344
2015.06.08;20:00:00;4882.2;4828.7;4832.7;4869.7;7006
2015.06.09;00:00:00;4848.5;4825.5;4840.5;4832.5;2362
2015.06.09;04:00:00;4849.7;4837.9;4847.9;4839.9;824
2015.06.09;08:00:00;4848.9;4838.1;4844.9;4848.1;831
2015.06.09;12:00:00;4868.5;4819.5;4826.7;4845.3;7076
2015.06.09;16:00:00;4856.7;4782.5;4844.2;4826.5;8897
2015.06.09;20:00:00;4861.5;4811;4844.2;4843.5;9786
2015.06.10;00:00:00;4851.5;4822.2;4833.7;4843.7;2543
2015.06.10;04:00:00;4835.8;4826.2;4834.8;4831.2;666
2015.06.10;08:00:00;4838;4830.8;4832.6;4835;860
2015.06.10;12:00:00;4863.7;4810;4857.5;4832.4;7028
2015.06.10;16:00:00;4897;4851;4878.2;4857.2;5853
2015.06.10;20:00:00;4957.7;4870;4940.7;4878.5;8148
2015.06.11;00:00:00;4947.5;4923.4;4932;4940.5;2270
2015.06.11;04:00:00;4933;4920;4927.8;4931.6;710
2015.06.11;08:00:00;4928.2;4919.4;4923.4;4928;705
2015.06.11;12:00:00;4974.5;4916.2;4965.2;4923.2;6200
2015.06.11;16:00:00;4998.5;4957.2;4996.5;4965.5;6779
2015.06.11;20:00:00;5022.2;4947;4975.7;4996.7;9504
2015.06.12;00:00:00;4987.5;4963;4969;4975.5;1993
2015.06.12;04:00:00;4971.6;4955.4;4960.2;4969.2;485
2015.06.12;08:00:00;4961.2;4955.6;4959.4;4959.8;849
2015.06.12;12:00:00;4970;4932.7;4953.5;4959.2;6279
2015.06.12;16:00:00;4973;4894.5;4903.2;4953.7;7983
2015.06.12;20:00:00;4910.2;4851;4885;4903.5;11222
2015.06.15;00:00:00;4907.2;4877.5;4904.6;4886;1996
2015.06.15;04:00:00;4879.2;4857.2;4872.8;4873.6;1418
2015.06.15;08:00:00;4873.6;4860.4;4871.2;4872.6;573
2015.06.15;12:00:00;4877.5;4830.2;4847.7;4869.7;8435
2015.06.15;16:00:00;4858;4804.5;4823.7;4848.2;8145
2015.06.15;20:00:00;4842.5;4808.5;4813.2;4823.5;7017
2015.06.16;00:00:00;4832.2;4808.2;4828.2;4813.7;2102
2015.06.16;04:00:00;4827.3;4816.1;4817.3;4823.7;516
2015.06.16;08:00:00;4821.1;4813.5;4819.7;4817.5;767
2015.06.16;12:00:00;4823.5;4748;4781.7;4819.9;8201
2015.06.16;16:00:00;4817.5;4762.5;4811;4781.5;7912
2015.06.16;20:00:00;4859;4801;4843.5;4810.5;7781
2015.06.17;00:00:00;4850.7;4838.7;4846.9;4843.7;1485
2015.06.17;04:00:00;4848.6;4842.9;4845.6;4845.2;439
2015.06.17;08:00:00;4850.6;4843.2;4848.2;4845.8;621
2015.06.17;12:00:00;4859;4806.8;4844.3;4848;6543
2015.06.17;16:00:00;4844.5;4771.8;4795.8;4844.5;7027
2015.06.17;20:00:00;4832.8;4759.8;4766;4796.3;8117
2015.06.18;00:00:00;4789.3;4749.4;4755;4765.8;5937
2015.06.18;04:00:00;4761.8;4754.4;4755.6;4755.6;558
2015.06.18;08:00:00;4755.4;4746.2;4749.8;4755.4;928
2015.06.18;12:00:00;4783.5;4739.8;4751;4749.6;6711
2015.06.18;16:00:00;4771.7;4711.8;4758;4751.3;8222
2015.06.18;20:00:00;4874;4746;4830.5;4758.7;11202
2015.06.19;00:00:00;4844;4805;4811.6;4831;4302
2015.06.19;04:00:00;4814.4;4800.4;4802.6;4811.8;742
2015.06.19;08:00:00;4805;4798.6;4802;4802.2;480
2015.06.19;12:00:00;4849.5;4774;4835.7;4801.8;5700
2015.06.19;16:00:00;4870.2;4821;4834.5;4835.2;8629
2015.06.19;20:00:00;4835.7;4800.2;4816.7;4834;9855
2015.06.22;00:00:00;4820.2;4798.8;4799;4816.5;2241
2015.06.22;04:00:00;4833;4823.2;4831.6;4824;1007
2015.06.22;08:00:00;4855.4;4829;4855.4;4831.8;436
2015.06.22;12:00:00;4984;4855.8;4963;4855.8;9592
2015.06.22;16:00:00;4973.5;4909.2;4963.5;4963.2;9618
2015.06.22;20:00:00;5011;4963;4989;4963.2;7836
2015.06.23;00:00:00;4999.5;4974.8;4986.9;4988.5;1607
2015.06.23;04:00:00;5012.5;4986.3;5011.7;4987.1;508
2015.06.23;08:00:00;5024.3;5010.7;5023.5;5012.5;773
2015.06.23;12:00:00;5055.5;5008.7;5039.5;5023.3;6405
2015.06.23;16:00:00;5073;5036.2;5058;5040;5810
2015.06.23;20:00:00;5078.2;5045.5;5064.5;5058.5;7085
2015.06.24;00:00:00;5071.5;5057.7;5064;5064.2;1971
2015.06.24;04:00:00;5067;5058.8;5060;5066.4;480
2015.06.24;08:00:00;5059.8;5055;5055.4;5059.8;480
2015.06.24;12:00:00;5073.7;5039.5;5054.2;5055.8;5505
2015.06.24;16:00:00;5060.5;4999.5;5029.2;5054;10032
2015.06.24;20:00:00;5062;5029;5038.5;5029;8081
2015.06.25;00:00:00;5042.7;5014;5026.5;5038;3693
2015.06.25;04:00:00;5029;5015.4;5022.2;5027;587
2015.06.25;08:00:00;5031;5016;5030.5;5021.9;662
2015.06.25;12:00:00;5056.9;4994.9;5035.3;5031;6500
2015.06.25;16:00:00;5087;5019;5043.8;5034.8;9825
2015.06.25;20:00:00;5050.3;4994;5034;5044.3;8508
2015.06.26;00:00:00;5039;5010.8;5020.8;5033.8;2605
2015.06.26;04:00:00;5029.6;5016.3;5021.1;5023.3;527
2015.06.26;08:00:00;5027.1;5013.1;5025.8;5020.8;811
2015.06.26;12:00:00;5025.6;4984.3;5010.5;5025.6;6889
2015.06.26;16:00:00;5086.5;5006;5082.7;5010.2;7231
2015.06.26;20:00:00;5095.7;5048.5;5048.5;5082.5;9424
2015.06.29;00:00:00;5070.8;5046.5;5070.6;5049.2;2798
2015.06.29;04:00:00;5069.35;4832.85;4875.15;5068.15;3713
2015.06.29;08:00:00;4893.45;4840.45;4893.45;4875.45;2065
2015.06.29;12:00:00;4919.55;4763.75;4890.05;4852.25;14051
2015.06.29;16:00:00;4947.55;4872.05;4924.75;4890.55;8954
2015.06.29;20:00:00;4937.05;4840.05;4842.25;4924.55;9756
2015.06.30;00:00:00;4849.25;4804.55;4828.05;4842.55;3291
2015.06.30;04:00:00;4836.55;4822.75;4829.85;4825.35;926
2015.06.30;08:00:00;4840.35;4818.35;4838.15;4830.35;1377
2015.06.30;12:00:00;4858.25;4788.05;4820.25;4837.85;8397
2015.06.30;16:00:00;4892.05;4817.25;4875.55;4820.05;12262
2015.06.30;20:00:00;4892.75;4774.75;4790.25;4876.05;14125
2015.07.01;00:00:00;4851.55;4786.25;4814.85;4789.75;6070
2015.07.01;04:00:00;4821.25;4802.05;4817.55;4807.55;337
2015.07.01;08:00:00;4839.75;4816.55;4823.75;4817.25;1080
2015.07.01;12:00:00;4877.55;4810.25;4873.05;4823.55;7534
2015.07.01;16:00:00;4941.25;4859.55;4902.25;4873.55;11339
2015.07.01;20:00:00;4925.75;4854.75;4862.25;4902.55;10333
2015.07.02;00:00:00;4885.05;4855.25;4884.05;4862.05;3556
2015.07.02;04:00:00;4885.55;4869.05;4869.55;4882.35;657
2015.07.02;08:00:00;4880.05;4869.35;4876.85;4869.35;697
2015.07.02;12:00:00;4902.75;4872.25;4880.75;4877.05;5271
2015.07.02;16:00:00;4887.75;4867.05;4868.55;4881.25;4816
2015.07.02;20:00:00;4872.05;4821.55;4830.25;4868.25;8772
2015.07.03;00:00:00;4847.75;4824.25;4840.05;4830.05;2284
2015.07.03;04:00:00;4842.05;4832.55;4838.05;4840.75;452
2015.07.03;08:00:00;4845.25;4831.05;4845.25;4837.75;706
2015.07.03;12:00:00;4855.05;4808.55;4810.75;4845.75;5960
2015.07.03;16:00:00;4832.55;4800.55;4810.55;4809.75;5700
2015.07.03;20:00:00;4825.55;4778.55;4825.55;4810.05;6647
2015.07.06;00:00:00;4826.55;4800.55;4818.25;4825.25;753
2015.07.06;04:00:00;4678.35;4652.05;4670.85;4659.25;1996
2015.07.06;08:00:00;4690.85;4649.85;4690.85;4671.55;1655
2015.07.06;12:00:00;4777.05;4663.75;4763.55;4691.85;13721
2015.07.06;16:00:00;4770.05;4698.55;4725.25;4763.25;9790
2015.07.06;20:00:00;4754.05;4671.55;4674.25;4725.05;9380
2015.07.07;00:00:00;4712.65;4668.55;4712.45;4674.05;3666
2015.07.07;04:00:00;4723.65;4699.75;4712.75;4713.65;1176
2015.07.07;08:00:00;4715.95;4707.25;4715.45;4713.45;894
2015.07.07;12:00:00;4733.75;4688.75;4699.05;4714.95;7154
2015.07.07;16:00:00;4703.25;4652.55;4670.25;4698.25;8470
2015.07.07;20:00:00;4673.75;4598.55;4647.75;4669.75;16097
2015.07.08;00:00:00;4718.05;4634.55;4700.65;4647.55;7515
2015.07.08;04:00:00;4703.85;4682.65;4683.45;4703.85;1084
2015.07.08;08:00:00;4684.15;4660.25;4663.05;4683.15;2988
2015.07.08;12:00:00;4676.05;4600.05;4639.55;4663.25;11730
2015.07.08;16:00:00;4671.55;4622.55;4663.25;4640.55;9546
2015.07.08;20:00:00;4664.05;4623.75;4636.05;4663.55;11463
2015.07.09;00:00:00;4641.75;4602.05;4614.35;4635.75;7381
2015.07.09;04:00:00;4635.45;4609.15;4628.65;4615.55;1634
2015.07.09;08:00:00;4648.75;4626.95;4645.55;4628.95;2726
2015.07.09;12:00:00;4696.25;4644.75;4694.75;4646.55;6948
2015.07.09;16:00:00;4759.75;4690.25;4759.55;4694.55;8778
2015.07.09;20:00:00;4777.25;4729.25;4746.75;4759.75;12679
2015.07.10;00:00:00;4748.75;4714.85;4733.15;4746.55;5976
2015.07.10;04:00:00;4841.75;4729.85;4821.25;4733.85;3233
2015.07.10;08:00:00;4846.45;4819.25;4833.95;4819.95;2216
2015.07.10;12:00:00;4890.55;4822.25;4872.75;4833.75;10703
2015.07.10;16:00:00;4922.05;4868.25;4917.55;4872.55;7326
2015.07.10;20:00:00;4934.55;4883.25;4921.25;4918.25;10125
2015.07.13;00:00:00;4953.75;4908.25;4935.75;4922.25;4376
2015.07.13;04:00:00;4958.55;4864.15;4880.85;4936.25;2448
2015.07.13;08:00:00;4941.45;4879.65;4907.25;4881.35;2586
2015.07.13;12:00:00;5010.05;4859.75;5000.25;4895.05;14560
2015.07.13;16:00:00;5006.05;4982.05;4992.25;5000.05;7297
2015.07.13;20:00:00;5010.55;4990.25;4992.55;4992.55;6066
2015.07.14;00:00:00;5003.55;4992.55;5000.05;4993.05;1609
2015.07.14;04:00:00;5002.75;4992.05;4995.75;5000.75;570
2015.07.14;08:00:00;4997.55;4991.55;4995.05;4996.05;768
2015.07.14;12:00:00;5015.55;4982.75;4992.55;4995.25;4711
2015.07.14;16:00:00;4997.55;4981.55;4989.75;4993.25;4020
2015.07.14;20:00:00;5037.75;4986.55;5032.75;4988.55;6014
2015.07.15;00:00:00;5045.75;5028.25;5043.75;5032.25;1591
2015.07.15;04:00:00;5049.85;5031.85;5038.95;5044.25;598
2015.07.15;08:00:00;5061.45;5038.15;5048.05;5038.65;1331
2015.07.15;12:00:00;5050.55;5016.55;5033.55;5048.35;4385
2015.07.15;16:00:00;5049.55;5026.75;5043.25;5034.05;4616
2015.07.15;20:00:00;5056.05;5040.55;5050.25;5044.05;6415
2015.07.16;00:00:00;5053.25;5012.05;5043.35;5050.05;3731
2015.07.16;04:00:00;5096.35;5037.35;5072.35;5047.85;1221
2015.07.16;08:00:00;5099.15;5071.65;5089.35;5072.65;1240
2015.07.16;12:00:00;5128.55;5066.75;5124.25;5088.85;5617
2015.07.16;16:00:00;5143.75;5115.75;5140.05;5124.55;4529
2015.07.16;20:00:00;5147.05;5113.05;5117.75;5140.25;6832
2015.07.17;00:00:00;5130.55;5113.85;5121.15;5118.05;2031
2015.07.17;04:00:00;5127.85;5116.65;5118.15;5119.65;536
2015.07.17;08:00:00;5122.65;5113.85;5117.65;5118.35;481
2015.07.17;12:00:00;5142.25;5109.05;5120.75;5118.65;3876
2015.07.17;16:00:00;5135.75;5112.55;5130.05;5121.05;4663
2015.07.17;20:00:00;5132.05;5110.55;5123.25;5129.75;5924
2015.07.20;00:00:00;5128.25;5119.55;5123.05;5123.55;1387
2015.07.20;04:00:00;5135.55;5122.55;5131.85;5123.35;481
2015.07.20;08:00:00;5134.55;5126.35;5127.45;5132.05;353
2015.07.20;12:00:00;5182.05;5130.05;5180.75;5130.75;3528
2015.07.20;16:00:00;5184.75;5149.05;5149.55;5181.05;3310
2015.07.20;20:00:00;5150.55;5129.55;5146.75;5150.55;4605
2015.07.21;00:00:00;5148.25;5124.65;5137.85;5146.55;1405
2015.07.21;04:00:00;5138.65;5127.15;5135.15;5137.15;487
2015.07.21;08:00:00;5142.65;5129.65;5141.95;5135.45;440
2015.07.21;12:00:00;5157.55;5128.05;5129.85;5141.65;4002
2015.07.21;16:00:00;5152.65;5129.65;5132.65;5129.65;3302
2015.07.21;20:00:00;5135.35;5091.15;5094.15;5132.35;6859
2015.07.22;00:00:00;5116.95;5079.75;5086.25;5093.85;3176
2015.07.22;04:00:00;5094.25;5080.75;5093.55;5083.75;665
2015.07.22;08:00:00;5095.25;5088.25;5091.55;5093.25;731
2015.07.22;12:00:00;5101.15;5065.65;5091.15;5091.75;4779
2015.07.22;16:00:00;5094.65;5072.15;5077.65;5090.85;3806
2015.07.22;20:00:00;5096.65;5071.35;5091.35;5077.35;6393
2015.07.23;00:00:00;5096.45;5082.65;5096.45;5090.65;1706
2015.07.23;04:00:00;5103.65;5089.95;5096.95;5095.95;674
2015.07.23;08:00:00;5103.75;5093.95;5102.25;5096.75;691
2015.07.23;12:00:00;5120.85;5076.85;5091.85;5100.75;4445
2015.07.23;16:00:00;5099.35;5074.35;5083.35;5091.55;4152
2015.07.23;20:00:00;5100.05;5062.35;5066.55;5082.85;7385
2015.07.24;00:00:00;5075.35;5054.35;5074.35;5066.85;3272
2015.07.24;04:00:00;5077.95;5063.55;5072.05;5075.85;670
2015.07.24;08:00:00;5073.35;5059.15;5064.65;5072.35;707
2015.07.24;12:00:00;5120.55;5057.05;5114.05;5064.35;4514
2015.07.24;16:00:00;5115.75;5085.05;5088.25;5114.25;3350
2015.07.24;20:00:00;5091.05;5042.25;5042.25;5087.25;7992
2015.07.27;00:00:00;5048.25;5025.25;5043.35;5042.55;3293
2015.07.27;04:00:00;5048.55;5027.85;5044.55;5039.05;1217
2015.07.27;08:00:00;5047.15;5031.55;5046.85;5044.85;926
2015.07.27;12:00:00;5050.15;4974.25;4991.05;5049.35;7534
2015.07.27;16:00:00;4992.25;4933.25;4946.25;4990.55;8495
2015.07.27;20:00:00;4956.55;4917.05;4920.25;4946.05;7560
2015.07.28;00:00:00;4937.05;4916.75;4935.05;4921.25;2093
2015.07.28;04:00:00;4944.25;4926.75;4926.75;4934.25;771
2015.07.28;08:00:00;4964.55;4922.55;4961.55;4927.05;2093
2015.07.28;12:00:00;4974.55;4936.05;4966.05;4961.25;6456
2015.07.28;16:00:00;4997.05;4965.05;4989.25;4965.55;4888
2015.07.28;20:00:00;4992.55;4943.05;4984.25;4989.55;8726
2015.07.29;00:00:00;4997.55;4973.05;4986.25;4984.55;2278
2015.07.29;04:00:00;4991.25;4981.55;4987.25;4986.55;571
2015.07.29;08:00:00;4988.25;4975.55;4984.25;4987.05;876
2015.07.29;12:00:00;5021.05;4971.25;4991.75;4983.55;5478
2015.07.29;16:00:00;5005.55;4968.25;4975.25;4991.55;5311
2015.07.29;20:00:00;5020.55;4974.55;5011.25;4975.05;7655
2015.07.30;00:00:00;5044.55;5011.05;5026.15;5011.05;4419
2015.07.30;04:00:00;5028.75;5016.65;5026.35;5026.85;630
2015.07.30;08:00:00;5027.65;5018.15;5025.65;5026.15;867
2015.07.30;12:00:00;5054.55;5013.05;5030.55;5025.35;5675
2015.07.30;16:00:00;5061.75;5022.55;5046.55;5031.05;5881
2015.07.30;20:00:00;5051.25;5000.05;5049.05;5046.75;9158
2015.07.31;00:00:00;5058.85;5042.25;5056.55;5049.25;2143
2015.07.31;04:00:00;5057.55;5048.05;5052.85;5057.05;438
2015.07.31;08:00:00;5055.35;5049.35;5054.35;5053.35;629
2015.07.31;12:00:00;5080.55;5047.05;5066.55;5054.05;5332
2015.07.31;16:00:00;5068.25;5053.55;5063.55;5066.75;5257
2015.07.31;20:00:00;5087.05;5034.55;5084.25;5064.05;8108
2015.08.03;00:00:00;5098.85;5070.75;5095.05;5084.05;2392
2015.08.03;04:00:00;5092.15;5072.85;5079.65;5089.85;1024
2015.08.03;08:00:00;5084.15;5074.85;5076.95;5079.35;734
2015.08.03;12:00:00;5107.75;5064.55;5097.55;5077.15;7000
2015.08.03;16:00:00;5126.55;5095.75;5122.75;5097.25;5713
2015.08.03;20:00:00;5123.25;5088.55;5098.05;5122.55;6848
2015.08.04;00:00:00;5109.05;5089.75;5105.05;5097.55;2254
2015.08.04;04:00:00;5104.55;5085.35;5098.55;5104.05;885
2015.08.04;08:00:00;5107.05;5094.55;5099.35;5098.35;773
2015.08.04;12:00:00;5111.55;5075.55;5097.75;5099.65;5072
2015.08.04;16:00:00;5109.55;5081.05;5095.25;5098.05;5554
2015.08.04;20:00:00;5115.55;5092.25;5104.75;5096.55;7663
2015.08.05;00:00:00;5118.75;5096.25;5100.55;5104.25;2808
2015.08.05;04:00:00;5109.05;5078.55;5106.55;5099.25;680
2015.08.05;08:00:00;5120.35;5105.85;5111.55;5106.35;693
2015.08.05;12:00:00;5168.25;5108.05;5165.55;5112.05;4450
2015.08.05;16:00:00;5194.25;5156.55;5173.55;5165.75;5116
2015.08.05;20:00:00;5204.05;5173.75;5188.25;5173.75;7690
2015.08.06;00:00:00;5189.05;5171.55;5178.85;5188.05;2608
2015.08.06;04:00:00;5178.85;5168.85;5172.15;5177.65;593
2015.08.06;08:00:00;5173.65;5164.65;5167.95;5173.15;791
2015.08.06;12:00:00;5203.05;5165.45;5188.75;5168.15;4165
2015.08.06;16:00:00;5216.05;5185.05;5211.55;5188.55;3779
2015.08.06;20:00:00;5218.05;5168.75;5175.05;5212.05;7595
2015.08.07;00:00:00;5193.25;5174.25;5190.55;5174.75;2212
2015.08.07;04:00:00;5195.05;5182.05;5183.85;5190.05;576
2015.08.07;08:00:00;5198.55;5183.55;5192.85;5184.05;817
2015.08.07;12:00:00;5197.75;5165.55;5184.55;5193.15;3915
2015.08.07;16:00:00;5190.05;5168.05;5190.05;5185.05;4441
2015.08.07;20:00:00;5190.05;5152.05;5153.75;5189.75;8709
2015.08.10;00:00:00;5166.75;5152.55;5161.35;5154.05;2834
2015.08.10;04:00:00;5176.85;5152.35;5172.05;5160.05;1748
2015.08.10;08:00:00;5180.35;5167.35;5178.85;5171.85;819
2015.08.10;12:00:00;5193.55;5132.05;5158.55;5180.85;6286
2015.08.10;16:00:00;5194.25;5157.25;5186.75;5158.75;5573
2015.08.10;20:00:00;5198.25;5182.05;5196.25;5187.05;4313
2015.08.11;00:00:00;5200.35;5190.35;5192.85;5196.05;1259
2015.08.11;04:00:00;5197.65;5189.35;5194.35;5191.35;704
2015.08.11;08:00:00;5196.65;5161.95;5176.95;5194.65;2809
2015.08.11;12:00:00;5186.25;5134.55;5134.55;5177.45;5829
2015.08.11;16:00:00;5150.05;5106.55;5109.05;5134.05;6007
2015.08.11;20:00:00;5125.55;5093.05;5103.75;5109.25;9985
2015.08.12;00:00:00;5117.05;5096.55;5113.35;5104.05;3466
2015.08.12;04:00:00;5127.05;5109.55;5120.85;5113.05;746
2015.08.12;08:00:00;5123.65;5048.55;5057.35;5120.65;3446
2015.08.12;12:00:00;5081.05;4940.05;4948.05;5057.55;9955
2015.08.12;16:00:00;4998.35;4941.85;4969.35;4948.55;6800
2015.08.12;20:00:00;4972.05;4905.85;4938.55;4969.05;12385
2015.08.13;00:00:00;4997.15;4938.85;4992.35;4938.85;4196
2015.08.13;04:00:00;4997.15;4979.35;4994.15;4991.35;993
2015.08.13;08:00:00;5010.85;4956.85;5004.45;4993.65;3259
2015.08.13;12:00:00;5022.35;4985.35;5019.85;5004.15;7291
2015.08.13;16:00:00;5023.35;5001.35;5003.05;5020.35;4585
2015.08.13;20:00:00;5008.05;4971.25;4989.05;5003.55;9744
2015.08.14;00:00:00;5001.55;4969.25;4975.05;4988.75;2971
2015.08.14;04:00:00;4975.05;4965.75;4973.75;4974.25;508
2015.08.14;08:00:00;4987.25;4973.05;4977.25;4973.55;1214
2015.08.14;12:00:00;5017.05;4968.25;4988.25;4977.05;5607
2015.08.14;16:00:00;4997.55;4939.05;4954.55;4989.05;6714
2015.08.14;20:00:00;4972.55;4941.75;4966.25;4954.25;9164
2015.08.17;00:00:00;4988.75;4965.25;4987.75;4966.05;1711
2015.08.17;04:00:00;4998.25;4981.05;4981.55;4989.75;1010
2015.08.17;08:00:00;4988.05;4969.05;4983.05;4981.25;1260
2015.08.17;12:00:00;5025.55;4963.05;4987.75;4982.05;7815
2015.08.17;16:00:00;4989.05;4919.75;4952.25;4988.05;8170
2015.08.17;20:00:00;4999.05;4951.25;4993.75;4953.05;5783
2015.08.18;00:00:00;5001.05;4992.05;4993.05;4994.05;1521
2015.08.18;04:00:00;5011.55;4991.05;5009.85;4992.85;679
2015.08.18;08:00:00;5011.05;4993.05;5003.05;5008.85;1151
2015.08.18;12:00:00;5003.55;4954.05;4974.55;5002.85;6448
2015.08.18;16:00:00;4988.55;4957.55;4986.05;4975.05;6148
2015.08.18;20:00:00;4995.05;4963.75;4964.25;4986.55;8261
2015.08.19;00:00:00;4973.55;4959.55;4967.05;4963.55;1832
2015.08.19;04:00:00;4979.75;4965.25;4974.85;4968.25;569
2015.08.19;08:00:00;4975.55;4954.85;4957.05;4974.55;1456
2015.08.19;12:00:00;4960.65;4893.75;4910.25;4956.05;7993
2015.08.19;16:00:00;4949.55;4906.05;4920.75;4910.75;6340
2015.08.19;20:00:00;4927.05;4875.75;4891.75;4920.05;9938
2015.08.20;00:00:00;4918.55;4875.35;4883.35;4892.05;5939
2015.08.20;04:00:00;4894.85;4878.85;4889.55;4882.35;818
2015.08.20;08:00:00;4898.35;4881.35;4889.85;4889.35;1547
2015.08.20;12:00:00;4890.15;4827.75;4836.75;4889.65;8213
2015.08.20;16:00:00;4849.75;4816.05;4835.55;4837.05;7407
2015.08.20;20:00:00;4836.55;4757.05;4760.75;4835.25;12375
2015.08.21;00:00:00;4773.75;4704.15;4714.15;4761.25;6021
2015.08.21;04:00:00;4721.95;4709.65;4718.95;4711.65;1365
2015.08.21;08:00:00;4719.95;4637.95;4659.75;4718.65;4500
2015.08.21;12:00:00;4770.25;4651.35;4762.95;4660.05;9976
2015.08.21;16:00:00;4775.75;4711.45;4719.25;4762.75;10844
2015.08.21;20:00:00;4737.25;4610.95;4611.45;4719.45;17958
2015.08.24;00:00:00;4641.95;4576.95;4602.85;4610.95;10231
2015.08.24;04:00:00;4581.65;4539.45;4556.65;4574.05;6253
2015.08.24;08:00:00;4559.15;4406.25;4492.55;4556.95;13007
2015.08.24;12:00:00;4540.45;4464.45;4516.45;4497.35;17032
2015.08.24;16:00:00;4518.95;4225.55;4309.55;4515.75;22801
2015.08.24;20:00:00;4498.55;4300.05;4433.55;4310.35;26087
2015.08.25;00:00:00;4446.55;4296.15;4332.35;4433.85;17668
2015.08.25;04:00:00;4424.05;4303.05;4404.05;4324.85;6325
2015.08.25;08:00:00;4469.15;4380.85;4461.35;4404.85;8473
2015.08.25;12:00:00;4548.05;4350.05;4507.25;4461.65;17960
2015.08.25;16:00:00;4594.25;4486.05;4574.25;4507.05;18796
2015.08.25;20:00:00;4596.55;4524.55;4526.05;4572.25;21550
2015.08.26;00:00:00;4530.75;4403.25;4446.55;4525.75;17037
2015.08.26;04:00:00;4488.25;4384.75;4441.65;4454.75;7788
2015.08.26;08:00:00;4525.55;4413.85;4525.05;4441.85;8412
2015.08.26;12:00:00;4549.35;4428.25;4497.05;4524.85;16868
2015.08.26;16:00:00;4582.25;4484.55;4573.25;4497.55;15721
2015.08.26;20:00:00;4581.55;4462.75;4491.75;4573.75;22062
2015.08.27;00:00:00;4592.65;4482.25;4577.15;4492.05;15921
2015.08.27;04:00:00;4611.65;4578.15;4598.35;4580.15;3146
2015.08.27;08:00:00;4622.15;4580.15;4581.65;4597.85;4255
2015.08.27;12:00:00;4641.05;4574.55;4640.05;4582.15;12705
2015.08.27;16:00:00;4653.75;4612.05;4650.55;4640.25;10999
2015.08.27;20:00:00;4686.55;4629.05;4678.75;4651.05;16037
2015.08.28;00:00:00;4687.95;4616.75;4684.25;4679.25;13666
2015.08.28;04:00:00;4701.65;4671.65;4687.25;4681.45;2551
2015.08.28;08:00:00;4687.45;4640.25;4668.95;4687.45;3443
2015.08.28;12:00:00;4675.45;4621.55;4643.55;4669.25;10522
2015.08.28;16:00:00;4657.75;4621.05;4636.25;4643.75;11238
2015.08.28;20:00:00;4682.05;4630.55;4674.25;4636.55;14690
2015.08.31;00:00:00;4680.75;4649.25;4674.65;4674.05;8054
2015.08.31;04:00:00;4664.65;4584.75;4626.05;4661.85;7245
2015.08.31;08:00:00;4637.15;4599.05;4622.65;4626.55;4042
2015.08.31;12:00:00;4650.25;4607.25;4635.75;4621.15;5747
2015.08.31;16:00:00;4658.25;4620.55;4631.25;4636.25;5825
2015.08.31;20:00:00;4670.75;4620.25;4648.55;4632.55;9660
2015.09.01;00:00:00;4653.75;4624.05;4638.85;4648.75;5197
2015.09.01;04:00:00;4642.55;4547.45;4564.45;4639.05;4625
2015.09.01;08:00:00;4589.45;4526.95;4573.65;4563.45;7700
2015.09.01;12:00:00;4598.55;4507.25;4518.05;4573.35;14481
2015.09.01;16:00:00;4576.05;4511.05;4511.25;4518.25;12987
2015.09.01;20:00:00;4556.05;4497.75;4508.75;4511.75;18504
2015.09.02;00:00:00;4525.85;4482.25;4506.85;4509.25;13146
2015.09.02;04:00:00;4578.65;4486.65;4568.45;4507.15;4721
2015.09.02;08:00:00;4582.65;4535.75;4575.25;4568.65;9223
2015.09.02;12:00:00;4583.55;4514.05;4533.75;4575.05;13062
2015.09.02;16:00:00;4576.25;4516.05;4574.25;4533.55;11116
2015.09.02;20:00:00;4601.55;4534.75;4565.25;4574.55;17420
2015.09.03;00:00:00;4597.05;4560.05;4594.05;4565.05;8706
2015.09.03;04:00:00;4631.85;4584.15;4592.65;4594.55;2890
2015.09.03;08:00:00;4594.95;4570.65;4587.65;4592.95;3949
2015.09.03;12:00:00;4634.75;4578.15;4624.25;4587.45;8509
2015.09.03;16:00:00;4663.25;4594.05;4650.55;4624.55;10092
2015.09.03;20:00:00;4692.55;4632.25;4635.75;4650.05;15748
2015.09.04;00:00:00;4642.05;4609.35;4612.15;4636.25;10100
2015.09.04;04:00:00;4626.15;4559.65;4575.65;4613.35;2599
2015.09.04;08:00:00;4609.65;4558.15;4567.15;4575.35;4302
2015.09.04;12:00:00;4611.75;4559.25;4568.55;4567.35;10673
2015.09.04;16:00:00;4579.05;4502.25;4519.25;4568.25;11343
2015.09.04;20:00:00;4546.55;4499.25;4504.25;4518.25;18229
2015.09.07;00:00:00;4536.05;4485.25;4520.35;4504.55;8859
2015.09.07;04:00:00;4577.95;4473.05;4554.05;4479.85;7425
2015.09.07;08:00:00;4579.05;4536.05;4548.85;4554.25;6294
2015.09.07;12:00:00;4590.25;4525.55;4536.25;4551.85;10205
2015.09.07;16:00:00;4550.25;4523.55;4540.75;4536.55;6354
2015.09.07;20:00:00;4556.05;4535.25;4539.05;4541.05;2915
2015.09.08;00:00:00;4545.25;4537.05;4542.25;4539.25;179
2015.09.08;04:00:00;4577.35;4539.05;4570.55;4541.25;2562
2015.09.08;08:00:00;4577.55;4539.55;4557.35;4571.05;4722
2015.09.08;12:00:00;4631.55;4542.05;4625.55;4557.05;8023
2015.09.08;16:00:00;4655.75;4619.55;4632.25;4625.75;7131
2015.09.08;20:00:00;4636.55;4586.55;4593.05;4631.75;12186
2015.09.09;00:00:00;4626.05;4589.25;4610.15;4593.25;4509
2015.09.09;04:00:00;4638.35;4606.85;4637.35;4610.35;1803
2015.09.09;08:00:00;4663.25;4624.95;4656.45;4636.35;4313
2015.09.09;12:00:00;4715.55;4651.95;4689.05;4656.75;8765
2015.09.09;16:00:00;4727.55;4689.55;4727.05;4689.75;5974
2015.09.09;20:00:00;4732.05;4651.55;4660.25;4727.55;12387
2015.09.10;00:00:00;4670.55;4587.35;4600.85;4660.75;9890
2015.09.10;04:00:00;4606.95;4568.75;4582.05;4601.05;3338
2015.09.10;08:00:00;4626.05;4576.75;4608.05;4581.75;4596
2015.09.10;12:00:00;4648.05;4601.75;4632.25;4608.25;9062
2015.09.10;16:00:00;4666.05;4581.55;4594.05;4632.05;10053
2015.09.10;20:00:00;4632.05;4583.05;4605.25;4594.25;16790
2015.09.11;00:00:00;4628.75;4597.55;4609.85;4605.75;7206
2015.09.11;04:00:00;4636.35;4600.55;4621.15;4611.35;2151
2015.09.11;08:00:00;4646.15;4620.35;4633.15;4620.35;3102
2015.09.11;12:00:00;4635.15;4546.55;4551.55;4633.45;8530
2015.09.11;16:00:00;4574.25;4543.05;4553.55;4552.05;7357
2015.09.11;20:00:00;4580.55;4545.55;4573.25;4554.55;10759
2015.09.14;00:00:00;4581.85;4557.25;4577.55;4573.55;3895
2015.09.14;04:00:00;4620.55;4578.85;4604.15;4587.55;3160
2015.09.14;08:00:00;4605.65;4566.85;4575.65;4604.35;3877
2015.09.14;12:00:00;4598.05;4545.55;4558.25;4573.95;8791
2015.09.14;16:00:00;4566.55;4512.05;4519.75;4558.05;8410
2015.09.14;20:00:00;4552.55;4506.75;4530.75;4520.05;8504
2015.09.15;00:00:00;4543.05;4522.75;4535.05;4530.55;2727
2015.09.15;04:00:00;4555.45;4528.75;4552.75;4534.55;1546
2015.09.15;08:00:00;4554.25;4534.25;4541.95;4552.95;2895
2015.09.15;12:00:00;4548.25;4503.05;4519.05;4542.25;7019
2015.09.15;16:00:00;4557.75;4500.55;4543.05;4518.55;6812
2015.09.15;20:00:00;4592.05;4535.55;4573.75;4543.75;10559
2015.09.16;00:00:00;4598.05;4573.25;4595.85;4574.25;3500
2015.09.16;04:00:00;4597.65;4581.95;4591.65;4593.85;1258
2015.09.16;08:00:00;4593.65;4566.65;4580.65;4591.95;2956
2015.09.16;12:00:00;4637.75;4573.65;4624.05;4580.45;6109
2015.09.16;16:00:00;4643.25;4609.55;4630.05;4623.55;6096
2015.09.16;20:00:00;4653.55;4619.75;4647.75;4629.75;8919
2015.09.17;00:00:00;4669.05;4636.25;4666.85;4647.25;3513
2015.09.17;04:00:00;4669.45;4649.35;4652.35;4665.05;1131
2015.09.17;08:00:00;4656.55;4642.35;4655.55;4652.05;1595
2015.09.17;12:00:00;4665.25;4627.75;4642.05;4655.35;5732
2015.09.17;16:00:00;4665.55;4639.55;4645.05;4641.75;4375
2015.09.17;20:00:00;4666.25;4637.05;4657.25;4644.75;7666
2015.09.18;00:00:00;4710.75;4610.55;4629.05;4656.75;10652
2015.09.18;04:00:00;4641.55;4614.25;4628.55;4630.05;2166
2015.09.18;08:00:00;4652.55;4624.55;4637.95;4628.25;2861
2015.09.18;12:00:00;4646.25;4573.05;4581.55;4638.25;8359
2015.09.18;16:00:00;4588.05;4521.55;4523.05;4582.05;11246
2015.09.18;20:00:00;4561.75;4494.05;4535.25;4523.55;14694
2015.09.21;00:00:00;4559.55;4516.75;4555.25;4535.75;7913
2015.09.21;04:00:00;4563.55;4505.55;4514.85;4557.05;3061
2015.09.21;08:00:00;4539.15;4506.35;4528.75;4513.05;2193
2015.09.21;12:00:00;4587.55;4516.55;4573.55;4529.45;9773
2015.09.21;16:00:00;4605.05;4562.55;4571.25;4574.05;8998
2015.09.21;20:00:00;4603.55;4545.75;4570.75;4571.55;9702
2015.09.22;00:00:00;4599.05;4562.55;4597.35;4570.25;4364
2015.09.22;04:00:00;4601.05;4585.05;4587.05;4596.55;992
2015.09.22;08:00:00;4590.35;4574.55;4579.05;4587.35;1492
2015.09.22;12:00:00;4599.05;4473.05;4486.75;4579.35;9569
2015.09.22;16:00:00;4486.55;4420.55;4426.75;4486.55;12351
2015.09.22;20:00:00;4465.05;4412.75;4426.75;4428.05;13422
2015.09.23;00:00:00;4463.55;4426.55;4442.05;4427.05;5816
2015.09.23;04:00:00;4458.85;4427.05;4456.35;4440.85;1637
2015.09.23;08:00:00;4461.35;4381.55;4387.65;4455.55;4146
2015.09.23;12:00:00;4488.75;4382.85;4478.75;4388.15;9883
2015.09.23;16:00:00;4480.25;4443.75;4473.55;4479.05;8684
2015.09.23;20:00:00;4478.25;4415.25;4427.75;4474.05;11691
2015.09.24;00:00:00;4448.25;4419.05;4446.25;4428.25;5481
2015.09.24;04:00:00;4457.55;4420.55;4422.05;4439.25;1809
2015.09.24;08:00:00;4440.85;4390.35;4417.45;4421.85;3600
2015.09.24;12:00:00;4454.25;4399.05;4432.75;4417.65;9893
2015.09.24;16:00:00;4438.25;4341.55;4363.05;4433.05;13872
2015.09.24;20:00:00;4381.25;4308.05;4353.55;4362.75;14623
2015.09.25;00:00:00;4414.55;4350.75;4391.75;4353.25;8807
2015.09.25;04:00:00;4419.45;4366.95;4398.75;4388.05;3480
2015.09.25;08:00:00;4403.45;4376.75;4401.95;4398.45;3658
2015.09.25;12:00:00;4492.55;4399.55;4492.55;4401.75;10173
2015.09.25;16:00:00;4514.25;4473.05;4503.55;4492.05;9588
2015.09.25;20:00:00;4509.25;4465.75;4480.25;4503.05;13723
2015.09.28;00:00:00;4494.75;4423.55;4436.75;4480.55;7831
2015.09.28;04:00:00;4436.55;4398.05;4429.35;4436.35;3687
2015.09.28;08:00:00;4453.15;4420.35;4435.25;4430.85;1905
2015.09.28;12:00:00;4471.55;4397.25;4407.05;4434.75;12369
2015.09.28;16:00:00;4420.05;4357.25;4360.75;4407.25;11340
2015.09.28;20:00:00;4372.25;4331.75;4334.75;4360.55;14338
2015.09.29;00:00:00;4343.75;4319.25;4336.55;4335.25;5868
2015.09.29;04:00:00;4351.75;4321.25;4327.75;4332.25;1874
2015.09.29;08:00:00;4335.85;4303.85;4317.55;4327.25;4256
2015.09.29;12:00:00;4378.05;4272.75;4362.55;4317.05;12429
2015.09.29;16:00:00;4372.25;4334.55;4368.75;4361.55;8636
2015.09.29;20:00:00;4374.55;4315.05;4338.25;4369.05;17645
2015.09.30;00:00:00;4365.25;4329.05;4352.05;4338.55;8383
2015.09.30;04:00:00;4372.75;4341.55;4371.55;4350.05;2076
2015.09.30;08:00:00;4400.35;4371.05;4400.35;4371.05;3317
2015.09.30;12:00:00;4454.05;4389.15;4444.25;4400.85;9768
2015.09.30;16:00:00;4474.55;4443.05;4460.05;4443.75;7130
2015.09.30;20:00:00;4473.75;4415.55;4421.25;4460.25;14143
2015.10.01;00:00:00;4462.75;4421.25;4444.85;4422.25;7405
2015.10.01;04:00:00;4456.15;4442.95;4455.65;4443.35;1313
2015.10.01;08:00:00;4518.75;4453.15;4507.75;4455.35;4181
2015.10.01;12:00:00;4527.55;4495.55;4509.75;4507.95;7778
2015.10.01;16:00:00;4518.05;4456.75;4466.75;4510.05;9920
2015.10.01;20:00:00;4485.55;4400.75;4416.25;4466.55;18081
2015.10.02;00:00:00;4471.05;4406.05;4463.45;4416.05;7005
2015.10.02;04:00:00;4475.85;4446.45;4461.85;4462.65;2728
2015.10.02;08:00:00;4471.65;4442.25;4447.25;4462.05;2767
2015.10.02;12:00:00;4491.05;4444.65;4489.55;4448.05;7669
2015.10.02;16:00:00;4518.55;4401.55;4428.75;4489.25;8826
2015.10.02;20:00:00;4492.25;4384.55;4488.75;4428.25;17281
2015.10.05;00:00:00;4535.75;4489.05;4532.95;4489.75;6624
2015.10.05;04:00:00;4533.35;4514.35;4517.95;4532.75;3114
2015.10.05;08:00:00;4550.55;4518.35;4550.55;4518.75;2748
2015.10.05;12:00:00;4600.55;4527.05;4599.55;4550.15;9658
2015.10.05;16:00:00;4626.55;4593.55;4619.55;4599.05;8396
2015.10.05;20:00:00;4640.75;4603.55;4638.55;4619.25;8862
2015.10.06;00:00:00;4652.05;4634.75;4648.65;4638.75;2997
2015.10.06;04:00:00;4649.65;4630.65;4631.65;4649.05;1600
2015.10.06;08:00:00;4645.85;4620.85;4634.25;4632.05;3354
2015.10.06;12:00:00;4644.55;4588.05;4634.05;4634.05;7947
2015.10.06;16:00:00;4654.05;4615.05;4654.05;4633.75;6523
2015.10.06;20:00:00;4685.05;4635.25;4643.05;4655.05;13584
2015.10.07;00:00:00;4661.25;4616.25;4621.85;4642.75;5768
2015.10.07;04:00:00;4630.25;4607.25;4625.65;4621.05;1407
2015.10.07;08:00:00;4658.95;4621.25;4649.35;4625.45;3222
2015.10.07;12:00:00;4710.75;4645.75;4702.25;4649.55;8358
2015.10.07;16:00:00;4705.25;4676.05;4696.25;4702.55;6821
2015.10.07;20:00:00;4729.55;4652.55;4673.05;4696.55;13516
2015.10.08;00:00:00;4705.45;4670.25;4704.05;4672.75;5979
2015.10.08;04:00:00;4706.05;4690.25;4692.05;4700.05;1254
2015.10.08;08:00:00;4695.05;4659.25;4663.45;4692.25;3185
2015.10.08;12:00:00;4687.55;4645.25;4648.25;4663.85;8948
2015.10.08;16:00:00;4674.05;4642.75;4656.05;4648.55;7267
2015.10.08;20:00:00;4694.25;4654.25;4679.25;4656.55;11660
2015.10.09;00:00:00;4731.85;4676.05;4726.65;4679.05;7407
2015.10.09;04:00:00;4729.25;4715.95;4718.95;4729.25;1176
2015.10.09;08:00:00;4740.75;4713.55;4737.55;4718.55;1923
2015.10.09;12:00:00;4739.95;4700.05;4716.55;4737.35;7245
2015.10.09;16:00:00;4737.55;4713.55;4728.75;4716.25;6438
2015.10.09;20:00:00;4730.05;4685.55;4689.05;4729.05;11040
2015.10.12;00:00:00;4703.05;4680.05;4698.15;4689.55;3749
2015.10.12;04:00:00;4698.35;4684.95;4693.15;4698.35;1397
2015.10.12;08:00:00;4704.75;4689.95;4703.95;4693.35;1283
2015.10.12;12:00:00;4714.75;4662.05;4681.55;4706.15;7625
2015.10.12;16:00:00;4688.75;4667.25;4680.55;4682.05;6245
2015.10.12;20:00:00;4694.75;4672.05;4681.75;4681.05;6270
2015.10.13;00:00:00;4695.35;4679.35;4691.55;4682.05;1576
2015.10.13;04:00:00;4695.65;4684.65;4691.05;4689.45;954
2015.10.13;08:00:00;4692.25;4675.65;4680.25;4690.85;1868
2015.10.13;12:00:00;4683.05;4594.25;4619.75;4680.05;7140
2015.10.13;16:00:00;4631.45;4602.25;4608.75;4618.25;7044
2015.10.13;20:00:00;4656.25;4599.75;4634.75;4609.45;10280
2015.10.14;00:00:00;4638.25;4605.55;4609.15;4634.25;4575
2015.10.14;04:00:00;4610.15;4599.95;4603.75;4608.85;1219
2015.10.14;08:00:00;4620.15;4598.55;4615.55;4604.15;1835
2015.10.14;12:00:00;4622.45;4579.75;4602.45;4615.75;7194
2015.10.14;16:00:00;4647.55;4596.75;4621.55;4602.75;6368
2015.10.14;20:00:00;4660.75;4605.25;4633.75;4621.05;11617
2015.10.15;00:00:00;4636.05;4606.75;4617.45;4634.05;5801
2015.10.15;04:00:00;4629.85;4614.35;4625.85;4617.25;1256
2015.10.15;08:00:00;4647.65;4625.65;4644.25;4625.65;2251
2015.10.15;12:00:00;4666.75;4620.55;4664.55;4644.65;6890
2015.10.15;16:00:00;4675.75;4655.25;4668.05;4664.75;6287
2015.10.15;20:00:00;4684.55;4654.55;4677.25;4667.75;10221
2015.10.16;00:00:00;4717.35;4676.75;4716.75;4677.55;4126
2015.10.16;04:00:00;4727.95;4709.95;4717.15;4717.95;1440
2015.10.16;08:00:00;4721.55;4708.95;4710.55;4716.95;1289
2015.10.16;12:00:00;4719.95;4686.05;4709.25;4710.35;5985
2015.10.16;16:00:00;4716.75;4682.75;4696.75;4708.95;6072
2015.10.16;20:00:00;4710.45;4678.75;4702.45;4696.45;9614
2015.10.19;00:00:00;4715.05;4690.95;4713.45;4702.95;3429
2015.10.19;04:00:00;4714.05;4684.65;4689.65;4713.85;1508
2015.10.19;08:00:00;4705.45;4690.85;4704.45;4695.65;1810
2015.10.19;12:00:00;4745.45;4681.95;4718.05;4706.85;6536
2015.10.19;16:00:00;4723.55;4682.55;4705.25;4718.25;6348
2015.10.19;20:00:00;4708.55;4685.05;4692.55;4705.55;7202
2015.10.20;00:00:00;4707.35;4686.95;4703.55;4692.25;2749
2015.10.20;04:00:00;4703.15;4694.35;4696.95;4703.15;700
2015.10.20;08:00:00;4700.95;4692.75;4699.95;4697.15;798
2015.10.20;12:00:00;4712.05;4654.55;4659.25;4699.75;5397
2015.10.20;16:00:00;4675.05;4648.75;4660.75;4659.05;5264
2015.10.20;20:00:00;4689.55;4652.55;4675.25;4661.05;8048
2015.10.21;00:00:00;4682.55;4663.55;4664.55;4675.05;3773
2015.10.21;04:00:00;4676.75;4654.55;4674.15;4665.55;1245
2015.10.21;08:00:00;4698.75;4668.95;4694.55;4674.35;1378
2015.10.21;12:00:00;4705.75;4641.55;4661.55;4694.35;6575
2015.10.21;16:00:00;4717.25;4661.05;4701.55;4661.25;5969
2015.10.21;20:00:00;4709.75;4679.55;4691.55;4701.75;8589
2015.10.22;00:00:00;4692.05;4650.45;4661.45;4691.75;5242
2015.10.22;04:00:00;4673.85;4655.25;4670.85;4661.05;1306
2015.10.22;08:00:00;4682.65;4668.85;4674.05;4671.05;1616
2015.10.22;12:00:00;4699.05;4666.05;4688.25;4673.25;5071
2015.10.22;16:00:00;4774.05;4686.05;4754.55;4688.75;6732
2015.10.22;20:00:00;4840.25;4746.55;4836.75;4754.25;10808
2015.10.23;00:00:00;4842.75;4817.25;4842.75;4837.05;5746
2015.10.23;04:00:00;4863.55;4833.55;4854.35;4836.55;1922
2015.10.23;08:00:00;4854.95;4846.75;4851.35;4854.15;1244
2015.10.23;12:00:00;4876.75;4838.05;4866.55;4850.75;6272
2015.10.23;16:00:00;4946.25;4858.05;4930.25;4866.05;8105
2015.10.23;20:00:00;4937.25;4906.75;4932.25;4930.05;11493
2015.10.25;23:00:00;4950.25;4929.05;4929.55;4931.75;4288
2015.10.26;00:00:00;4931.15;4917.55;4922.75;4928.35;1614
2015.10.26;04:00:00;4926.55;4916.75;4917.15;4921.95;1168
2015.10.26;08:00:00;4930.75;4881.55;4899.55;4916.95;6170
2015.10.26;12:00:00;4924.05;4889.25;4913.25;4900.05;5688
2015.10.26;16:00:00;4916.05;4879.75;4895.55;4912.25;8942
2015.10.26;20:00:00;4900.55;4891.05;4895.05;4895.75;1705
2015.10.27;00:00:00;4893.75;4886.35;4889.35;4892.55;1014
2015.10.27;04:00:00;4889.55;4871.15;4880.25;4889.55;1566
2015.10.27;08:00:00;4896.25;4862.75;4894.55;4880.05;5469
2015.10.27;12:00:00;4894.75;4851.55;4863.25;4894.75;6150
2015.10.27;16:00:00;4869.05;4847.25;4852.75;4863.55;8128
2015.10.27;20:00:00;4871.75;4850.25;4869.25;4852.55;1912
2015.10.28;00:00:00;4872.95;4856.15;4871.75;4865.35;1445
2015.10.28;04:00:00;4872.75;4859.75;4865.15;4871.55;1147
2015.10.28;08:00:00;4887.55;4847.55;4880.55;4865.35;5411
2015.10.28;12:00:00;4880.25;4855.75;4877.55;4880.25;5630
2015.10.28;16:00:00;4908.25;4873.75;4903.55;4877.25;7180
2015.10.28;20:00:00;4931.75;4863.55;4925.05;4903.05;9008
2015.10.29;00:00:00;4921.95;4913.35;4914.55;4920.15;1205
2015.10.29;04:00:00;4918.15;4906.15;4916.15;4914.35;1059
2015.10.29;08:00:00;4919.15;4845.55;4857.75;4915.55;6453
2015.10.29;12:00:00;4879.05;4840.05;4867.75;4857.55;7055
2015.10.29;16:00:00;4887.75;4845.05;4869.75;4867.05;8405
2015.10.29;20:00:00;4887.05;4868.25;4884.25;4869.55;1911
2015.10.30;00:00:00;4899.35;4875.15;4897.95;4880.95;1714
2015.10.30;04:00:00;4911.75;4890.75;4904.55;4897.75;2701
2015.10.30;08:00:00;4908.55;4886.25;4889.75;4904.75;5626
2015.10.30;12:00:00;4893.05;4864.05;4869.75;4890.75;5867
2015.10.30;16:00:00;4906.55;4864.55;4900.25;4869.25;7393
2015.10.30;20:00:00;4903.25;4873.05;4877.75;4900.75;2354
2015.11.02;00:00:00;4871.35;4848.95;4852.75;4869.55;2104
2015.11.02;04:00:00;4856.35;4846.35;4856.15;4852.55;1421
2015.11.02;08:00:00;4924.05;4835.75;4913.25;4858.15;7243
2015.11.02;12:00:00;4937.75;4909.55;4929.25;4913.05;5564
2015.11.02;16:00:00;4935.25;4912.25;4919.55;4929.05;5536
2015.11.02;20:00:00;4939.25;4919.25;4924.15;4919.25;1962
2015.11.03;00:00:00;4935.95;4920.35;4933.15;4928.15;940
2015.11.03;04:00:00;4933.75;4924.55;4925.15;4932.95;682
2015.11.03;08:00:00;4929.75;4903.55;4916.25;4924.95;5053
2015.11.03;12:00:00;4920.05;4894.25;4906.75;4916.05;4359
2015.11.03;16:00:00;4942.75;4905.55;4939.05;4907.55;6259
2015.11.03;20:00:00;4956.55;4935.55;4941.75;4938.75;3171
2015.11.04;00:00:00;4955.15;4936.15;4955.15;4939.95;1141
2015.11.04;04:00:00;4961.95;4940.75;4943.15;4954.95;1681
2015.11.04;08:00:00;4990.55;4941.55;4978.75;4943.55;5724
2015.11.04;12:00:00;4992.55;4970.05;4982.05;4979.05;4539
2015.11.04;16:00:00;4983.55;4937.75;4953.75;4982.25;9490
2015.11.04;20:00:00;4962.25;4941.25;4952.75;4953.55;4034
2015.11.05;00:00:00;4951.55;4937.35;4943.75;4949.15;1142
2015.11.05;04:00:00;4954.35;4943.75;4949.75;4943.95;1202
2015.11.05;08:00:00;4974.25;4932.75;4967.55;4949.55;5826
2015.11.05;12:00:00;5007.05;4965.05;5000.05;4967.75;5967
2015.11.05;16:00:00;5006.75;4964.55;4996.75;5000.25;9487
2015.11.05;20:00:00;4997.25;4970.65;4977.85;4997.05;3740
2015.11.06;00:00:00;4978.65;4966.45;4971.65;4977.45;929
2015.11.06;04:00:00;4983.85;4965.65;4982.65;4971.45;737
2015.11.06;08:00:00;4988.55;4939.05;4942.75;4982.45;5812
2015.11.06;12:00:00;4987.55;4929.55;4983.55;4942.55;6769
2015.11.06;16:00:00;5011.55;4957.55;4988.25;4983.75;13532
2015.11.06;20:00:00;5007.05;4987.05;5002.85;4988.05;3415
2015.11.09;00:00:00;5013.65;4996.05;5010.25;4997.05;1806
2015.11.09;04:00:00;5010.85;4998.65;4999.05;5010.45;1219
2015.11.09;08:00:00;5000.85;4950.55;4959.75;5000.85;7802
2015.11.09;12:00:00;4968.55;4945.55;4947.75;4960.05;5733
2015.11.09;16:00:00;4951.05;4901.55;4906.25;4947.55;8862
2015.11.09;20:00:00;4929.75;4902.25;4922.65;4906.75;3020
2015.11.10;00:00:00;4929.65;4912.05;4926.65;4920.25;1375
2015.11.10;04:00:00;4938.65;4924.05;4930.05;4926.85;1252
2015.11.10;08:00:00;4943.75;4884.75;4892.75;4930.45;6657
2015.11.10;12:00:00;4909.05;4872.05;4908.75;4892.55;5742
2015.11.10;16:00:00;4924.05;4893.05;4921.25;4909.55;8563
2015.11.10;20:00:00;4931.05;4914.75;4920.25;4921.05;2758
2015.11.11;00:00:00;4922.45;4915.65;4921.05;4920.85;1075
2015.11.11;04:00:00;4931.85;4916.45;4924.45;4920.85;1277
2015.11.11;08:00:00;4957.55;4912.25;4950.25;4924.65;5248
2015.11.11;12:00:00;4974.25;4934.55;4964.05;4950.55;4878
2015.11.11;16:00:00;4968.75;4933.05;4961.25;4964.55;8965
2015.11.11;20:00:00;4961.05;4929.65;4932.85;4961.05;3302
2015.11.12;00:00:00;4946.05;4928.25;4944.65;4931.05;1232
2015.11.12;04:00:00;4949.05;4937.85;4949.05;4944.05;1044
2015.11.12;08:00:00;4964.05;4907.55;4921.55;4948.85;6903
2015.11.12;12:00:00;4921.55;4877.55;4885.75;4921.25;6035
2015.11.12;16:00:00;4889.05;4840.55;4853.25;4885.55;11604
2015.11.12;20:00:00;4862.05;4813.75;4815.15;4854.25;4452
2015.11.13;00:00:00;4834.35;4813.15;4832.35;4815.35;1551
2015.11.13;04:00:00;4833.35;4817.75;4820.95;4832.15;1298
2015.11.13;08:00:00;4859.75;4819.75;4841.25;4821.15;6801
2015.11.13;12:00:00;4851.25;4789.25;4805.05;4841.05;9792
2015.11.13;16:00:00;4827.25;4761.25;4817.75;4805.25;13191
2015.11.13;20:00:00;4820.05;4783.15;4791.95;4817.55;5267
2015.11.16;00:00:00;4753.85;4635.25;4697.25;4750.45;2669
2015.11.16;04:00:00;4708.25;4677.65;4692.95;4697.05;1444
2015.11.16;08:00:00;4825.25;4693.35;4800.55;4694.55;11045
2015.11.16;12:00:00;4818.55;4777.05;4805.25;4800.25;9234
2015.11.16;16:00:00;4845.55;4789.25;4845.55;4805.05;10766
2015.11.16;20:00:00;4864.55;4841.55;4860.95;4845.75;2855
2015.11.17;00:00:00;4868.75;4854.95;4867.35;4859.75;1138
2015.11.17;04:00:00;4877.35;4864.95;4866.35;4867.75;1377
2015.11.17;08:00:00;4908.75;4838.75;4902.75;4865.95;6194
2015.11.17;12:00:00;4922.75;4894.75;4916.55;4902.55;5453
2015.11.17;16:00:00;4941.55;4897.55;4928.25;4916.25;9469
2015.11.17;20:00:00;4934.05;4887.75;4910.85;4927.75;5830
2015.11.18;00:00:00;4912.25;4897.25;4906.85;4911.45;1279
2015.11.18;04:00:00;4911.05;4894.45;4899.05;4907.25;1271
2015.11.18;08:00:00;4908.25;4882.05;4885.75;4898.25;6724
2015.11.18;12:00:00;4916.55;4876.05;4914.75;4886.05;5694
2015.11.18;16:00:00;4921.25;4891.55;4910.25;4915.05;9430
2015.11.18;20:00:00;4950.05;4905.75;4937.45;4910.05;5401
2015.11.19;00:00:00;4953.25;4928.85;4950.85;4933.45;1274
2015.11.19;04:00:00;4955.45;4940.85;4952.45;4950.65;1460
2015.11.19;08:00:00;4962.75;4935.55;4956.55;4952.05;5809
2015.11.19;12:00:00;4960.25;4917.55;4919.05;4956.75;4566
2015.11.19;16:00:00;4931.55;4899.25;4917.75;4918.75;9195
2015.11.19;20:00:00;4921.25;4899.75;4909.35;4918.05;2908
2015.11.20;00:00:00;4909.35;4897.85;4901.25;4909.15;830
2015.11.20;04:00:00;4907.85;4900.25;4905.45;4901.05;652
2015.11.20;08:00:00;4932.75;4878.25;4886.55;4905.85;6536
2015.11.20;12:00:00;4922.55;4880.55;4919.75;4886.05;5638
2015.11.20;16:00:00;4935.05;4902.55;4909.25;4920.05;8083
2015.11.20;20:00:00;4914.55;4900.55;4906.65;4909.55;2819
2015.11.23;00:00:00;4920.25;4904.45;4910.25;4909.45;1480
2015.11.23;04:00:00;4916.85;4908.05;4910.45;4910.45;793
2015.11.23;08:00:00;4912.25;4857.75;4873.75;4912.25;6794
2015.11.23;12:00:00;4893.25;4862.05;4870.75;4873.25;6350
2015.11.23;16:00:00;4905.55;4869.05;4881.25;4870.25;6105
2015.11.23;20:00:00;4882.05;4857.05;4866.35;4880.75;2266
2015.11.24;00:00:00;4876.15;4862.15;4863.55;4865.95;954
2015.11.24;04:00:00;4868.75;4859.75;4863.55;4863.95;742
2015.11.24;08:00:00;4880.05;4792.05;4824.05;4863.75;8197
2015.11.24;12:00:00;4830.05;4771.55;4780.55;4824.25;7595
2015.11.24;16:00:00;4831.05;4780.25;4825.25;4780.25;9127
2015.11.24;20:00:00;4839.25;4824.75;4826.05;4825.55;3219
2015.11.25;00:00:00;4832.85;4819.25;4823.05;4827.25;987
2015.11.25;04:00:00;4835.25;4821.45;4834.25;4822.65;779
2015.11.25;08:00:00;4892.75;4819.75;4881.55;4834.05;6609
2015.11.25;12:00:00;4897.05;4874.25;4887.25;4882.05;4554
2015.11.25;16:00:00;4911.75;4882.05;4890.05;4887.05;6660
2015.11.25;20:00:00;4892.75;4879.35;4887.95;4890.25;1785
2015.11.26;00:00:00;4897.15;4886.55;4894.95;4887.35;627
2015.11.26;04:00:00;4899.95;4889.55;4890.95;4895.15;542
2015.11.26;08:00:00;4930.75;4880.25;4925.05;4891.35;5379
2015.11.26;12:00:00;4956.25;4923.55;4944.05;4925.25;3712
2015.11.26;16:00:00;4952.75;4933.55;4934.55;4943.55;2545
2015.11.26;20:00:00;4939.05;4927.95;4928.35;4935.25;373
2015.11.27;00:00:00;4933.75;4920.35;4922.75;4928.75;705
2015.11.27;04:00:00;4924.95;4916.35;4919.35;4922.55;721
2015.11.27;08:00:00;4942.05;4902.25;4940.25;4919.15;6475
2015.11.27;12:00:00;4961.55;4937.05;4940.55;4940.55;4783
2015.11.27;16:00:00;4948.55;4923.55;4925.25;4940.25;6139
2015.11.27;20:00:00;4930.55;4925.25;4925.75;4925.75;396
2015.11.30;00:00:00;4921.95;4908.15;4914.55;4921.35;1329
2015.11.30;04:00:00;4922.35;4911.55;4919.95;4914.35;854
2015.11.30;08:00:00;4957.75;4899.05;4946.75;4923.25;6006
2015.11.30;12:00:00;4974.55;4946.05;4954.05;4946.55;4651
2015.11.30;16:00:00;4970.05;4943.75;4957.25;4953.25;5820
2015.11.30;20:00:00;4961.55;4941.95;4960.35;4956.75;2431
2015.12.01;00:00:00;4976.35;4958.15;4968.75;4958.55;1366
2015.12.01;04:00:00;4976.95;4968.75;4975.55;4968.95;1259
2015.12.01;08:00:00;4977.75;4939.25;4941.55;4975.75;5693
2015.12.01;12:00:00;4962.55;4929.05;4941.55;4941.25;4844
2015.12.01;16:00:00;4944.05;4896.25;4917.25;4942.25;8738
2015.12.01;20:00:00;4926.25;4905.05;4920.85;4917.05;2812
2015.12.02;00:00:00;4921.85;4915.25;4920.65;4920.45;739
2015.12.02;04:00:00;4925.05;4917.85;4919.85;4920.85;818
2015.12.02;08:00:00;4937.25;4905.55;4914.55;4919.45;5799
2015.12.02;12:00:00;4939.05;4883.55;4902.25;4916.05;6905
2015.12.02;16:00:00;4942.05;4900.05;4906.25;4902.05;8298
2015.12.02;20:00:00;4908.25;4855.75;4881.75;4906.05;5085
2015.12.03;00:00:00;4884.35;4864.35;4883.75;4881.55;1377
2015.12.03;04:00:00;4887.95;4869.95;4886.75;4883.95;1358
2015.12.03;08:00:00;4956.55;4875.35;4948.25;4886.95;6344
2015.12.03;12:00:00;4975.05;4735.75;4807.75;4947.75;15114
2015.12.03;16:00:00;4842.25;4675.75;4689.75;4808.25;17462
2015.12.03;20:00:00;4701.25;4659.55;4687.75;4689.25;8131
2015.12.04;00:00:00;4701.35;4686.15;4695.15;4687.55;1930
2015.12.04;04:00:00;4696.95;4684.55;4689.55;4694.35;1226
2015.12.04;08:00:00;4736.75;4677.25;4709.55;4689.35;9702
2015.12.04;12:00:00;4733.55;4691.25;4696.55;4709.05;8799
2015.12.04;16:00:00;4751.55;4667.55;4742.75;4696.75;13457
2015.12.04;20:00:00;4773.05;4743.25;4768.45;4743.25;5195
2015.12.07;00:00:00;4783.25;4748.65;4751.25;4781.65;1744
2015.12.07;04:00:00;4765.25;4747.45;4765.25;4751.45;816
2015.12.07;08:00:00;4803.55;4732.25;4800.25;4767.25;8519
2015.12.07;12:00:00;4803.55;4764.05;4768.25;4800.05;7774
2015.12.07;16:00:00;4773.55;4742.55;4760.05;4768.55;12463
2015.12.07;20:00:00;4778.65;4752.75;4774.65;4760.75;4885
2015.12.08;00:00:00;4776.45;4749.25;4754.85;4773.85;1375
2015.12.08;04:00:00;4758.05;4736.65;4746.65;4755.05;1509
2015.12.08;08:00:00;4758.75;4710.75;4722.05;4746.45;8354
2015.12.08;12:00:00;4742.05;4681.55;4682.05;4721.75;9366
2015.12.08;16:00:00;4706.75;4655.05;4679.75;4680.75;14380
2015.12.08;20:00:00;4689.75;4667.55;4677.05;4679.55;6263
2015.12.09;00:00:00;4700.25;4672.65;4685.45;4677.25;1743
2015.12.09;04:00:00;4692.05;4677.85;4683.65;4686.05;1823
2015.12.09;08:00:00;4715.55;4640.05;4656.25;4683.45;9227
2015.12.09;12:00:00;4674.25;4629.55;4631.25;4656.55;9157
2015.12.09;16:00:00;4693.55;4576.25;4581.25;4631.55;15819
2015.12.09;20:00:00;4609.05;4569.75;4598.25;4581.55;9545
2015.12.10;00:00:00;4615.45;4597.05;4614.05;4598.05;1552
2015.12.10;04:00:00;4615.25;4601.85;4603.45;4613.85;1261
2015.12.10;08:00:00;4646.55;4594.75;4637.05;4602.65;4789
2015.12.10;12:00:00;4661.05;4618.55;4628.75;4636.75;10313
2015.12.10;16:00:00;4659.75;4619.75;4635.25;4628.55;15057
2015.12.10;20:00:00;4652.05;4611.55;4621.35;4635.75;5369
2015.12.11;00:00:00;4639.15;4618.75;4633.55;4620.95;1623
2015.12.11;04:00:00;4633.95;4623.75;4630.95;4633.15;1278
2015.12.11;08:00:00;4636.55;4592.05;4610.05;4631.35;7808
2015.12.11;12:00:00;4614.55;4555.55;4572.55;4609.75;12068
2015.12.11;16:00:00;4572.75;4525.75;4536.25;4572.75;17466
2015.12.11;20:00:00;4552.05;4519.05;4528.55;4536.05;6251
2015.12.14;00:00:00;4553.45;4517.65;4547.05;4524.85;2582
2015.12.14;04:00:00;4560.05;4543.05;4549.45;4546.85;1594
2015.12.14;08:00:00;4623.25;4553.05;4605.05;4553.25;10386
2015.12.14;12:00:00;4609.55;4519.55;4535.05;4604.25;14125
2015.12.14;16:00:00;4551.55;4466.05;4505.75;4535.55;18022
2015.12.14;20:00:00;4538.55;4500.75;4525.25;4506.05;5435
2015.12.15;00:00:00;4547.45;4525.05;4530.25;4525.45;1530
2015.12.15;04:00:00;4538.25;4522.25;4522.65;4530.45;1342
2015.12.15;08:00:00;4580.55;4516.55;4573.05;4522.45;7565
2015.12.15;12:00:00;4588.55;4556.05;4587.05;4572.75;8669
2015.12.15;16:00:00;4630.25;4585.05;4625.75;4587.75;11758
2015.12.15;20:00:00;4626.05;4625.75;4625.75;4626.05;2
