DATE;TIME;HIGH;LOW;CLOSE;OPEN;VOLUME
2015.04.27;12:00:00;1.93924;1.93416;1.93678;1.93859;32963
2015.04.27;16:00:00;1.94053;1.92942;1.93959;1.93678;42295
2015.04.27;20:00:00;1.94127;1.93715;1.93845;1.93957;22915
2015.04.28;00:00:00;1.94234;1.93395;1.93651;1.93845;16396
2015.04.28;04:00:00;1.93724;1.93401;1.93595;1.93649;15091
2015.04.28;08:00:00;1.93603;1.92294;1.92578;1.93595;35775
2015.04.28;12:00:00;1.93141;1.91921;1.92069;1.92578;43755
2015.04.28;16:00:00;1.92185;1.91058;1.91215;1.9207;46334
2015.04.28;20:00:00;1.91354;1.90999;1.91116;1.91218;22951
2015.04.29;00:00:00;1.91884;1.91076;1.91451;1.91118;16777
2015.04.29;04:00:00;1.92162;1.91439;1.91985;1.91459;19894
2015.04.29;08:00:00;1.9274;1.91821;1.92663;1.91991;36110
2015.04.29;12:00:00;1.92716;1.9165;1.91943;1.92667;45646
2015.04.29;16:00:00;1.92157;1.91222;1.91819;1.91941;61599
2015.04.29;20:00:00;1.92725;1.91493;1.92694;1.91818;40393
2015.04.30;00:00:00;1.93364;1.92543;1.9256;1.92694;17101
2015.04.30;04:00:00;1.93293;1.92462;1.92845;1.92549;22448
2015.04.30;08:00:00;1.94875;1.92823;1.9463;1.92847;52069
2015.04.30;12:00:00;1.94992;1.94222;1.94571;1.94628;53582
2015.04.30;16:00:00;1.95053;1.94079;1.94147;1.94571;58023
2015.04.30;20:00:00;1.94253;1.93813;1.94144;1.94147;29715
2015.05.01;00:00:00;1.94648;1.93825;1.94467;1.94144;14149
2015.05.01;04:00:00;1.9478;1.94277;1.94535;1.94467;12533
2015.05.01;08:00:00;1.95249;1.93735;1.93799;1.94535;28797
2015.05.01;12:00:00;1.94179;1.93547;1.93882;1.938;33317
2015.05.01;16:00:00;1.94211;1.93072;1.93302;1.9388;51941
2015.05.01;20:00:00;1.93526;1.92774;1.92849;1.93302;21434
2015.05.04;00:00:00;1.93933;1.93018;1.93868;1.93125;15481
2015.05.04;04:00:00;1.94202;1.93349;1.93648;1.93867;16607
2015.05.04;08:00:00;1.93689;1.93029;1.9342;1.93648;31706
2015.05.04;12:00:00;1.93421;1.92638;1.93116;1.93421;32660
2015.05.04;16:00:00;1.93173;1.92619;1.92683;1.93116;30263
2015.05.04;20:00:00;1.93006;1.92595;1.92852;1.92687;11668
2015.05.05;00:00:00;1.93015;1.92678;1.92929;1.92835;11825
2015.05.05;04:00:00;1.94018;1.91128;1.91301;1.92929;19772
2015.05.05;08:00:00;1.92273;1.91011;1.92038;1.91305;42553
2015.05.05;12:00:00;1.92257;1.91576;1.91657;1.92041;40540
2015.05.05;16:00:00;1.92252;1.90909;1.91284;1.91659;50136
2015.05.05;20:00:00;1.914;1.90924;1.91082;1.91284;21056
2015.05.06;00:00:00;1.91512;1.90966;1.91083;1.91082;18082
2015.05.06;04:00:00;1.91338;1.90611;1.9087;1.91084;21521
2015.05.06;08:00:00;1.91164;1.89777;1.90162;1.90871;44109
2015.05.06;12:00:00;1.90642;1.8993;1.90031;1.90157;47142
2015.05.06;16:00:00;1.90998;1.89788;1.90998;1.90032;53015
2015.05.06;20:00:00;1.9147;1.90898;1.91186;1.91002;22855
2015.05.07;00:00:00;1.91661;1.91034;1.91319;1.91186;19817
2015.05.07;04:00:00;1.92133;1.90451;1.90972;1.91316;32234
2015.05.07;08:00:00;1.91454;1.90523;1.91159;1.90973;40444
2015.05.07;12:00:00;1.91856;1.90917;1.91288;1.91159;53030
2015.05.07;16:00:00;1.92469;1.91071;1.92379;1.91294;46960
2015.05.07;20:00:00;1.93198;1.92379;1.92735;1.92379;24316
2015.05.08;00:00:00;1.95235;1.92469;1.94981;1.926;22988
2015.05.08;04:00:00;1.96644;1.94365;1.96031;1.9498;30362
2015.05.08;08:00:00;1.96112;1.94886;1.9565;1.96029;46980
2015.05.08;12:00:00;1.9568;1.94209;1.94329;1.95648;46610
2015.05.08;16:00:00;1.95496;1.93621;1.95034;1.9433;50456
2015.05.08;20:00:00;1.95209;1.94494;1.94504;1.95033;16602
2015.05.11;00:00:00;1.95126;1.94586;1.94851;1.94586;14333
2015.05.11;04:00:00;1.95583;1.94834;1.95319;1.94848;21174
2015.05.11;08:00:00;1.95584;1.94866;1.94936;1.95319;33995
2015.05.11;12:00:00;1.96224;1.94761;1.9617;1.94936;38808
2015.05.11;16:00:00;1.97655;1.95977;1.97198;1.96174;43575
2015.05.11;20:00:00;1.97517;1.9687;1.97479;1.97198;17928
2015.05.12;00:00:00;1.97535;1.97038;1.97251;1.97481;15699
2015.05.12;04:00:00;1.97352;1.96363;1.9648;1.97253;18812
2015.05.12;08:00:00;1.96855;1.95918;1.96445;1.96476;41054
2015.05.12;12:00:00;1.97068;1.96154;1.96418;1.96446;45374
2015.05.12;16:00:00;1.96944;1.96063;1.96666;1.96421;37067
2015.05.12;20:00:00;1.96681;1.95985;1.96371;1.96667;19559
2015.05.13;00:00:00;1.96978;1.95688;1.96082;1.96371;16002
2015.05.13;04:00:00;1.96723;1.95913;1.96621;1.96083;20317
2015.05.13;08:00:00;1.96865;1.96089;1.96471;1.9662;34542
2015.05.13;12:00:00;1.96586;1.93904;1.94077;1.96474;50836
2015.05.13;16:00:00;1.94253;1.93525;1.94032;1.94077;45012
2015.05.13;20:00:00;1.94395;1.93884;1.94041;1.94034;18679
2015.05.14;00:00:00;1.94267;1.93583;1.93688;1.94045;16956
2015.05.14;04:00:00;1.93971;1.92899;1.93873;1.93689;22279
2015.05.14;08:00:00;1.95403;1.93681;1.95172;1.9387;37678
2015.05.14;12:00:00;1.95381;1.9449;1.94557;1.95172;37270
2015.05.14;16:00:00;1.95318;1.93998;1.94726;1.94553;39596
2015.05.14;20:00:00;1.95432;1.94724;1.95107;1.94725;18971
2015.05.15;00:00:00;1.95931;1.94973;1.95754;1.95109;17269
2015.05.15;04:00:00;1.95857;1.95475;1.95738;1.95749;19283
2015.05.15;08:00:00;1.96392;1.95605;1.96371;1.95739;39515
2015.05.15;12:00:00;1.96519;1.95995;1.96464;1.96373;35009
2015.05.15;16:00:00;1.96656;1.95738;1.96021;1.96465;45154
2015.05.15;20:00:00;1.96023;1.95498;1.95597;1.96022;21378
2015.05.18;00:00:00;1.96338;1.95462;1.96252;1.95634;12644
2015.05.18;04:00:00;1.96328;1.95869;1.96026;1.96252;16892
2015.05.18;08:00:00;1.96262;1.95496;1.95502;1.96026;32069
2015.05.18;12:00:00;1.96156;1.95307;1.96002;1.95502;33905
2015.05.18;16:00:00;1.96502;1.95686;1.95945;1.96005;35464
2015.05.18;20:00:00;1.96207;1.95696;1.95747;1.95942;21000
2015.05.19;00:00:00;1.96092;1.95709;1.95944;1.95741;14841
2015.05.19;04:00:00;1.9658;1.95546;1.95861;1.95935;21251
2015.05.19;08:00:00;1.96034;1.94507;1.95006;1.95858;45361
2015.05.19;12:00:00;1.95048;1.94177;1.94966;1.95005;44592
2015.05.19;16:00:00;1.96123;1.94923;1.95905;1.94966;44045
2015.05.19;20:00:00;1.95993;1.95666;1.95925;1.95906;18033
2015.05.20;00:00:00;1.9619;1.95744;1.95955;1.95964;16445
2015.05.20;04:00:00;1.9613;1.95604;1.95749;1.95961;18360
2015.05.20;08:00:00;1.96833;1.95535;1.96369;1.95748;43286
2015.05.20;12:00:00;1.96938;1.96268;1.96859;1.96369;40193
2015.05.20;16:00:00;1.97596;1.96781;1.97208;1.96859;43858
2015.05.20;20:00:00;1.97272;1.96562;1.97221;1.97208;36244
2015.05.21;00:00:00;1.97486;1.9702;1.97105;1.97224;13094
2015.05.21;04:00:00;1.97299;1.96641;1.9665;1.97105;20078
2015.05.21;08:00:00;1.9811;1.96462;1.97957;1.96648;41863
2015.05.21;12:00:00;1.9911;1.97954;1.98956;1.97955;44252
2015.05.21;16:00:00;1.99066;1.98535;1.98693;1.98957;44609
2015.05.21;20:00:00;1.98766;1.98266;1.9828;1.98693;23755
2015.05.22;00:00:00;1.98454;1.98015;1.9807;1.98272;16874
2015.05.22;04:00:00;1.98174;1.97737;1.97878;1.98071;22493
2015.05.22;08:00:00;1.98364;1.97709;1.98195;1.97875;35057
2015.05.22;12:00:00;1.98933;1.97954;1.98201;1.98197;45081
2015.05.22;16:00:00;1.98391;1.97553;1.97872;1.98202;39741
2015.05.22;20:00:00;1.9809;1.97533;1.97621;1.97879;22540
2015.05.25;00:00:00;1.98185;1.97417;1.98082;1.97579;14016
2015.05.25;04:00:00;1.98143;1.97603;1.97628;1.98082;16223
2015.05.25;08:00:00;1.98045;1.97615;1.9776;1.97626;25864
2015.05.25;12:00:00;1.97876;1.97394;1.97502;1.97758;20018
2015.05.25;16:00:00;1.97637;1.97387;1.97542;1.97502;16740
2015.05.25;20:00:00;1.97732;1.97514;1.9762;1.97552;23594
2015.05.26;00:00:00;1.97857;1.97554;1.97624;1.9761;14966
2015.05.26;04:00:00;1.97668;1.97087;1.9727;1.97619;17297
2015.05.26;08:00:00;1.98119;1.97132;1.97901;1.97268;45146
2015.05.26;12:00:00;1.98286;1.97227;1.98283;1.97906;43880
2015.05.26;16:00:00;1.99028;1.98104;1.98778;1.98287;49044
2015.05.26;20:00:00;1.99071;1.98673;1.98843;1.98779;21847
2015.05.27;00:00:00;1.99043;1.9857;1.98666;1.98843;8785
2015.05.27;04:00:00;1.99038;1.98436;1.98749;1.98664;18768
2015.05.27;08:00:00;1.99321;1.98428;1.98862;1.98753;38472
2015.05.27;12:00:00;1.99589;1.9875;1.99287;1.98862;42742
2015.05.27;16:00:00;1.99401;1.9849;1.98738;1.99288;46609
2015.05.27;20:00:00;1.98833;1.98431;1.9851;1.98738;21174
2015.05.28;00:00:00;1.98708;1.98135;1.9816;1.98466;14343
2015.05.28;04:00:00;2.0003;1.97829;1.99733;1.9816;28887
2015.05.28;08:00:00;2.00452;1.99214;1.9974;1.99734;41689
2015.05.28;12:00:00;2.00331;1.99541;2.00077;1.99743;41814
2015.05.28;16:00:00;2.00542;1.9994;2.00148;2.00074;42071
2015.05.28;20:00:00;2.00304;1.99971;2.00158;2.00145;25102
2015.05.29;00:00:00;2.00245;1.99876;2.00121;2.00159;13435
2015.05.29;04:00:00;2.00288;1.99835;1.99963;2.00121;17772
2015.05.29;08:00:00;2.00166;1.99622;1.99645;1.99965;36093
2015.05.29;12:00:00;1.99954;1.99076;1.99837;1.99646;45953
2015.05.29;16:00:00;2.00103;1.99174;1.9949;1.99832;45120
2015.05.29;20:00:00;2.00107;1.99413;1.99871;1.99491;16767
2015.06.01;00:00:00;2.00138;1.99605;1.99694;2.00119;12242
2015.06.01;04:00:00;2.00098;1.99458;1.99633;1.99694;19474
2015.06.01;08:00:00;2.00017;1.98989;1.99145;1.99636;33183
2015.06.01;12:00:00;1.99527;1.98969;1.99308;1.99139;37173
2015.06.01;16:00:00;1.99896;1.99267;1.99701;1.99308;44017
2015.06.01;20:00:00;1.9996;1.99665;1.99788;1.997;21066
2015.06.02;00:00:00;1.99851;1.9925;1.99379;1.99788;18867
2015.06.02;04:00:00;1.99431;1.97837;1.98117;1.99379;22387
2015.06.02;08:00:00;1.98382;1.97253;1.9826;1.98117;40964
2015.06.02;12:00:00;1.98958;1.97778;1.98224;1.9826;47567
2015.06.02;16:00:00;1.98306;1.97304;1.9745;1.98223;53584
2015.06.02;20:00:00;1.97481;1.97166;1.97348;1.97462;24956
2015.06.03;00:00:00;1.97621;1.97224;1.97534;1.97348;19947
2015.06.03;04:00:00;1.9756;1.96338;1.96964;1.97536;23010
2015.06.03;08:00:00;1.97158;1.96024;1.96378;1.96965;40148
2015.06.03;12:00:00;1.96959;1.96108;1.96728;1.9638;40483
2015.06.03;16:00:00;1.97058;1.9615;1.96885;1.96728;51633
2015.06.03;20:00:00;1.97102;1.96828;1.96932;1.96888;19655
2015.06.04;00:00:00;1.9731;1.96684;1.97183;1.96944;16947
2015.06.04;04:00:00;1.9865;1.96987;1.98244;1.97182;20442
2015.06.04;08:00:00;1.98922;1.98007;1.9863;1.98243;47185
2015.06.04;12:00:00;1.99357;1.98418;1.99277;1.9863;43909
2015.06.04;16:00:00;2.00382;1.99133;2.00125;1.99277;43179
2015.06.04;20:00:00;2.00356;1.99748;1.99757;2.00124;23125
2015.06.05;00:00:00;2.00087;1.99603;1.99683;1.99757;21744
2015.06.05;04:00:00;1.99738;1.99353;1.9944;1.99683;15716
2015.06.05;08:00:00;1.99512;1.98841;1.98845;1.99439;38659
2015.06.05;12:00:00;1.99935;1.98235;1.99931;1.98841;41183
2015.06.05;16:00:00;2.00453;1.99138;2.00289;1.99929;53000
2015.06.05;20:00:00;2.00644;2.00175;2.00429;2.00289;19686
2015.06.08;00:00:00;2.00435;1.99951;2.00402;1.99953;12316
2015.06.08;04:00:00;2.00631;1.99744;2.00558;2.00395;16271
2015.06.08;08:00:00;2.0068;1.994;1.99468;2.00562;37062
2015.06.08;12:00:00;2.00022;1.99144;1.99785;1.99467;29157
2015.06.08;16:00:00;2.0014;1.99517;2.00072;1.99787;36805
2015.06.08;20:00:00;2.00108;1.98976;1.99186;2.00076;25029
2015.06.09;00:00:00;1.99682;1.99106;1.99478;1.99146;15273
2015.06.09;04:00:00;1.99715;1.98893;1.99548;1.99475;21136
2015.06.09;08:00:00;2.00145;1.99321;1.99365;1.99551;44756
2015.06.09;12:00:00;1.99426;1.98504;1.99093;1.9937;46067
2015.06.09;16:00:00;2.00403;1.98669;2.00285;1.99092;46025
2015.06.09;20:00:00;2.00431;1.99897;1.99963;2.00283;20025
2015.06.10;00:00:00;2.00458;1.9984;2.00275;1.99958;18088
2015.06.10;04:00:00;2.01254;1.99989;2.00386;2.00281;24393
2015.06.10;08:00:00;2.00434;1.98466;1.98784;2.00379;55372
2015.06.10;12:00:00;2.00214;1.98771;2.00071;1.98785;44213
2015.06.10;16:00:00;2.00467;1.99796;1.99945;2.00077;48095
2015.06.10;20:00:00;2.00239;1.99756;2.00053;1.99948;24269
2015.06.11;00:00:00;2.01535;1.99761;2.00707;2.01436;19363
2015.06.11;04:00:00;2.00869;1.98897;1.99451;2.0071;22592
2015.06.11;08:00:00;1.99828;1.99006;1.99551;1.99451;41979
2015.06.11;12:00:00;2.00478;1.99493;2.00104;1.99551;39710
2015.06.11;16:00:00;2.00874;2.00026;2.00455;2.00106;39217
2015.06.11;20:00:00;2.0056;1.99845;2.00018;2.00454;20413
2015.06.12;00:00:00;2.00412;1.99912;2.00172;2.00012;19199
2015.06.12;04:00:00;2.00467;2.00073;2.00419;2.0017;17000
2015.06.12;08:00:00;2.01539;2.00239;2.01396;2.00421;35834
2015.06.12;12:00:00;2.01612;2.00808;2.01169;2.01392;37383
2015.06.12;16:00:00;2.01419;2.00741;2.00837;2.01171;40295
2015.06.12;20:00:00;2.01249;2.00772;2.01133;2.00834;15997
2015.06.15;00:00:00;2.01655;2.00371;2.01529;2.00371;12992
2015.06.15;04:00:00;2.01556;2.01222;2.01449;2.01529;17771
2015.06.15;08:00:00;2.01599;2.00925;2.0114;2.0145;33204
2015.06.15;12:00:00;2.01143;1.99719;1.99984;2.0114;30692
2015.06.15;16:00:00;2.00653;1.99675;2.00508;1.99986;28255
2015.06.15;20:00:00;2.01029;2.00495;2.00852;2.00512;16773
2015.06.16;00:00:00;2.01161;2.00793;2.01081;2.00861;15986
2015.06.16;04:00:00;2.01356;2.00498;2.01148;2.0108;20406
2015.06.16;08:00:00;2.01946;2.011;2.01142;2.01151;32160
2015.06.16;12:00:00;2.01913;2.01021;2.01463;2.01139;32629
2015.06.16;16:00:00;2.01799;2.01244;2.01746;2.01466;23806
2015.06.16;20:00:00;2.02098;2.01733;2.01782;2.01741;12147
2015.06.17;00:00:00;2.0205;2.01641;2.01847;2.01757;14304
2015.06.17;04:00:00;2.02652;2.01799;2.02508;2.01844;16379
2015.06.17;08:00:00;2.04779;2.02387;2.0463;2.02503;33026
2015.06.17;12:00:00;2.05247;2.04488;2.04844;2.04626;33973
2015.06.17;16:00:00;2.05118;2.04347;2.05018;2.04847;31783
2015.06.17;20:00:00;2.05187;2.03887;2.04224;2.05014;44043
2015.06.18;00:00:00;2.05469;2.03992;2.04846;2.04228;20319
2015.06.18;04:00:00;2.05272;2.04642;2.04931;2.04845;19263
2015.06.18;08:00:00;2.05058;2.03984;2.04013;2.04931;39095
2015.06.18;12:00:00;2.0423;2.02878;2.0303;2.0401;37219
2015.06.18;16:00:00;2.03121;2.02555;2.0309;2.03023;34089
2015.06.18;20:00:00;2.03726;2.03001;2.03504;2.0309;24473
2015.06.19;00:00:00;2.04087;2.03269;2.03658;2.03553;15526
2015.06.19;04:00:00;2.04549;2.03542;2.04362;2.03655;17547
2015.06.19;08:00:00;2.04485;2.03988;2.04011;2.04362;33280
2015.06.19;12:00:00;2.04829;2.03858;2.0481;2.04011;31009
2015.06.19;16:00:00;2.05006;2.04416;2.04593;2.04812;27882
2015.06.19;20:00:00;2.04616;2.03999;2.04163;2.0459;17044
2015.06.22;00:00:00;2.04451;2.04171;2.04248;2.04236;9726
2015.06.22;04:00:00;2.04418;2.03996;2.0433;2.04248;15149
2015.06.22;08:00:00;2.04443;2.03846;2.04097;2.0433;30048
2015.06.22;12:00:00;2.04151;2.03427;2.03601;2.04098;32519
2015.06.22;16:00:00;2.04753;2.03494;2.04695;2.036;36813
2015.06.22;20:00:00;2.04893;2.04489;2.04697;2.04693;19117
2015.06.23;00:00:00;2.04873;2.04468;2.04621;2.04719;12434
2015.06.23;04:00:00;2.05062;2.04352;2.04721;2.04623;21410
2015.06.23;08:00:00;2.04781;2.04034;2.04414;2.04721;32953
2015.06.23;12:00:00;2.0478;2.04258;2.04621;2.04414;33044
2015.06.23;16:00:00;2.04799;2.03199;2.03497;2.04626;32713
2015.06.23;20:00:00;2.0354;2.03026;2.03236;2.03497;20293
2015.06.24;00:00:00;2.03448;2.02865;2.03127;2.03225;14185
2015.06.24;04:00:00;2.04013;2.0302;2.03968;2.03125;15623
2015.06.24;08:00:00;2.04403;2.03297;2.03629;2.03965;33782
2015.06.24;12:00:00;2.03921;2.03102;2.03809;2.03629;34452
2015.06.24;16:00:00;2.04516;2.03348;2.03525;2.03812;39354
2015.06.24;20:00:00;2.03853;2.0338;2.03763;2.03525;20884
2015.06.25;00:00:00;2.03995;2.03289;2.03307;2.03741;12968
2015.06.25;04:00:00;2.03365;2.02552;2.02661;2.03307;16651
2015.06.25;08:00:00;2.03359;2.02503;2.02927;2.02661;26832
2015.06.25;12:00:00;2.035;2.02436;2.03475;2.02927;32858
2015.06.25;16:00:00;2.03757;2.02964;2.03192;2.03473;26813
2015.06.25;20:00:00;2.03479;2.03106;2.0345;2.03192;16237
2015.06.26;00:00:00;2.03767;2.03318;2.03604;2.03406;15176
2015.06.26;04:00:00;2.04162;2.03604;2.03853;2.03604;17620
2015.06.26;08:00:00;2.04648;2.03807;2.04339;2.03851;25689
2015.06.26;12:00:00;2.0562;2.04313;2.05567;2.04337;26799
2015.06.26;16:00:00;2.06127;2.05433;2.05646;2.05566;29938
2015.06.26;20:00:00;2.05796;2.0547;2.05658;2.05646;11485
2015.06.29;00:00:00;2.06665;2.05199;2.05714;2.05612;27107
2015.06.29;04:00:00;2.0581;2.04233;2.05262;2.05714;22165
2015.06.29;08:00:00;2.05897;2.04864;2.05013;2.05258;43701
2015.06.29;12:00:00;2.0536;2.04649;2.05197;2.05016;30254
2015.06.29;16:00:00;2.05899;2.04585;2.04766;2.05197;33178
2015.06.29;20:00:00;2.04917;2.04109;2.04883;2.04766;21109
2015.06.30;00:00:00;2.05212;2.04725;2.04999;2.04883;16957
2015.06.30;04:00:00;2.05244;2.04772;2.04912;2.04999;21205
2015.06.30;08:00:00;2.05133;2.04267;2.04662;2.04917;36455
2015.06.30;12:00:00;2.0505;2.04199;2.04396;2.04666;41375
2015.06.30;16:00:00;2.04671;2.03781;2.03947;2.04388;37679
2015.06.30;20:00:00;2.04297;2.03597;2.03747;2.03947;24920
2015.07.01;00:00:00;2.04106;2.03376;2.03382;2.03763;23386
2015.07.01;04:00:00;2.03904;2.02836;2.0343;2.03379;14111
2015.07.01;08:00:00;2.04146;2.03004;2.03065;2.0343;26943
2015.07.01;12:00:00;2.04057;2.02865;2.03813;2.03065;34339
2015.07.01;16:00:00;2.04358;2.03618;2.03806;2.03813;33309
2015.07.01;20:00:00;2.04231;2.03641;2.04218;2.03804;19714
2015.07.02;00:00:00;2.04471;2.03928;2.03931;2.04218;16105
2015.07.02;04:00:00;2.04484;2.0385;2.04073;2.03931;14748
2015.07.02;08:00:00;2.0527;2.03994;2.05149;2.04073;33484
2015.07.02;12:00:00;2.05411;2.04477;2.04793;2.05149;39703
2015.07.02;16:00:00;2.04946;2.04388;2.0443;2.04793;35552
2015.07.02;20:00:00;2.04664;2.04326;2.04401;2.04433;15439
2015.07.03;00:00:00;2.0452;2.04129;2.04246;2.04394;14566
2015.07.03;04:00:00;2.06226;2.04186;2.05663;2.04246;18305
2015.07.03;08:00:00;2.07331;2.05511;2.07161;2.05665;30640
2015.07.03;12:00:00;2.08112;2.0703;2.07535;2.07281;37765
2015.07.03;16:00:00;2.07913;2.07012;2.07194;2.07535;25985
2015.07.03;20:00:00;2.07343;2.06571;2.06969;2.07187;8960
2015.07.06;00:00:00;2.08262;2.06956;2.07006;2.07644;15254
2015.07.06;04:00:00;2.08284;2.0695;2.07985;2.07006;15087
2015.07.06;08:00:00;2.08472;2.06692;2.07405;2.07983;36739
2015.07.06;12:00:00;2.07873;2.0709;2.07176;2.07407;36907
2015.07.06;16:00:00;2.07902;2.0676;2.07767;2.07176;36977
2015.07.06;20:00:00;2.08273;2.07653;2.07976;2.07771;14955
2015.07.07;00:00:00;2.08654;2.07933;2.08509;2.07976;13704
2015.07.07;04:00:00;2.0884;2.08085;2.08291;2.08509;17173
2015.07.07;08:00:00;2.09297;2.07697;2.08435;2.08293;39492
2015.07.07;12:00:00;2.08607;2.07661;2.07801;2.08431;47448
2015.07.07;16:00:00;2.08566;2.07497;2.07702;2.07801;44850
2015.07.07;20:00:00;2.07874;2.0703;2.0742;2.07704;20420
2015.07.08;00:00:00;2.07795;2.07253;2.07747;2.07421;17988
2015.07.08;04:00:00;2.08736;2.07736;2.08346;2.07748;28130
2015.07.08;08:00:00;2.0927;2.0805;2.08168;2.08346;36038
2015.07.08;12:00:00;2.08177;2.06521;2.07105;2.08173;34157
2015.07.08;16:00:00;2.07314;2.06025;2.06256;2.07109;48475
2015.07.08;20:00:00;2.06959;2.06125;2.0671;2.06254;22947
2015.07.09;00:00:00;2.07767;2.06634;2.07479;2.06706;16160
2015.07.09;04:00:00;2.07528;2.05662;2.05921;2.07479;24019
2015.07.09;08:00:00;2.06412;2.05393;2.06393;2.05921;34065
2015.07.09;12:00:00;2.07344;2.06106;2.06335;2.06397;37765
2015.07.09;16:00:00;2.07275;2.06259;2.06352;2.06336;35322
2015.07.09;20:00:00;2.06698;2.0609;2.06416;2.06358;21867
2015.07.10;00:00:00;2.06476;2.05564;2.05682;2.06418;15211
2015.07.10;04:00:00;2.05829;2.05357;2.05828;2.05692;20098
2015.07.10;08:00:00;2.07446;2.05673;2.07412;2.05831;33029
2015.07.10;12:00:00;2.08057;2.07169;2.08032;2.07412;36057
2015.07.10;16:00:00;2.09169;2.07837;2.08647;2.08034;34366
2015.07.10;20:00:00;2.08915;2.08229;2.08269;2.08647;13816
2015.07.13;00:00:00;2.09081;2.08369;2.08607;2.08796;11424
2015.07.13;04:00:00;2.08806;2.07793;2.08212;2.08604;21965
2015.07.13;08:00:00;2.09468;2.07934;2.09114;2.08212;45069
2015.07.13;12:00:00;2.09716;2.08805;2.09365;2.09112;36745
2015.07.13;16:00:00;2.1034;2.09134;2.09148;2.09365;33969
2015.07.13;20:00:00;2.09394;2.08825;2.09031;2.09148;20008
2015.07.14;00:00:00;2.0946;2.08694;2.0896;2.09041;19124
2015.07.14;04:00:00;2.09235;2.08318;2.08534;2.08958;18636
2015.07.14;08:00:00;2.08707;2.07981;2.08412;2.08537;34154
2015.07.14;12:00:00;2.09861;2.08254;2.09264;2.0841;38500
2015.07.14;16:00:00;2.0941;2.08785;2.09103;2.09258;32067
2015.07.14;20:00:00;2.09928;2.0904;2.09725;2.09099;16464
2015.07.15;00:00:00;2.1013;2.09631;2.10055;2.09637;18354
2015.07.15;04:00:00;2.10125;2.08958;2.09385;2.10055;19071
2015.07.15;08:00:00;2.0999;2.0909;2.09745;2.09382;34945
2015.07.15;12:00:00;2.09863;2.08883;2.0971;2.0974;30661
2015.07.15;16:00:00;2.12486;2.0963;2.12098;2.0971;41288
2015.07.15;20:00:00;2.12307;2.11795;2.11838;2.121;19566
2015.07.16;00:00:00;2.12203;2.11556;2.12076;2.11843;20943
2015.07.16;04:00:00;2.12415;2.11774;2.12219;2.12075;19570
2015.07.16;08:00:00;2.12393;2.11334;2.11396;2.12219;33787
2015.07.16;12:00:00;2.11524;2.10446;2.10713;2.11399;37431
2015.07.16;16:00:00;2.10754;2.0989;2.1039;2.10714;33415
2015.07.16;20:00:00;2.11006;2.1033;2.10714;2.1039;16028
2015.07.17;00:00:00;2.10764;2.10428;2.10537;2.1071;20294
2015.07.17;04:00:00;2.11021;2.10444;2.10731;2.10537;15983
2015.07.17;08:00:00;2.11631;2.10672;2.11523;2.10733;29378
2015.07.17;12:00:00;2.11627;2.1031;2.1108;2.11523;33814
2015.07.17;16:00:00;2.12018;2.10842;2.1166;2.1108;33791
2015.07.17;20:00:00;2.11768;2.11236;2.11563;2.11656;11542
2015.07.20;00:00:00;2.11822;2.11066;2.1167;2.11171;7596
2015.07.20;04:00:00;2.12683;2.11504;2.11912;2.11675;20338
2015.07.20;08:00:00;2.12127;2.10958;2.1103;2.11915;31732
2015.07.20;12:00:00;2.11185;2.10634;2.10875;2.11029;34108
2015.07.20;16:00:00;2.1176;2.10801;2.11178;2.10875;26495
2015.07.20;20:00:00;2.11227;2.10827;2.1099;2.11178;15656
2015.07.21;00:00:00;2.11214;2.10957;2.11169;2.10998;16149
2015.07.21;04:00:00;2.11778;2.10701;2.11622;2.1117;18923
2015.07.21;08:00:00;2.12025;2.11123;2.11246;2.11625;27234
2015.07.21;12:00:00;2.113;2.10503;2.10923;2.11243;33363
2015.07.21;16:00:00;2.10934;2.08852;2.09091;2.10922;44113
2015.07.21;20:00:00;2.09642;2.09007;2.0952;2.09091;19860
2015.07.22;00:00:00;2.09889;2.09265;2.09821;2.09533;17079
2015.07.22;04:00:00;2.11042;2.09358;2.09862;2.09816;25097
2015.07.22;08:00:00;2.11266;2.09792;2.10946;2.09862;32318
2015.07.22;12:00:00;2.11706;2.10449;2.11566;2.10946;41873
2015.07.22;16:00:00;2.12205;2.11357;2.11478;2.11565;38150
2015.07.22;20:00:00;2.11741;2.11256;2.11502;2.1149;14038
2015.07.23;00:00:00;2.12171;2.10946;2.12012;2.11502;19559
2015.07.23;04:00:00;2.12037;2.11418;2.11832;2.12012;14293
2015.07.23;08:00:00;2.12161;2.10258;2.10337;2.1183;27579
2015.07.23;12:00:00;2.11047;2.1028;2.10928;2.10339;33188
2015.07.23;16:00:00;2.11244;2.10148;2.1051;2.10932;34041
2015.07.23;20:00:00;2.11016;2.10292;2.10791;2.10515;19668
2015.07.24;00:00:00;2.11233;2.1074;2.10965;2.10796;19312
2015.07.24;04:00:00;2.13234;2.1088;2.12624;2.10959;21155
2015.07.24;08:00:00;2.12805;2.11912;2.12214;2.12617;23164
2015.07.24;12:00:00;2.13248;2.11988;2.12758;2.12216;28468
2015.07.24;16:00:00;2.13403;2.12612;2.13171;2.12758;33475
2015.07.24;20:00:00;2.13359;2.12705;2.12842;2.13171;10083
2015.07.27;00:00:00;2.13457;2.13055;2.13242;2.13242;9464
2015.07.27;04:00:00;2.13313;2.12674;2.13092;2.13246;17819
2015.07.27;08:00:00;2.13421;2.12685;2.13017;2.13095;33360
2015.07.27;12:00:00;2.13198;2.12501;2.12986;2.13013;33752
2015.07.27;16:00:00;2.13577;2.12298;2.13355;2.12986;33453
2015.07.27;20:00:00;2.14082;2.13309;2.13946;2.13358;11937
2015.07.28;00:00:00;2.141;2.13547;2.13627;2.13938;15840
2015.07.28;04:00:00;2.14298;2.12665;2.1283;2.13623;21257
2015.07.28;08:00:00;2.1337;2.12545;2.1311;2.12824;35241
2015.07.28;12:00:00;2.13502;2.12888;2.13068;2.13107;39788
2015.07.28;16:00:00;2.13586;2.12601;2.12851;2.13068;40999
2015.07.28;20:00:00;2.13161;2.12591;2.12651;2.12848;12934
2015.07.29;00:00:00;2.13097;2.12353;2.12486;2.12697;19409
2015.07.29;04:00:00;2.13229;2.1236;2.13153;2.12483;15223
2015.07.29;08:00:00;2.13753;2.13025;2.1331;2.13153;32907
2015.07.29;12:00:00;2.14227;2.13242;2.14055;2.1331;38191
2015.07.29;16:00:00;2.14411;2.13578;2.13611;2.14055;39190
2015.07.29;20:00:00;2.1415;2.12886;2.13661;2.13605;30558
2015.07.30;00:00:00;2.14044;2.13532;2.13591;2.13622;20992
2015.07.30;04:00:00;2.13687;2.13062;2.13142;2.13591;21450
2015.07.30;08:00:00;2.1422;2.13017;2.13721;2.13142;33520
2015.07.30;12:00:00;2.1512;2.13559;2.14634;2.13715;44994
2015.07.30;16:00:00;2.14949;2.13832;2.1395;2.14644;41311
2015.07.30;20:00:00;2.14129;2.13739;2.1385;2.1395;20287
2015.07.31;00:00:00;2.14036;2.1359;2.13771;2.13854;22205
2015.07.31;04:00:00;2.14107;2.13519;2.13767;2.13777;20960
2015.07.31;08:00:00;2.14269;2.13691;2.14001;2.13767;36306
2015.07.31;12:00:00;2.15268;2.13573;2.1415;2.14006;47831
2015.07.31;16:00:00;2.14198;2.12333;2.13615;2.14154;54398
2015.07.31;20:00:00;2.1416;2.13498;2.13751;2.13615;22721
2015.08.03;00:00:00;2.14228;2.13404;2.13816;2.13428;16932
2015.08.03;04:00:00;2.1415;2.13591;2.13984;2.13813;20208
2015.08.03;08:00:00;2.14662;2.13918;2.1414;2.13977;27495
2015.08.03;12:00:00;2.14484;2.13746;2.14328;2.1414;42461
2015.08.03;16:00:00;2.14657;2.13943;2.14478;2.14328;40667
2015.08.03;20:00:00;2.14643;2.13829;2.13885;2.14475;14483
2015.08.04;00:00:00;2.14465;2.13734;2.14314;2.13868;22006
2015.08.04;04:00:00;2.1439;2.12186;2.12186;2.14313;26805
2015.08.04;08:00:00;2.12284;2.10891;2.10896;2.12187;37369
2015.08.04;12:00:00;2.11385;2.10652;2.10969;2.10902;41531
2015.08.04;16:00:00;2.11082;2.10081;2.10657;2.10971;42048
2015.08.04;20:00:00;2.11038;2.10472;2.10819;2.10654;27097
2015.08.05;00:00:00;2.11168;2.10775;2.11056;2.10793;23551
2015.08.05;04:00:00;2.11376;2.10753;2.11322;2.11054;23683
2015.08.05;08:00:00;2.12131;2.11135;2.11492;2.11322;33847
2015.08.05;12:00:00;2.12212;2.11209;2.11917;2.11492;42254
2015.08.05;16:00:00;2.12694;2.11816;2.12414;2.11924;40203
2015.08.05;20:00:00;2.12451;2.12022;2.12044;2.12421;18440
2015.08.06;00:00:00;2.12387;2.11916;2.1236;2.12044;19646
2015.08.06;04:00:00;2.1327;2.11238;2.13017;2.1236;26377
2015.08.06;08:00:00;2.13416;2.12806;2.13128;2.13017;31538
2015.08.06;12:00:00;2.13309;2.11048;2.1163;2.13126;41379
2015.08.06;16:00:00;2.11706;2.10922;2.11416;2.11636;38384
2015.08.06;20:00:00;2.11425;2.11047;2.1105;2.11416;21392
2015.08.07;00:00:00;2.11275;2.11019;2.11211;2.11052;18541
2015.08.07;04:00:00;2.11212;2.10106;2.10709;2.11205;22324
2015.08.07;08:00:00;2.1091;2.09972;2.1059;2.10709;30732
2015.08.07;12:00:00;2.1069;2.09707;2.10573;2.10601;38262
2015.08.07;16:00:00;2.10736;2.08713;2.09076;2.10573;53129
2015.08.07;20:00:00;2.09188;2.08707;2.08758;2.09072;18344
2015.08.10;00:00:00;2.0948;2.08816;2.09463;2.08836;12757
2015.08.10;04:00:00;2.09605;2.09074;2.09269;2.09461;19881
2015.08.10;08:00:00;2.10089;2.09215;2.09984;2.09269;27261
2015.08.10;12:00:00;2.1069;2.09896;2.10665;2.09985;31996
2015.08.10;16:00:00;2.10744;2.09767;2.1015;2.10665;41481
2015.08.10;20:00:00;2.10617;2.10137;2.10256;2.10146;21234
2015.08.11;00:00:00;2.10393;2.0966;2.09858;2.10256;25011
2015.08.11;04:00:00;2.12887;2.09818;2.12623;2.09858;35958
2015.08.11;08:00:00;2.13022;2.1208;2.12584;2.12623;44248
2015.08.11;12:00:00;2.13021;2.12399;2.12678;2.1258;40500
2015.08.11;16:00:00;2.13789;2.12671;2.13539;2.12678;41510
2015.08.11;20:00:00;2.13617;2.13059;2.13059;2.13531;15844
2015.08.12;00:00:00;2.13316;2.1285;2.13011;2.13095;20843
2015.08.12;04:00:00;2.15235;2.12737;2.14965;2.13011;31324
2015.08.12;08:00:00;2.15037;2.12655;2.1355;2.14965;43448
2015.08.12;12:00:00;2.13826;2.11322;2.12426;2.13553;41894
2015.08.12;16:00:00;2.12664;2.11794;2.11882;2.12423;44733
2015.08.12;20:00:00;2.12158;2.11426;2.11447;2.11882;17620
2015.08.13;00:00:00;2.11906;2.11246;2.11706;2.11463;17664
2015.08.13;04:00:00;2.12956;2.10899;2.11602;2.11703;22369
2015.08.13;08:00:00;2.12847;2.11547;2.1254;2.11601;28873
2015.08.13;12:00:00;2.13167;2.12527;2.12705;2.1254;30169
2015.08.13;16:00:00;2.12891;2.11699;2.12051;2.12706;36388
2015.08.13;20:00:00;2.12278;2.11877;2.11995;2.12055;19070
2015.08.14;00:00:00;2.12102;2.11489;2.11781;2.11893;20953
2015.08.14;04:00:00;2.12164;2.11435;2.11826;2.11781;19794
2015.08.14;08:00:00;2.11849;2.11167;2.11258;2.11822;27196
2015.08.14;12:00:00;2.11793;2.11118;2.11789;2.11255;29513
2015.08.14;16:00:00;2.11992;2.11474;2.11764;2.1179;33756
2015.08.14;20:00:00;2.12242;2.11756;2.11953;2.11764;11388
2015.08.17;00:00:00;2.12459;2.11866;2.12424;2.12059;9064
2015.08.17;04:00:00;2.12471;2.11987;2.12147;2.12421;13451
2015.08.17;08:00:00;2.12829;2.12135;2.12474;2.12145;26674
2015.08.17;12:00:00;2.12771;2.12034;2.12163;2.12474;28990
2015.08.17;16:00:00;2.1222;2.10929;2.11017;2.12164;31105
2015.08.17;20:00:00;2.11436;2.11009;2.11312;2.11017;18911
2015.08.18;00:00:00;2.11502;2.11218;2.11434;2.1131;19034
2015.08.18;04:00:00;2.11664;2.10985;2.11601;2.11435;22362
2015.08.18;08:00:00;2.13426;2.11414;2.13272;2.11599;31912
2015.08.18;12:00:00;2.14214;2.13073;2.14024;2.13275;32943
2015.08.18;16:00:00;2.14192;2.13149;2.13307;2.1403;33824
2015.08.18;20:00:00;2.13507;2.13195;2.13257;2.13311;16904
2015.08.19;00:00:00;2.13588;2.13068;2.13435;2.13175;23621
2015.08.19;04:00:00;2.14152;2.13353;2.13815;2.13435;21706
2015.08.19;08:00:00;2.1382;2.12962;2.13167;2.13812;29815
2015.08.19;12:00:00;2.13473;2.12869;2.13305;2.13163;31996
2015.08.19;16:00:00;2.13982;2.13208;2.1363;2.13306;35468
2015.08.19;20:00:00;2.13856;2.12625;2.13265;2.13638;35553
2015.08.20;00:00:00;2.13439;2.12829;2.13243;2.13259;21564
2015.08.20;04:00:00;2.13568;2.13117;2.13292;2.13243;18576
2015.08.20;08:00:00;2.14793;2.13228;2.14355;2.13291;34112
2015.08.20;12:00:00;2.14534;2.13813;2.1418;2.1436;28931
2015.08.20;16:00:00;2.14202;2.12961;2.13399;2.14182;39077
2015.08.20;20:00:00;2.13834;2.13296;2.13718;2.13401;22449
2015.08.21;00:00:00;2.14119;2.13592;2.13959;2.13752;21174
2015.08.21;04:00:00;2.15179;2.13955;2.14467;2.13957;26598
2015.08.21;08:00:00;2.15208;2.14393;2.14519;2.14467;29138
2015.08.21;12:00:00;2.14622;2.13092;2.13734;2.14518;33592
2015.08.21;16:00:00;2.14093;2.13339;2.14092;2.13738;44388
2015.08.21;20:00:00;2.1461;2.1391;2.14496;2.14099;21767
2015.08.24;00:00:00;2.16198;2.14366;2.15917;2.14595;19465
2015.08.24;04:00:00;2.17803;2.15772;2.1703;2.15917;36809
2015.08.24;08:00:00;2.17197;2.15359;2.16871;2.17029;35007
2015.08.24;12:00:00;2.18305;2.16615;2.18013;2.16868;41603
2015.08.24;16:00:00;2.23825;2.173;2.17989;2.1802;71076
2015.08.24;20:00:00;2.20563;2.17916;2.20278;2.17989;36657
2015.08.25;00:00:00;2.20908;2.19017;2.19163;2.20278;20061
2015.08.25;04:00:00;2.19464;2.17739;2.19103;2.19159;23071
2015.08.25;08:00:00;2.1986;2.18509;2.19539;2.19109;35512
2015.08.25;12:00:00;2.20009;2.17668;2.18883;2.19535;40250
2015.08.25;16:00:00;2.19434;2.18154;2.18457;2.18883;30981
2015.08.25;20:00:00;2.20332;2.18414;2.19895;2.18459;21912
2015.08.26;00:00:00;2.21194;2.19103;2.20141;2.19895;24345
2015.08.26;04:00:00;2.20832;2.19485;2.20146;2.20135;28036
2015.08.26;08:00:00;2.20747;2.19442;2.19893;2.20146;30894
2015.08.26;12:00:00;2.2005;2.17691;2.18189;2.1989;31003
2015.08.26;16:00:00;2.19049;2.17943;2.18492;2.18189;41142
2015.08.26;20:00:00;2.18628;2.1687;2.16873;2.18516;26983
2015.08.27;00:00:00;2.17501;2.16863;2.17325;2.16863;22545
2015.08.27;04:00:00;2.18033;2.16716;2.17945;2.17329;21655
2015.08.27;08:00:00;2.18217;2.16524;2.17058;2.17945;27524
2015.08.27;12:00:00;2.1707;2.15902;2.16233;2.17064;28209
2015.08.27;16:00:00;2.16416;2.14531;2.1502;2.16231;38704
2015.08.27;20:00:00;2.15649;2.14729;2.14815;2.15024;22008
2015.08.28;00:00:00;2.15049;2.14233;2.14397;2.14846;19409
2015.08.28;04:00:00;2.15561;2.13967;2.15089;2.14394;18976
2015.08.28;08:00:00;2.15461;2.14623;2.14702;2.15086;24268
2015.08.28;12:00:00;2.15823;2.1452;2.15567;2.14697;30333
2015.08.28;16:00:00;2.15611;2.14418;2.14957;2.15566;43149
2015.08.28;20:00:00;2.15503;2.14518;2.14728;2.14955;18192
2015.08.31;00:00:00;2.16158;2.14961;2.15991;2.15251;17197
2015.08.31;04:00:00;2.16535;2.15485;2.15871;2.16002;17510
2015.08.31;08:00:00;2.16576;2.15542;2.16199;2.15866;18367
2015.08.31;12:00:00;2.16831;2.15778;2.16745;2.16196;13917
2015.08.31;16:00:00;2.17063;2.15478;2.15522;2.16748;18941
2015.08.31;20:00:00;2.15779;2.15227;2.15629;2.15522;16297
2015.09.01;00:00:00;2.16428;2.15471;2.15864;2.15629;15702
2015.09.01;04:00:00;2.16656;2.15167;2.15979;2.15863;20260
2015.09.01;08:00:00;2.17074;2.15835;2.16593;2.15964;34186
2015.09.01;12:00:00;2.17857;2.1647;2.17207;2.16589;37243
2015.09.01;16:00:00;2.18178;2.16845;2.17698;2.17211;40109
2015.09.01;20:00:00;2.1815;2.17215;2.17952;2.17705;27193
2015.09.02;00:00:00;2.1865;2.17579;2.1769;2.17952;21447
2015.09.02;04:00:00;2.19085;2.17523;2.17723;2.17687;27868
2015.09.02;08:00:00;2.1845;2.17063;2.18105;2.17723;28519
2015.09.02;12:00:00;2.18701;2.1749;2.1763;2.1811;30174
2015.09.02;16:00:00;2.18571;2.17454;2.17819;2.17631;36196
2015.09.02;20:00:00;2.18032;2.17185;2.17269;2.17816;23546
2015.09.03;00:00:00;2.17358;2.16673;2.17259;2.17239;18658
2015.09.03;04:00:00;2.18576;2.17226;2.17886;2.17259;17231
2015.09.03;08:00:00;2.1859;2.16976;2.17393;2.17883;21545
2015.09.03;12:00:00;2.18346;2.17368;2.17978;2.17387;30775
2015.09.03;16:00:00;2.18108;2.16078;2.17112;2.17975;35479
2015.09.03;20:00:00;2.17801;2.16987;2.17338;2.17114;19283
2015.09.04;00:00:00;2.17851;2.17199;2.17847;2.17352;16828
2015.09.04;04:00:00;2.18947;2.17627;2.18512;2.17847;19637
2015.09.04;08:00:00;2.18841;2.17962;2.18148;2.18514;24254
2015.09.04;12:00:00;2.1968;2.17548;2.18803;2.18153;22669
2015.09.04;16:00:00;2.20035;2.18509;2.19554;2.188;30720
2015.09.04;20:00:00;2.19685;2.19045;2.19348;2.19554;13133
2015.09.07;00:00:00;2.19614;2.18613;2.18991;2.18894;15892
2015.09.07;04:00:00;2.19571;2.18569;2.19484;2.1899;17805
2015.09.07;08:00:00;2.20046;2.18952;2.19964;2.19482;25854
2015.09.07;12:00:00;2.20229;2.19511;2.1964;2.19964;28000
2015.09.07;16:00:00;2.20805;2.19618;2.20439;2.1964;15257
2015.09.07;20:00:00;2.20747;2.20356;2.2042;2.2043;25272
2015.09.08;00:00:00;2.20526;2.19781;2.19905;2.20429;13783
2015.09.08;04:00:00;2.20359;2.19202;2.20076;2.19905;21888
2015.09.08;08:00:00;2.21059;2.19564;2.20292;2.20076;22357
2015.09.08;12:00:00;2.2079;2.19973;2.19999;2.20292;20138
2015.09.08;16:00:00;2.20008;2.18426;2.18661;2.19999;27901
2015.09.08;20:00:00;2.19371;2.18625;2.19317;2.18662;12692
2015.09.09;00:00:00;2.19402;2.18428;2.18492;2.1929;16107
2015.09.09;04:00:00;2.18633;2.17734;2.18212;2.18494;16945
2015.09.09;08:00:00;2.18621;2.17576;2.18064;2.18215;20800
2015.09.09;12:00:00;2.1886;2.17945;2.18188;2.18055;21255
2015.09.09;16:00:00;2.189;2.17779;2.1876;2.18176;27675
2015.09.09;20:00:00;2.19359;2.18461;2.1877;2.18757;20830
2015.09.10;00:00:00;2.20892;2.18828;2.20496;2.18828;20341
2015.09.10;04:00:00;2.21036;2.18985;2.19394;2.20495;20408
2015.09.10;08:00:00;2.19493;2.16712;2.18083;2.1939;33434
2015.09.10;12:00:00;2.18467;2.17094;2.18302;2.18083;34807
2015.09.10;16:00:00;2.18904;2.17805;2.18387;2.18302;39242
2015.09.10;20:00:00;2.18558;2.17869;2.1831;2.18387;19692
2015.09.11;00:00:00;2.18599;2.17902;2.18228;2.1831;15913
2015.09.11;04:00:00;2.18726;2.18126;2.18653;2.18226;11950
2015.09.11;08:00:00;2.19308;2.18608;2.19008;2.18654;20790
2015.09.11;12:00:00;2.19158;2.18083;2.18241;2.19008;21510
2015.09.11;16:00:00;2.18513;2.1755;2.17699;2.18241;24256
2015.09.11;20:00:00;2.18101;2.17477;2.17484;2.17702;10133
2015.09.14;00:00:00;2.18151;2.1676;2.16994;2.17772;8523
2015.09.14;04:00:00;2.18194;2.16582;2.17825;2.16992;13159
2015.09.14;08:00:00;2.18685;2.16867;2.16887;2.17826;18665
2015.09.14;12:00:00;2.17249;2.16036;2.16087;2.1689;17563
2015.09.14;16:00:00;2.16286;2.15156;2.16043;2.16086;19733
2015.09.14;20:00:00;2.16306;2.15944;2.16002;2.16038;7925
2015.09.15;00:00:00;2.16327;2.15251;2.15583;2.16012;13442
2015.09.15;04:00:00;2.16553;2.15557;2.16546;2.15586;12490
2015.09.15;08:00:00;2.17065;2.16409;2.16472;2.16548;19773
2015.09.15;12:00:00;2.16707;2.15924;2.16266;2.16472;20327
2015.09.15;16:00:00;2.16694;2.15911;2.16064;2.16261;21592
2015.09.15;20:00:00;2.16056;2.14494;2.14758;2.16053;11706
2015.09.16;00:00:00;2.15389;2.14566;2.15079;2.14792;10637
2015.09.16;04:00:00;2.15261;2.14787;2.14963;2.15079;15072
2015.09.16;08:00:00;2.15074;2.13509;2.1486;2.14965;21479
2015.09.16;12:00:00;2.15864;2.14714;2.1568;2.14859;20864
2015.09.16;16:00:00;2.16121;2.15363;2.15424;2.15676;26588
2015.09.16;20:00:00;2.15648;2.15118;2.15118;2.15425;11370
2015.09.17;00:00:00;2.15866;2.15102;2.15836;2.15122;12309
2015.09.17;04:00:00;2.16127;2.1524;2.15791;2.15836;14767
2015.09.17;08:00:00;2.16569;2.1543;2.1609;2.15789;17762
2015.09.17;12:00:00;2.17004;2.16035;2.16926;2.16086;17568
2015.09.17;16:00:00;2.17464;2.16735;2.171;2.16923;21971
2015.09.17;20:00:00;2.17556;2.14628;2.17176;2.171;46043
2015.09.18;00:00:00;2.17533;2.16382;2.16625;2.17159;15828
2015.09.18;04:00:00;2.16836;2.16244;2.16457;2.16622;11902
2015.09.18;08:00:00;2.16558;2.14951;2.15517;2.16454;24230
2015.09.18;12:00:00;2.15915;2.14736;2.15258;2.15515;24900
2015.09.18;16:00:00;2.16037;2.14889;2.15581;2.15263;26955
2015.09.18;20:00:00;2.16149;2.15281;2.1592;2.15584;16004
2015.09.21;00:00:00;2.16211;2.15677;2.16198;2.16023;9857
2015.09.21;04:00:00;2.16892;2.15949;2.16539;2.16198;14789
2015.09.21;08:00:00;2.17108;2.16458;2.16747;2.16539;19233
2015.09.21;12:00:00;2.17086;2.16361;2.1706;2.16747;22117
2015.09.21;16:00:00;2.17676;2.16697;2.1753;2.1706;24404
2015.09.21;20:00:00;2.17599;2.17088;2.17338;2.17526;11056
2015.09.22;00:00:00;2.17683;2.17269;2.17359;2.17371;10593
2015.09.22;04:00:00;2.17698;2.17142;2.17603;2.17359;14500
2015.09.22;08:00:00;2.1769;2.16326;2.17546;2.17601;22317
2015.09.22;12:00:00;2.18176;2.17226;2.17805;2.17546;21918
2015.09.22;16:00:00;2.18023;2.16886;2.17219;2.17806;23935
2015.09.22;20:00:00;2.17318;2.16587;2.16634;2.17214;10713
2015.09.23;00:00:00;2.1707;2.16519;2.16706;2.16594;10021
2015.09.23;04:00:00;2.18652;2.1664;2.18354;2.16709;17258
2015.09.23;08:00:00;2.18406;2.17326;2.17581;2.18354;21572
2015.09.23;12:00:00;2.17638;2.16232;2.16552;2.17588;22745
2015.09.23;16:00:00;2.17764;2.1617;2.17624;2.16548;31404
2015.09.23;20:00:00;2.18079;2.17316;2.17536;2.1763;15153
2015.09.24;00:00:00;2.18013;2.1728;2.17724;2.17536;12792
2015.09.24;04:00:00;2.18206;2.17071;2.18153;2.17724;16521
2015.09.24;08:00:00;2.19485;2.17899;2.19349;2.18149;20903
2015.09.24;12:00:00;2.20064;2.1821;2.18429;2.19349;25177
2015.09.24;16:00:00;2.18677;2.17428;2.17662;2.18435;28732
2015.09.24;20:00:00;2.17859;2.16319;2.16789;2.1766;15251
2015.09.25;00:00:00;2.18066;2.16634;2.17038;2.16789;17314
2015.09.25;04:00:00;2.17597;2.16855;2.17111;2.1704;12559
2015.09.25;08:00:00;2.17341;2.16383;2.1687;2.17109;21185
2015.09.25;12:00:00;2.17563;2.16041;2.16508;2.1687;22376
2015.09.25;16:00:00;2.1698;2.15723;2.15955;2.16509;23786
2015.09.25;20:00:00;2.1653;2.15531;2.16039;2.15955;9883
2015.09.28;00:00:00;2.1679;2.15819;2.16256;2.15933;9940
2015.09.28;04:00:00;2.16618;2.16033;2.16491;2.16256;11001
2015.09.28;08:00:00;2.16989;2.15846;2.16724;2.1649;17239
2015.09.28;12:00:00;2.17434;2.16366;2.17144;2.16728;17879
2015.09.28;16:00:00;2.17471;2.16631;2.17145;2.17141;23226
2015.09.28;20:00:00;2.17309;2.16902;2.1701;2.17142;11216
2015.09.29;00:00:00;2.17967;2.16937;2.17903;2.16995;11092
2015.09.29;04:00:00;2.18277;2.17658;2.1817;2.17902;14690
2015.09.29;08:00:00;2.18614;2.17259;2.17538;2.18169;23255
2015.09.29;12:00:00;2.18026;2.16114;2.16204;2.17538;23010
2015.09.29;16:00:00;2.16999;2.15698;2.16917;2.16204;27262
2015.09.29;20:00:00;2.17256;2.16454;2.16787;2.16925;13119
2015.09.30;00:00:00;2.16934;2.15834;2.16065;2.16724;12112
2015.09.30;04:00:00;2.16562;2.15849;2.1608;2.16065;14112
2015.09.30;08:00:00;2.16835;2.15421;2.15707;2.16082;20764
2015.09.30;12:00:00;2.16245;2.15517;2.15979;2.15711;21510
2015.09.30;16:00:00;2.16411;2.14912;2.15704;2.1598;26225
2015.09.30;20:00:00;2.15856;2.15339;2.15451;2.1571;13321
2015.10.01;00:00:00;2.16077;2.15325;2.15407;2.15452;11898
2015.10.01;04:00:00;2.1544;2.14245;2.14356;2.15407;18575
2015.10.01;08:00:00;2.14673;2.13879;2.14327;2.14354;18719
2015.10.01;12:00:00;2.14526;2.13743;2.14492;2.1433;19982
2015.10.01;16:00:00;2.15589;2.14187;2.15506;2.14492;25372
2015.10.01;20:00:00;2.15606;2.15078;2.15133;2.15506;11527
2015.10.02;00:00:00;2.15323;2.14809;2.15103;2.15134;9932
2015.10.02;04:00:00;2.15884;2.14616;2.15497;2.15103;13371
2015.10.02;08:00:00;2.15519;2.14793;2.15414;2.15496;16856
2015.10.02;12:00:00;2.16674;2.15088;2.16575;2.15411;23624
2015.10.02;16:00:00;2.17315;2.15838;2.162;2.16576;29903
2015.10.02;20:00:00;2.16416;2.14935;2.15234;2.16207;11996
2015.10.05;00:00:00;2.15689;2.14887;2.15592;2.15119;10945
2015.10.05;04:00:00;2.15608;2.14846;2.15352;2.15594;12155
2015.10.05;08:00:00;2.15547;2.14039;2.1422;2.15351;23525
2015.10.05;12:00:00;2.14527;2.13718;2.14372;2.1422;26929
2015.10.05;16:00:00;2.14835;2.13793;2.13949;2.14372;25364
2015.10.05;20:00:00;2.14026;2.13394;2.13687;2.13956;10643
2015.10.06;00:00:00;2.14292;2.13537;2.13941;2.13703;13138
2015.10.06;04:00:00;2.14197;2.12497;2.12599;2.13941;17188
2015.10.06;08:00:00;2.13317;2.12601;2.13252;2.12601;18759
2015.10.06;12:00:00;2.13518;2.1293;2.13267;2.13257;19886
2015.10.06;16:00:00;2.13524;2.12764;2.12817;2.13267;26792
2015.10.06;20:00:00;2.13087;2.1236;2.12381;2.12819;15589
2015.10.07;00:00:00;2.12935;2.12352;2.12811;2.12376;11474
2015.10.07;04:00:00;2.1285;2.12151;2.12325;2.12812;16231
2015.10.07;08:00:00;2.12733;2.11721;2.12581;2.12324;22092
2015.10.07;12:00:00;2.12588;2.11619;2.12021;2.12586;21878
2015.10.07;16:00:00;2.12708;2.11468;2.12436;2.1202;30084
2015.10.07;20:00:00;2.1264;2.1208;2.12436;2.12438;14034
2015.10.08;00:00:00;2.12941;2.12344;2.12532;2.12436;12643
2015.10.08;04:00:00;2.13538;2.12216;2.1336;2.12531;17106
2015.10.08;08:00:00;2.13647;2.13225;2.13594;2.13355;19770
2015.10.08;12:00:00;2.13794;2.12444;2.12672;2.13595;25530
2015.10.08;16:00:00;2.12775;2.11772;2.1195;2.12672;24524
2015.10.08;20:00:00;2.12121;2.11056;2.11315;2.1195;21253
2015.10.09;00:00:00;2.11713;2.11002;2.11441;2.11326;12353
2015.10.09;04:00:00;2.11463;2.10836;2.10979;2.11443;15866
2015.10.09;08:00:00;2.11106;2.09959;2.10189;2.10975;23535
2015.10.09;12:00:00;2.10295;2.08911;2.09333;2.10185;27715
2015.10.09;16:00:00;2.09567;2.08545;2.0904;2.09333;24286
2015.10.09;20:00:00;2.0937;2.08472;2.08627;2.0904;10604
2015.10.12;00:00:00;2.09643;2.08945;2.09248;2.09105;9354
2015.10.12;04:00:00;2.09383;2.08659;2.09061;2.09246;8525
2015.10.12;08:00:00;2.09269;2.08393;2.08419;2.09056;15738
2015.10.12;12:00:00;2.08808;2.08275;2.08518;2.08417;18811
2015.10.12;16:00:00;2.08877;2.07876;2.08221;2.08517;24225
2015.10.12;20:00:00;2.08586;2.08079;2.08396;2.08224;8851
2015.10.13;00:00:00;2.09066;2.0827;2.08924;2.08417;9663
2015.10.13;04:00:00;2.09816;2.0833;2.09335;2.08923;13055
2015.10.13;08:00:00;2.10234;2.08686;2.0882;2.0934;22492
2015.10.13;12:00:00;2.09102;2.08283;2.08592;2.08823;24829
2015.10.13;16:00:00;2.09543;2.08492;2.09461;2.08595;26936
2015.10.13;20:00:00;2.105;2.09426;2.10383;2.09461;15236
2015.10.14;00:00:00;2.11874;2.10333;2.11326;2.10383;13418
2015.10.14;04:00:00;2.11863;2.11024;2.11461;2.11326;12495
2015.10.14;08:00:00;2.1173;2.1035;2.11489;2.11461;21960
2015.10.14;12:00:00;2.1228;2.11362;2.11849;2.11496;27041
2015.10.14;16:00:00;2.12988;2.11747;2.12714;2.11852;26028
2015.10.14;20:00:00;2.1304;2.11611;2.11892;2.12717;17248
2015.10.15;00:00:00;2.12021;2.10708;2.11718;2.11887;13739
2015.10.15;04:00:00;2.11929;2.10446;2.11343;2.11718;15185
2015.10.15;08:00:00;2.1159;2.10215;2.10958;2.11343;22618
2015.10.15;12:00:00;2.122;2.10723;2.11646;2.10958;25607
2015.10.15;16:00:00;2.12054;2.1097;2.11277;2.11647;31081
2015.10.15;20:00:00;2.11359;2.10607;2.10809;2.11283;12195
2015.10.16;00:00:00;2.1193;2.10432;2.11704;2.1092;13850
2015.10.16;04:00:00;2.12454;2.11596;2.12327;2.11704;11994
2015.10.16;08:00:00;2.12718;2.11967;2.12332;2.12321;15526
2015.10.16;12:00:00;2.12851;2.11945;2.12341;2.12332;20870
2015.10.16;16:00:00;2.13029;2.12172;2.12472;2.12338;23380
2015.10.16;20:00:00;2.12562;2.12051;2.12291;2.12473;9806
2015.10.19;00:00:00;2.13035;2.12335;2.12849;2.12572;6950
2015.10.19;04:00:00;2.13097;2.11715;2.12233;2.12849;11302
2015.10.19;08:00:00;2.12585;2.11668;2.1208;2.12235;14299
2015.10.19;12:00:00;2.13138;2.11905;2.13117;2.12084;20342
2015.10.19;16:00:00;2.13485;2.1295;2.13144;2.13115;19183
2015.10.19;20:00:00;2.13484;2.12987;2.13254;2.13145;8919
2015.10.20;00:00:00;2.13476;2.12641;2.12943;2.13254;10222
2015.10.20;04:00:00;2.13369;2.12818;2.12871;2.12943;8287
2015.10.20;08:00:00;2.12922;2.1209;2.12663;2.12875;15144
2015.10.20;12:00:00;2.12993;2.12054;2.12446;2.1266;20026
2015.10.20;16:00:00;2.13228;2.12227;2.12879;2.12444;19548
2015.10.20;20:00:00;2.13106;2.12588;2.12651;2.12881;9129
2015.10.21;00:00:00;2.12807;2.12299;2.12495;2.12664;10410
2015.10.21;04:00:00;2.12632;2.12231;2.12324;2.12495;9395
2015.10.21;08:00:00;2.14148;2.12315;2.1376;2.12325;20533
2015.10.21;12:00:00;2.14096;2.13565;2.14068;2.13754;20753
2015.10.21;16:00:00;2.1442;2.13508;2.13627;2.14066;20029
2015.10.21;20:00:00;2.13881;2.13476;2.13694;2.1363;11877
2015.10.22;00:00:00;2.13962;2.13593;2.13683;2.13694;8470
2015.10.22;04:00:00;2.14735;2.13149;2.1412;2.13685;12574
2015.10.22;08:00:00;2.14776;2.13897;2.14218;2.14117;18447
2015.10.22;12:00:00;2.14848;2.13956;2.14211;2.14224;24821
2015.10.22;16:00:00;2.14387;2.12834;2.13089;2.14211;28554
2015.10.22;20:00:00;2.13833;2.13089;2.13469;2.13089;12165
2015.10.23;00:00:00;2.13686;2.12806;2.12918;2.13469;14117
2015.10.23;04:00:00;2.13087;2.12316;2.1243;2.12918;15431
2015.10.23;08:00:00;2.12564;2.11266;2.1189;2.12431;26143
2015.10.23;12:00:00;2.12718;2.10927;2.12456;2.11898;28147
2015.10.23;16:00:00;2.13211;2.12153;2.12524;2.12459;25551
2015.10.23;20:00:00;2.12644;2.11946;2.12002;2.12529;11128
2015.10.25;23:00:00;2.12311;2.11898;2.12249;2.12047;6860
2015.10.26;00:00:00;2.12339;2.11376;2.11515;2.12249;15026
2015.10.26;04:00:00;2.11635;2.11103;2.1143;2.11514;9219
2015.10.26;08:00:00;2.11576;2.10988;2.11525;2.1143;16564
2015.10.26;12:00:00;2.11666;2.11085;2.11387;2.11525;21228
2015.10.26;16:00:00;2.11857;2.11338;2.11827;2.11383;19944
2015.10.26;20:00:00;2.12054;2.11593;2.11822;2.11825;13352
2015.10.27;00:00:00;2.11932;2.11557;2.11647;2.11821;9222
2015.10.27;04:00:00;2.12394;2.11641;2.12074;2.11644;8415
2015.10.27;08:00:00;2.12072;2.11178;2.11549;2.12072;17088
2015.10.27;12:00:00;2.12205;2.11437;2.11769;2.11528;22182
2015.10.27;16:00:00;2.12848;2.11451;2.1252;2.1173;25350
2015.10.27;20:00:00;2.13086;2.1225;2.12491;2.12523;14393
2015.10.28;00:00:00;2.15021;2.12332;2.15006;2.12491;21581
2015.10.28;04:00:00;2.15165;2.14689;2.14868;2.15007;10796
2015.10.28;08:00:00;2.15127;2.14358;2.14824;2.1487;15513
2015.10.28;12:00:00;2.14936;2.14076;2.1431;2.14827;22506
2015.10.28;16:00:00;2.14903;2.13846;2.13926;2.1431;29057
2015.10.28;20:00:00;2.15555;2.13947;2.14922;2.13947;33052
2015.10.29;00:00:00;2.15191;2.14801;2.1486;2.14934;14833
2015.10.29;04:00:00;2.14989;2.14555;2.14723;2.14859;10030
2015.10.29;08:00:00;2.15426;2.14345;2.15323;2.1472;23598
2015.10.29;12:00:00;2.1577;2.14859;2.15613;2.15326;27449
2015.10.29;16:00:00;2.16365;2.15491;2.16235;2.15616;23338
2015.10.29;20:00:00;2.16613;2.16085;2.16223;2.16232;16432
2015.10.30;00:00:00;2.16369;2.15611;2.15787;2.16218;15068
2015.10.30;04:00:00;2.15814;2.15301;2.15589;2.15791;16790
2015.10.30;08:00:00;2.16016;2.15094;2.15888;2.15595;20119
2015.10.30;12:00:00;2.16582;2.15765;2.16574;2.1589;24926
2015.10.30;16:00:00;2.16891;2.16125;2.16248;2.16562;33725
2015.10.30;20:00:00;2.16442;2.16006;2.16054;2.16249;12707
2015.11.02;00:00:00;2.17035;2.15851;2.16026;2.16967;13622
2015.11.02;04:00:00;2.16181;2.15879;2.16072;2.16026;7513
2015.11.02;08:00:00;2.17056;2.15675;2.1696;2.16075;22430
2015.11.02;12:00:00;2.17068;2.16462;2.16593;2.1696;19497
2015.11.02;16:00:00;2.16667;2.15811;2.16057;2.16593;23571
2015.11.02;20:00:00;2.16126;2.15566;2.15668;2.16059;12346
2015.11.03;00:00:00;2.15845;2.15003;2.15251;2.15668;14528
2015.11.03;04:00:00;2.1645;2.13777;2.14314;2.15251;15210
2015.11.03;08:00:00;2.14742;2.13774;2.14531;2.14314;18053
2015.11.03;12:00:00;2.14839;2.14294;2.14529;2.14531;19915
2015.11.03;16:00:00;2.14899;2.14265;2.14373;2.14526;25589
2015.11.03;20:00:00;2.14696;2.14245;2.14521;2.14369;16254
2015.11.04;00:00:00;2.14731;2.13885;2.13899;2.14521;17739
2015.11.04;04:00:00;2.14156;2.13414;2.13931;2.13899;10860
2015.11.04;08:00:00;2.14737;2.13723;2.14535;2.13934;20227
2015.11.04;12:00:00;2.14984;2.14156;2.14959;2.14537;19167
2015.11.04;16:00:00;2.15407;2.14525;2.14873;2.14962;27985
2015.11.04;20:00:00;2.15259;2.14875;2.1507;2.14875;12822
2015.11.05;00:00:00;2.15872;2.15031;2.15254;2.1508;13050
2015.11.05;04:00:00;2.15467;2.14927;2.15241;2.15254;10734
2015.11.05;08:00:00;2.15859;2.15101;2.15682;2.15241;20438
2015.11.05;12:00:00;2.15873;2.1263;2.12765;2.15697;26518
2015.11.05;16:00:00;2.13672;2.1253;2.12778;2.12766;27367
2015.11.05;20:00:00;2.13069;2.1274;2.12803;2.12778;13138
2015.11.06;00:00:00;2.13098;2.12535;2.12979;2.1281;14279
2015.11.06;04:00:00;2.13065;2.1271;2.12827;2.12976;10679
2015.11.06;08:00:00;2.12827;2.11601;2.11902;2.12827;22668
2015.11.06;12:00:00;2.1312;2.11249;2.12844;2.11884;24512
2015.11.06;16:00:00;2.14418;2.12839;2.13818;2.12848;33843
2015.11.06;20:00:00;2.13843;2.13375;2.13582;2.13817;14408
2015.11.09;00:00:00;2.14095;2.13651;2.13651;2.14094;12052
2015.11.09;04:00:00;2.1393;2.13362;2.13372;2.1365;10005
2015.11.09;08:00:00;2.13999;2.13303;2.13522;2.13373;16201
2015.11.09;12:00:00;2.14049;2.13457;2.13999;2.13526;17676
2015.11.09;16:00:00;2.14668;2.13879;2.14566;2.13999;20883
2015.11.09;20:00:00;2.14658;2.14249;2.14388;2.14564;10544
2015.11.10;00:00:00;2.14644;2.14319;2.14444;2.14412;15412
2015.11.10;04:00:00;2.14538;2.14162;2.14219;2.14445;9221
2015.11.10;08:00:00;2.1436;2.13758;2.14053;2.14218;18296
2015.11.10;12:00:00;2.14912;2.13878;2.14858;2.14053;22270
2015.11.10;16:00:00;2.15309;2.14634;2.14746;2.14858;24028
2015.11.10;20:00:00;2.15268;2.14705;2.1492;2.14749;13368
2015.11.11;00:00:00;2.15217;2.1444;2.14796;2.14927;14791
2015.11.11;04:00:00;2.15016;2.14341;2.14628;2.14799;11187
2015.11.11;08:00:00;2.14941;2.14352;2.14464;2.14618;18246
2015.11.11;12:00:00;2.15407;2.14463;2.14974;2.14463;19115
2015.11.11;16:00:00;2.15695;2.14829;2.15502;2.14973;26696
2015.11.11;20:00:00;2.15638;2.15279;2.15316;2.15502;12481
2015.11.12;00:00:00;2.1545;2.13025;2.13213;2.15347;21836
2015.11.12;04:00:00;2.13424;2.12996;2.13207;2.1321;12919
2015.11.12;08:00:00;2.133;2.12382;2.12947;2.13207;24929
2015.11.12;12:00:00;2.13782;2.12634;2.13722;2.12947;24681
2015.11.12;16:00:00;2.14267;2.13517;2.13741;2.13723;36219
2015.11.12;20:00:00;2.1379;2.13528;2.1361;2.13739;10883
2015.11.13;00:00:00;2.13842;2.13255;2.13305;2.13618;13887
2015.11.13;04:00:00;2.13392;2.1305;2.13182;2.13312;9781
2015.11.13;08:00:00;2.13527;2.13126;2.13353;2.13185;14312
2015.11.13;12:00:00;2.13828;2.12767;2.1368;2.13352;23314
2015.11.13;16:00:00;2.14002;2.1337;2.13544;2.1368;21283
2015.11.13;20:00:00;2.1381;2.13474;2.13556;2.13544;9059
2015.11.16;00:00:00;2.14357;2.13423;2.14034;2.13613;20176
2015.11.16;04:00:00;2.14051;2.1368;2.13918;2.14034;5910
2015.11.16;08:00:00;2.13935;2.12992;2.13362;2.13915;17155
2015.11.16;12:00:00;2.14298;2.13349;2.14139;2.13359;22942
2015.11.16;16:00:00;2.14776;2.14117;2.14566;2.14136;26707
2015.11.16;20:00:00;2.14566;2.1414;2.14173;2.14564;8694
2015.11.17;00:00:00;2.14511;2.13834;2.13922;2.14122;15266
2015.11.17;04:00:00;2.14317;2.13908;2.14131;2.13917;11372
2015.11.17;08:00:00;2.14541;2.13598;2.13999;2.1413;21816
2015.11.17;12:00:00;2.142;2.13083;2.13439;2.13996;26748
2015.11.17;16:00:00;2.13931;2.13318;2.13631;2.13442;33035
2015.11.17;20:00:00;2.13898;2.13523;2.13788;2.13633;15830
2015.11.18;00:00:00;2.14197;2.13723;2.14176;2.13839;13289
2015.11.18;04:00:00;2.14315;2.13907;2.14123;2.14175;8207
2015.11.18;08:00:00;2.14528;2.13713;2.14177;2.14123;20705
2015.11.18;12:00:00;2.14404;2.13929;2.14276;2.1418;22187
2015.11.18;16:00:00;2.14978;2.13962;2.14821;2.14275;25666
2015.11.18;20:00:00;2.15106;2.14083;2.14203;2.14817;20147
2015.11.19;00:00:00;2.14384;2.133;2.13509;2.14181;20151
2015.11.19;04:00:00;2.13545;2.12999;2.13117;2.1351;18237
2015.11.19;08:00:00;2.1348;2.12369;2.12725;2.13125;26221
2015.11.19;12:00:00;2.13385;2.12572;2.13381;2.12731;27186
2015.11.19;16:00:00;2.13457;2.12101;2.12621;2.13385;36743
2015.11.19;20:00:00;2.1272;2.12441;2.12467;2.1262;12579
2015.11.20;00:00:00;2.12736;2.12357;2.12503;2.12466;14427
2015.11.20;04:00:00;2.12554;2.12053;2.12292;2.12498;11503
2015.11.20;08:00:00;2.12526;2.11646;2.11979;2.12292;22693
2015.11.20;12:00:00;2.12146;2.10487;2.10613;2.11979;27487
2015.11.20;16:00:00;2.10728;2.09809;2.09889;2.1061;32596
2015.11.20;20:00:00;2.10043;2.09678;2.09804;2.09892;12106
2015.11.23;00:00:00;2.11061;2.09689;2.10865;2.09832;12489
2015.11.23;04:00:00;2.11702;2.10838;2.11346;2.10865;10891
2015.11.23;08:00:00;2.11533;2.10997;2.11148;2.11351;22140
2015.11.23;12:00:00;2.11181;2.10142;2.10772;2.11148;32412
2015.11.23;16:00:00;2.10905;2.10094;2.10164;2.10769;30660
2015.11.23;20:00:00;2.10398;2.1005;2.10176;2.10164;11212
2015.11.24;00:00:00;2.10449;2.09998;2.10082;2.10174;12033
2015.11.24;04:00:00;2.10456;2.1006;2.10171;2.10082;9526
2015.11.24;08:00:00;2.10316;2.0934;2.0966;2.10184;21674
2015.11.24;12:00:00;2.09687;2.08858;2.08987;2.09658;31479
2015.11.24;16:00:00;2.08985;2.07838;2.08282;2.08981;31236
2015.11.24;20:00:00;2.08324;2.07676;2.0775;2.08285;14983
2015.11.25;00:00:00;2.07926;2.07291;2.07888;2.07755;15256
2015.11.25;04:00:00;2.07985;2.0749;2.07666;2.07888;12022
2015.11.25;08:00:00;2.07945;2.07352;2.07813;2.07662;24431
2015.11.25;12:00:00;2.08668;2.07471;2.08664;2.07819;30595
2015.11.25;16:00:00;2.08744;2.08296;2.08442;2.08667;34889
2015.11.25;20:00:00;2.08793;2.08273;2.08518;2.08442;14954
2015.11.26;00:00:00;2.09456;2.08228;2.09127;2.0852;17153
2015.11.26;04:00:00;2.09211;2.08763;2.08953;2.09131;10953
2015.11.26;08:00:00;2.09356;2.08599;2.08814;2.0895;23556
2015.11.26;12:00:00;2.09242;2.08663;2.09114;2.08811;23694
2015.11.26;16:00:00;2.09336;2.08761;2.08779;2.09111;16266
2015.11.26;20:00:00;2.08984;2.08603;2.08905;2.08779;33070
2015.11.27;00:00:00;2.09274;2.08779;2.0893;2.08917;14903
2015.11.27;04:00:00;2.09089;2.08602;2.08689;2.0893;13005
2015.11.27;08:00:00;2.09567;2.08348;2.08733;2.08689;30820
2015.11.27;12:00:00;2.09069;2.08625;2.09062;2.08732;28678
2015.11.27;16:00:00;2.09509;2.08969;2.09148;2.0906;26011
2015.11.27;20:00:00;2.09253;2.08785;2.08856;2.09151;12617
2015.11.30;00:00:00;2.09571;2.08934;2.09119;2.08954;14729
2015.11.30;04:00:00;2.09269;2.0887;2.0887;2.09121;14696
2015.11.30;08:00:00;2.09078;2.08297;2.08463;2.08875;25502
2015.11.30;12:00:00;2.08485;2.0786;2.07898;2.0846;25738
2015.11.30;16:00:00;2.08342;2.07532;2.07855;2.07898;30295
2015.11.30;20:00:00;2.08358;2.0776;2.08236;2.07855;14118
2015.12.01;00:00:00;2.08467;2.07361;2.0772;2.08236;20064
2015.12.01;04:00:00;2.08107;2.07217;2.08021;2.07721;19702
2015.12.01;08:00:00;2.08111;2.06689;2.06975;2.08027;30378
2015.12.01;12:00:00;2.0725;2.06544;2.06815;2.06976;27197
2015.12.01;16:00:00;2.06836;2.05704;2.05963;2.06814;36574
2015.12.01;20:00:00;2.06007;2.05541;2.05845;2.05965;17995
2015.12.02;00:00:00;2.06234;2.05236;2.06042;2.05835;17468
2015.12.02;04:00:00;2.06174;2.05846;2.06076;2.06039;16614
2015.12.02;08:00:00;2.06186;2.05056;2.05138;2.06079;27847
2015.12.02;12:00:00;2.05453;2.04822;2.04955;2.05139;29595
2015.12.02;16:00:00;2.05178;2.03947;2.04336;2.04958;41078
2015.12.02;20:00:00;2.04684;2.04215;2.04622;2.04337;25152
2015.12.03;00:00:00;2.05122;2.04308;2.04675;2.04622;17009
2015.12.03;04:00:00;2.04717;2.03797;2.03831;2.04679;18062
2015.12.03;08:00:00;2.04198;2.03497;2.0387;2.03832;29252
2015.12.03;12:00:00;2.05131;2.03398;2.04804;2.03871;40952
2015.12.03;16:00:00;2.0679;2.04745;2.05884;2.04807;46249
2015.12.03;20:00:00;2.06406;2.05795;2.06187;2.05887;28549
2015.12.04;00:00:00;2.06662;2.05973;2.0631;2.06184;22095
2015.12.04;04:00:00;2.06846;2.06185;2.06611;2.0631;18596
2015.12.04;08:00:00;2.06749;2.05799;2.06561;2.06614;33638
2015.12.04;12:00:00;2.07253;2.06101;2.06219;2.06555;41585
2015.12.04;16:00:00;2.06343;2.05046;2.05623;2.06218;59925
2015.12.04;20:00:00;2.0592;2.05554;2.05747;2.05623;20563
2015.12.07;00:00:00;2.06204;2.05605;2.0587;2.05605;16332
2015.12.07;04:00:00;2.06119;2.05668;2.05978;2.05866;12552
2015.12.07;08:00:00;2.06423;2.05871;2.06322;2.05981;23027
2015.12.07;12:00:00;2.07254;2.06216;2.07105;2.06329;26632
2015.12.07;16:00:00;2.07736;2.06886;2.07252;2.07102;35856
2015.12.07;20:00:00;2.07493;2.07017;2.07058;2.07251;18093
2015.12.08;00:00:00;2.07512;2.06965;2.07104;2.07093;14213
2015.12.08;04:00:00;2.08338;2.07084;2.08169;2.07104;15954
2015.12.08;08:00:00;2.08594;2.07699;2.08125;2.0817;27326
2015.12.08;12:00:00;2.08249;2.0762;2.08069;2.08129;33240
2015.12.08;16:00:00;2.08376;2.07273;2.07966;2.08069;32090
2015.12.08;20:00:00;2.08208;2.07851;2.07904;2.07966;17867
2015.12.09;00:00:00;2.07955;2.07477;2.0771;2.07926;15456
2015.12.09;04:00:00;2.08177;2.07659;2.08004;2.07708;18596
2015.12.09;08:00:00;2.09736;2.07759;2.09468;2.08006;27985
2015.12.09;12:00:00;2.09817;2.08775;2.09228;2.0947;31654
2015.12.09;16:00:00;2.10775;2.08796;2.10587;2.09228;49423
2015.12.09;20:00:00;2.10638;2.09579;2.10101;2.10587;38818
2015.12.10;00:00:00;2.10182;2.06982;2.07853;2.10103;28492
2015.12.10;04:00:00;2.08338;2.07787;2.08287;2.07852;14601
2015.12.10;08:00:00;2.0863;2.07743;2.08315;2.08287;26207
2015.12.10;12:00:00;2.08449;2.07122;2.0761;2.08312;33505
2015.12.10;16:00:00;2.08072;2.0735;2.07813;2.0761;29014
2015.12.10;20:00:00;2.08332;2.07693;2.08123;2.078;16919
2015.12.11;00:00:00;2.08825;2.08119;2.08737;2.08128;15814
2015.12.11;04:00:00;2.09186;2.08566;2.08873;2.08739;10807
2015.12.11;08:00:00;2.09758;2.08515;2.09491;2.08873;23578
2015.12.11;12:00:00;2.10349;2.09297;2.10157;2.09494;37203
2015.12.11;16:00:00;2.1183;2.10086;2.1156;2.10159;48565
2015.12.11;20:00:00;2.11915;2.11214;2.11672;2.1156;21041
2015.12.14;00:00:00;2.12145;2.11078;2.11773;2.11302;17716
2015.12.14;04:00:00;2.11845;2.10854;2.11051;2.11775;16531
2015.12.14;08:00:00;2.11161;2.09677;2.10122;2.11052;22768
2015.12.14;12:00:00;2.10427;2.08886;2.09134;2.10127;31361
2015.12.14;16:00:00;2.09456;2.08155;2.08746;2.09132;44916
2015.12.14;20:00:00;2.09164;2.08672;2.08987;2.08753;18165
2015.12.15;00:00:00;2.09443;2.08627;2.08859;2.08987;19323
2015.12.15;04:00:00;2.09335;2.08221;2.09151;2.0886;12577
2015.12.15;08:00:00;2.09414;2.08758;2.09298;2.09154;28742
2015.12.15;12:00:00;2.10152;2.08255;2.09997;2.09298;33531
2015.12.15;16:00:00;2.10408;2.09302;2.09543;2.10002;40815
2015.12.15;20:00:00;2.09564;2.09534;2.09564;2.09543;13
