DATE;TIME;HIGH;LOW;CLOSE;OPEN;VOLUME
2015.04.27;12:00:00;1.44855;1.44498;1.44816;1.44776;28552
2015.04.27;16:00:00;1.4528;1.4462;1.45077;1.44817;40083
2015.04.27;20:00:00;1.45647;1.45009;1.45432;1.45078;17629
2015.04.28;00:00:00;1.45563;1.45304;1.45445;1.45434;10258
2015.04.28;04:00:00;1.45487;1.45325;1.45483;1.45446;8536
2015.04.28;08:00:00;1.4582;1.45141;1.45429;1.45482;29340
2015.04.28;12:00:00;1.46605;1.45376;1.46388;1.4543;37394
2015.04.28;16:00:00;1.46651;1.45614;1.46244;1.46392;42196
2015.04.28;20:00:00;1.46651;1.4614;1.46488;1.46244;16852
2015.04.29;00:00:00;1.46631;1.46265;1.46519;1.46476;9909
2015.04.29;04:00:00;1.46726;1.46487;1.46696;1.46518;10036
2015.04.29;08:00:00;1.4709;1.46648;1.46769;1.46695;31814
2015.04.29;12:00:00;1.46913;1.45736;1.46394;1.46771;43503
2015.04.29;16:00:00;1.46528;1.44668;1.44978;1.46384;58269
2015.04.29;20:00:00;1.45174;1.44495;1.45;1.44976;31529
2015.04.30;00:00:00;1.45108;1.44922;1.44969;1.44993;9531
2015.04.30;04:00:00;1.45094;1.44883;1.44934;1.44969;14814
2015.04.30;08:00:00;1.45259;1.44327;1.44662;1.44934;43282
2015.04.30;12:00:00;1.453;1.44173;1.44367;1.44664;47540
2015.04.30;16:00:00;1.45007;1.43782;1.43844;1.44367;52584
2015.04.30;20:00:00;1.43923;1.42948;1.43088;1.43846;22568
2015.05.01;00:00:00;1.43413;1.43032;1.43312;1.43082;8786
2015.05.01;04:00:00;1.4336;1.43199;1.43226;1.43312;5843
2015.05.01;08:00:00;1.43584;1.42396;1.42432;1.43224;22679
2015.05.01;12:00:00;1.42559;1.41603;1.41739;1.42431;27964
2015.05.01;16:00:00;1.41905;1.41087;1.41304;1.41739;42345
2015.05.01;20:00:00;1.41528;1.41063;1.41122;1.41307;15984
2015.05.04;00:00:00;1.41477;1.41167;1.41372;1.41231;10950
2015.05.04;04:00:00;1.41526;1.41353;1.4147;1.41372;8668
2015.05.04;08:00:00;1.42086;1.41367;1.41953;1.41463;23464
2015.05.04;12:00:00;1.41953;1.41137;1.41175;1.41953;28716
2015.05.04;16:00:00;1.4151;1.40908;1.41411;1.41174;35381
2015.05.04;20:00:00;1.41439;1.41081;1.41158;1.41412;15331
2015.05.05;00:00:00;1.41255;1.41081;1.41217;1.41144;7015
2015.05.05;04:00:00;1.41491;1.41181;1.41419;1.41217;10047
2015.05.05;08:00:00;1.42362;1.41358;1.41775;1.41419;34236
2015.05.05;12:00:00;1.41776;1.40682;1.41101;1.41776;41696
2015.05.05;16:00:00;1.4154;1.40442;1.4058;1.41104;49524
2015.05.05;20:00:00;1.40712;1.40474;1.40617;1.40582;17306
2015.05.06;00:00:00;1.40764;1.40493;1.40662;1.40613;8710
2015.05.06;04:00:00;1.40756;1.40502;1.40695;1.40662;14489
2015.05.06;08:00:00;1.40825;1.39976;1.40293;1.40696;39391
2015.05.06;12:00:00;1.40703;1.40009;1.40089;1.40297;45319
2015.05.06;16:00:00;1.40223;1.39243;1.39756;1.40089;54676
2015.05.06;20:00:00;1.3979;1.39401;1.39605;1.39759;18003
2015.05.07;00:00:00;1.39684;1.39509;1.3963;1.396;11282
2015.05.07;04:00:00;1.39732;1.39578;1.3969;1.39629;14291
2015.05.07;08:00:00;1.39727;1.38414;1.38522;1.3969;32625
2015.05.07;12:00:00;1.39533;1.38154;1.39349;1.38526;46790
2015.05.07;16:00:00;1.40302;1.39163;1.40233;1.39352;46617
2015.05.07;20:00:00;1.40789;1.40234;1.40432;1.40234;18811
2015.05.08;00:00:00;1.4249;1.40108;1.42033;1.40426;15516
2015.05.08;04:00:00;1.43302;1.42003;1.43105;1.42034;22000
2015.05.08;08:00:00;1.43299;1.42354;1.42649;1.43105;38236
2015.05.08;12:00:00;1.42755;1.41853;1.42453;1.42652;40688
2015.05.08;16:00:00;1.43721;1.42209;1.43652;1.42457;51265
2015.05.08;20:00:00;1.43998;1.43633;1.43812;1.43652;15627
2015.05.11;00:00:00;1.43933;1.43695;1.43816;1.43817;8050
2015.05.11;04:00:00;1.44065;1.43802;1.43914;1.43816;12571
2015.05.11;08:00:00;1.43998;1.43316;1.4338;1.43916;30380
2015.05.11;12:00:00;1.44973;1.43252;1.44968;1.43379;34910
2015.05.11;16:00:00;1.45842;1.44787;1.45563;1.44975;40639
2015.05.11;20:00:00;1.45875;1.45489;1.45575;1.45563;15131
2015.05.12;00:00:00;1.45672;1.45456;1.45569;1.45574;7342
2015.05.12;04:00:00;1.456;1.45291;1.45317;1.45568;10492
2015.05.12;08:00:00;1.45388;1.44218;1.44564;1.45317;34868
2015.05.12;12:00:00;1.45215;1.44446;1.45065;1.44563;40966
2015.05.12;16:00:00;1.45626;1.44448;1.45619;1.45067;37868
2015.05.12;20:00:00;1.4573;1.45512;1.45582;1.45616;14979
2015.05.13;00:00:00;1.45619;1.45373;1.4547;1.45582;7227
2015.05.13;04:00:00;1.45575;1.45345;1.45377;1.4547;13448
2015.05.13;08:00:00;1.45954;1.44897;1.45882;1.45369;31178
2015.05.13;12:00:00;1.46077;1.44475;1.44704;1.45885;44422
2015.05.13;16:00:00;1.4479;1.44097;1.44314;1.44705;45488
2015.05.13;20:00:00;1.44491;1.44186;1.44309;1.44316;16617
2015.05.14;00:00:00;1.44374;1.44222;1.44307;1.44313;8552
2015.05.14;04:00:00;1.44407;1.44143;1.4418;1.44307;12776
2015.05.14;08:00:00;1.44267;1.4381;1.4402;1.44179;32806
2015.05.14;12:00:00;1.44126;1.43428;1.43915;1.4402;38936
2015.05.14;16:00:00;1.44363;1.43806;1.43978;1.43912;43002
2015.05.14;20:00:00;1.4406;1.43839;1.43866;1.43978;15422
2015.05.15;00:00:00;1.44005;1.43843;1.43981;1.43868;7614
2015.05.15;04:00:00;1.44026;1.43892;1.43946;1.43981;10818
2015.05.15;08:00:00;1.44492;1.43791;1.44452;1.43946;34675
2015.05.15;12:00:00;1.45366;1.44343;1.45355;1.44451;34213
2015.05.15;16:00:00;1.45617;1.44477;1.44667;1.45355;46050
2015.05.15;20:00:00;1.44671;1.43877;1.43952;1.44663;19187
2015.05.18;00:00:00;1.44239;1.43712;1.44201;1.4384;8143
2015.05.18;04:00:00;1.44399;1.44137;1.44198;1.44201;9541
2015.05.18;08:00:00;1.4436;1.44002;1.44065;1.44198;27337
2015.05.18;12:00:00;1.44379;1.43696;1.44044;1.44065;31514
2015.05.18;16:00:00;1.4487;1.43993;1.44725;1.44047;34799
2015.05.18;20:00:00;1.44998;1.44619;1.44939;1.44728;18586
2015.05.19;00:00:00;1.45057;1.44909;1.44997;1.4494;7042
2015.05.19;04:00:00;1.45061;1.4485;1.45052;1.44997;12750
2015.05.19;08:00:00;1.46065;1.44775;1.44868;1.45055;44577
2015.05.19;12:00:00;1.44989;1.44053;1.44967;1.44871;41505
2015.05.19;16:00:00;1.45464;1.44856;1.45134;1.44967;42557
2015.05.19;20:00:00;1.4542;1.45111;1.45305;1.45137;15593
2015.05.20;00:00:00;1.45439;1.45112;1.45329;1.45341;9054
2015.05.20;04:00:00;1.45439;1.45226;1.45264;1.45329;12160
2015.05.20;08:00:00;1.45712;1.45109;1.45402;1.45264;38773
2015.05.20;12:00:00;1.45931;1.45223;1.45585;1.45401;41121
2015.05.20;16:00:00;1.46124;1.45512;1.45711;1.45585;46433
2015.05.20;20:00:00;1.45737;1.45186;1.45569;1.45706;34604
2015.05.21;00:00:00;1.45618;1.45298;1.4538;1.45529;9674
2015.05.21;04:00:00;1.45458;1.45183;1.45318;1.45379;12990
2015.05.21;08:00:00;1.46099;1.45228;1.46023;1.45318;40506
2015.05.21;12:00:00;1.46579;1.45924;1.46485;1.46024;42670
2015.05.21;16:00:00;1.46777;1.46277;1.46382;1.46486;43006
2015.05.21;20:00:00;1.4671;1.46365;1.46687;1.46382;17415
2015.05.22;00:00:00;1.46828;1.46592;1.46739;1.46687;9725
2015.05.22;04:00:00;1.46816;1.46475;1.46552;1.46739;13266
2015.05.22;08:00:00;1.46583;1.45806;1.45963;1.46532;27587
2015.05.22;12:00:00;1.46628;1.45309;1.46276;1.45963;42544
2015.05.22;16:00:00;1.46574;1.45824;1.45948;1.46277;46719
2015.05.22;20:00:00;1.46231;1.45744;1.45777;1.45941;19769
2015.05.25;00:00:00;1.46171;1.45807;1.46035;1.45849;14289
2015.05.25;04:00:00;1.46087;1.45847;1.45849;1.46037;9543
2015.05.25;08:00:00;1.46273;1.45611;1.46026;1.45849;19418
2015.05.25;12:00:00;1.46174;1.45712;1.45773;1.46026;17025
2015.05.25;16:00:00;1.46252;1.45666;1.46198;1.45773;11438
2015.05.25;20:00:00;1.46271;1.46132;1.46132;1.46193;11541
2015.05.26;00:00:00;1.46397;1.46103;1.46275;1.46111;9164
2015.05.26;04:00:00;1.46385;1.46069;1.46375;1.46276;15279
2015.05.26;08:00:00;1.46631;1.46239;1.46452;1.46375;42508
2015.05.26;12:00:00;1.46467;1.4574;1.46023;1.46448;43449
2015.05.26;16:00:00;1.46378;1.45786;1.46179;1.4603;48386
2015.05.26;20:00:00;1.46673;1.4618;1.46612;1.46181;19330
2015.05.27;00:00:00;1.467;1.46515;1.46563;1.46619;7525
2015.05.27;04:00:00;1.46639;1.46413;1.46502;1.46563;12811
2015.05.27;08:00:00;1.46558;1.459;1.45977;1.46502;31484
2015.05.27;12:00:00;1.46326;1.45837;1.46258;1.45976;44806
2015.05.27;16:00:00;1.46298;1.45382;1.45651;1.46257;51967
2015.05.27;20:00:00;1.45986;1.45531;1.45712;1.45651;19645
2015.05.28;00:00:00;1.45884;1.45607;1.45659;1.45708;7372
2015.05.28;04:00:00;1.45786;1.45536;1.45551;1.45659;17374
2015.05.28;08:00:00;1.45757;1.44977;1.45056;1.45553;39609
2015.05.28;12:00:00;1.45295;1.44567;1.45035;1.45054;43976
2015.05.28;16:00:00;1.45178;1.4444;1.44521;1.45034;47037
2015.05.28;20:00:00;1.44593;1.44296;1.44464;1.44517;21685
2015.05.29;00:00:00;1.44589;1.44155;1.44391;1.44208;10049
2015.05.29;04:00:00;1.44598;1.44294;1.4437;1.44391;11630
2015.05.29;08:00:00;1.44944;1.44188;1.4431;1.44369;33321
2015.05.29;12:00:00;1.44423;1.43402;1.43651;1.44307;45301
2015.05.29;16:00:00;1.44171;1.42992;1.43844;1.4365;47783
2015.05.29;20:00:00;1.43856;1.4358;1.43683;1.43852;18019
2015.06.01;00:00:00;1.44032;1.43384;1.43893;1.43598;9684
2015.06.01;04:00:00;1.44188;1.43875;1.44116;1.43893;12008
2015.06.01;08:00:00;1.4469;1.44106;1.44181;1.44109;31778
2015.06.01;12:00:00;1.4429;1.43487;1.43811;1.44182;39151
2015.06.01;16:00:00;1.4395;1.43507;1.4373;1.43809;49572
2015.06.01;20:00:00;1.43856;1.43602;1.43722;1.43736;20393
2015.06.02;00:00:00;1.43857;1.43554;1.43677;1.43722;12310
2015.06.02;04:00:00;1.43733;1.43541;1.43597;1.43677;12107
2015.06.02;08:00:00;1.4381;1.43079;1.43448;1.43598;34984
2015.06.02;12:00:00;1.43735;1.43041;1.43238;1.43447;50743
2015.06.02;16:00:00;1.43361;1.42603;1.43251;1.43238;56163
2015.06.02;20:00:00;1.43293;1.43019;1.43077;1.4326;20088
2015.06.03;00:00:00;1.43243;1.43077;1.43186;1.43077;9342
2015.06.03;04:00:00;1.43317;1.43098;1.43196;1.43187;13393
2015.06.03;08:00:00;1.43537;1.42492;1.42808;1.43197;37003
2015.06.03;12:00:00;1.4386;1.42713;1.43527;1.42809;43336
2015.06.03;16:00:00;1.43536;1.42714;1.43248;1.43526;53958
2015.06.03;20:00:00;1.43366;1.43115;1.43183;1.43236;14856
2015.06.04;00:00:00;1.43253;1.42945;1.43188;1.43202;8286
2015.06.04;04:00:00;1.43293;1.43115;1.43171;1.43189;10755
2015.06.04;08:00:00;1.43599;1.42923;1.43162;1.43171;43618
2015.06.04;12:00:00;1.43649;1.4302;1.43546;1.43165;47468
2015.06.04;16:00:00;1.43702;1.43322;1.43491;1.43546;44205
2015.06.04;20:00:00;1.43632;1.43268;1.43377;1.43492;19876
2015.06.05;00:00:00;1.43734;1.43261;1.43632;1.43374;14167
2015.06.05;04:00:00;1.43697;1.43418;1.43442;1.43633;11554
2015.06.05;08:00:00;1.43469;1.42525;1.42704;1.43441;38579
2015.06.05;12:00:00;1.4409;1.42635;1.44074;1.42704;41504
2015.06.05;16:00:00;1.44437;1.4353;1.43556;1.44073;55724
2015.06.05;20:00:00;1.43743;1.43323;1.43385;1.43559;18166
2015.06.08;00:00:00;1.43675;1.43242;1.43666;1.43243;7243
2015.06.08;04:00:00;1.43777;1.43614;1.43685;1.43663;10006
2015.06.08;08:00:00;1.43876;1.43051;1.43156;1.43685;37071
2015.06.08;12:00:00;1.43294;1.42891;1.43126;1.43158;31317
2015.06.08;16:00:00;1.43333;1.42379;1.42715;1.43127;38098
2015.06.08;20:00:00;1.42753;1.42106;1.42313;1.42715;23894
2015.06.09;00:00:00;1.42378;1.4223;1.42287;1.42313;11418
2015.06.09;04:00:00;1.42312;1.42092;1.42208;1.42287;14281
2015.06.09;08:00:00;1.42543;1.41391;1.41785;1.42205;39927
2015.06.09;12:00:00;1.42714;1.41671;1.42559;1.41784;43552
2015.06.09;16:00:00;1.43139;1.4221;1.4309;1.42559;42904
2015.06.09;20:00:00;1.43246;1.43056;1.43133;1.43092;14593
2015.06.10;00:00:00;1.43235;1.43066;1.43104;1.43135;8048
2015.06.10;04:00:00;1.43363;1.4306;1.433;1.43105;14267
2015.06.10;08:00:00;1.43454;1.42692;1.43074;1.43302;44749
2015.06.10;12:00:00;1.44059;1.43056;1.43896;1.43074;44755
2015.06.10;16:00:00;1.44476;1.43761;1.44388;1.43896;50710
2015.06.10;20:00:00;1.4471;1.4436;1.446;1.44391;17703
2015.06.11;00:00:00;1.44629;1.44413;1.44466;1.44593;9929
2015.06.11;04:00:00;1.44636;1.44353;1.44517;1.44467;12597
2015.06.11;08:00:00;1.44917;1.43867;1.44647;1.44518;34897
2015.06.11;12:00:00;1.45156;1.44459;1.44848;1.44644;41242
2015.06.11;16:00:00;1.45406;1.44748;1.45055;1.44851;43170
2015.06.11;20:00:00;1.45182;1.44755;1.44776;1.45063;15946
2015.06.12;00:00:00;1.44894;1.44709;1.44831;1.44775;8519
2015.06.12;04:00:00;1.44917;1.44703;1.44867;1.44831;12489
2015.06.12;08:00:00;1.45283;1.44637;1.4507;1.44867;32575
2015.06.12;12:00:00;1.45236;1.44129;1.4417;1.4507;40451
2015.06.12;16:00:00;1.44448;1.4382;1.44096;1.4417;43678
2015.06.12;20:00:00;1.44607;1.44062;1.44472;1.44098;15952
2015.06.15;00:00:00;1.45048;1.44358;1.44824;1.44358;8688
2015.06.15;04:00:00;1.4513;1.44744;1.44753;1.44824;11081
2015.06.15;08:00:00;1.45041;1.44308;1.44443;1.44753;30212
2015.06.15;12:00:00;1.4542;1.44226;1.45403;1.44446;32180
2015.06.15;16:00:00;1.45703;1.4516;1.45469;1.45401;32669
2015.06.15;20:00:00;1.45717;1.44785;1.44993;1.4547;17568
2015.06.16;00:00:00;1.45193;1.44932;1.4512;1.44993;8253
2015.06.16;04:00:00;1.45322;1.45098;1.45134;1.4512;10777
2015.06.16;08:00:00;1.45208;1.44688;1.44761;1.45134;28877
2015.06.16;12:00:00;1.45832;1.44759;1.45565;1.44764;31340
2015.06.16;16:00:00;1.45915;1.45443;1.45851;1.45566;25421
2015.06.16;20:00:00;1.45942;1.45763;1.45838;1.45848;10576
2015.06.17;00:00:00;1.45901;1.45683;1.45698;1.4583;5824
2015.06.17;04:00:00;1.45708;1.4553;1.45597;1.45698;9155
2015.06.17;08:00:00;1.45699;1.4439;1.45603;1.45596;30443
2015.06.17;12:00:00;1.46266;1.45583;1.45939;1.45599;33499
2015.06.17;16:00:00;1.4616;1.45542;1.45613;1.45939;32254
2015.06.17;20:00:00;1.46117;1.45298;1.45948;1.45612;37868
2015.06.18;00:00:00;1.46092;1.45697;1.45732;1.45942;12472
2015.06.18;04:00:00;1.45899;1.45639;1.45653;1.45731;12135
2015.06.18;08:00:00;1.46163;1.45519;1.45863;1.45657;37230
2015.06.18;12:00:00;1.4614;1.45649;1.45795;1.4586;39713
2015.06.18;16:00:00;1.46567;1.45526;1.46484;1.45791;39342
2015.06.18;20:00:00;1.46525;1.46226;1.46252;1.46483;18558
2015.06.19;00:00:00;1.46327;1.46128;1.46296;1.46252;8414
2015.06.19;04:00:00;1.46409;1.4626;1.46327;1.46297;8940
2015.06.19;08:00:00;1.46623;1.46257;1.46274;1.46327;30506
2015.06.19;12:00:00;1.46614;1.46131;1.46517;1.46273;29138
2015.06.19;16:00:00;1.46745;1.45862;1.46089;1.46518;28396
2015.06.19;20:00:00;1.46135;1.4547;1.45748;1.46088;14173
2015.06.22;00:00:00;1.45781;1.45355;1.45688;1.45413;6544
2015.06.22;04:00:00;1.45809;1.45565;1.4578;1.45688;9440
2015.06.22;08:00:00;1.46202;1.45688;1.46007;1.45778;27295
2015.06.22;12:00:00;1.46085;1.4506;1.45403;1.46006;31163
2015.06.22;16:00:00;1.45947;1.45037;1.45684;1.45403;37864
2015.06.22;20:00:00;1.45911;1.45609;1.45782;1.45682;14711
2015.06.23;00:00:00;1.45876;1.45622;1.45858;1.45782;7549
2015.06.23;04:00:00;1.46435;1.45502;1.46276;1.45858;15923
2015.06.23;08:00:00;1.46734;1.46174;1.46654;1.46275;31515
2015.06.23;12:00:00;1.47611;1.46599;1.47599;1.46659;35889
2015.06.23;16:00:00;1.47666;1.46753;1.46929;1.47601;37064
2015.06.23;20:00:00;1.4701;1.46695;1.46852;1.46929;15552
2015.06.24;00:00:00;1.46999;1.46791;1.46973;1.46853;7866
2015.06.24;04:00:00;1.47023;1.468;1.4699;1.46971;9407
2015.06.24;08:00:00;1.47249;1.46606;1.46939;1.46989;32226
2015.06.24;12:00:00;1.47136;1.46604;1.47057;1.46939;35426
2015.06.24;16:00:00;1.47214;1.46646;1.46705;1.47054;35347
2015.06.24;20:00:00;1.46795;1.46457;1.46615;1.46699;15588
2015.06.25;00:00:00;1.46681;1.46519;1.46546;1.46619;7131
2015.06.25;04:00:00;1.46646;1.46464;1.46489;1.46546;8816
2015.06.25;08:00:00;1.47141;1.46317;1.47012;1.4649;25638
2015.06.25;12:00:00;1.47933;1.4697;1.47744;1.47009;35780
2015.06.25;16:00:00;1.47907;1.47158;1.4731;1.47744;27292
2015.06.25;20:00:00;1.47505;1.47228;1.47431;1.47307;12687
2015.06.26;00:00:00;1.47507;1.47277;1.4731;1.47418;8231
2015.06.26;04:00:00;1.47441;1.47241;1.47317;1.47309;9619
2015.06.26;08:00:00;1.47527;1.46889;1.46908;1.47318;23036
2015.06.26;12:00:00;1.47019;1.46369;1.46924;1.4691;27740
2015.06.26;16:00:00;1.47353;1.46645;1.47087;1.46921;34387
2015.06.26;20:00:00;1.47337;1.46816;1.46824;1.47086;13071
2015.06.29;00:00:00;1.47726;1.4699;1.47231;1.47193;21480
2015.06.29;04:00:00;1.4755;1.47225;1.47426;1.4723;11636
2015.06.29;08:00:00;1.4799;1.46723;1.47124;1.47426;42644
2015.06.29;12:00:00;1.47226;1.46338;1.46704;1.47123;39197
2015.06.29;16:00:00;1.46852;1.45595;1.45775;1.46705;40481
2015.06.29;20:00:00;1.45912;1.45428;1.45522;1.45775;23103
2015.06.30;00:00:00;1.45757;1.45438;1.45704;1.45504;9448
2015.06.30;04:00:00;1.46374;1.4564;1.46351;1.45704;11718
2015.06.30;08:00:00;1.46582;1.46083;1.46418;1.46352;31967
2015.06.30;12:00:00;1.46598;1.45932;1.46574;1.46415;40063
2015.06.30;16:00:00;1.47391;1.46366;1.47032;1.46575;38284
2015.06.30;20:00:00;1.47187;1.4681;1.46895;1.4703;16789
2015.07.01;00:00:00;1.46989;1.4653;1.46696;1.4691;9540
2015.07.01;04:00:00;1.4694;1.4663;1.46928;1.46697;7914
2015.07.01;08:00:00;1.47956;1.46725;1.4691;1.46928;29494
2015.07.01;12:00:00;1.47661;1.46638;1.47338;1.46902;36378
2015.07.01;16:00:00;1.47823;1.47261;1.47742;1.4734;33958
2015.07.01;20:00:00;1.48097;1.47702;1.48021;1.47742;16974
2015.07.02;00:00:00;1.48103;1.47881;1.47982;1.48021;8983
2015.07.02;04:00:00;1.47984;1.4766;1.47693;1.47983;8137
2015.07.02;08:00:00;1.4798;1.47416;1.47754;1.47692;35584
2015.07.02;12:00:00;1.48336;1.47203;1.47303;1.47756;47442
2015.07.02;16:00:00;1.47471;1.46998;1.47445;1.47305;43870
2015.07.02;20:00:00;1.47501;1.47122;1.47248;1.47446;11123
2015.07.03;00:00:00;1.47303;1.47138;1.47242;1.47248;7786
2015.07.03;04:00:00;1.47271;1.47065;1.47138;1.47243;8175
2015.07.03;08:00:00;1.4721;1.46892;1.47164;1.47136;32545
2015.07.03;12:00:00;1.47413;1.47029;1.47181;1.47173;35242
2015.07.03;16:00:00;1.47204;1.46413;1.4688;1.47182;31118
2015.07.03;20:00:00;1.46897;1.46097;1.46182;1.46884;8156
2015.07.06;00:00:00;1.46963;1.46432;1.46658;1.4646;14340
2015.07.06;04:00:00;1.46959;1.46568;1.46853;1.46658;12177
2015.07.06;08:00:00;1.47032;1.46481;1.46924;1.46854;37675
2015.07.06;12:00:00;1.47255;1.46772;1.47135;1.46925;46781
2015.07.06;16:00:00;1.4738;1.46823;1.47137;1.47132;39424
2015.07.06;20:00:00;1.47278;1.46977;1.47014;1.47141;12687
2015.07.07;00:00:00;1.4722;1.46991;1.47099;1.47011;6504
2015.07.07;04:00:00;1.47183;1.47003;1.47122;1.47099;9869
2015.07.07;08:00:00;1.47286;1.46732;1.469;1.47121;35941
2015.07.07;12:00:00;1.47002;1.46334;1.46648;1.469;52113
2015.07.07;16:00:00;1.46761;1.46208;1.46455;1.46648;52783
2015.07.07;20:00:00;1.46569;1.46014;1.46259;1.46449;22889
2015.07.08;00:00:00;1.46431;1.46203;1.46229;1.4625;9990
2015.07.08;04:00:00;1.46265;1.45937;1.45954;1.46231;12851
2015.07.08;08:00:00;1.4626;1.45207;1.45214;1.45954;35217
2015.07.08;12:00:00;1.46143;1.44645;1.45895;1.45214;46351
2015.07.08;16:00:00;1.46;1.45174;1.45297;1.45893;53100
2015.07.08;20:00:00;1.4549;1.45153;1.45165;1.45297;21194
2015.07.09;00:00:00;1.45332;1.4512;1.4525;1.45169;10494
2015.07.09;04:00:00;1.45388;1.45187;1.45305;1.45253;11242
2015.07.09;08:00:00;1.46201;1.45091;1.46128;1.4531;37864
2015.07.09;12:00:00;1.46433;1.45887;1.46292;1.46131;49801
2015.07.09;16:00:00;1.46333;1.45511;1.45552;1.46289;44575
2015.07.09;20:00:00;1.45872;1.45454;1.45682;1.45558;16041
2015.07.10;00:00:00;1.45938;1.45523;1.45572;1.45663;9041
2015.07.10;04:00:00;1.4575;1.45463;1.45715;1.45572;10678
2015.07.10;08:00:00;1.45931;1.44939;1.45381;1.45719;36651
2015.07.10;12:00:00;1.45481;1.44999;1.45356;1.45382;50488
2015.07.10;16:00:00;1.4589;1.45064;1.45768;1.45354;44495
2015.07.10;20:00:00;1.45976;1.45408;1.45482;1.45768;14427
2015.07.13;00:00:00;1.45994;1.45547;1.45648;1.45908;6250
2015.07.13;04:00:00;1.45956;1.4558;1.45757;1.45648;9720
2015.07.13;08:00:00;1.47354;1.45642;1.47112;1.45756;39815
2015.07.13;12:00:00;1.47506;1.46908;1.47193;1.47113;43698
2015.07.13;16:00:00;1.47548;1.4704;1.47081;1.47193;37463
2015.07.13;20:00:00;1.47143;1.46882;1.471;1.47081;14605
2015.07.14;00:00:00;1.47487;1.47031;1.47329;1.47098;10232
2015.07.14;04:00:00;1.47383;1.47089;1.47157;1.47328;9181
2015.07.14;08:00:00;1.47293;1.45821;1.45945;1.47157;37578
2015.07.14;12:00:00;1.47471;1.45928;1.47081;1.45945;52652
2015.07.14;16:00:00;1.47545;1.46913;1.47345;1.4708;41071
2015.07.14;20:00:00;1.47814;1.47312;1.47722;1.47344;13444
2015.07.15;00:00:00;1.47987;1.47642;1.47953;1.47723;7006
2015.07.15;04:00:00;1.48009;1.47809;1.47861;1.47953;10036
2015.07.15;08:00:00;1.48349;1.47528;1.47984;1.47861;35632
2015.07.15;12:00:00;1.48345;1.4773;1.48275;1.47984;41016
2015.07.15;16:00:00;1.48955;1.48204;1.4883;1.48278;47790
2015.07.15;20:00:00;1.49068;1.48719;1.48788;1.4883;14217
2015.07.16;00:00:00;1.48943;1.48696;1.48911;1.48792;9593
2015.07.16;04:00:00;1.49049;1.4884;1.4897;1.48913;10764
2015.07.16;08:00:00;1.49577;1.48896;1.49107;1.48968;35444
2015.07.16;12:00:00;1.49452;1.48754;1.49362;1.49114;44138
2015.07.16;16:00:00;1.49579;1.48816;1.49523;1.49363;37506
2015.07.16;20:00:00;1.4964;1.49368;1.49435;1.49522;11644
2015.07.17;00:00:00;1.49507;1.49363;1.49388;1.49432;5606
2015.07.17;04:00:00;1.49577;1.49375;1.49533;1.4939;7419
2015.07.17;08:00:00;1.50003;1.49451;1.49822;1.49532;29932
2015.07.17;12:00:00;1.4994;1.49233;1.49552;1.49822;38358
2015.07.17;16:00:00;1.50274;1.49398;1.50018;1.49552;35651
2015.07.17;20:00:00;1.50095;1.49841;1.50074;1.50017;8488
2015.07.20;00:00:00;1.50175;1.49778;1.50055;1.49903;4796
2015.07.20;04:00:00;1.50166;1.49946;1.50165;1.50055;8825
2015.07.20;08:00:00;1.50388;1.49794;1.49814;1.50166;27621
2015.07.20;12:00:00;1.50011;1.49459;1.49832;1.49815;40059
2015.07.20;16:00:00;1.50189;1.49799;1.50089;1.49835;31946
2015.07.20;20:00:00;1.50191;1.49924;1.50058;1.50089;12841
2015.07.21;00:00:00;1.50149;1.49921;1.49978;1.50058;5878
2015.07.21;04:00:00;1.50145;1.49877;1.50098;1.49979;13946
2015.07.21;08:00:00;1.5015;1.49648;1.49682;1.50099;34385
2015.07.21;12:00:00;1.49839;1.49192;1.4939;1.49682;42050
2015.07.21;16:00:00;1.49397;1.48715;1.48943;1.4939;48178
2015.07.21;20:00:00;1.49149;1.48856;1.48991;1.48944;17918
2015.07.22;00:00:00;1.49139;1.48782;1.49092;1.48948;7486
2015.07.22;04:00:00;1.49168;1.48988;1.49166;1.49092;12106
2015.07.22;08:00:00;1.4986;1.49073;1.49789;1.49166;30120
2015.07.22;12:00:00;1.50361;1.49668;1.50279;1.49788;40992
2015.07.22;16:00:00;1.50543;1.49774;1.49854;1.50273;40501
2015.07.22;20:00:00;1.49994;1.49756;1.49844;1.49854;10855
2015.07.23;00:00:00;1.49885;1.49739;1.49824;1.49824;7304
2015.07.23;04:00:00;1.49858;1.49643;1.49779;1.49823;7969
2015.07.23;08:00:00;1.49939;1.48647;1.48813;1.49779;30217
2015.07.23;12:00:00;1.49279;1.48718;1.48976;1.48816;37148
2015.07.23;16:00:00;1.4924;1.4833;1.48411;1.48976;39574
2015.07.23;20:00:00;1.48972;1.48322;1.48723;1.48411;15683
2015.07.24;00:00:00;1.4893;1.48669;1.48833;1.48673;6559
2015.07.24;04:00:00;1.49116;1.48789;1.49026;1.48832;9559
2015.07.24;08:00:00;1.49071;1.48469;1.48932;1.49026;24853
2015.07.24;12:00:00;1.49016;1.48613;1.48817;1.48933;32876
2015.07.24;16:00:00;1.49319;1.4854;1.49247;1.48814;37397
2015.07.24;20:00:00;1.49427;1.4912;1.49291;1.49245;12162
2015.07.27;00:00:00;1.49411;1.49057;1.4919;1.49124;5272
2015.07.27;04:00:00;1.49299;1.48933;1.4913;1.4919;10757
2015.07.27;08:00:00;1.49139;1.47877;1.48515;1.49131;31066
2015.07.27;12:00:00;1.48831;1.48185;1.48664;1.48513;37536
2015.07.27;16:00:00;1.49882;1.48513;1.49519;1.48663;41322
2015.07.27;20:00:00;1.49887;1.49513;1.49665;1.49519;12347
2015.07.28;00:00:00;1.4977;1.4946;1.49529;1.49535;7113
2015.07.28;04:00:00;1.49753;1.495;1.49693;1.49528;9281
2015.07.28;08:00:00;1.50322;1.4961;1.50291;1.49695;29722
2015.07.28;12:00:00;1.50757;1.50076;1.50618;1.50293;38159
2015.07.28;16:00:00;1.50619;1.50179;1.50258;1.50619;40444
2015.07.28;20:00:00;1.50313;1.50056;1.50212;1.50257;12743
2015.07.29;00:00:00;1.50259;1.4997;1.49996;1.50214;11070
2015.07.29;04:00:00;1.50184;1.49925;1.50176;1.49995;8710
2015.07.29;08:00:00;1.50569;1.50126;1.50228;1.50172;27583
2015.07.29;12:00:00;1.50736;1.50152;1.50491;1.50228;37766
2015.07.29;16:00:00;1.50983;1.50362;1.50362;1.50491;38872
2015.07.29;20:00:00;1.51139;1.50058;1.50853;1.50362;28571
2015.07.30;00:00:00;1.51113;1.50773;1.51035;1.50773;9545
2015.07.30;04:00:00;1.51194;1.5103;1.51135;1.51035;8722
2015.07.30;08:00:00;1.51593;1.51072;1.51497;1.51136;27592
2015.07.30;12:00:00;1.51788;1.5141;1.51533;1.51497;42715
2015.07.30;16:00:00;1.51794;1.50961;1.51231;1.51532;48028
2015.07.30;20:00:00;1.51372;1.51155;1.51177;1.51231;15730
2015.07.31;00:00:00;1.51196;1.50908;1.50925;1.51172;9539
2015.07.31;04:00:00;1.5104;1.50828;1.5089;1.50925;9283
2015.07.31;08:00:00;1.51028;1.49834;1.4999;1.50889;32893
2015.07.31;12:00:00;1.50215;1.4955;1.50011;1.4999;49724
2015.07.31;16:00:00;1.50965;1.4935;1.50883;1.5001;56150
2015.07.31;20:00:00;1.51131;1.50684;1.5079;1.5088;18329
2015.08.03;00:00:00;1.51214;1.50806;1.50885;1.50923;7684
2015.08.03;04:00:00;1.50969;1.50764;1.50769;1.50882;10205
2015.08.03;08:00:00;1.51382;1.50737;1.51086;1.50771;29229
2015.08.03;12:00:00;1.51205;1.50541;1.50746;1.51086;45461
2015.08.03;16:00:00;1.51178;1.50665;1.50823;1.50744;46978
2015.08.03;20:00:00;1.51156;1.50784;1.51015;1.50823;14789
2015.08.04;00:00:00;1.51163;1.50959;1.51096;1.51006;7945
2015.08.04;04:00:00;1.51275;1.51056;1.5118;1.51097;9746
2015.08.04;08:00:00;1.51218;1.50665;1.50768;1.5118;32866
2015.08.04;12:00:00;1.51465;1.50689;1.51343;1.50767;43873
2015.08.04;16:00:00;1.5203;1.51218;1.51977;1.51351;45113
2015.08.04;20:00:00;1.5241;1.51819;1.52206;1.51978;24156
2015.08.05;00:00:00;1.52293;1.52126;1.52236;1.52206;9819
2015.08.05;04:00:00;1.52252;1.51891;1.51944;1.52234;12387
2015.08.05;08:00:00;1.52829;1.51919;1.52666;1.51944;34440
2015.08.05;12:00:00;1.53117;1.52508;1.53105;1.52666;50951
2015.08.05;16:00:00;1.53314;1.52905;1.53103;1.53105;45017
2015.08.05;20:00:00;1.53143;1.52682;1.52717;1.53099;16908
2015.08.06;00:00:00;1.52825;1.52573;1.52822;1.52699;7993
2015.08.06;04:00:00;1.5292;1.52739;1.52845;1.52822;10931
2015.08.06;08:00:00;1.53564;1.52611;1.53549;1.52846;26670
2015.08.06;12:00:00;1.53671;1.52123;1.52804;1.53542;45701
2015.08.06;16:00:00;1.52816;1.52002;1.52223;1.52804;42003
2015.08.06;20:00:00;1.52265;1.52046;1.52115;1.52223;12871
2015.08.07;00:00:00;1.52195;1.52064;1.52134;1.521;7226
2015.08.07;04:00:00;1.52273;1.52007;1.52158;1.52135;10145
2015.08.07;08:00:00;1.52597;1.51901;1.52587;1.52157;28235
2015.08.07;12:00:00;1.52988;1.51903;1.5291;1.52588;40040
2015.08.07;16:00:00;1.52937;1.51693;1.52003;1.5291;54848
2015.08.07;20:00:00;1.52477;1.51885;1.5236;1.52004;13196
2015.08.10;00:00:00;1.52426;1.51948;1.52378;1.51948;6107
2015.08.10;04:00:00;1.52427;1.52171;1.52208;1.5238;9410
2015.08.10;08:00:00;1.52408;1.51783;1.51916;1.52203;26946
2015.08.10;12:00:00;1.53046;1.51884;1.53018;1.51915;38368
2015.08.10;16:00:00;1.53499;1.52951;1.53225;1.53016;41464
2015.08.10;20:00:00;1.53462;1.53033;1.53342;1.53228;15752
2015.08.11;00:00:00;1.53345;1.53199;1.53211;1.53344;9533
2015.08.11;04:00:00;1.53532;1.53109;1.53273;1.53213;19020
2015.08.11;08:00:00;1.53494;1.52732;1.53291;1.53274;39674
2015.08.11;12:00:00;1.53603;1.5286;1.52887;1.53291;42208
2015.08.11;16:00:00;1.54087;1.52715;1.53986;1.52888;45290
2015.08.11;20:00:00;1.54085;1.53738;1.53825;1.53985;16036
2015.08.12;00:00:00;1.53995;1.53798;1.53976;1.53825;10088
2015.08.12;04:00:00;1.53988;1.53188;1.53335;1.53978;15786
2015.08.12;08:00:00;1.53679;1.5248;1.52638;1.53336;41498
2015.08.12;12:00:00;1.52745;1.51723;1.522;1.52637;41687
2015.08.12;16:00:00;1.52243;1.51417;1.51891;1.52202;49144
2015.08.12;20:00:00;1.5233;1.51765;1.52254;1.51886;19194
2015.08.13;00:00:00;1.52324;1.52128;1.52284;1.52254;7829
2015.08.13;04:00:00;1.52624;1.52061;1.52567;1.52283;12675
2015.08.13;08:00:00;1.52897;1.52517;1.52574;1.52568;28328
2015.08.13;12:00:00;1.53036;1.5244;1.52582;1.52576;35640
2015.08.13;16:00:00;1.52583;1.51755;1.52553;1.52582;44081
2015.08.13;20:00:00;1.52636;1.52228;1.5237;1.52552;16152
2015.08.14;00:00:00;1.52397;1.52231;1.52285;1.5237;8658
2015.08.14;04:00:00;1.52506;1.52261;1.52286;1.52286;8691
2015.08.14;08:00:00;1.52579;1.52109;1.52253;1.52287;27100
2015.08.14;12:00:00;1.52424;1.51968;1.52248;1.52261;33905
2015.08.14;16:00:00;1.52895;1.52239;1.52731;1.52244;37504
2015.08.14;20:00:00;1.53013;1.52559;1.52659;1.52733;10585
2015.08.17;00:00:00;1.52995;1.52654;1.52903;1.52727;7073
2015.08.17;04:00:00;1.53091;1.52866;1.52994;1.52904;9380
2015.08.17;08:00:00;1.53463;1.52523;1.52736;1.52993;28518
2015.08.17;12:00:00;1.52893;1.52314;1.52492;1.52735;35755
2015.08.17;16:00:00;1.52725;1.52159;1.52233;1.5249;32820
2015.08.17;20:00:00;1.52554;1.52208;1.52466;1.52232;12008
2015.08.18;00:00:00;1.52605;1.52395;1.52473;1.52465;7464
2015.08.18;04:00:00;1.5257;1.52399;1.5256;1.52473;10064
2015.08.18;08:00:00;1.53016;1.51989;1.52902;1.52561;28234
2015.08.18;12:00:00;1.53659;1.52821;1.53389;1.52901;33365
2015.08.18;16:00:00;1.53491;1.52697;1.52872;1.53389;34531
2015.08.18;20:00:00;1.53217;1.52837;1.52945;1.52882;11129
2015.08.19;00:00:00;1.53146;1.52873;1.53116;1.52945;7990
2015.08.19;04:00:00;1.53155;1.53;1.53032;1.53116;9926
2015.08.19;08:00:00;1.53062;1.52682;1.52688;1.53031;25379
2015.08.19;12:00:00;1.52935;1.52197;1.52362;1.52687;33140
2015.08.19;16:00:00;1.52454;1.51569;1.51678;1.52363;38255
2015.08.19;20:00:00;1.51812;1.51276;1.51369;1.51675;28673
2015.08.20;00:00:00;1.51493;1.51192;1.51426;1.5137;9809
2015.08.20;04:00:00;1.51528;1.5138;1.51512;1.51426;10034
2015.08.20;08:00:00;1.51629;1.50348;1.50374;1.51512;33459
2015.08.20;12:00:00;1.51237;1.5019;1.51119;1.50377;36392
2015.08.20;16:00:00;1.51228;1.50421;1.50874;1.5112;41153
2015.08.20;20:00:00;1.50929;1.50352;1.50352;1.50874;21405
2015.08.21;00:00:00;1.50518;1.50334;1.50505;1.5035;12076
2015.08.21;04:00:00;1.50522;1.50033;1.50052;1.50503;15865
2015.08.21;08:00:00;1.50658;1.50003;1.5037;1.50052;29114
2015.08.21;12:00:00;1.50495;1.49264;1.496;1.5037;36978
2015.08.21;16:00:00;1.49851;1.48609;1.48814;1.496;50361
2015.08.21;20:00:00;1.49181;1.48399;1.48422;1.48811;23500
2015.08.24;00:00:00;1.4873;1.48066;1.48328;1.48066;13076
2015.08.24;04:00:00;1.48384;1.46936;1.47843;1.48328;26964
2015.08.24;08:00:00;1.48489;1.47135;1.48359;1.47841;37395
2015.08.24;12:00:00;1.48394;1.46912;1.47383;1.48354;47398
2015.08.24;16:00:00;1.47736;1.4602;1.47702;1.47383;67353
2015.08.24;20:00:00;1.4789;1.46653;1.46653;1.47701;35356
2015.08.25;00:00:00;1.47231;1.466;1.47064;1.46668;18366
2015.08.25;04:00:00;1.47745;1.47037;1.47403;1.47065;19496
2015.08.25;08:00:00;1.48872;1.46835;1.48283;1.47403;44827
2015.08.25;12:00:00;1.49078;1.48173;1.48537;1.48281;50709
2015.08.25;16:00:00;1.49148;1.48313;1.48636;1.4854;52638
2015.08.25;20:00:00;1.48658;1.47205;1.47262;1.48635;29251
2015.08.26;00:00:00;1.47807;1.47199;1.47503;1.47273;15395
2015.08.26;04:00:00;1.48271;1.47399;1.48151;1.47495;19404
2015.08.26;08:00:00;1.48423;1.47528;1.47805;1.48144;37418
2015.08.26;12:00:00;1.47857;1.47146;1.47385;1.47803;44836
2015.08.26;16:00:00;1.47673;1.46497;1.46813;1.47387;50522
2015.08.26;20:00:00;1.47669;1.46585;1.47531;1.4682;26477
2015.08.27;00:00:00;1.47646;1.47253;1.4728;1.47531;13707
2015.08.27;04:00:00;1.47733;1.47267;1.47572;1.4728;10615
2015.08.27;08:00:00;1.47877;1.47395;1.47685;1.47572;32119
2015.08.27;12:00:00;1.47908;1.472;1.47851;1.47685;34852
2015.08.27;16:00:00;1.48833;1.47594;1.48547;1.4785;48545
2015.08.27;20:00:00;1.4895;1.4847;1.48772;1.48547;19889
2015.08.28;00:00:00;1.48978;1.48654;1.48931;1.48799;10140
2015.08.28;04:00:00;1.49006;1.48833;1.48929;1.48928;8379
2015.08.28;08:00:00;1.48934;1.47894;1.4799;1.48929;29493
2015.08.28;12:00:00;1.48281;1.47319;1.4764;1.4799;40686
2015.08.28;16:00:00;1.48169;1.47366;1.48008;1.47641;44826
2015.08.28;20:00:00;1.48334;1.47711;1.48193;1.48014;18084
2015.08.31;00:00:00;1.48443;1.47944;1.47986;1.48041;9821
2015.08.31;04:00:00;1.48333;1.47886;1.48048;1.47986;11687
2015.08.31;08:00:00;1.48615;1.47962;1.486;1.4805;19712
2015.08.31;12:00:00;1.48849;1.4833;1.48611;1.48607;20880
2015.08.31;16:00:00;1.4893;1.48228;1.48356;1.48606;31329
2015.08.31;20:00:00;1.48497;1.48101;1.48369;1.48355;16926
2015.09.01;00:00:00;1.48453;1.4807;1.48156;1.48369;7322
2015.09.01;04:00:00;1.48273;1.47775;1.48055;1.48151;13729
2015.09.01;08:00:00;1.48082;1.4687;1.47501;1.48054;37303
2015.09.01;12:00:00;1.48122;1.47178;1.47252;1.47502;46120
2015.09.01;16:00:00;1.4798;1.47113;1.47444;1.47252;45982
2015.09.01;20:00:00;1.47476;1.46685;1.46685;1.47446;24236
2015.09.02;00:00:00;1.47206;1.46598;1.47198;1.46687;10831
2015.09.02;04:00:00;1.4739;1.46903;1.47229;1.47196;16247
2015.09.02;08:00:00;1.47652;1.46984;1.47302;1.47226;32373
2015.09.02;12:00:00;1.47976;1.47078;1.47815;1.47303;38775
2015.09.02;16:00:00;1.48472;1.47807;1.48385;1.47825;43579
2015.09.02;20:00:00;1.48529;1.48217;1.48217;1.48385;14563
2015.09.03;00:00:00;1.48521;1.48219;1.48407;1.48219;7864
2015.09.03;04:00:00;1.48443;1.48169;1.48269;1.4841;10773
2015.09.03;08:00:00;1.48301;1.47638;1.47841;1.48269;27180
2015.09.03;12:00:00;1.49103;1.47842;1.48921;1.47843;40936
2015.09.03;16:00:00;1.4899;1.48451;1.48733;1.48923;41832
2015.09.03;20:00:00;1.48824;1.4827;1.48492;1.48732;21208
2015.09.04;00:00:00;1.48643;1.48409;1.4844;1.48505;8513
2015.09.04;04:00:00;1.48533;1.47687;1.48006;1.48436;12844
2015.09.04;08:00:00;1.4866;1.47974;1.48379;1.48006;31436
2015.09.04;12:00:00;1.48691;1.47652;1.48081;1.48378;33203
2015.09.04;16:00:00;1.48485;1.47832;1.4787;1.48084;38426
2015.09.04;20:00:00;1.47878;1.47349;1.47382;1.47872;16129
2015.09.07;00:00:00;1.47737;1.47401;1.47483;1.47404;10310
2015.09.07;04:00:00;1.47821;1.47463;1.47752;1.47482;13207
2015.09.07;08:00:00;1.48462;1.47531;1.48452;1.47755;31101
2015.09.07;12:00:00;1.48954;1.48165;1.48775;1.48452;34541
2015.09.07;16:00:00;1.49199;1.48744;1.49102;1.48778;17057
2015.09.07;20:00:00;1.49133;1.48813;1.4887;1.49102;15253
2015.09.08;00:00:00;1.49092;1.48802;1.4891;1.4886;8110
2015.09.08;04:00:00;1.48971;1.48436;1.48708;1.4891;13150
2015.09.08;08:00:00;1.5005;1.48696;1.49988;1.48709;29285
2015.09.08;12:00:00;1.50753;1.49938;1.50523;1.4999;28456
2015.09.08;16:00:00;1.50786;1.50158;1.50622;1.50519;31305
2015.09.08;20:00:00;1.51062;1.50609;1.50724;1.50624;14244
2015.09.09;00:00:00;1.50832;1.50477;1.5082;1.50705;9323
2015.09.09;04:00:00;1.50917;1.50667;1.50752;1.5082;11851
2015.09.09;08:00:00;1.51075;1.49206;1.49449;1.50752;31113
2015.09.09;12:00:00;1.50451;1.49418;1.50425;1.49447;29528
2015.09.09;16:00:00;1.50753;1.49942;1.50113;1.50426;34218
2015.09.09;20:00:00;1.50198;1.49593;1.49829;1.50113;21722
2015.09.10;00:00:00;1.49908;1.4951;1.49545;1.49816;13850
2015.09.10;04:00:00;1.50251;1.49518;1.50064;1.49545;15089
2015.09.10;08:00:00;1.50355;1.49643;1.50176;1.50063;30011
2015.09.10;12:00:00;1.50977;1.49979;1.50173;1.50176;33896
2015.09.10;16:00:00;1.50751;1.5006;1.50155;1.50174;36430
2015.09.10;20:00:00;1.5043;1.49958;1.5027;1.50155;14991
2015.09.11;00:00:00;1.50385;1.50054;1.50253;1.5027;14406
2015.09.11;04:00:00;1.50513;1.50255;1.50449;1.50256;9396
2015.09.11;08:00:00;1.50458;1.49843;1.50198;1.50448;25595
2015.09.11;12:00:00;1.51069;1.50154;1.50973;1.50198;27935
2015.09.11;16:00:00;1.50982;1.5005;1.50271;1.50968;31813
2015.09.11;20:00:00;1.50385;1.49346;1.49489;1.50269;15182
2015.09.14;00:00:00;1.49732;1.49378;1.49657;1.49484;7075
2015.09.14;04:00:00;1.49787;1.49418;1.49425;1.4966;9503
2015.09.14;08:00:00;1.50187;1.49381;1.49821;1.49426;22301
2015.09.14;12:00:00;1.4999;1.49487;1.49511;1.49821;23761
2015.09.14;16:00:00;1.49606;1.49163;1.49226;1.49511;25749
2015.09.14;20:00:00;1.49516;1.49202;1.49311;1.49227;9356
2015.09.15;00:00:00;1.49515;1.49271;1.49324;1.49299;8563
2015.09.15;04:00:00;1.49352;1.49175;1.49315;1.49324;9024
2015.09.15;08:00:00;1.49926;1.49104;1.49644;1.49315;21918
2015.09.15;12:00:00;1.49744;1.49165;1.49357;1.49641;21327
2015.09.15;16:00:00;1.49805;1.49174;1.4954;1.49357;24581
2015.09.15;20:00:00;1.49818;1.49319;1.49405;1.4954;9395
2015.09.16;00:00:00;1.496;1.49344;1.49522;1.49421;5329
2015.09.16;04:00:00;1.49522;1.4916;1.49257;1.49522;9034
2015.09.16;08:00:00;1.49941;1.4903;1.49817;1.49254;24291
2015.09.16;12:00:00;1.5062;1.49648;1.4978;1.49814;28672
2015.09.16;16:00:00;1.50303;1.49555;1.49848;1.49778;28791
2015.09.16;20:00:00;1.50552;1.49845;1.50384;1.49846;9957
2015.09.17;00:00:00;1.50625;1.50288;1.50418;1.50385;9101
2015.09.17;04:00:00;1.50568;1.50238;1.50488;1.50418;8923
2015.09.17;08:00:00;1.50672;1.49839;1.50002;1.50488;21766
2015.09.17;12:00:00;1.5058;1.49992;1.50335;1.50003;20215
2015.09.17;16:00:00;1.50943;1.5028;1.50833;1.50339;22195
2015.09.17;20:00:00;1.50935;1.49506;1.49664;1.50832;42961
2015.09.18;00:00:00;1.49911;1.49429;1.49543;1.49668;15817
2015.09.18;04:00:00;1.4967;1.4935;1.49568;1.49543;10783
2015.09.18;08:00:00;1.50065;1.49244;1.49684;1.49568;25971
2015.09.18;12:00:00;1.49831;1.4897;1.4946;1.49682;35207
2015.09.18;16:00:00;1.49865;1.49314;1.49818;1.49462;33549
2015.09.18;20:00:00;1.5063;1.49781;1.50234;1.49817;16561
2015.09.21;00:00:00;1.50623;1.50158;1.50474;1.50158;7564
2015.09.21;04:00:00;1.50513;1.50326;1.50362;1.50473;10518
2015.09.21;08:00:00;1.50698;1.49973;1.50044;1.50364;22618
2015.09.21;12:00:00;1.50757;1.49835;1.50757;1.50043;24594
2015.09.21;16:00:00;1.51068;1.50101;1.50152;1.50758;30222
2015.09.21;20:00:00;1.50714;1.50059;1.50668;1.50153;14598
2015.09.22;00:00:00;1.50823;1.5063;1.50788;1.50697;7095
2015.09.22;04:00:00;1.50895;1.50701;1.50726;1.50789;8437
2015.09.22;08:00:00;1.51173;1.50267;1.50442;1.50725;25463
2015.09.22;12:00:00;1.50616;1.501;1.50232;1.50446;30362
2015.09.22;16:00:00;1.50259;1.49339;1.49632;1.50231;32196
2015.09.22;20:00:00;1.49937;1.4955;1.49813;1.49631;11551
2015.09.23;00:00:00;1.4985;1.49618;1.49822;1.49813;6573
2015.09.23;04:00:00;1.49836;1.49439;1.49515;1.49823;8797
2015.09.23;08:00:00;1.50064;1.49213;1.50064;1.49515;24919
2015.09.23;12:00:00;1.50088;1.49021;1.49099;1.50064;29190
2015.09.23;16:00:00;1.49281;1.48507;1.49199;1.49099;35296
2015.09.23;20:00:00;1.494;1.48929;1.49233;1.49205;15750
2015.09.24;00:00:00;1.49368;1.49194;1.49247;1.49233;9503
2015.09.24;04:00:00;1.49482;1.49214;1.49276;1.49246;9568
2015.09.24;08:00:00;1.49425;1.48829;1.48999;1.49277;25404
2015.09.24;12:00:00;1.49188;1.47756;1.47842;1.48999;35731
2015.09.24;16:00:00;1.48612;1.47606;1.48407;1.47844;36806
2015.09.24;20:00:00;1.48886;1.48361;1.48545;1.48407;14628
2015.09.25;00:00:00;1.49031;1.48298;1.48919;1.48561;13887
2015.09.25;04:00:00;1.49108;1.48831;1.49097;1.48918;10266
2015.09.25;08:00:00;1.49817;1.48988;1.49642;1.49097;26426
2015.09.25;12:00:00;1.4966;1.48218;1.48659;1.4964;29794
2015.09.25;16:00:00;1.48715;1.47589;1.48501;1.48658;34943
2015.09.25;20:00:00;1.48936;1.48399;1.4856;1.48497;14865
2015.09.28;00:00:00;1.48963;1.48175;1.48778;1.48275;7239
2015.09.28;04:00:00;1.48972;1.48659;1.48925;1.48779;7317
2015.09.28;08:00:00;1.49229;1.48668;1.49161;1.48924;23863
2015.09.28;12:00:00;1.49255;1.48671;1.48893;1.49163;26054
2015.09.28;16:00:00;1.4894;1.4777;1.47861;1.48892;37039
2015.09.28;20:00:00;1.48076;1.47581;1.47684;1.4786;14674
2015.09.29;00:00:00;1.47816;1.47534;1.47592;1.47674;7799
2015.09.29;04:00:00;1.47592;1.47322;1.47352;1.47592;9033
2015.09.29;08:00:00;1.47792;1.46925;1.47562;1.47353;29349
2015.09.29;12:00:00;1.4788;1.47104;1.47309;1.47563;30701
2015.09.29;16:00:00;1.47544;1.46822;1.47151;1.47309;40140
2015.09.29;20:00:00;1.47505;1.47045;1.4715;1.47155;19662
2015.09.30;00:00:00;1.47246;1.46919;1.47159;1.47153;8654
2015.09.30;04:00:00;1.47359;1.47104;1.47284;1.47162;7883
2015.09.30;08:00:00;1.479;1.47241;1.4772;1.47284;26281
2015.09.30;12:00:00;1.48153;1.47549;1.47921;1.47728;29632
2015.09.30;16:00:00;1.48264;1.4732;1.47496;1.47921;39987
2015.09.30;20:00:00;1.47619;1.47187;1.47189;1.47496;14156
2015.10.01;00:00:00;1.47371;1.47138;1.47237;1.4718;6564
2015.10.01;04:00:00;1.47703;1.47236;1.47654;1.47238;9716
2015.10.01;08:00:00;1.48079;1.47626;1.48067;1.47652;22144
2015.10.01;12:00:00;1.48251;1.478;1.48067;1.48069;29105
2015.10.01;16:00:00;1.48282;1.47471;1.47956;1.48065;34426
2015.10.01;20:00:00;1.47988;1.47723;1.47813;1.47956;10817
2015.10.02;00:00:00;1.47945;1.4777;1.4791;1.47805;7751
2015.10.02;04:00:00;1.481;1.47801;1.48086;1.4791;10542
2015.10.02;08:00:00;1.48255;1.47953;1.48199;1.48093;19527
2015.10.02;12:00:00;1.48524;1.46987;1.47167;1.48197;29774
2015.10.02;16:00:00;1.47699;1.46723;1.47448;1.47168;47839
2015.10.02;20:00:00;1.47728;1.47329;1.47426;1.47448;18627
2015.10.05;00:00:00;1.47639;1.47306;1.47628;1.47484;10893
2015.10.05;04:00:00;1.47744;1.47451;1.47646;1.47628;9283
2015.10.05;08:00:00;1.48014;1.47338;1.47437;1.47646;26711
2015.10.05;12:00:00;1.47968;1.47318;1.47897;1.47438;35148
2015.10.05;16:00:00;1.48151;1.47667;1.47799;1.47897;36719
2015.10.05;20:00:00;1.47953;1.47679;1.47691;1.47794;15772
2015.10.06;00:00:00;1.47838;1.47664;1.47781;1.47693;7264
2015.10.06;04:00:00;1.48018;1.47774;1.48012;1.47782;7857
2015.10.06;08:00:00;1.48013;1.47398;1.47823;1.48013;22764
2015.10.06;12:00:00;1.48015;1.47485;1.47858;1.47824;28297
2015.10.06;16:00:00;1.48016;1.47227;1.47414;1.47861;37250
2015.10.06;20:00:00;1.47448;1.47171;1.47177;1.47415;11998
2015.10.07;00:00:00;1.47364;1.4715;1.47292;1.47153;8393
2015.10.07;04:00:00;1.4739;1.47169;1.47311;1.47294;10024
2015.10.07;08:00:00;1.48087;1.47235;1.47989;1.47312;26917
2015.10.07;12:00:00;1.48158;1.47716;1.48054;1.47987;30329
2015.10.07;16:00:00;1.49249;1.48;1.49044;1.48058;39465
2015.10.07;20:00:00;1.49191;1.48812;1.49092;1.49044;13850
2015.10.08;00:00:00;1.49127;1.49003;1.49021;1.49092;5667
2015.10.08;04:00:00;1.49055;1.48744;1.48824;1.49022;7651
2015.10.08;08:00:00;1.48915;1.48047;1.48398;1.48825;25652
2015.10.08;12:00:00;1.48655;1.48103;1.48323;1.48401;36256
2015.10.08;16:00:00;1.48426;1.47803;1.48144;1.48318;34400
2015.10.08;20:00:00;1.4851;1.47777;1.48204;1.48144;22876
2015.10.09;00:00:00;1.48389;1.47789;1.48342;1.48152;10445
2015.10.09;04:00:00;1.48581;1.48325;1.48432;1.48342;8060
2015.10.09;08:00:00;1.48641;1.47727;1.48059;1.48431;29020
2015.10.09;12:00:00;1.48091;1.47112;1.47226;1.48059;37662
2015.10.09;16:00:00;1.47522;1.47039;1.47107;1.47226;36701
2015.10.09;20:00:00;1.47409;1.47098;1.47177;1.47106;10590
2015.10.12;00:00:00;1.47321;1.46966;1.47227;1.47068;11196
2015.10.12;04:00:00;1.4735;1.47225;1.47338;1.47227;8034
2015.10.12;08:00:00;1.47792;1.47303;1.47513;1.47338;18121
2015.10.12;12:00:00;1.47737;1.47305;1.47632;1.47513;25200
2015.10.12;16:00:00;1.47737;1.47313;1.47544;1.47632;26910
2015.10.12;20:00:00;1.47795;1.4753;1.47743;1.47547;10296
2015.10.13;00:00:00;1.47883;1.47518;1.47645;1.47753;7956
2015.10.13;04:00:00;1.47676;1.47445;1.47508;1.47648;6639
2015.10.13;08:00:00;1.47884;1.46275;1.46416;1.47505;28423
2015.10.13;12:00:00;1.46558;1.45352;1.45678;1.46415;31597
2015.10.13;16:00:00;1.46426;1.45615;1.4602;1.45679;32505
2015.10.13;20:00:00;1.46215;1.45929;1.46004;1.46022;12323
2015.10.14;00:00:00;1.46223;1.45994;1.4609;1.46007;6397
2015.10.14;04:00:00;1.46431;1.46036;1.46351;1.4609;8748
2015.10.14;08:00:00;1.46995;1.45911;1.46979;1.46352;25047
2015.10.14;12:00:00;1.47086;1.46599;1.46824;1.46974;31529
2015.10.14;16:00:00;1.47275;1.46766;1.47028;1.46827;35703
2015.10.14;20:00:00;1.47095;1.46752;1.46869;1.47026;15962
2015.10.15;00:00:00;1.47008;1.46815;1.46849;1.46871;9503
2015.10.15;04:00:00;1.46958;1.46757;1.46851;1.46849;9559
2015.10.15;08:00:00;1.47206;1.46794;1.47022;1.46849;26751
2015.10.15;12:00:00;1.47347;1.46886;1.47231;1.4702;31698
2015.10.15;16:00:00;1.47401;1.46812;1.47134;1.47231;38530
2015.10.15;20:00:00;1.47399;1.4668;1.46888;1.47136;12105
2015.10.16;00:00:00;1.47258;1.46524;1.47156;1.46626;9627
2015.10.16;04:00:00;1.47237;1.47113;1.47186;1.47157;7213
2015.10.16;08:00:00;1.4767;1.47142;1.47455;1.47186;21159
2015.10.16;12:00:00;1.47591;1.46659;1.47089;1.47454;27352
2015.10.16;16:00:00;1.47322;1.46852;1.46858;1.47089;31113
2015.10.16;20:00:00;1.47307;1.46857;1.47257;1.46857;12759
2015.10.19;00:00:00;1.47322;1.46777;1.47025;1.46777;6010
2015.10.19;04:00:00;1.47409;1.4699;1.47327;1.47022;8200
2015.10.19;08:00:00;1.47585;1.47229;1.47413;1.47327;19897
2015.10.19;12:00:00;1.48203;1.47415;1.4789;1.47415;27141
2015.10.19;16:00:00;1.48179;1.47776;1.47982;1.47891;28121
2015.10.19;20:00:00;1.47993;1.47741;1.47836;1.47982;9315
2015.10.20;00:00:00;1.47988;1.47686;1.47879;1.47835;8955
2015.10.20;04:00:00;1.48024;1.47815;1.47965;1.47876;5370
2015.10.20;08:00:00;1.48008;1.47114;1.47147;1.47967;19708
2015.10.20;12:00:00;1.47442;1.47009;1.47327;1.47144;27092
2015.10.20;16:00:00;1.47723;1.4726;1.47676;1.47326;27467
2015.10.20;20:00:00;1.47865;1.47582;1.47647;1.47674;10751
2015.10.21;00:00:00;1.47716;1.47567;1.47627;1.4765;8081
2015.10.21;04:00:00;1.47627;1.4746;1.47542;1.47626;5677
2015.10.21;08:00:00;1.47632;1.47008;1.47376;1.47541;22268
2015.10.21;12:00:00;1.48506;1.47389;1.47748;1.47389;24686
2015.10.21;16:00:00;1.48051;1.47686;1.47753;1.47751;26824
2015.10.21;20:00:00;1.47964;1.47613;1.4787;1.47758;12689
2015.10.22;00:00:00;1.47988;1.47819;1.47968;1.47872;7363
2015.10.22;04:00:00;1.48104;1.47914;1.48029;1.47968;8762
2015.10.22;08:00:00;1.489;1.47827;1.48635;1.48027;24356
2015.10.22;12:00:00;1.49874;1.48534;1.49573;1.4864;37129
2015.10.22;16:00:00;1.49764;1.49283;1.49358;1.49573;46256
2015.10.22;20:00:00;1.49884;1.49361;1.49779;1.49362;15526
2015.10.23;00:00:00;1.49876;1.49636;1.49843;1.49778;12834
2015.10.23;04:00:00;1.49973;1.49829;1.49903;1.49841;10251
2015.10.23;08:00:00;1.50114;1.49564;1.4979;1.49902;28562
2015.10.23;12:00:00;1.50304;1.49627;1.50062;1.49788;36927
2015.10.23;16:00:00;1.50257;1.49645;1.50129;1.50062;40723
2015.10.23;20:00:00;1.50264;1.49806;1.49812;1.50129;13109
2015.10.25;23:00:00;1.49958;1.49806;1.49849;1.49806;2051
2015.10.26;00:00:00;1.49941;1.49781;1.49805;1.49849;8581
2015.10.26;04:00:00;1.49861;1.49639;1.49711;1.49811;7665
2015.10.26;08:00:00;1.50359;1.49528;1.5035;1.49715;26164
2015.10.26;12:00:00;1.50798;1.50138;1.50567;1.50348;33943
2015.10.26;16:00:00;1.51055;1.50475;1.5099;1.50567;36766
2015.10.26;20:00:00;1.51115;1.50791;1.50816;1.50989;10969
2015.10.27;00:00:00;1.50933;1.50783;1.50829;1.50816;6658
2015.10.27;04:00:00;1.50829;1.50576;1.50586;1.50829;9048
2015.10.27;08:00:00;1.51008;1.50531;1.5085;1.50585;25818
2015.10.27;12:00:00;1.51057;1.50638;1.50756;1.5084;36799
2015.10.27;16:00:00;1.51081;1.50464;1.5091;1.50728;34284
2015.10.27;20:00:00;1.51037;1.50643;1.50889;1.50909;11711
2015.10.28;00:00:00;1.51154;1.50879;1.51064;1.50889;12536
2015.10.28;04:00:00;1.51096;1.50886;1.50901;1.51065;7575
2015.10.28;08:00:00;1.51121;1.50524;1.50598;1.50901;23378
2015.10.28;12:00:00;1.50598;1.50241;1.5039;1.50598;34011
2015.10.28;16:00:00;1.50935;1.50369;1.50369;1.50386;38173
2015.10.28;20:00:00;1.51997;1.50369;1.51735;1.50376;32453
2015.10.29;00:00:00;1.51936;1.51657;1.5188;1.51723;12268
2015.10.29;04:00:00;1.5188;1.51567;1.51579;1.5188;8780
2015.10.29;08:00:00;1.51693;1.51049;1.51181;1.51581;30342
2015.10.29;12:00:00;1.51523;1.5081;1.51325;1.51171;37682
2015.10.29;16:00:00;1.51781;1.51251;1.51602;1.51325;32646
2015.10.29;20:00:00;1.51725;1.51373;1.51428;1.51601;10310
2015.10.30;00:00:00;1.51673;1.51404;1.51623;1.51433;10415
2015.10.30;04:00:00;1.51715;1.51476;1.51608;1.51624;14370
2015.10.30;08:00:00;1.51912;1.511;1.514;1.51609;27946
2015.10.30;12:00:00;1.52;1.51358;1.51786;1.51406;37561
2015.10.30;16:00:00;1.52609;1.516;1.52431;1.51785;41778
2015.10.30;20:00:00;1.52562;1.52241;1.524;1.52426;10877
2015.11.02;00:00:00;1.52444;1.52018;1.52256;1.52155;12358
2015.11.02;04:00:00;1.52351;1.52216;1.52245;1.52255;7098
2015.11.02;08:00:00;1.53127;1.52079;1.5293;1.52245;26785
2015.11.02;12:00:00;1.53012;1.52351;1.52351;1.52932;28631
2015.11.02;16:00:00;1.52504;1.51744;1.52083;1.5235;33373
2015.11.02;20:00:00;1.52167;1.51905;1.52009;1.52083;9599
2015.11.03;00:00:00;1.52264;1.51919;1.52188;1.51998;6725
2015.11.03;04:00:00;1.52281;1.5213;1.52233;1.52188;8393
2015.11.03;08:00:00;1.52485;1.51966;1.52333;1.52233;24299
2015.11.03;12:00:00;1.52588;1.5221;1.52354;1.52333;30190
2015.11.03;16:00:00;1.52864;1.52246;1.52774;1.52354;37999
2015.11.03;20:00:00;1.52938;1.52644;1.52763;1.52775;15156
2015.11.04;00:00:00;1.52894;1.52657;1.52846;1.52763;10890
2015.11.04;04:00:00;1.52971;1.52804;1.52929;1.52851;9735
2015.11.04;08:00:00;1.53198;1.52808;1.52896;1.5293;26209
2015.11.04;12:00:00;1.52899;1.52315;1.5257;1.52897;28979
2015.11.04;16:00:00;1.52957;1.52421;1.52844;1.52571;41371
2015.11.04;20:00:00;1.52943;1.52676;1.52741;1.52843;13249
2015.11.05;00:00:00;1.52864;1.52654;1.5269;1.52742;9139
2015.11.05;04:00:00;1.52855;1.52678;1.52809;1.52691;7313
2015.11.05;08:00:00;1.53508;1.52779;1.533;1.52809;28996
2015.11.05;12:00:00;1.53472;1.51586;1.51684;1.53299;38765
2015.11.05;16:00:00;1.52184;1.51512;1.51661;1.51685;40780
2015.11.05;20:00:00;1.51663;1.51288;1.51314;1.5166;12049
2015.11.06;00:00:00;1.51484;1.51265;1.51423;1.5131;7989
2015.11.06;04:00:00;1.51461;1.51314;1.51401;1.51419;8407
2015.11.06;08:00:00;1.51404;1.50811;1.5088;1.51402;27395
2015.11.06;12:00:00;1.51385;1.50524;1.51305;1.50878;35441
2015.11.06;16:00:00;1.51584;1.51122;1.51239;1.51297;49114
2015.11.06;20:00:00;1.51448;1.51165;1.51165;1.51237;16063
2015.11.09;00:00:00;1.51497;1.51059;1.51437;1.51233;11087
2015.11.09;04:00:00;1.51456;1.51279;1.51338;1.51437;9229
2015.11.09;08:00:00;1.51375;1.50683;1.51185;1.5134;25350
2015.11.09;12:00:00;1.51716;1.51156;1.51673;1.51187;31344
2015.11.09;16:00:00;1.51807;1.51292;1.51513;1.51672;35604
2015.11.09;20:00:00;1.51736;1.51479;1.51646;1.51508;10917
2015.11.10;00:00:00;1.51794;1.51564;1.51788;1.5165;9394
2015.11.10;04:00:00;1.51791;1.51671;1.51708;1.51788;8218
2015.11.10;08:00:00;1.51874;1.51323;1.51566;1.51706;27726
2015.11.10;12:00:00;1.523;1.51461;1.52224;1.51566;36876
2015.11.10;16:00:00;1.52354;1.52062;1.5213;1.52224;39272
2015.11.10;20:00:00;1.52201;1.51964;1.52118;1.52131;12515
2015.11.11;00:00:00;1.52469;1.52022;1.52299;1.52118;11728
2015.11.11;04:00:00;1.52344;1.52151;1.52197;1.52299;11862
2015.11.11;08:00:00;1.52415;1.51946;1.52151;1.52194;28920
2015.11.11;12:00:00;1.52922;1.52115;1.52701;1.52152;27585
2015.11.11;16:00:00;1.52848;1.52409;1.52772;1.52702;32543
2015.11.11;20:00:00;1.52879;1.52704;1.52791;1.52771;8646
2015.11.12;00:00:00;1.52885;1.52621;1.52794;1.52785;15232
2015.11.12;04:00:00;1.52808;1.52659;1.52691;1.52796;10587
2015.11.12;08:00:00;1.53138;1.52212;1.52526;1.52689;30767
2015.11.12;12:00:00;1.52736;1.52415;1.52553;1.52526;34539
2015.11.12;16:00:00;1.52705;1.52012;1.52273;1.52555;46763
2015.11.12;20:00:00;1.52516;1.5222;1.52261;1.52273;16572
2015.11.13;00:00:00;1.52446;1.52194;1.52371;1.52261;12485
2015.11.13;04:00:00;1.5244;1.52238;1.52316;1.52372;9126
2015.11.13;08:00:00;1.52957;1.52322;1.52739;1.52322;25749
2015.11.13;12:00:00;1.52969;1.52212;1.52945;1.52742;38693
2015.11.13;16:00:00;1.53475;1.52846;1.5342;1.52945;40959
2015.11.13;20:00:00;1.53507;1.53185;1.53221;1.53422;13877
2015.11.16;00:00:00;1.53542;1.53052;1.53249;1.53178;16847
2015.11.16;04:00:00;1.53291;1.5315;1.53218;1.5325;7819
2015.11.16;08:00:00;1.53227;1.52669;1.52912;1.53225;26601
2015.11.16;12:00:00;1.5306;1.5276;1.52995;1.52911;30691
2015.11.16;16:00:00;1.53567;1.52934;1.53528;1.52988;34756
2015.11.16;20:00:00;1.53603;1.53465;1.5347;1.53529;10803
2015.11.17;00:00:00;1.53509;1.53389;1.53484;1.53453;9939
2015.11.17;04:00:00;1.53495;1.53352;1.53432;1.53483;8738
2015.11.17;08:00:00;1.53852;1.53386;1.53806;1.53431;28051
2015.11.17;12:00:00;1.54269;1.5367;1.54251;1.53806;33309
2015.11.17;16:00:00;1.54725;1.54109;1.54466;1.54251;39265
2015.11.17;20:00:00;1.54523;1.5421;1.54313;1.54466;20130
2015.11.18;00:00:00;1.54383;1.54208;1.54228;1.5432;9104
2015.11.18;04:00:00;1.54544;1.54172;1.54416;1.54226;8869
2015.11.18;08:00:00;1.54547;1.54042;1.54382;1.54413;27132
2015.11.18;12:00:00;1.5468;1.54307;1.54672;1.54382;30075
2015.11.18;16:00:00;1.55216;1.54594;1.55021;1.54672;35544
2015.11.18;20:00:00;1.55469;1.54981;1.55335;1.55017;21772
2015.11.19;00:00:00;1.55406;1.55149;1.55367;1.55335;13500
2015.11.19;04:00:00;1.55392;1.55154;1.55183;1.55365;12999
2015.11.19;08:00:00;1.55679;1.55016;1.55337;1.55181;29163
2015.11.19;12:00:00;1.55708;1.55088;1.55595;1.55338;34417
2015.11.19;16:00:00;1.5563;1.55028;1.55269;1.55597;42624
2015.11.19;20:00:00;1.55303;1.54792;1.54838;1.55269;11608
2015.11.20;00:00:00;1.55091;1.54776;1.54982;1.5482;11428
2015.11.20;04:00:00;1.55073;1.54811;1.54822;1.54985;11062
2015.11.20;08:00:00;1.55279;1.54703;1.55123;1.54824;30083
2015.11.20;12:00:00;1.55215;1.54596;1.54605;1.55123;31848
2015.11.20;16:00:00;1.54898;1.54555;1.5483;1.54608;38980
2015.11.20;20:00:00;1.54946;1.54625;1.54666;1.54832;13295
2015.11.23;00:00:00;1.54926;1.54586;1.54815;1.54725;12283
2015.11.23;04:00:00;1.5488;1.54722;1.54803;1.54814;14454
2015.11.23;08:00:00;1.54878;1.54247;1.544;1.54804;30779
2015.11.23;12:00:00;1.54703;1.54302;1.54547;1.54398;33112
2015.11.23;16:00:00;1.54703;1.54136;1.542;1.54547;39490
2015.11.23;20:00:00;1.54263;1.53907;1.53934;1.54197;12247
2015.11.24;00:00:00;1.54047;1.53912;1.53941;1.53934;11260
2015.11.24;04:00:00;1.54154;1.53914;1.54122;1.53945;8846
2015.11.24;08:00:00;1.54371;1.53795;1.54078;1.54128;25393
2015.11.24;12:00:00;1.54109;1.53171;1.53254;1.54077;34583
2015.11.24;16:00:00;1.53405;1.52883;1.53086;1.53254;36460
2015.11.24;20:00:00;1.53373;1.53;1.53267;1.53087;14778
2015.11.25;00:00:00;1.5342;1.53151;1.53331;1.53274;11552
2015.11.25;04:00:00;1.53534;1.53294;1.5353;1.5333;11566
2015.11.25;08:00:00;1.53922;1.53066;1.53767;1.5353;31167
2015.11.25;12:00:00;1.54491;1.53737;1.54488;1.53766;37728
2015.11.25;16:00:00;1.54756;1.54184;1.54309;1.5448;37087
2015.11.25;20:00:00;1.5462;1.54231;1.54495;1.54307;14006
2015.11.26;00:00:00;1.54602;1.5419;1.54552;1.54424;12080
2015.11.26;04:00:00;1.54658;1.54549;1.54554;1.54553;7001
2015.11.26;08:00:00;1.54701;1.54137;1.54185;1.54554;21758
2015.11.26;12:00:00;1.54803;1.54012;1.54751;1.54185;23699
2015.11.26;16:00:00;1.55027;1.54575;1.54592;1.54749;19529
2015.11.26;20:00:00;1.54718;1.54488;1.54613;1.54588;24536
2015.11.27;00:00:00;1.54684;1.54496;1.54536;1.54614;9328
2015.11.27;04:00:00;1.54551;1.54445;1.54488;1.54534;7690
2015.11.27;08:00:00;1.54906;1.54185;1.54813;1.54488;29456
2015.11.27;12:00:00;1.55295;1.5459;1.55071;1.54804;33499
2015.11.27;16:00:00;1.55197;1.54747;1.54881;1.55071;30362
2015.11.27;20:00:00;1.54918;1.54669;1.54717;1.54883;11823
2015.11.30;00:00:00;1.54966;1.54763;1.54866;1.548;10069
2015.11.30;04:00:00;1.54947;1.548;1.54908;1.54867;7150
2015.11.30;08:00:00;1.55065;1.54656;1.54697;1.54907;23589
2015.11.30;12:00:00;1.54942;1.54549;1.54868;1.54696;26960
2015.11.30;16:00:00;1.54995;1.54397;1.54455;1.54866;33050
2015.11.30;20:00:00;1.55015;1.54442;1.54869;1.54456;14036
2015.12.01;00:00:00;1.55123;1.54825;1.55046;1.5487;12780
2015.12.01;04:00:00;1.55109;1.54839;1.54908;1.55047;14655
2015.12.01;08:00:00;1.55437;1.54802;1.55152;1.54907;27490
2015.12.01;12:00:00;1.55265;1.54904;1.54984;1.5515;25322
2015.12.01;16:00:00;1.55222;1.5472;1.55182;1.54986;36810
2015.12.01;20:00:00;1.55196;1.54631;1.54679;1.55183;13288
2015.12.02;00:00:00;1.5483;1.54618;1.54739;1.54681;11976
2015.12.02;04:00:00;1.54741;1.54624;1.54677;1.5474;8882
2015.12.02;08:00:00;1.5475;1.54108;1.54328;1.54677;25033
2015.12.02;12:00:00;1.54836;1.54017;1.54034;1.54346;30995
2015.12.02;16:00:00;1.5417;1.5262;1.52842;1.54034;44090
2015.12.02;20:00:00;1.52908;1.52121;1.52323;1.52843;22836
2015.12.03;00:00:00;1.52381;1.52073;1.52138;1.52325;11310
2015.12.03;04:00:00;1.52413;1.52109;1.5227;1.52138;11406
2015.12.03;08:00:00;1.53042;1.52218;1.5286;1.52269;26518
2015.12.03;12:00:00;1.53156;1.51071;1.51466;1.52859;45335
2015.12.03;16:00:00;1.52;1.5046;1.50688;1.51466;52300
2015.12.03;20:00:00;1.50712;1.49639;1.50403;1.50688;31264
2015.12.04;00:00:00;1.50467;1.50131;1.50257;1.50407;17006
2015.12.04;04:00:00;1.50299;1.50011;1.50041;1.50258;14944
2015.12.04;08:00:00;1.51317;1.50005;1.51118;1.5004;36471
2015.12.04;12:00:00;1.5145;1.50598;1.50796;1.5112;43874
2015.12.04;16:00:00;1.5135;1.50714;1.51067;1.50796;57094
2015.12.04;20:00:00;1.51247;1.50345;1.50464;1.51067;20878
2015.12.07;00:00:00;1.50713;1.50508;1.50619;1.5052;12022
2015.12.07;04:00:00;1.50789;1.50619;1.50768;1.50619;9211
2015.12.07;08:00:00;1.51056;1.50584;1.50922;1.50767;25927
2015.12.07;12:00:00;1.51123;1.50789;1.51047;1.50923;25920
2015.12.07;16:00:00;1.51236;1.50656;1.50796;1.51048;38075
2015.12.07;20:00:00;1.50845;1.50446;1.50521;1.50796;18950
2015.12.08;00:00:00;1.50611;1.50461;1.50498;1.50527;10675
2015.12.08;04:00:00;1.50502;1.50257;1.50258;1.50498;11559
2015.12.08;08:00:00;1.50454;1.49618;1.49737;1.50257;26551
2015.12.08;12:00:00;1.49814;1.48636;1.48662;1.49737;35207
2015.12.08;16:00:00;1.49226;1.48604;1.48892;1.48663;34779
2015.12.08;20:00:00;1.4905;1.48781;1.48913;1.48892;18999
2015.12.09;00:00:00;1.49264;1.48879;1.49077;1.48911;10964
2015.12.09;04:00:00;1.49109;1.48891;1.48986;1.49076;11192
2015.12.09;08:00:00;1.49535;1.48931;1.49247;1.48985;27314
2015.12.09;12:00:00;1.49508;1.48938;1.49179;1.49246;28863
2015.12.09;16:00:00;1.50079;1.49105;1.49362;1.49179;44760
2015.12.09;20:00:00;1.49577;1.49049;1.49474;1.49362;29348
2015.12.10;00:00:00;1.49496;1.48995;1.49435;1.49411;16892
2015.12.10;04:00:00;1.49481;1.4932;1.49465;1.49434;8812
2015.12.10;08:00:00;1.50066;1.49124;1.4999;1.49463;25068
2015.12.10;12:00:00;1.5039;1.4903;1.49257;1.4999;35062
2015.12.10;16:00:00;1.50155;1.49246;1.49964;1.4926;32057
2015.12.10;20:00:00;1.50077;1.49703;1.4971;1.49964;13282
2015.12.11;00:00:00;1.4985;1.49655;1.49726;1.49713;10595
2015.12.11;04:00:00;1.49736;1.49535;1.4954;1.49726;7379
2015.12.11;08:00:00;1.49807;1.49413;1.49604;1.49541;23188
2015.12.11;12:00:00;1.49871;1.49388;1.49719;1.49605;36351
2015.12.11;16:00:00;1.49931;1.49229;1.49581;1.4972;46656
2015.12.11;20:00:00;1.49862;1.49459;1.4954;1.49582;18578
2015.12.14;00:00:00;1.49783;1.49361;1.49659;1.49759;11684
2015.12.14;04:00:00;1.49737;1.4947;1.49709;1.49658;11114
2015.12.14;08:00:00;1.4978;1.49276;1.4947;1.49708;26280
2015.12.14;12:00:00;1.49574;1.48279;1.4862;1.49468;36498
2015.12.14;16:00:00;1.49033;1.48181;1.49033;1.4862;47312
2015.12.14;20:00:00;1.49294;1.48874;1.49116;1.49034;17731
2015.12.15;00:00:00;1.49575;1.49034;1.49038;1.49118;12494
2015.12.15;04:00:00;1.49184;1.48987;1.49007;1.49037;10071
2015.12.15;08:00:00;1.4916;1.48401;1.48961;1.49008;30197
2015.12.15;12:00:00;1.4967;1.48804;1.49667;1.48965;36325
2015.12.15;16:00:00;1.49763;1.4872;1.49254;1.49672;43791
2015.12.15;20:00:00;1.49263;1.49252;1.49258;1.49255;20
