DATE;TIME;HIGH;LOW;CLOSE;OPEN;VOLUME
2015.04.27;12:00:00;1.84363;1.83635;1.84087;1.84346;27460
2015.04.27;16:00:00;1.84551;1.83359;1.84483;1.84089;40265
2015.04.27;20:00:00;1.84622;1.83998;1.8413;1.84483;19599
2015.04.28;00:00:00;1.8423;1.84004;1.84206;1.8413;11204
2015.04.28;04:00:00;1.84436;1.84119;1.84432;1.84205;10415
2015.04.28;08:00:00;1.84685;1.83734;1.83999;1.84431;30218
2015.04.28;12:00:00;1.84647;1.83952;1.84325;1.84;38280
2015.04.28;16:00:00;1.84875;1.84077;1.84149;1.84325;43113
2015.04.28;20:00:00;1.8459;1.84088;1.84537;1.84149;21111
2015.04.29;00:00:00;1.84695;1.84321;1.84638;1.84537;10556
2015.04.29;04:00:00;1.84722;1.8458;1.84601;1.84639;10613
2015.04.29;08:00:00;1.85287;1.84528;1.85014;1.84601;29927
2015.04.29;12:00:00;1.85493;1.84651;1.84846;1.85022;43632
2015.04.29;16:00:00;1.85197;1.84427;1.85063;1.84849;56595
2015.04.29;20:00:00;1.85524;1.84998;1.85499;1.85062;38383
2015.04.30;00:00:00;1.85564;1.85254;1.8544;1.85496;10073
2015.04.30;04:00:00;1.85691;1.8542;1.85455;1.85442;14631
2015.04.30;08:00:00;1.86025;1.8531;1.85837;1.85456;40774
2015.04.30;12:00:00;1.86114;1.84874;1.85085;1.85844;46306
2015.04.30;16:00:00;1.86513;1.84955;1.85396;1.85085;53819
2015.04.30;20:00:00;1.8589;1.85097;1.85357;1.85398;26430
2015.05.01;00:00:00;1.85633;1.85111;1.85521;1.85346;9820
2015.05.01;04:00:00;1.85609;1.85453;1.85499;1.85521;7492
2015.05.01;08:00:00;1.86045;1.84928;1.84929;1.85499;23333
2015.05.01;12:00:00;1.85151;1.84487;1.8477;1.84927;26279
2015.05.01;16:00:00;1.85131;1.84067;1.84096;1.84769;44697
2015.05.01;20:00:00;1.84551;1.83979;1.84099;1.84096;18357
2015.05.04;00:00:00;1.844;1.83978;1.84329;1.84012;10685
2015.05.04;04:00:00;1.84578;1.84314;1.84382;1.84331;9157
2015.05.04;08:00:00;1.84393;1.83881;1.83971;1.84382;25142
2015.05.04;12:00:00;1.83992;1.83027;1.83127;1.83972;28751
2015.05.04;16:00:00;1.83298;1.82878;1.83121;1.83126;32942
2015.05.04;20:00:00;1.83168;1.82742;1.82838;1.83124;14036
2015.05.05;00:00:00;1.83063;1.82755;1.83033;1.82833;7409
2015.05.05;04:00:00;1.83224;1.83006;1.8315;1.83035;9794
2015.05.05;08:00:00;1.83538;1.829;1.83215;1.83149;29308
2015.05.05;12:00:00;1.83429;1.826;1.82695;1.83214;36690
2015.05.05;16:00:00;1.83032;1.82262;1.82985;1.82697;47699
2015.05.05;20:00:00;1.83274;1.82943;1.83204;1.82985;18170
2015.05.06;00:00:00;1.83312;1.83044;1.83288;1.83204;8767
2015.05.06;04:00:00;1.83326;1.82904;1.83058;1.83287;13905
2015.05.06;08:00:00;1.83463;1.82348;1.82487;1.83059;34982
2015.05.06;12:00:00;1.83232;1.82343;1.82793;1.82485;41355
2015.05.06;16:00:00;1.83355;1.82412;1.83271;1.82797;51287
2015.05.06;20:00:00;1.83786;1.83234;1.83619;1.83263;19304
2015.05.07;00:00:00;1.83667;1.83402;1.83574;1.83622;14058
2015.05.07;04:00:00;1.83643;1.83478;1.83529;1.83574;19731
2015.05.07;08:00:00;1.83733;1.83117;1.83349;1.83533;30916
2015.05.07;12:00:00;1.84115;1.83347;1.83857;1.83348;44507
2015.05.07;16:00:00;1.85039;1.83769;1.84827;1.83862;45420
2015.05.07;20:00:00;1.85364;1.84767;1.84851;1.84834;22165
2015.05.08;00:00:00;1.87051;1.84426;1.8642;1.84778;17649
2015.05.08;04:00:00;1.87888;1.86407;1.87759;1.86421;21092
2015.05.08;08:00:00;1.87861;1.8668;1.87196;1.87758;40717
2015.05.08;12:00:00;1.87216;1.85972;1.86525;1.87196;42757
2015.05.08;16:00:00;1.87244;1.86171;1.86838;1.86533;50159
2015.05.08;20:00:00;1.86982;1.8637;1.86387;1.86832;17033
2015.05.11;00:00:00;1.86785;1.86484;1.86576;1.86484;8424
2015.05.11;04:00:00;1.86969;1.86546;1.86884;1.86573;13242
2015.05.11;08:00:00;1.87164;1.86757;1.8693;1.86883;26554
2015.05.11;12:00:00;1.87982;1.86853;1.8767;1.86937;35327
2015.05.11;16:00:00;1.88895;1.8729;1.88583;1.87677;40786
2015.05.11;20:00:00;1.888;1.88237;1.886;1.88585;15909
2015.05.12;00:00:00;1.88614;1.8835;1.88418;1.88606;10648
2015.05.12;04:00:00;1.88494;1.88217;1.88285;1.88417;10882
2015.05.12;08:00:00;1.88704;1.87849;1.88499;1.88285;31297
2015.05.12;12:00:00;1.89227;1.88228;1.88253;1.885;38059
2015.05.12;16:00:00;1.88818;1.87802;1.88104;1.88262;35316
2015.05.12;20:00:00;1.88379;1.87945;1.88266;1.88104;17167
2015.05.13;00:00:00;1.88353;1.88018;1.88168;1.88266;9618
2015.05.13;04:00:00;1.88559;1.88068;1.88524;1.88166;12420
2015.05.13;08:00:00;1.88689;1.87932;1.88398;1.88524;28912
2015.05.13;12:00:00;1.88563;1.87183;1.87572;1.88401;43913
2015.05.13;16:00:00;1.88427;1.87504;1.87909;1.87572;40555
2015.05.13;20:00:00;1.88543;1.87901;1.88244;1.87916;16793
2015.05.14;00:00:00;1.88297;1.88067;1.88144;1.88247;9822
2015.05.14;04:00:00;1.88175;1.87899;1.87962;1.88145;13619
2015.05.14;08:00:00;1.88564;1.8782;1.8846;1.87961;27364
2015.05.14;12:00:00;1.89019;1.8839;1.88493;1.8846;31472
2015.05.14;16:00:00;1.89205;1.88221;1.89114;1.88491;37139
2015.05.14;20:00:00;1.89349;1.88839;1.89001;1.89116;17140
2015.05.15;00:00:00;1.89156;1.88927;1.89021;1.88997;9413
2015.05.15;04:00:00;1.89343;1.8895;1.89152;1.89021;9392
2015.05.15;08:00:00;1.89276;1.88856;1.89142;1.89152;28967
2015.05.15;12:00:00;1.89479;1.88767;1.89347;1.89142;27745
2015.05.15;16:00:00;1.89924;1.8928;1.89556;1.89346;43003
2015.05.15;20:00:00;1.89719;1.88855;1.88889;1.89556;20123
2015.05.18;00:00:00;1.8923;1.88841;1.8915;1.88922;7162
2015.05.18;04:00:00;1.89309;1.89133;1.89202;1.89152;10602
2015.05.18;08:00:00;1.89218;1.88551;1.88637;1.89197;25869
2015.05.18;12:00:00;1.89346;1.88486;1.89345;1.88639;27156
2015.05.18;16:00:00;1.90637;1.89343;1.90312;1.89347;33776
2015.05.18;20:00:00;1.90521;1.90087;1.90292;1.90312;17219
2015.05.19;00:00:00;1.90434;1.90192;1.90353;1.903;9001
2015.05.19;04:00:00;1.9038;1.89863;1.89945;1.90353;13464
2015.05.19;08:00:00;1.90404;1.88997;1.89383;1.89946;37507
2015.05.19;12:00:00;1.89497;1.8836;1.88928;1.89389;39233
2015.05.19;16:00:00;1.90105;1.88852;1.89525;1.88927;41198
2015.05.19;20:00:00;1.89749;1.89333;1.89695;1.89526;15993
2015.05.20;00:00:00;1.89789;1.89504;1.89726;1.8973;9402
2015.05.20;04:00:00;1.89845;1.89484;1.8957;1.89724;12575
2015.05.20;08:00:00;1.90004;1.89361;1.89582;1.89568;35255
2015.05.20;12:00:00;1.90171;1.89495;1.89956;1.89582;36171
2015.05.20;16:00:00;1.90473;1.89718;1.89772;1.89954;40329
2015.05.20;20:00:00;1.89835;1.89128;1.89606;1.89771;32924
2015.05.21;00:00:00;1.89717;1.89356;1.89633;1.89619;8405
2015.05.21;04:00:00;1.89702;1.8951;1.89554;1.89639;12234
2015.05.21;08:00:00;1.90727;1.89166;1.90632;1.89556;34248
2015.05.21;12:00:00;1.91841;1.90585;1.91578;1.90631;39323
2015.05.21;16:00:00;1.91832;1.91078;1.91187;1.91578;42733
2015.05.21;20:00:00;1.91385;1.91021;1.91027;1.91191;18910
2015.05.22;00:00:00;1.91094;1.90898;1.91022;1.91027;9535
2015.05.22;04:00:00;1.9105;1.90784;1.90905;1.91021;13091
2015.05.22;08:00:00;1.91131;1.90741;1.91037;1.90903;27506
2015.05.22;12:00:00;1.91226;1.90287;1.90414;1.91034;40744
2015.05.22;16:00:00;1.90771;1.90131;1.90502;1.90414;39424
2015.05.22;20:00:00;1.90679;1.90055;1.90063;1.90495;22070
2015.05.25;00:00:00;1.90302;1.90002;1.90246;1.90024;9706
2015.05.25;04:00:00;1.90306;1.90149;1.90149;1.9025;8793
2015.05.25;08:00:00;1.90693;1.90138;1.90345;1.90149;18459
2015.05.25;12:00:00;1.90475;1.90002;1.90217;1.90344;16544
2015.05.25;16:00:00;1.90521;1.90006;1.90402;1.90218;14442
2015.05.25;20:00:00;1.90514;1.90343;1.90405;1.90406;13471
2015.05.26;00:00:00;1.90577;1.90365;1.90411;1.90393;8494
2015.05.26;04:00:00;1.90484;1.9011;1.90191;1.90411;13197
2015.05.26;08:00:00;1.90477;1.89968;1.90368;1.90191;37353
2015.05.26;12:00:00;1.90853;1.90169;1.90783;1.90367;36892
2015.05.26;16:00:00;1.91511;1.90694;1.91358;1.90783;46069
2015.05.26;20:00:00;1.91445;1.91055;1.91254;1.91358;17927
2015.05.27;00:00:00;1.91297;1.91103;1.91243;1.91247;6547
2015.05.27;04:00:00;1.91401;1.9116;1.9137;1.91243;11115
2015.05.27;08:00:00;1.9159;1.91016;1.91338;1.91371;26483
2015.05.27;12:00:00;1.91841;1.91158;1.91324;1.91337;38794
2015.05.27;16:00:00;1.91469;1.90482;1.91361;1.91324;45378
2015.05.27;20:00:00;1.9139;1.91086;1.91106;1.91364;19140
2015.05.28;00:00:00;1.91265;1.91018;1.9112;1.91121;7901
2015.05.28;04:00:00;1.91518;1.91104;1.91487;1.91122;17112
2015.05.28;08:00:00;1.91653;1.9114;1.91257;1.91489;32384
2015.05.28;12:00:00;1.91391;1.90608;1.90982;1.91258;38758
2015.05.28;16:00:00;1.91519;1.9056;1.90683;1.90982;43661
2015.05.28;20:00:00;1.90796;1.90227;1.90398;1.90685;24258
2015.05.29;00:00:00;1.90438;1.90181;1.90223;1.90401;8558
2015.05.29;04:00:00;1.90486;1.90142;1.90351;1.90221;10802
2015.05.29;08:00:00;1.9057;1.90116;1.90127;1.90354;29166
2015.05.29;12:00:00;1.91223;1.89527;1.90995;1.90127;41755
2015.05.29;16:00:00;1.91284;1.90232;1.90317;1.90977;46259
2015.05.29;20:00:00;1.90586;1.90019;1.90279;1.90319;18571
2015.06.01;00:00:00;1.90492;1.89962;1.90366;1.90204;7927
2015.06.01;04:00:00;1.90562;1.9032;1.90514;1.90375;11192
2015.06.01;08:00:00;1.90655;1.90117;1.9014;1.90514;27561
2015.06.01;12:00:00;1.90408;1.89656;1.90385;1.90132;33983
2015.06.01;16:00:00;1.90933;1.90278;1.90578;1.90385;44256
2015.06.01;20:00:00;1.9075;1.90178;1.90321;1.90579;19859
2015.06.02;00:00:00;1.90482;1.90206;1.90431;1.90321;10685
2015.06.02;04:00:00;1.9046;1.90209;1.90248;1.90431;11976
2015.06.02;08:00:00;1.90692;1.8986;1.90686;1.90248;31079
2015.06.02;12:00:00;1.91203;1.90207;1.90471;1.90686;40539
2015.06.02;16:00:00;1.90867;1.89954;1.90206;1.9047;50457
2015.06.02;20:00:00;1.90475;1.90133;1.90221;1.90217;19851
2015.06.03;00:00:00;1.90437;1.90219;1.90373;1.90221;10558
2015.06.03;04:00:00;1.9039;1.9015;1.90314;1.90373;13037
2015.06.03;08:00:00;1.9073;1.89535;1.89863;1.90314;29401
2015.06.03;12:00:00;1.90872;1.89759;1.90801;1.89864;35959
2015.06.03;16:00:00;1.91097;1.90363;1.90865;1.90803;50639
2015.06.03;20:00:00;1.91061;1.9076;1.90957;1.90878;15054
2015.06.04;00:00:00;1.90989;1.90692;1.90875;1.90968;8805
2015.06.04;04:00:00;1.90963;1.90791;1.90904;1.90875;10370
2015.06.04;08:00:00;1.9192;1.90738;1.91776;1.90901;35440
2015.06.04;12:00:00;1.92185;1.91318;1.91851;1.91771;35881
2015.06.04;16:00:00;1.9206;1.91441;1.91861;1.91852;40009
2015.06.04;20:00:00;1.92179;1.91792;1.9202;1.9186;20454
2015.06.05;00:00:00;1.92068;1.91902;1.91941;1.92017;14995
2015.06.05;04:00:00;1.91992;1.91852;1.91874;1.91942;10467
2015.06.05;08:00:00;1.92019;1.91491;1.9167;1.91871;30066
2015.06.05;12:00:00;1.91929;1.89676;1.90664;1.9167;36730
2015.06.05;16:00:00;1.91026;1.8997;1.90625;1.90663;51742
2015.06.05;20:00:00;1.90669;1.89708;1.89792;1.90622;20275
2015.06.08;00:00:00;1.90266;1.8963;1.90194;1.89656;6144
2015.06.08;04:00:00;1.90301;1.9017;1.90183;1.90193;10152
2015.06.08;08:00:00;1.90361;1.89474;1.89552;1.90182;30040
2015.06.08;12:00:00;1.89806;1.89286;1.89496;1.89552;24867
2015.06.08;16:00:00;1.90432;1.89466;1.90341;1.89498;37938
2015.06.08;20:00:00;1.90532;1.9017;1.90428;1.90348;23205
2015.06.09;00:00:00;1.90491;1.90255;1.90411;1.90425;9906
2015.06.09;04:00:00;1.90479;1.90228;1.90234;1.9041;13225
2015.06.09;08:00:00;1.9047;1.89626;1.897;1.90234;34048
2015.06.09;12:00:00;1.89766;1.88661;1.88925;1.897;38817
2015.06.09;16:00:00;1.89598;1.88455;1.89489;1.88925;43973
2015.06.09;20:00:00;1.89895;1.89432;1.8974;1.89489;17888
2015.06.10;00:00:00;1.89977;1.89584;1.8994;1.89756;10259
2015.06.10;04:00:00;1.89969;1.8968;1.89867;1.8994;14162
2015.06.10;08:00:00;1.89916;1.88864;1.88926;1.89867;42837
2015.06.10;12:00:00;1.89798;1.88917;1.89526;1.88931;40189
2015.06.10;16:00:00;1.90625;1.89375;1.90402;1.89527;50476
2015.06.10;20:00:00;1.90677;1.90251;1.90254;1.90402;19907
2015.06.11;00:00:00;1.90525;1.90148;1.90252;1.90259;11681
2015.06.11;04:00:00;1.90309;1.90081;1.90192;1.90249;13093
2015.06.11;08:00:00;1.90332;1.89653;1.9026;1.90194;30582
2015.06.11;12:00:00;1.90678;1.9003;1.90542;1.90257;37207
2015.06.11;16:00:00;1.91042;1.90329;1.90899;1.90545;38874
2015.06.11;20:00:00;1.91067;1.90465;1.90694;1.90899;17824
2015.06.12;00:00:00;1.9081;1.90603;1.9072;1.90689;8812
2015.06.12;04:00:00;1.90774;1.90527;1.90556;1.9072;10390
2015.06.12;08:00:00;1.9109;1.90453;1.90787;1.90556;29249
2015.06.12;12:00:00;1.91074;1.90318;1.90851;1.90787;35802
2015.06.12;16:00:00;1.91849;1.90773;1.91458;1.90855;40751
2015.06.12;20:00:00;1.9175;1.91385;1.91589;1.91453;15539
2015.06.15;00:00:00;1.91684;1.91367;1.91578;1.91411;8054
2015.06.15;04:00:00;1.91683;1.91474;1.916;1.91578;10834
2015.06.15;08:00:00;1.91665;1.91293;1.91542;1.91605;28153
2015.06.15;12:00:00;1.91735;1.91239;1.91735;1.91542;28765
2015.06.15;16:00:00;1.91945;1.9131;1.91741;1.91737;29112
2015.06.15;20:00:00;1.92345;1.91687;1.92232;1.91742;16620
2015.06.16;00:00:00;1.92247;1.92019;1.92136;1.92216;7032
2015.06.16;04:00:00;1.92406;1.92107;1.922;1.92134;11920
2015.06.16;08:00:00;1.92695;1.91729;1.91744;1.92199;28123
2015.06.16;12:00:00;1.92909;1.91725;1.92603;1.91741;30271
2015.06.16;16:00:00;1.93055;1.92389;1.92882;1.92597;25077
2015.06.16;20:00:00;1.93005;1.92209;1.92316;1.92876;13036
2015.06.17;00:00:00;1.92383;1.92173;1.92226;1.92322;7872
2015.06.17;04:00:00;1.92375;1.92217;1.9229;1.92231;9411
2015.06.17;08:00:00;1.93966;1.92215;1.93835;1.92289;26464
2015.06.17;12:00:00;1.93987;1.93455;1.9389;1.93829;30490
2015.06.17;16:00:00;1.93906;1.93183;1.93588;1.93893;30749
2015.06.17;20:00:00;1.9388;1.93391;1.93549;1.93586;40292
2015.06.18;00:00:00;1.93846;1.93537;1.93727;1.93542;12371
2015.06.18;04:00:00;1.938;1.93543;1.93546;1.93727;12133
2015.06.18;08:00:00;1.93914;1.93274;1.93493;1.93548;33295
2015.06.18;12:00:00;1.9378;1.92957;1.93127;1.93491;36957
2015.06.18;16:00:00;1.9403;1.92954;1.94019;1.93127;37958
2015.06.18;20:00:00;1.94385;1.93989;1.94021;1.94018;20616
2015.06.19;00:00:00;1.94254;1.93992;1.94169;1.94021;6796
2015.06.19;04:00:00;1.94259;1.94112;1.94187;1.94165;8463
2015.06.19;08:00:00;1.94193;1.93651;1.93691;1.94187;26692
2015.06.19;12:00:00;1.94973;1.93606;1.94941;1.93686;28469
2015.06.19;16:00:00;1.95252;1.94533;1.94883;1.94941;27984
2015.06.19;20:00:00;1.94928;1.94613;1.94773;1.94888;15943
2015.06.22;00:00:00;1.9489;1.94413;1.9483;1.94548;5588
2015.06.22;04:00:00;1.94859;1.94698;1.94855;1.9483;8138
2015.06.22;08:00:00;1.94937;1.94404;1.94573;1.94859;25252
2015.06.22;12:00:00;1.94637;1.93349;1.93759;1.94574;30667
2015.06.22;16:00:00;1.95002;1.93616;1.94877;1.93758;39166
2015.06.22;20:00:00;1.95056;1.94728;1.94739;1.94876;17118
2015.06.23;00:00:00;1.94967;1.94695;1.94918;1.94733;7148
2015.06.23;04:00:00;1.94927;1.94354;1.94615;1.94919;12915
2015.06.23;08:00:00;1.94954;1.94548;1.94764;1.94615;28677
2015.06.23;12:00:00;1.95037;1.94109;1.94372;1.94765;32055
2015.06.23;16:00:00;1.94726;1.93659;1.93861;1.94375;34477
2015.06.23;20:00:00;1.94137;1.93785;1.9385;1.93861;17134
2015.06.24;00:00:00;1.94011;1.93784;1.93947;1.93848;7122
2015.06.24;04:00:00;1.94216;1.93809;1.94164;1.93947;9005
2015.06.24;08:00:00;1.94782;1.93962;1.94047;1.94162;29773
2015.06.24;12:00:00;1.94335;1.93621;1.94279;1.94047;32835
2015.06.24;16:00:00;1.95077;1.94205;1.94313;1.94281;40867
2015.06.24;20:00:00;1.94672;1.94167;1.94418;1.94311;16705
2015.06.25;00:00:00;1.94599;1.94348;1.94411;1.94449;7117
2015.06.25;04:00:00;1.94454;1.94171;1.94219;1.94412;9295
2015.06.25;08:00:00;1.94857;1.94203;1.94329;1.94219;24009
2015.06.25;12:00:00;1.94942;1.94062;1.94897;1.94329;33199
2015.06.25;16:00:00;1.94898;1.94086;1.94283;1.94896;28830
2015.06.25;20:00:00;1.94402;1.9379;1.94045;1.94284;14425
2015.06.26;00:00:00;1.94198;1.93961;1.94125;1.94051;8352
2015.06.26;04:00:00;1.9436;1.94123;1.94203;1.94124;11070
2015.06.26;08:00:00;1.94837;1.94133;1.94511;1.94203;21101
2015.06.26;12:00:00;1.94644;1.94058;1.94415;1.94513;26654
2015.06.26;16:00:00;1.94897;1.94108;1.9414;1.94415;30471
2015.06.26;20:00:00;1.94283;1.93727;1.93902;1.94139;11229
2015.06.29;00:00:00;1.94109;1.93168;1.93797;1.93515;17327
2015.06.29;04:00:00;1.94031;1.93609;1.93703;1.93797;11768
2015.06.29;08:00:00;1.9399;1.93248;1.93579;1.93703;40325
2015.06.29;12:00:00;1.94456;1.93513;1.94433;1.93579;33559
2015.06.29;16:00:00;1.95582;1.94352;1.95011;1.94437;37059
2015.06.29;20:00:00;1.95195;1.94507;1.9516;1.95009;21114
2015.06.30;00:00:00;1.95378;1.95003;1.95313;1.9516;8350
2015.06.30;04:00:00;1.95361;1.94887;1.94975;1.95313;11221
2015.06.30;08:00:00;1.95244;1.94576;1.94883;1.94977;32441
2015.06.30;12:00:00;1.95758;1.94373;1.95716;1.94883;40808
2015.06.30;16:00:00;1.96525;1.95718;1.96252;1.95718;41224
2015.06.30;20:00:00;1.96643;1.96118;1.96242;1.96256;20866
2015.07.01;00:00:00;1.96234;1.95576;1.96032;1.96206;11549
2015.07.01;04:00:00;1.96279;1.95951;1.96252;1.9604;8189
2015.07.01;08:00:00;1.96566;1.95584;1.95749;1.96252;25683
2015.07.01;12:00:00;1.96298;1.95632;1.96208;1.95747;32010
2015.07.01;16:00:00;1.96413;1.95904;1.96186;1.96208;33459
2015.07.01;20:00:00;1.96647;1.96167;1.96565;1.96186;17939
2015.07.02;00:00:00;1.96593;1.96391;1.96507;1.96565;8306
2015.07.02;04:00:00;1.96519;1.96323;1.96509;1.96502;8541
2015.07.02;08:00:00;1.96946;1.96318;1.96917;1.96511;27227
2015.07.02;12:00:00;1.97221;1.96238;1.96301;1.96916;37383
2015.07.02;16:00:00;1.96472;1.95812;1.95828;1.96303;36400
2015.07.02;20:00:00;1.96001;1.95656;1.95669;1.95834;13649
2015.07.03;00:00:00;1.95897;1.9562;1.95815;1.95669;7966
2015.07.03;04:00:00;1.9609;1.95781;1.9599;1.95813;9856
2015.07.03;08:00:00;1.96453;1.959;1.96202;1.95987;25607
2015.07.03;12:00:00;1.96726;1.96124;1.96543;1.96274;31208
2015.07.03;16:00:00;1.96734;1.95655;1.95983;1.96542;26460
2015.07.03;20:00:00;1.96089;1.95474;1.95779;1.95995;8456
2015.07.06;00:00:00;1.96222;1.95622;1.95956;1.95809;10540
2015.07.06;04:00:00;1.9629;1.95956;1.96175;1.95956;10570
2015.07.06;08:00:00;1.96519;1.95434;1.9592;1.96172;32612
2015.07.06;12:00:00;1.96676;1.95864;1.96548;1.9592;35534
2015.07.06;16:00:00;1.9738;1.96549;1.97196;1.96549;37896
2015.07.06;20:00:00;1.97657;1.97187;1.97354;1.97195;17332
2015.07.07;00:00:00;1.9753;1.97259;1.97428;1.97354;7172
2015.07.07;04:00:00;1.97463;1.97269;1.97309;1.97428;11116
2015.07.07;08:00:00;1.97544;1.96834;1.96835;1.97309;32965
2015.07.07;12:00:00;1.97006;1.96341;1.96435;1.96833;45112
2015.07.07;16:00:00;1.97312;1.96428;1.96702;1.96434;48160
2015.07.07;20:00:00;1.9695;1.96206;1.96398;1.967;24003
2015.07.08;00:00:00;1.96703;1.96349;1.96579;1.96376;9429
2015.07.08;04:00:00;1.96784;1.96311;1.96414;1.96579;15975
2015.07.08;08:00:00;1.97034;1.96055;1.96057;1.96411;32375
2015.07.08;12:00:00;1.96163;1.95181;1.9602;1.96061;36840
2015.07.08;16:00:00;1.96135;1.95039;1.95503;1.96015;49192
2015.07.08;20:00:00;1.95829;1.95215;1.95762;1.95505;23488
2015.07.09;00:00:00;1.95859;1.95568;1.95643;1.95756;10056
2015.07.09;04:00:00;1.9568;1.95395;1.95552;1.95642;12204
2015.07.09;08:00:00;1.9597;1.95337;1.95781;1.95552;33077
2015.07.09;12:00:00;1.95986;1.94814;1.95189;1.95786;37613
2015.07.09;16:00:00;1.961;1.95169;1.953;1.95187;41642
2015.07.09;20:00:00;1.95608;1.95182;1.95355;1.95306;21685
2015.07.10;00:00:00;1.95453;1.95214;1.95321;1.95329;8970
2015.07.10;04:00:00;1.95493;1.95184;1.95306;1.95326;12842
2015.07.10;08:00:00;1.96603;1.95219;1.96533;1.95303;31460
2015.07.10;12:00:00;1.97462;1.96457;1.97004;1.96536;40552
2015.07.10;16:00:00;1.9785;1.96779;1.96877;1.97005;42317
2015.07.10;20:00:00;1.97173;1.96325;1.9646;1.96876;17321
2015.07.13;00:00:00;1.97073;1.96726;1.96853;1.96734;5470
2015.07.13;04:00:00;1.97029;1.96748;1.96831;1.96854;10933
2015.07.13;08:00:00;1.97924;1.96747;1.97698;1.96831;38283
2015.07.13;12:00:00;1.98169;1.97397;1.97722;1.97696;36766
2015.07.13;16:00:00;1.98638;1.97512;1.97623;1.97719;34425
2015.07.13;20:00:00;1.97722;1.97081;1.9729;1.97628;17031
2015.07.14;00:00:00;1.97518;1.97151;1.97375;1.97283;10234
2015.07.14;04:00:00;1.97503;1.97177;1.97334;1.97374;10791
2015.07.14;08:00:00;1.97965;1.96961;1.97854;1.97334;31180
2015.07.14;12:00:00;1.99572;1.97852;1.98992;1.97852;39934
2015.07.14;16:00:00;1.99122;1.97989;1.98585;1.98988;35584
2015.07.14;20:00:00;1.99326;1.9848;1.98984;1.98585;16598
2015.07.15;00:00:00;1.99292;1.98953;1.99262;1.98964;7446
2015.07.15;04:00:00;1.99278;1.99041;1.99186;1.99259;11514
2015.07.15;08:00:00;1.99769;1.98893;1.99517;1.99185;30209
2015.07.15;12:00:00;1.99601;1.98959;1.99528;1.99517;29987
2015.07.15;16:00:00;2.02481;1.99224;2.02267;1.99532;48210
2015.07.15;20:00:00;2.02563;2.0178;2.01887;2.02265;18678
2015.07.16;00:00:00;2.02208;2.01748;2.02171;2.01883;11327
2015.07.16;04:00:00;2.02212;2.0195;2.01997;2.02171;14021
2015.07.16;08:00:00;2.02495;2.01727;2.01853;2.01997;33836
2015.07.16;12:00:00;2.02191;2.01222;2.01552;2.01854;42176
2015.07.16;16:00:00;2.02192;2.01297;2.02112;2.01552;37582
2015.07.16;20:00:00;2.02454;2.01991;2.02193;2.02109;15792
2015.07.17;00:00:00;2.02456;2.02139;2.02419;2.02189;7316
2015.07.17;04:00:00;2.02678;2.02371;2.02508;2.02419;9438
2015.07.17;08:00:00;2.03179;2.02466;2.03087;2.02507;28819
2015.07.17;12:00:00;2.03122;2.0182;2.02341;2.03089;34327
2015.07.17;16:00:00;2.03229;2.01861;2.02945;2.02341;36066
2015.07.17;20:00:00;2.03038;2.02341;2.02427;2.02942;13196
2015.07.20;00:00:00;2.02713;2.0222;2.02621;2.02362;4225
2015.07.20;04:00:00;2.02661;2.02407;2.02474;2.02621;11964
2015.07.20;08:00:00;2.02587;2.02059;2.02072;2.02479;28846
2015.07.20;12:00:00;2.02331;2.01815;2.02106;2.02072;39965
2015.07.20;16:00:00;2.02625;2.02023;2.02373;2.02106;30923
2015.07.20;20:00:00;2.02496;2.02133;2.02142;2.02378;14318
2015.07.21;00:00:00;2.0241;2.02096;2.02277;2.02127;7266
2015.07.21;04:00:00;2.02355;2.02081;2.02317;2.02276;12851
2015.07.21;08:00:00;2.02599;2.02216;2.02303;2.0232;28435
2015.07.21;12:00:00;2.02357;2.01707;2.01932;2.02303;36547
2015.07.21;16:00:00;2.01982;2.00898;2.01303;2.01932;44956
2015.07.21;20:00:00;2.01665;2.01276;2.01327;2.01302;17057
2015.07.22;00:00:00;2.01571;2.01214;2.01487;2.01324;6693
2015.07.22;04:00:00;2.01766;2.01477;2.01765;2.01487;12981
2015.07.22;08:00:00;2.03123;2.01661;2.02791;2.01764;31188
2015.07.22;12:00:00;2.03752;2.02439;2.03549;2.02798;39561
2015.07.22;16:00:00;2.03883;2.02875;2.02956;2.03551;38101
2015.07.22;20:00:00;2.03515;2.02932;2.03393;2.02955;13202
2015.07.23;00:00:00;2.03634;2.03231;2.0356;2.0337;9471
2015.07.23;04:00:00;2.03673;2.03406;2.03566;2.03559;11139
2015.07.23;08:00:00;2.03812;2.02108;2.0227;2.03566;32058
2015.07.23;12:00:00;2.027;2.01933;2.02294;2.0227;37687
2015.07.23;16:00:00;2.02466;2.01584;2.02088;2.02293;40783
2015.07.23;20:00:00;2.02386;2.01732;2.02212;2.02089;18108
2015.07.24;00:00:00;2.02304;2.01978;2.02066;2.02193;7668
2015.07.24;04:00:00;2.02274;2.01923;2.02071;2.02067;12001
2015.07.24;08:00:00;2.02281;2.01634;2.01687;2.0207;23112
2015.07.24;12:00:00;2.02768;2.01608;2.0249;2.01691;34031
2015.07.24;16:00:00;2.03027;2.02212;2.02984;2.02494;38007
2015.07.24;20:00:00;2.03135;2.02065;2.0231;2.02986;14244
2015.07.27;00:00:00;2.02459;2.02085;2.02365;2.02216;6345
2015.07.27;04:00:00;2.0253;2.02112;2.02365;2.02365;13713
2015.07.27;08:00:00;2.02369;2.01412;2.01762;2.02363;32776
2015.07.27;12:00:00;2.02557;2.01474;2.02362;2.01762;40572
2015.07.27;16:00:00;2.0305;2.02041;2.02899;2.02367;42336
2015.07.27;20:00:00;2.02987;2.02589;2.02798;2.02904;11969
2015.07.28;00:00:00;2.02927;2.02721;2.02782;2.02813;7276
2015.07.28;04:00:00;2.0288;2.02482;2.02513;2.02782;12259
2015.07.28;08:00:00;2.03001;2.0228;2.02791;2.02515;33814
2015.07.28;12:00:00;2.03222;2.02455;2.02638;2.02791;45531
2015.07.28;16:00:00;2.0287;2.0171;2.0171;2.02644;45805
2015.07.28;20:00:00;2.01934;2.01499;2.01722;2.01708;13900
2015.07.29;00:00:00;2.01898;2.01567;2.01822;2.01726;11413
2015.07.29;04:00:00;2.01982;2.01725;2.01968;2.0182;10876
2015.07.29;08:00:00;2.02371;2.01858;2.02138;2.01961;36869
2015.07.29;12:00:00;2.02892;2.01994;2.02811;2.02138;44210
2015.07.29;16:00:00;2.0299;2.01356;2.01452;2.02811;43571
2015.07.29;20:00:00;2.02126;2.01208;2.01843;2.01454;28608
2015.07.30;00:00:00;2.02092;2.01776;2.02049;2.01805;10236
2015.07.30;04:00:00;2.02209;2.02023;2.02175;2.02057;11393
2015.07.30;08:00:00;2.02683;2.02041;2.02514;2.02175;37309
2015.07.30;12:00:00;2.03319;2.02378;2.02826;2.02516;47459
2015.07.30;16:00:00;2.03565;2.02495;2.02645;2.02829;45251
2015.07.30;20:00:00;2.03091;2.02509;2.02746;2.02635;21190
2015.07.31;00:00:00;2.02968;2.02653;2.02699;2.02722;11363
2015.07.31;04:00:00;2.02906;2.02661;2.02881;2.02698;13431
2015.07.31;08:00:00;2.03124;2.0269;2.02893;2.02881;38408
2015.07.31;12:00:00;2.04098;2.02818;2.03716;2.02901;54698
2015.07.31;16:00:00;2.04116;2.0271;2.03727;2.03716;59630
2015.07.31;20:00:00;2.04538;2.03723;2.04484;2.03723;24230
2015.08.03;00:00:00;2.05143;2.04353;2.04899;2.04579;9768
2015.08.03;04:00:00;2.05052;2.0483;2.04875;2.04899;16682
2015.08.03;08:00:00;2.05826;2.04866;2.0548;2.04876;33493
2015.08.03;12:00:00;2.05537;2.04636;2.04989;2.05479;51434
2015.08.03;16:00:00;2.0518;2.04768;2.05013;2.04985;42290
2015.08.03;20:00:00;2.05167;2.04797;2.05002;2.05013;14022
2015.08.04;00:00:00;2.05272;2.04901;2.05123;2.04973;17455
2015.08.04;04:00:00;2.05448;2.05089;2.05228;2.05123;18694
2015.08.04;08:00:00;2.05253;2.04191;2.04374;2.0523;37066
2015.08.04;12:00:00;2.05164;2.04374;2.04854;2.04374;46454
2015.08.04;16:00:00;2.05173;2.04403;2.05173;2.04857;42850
2015.08.04;20:00:00;2.05567;2.04901;2.05274;2.05171;24861
2015.08.05;00:00:00;2.05396;2.05162;2.05371;2.05274;18726
2015.08.05;04:00:00;2.05381;2.0486;2.05078;2.05372;18729
2015.08.05;08:00:00;2.0579;2.05023;2.0542;2.05075;38253
2015.08.05;12:00:00;2.06282;2.05056;2.05299;2.0542;51684
2015.08.05;16:00:00;2.05826;2.05107;2.05753;2.05299;44076
2015.08.05;20:00:00;2.05871;2.05553;2.0556;2.05753;18922
2015.08.06;00:00:00;2.05619;2.05459;2.05485;2.05563;13019
2015.08.06;04:00:00;2.0568;2.05471;2.05602;2.05484;17699
2015.08.06;08:00:00;2.0595;2.05406;2.05646;2.05603;29846
2015.08.06;12:00:00;2.05887;2.0366;2.04578;2.05647;49508
2015.08.06;16:00:00;2.04646;2.03723;2.03939;2.04576;44264
2015.08.06;20:00:00;2.0394;2.03205;2.0332;2.03938;18994
2015.08.07;00:00:00;2.03543;2.0324;2.0354;2.0332;13282
2015.08.07;04:00:00;2.0361;2.03302;2.0353;2.03538;16056
2015.08.07;08:00:00;2.03639;2.03022;2.03613;2.03527;30145
2015.08.07;12:00:00;2.04003;2.02619;2.03966;2.03625;46284
2015.08.07;16:00:00;2.03992;2.02061;2.03311;2.03966;54255
2015.08.07;20:00:00;2.03545;2.03027;2.03442;2.03311;17340
2015.08.10;00:00:00;2.03665;2.03124;2.03651;2.03136;8527
2015.08.10;04:00:00;2.03687;2.03425;2.03524;2.03651;15305
2015.08.10;08:00:00;2.03889;2.03455;2.03808;2.03522;31299
2015.08.10;12:00:00;2.03847;2.03278;2.03771;2.03808;40456
2015.08.10;16:00:00;2.03955;2.0275;2.02939;2.03771;49815
2015.08.10;20:00:00;2.03164;2.0262;2.02661;2.02944;19168
2015.08.11;00:00:00;2.02825;2.02623;2.02823;2.02652;14650
2015.08.11;04:00:00;2.03842;2.0278;2.03524;2.02823;26857
2015.08.11;08:00:00;2.03694;2.02702;2.03236;2.03525;41017
2015.08.11;12:00:00;2.03988;2.03148;2.03792;2.03234;44281
2015.08.11;16:00:00;2.04773;2.03678;2.04421;2.03791;42515
2015.08.11;20:00:00;2.04536;2.04072;2.0413;2.04418;16304
2015.08.12;00:00:00;2.04269;2.03978;2.0401;2.0413;15321
2015.08.12;04:00:00;2.04593;2.03891;2.04461;2.0401;23595
2015.08.12;08:00:00;2.04493;2.02973;2.03773;2.04461;41376
2015.08.12;12:00:00;2.0387;2.02305;2.02921;2.03773;45208
2015.08.12;16:00:00;2.03194;2.02484;2.02929;2.02924;49655
2015.08.12;20:00:00;2.03191;2.02535;2.02535;2.0293;19076
2015.08.13;00:00:00;2.02953;2.02497;2.02795;2.02538;11785
2015.08.13;04:00:00;2.03174;2.02486;2.02724;2.02793;19695
2015.08.13;08:00:00;2.03189;2.02538;2.02883;2.02725;33045
2015.08.13;12:00:00;2.03849;2.0288;2.03715;2.02882;36736
2015.08.13;16:00:00;2.04088;2.03229;2.0401;2.03717;40297
2015.08.13;20:00:00;2.04179;2.03798;2.03809;2.0401;15739
2015.08.14;00:00:00;2.04051;2.03771;2.0396;2.03806;15851
2015.08.14;04:00:00;2.04093;2.03889;2.04022;2.03961;18366
2015.08.14;08:00:00;2.04092;2.0369;2.03942;2.0402;31133
2015.08.14;12:00:00;2.04424;2.03754;2.04424;2.03941;35893
2015.08.14;16:00:00;2.04652;2.03709;2.04297;2.04415;39318
2015.08.14;20:00:00;2.04983;2.04287;2.04838;2.04287;12142
2015.08.17;00:00:00;2.05093;2.04795;2.05068;2.04891;9869
2015.08.17;04:00:00;2.05142;2.04954;2.05107;2.05069;15543
2015.08.17;08:00:00;2.05717;2.05077;2.05436;2.05108;31890
2015.08.17;12:00:00;2.05591;2.04874;2.05092;2.05434;36821
2015.08.17;16:00:00;2.05185;2.03919;2.03936;2.05095;39464
2015.08.17;20:00:00;2.04113;2.03588;2.03739;2.03936;17519
2015.08.18;00:00:00;2.0417;2.03736;2.04056;2.03736;12909
2015.08.18;04:00:00;2.04191;2.03954;2.04161;2.04057;20986
2015.08.18;08:00:00;2.05615;2.04018;2.05554;2.04159;33069
2015.08.18;12:00:00;2.05885;2.05293;2.05333;2.05555;38299
2015.08.18;16:00:00;2.05455;2.04302;2.04552;2.05333;36743
2015.08.18;20:00:00;2.04861;2.04254;2.04431;2.04557;16193
2015.08.19;00:00:00;2.04556;2.04333;2.0452;2.04445;13955
2015.08.19;04:00:00;2.04605;2.04353;2.04529;2.0452;19824
2015.08.19;08:00:00;2.04664;2.04221;2.04472;2.04531;30269
2015.08.19;12:00:00;2.04871;2.04412;2.0478;2.0447;36175
2015.08.19;16:00:00;2.06103;2.04744;2.05995;2.04777;39657
2015.08.19;20:00:00;2.06156;2.04646;2.05809;2.06;32856
2015.08.20;00:00:00;2.05818;2.05575;2.05679;2.05798;15964
2015.08.20;04:00:00;2.05698;2.05455;2.05538;2.05676;15655
2015.08.20;08:00:00;2.06063;2.05485;2.05732;2.05539;36512
2015.08.20;12:00:00;2.06153;2.04706;2.05069;2.05747;37193
2015.08.20;16:00:00;2.05483;2.04754;2.05305;2.0507;44917
2015.08.20;20:00:00;2.05467;2.05067;2.05283;2.05306;23814
2015.08.21;00:00:00;2.05345;2.05107;2.05179;2.0526;16913
2015.08.21;04:00:00;2.05667;2.05173;2.05467;2.05179;23823
2015.08.21;08:00:00;2.05914;2.05438;2.05597;2.05465;30821
2015.08.21;12:00:00;2.05645;2.04682;2.05128;2.05597;38032
2015.08.21;16:00:00;2.06786;2.04937;2.06713;2.05128;49859
2015.08.21;20:00:00;2.06958;2.0645;2.06824;2.06716;24164
2015.08.24;00:00:00;2.07505;2.06569;2.07199;2.06569;15484
2015.08.24;04:00:00;2.07949;2.0716;2.07719;2.07198;26111
2015.08.24;08:00:00;2.08147;2.06894;2.08035;2.07719;37568
2015.08.24;12:00:00;2.09055;2.07744;2.08892;2.08033;47754
2015.08.24;16:00:00;2.09702;2.06857;2.07702;2.08889;71514
2015.08.24;20:00:00;2.09552;2.07671;2.09519;2.07701;38651
2015.08.25;00:00:00;2.09594;2.09123;2.09173;2.0955;16636
2015.08.25;04:00:00;2.09262;2.08634;2.09052;2.09174;16343
2015.08.25;08:00:00;2.09693;2.08452;2.08738;2.09054;41955
2015.08.25;12:00:00;2.08889;2.07792;2.08361;2.08737;48693
2015.08.25;16:00:00;2.0917;2.08054;2.08962;2.08364;47675
2015.08.25;20:00:00;2.09513;2.08783;2.09143;2.08959;25476
2015.08.26;00:00:00;2.09567;2.09037;2.09266;2.09143;15317
2015.08.26;04:00:00;2.09429;2.08923;2.08923;2.09262;19455
2015.08.26;08:00:00;2.09017;2.08123;2.08257;2.0892;35560
2015.08.26;12:00:00;2.08372;2.0628;2.06889;2.08255;40534
2015.08.26;16:00:00;2.07378;2.05762;2.06144;2.06889;47686
2015.08.26;20:00:00;2.06428;2.05407;2.0543;2.06159;25919
2015.08.27;00:00:00;2.05947;2.05376;2.0575;2.0543;14882
2015.08.27;04:00:00;2.05975;2.05549;2.05915;2.05752;13637
2015.08.27;08:00:00;2.05954;2.04559;2.0472;2.05913;31411
2015.08.27;12:00:00;2.0482;2.03702;2.04261;2.04719;33313
2015.08.27;16:00:00;2.04781;2.02844;2.03296;2.04265;46622
2015.08.27;20:00:00;2.04376;2.03172;2.0324;2.03291;26113
2015.08.28;00:00:00;2.03493;2.03086;2.03218;2.0324;12183
2015.08.28;04:00:00;2.03669;2.03069;2.03512;2.03218;14090
2015.08.28;08:00:00;2.04164;2.034;2.0359;2.03512;30633
2015.08.28;12:00:00;2.04673;2.03102;2.04195;2.0359;38647
2015.08.28;16:00:00;2.04486;2.02873;2.03252;2.04197;51307
2015.08.28;20:00:00;2.04041;2.0308;2.03247;2.03249;20856
2015.08.31;00:00:00;2.04104;2.03464;2.04072;2.03563;11104
2015.08.31;04:00:00;2.04488;2.04016;2.04161;2.04075;14045
2015.08.31;08:00:00;2.04755;2.04018;2.04464;2.04161;22214
2015.08.31;12:00:00;2.0483;2.03802;2.04829;2.04472;18946
2015.08.31;16:00:00;2.05264;2.02523;2.02703;2.0483;31922
2015.08.31;20:00:00;2.02724;2.01272;2.01562;2.0271;19647
2015.09.01;00:00:00;2.02224;2.01504;2.02115;2.01552;10028
2015.09.01;04:00:00;2.02422;2.01942;2.02347;2.02116;16378
2015.09.01;08:00:00;2.03309;2.02239;2.02573;2.02346;40195
2015.09.01;12:00:00;2.0276;2.00922;2.01611;2.02571;46114
2015.09.01;16:00:00;2.02508;2.01239;2.01835;2.01616;47414
2015.09.01;20:00:00;2.02892;2.01557;2.02858;2.01831;28431
2015.09.02;00:00:00;2.02897;2.02432;2.02533;2.02861;13885
2015.09.02;04:00:00;2.02729;2.02392;2.02444;2.02531;19194
2015.09.02;08:00:00;2.02756;2.01989;2.02533;2.02436;29264
2015.09.02;12:00:00;2.02876;2.01917;2.01932;2.02532;38252
2015.09.02;16:00:00;2.03841;2.01725;2.03117;2.01932;48416
2015.09.02;20:00:00;2.03547;2.02869;2.02951;2.03117;26164
2015.09.03;00:00:00;2.03102;2.02868;2.0307;2.02914;12310
2015.09.03;04:00:00;2.03256;2.02739;2.02857;2.03073;14002
2015.09.03;08:00:00;2.02919;2.02148;2.02347;2.02855;23638
2015.09.03;12:00:00;2.03032;2.02237;2.0258;2.02341;36018
2015.09.03;16:00:00;2.02578;2.00283;2.01227;2.02578;43750
2015.09.03;20:00:00;2.01748;2.01012;2.01017;2.01235;18607
2015.09.04;00:00:00;2.01365;2.00965;2.01357;2.01019;13766
2015.09.04;04:00:00;2.01481;2.01204;2.01338;2.01358;16212
2015.09.04;08:00:00;2.01615;2.00969;2.01407;2.01338;27594
2015.09.04;12:00:00;2.0168;2.00643;2.00701;2.01405;24828
2015.09.04;16:00:00;2.01879;2.00694;2.01469;2.00709;36306
2015.09.04;20:00:00;2.01548;2.00977;2.01386;2.01467;13359
2015.09.07;00:00:00;2.01818;2.01071;2.0161;2.01168;12841
2015.09.07;04:00:00;2.01647;2.01251;2.01453;2.01615;11721
2015.09.07;08:00:00;2.0247;2.01186;2.02372;2.01451;28694
2015.09.07;12:00:00;2.03023;2.02221;2.02578;2.02372;33835
2015.09.07;16:00:00;2.03438;2.02441;2.03354;2.02578;18541
2015.09.07;20:00:00;2.03433;2.03125;2.03177;2.03351;17056
2015.09.08;00:00:00;2.03254;2.03026;2.03153;2.03174;10182
2015.09.08;04:00:00;2.03587;2.03102;2.03543;2.03152;13696
2015.09.08;08:00:00;2.04329;2.03383;2.0399;2.03543;24031
2015.09.08;12:00:00;2.04291;2.03401;2.03609;2.0399;27507
2015.09.08;16:00:00;2.03957;2.02645;2.03243;2.0361;31898
2015.09.08;20:00:00;2.03492;2.02749;2.03299;2.03247;12255
2015.09.09;00:00:00;2.03395;2.0307;2.03121;2.03275;11840
2015.09.09;04:00:00;2.03145;2.02819;2.03013;2.03123;14050
2015.09.09;08:00:00;2.03578;2.02665;2.03018;2.03013;25529
2015.09.09;12:00:00;2.03755;2.02927;2.03393;2.03019;26308
2015.09.09;16:00:00;2.03942;2.02352;2.03173;2.03393;33834
2015.09.09;20:00:00;2.03718;2.0288;2.0367;2.03176;18766
2015.09.10;00:00:00;2.04066;2.03458;2.03922;2.03678;17111
2015.09.10;04:00:00;2.03964;2.03328;2.03328;2.03923;15047
2015.09.10;08:00:00;2.03706;2.02693;2.03234;2.03325;30931
2015.09.10;12:00:00;2.04455;2.03075;2.04216;2.03234;35361
2015.09.10;16:00:00;2.0515;2.03672;2.04023;2.04213;40192
2015.09.10;20:00:00;2.04701;2.03816;2.04611;2.04028;19474
2015.09.11;00:00:00;2.04639;2.04118;2.0434;2.04579;14678
2015.09.11;04:00:00;2.04429;2.04073;2.04295;2.0434;9721
2015.09.11;08:00:00;2.0496;2.04294;2.04599;2.04295;21036
2015.09.11;12:00:00;2.04879;2.03977;2.04587;2.04599;24736
2015.09.11;16:00:00;2.05063;2.04357;2.0444;2.04587;30951
2015.09.11;20:00:00;2.04712;2.0432;2.04572;2.04443;12737
2015.09.14;00:00:00;2.04731;2.04397;2.0451;2.04424;7915
2015.09.14;04:00:00;2.0467;2.04302;2.0442;2.04514;10646
2015.09.14;08:00:00;2.04877;2.04344;2.04479;2.0442;20396
2015.09.14;12:00:00;2.04568;2.03892;2.03938;2.04477;21135
2015.09.14;16:00:00;2.04727;2.03646;2.04722;2.03937;23532
2015.09.14;20:00:00;2.04835;2.04402;2.04539;2.0472;13062
2015.09.15;00:00:00;2.04594;2.0427;2.04378;2.04547;9094
2015.09.15;04:00:00;2.0464;2.04349;2.04568;2.04377;11122
2015.09.15;08:00:00;2.047;2.04242;2.04424;2.04568;24574
2015.09.15;12:00:00;2.04563;2.03758;2.03986;2.04426;24438
2015.09.15;16:00:00;2.04094;2.03414;2.03576;2.03985;27060
2015.09.15;20:00:00;2.03603;2.03002;2.03229;2.03576;12503
2015.09.16;00:00:00;2.03346;2.03043;2.03091;2.03229;9261
2015.09.16;04:00:00;2.03238;2.03053;2.03187;2.03091;9133
2015.09.16;08:00:00;2.0382;2.02588;2.03617;2.03183;20884
2015.09.16;12:00:00;2.04709;2.03494;2.04155;2.03617;23908
2015.09.16;16:00:00;2.05048;2.03858;2.03948;2.04153;33616
2015.09.16;20:00:00;2.04405;2.03859;2.03946;2.03947;14056
2015.09.17;00:00:00;2.04418;2.03921;2.04276;2.03948;10880
2015.09.17;04:00:00;2.04525;2.04169;2.04269;2.04277;9878
2015.09.17;08:00:00;2.04746;2.04147;2.04453;2.04269;16729
2015.09.17;12:00:00;2.05138;2.04409;2.04964;2.04453;16512
2015.09.17;16:00:00;2.0508;2.04281;2.04737;2.04966;22828
2015.09.17;20:00:00;2.05577;2.04131;2.05461;2.04734;37946
2015.09.18;00:00:00;2.05473;2.04941;2.051;2.05465;12232
2015.09.18;04:00:00;2.05247;2.04946;2.0509;2.05099;10862
2015.09.18;08:00:00;2.05357;2.03938;2.04522;2.05087;24552
2015.09.18;12:00:00;2.0482;2.03379;2.03877;2.04522;32969
2015.09.18;16:00:00;2.04992;2.03872;2.04876;2.03872;37860
2015.09.18;20:00:00;2.05467;2.04637;2.05216;2.04879;22415
2015.09.21;00:00:00;2.05399;2.05006;2.05392;2.05345;10412
2015.09.21;04:00:00;2.0544;2.05197;2.05253;2.05392;13802
2015.09.21;08:00:00;2.05574;2.04996;2.05065;2.05255;18286
2015.09.21;12:00:00;2.05314;2.04504;2.05267;2.0507;25450
2015.09.21;16:00:00;2.05522;2.05087;2.05456;2.05269;31551
2015.09.21;20:00:00;2.05546;2.04933;2.05496;2.05458;15994
2015.09.22;00:00:00;2.05547;2.05262;2.05449;2.05496;7306
2015.09.22;04:00:00;2.05584;2.05296;2.05321;2.05446;9635
2015.09.22;08:00:00;2.05321;2.04624;2.05065;2.05321;22559
2015.09.22;12:00:00;2.05272;2.04481;2.04871;2.05065;25111
2015.09.22;16:00:00;2.04904;2.03737;2.04053;2.04873;28802
2015.09.22;20:00:00;2.04175;2.03663;2.03846;2.04053;14454
2015.09.23;00:00:00;2.03897;2.03634;2.03771;2.03838;7078
2015.09.23;04:00:00;2.0403;2.03653;2.03962;2.03773;9359
2015.09.23;08:00:00;2.0396;2.03018;2.0337;2.0396;21268
2015.09.23;12:00:00;2.03392;2.02361;2.03022;2.0337;27789
2015.09.23;16:00:00;2.03626;2.01987;2.03626;2.0302;38854
2015.09.23;20:00:00;2.03633;2.02946;2.02963;2.03633;17917
2015.09.24;00:00:00;2.03254;2.02969;2.03133;2.02969;8951
2015.09.24;04:00:00;2.03173;2.02887;2.03142;2.03137;11623
2015.09.24;08:00:00;2.03627;2.03124;2.03441;2.0314;22881
2015.09.24;12:00:00;2.0438;2.03361;2.04013;2.03443;31698
2015.09.24;16:00:00;2.04228;2.03383;2.03617;2.04015;38933
2015.09.24;20:00:00;2.0374;2.02564;2.02754;2.03617;19718
2015.09.25;00:00:00;2.0318;2.02501;2.03062;2.02758;11701
2015.09.25;04:00:00;2.032;2.02835;2.02874;2.0306;9105
2015.09.25;08:00:00;2.03288;2.0274;2.0311;2.02872;22157
2015.09.25;12:00:00;2.03193;2.01739;2.02343;2.03108;27433
2015.09.25;16:00:00;2.0265;2.01696;2.02221;2.02343;33614
2015.09.25;20:00:00;2.02648;2.01917;2.02351;2.0222;14564
2015.09.28;00:00:00;2.02766;2.02333;2.02561;2.02508;7547
2015.09.28;04:00:00;2.02731;2.02474;2.02477;2.02561;7088
2015.09.28;08:00:00;2.03144;2.0225;2.03055;2.02476;19657
2015.09.28;12:00:00;2.0315;2.02718;2.0276;2.03055;21599
2015.09.28;16:00:00;2.03246;2.02281;2.02868;2.02758;28926
2015.09.28;20:00:00;2.03275;2.02725;2.03191;2.02867;15071
2015.09.29;00:00:00;2.03292;2.03016;2.03191;2.03185;10276
2015.09.29;04:00:00;2.03327;2.03121;2.03266;2.0319;9951
2015.09.29;08:00:00;2.03864;2.03261;2.03711;2.03269;24172
2015.09.29;12:00:00;2.03812;2.02775;2.02819;2.03708;26008
2015.09.29;16:00:00;2.03968;2.02595;2.0394;2.02819;34652
2015.09.29;20:00:00;2.0394;2.03242;2.03277;2.0394;17875
2015.09.30;00:00:00;2.0351;2.03283;2.03448;2.03283;10922
2015.09.30;04:00:00;2.03492;2.03313;2.03375;2.03448;10194
2015.09.30;08:00:00;2.03522;2.02902;2.03356;2.03375;21495
2015.09.30;12:00:00;2.03723;2.03045;2.03435;2.03355;27023
2015.09.30;16:00:00;2.03562;2.02291;2.02705;2.03455;35632
2015.09.30;20:00:00;2.02711;2.01207;2.01344;2.02703;21377
2015.10.01;00:00:00;2.0163;2.01268;2.01273;2.01344;9016
2015.10.01;04:00:00;2.01324;2.00963;2.01117;2.01273;11681
2015.10.01;08:00:00;2.01411;2.00657;2.01201;2.01111;21541
2015.10.01;12:00:00;2.01214;2.00696;2.00963;2.01201;24872
2015.10.01;16:00:00;2.01099;2.00384;2.00953;2.00963;38065
2015.10.01;20:00:00;2.00969;2.00507;2.00687;2.00953;19187
2015.10.02;00:00:00;2.00745;2.00233;2.00455;2.00687;8449
2015.10.02;04:00:00;2.00574;2.00319;2.00445;2.00455;11697
2015.10.02;08:00:00;2.00728;2.0022;2.006;2.00446;18333
2015.10.02;12:00:00;2.01144;2.00406;2.01002;2.00602;26751
2015.10.02;16:00:00;2.0152;2.0048;2.0066;2.01002;39447
2015.10.02;20:00:00;2.00656;1.99523;1.99651;2.00656;19938
2015.10.05;00:00:00;2.00103;1.9957;1.99977;1.99712;9471
2015.10.05;04:00:00;2.00024;1.99672;1.99878;1.99975;12221
2015.10.05;08:00:00;1.9994;1.9881;1.99073;1.9988;28269
2015.10.05;12:00:00;1.99305;1.98568;1.98989;1.99074;37835
2015.10.05;16:00:00;1.99005;1.98281;1.98515;1.98991;40863
2015.10.05;20:00:00;1.98554;1.98074;1.98086;1.9851;20414
2015.10.06;00:00:00;1.98274;1.9803;1.98212;1.98097;9809
2015.10.06;04:00:00;1.98472;1.98055;1.98101;1.98213;8956
2015.10.06;08:00:00;1.98515;1.98024;1.98461;1.98102;23896
2015.10.06;12:00:00;1.99202;1.98337;1.99023;1.98459;29004
2015.10.06;16:00:00;1.99192;1.98435;1.98526;1.99021;43952
2015.10.06;20:00:00;1.9871;1.98344;1.98391;1.98526;22337
2015.10.07;00:00:00;1.98738;1.98356;1.98711;1.98383;9952
2015.10.07;04:00:00;1.98711;1.98371;1.98425;1.98711;11926
2015.10.07;08:00:00;1.99225;1.98346;1.99094;1.98429;28212
2015.10.07;12:00:00;1.99446;1.98875;1.99309;1.99093;32532
2015.10.07;16:00:00;2.0009;1.98302;1.9983;1.99308;44181
2015.10.07;20:00:00;2.00254;1.99635;1.99971;1.9983;20932
2015.10.08;00:00:00;2.00175;1.99891;1.99933;1.9997;8259
2015.10.08;04:00:00;2.00174;1.99855;1.99995;1.99931;8891
2015.10.08;08:00:00;2.00163;1.99863;2.00129;1.99992;23170
2015.10.08;12:00:00;2.00285;1.99126;1.99508;2.00131;36181
2015.10.08;16:00:00;1.9979;1.9912;1.99528;1.99503;36277
2015.10.08;20:00:00;1.99917;1.99263;1.99716;1.99525;25100
2015.10.09;00:00:00;1.99824;1.99414;1.99518;1.99731;11274
2015.10.09;04:00:00;1.99581;1.99189;1.99218;1.99519;11202
2015.10.09;08:00:00;1.9956;1.98657;1.98845;1.99218;30968
2015.10.09;12:00:00;1.98998;1.9802;1.98952;1.98851;47541
2015.10.09;16:00:00;1.99092;1.97744;1.98139;1.98952;43787
2015.10.09;20:00:00;1.98669;1.98032;1.98112;1.98139;15718
2015.10.12;00:00:00;1.98484;1.9822;1.9827;1.98426;13562
2015.10.12;04:00:00;1.9828;1.97973;1.98032;1.9827;8796
2015.10.12;08:00:00;1.98425;1.97954;1.98307;1.98032;23071
2015.10.12;12:00:00;1.98826;1.98185;1.98815;1.98309;34205
2015.10.12;16:00:00;1.99149;1.98538;1.99109;1.98815;42910
2015.10.12;20:00:00;1.99674;1.99102;1.99427;1.99111;18390
2015.10.13;00:00:00;1.9972;1.99233;1.99567;1.99445;9533
2015.10.13;04:00:00;1.99942;1.99361;1.99824;1.99566;12231
2015.10.13;08:00:00;2.00472;1.98652;1.9881;1.99822;32083
2015.10.13;12:00:00;1.99192;1.98247;1.98608;1.9881;43380
2015.10.13;16:00:00;1.98937;1.9731;1.98233;1.98605;52144
2015.10.13;20:00:00;1.98783;1.98029;1.98757;1.98233;24877
2015.10.14;00:00:00;1.98795;1.98502;1.98634;1.98761;9756
2015.10.14;04:00:00;1.9891;1.98528;1.98835;1.98634;10065
2015.10.14;08:00:00;1.99703;1.98532;1.99652;1.98835;30447
2015.10.14;12:00:00;2.00417;1.99387;2.00392;1.99647;40263
2015.10.14;16:00:00;2.00841;1.99907;2.00429;2.00395;47890
2015.10.14;20:00:00;2.00636;1.99915;2.00167;2.00429;25871
2015.10.15;00:00:00;2.00239;1.99782;1.99961;2.00167;10430
2015.10.15;04:00:00;1.99962;1.99651;1.99836;1.99962;12990
2015.10.15;08:00:00;1.9992;1.99209;1.99525;1.99838;30982
2015.10.15;12:00:00;1.99994;1.99044;1.99468;1.99525;36230
2015.10.15;16:00:00;1.99886;1.99024;1.99212;1.9947;46844
2015.10.15;20:00:00;1.99237;1.98669;1.98887;1.99214;16945
2015.10.16;00:00:00;1.99141;1.98458;1.99065;1.98765;12368
2015.10.16;04:00:00;1.99339;1.98944;1.99193;1.99063;8753
2015.10.16;08:00:00;1.99514;1.99041;1.99318;1.99193;23495
2015.10.16;12:00:00;1.99706;1.98965;1.99189;1.99318;28072
2015.10.16;16:00:00;1.99821;1.99015;1.99644;1.99189;33697
2015.10.16;20:00:00;1.9975;1.99146;1.99416;1.99643;16678
2015.10.19;00:00:00;1.99499;1.99151;1.99462;1.9918;8572
2015.10.19;04:00:00;1.99731;1.99364;1.99556;1.99462;8555
2015.10.19;08:00:00;1.99837;1.99393;1.99718;1.99558;17485
2015.10.19;12:00:00;2.00571;1.99648;2.00439;1.99721;26009
2015.10.19;16:00:00;2.01338;2.00247;2.0117;2.00439;31605
2015.10.19;20:00:00;2.01477;2.01063;2.01274;2.0117;11499
2015.10.20;00:00:00;2.01573;2.01153;2.01537;2.01274;11513
2015.10.20;04:00:00;2.01917;2.01469;2.0172;2.01537;8012
2015.10.20;08:00:00;2.01852;2.01072;2.01604;2.0172;21822
2015.10.20;12:00:00;2.01926;2.00865;2.01004;2.01603;28325
2015.10.20;16:00:00;2.01051;1.99994;2.00557;2.01004;30581
2015.10.20;20:00:00;2.00873;2.00375;2.00402;2.00558;14066
2015.10.21;00:00:00;2.00625;2.00303;2.00371;2.00409;8907
2015.10.21;04:00:00;2.00441;2.00276;2.00318;2.00366;8695
2015.10.21;08:00:00;2.01065;2.00237;2.00787;2.0032;24084
2015.10.21;12:00:00;2.01193;2.00703;2.01179;2.00789;27447
2015.10.21;16:00:00;2.02856;2.00979;2.0247;2.01177;34755
2015.10.21;20:00:00;2.02797;2.02216;2.02454;2.02476;16080
2015.10.22;00:00:00;2.026;2.02399;2.0259;2.02457;12018
2015.10.22;04:00:00;2.02617;2.02283;2.02432;2.02587;11302
2015.10.22;08:00:00;2.03286;2.02309;2.02912;2.02429;23933
2015.10.22;12:00:00;2.03163;2.0238;2.02598;2.02926;37504
2015.10.22;16:00:00;2.02698;2.01337;2.01509;2.02598;46182
2015.10.22;20:00:00;2.01983;2.01416;2.01433;2.01509;20503
2015.10.23;00:00:00;2.01695;2.01321;2.01475;2.01441;13439
2015.10.23;04:00:00;2.01607;2.0142;2.01519;2.01479;11412
2015.10.23;08:00:00;2.01598;2.00966;2.01544;2.01522;31860
2015.10.23;12:00:00;2.0218;2.00801;2.02102;2.01546;42564
2015.10.23;16:00:00;2.02602;2.01627;2.02037;2.02102;49153
2015.10.23;20:00:00;2.02239;2.01522;2.0156;2.02036;16984
2015.10.25;23:00:00;2.01745;2.01431;2.01527;2.01556;1565
2015.10.26;00:00:00;2.01896;2.01518;2.01728;2.01541;14077
2015.10.26;04:00:00;2.01864;2.01655;2.01693;2.01728;10402
2015.10.26;08:00:00;2.01827;2.01398;2.01604;2.01694;31383
2015.10.26;12:00:00;2.0175;2.01378;2.01712;2.01607;38790
2015.10.26;16:00:00;2.0222;2.01497;2.01871;2.01707;38501
2015.10.26;20:00:00;2.02179;2.01832;2.01962;2.01871;15056
2015.10.27;00:00:00;2.02107;2.01915;2.01976;2.01962;10781
2015.10.27;04:00:00;2.02251;2.01977;2.0212;2.01977;10841
2015.10.27;08:00:00;2.02433;2.01902;2.02135;2.0212;28467
2015.10.27;12:00:00;2.02797;2.02025;2.02564;2.02124;40310
2015.10.27;16:00:00;2.03154;2.02228;2.0286;2.02526;40115
2015.10.27;20:00:00;2.03085;2.02797;2.02979;2.0286;16459
2015.10.28;00:00:00;2.03238;2.02962;2.03134;2.02979;21324
2015.10.28;04:00:00;2.03167;2.02946;2.02966;2.03136;8847
2015.10.28;08:00:00;2.03138;2.02294;2.02597;2.02968;28512
2015.10.28;12:00:00;2.02631;2.01704;2.01742;2.02597;37815
2015.10.28;16:00:00;2.02025;2.00606;2.00725;2.01742;44958
2015.10.28;20:00:00;2.0191;2.00588;2.01454;2.00684;33609
2015.10.29;00:00:00;2.01527;2.01324;2.01499;2.01455;15666
2015.10.29;04:00:00;2.0166;2.01435;2.01555;2.01499;8301
2015.10.29;08:00:00;2.02023;2.01422;2.01708;2.01553;34285
2015.10.29;12:00:00;2.01833;2.00842;2.01454;2.01706;42795
2015.10.29;16:00:00;2.01738;2.00894;2.01385;2.01464;37184
2015.10.29;20:00:00;2.01702;2.0128;2.01577;2.01375;15373
2015.10.30;00:00:00;2.01654;2.01468;2.01572;2.01577;13398
2015.10.30;04:00:00;2.0162;2.01417;2.01566;2.01575;16754
2015.10.30;08:00:00;2.01809;2.01443;2.01556;2.01567;32973
2015.10.30;12:00:00;2.02431;2.01511;2.02265;2.01562;42139
2015.10.30;16:00:00;2.02629;2.01698;2.01946;2.02244;46624
2015.10.30;20:00:00;2.0202;2.01401;2.01585;2.01956;16999
2015.11.02;00:00:00;2.01982;2.01539;2.01701;2.01966;12853
2015.11.02;04:00:00;2.01733;2.01589;2.01704;2.01702;9468
2015.11.02;08:00:00;2.03043;2.01668;2.02858;2.01704;32812
2015.11.02;12:00:00;2.02977;2.02473;2.02525;2.02859;35295
2015.11.02;16:00:00;2.02585;2.01657;2.01996;2.02524;36916
2015.11.02;20:00:00;2.02129;2.01806;2.01829;2.01993;15755
2015.11.03;00:00:00;2.01949;2.01714;2.01754;2.01817;9880
2015.11.03;04:00:00;2.01834;2.01673;2.01814;2.01753;10072
2015.11.03;08:00:00;2.0233;2.01805;2.02066;2.01814;29259
2015.11.03;12:00:00;2.0225;2.01654;2.02053;2.02066;33982
2015.11.03;16:00:00;2.02283;2.01454;2.01466;2.02058;43182
2015.11.03;20:00:00;2.0153;2.0105;2.01325;2.01467;22039
2015.11.04;00:00:00;2.01504;2.01246;2.01253;2.01347;13377
2015.11.04;04:00:00;2.01384;2.01116;2.01298;2.0125;12275
2015.11.04;08:00:00;2.01857;2.01248;2.01666;2.01298;29565
2015.11.04;12:00:00;2.01735;2.01185;2.01679;2.01661;30787
2015.11.04;16:00:00;2.02635;2.015;2.0237;2.01681;42310
2015.11.04;20:00:00;2.02643;2.02161;2.02223;2.0237;18107
2015.11.05;00:00:00;2.02614;2.0216;2.02422;2.02236;11826
2015.11.05;04:00:00;2.02573;2.02301;2.0247;2.0242;8939
2015.11.05;08:00:00;2.02733;2.02172;2.02495;2.02472;33256
2015.11.05;12:00:00;2.02757;2.00437;2.00485;2.02495;41040
2015.11.05;16:00:00;2.0114;2.00111;2.00115;2.00481;43056
2015.11.05;20:00:00;2.00317;2.00025;2.00238;2.00115;18986
2015.11.06;00:00:00;2.00298;2.00141;2.0024;2.00251;9144
2015.11.06;04:00:00;2.00293;2.0013;2.00219;2.00239;9981
2015.11.06;08:00:00;2.00228;1.99646;1.99659;2.0022;34480
2015.11.06;12:00:00;2.00131;1.98895;1.99675;1.99653;39778
2015.11.06;16:00:00;2.00628;1.99658;2.00106;1.99675;47873
2015.11.06;20:00:00;2.00194;1.99847;2.00147;2.00108;21156
2015.11.09;00:00:00;2.00393;2.00031;2.00168;2.00149;11664
2015.11.09;04:00:00;2.00286;2.0012;2.0014;2.00171;14153
2015.11.09;08:00:00;2.00358;1.99936;2.0014;2.00138;28172
2015.11.09;12:00:00;2.00595;1.99849;2.00535;2.00136;33055
2015.11.09;16:00:00;2.0085;2.00085;2.00665;2.00539;38159
2015.11.09;20:00:00;2.00814;2.00559;2.00782;2.00663;15176
2015.11.10;00:00:00;2.00832;2.00504;2.00646;2.0079;11709
2015.11.10;04:00:00;2.00653;2.00359;2.00417;2.00646;8546
2015.11.10;08:00:00;2.00624;2.00314;2.00469;2.00412;27315
2015.11.10;12:00:00;2.00827;2.00337;2.00817;2.00471;34496
2015.11.10;16:00:00;2.00908;2.00068;2.00143;2.00816;39440
2015.11.10;20:00:00;2.0072;2.00135;2.0064;2.00161;16878
2015.11.11;00:00:00;2.01187;2.00552;2.00944;2.00644;14148
2015.11.11;04:00:00;2.01127;2.00807;2.00941;2.0095;13425
2015.11.11;08:00:00;2.01192;2.00688;2.00881;2.00941;28930
2015.11.11;12:00:00;2.01591;2.00881;2.01393;2.00881;27933
2015.11.11;16:00:00;2.01999;2.00915;2.01766;2.01392;38384
2015.11.11;20:00:00;2.01923;2.01633;2.01647;2.01764;16475
2015.11.12;00:00:00;2.01873;2.015;2.01616;2.01634;19032
2015.11.12;04:00:00;2.01758;2.01567;2.01668;2.01614;13948
2015.11.12;08:00:00;2.0174;2.01332;2.01597;2.01666;30053
2015.11.12;12:00:00;2.02383;2.01415;2.02257;2.01598;35557
2015.11.12;16:00:00;2.02916;2.02015;2.02382;2.02257;51088
2015.11.12;20:00:00;2.02437;2.02033;2.02373;2.02383;18457
2015.11.13;00:00:00;2.02427;2.02151;2.02198;2.02373;13650
2015.11.13;04:00:00;2.02288;2.02062;2.02264;2.02198;11755
2015.11.13;08:00:00;2.02514;2.02138;2.02399;2.02263;23993
2015.11.13;12:00:00;2.0292;2.01892;2.02847;2.02398;37685
2015.11.13;16:00:00;2.03049;2.02552;2.0271;2.02846;41259
2015.11.13;20:00:00;2.02997;2.02567;2.0296;2.0271;15558
2015.11.16;00:00:00;2.02789;2.02443;2.02569;2.02478;13860
2015.11.16;04:00:00;2.02679;2.02424;2.02483;2.02574;4922
2015.11.16;08:00:00;2.02541;2.0198;2.02137;2.02474;25124
2015.11.16;12:00:00;2.0285;2.02113;2.02755;2.02137;30313
2015.11.16;16:00:00;2.03233;2.02659;2.02906;2.02755;36698
2015.11.16;20:00:00;2.02918;2.02503;2.02614;2.02902;15784
2015.11.17;00:00:00;2.02698;2.02473;2.02525;2.02596;8695
2015.11.17;04:00:00;2.02547;2.02295;2.02316;2.02526;8737
2015.11.17;08:00:00;2.02483;2.01973;2.02449;2.02314;25662
2015.11.17;12:00:00;2.02711;2.02136;2.02364;2.0245;33684
2015.11.17;16:00:00;2.0288;2.02248;2.02529;2.02368;42948
2015.11.17;20:00:00;2.02653;2.02387;2.02575;2.02531;24820
2015.11.18;00:00:00;2.02743;2.02478;2.02609;2.02578;8514
2015.11.18;04:00:00;2.02608;2.02335;2.02476;2.02607;8603
2015.11.18;08:00:00;2.02867;2.02204;2.02655;2.02477;25982
2015.11.18;12:00:00;2.02958;2.02452;2.02804;2.02652;29776
2015.11.18;16:00:00;2.03425;2.02577;2.03221;2.02802;38552
2015.11.18;20:00:00;2.0335;2.02575;2.02629;2.03217;26543
2015.11.19;00:00:00;2.02864;2.02517;2.02724;2.0263;12364
2015.11.19;04:00:00;2.02775;2.02476;2.02525;2.02722;15321
2015.11.19;08:00:00;2.02801;2.01947;2.0215;2.02527;29272
2015.11.19;12:00:00;2.03037;2.02128;2.03036;2.02149;33821
2015.11.19;16:00:00;2.03378;2.0273;2.03202;2.0304;46542
2015.11.19;20:00:00;2.03472;2.03048;2.03088;2.03205;19634
2015.11.20;00:00:00;2.03255;2.03063;2.03135;2.03082;9708
2015.11.20;04:00:00;2.03284;2.03107;2.03162;2.03135;11087
2015.11.20;08:00:00;2.03593;2.0313;2.0344;2.03162;27667
2015.11.20;12:00:00;2.03506;2.02556;2.02592;2.03442;29244
2015.11.20;16:00:00;2.02939;2.02275;2.02539;2.02596;41137
2015.11.20;20:00:00;2.02866;2.02417;2.02764;2.02546;22193
2015.11.23;00:00:00;2.03075;2.02353;2.02963;2.02466;8003
2015.11.23;04:00:00;2.03212;2.02939;2.03204;2.02963;9869
2015.11.23;08:00:00;2.03245;2.02725;2.03114;2.03205;30100
2015.11.23;12:00:00;2.03402;2.01903;2.02784;2.03111;43260
2015.11.23;16:00:00;2.02887;2.01923;2.02008;2.02786;44449
2015.11.23;20:00:00;2.02326;2.01927;2.0207;2.02004;19509
2015.11.24;00:00:00;2.02144;2.01889;2.01911;2.02068;10559
2015.11.24;04:00:00;2.02051;2.019;2.01984;2.01911;8882
2015.11.24;08:00:00;2.0201;2.01552;2.01988;2.01986;25487
2015.11.24;12:00:00;2.02103;2.01236;2.01353;2.01987;38269
2015.11.24;16:00:00;2.01364;2.00112;2.00503;2.01353;42934
2015.11.24;20:00:00;2.00742;2.0041;2.00591;2.00504;24982
2015.11.25;00:00:00;2.0073;2.00485;2.00628;2.0056;9481
2015.11.25;04:00:00;2.00731;2.00534;2.00609;2.00628;12939
2015.11.25;08:00:00;2.00961;2.00512;2.00785;2.00609;29813
2015.11.25;12:00:00;2.01386;2.00272;2.01352;2.00784;38054
2015.11.25;16:00:00;2.01456;2.00557;2.01025;2.01352;42910
2015.11.25;20:00:00;2.01258;2.00975;2.0098;2.01026;21739
2015.11.26;00:00:00;2.01162;2.00795;2.0095;2.00973;11519
2015.11.26;04:00:00;2.01103;2.00929;2.01046;2.0095;9472
2015.11.26;08:00:00;2.01243;2.0053;2.00699;2.01047;24487
2015.11.26;12:00:00;2.01071;2.00499;2.01043;2.00697;28073
2015.11.26;16:00:00;2.01213;2.00738;2.00768;2.01042;22435
2015.11.26;20:00:00;2.00814;2.00502;2.00687;2.00764;24328
2015.11.27;00:00:00;2.00833;2.00567;2.0075;2.00694;7627
2015.11.27;04:00:00;2.00836;2.00709;2.00776;2.0075;7841
2015.11.27;08:00:00;2.0119;2.00401;2.00443;2.00776;28365
2015.11.27;12:00:00;2.00898;2.00319;2.00884;2.00443;34119
2015.11.27;16:00:00;2.01272;2.00809;2.01029;2.00884;34512
2015.11.27;20:00:00;2.01148;2.0089;2.00972;2.01033;12298
2015.11.30;00:00:00;2.0118;2.00753;2.0099;2.00818;9712
2015.11.30;04:00:00;2.01092;2.00967;2.01071;2.00991;8057
2015.11.30;08:00:00;2.01323;2.00842;2.00974;2.01072;23748
2015.11.30;12:00:00;2.00979;2.0049;2.00645;2.00975;31184
2015.11.30;16:00:00;2.01108;2.00209;2.00723;2.00645;36061
2015.11.30;20:00:00;2.01192;2.00634;2.01127;2.00723;20388
2015.12.01;00:00:00;2.01239;2.00818;2.01123;2.01134;11460
2015.12.01;04:00:00;2.01581;2.01083;2.01506;2.01124;14262
2015.12.01;08:00:00;2.01624;2.00775;2.01075;2.01505;26264
2015.12.01;12:00:00;2.01796;2.00539;2.01541;2.01078;31223
2015.12.01;16:00:00;2.01633;2.01094;2.01609;2.01543;43326
2015.12.01;20:00:00;2.01733;2.01379;2.01389;2.0161;24517
2015.12.02;00:00:00;2.01488;2.01311;2.01405;2.01376;12111
2015.12.02;04:00:00;2.01501;2.01354;2.01415;2.01405;10967
2015.12.02;08:00:00;2.01517;2.00985;2.0105;2.01417;26279
2015.12.02;12:00:00;2.01327;2.00844;2.00991;2.01051;30842
2015.12.02;16:00:00;2.01192;1.9922;1.9951;2.00991;45065
2015.12.02;20:00:00;1.99732;1.9933;1.99508;1.99509;31837
2015.12.03;00:00:00;1.99575;1.99267;1.99324;1.99508;10556
2015.12.03;04:00:00;1.99352;1.98481;1.98671;1.99325;17504
2015.12.03;08:00:00;1.99121;1.98663;1.98964;1.98672;27524
2015.12.03;12:00:00;2.00693;1.98778;2.00347;1.98964;38560
2015.12.03;16:00:00;2.02341;2.00298;2.01968;2.00352;48971
2015.12.03;20:00:00;2.02289;2.0174;2.02187;2.0197;36183
2015.12.04;00:00:00;2.02221;2.01845;2.019;2.02187;15483
2015.12.04;04:00:00;2.02051;2.01817;2.01938;2.019;17384
2015.12.04;08:00:00;2.02149;2.01556;2.01699;2.0194;32809
2015.12.04;12:00:00;2.02337;2.01408;2.02224;2.01694;40942
2015.12.04;16:00:00;2.02817;2.01322;2.02148;2.02219;61319
2015.12.04;20:00:00;2.02198;2.01712;2.01797;2.02148;27723
2015.12.07;00:00:00;2.02342;2.01799;2.02128;2.01835;10532
2015.12.07;04:00:00;2.02323;2.02094;2.02234;2.02128;13366
2015.12.07;08:00:00;2.02512;2.01917;2.02245;2.02235;24706
2015.12.07;12:00:00;2.03313;2.02175;2.03297;2.02244;31872
2015.12.07;16:00:00;2.03749;2.03085;2.0361;2.03297;47916
2015.12.07;20:00:00;2.03672;2.03133;2.03161;2.0361;24713
2015.12.08;00:00:00;2.03372;2.03098;2.03249;2.03161;10297
2015.12.08;04:00:00;2.0343;2.03232;2.03343;2.03247;15001
2015.12.08;08:00:00;2.0367;2.03038;2.03079;2.03343;27131
2015.12.08;12:00:00;2.03865;2.02989;2.03764;2.03073;38187
2015.12.08;16:00:00;2.04232;2.02948;2.03901;2.03767;42286
2015.12.08;20:00:00;2.04113;2.03552;2.0382;2.03908;27157
2015.12.09;00:00:00;2.03952;2.03719;2.0382;2.0382;10451
2015.12.09;04:00:00;2.03931;2.03619;2.03697;2.03821;12600
2015.12.09;08:00:00;2.04669;2.03696;2.04467;2.03696;21448
2015.12.09;12:00:00;2.05167;2.04163;2.05132;2.04465;30700
2015.12.09;16:00:00;2.06432;2.04757;2.06249;2.05136;51416
2015.12.09;20:00:00;2.06358;2.05823;2.06195;2.06249;37166
2015.12.10;00:00:00;2.0621;2.05687;2.05766;2.06197;14104
2015.12.10;04:00:00;2.05798;2.05604;2.0575;2.05766;13103
2015.12.10;08:00:00;2.05845;2.05383;2.05831;2.05752;25250
2015.12.10;12:00:00;2.05978;2.04699;2.0569;2.05831;37454
2015.12.10;16:00:00;2.06763;2.05507;2.0646;2.05687;39213
2015.12.10;20:00:00;2.06701;2.06193;2.06477;2.06459;23872
2015.12.11;00:00:00;2.06797;2.06464;2.06625;2.06478;11069
2015.12.11;04:00:00;2.06722;2.06515;2.06523;2.06625;9786
2015.12.11;08:00:00;2.07273;2.06444;2.06851;2.06525;21229
2015.12.11;12:00:00;2.07301;2.0673;2.07289;2.06851;33750
2015.12.11;16:00:00;2.09126;2.07201;2.09119;2.07293;46794
2015.12.11;20:00:00;2.09479;2.08979;2.09324;2.09117;28826
2015.12.14;00:00:00;2.09091;2.0845;2.08868;2.08886;12236
2015.12.14;04:00:00;2.0894;2.08449;2.08549;2.08869;16063
2015.12.14;08:00:00;2.0859;2.07598;2.08085;2.08549;26895
2015.12.14;12:00:00;2.08447;2.07009;2.07305;2.08085;42248
2015.12.14;16:00:00;2.08412;2.07076;2.07993;2.07305;58559
2015.12.14;20:00:00;2.08208;2.07775;2.07878;2.08;26994
2015.12.15;00:00:00;2.08307;2.07716;2.07891;2.07878;12182
2015.12.15;04:00:00;2.07979;2.07709;2.07921;2.07894;13672
2015.12.15;08:00:00;2.07936;2.07278;2.07555;2.07918;29872
2015.12.15;12:00:00;2.08058;2.07014;2.07903;2.07555;40323
2015.12.15;16:00:00;2.08295;2.06102;2.06259;2.07905;47607
2015.12.15;20:00:00;2.06283;2.06257;2.06281;2.0626;18
