DATE;TIME;HIGH;LOW;CLOSE;OPEN;VOLUME
2015.04.27;12:00:00;10.4298;10.4019;10.4111;10.4276;17864
2015.04.27;16:00:00;10.43906;10.4023;10.4269;10.4107;23151
2015.04.27;20:00:00;10.4459;10.4241;10.4339;10.4268;11060
2015.04.28;00:00:00;10.4482;10.42667;10.4451;10.434;8044
2015.04.28;04:00:00;10.4527;10.4397;10.4527;10.445;6677
2015.04.28;08:00:00;10.4593;10.403;10.4071;10.4523;19865
2015.04.28;12:00:00;10.4419;10.4052;10.4306;10.4072;23443
2015.04.28;16:00:00;10.4398;10.4024;10.4189;10.4307;24835
2015.04.28;20:00:00;10.426;10.4079;10.4227;10.419;11442
2015.04.29;00:00:00;10.4302;10.4189;10.4244;10.4224;7868
2015.04.29;04:00:00;10.4383;10.4233;10.434;10.4245;7590
2015.04.29;08:00:00;10.455;10.4278;10.4312;10.4339;19109
2015.04.29;12:00:00;10.4338;10.383;10.4038;10.4313;23690
2015.04.29;16:00:00;10.4118;10.3303;10.347;10.4045;31457
2015.04.29;20:00:00;10.3742;10.3241;10.3469;10.3467;20202
2015.04.30;00:00:00;10.3663;10.3467;10.3608;10.3468;7204
2015.04.30;04:00:00;10.3627;10.3506;10.3585;10.3607;9183
2015.04.30;08:00:00;10.37902;10.26602;10.2856;10.3584;24639
2015.04.30;12:00:00;10.3118;10.2626;10.2777;10.2854;26694
2015.04.30;16:00:00;10.305;10.2053;10.2061;10.2775;30250
2015.04.30;20:00:00;10.2196;10.1771;10.2089;10.2065;15607
2015.05.01;00:00:00;10.22337;10.20124;10.2214;10.2086;7698
2015.05.01;04:00:00;10.2224;10.2093;10.2187;10.2213;5274
2015.05.01;08:00:00;10.2193;10.133;10.1351;10.2188;15858
2015.05.01;12:00:00;10.1541;10.0895;10.1003;10.1358;18659
2015.05.01;16:00:00;10.1104;10.0557;10.0955;10.1004;24898
2015.05.01;20:00:00;10.1031;10.0757;10.0895;10.0954;10878
2015.05.04;00:00:00;10.11274;10.08358;10.1039;10.08845;8323
2015.05.04;04:00:00;10.1134;10.0986;10.1027;10.104;6313
2015.05.04;08:00:00;10.1511;10.0876;10.149;10.1029;16322
2015.05.04;12:00:00;10.1499;10.1055;10.1087;10.1491;18237
2015.05.04;16:00:00;10.1277;10.1002;10.116;10.1086;19842
2015.05.04;20:00:00;10.1341;10.1123;10.1221;10.1158;9188
2015.05.05;00:00:00;10.1283;10.119;10.126;10.1212;5075
2015.05.05;04:00:00;10.1409;10.1227;10.1398;10.1259;6230
2015.05.05;08:00:00;10.2026;10.1346;10.1713;10.1399;20513
2015.05.05;12:00:00;10.1779;10.1342;10.1407;10.1714;22643
2015.05.05;16:00:00;10.1813;10.1215;10.1291;10.1406;25595
2015.05.05;20:00:00;10.1321;10.1069;10.1265;10.129;9737
2015.05.06;00:00:00;10.1289;10.1176;10.1239;10.1267;7106
2015.05.06;04:00:00;10.1281;10.0952;10.1043;10.124;9636
2015.05.06;08:00:00;10.1222;10.0597;10.0851;10.1046;22769
2015.05.06;12:00:00;10.1262;10.07;10.0736;10.0852;24644
2015.05.06;16:00:00;10.0741;10.0226;10.0416;10.0735;28466
2015.05.06;20:00:00;10.0426;10.0207;10.0288;10.0423;11925
2015.05.07;00:00:00;10.0397;10.0256;10.0377;10.0289;9170
2015.05.07;04:00:00;10.0402;10.0258;10.0278;10.0375;10212
2015.05.07;08:00:00;10.0298;9.9729;9.9842;10.0277;22249
2015.05.07;12:00:00;10.0789;9.9736;10.0586;9.9843;28584
2015.05.07;16:00:00;10.0818;10.046;10.0752;10.0587;25578
2015.05.07;20:00:00;10.1122;10.0751;10.098;10.0751;12666
2015.05.08;00:00:00;10.2473;10.103;10.2171;10.103;13343
2015.05.08;04:00:00;10.3283;10.215;10.3209;10.2172;17920
2015.05.08;08:00:00;10.3244;10.2563;10.2829;10.3208;27974
2015.05.08;12:00:00;10.2841;10.19741;10.2229;10.283;25850
2015.05.08;16:00:00;10.2826;10.2138;10.2752;10.2234;27625
2015.05.08;20:00:00;10.29243;10.2723;10.2743;10.2743;10659
2015.05.11;00:00:00;10.3051;10.2828;10.3045;10.2884;7056
2015.05.11;04:00:00;10.3242;10.3037;10.3161;10.3043;10237
2015.05.11;08:00:00;10.3254;10.2812;10.2938;10.3163;18507
2015.05.11;12:00:00;10.3905;10.2847;10.3892;10.2937;21377
2015.05.11;16:00:00;10.4496;10.3744;10.4208;10.3893;24682
2015.05.11;20:00:00;10.4423;10.4159;10.4259;10.4209;9358
2015.05.12;00:00:00;10.4322;10.4195;10.4273;10.4261;5985
2015.05.12;04:00:00;10.4321;10.4031;10.4032;10.4272;6795
2015.05.12;08:00:00;10.4042;10.3231;10.3604;10.4031;21818
2015.05.12;12:00:00;10.4206;10.3591;10.3999;10.3603;23881
2015.05.12;16:00:00;10.4279;10.3709;10.4269;10.3998;20985
2015.05.12;20:00:00;10.4319;10.4176;10.4247;10.4267;9851
2015.05.13;00:00:00;10.4294;10.4148;10.4156;10.4253;6823
2015.05.13;04:00:00;10.4205;10.3989;10.4031;10.4155;9396
2015.05.13;08:00:00;10.4642;10.3857;10.4481;10.403;19242
2015.05.13;12:00:00;10.4735;10.3466;10.3586;10.4482;25187
2015.05.13;16:00:00;10.3599;10.3216;10.3311;10.3587;23698
2015.05.13;20:00:00;10.35832;10.3292;10.3512;10.3309;9707
2015.05.14;00:00:00;10.3554;10.3439;10.3499;10.3513;7455
2015.05.14;04:00:00;10.3554;10.3403;10.3452;10.3498;8388
2015.05.14;08:00:00;10.3474;10.3025;10.3162;10.3453;20297
2015.05.14;12:00:00;10.3388;10.3024;10.3285;10.3163;20254
2015.05.14;16:00:00;10.3587;10.3227;10.3377;10.3284;21917
2015.05.14;20:00:00;10.34383;10.3119;10.3139;10.3375;9425
2015.05.15;00:00:00;10.3242;10.3126;10.3156;10.3132;4918
2015.05.15;04:00:00;10.3238;10.31;10.3163;10.3155;6569
2015.05.15;08:00:00;10.3545;10.3132;10.3477;10.3164;19900
2015.05.15;12:00:00;10.3569;10.3227;10.3538;10.3478;18559
2015.05.15;16:00:00;10.3573;10.2857;10.2901;10.3537;23355
2015.05.15;20:00:00;10.2913;10.2485;10.2533;10.2902;11491
2015.05.18;00:00:00;10.2722;10.2497;10.2646;10.2616;6822
2015.05.18;04:00:00;10.27;10.2586;10.2655;10.2647;6700
2015.05.18;08:00:00;10.2859;10.2455;10.2675;10.2654;16901
2015.05.18;12:00:00;10.2788;10.2457;10.2702;10.2674;18274
2015.05.18;16:00:00;10.3144;10.2667;10.3031;10.2703;19368
2015.05.18;20:00:00;10.3369;10.2987;10.3201;10.3033;10935
2015.05.19;00:00:00;10.3238;10.3144;10.322;10.3197;5291
2015.05.19;04:00:00;10.3359;10.3192;10.3305;10.3221;8913
2015.05.19;08:00:00;10.4338;10.3205;10.35856;10.3304;24220
2015.05.19;12:00:00;10.3652;10.3115;10.3604;10.35895;23007
2015.05.19;16:00:00;10.395;10.3587;10.372;10.3603;22311
2015.05.19;20:00:00;10.3809;10.3577;10.37252;10.3719;9260
2015.05.20;00:00:00;10.3892;10.3649;10.3849;10.3694;7372
2015.05.20;04:00:00;10.3926;10.3803;10.3869;10.385;7093
2015.05.20;08:00:00;10.4383;10.3781;10.4118;10.3871;21829
2015.05.20;12:00:00;10.4372;10.3994;10.4203;10.4119;21153
2015.05.20;16:00:00;10.4647;10.4169;10.449;10.4202;22068
2015.05.20;20:00:00;10.4498;10.40781;10.4422;10.4491;18333
2015.05.21;00:00:00;10.4483;10.4244;10.4316;10.442;7087
2015.05.21;04:00:00;10.4359;10.4224;10.4266;10.4315;7428
2015.05.21;08:00:00;10.4718;10.4021;10.4694;10.4265;21749
2015.05.21;12:00:00;10.5116;10.4595;10.5006;10.4697;21726
2015.05.21;16:00:00;10.5122;10.4861;10.4942;10.5007;21785
2015.05.21;20:00:00;10.5076;10.4901;10.5047;10.4948;9376
2015.05.22;00:00:00;10.51321;10.4995;10.5039;10.50132;6877
2015.05.22;04:00:00;10.5051;10.4775;10.4843;10.504;7821
2015.05.22;08:00:00;10.48857;10.4447;10.4515;10.4844;17000
2015.05.22;12:00:00;10.4693;10.4083;10.4549;10.4514;22338
2015.05.22;16:00:00;10.5013;10.4517;10.4573;10.4553;22734
2015.05.22;20:00:00;10.4869;10.4544;10.4736;10.4574;11501
2015.05.25;00:00:00;10.5116;10.46941;10.5032;10.47568;10076
2015.05.25;04:00:00;10.5072;10.4927;10.5007;10.5031;5314
2015.05.25;08:00:00;10.5378;10.4876;10.5182;10.5008;11315
2015.05.25;12:00:00;10.5246;10.4931;10.4934;10.5181;8859
2015.05.25;16:00:00;10.5115;10.4934;10.4975;10.4935;5207
2015.05.25;20:00:00;10.5104;10.4955;10.5046;10.4973;7944
2015.05.26;00:00:00;10.5316;10.4977;10.527;10.5024;6370
2015.05.26;04:00:00;10.5337;10.5122;10.5324;10.5269;8339
2015.05.26;08:00:00;10.551;10.5245;10.5433;10.5325;23109
2015.05.26;12:00:00;10.5441;10.4996;10.5094;10.5435;21973
2015.05.26;16:00:00;10.552;10.4962;10.5337;10.5099;23362
2015.05.26;20:00:00;10.5525;10.5316;10.54;10.5339;10952
2015.05.27;00:00:00;10.54549;10.5327;10.5412;10.5406;5288
2015.05.27;04:00:00;10.5489;10.5354;10.5396;10.5413;7972
2015.05.27;08:00:00;10.5414;10.5112;10.5139;10.5395;18942
2015.05.27;12:00:00;10.5646;10.5115;10.5559;10.5137;23868
2015.05.27;16:00:00;10.5601;10.4806;10.4984;10.5557;25604
2015.05.27;20:00:00;10.5056;10.489;10.4971;10.4985;11501
2015.05.28;00:00:00;10.503;10.4821;10.4884;10.4977;6420
2015.05.28;04:00:00;10.5014;10.4829;10.4851;10.4886;11622
2015.05.28;08:00:00;10.4996;10.444;10.45;10.4852;22583
2015.05.28;12:00:00;10.4732;10.4265;10.4603;10.4502;24100
2015.05.28;16:00:00;10.4789;10.4347;10.4404;10.4606;23714
2015.05.28;20:00:00;10.4456;10.4271;10.4317;10.4403;13332
2015.05.29;00:00:00;10.4311;10.40863;10.4253;10.4305;8056
2015.05.29;04:00:00;10.4396;10.4203;10.4358;10.4254;6933
2015.05.29;08:00:00;10.4459;10.4005;10.4014;10.4362;18073
2015.05.29;12:00:00;10.4098;10.3587;10.3827;10.4018;23847
2015.05.29;16:00:00;10.3903;10.3568;10.3803;10.3824;24384
2015.05.29;20:00:00;10.3902;10.3695;10.3706;10.3804;9173
2015.06.01;00:00:00;10.4143;10.3716;10.4096;10.388;7280
2015.06.01;04:00:00;10.4189;10.4075;10.4082;10.4099;7497
2015.06.01;08:00:00;10.43648;10.4046;10.4215;10.4081;18486
2015.06.01;12:00:00;10.4222;10.3657;10.383;10.4203;21325
2015.06.01;16:00:00;10.4118;10.367;10.3737;10.3826;24218
2015.06.01;20:00:00;10.3858;10.3628;10.37;10.3733;11862
2015.06.02;00:00:00;10.37984;10.3614;10.372;10.3705;7009
2015.06.02;04:00:00;10.3794;10.3671;10.3699;10.3719;6595
2015.06.02;08:00:00;10.3859;10.3198;10.351;10.3698;19149
2015.06.02;12:00:00;10.3675;10.267;10.2691;10.3508;25752
2015.06.02;16:00:00;10.282;10.20952;10.251;10.2686;31792
2015.06.02;20:00:00;10.2697;10.2436;10.2644;10.2514;12123
2015.06.03;00:00:00;10.2699;10.2577;10.2643;10.2644;7044
2015.06.03;04:00:00;10.2667;10.2496;10.2567;10.2642;8044
2015.06.03;08:00:00;10.2826;10.2178;10.23063;10.2568;21297
2015.06.03;12:00:00;10.2665;10.2257;10.239;10.23107;22225
2015.06.03;16:00:00;10.2398;10.1371;10.1578;10.2392;27708
2015.06.03;20:00:00;10.1605;10.1392;10.1471;10.1579;9302
2015.06.04;00:00:00;10.1569;10.13978;10.1523;10.1473;7294
2015.06.04;04:00:00;10.155;10.1416;10.1443;10.1522;7196
2015.06.04;08:00:00;10.1793;10.0979;10.1291;10.1442;23281
2015.06.04;12:00:00;10.1732;10.1183;10.1656;10.1292;24516
2015.06.04;16:00:00;10.1909;10.1452;10.1639;10.1657;23205
2015.06.04;20:00:00;10.2089;10.1605;10.1942;10.1641;12008
2015.06.05;00:00:00;10.2441;10.18903;10.2217;10.1931;9979
2015.06.05;04:00:00;10.2296;10.2126;10.2163;10.2218;6440
2015.06.05;08:00:00;10.217;10.1339;10.1345;10.2164;20783
2015.06.05;12:00:00;10.2585;10.1338;10.2421;10.1346;21998
2015.06.05;16:00:00;10.2608;10.224;10.2404;10.2419;27756
2015.06.05;20:00:00;10.2551;10.2357;10.2446;10.2405;9898
2015.06.08;00:00:00;10.2645;10.2487;10.2641;10.2541;5348
2015.06.08;04:00:00;10.2656;10.2508;10.2531;10.2639;6235
2015.06.08;08:00:00;10.2646;10.1933;10.216;10.2532;20429
2015.06.08;12:00:00;10.2202;10.1695;10.1885;10.2159;17246
2015.06.08;16:00:00;10.1906;10.1353;10.1619;10.1884;20720
2015.06.08;20:00:00;10.1642;10.1262;10.1342;10.1621;14490
2015.06.09;00:00:00;10.1458;10.13089;10.1388;10.1347;6464
2015.06.09;04:00:00;10.1394;10.1081;10.1183;10.1387;9174
2015.06.09;08:00:00;10.1387;10.0933;10.1074;10.1184;22261
2015.06.09;12:00:00;10.1751;10.1028;10.1628;10.1078;23773
2015.06.09;16:00:00;10.17611;10.1397;10.1729;10.1627;23456
2015.06.09;20:00:00;10.1787;10.1626;10.1708;10.173;8502
2015.06.10;00:00:00;10.1781;10.1549;10.1595;10.1707;6535
2015.06.10;04:00:00;10.1839;10.1568;10.1808;10.1594;10784
2015.06.10;08:00:00;10.1922;10.1279;10.1744;10.1809;26345
2015.06.10;12:00:00;10.2477;10.1718;10.2283;10.1747;16366
2015.06.10;16:00:00;10.2653;10.2113;10.2355;10.2284;16402
2015.06.10;20:00:00;10.2457;10.2267;10.2315;10.2369;4400
2015.06.11;00:00:00;10.2334;10.2153;10.2318;10.2315;2248
2015.06.11;04:00:00;10.242;10.223;10.2278;10.2322;3441
2015.06.11;08:00:00;10.2505;10.1979;10.2381;10.2274;9920
2015.06.11;12:00:00;10.295;10.2272;10.272;10.2385;16396
2015.06.11;16:00:00;10.3059;10.2694;10.2804;10.2717;21517
2015.06.11;20:00:00;10.2903;10.2705;10.2798;10.2811;9878
2015.06.12;00:00:00;10.2976;10.2746;10.2852;10.2796;6710
2015.06.12;04:00:00;10.2995;10.275;10.2964;10.2855;7813
2015.06.12;08:00:00;10.3481;10.2863;10.3391;10.2965;19766
2015.06.12;12:00:00;10.367;10.2878;10.2962;10.339;24068
2015.06.12;16:00:00;10.3218;10.2786;10.2922;10.2961;24318
2015.06.12;20:00:00;10.3162;10.2871;10.3046;10.2923;9907
2015.06.15;00:00:00;10.3518;10.32281;10.3346;10.3417;6748
2015.06.15;04:00:00;10.349;10.3307;10.334;10.3347;7807
2015.06.15;08:00:00;10.35523;10.2895;10.3025;10.3341;19555
2015.06.15;12:00:00;10.3211;10.2914;10.3173;10.3026;18661
2015.06.15;16:00:00;10.3271;10.2958;10.3009;10.3174;18300
2015.06.15;20:00:00;10.3271;10.2988;10.3105;10.3008;10360
2015.06.16;00:00:00;10.3177;10.3093;10.3146;10.3103;4807
2015.06.16;04:00:00;10.33;10.3142;10.319;10.3151;7252
2015.06.16;08:00:00;10.3276;10.2857;10.2937;10.3189;20029
2015.06.16;12:00:00;10.3895;10.2934;10.3678;10.2936;20484
2015.06.16;16:00:00;10.3917;10.36;10.3732;10.3679;17248
2015.06.16;20:00:00;10.3868;10.3715;10.3734;10.3733;7051
2015.06.17;00:00:00;10.3788;10.3708;10.3716;10.3739;4479
2015.06.17;04:00:00;10.3718;10.3558;10.3591;10.3718;6076
2015.06.17;08:00:00;10.4153;10.337;10.4109;10.359;18558
2015.06.17;12:00:00;10.4335;10.3977;10.4184;10.4106;19343
2015.06.17;16:00:00;10.4306;10.401;10.406;10.4185;17320
2015.06.17;20:00:00;10.43646;10.4018;10.4126;10.4061;25165
2015.06.18;00:00:00;10.4153;10.3896;10.394;10.4126;8928
2015.06.18;04:00:00;10.4062;10.3848;10.3864;10.3939;7180
2015.06.18;08:00:00;10.4216;10.3808;10.4105;10.3862;21025
2015.06.18;12:00:00;10.4245;10.3949;10.4128;10.4106;22404
2015.06.18;16:00:00;10.42918;10.36079;10.4089;10.4127;21875
2015.06.18;20:00:00;10.4289;10.4009;10.4254;10.4088;11977
2015.06.19;00:00:00;10.4289;10.3942;10.4158;10.4257;5482
2015.06.19;04:00:00;10.4314;10.413;10.4314;10.4157;6224
2015.06.19;08:00:00;10.4684;10.4269;10.4524;10.4313;17816
2015.06.19;12:00:00;10.4662;10.4442;10.4614;10.4525;17351
2015.06.19;16:00:00;10.4698;10.4369;10.4395;10.4617;15562
2015.06.19;20:00:00;10.4422;10.4247;10.4331;10.4396;8388
2015.06.22;00:00:00;10.4256;10.40326;10.4178;10.406;5833
2015.06.22;04:00:00;10.4201;10.406;10.4081;10.4179;6086
2015.06.22;08:00:00;10.4547;10.4045;10.4388;10.4082;17059
2015.06.22;12:00:00;10.4405;10.3856;10.3945;10.4389;19018
2015.06.22;16:00:00;10.4052;10.3463;10.393;10.3944;22162
2015.06.22;20:00:00;10.4225;10.3901;10.4102;10.3925;9629
2015.06.23;00:00:00;10.4157;10.4021;10.4094;10.4094;5327
2015.06.23;04:00:00;10.4499;10.3909;10.4388;10.4095;12415
2015.06.23;08:00:00;10.4826;10.4355;10.4826;10.4389;20857
2015.06.23;12:00:00;10.5311;10.4757;10.5189;10.4828;21870
2015.06.23;16:00:00;10.5374;10.4857;10.4964;10.519;21787
2015.06.23;20:00:00;10.5169;10.4919;10.508;10.4963;10590
2015.06.24;00:00:00;10.5171;10.5023;10.5156;10.5085;6076
2015.06.24;04:00:00;10.5187;10.4965;10.5077;10.516;7455
2015.06.24;08:00:00;10.5312;10.4877;10.5027;10.5076;20681
2015.06.24;12:00:00;10.5181;10.4743;10.4974;10.5025;21303
2015.06.24;16:00:00;10.512;10.4511;10.4573;10.4976;20558
2015.06.24;20:00:00;10.4613;10.4391;10.4509;10.4572;11163
2015.06.25;00:00:00;10.4574;10.4465;10.448;10.4516;5146
2015.06.25;04:00:00;10.4501;10.4327;10.4455;10.4479;6986
2015.06.25;08:00:00;10.4659;10.4354;10.4629;10.4456;16619
2015.06.25;12:00:00;10.4883;10.4467;10.4818;10.4632;21561
2015.06.25;16:00:00;10.505;10.4719;10.4743;10.4817;15684
2015.06.25;20:00:00;10.4836;10.4714;10.4824;10.4745;7559
2015.06.26;00:00:00;10.4966;10.4772;10.4921;10.4823;4822
2015.06.26;04:00:00;10.5034;10.4892;10.4926;10.492;7705
2015.06.26;08:00:00;10.4968;10.4711;10.486;10.4927;14290
2015.06.26;12:00:00;10.4958;10.4676;10.4907;10.4861;16456
2015.06.26;16:00:00;10.5462;10.4901;10.5235;10.4906;20646
2015.06.26;20:00:00;10.5294;10.5087;10.5156;10.5238;9253
2015.06.29;00:00:00;10.67409;10.6197;10.6312;10.6314;20291
2015.06.29;04:00:00;10.6533;10.6283;10.6379;10.6313;11217
2015.06.29;08:00:00;10.6624;10.5312;10.5337;10.6378;29927
2015.06.29;12:00:00;10.5705;10.5135;10.5499;10.534;23892
2015.06.29;16:00:00;10.5652;10.45679;10.4702;10.5498;24909
2015.06.29;20:00:00;10.4791;10.4073;10.4443;10.4704;16695
2015.06.30;00:00:00;10.4781;10.43566;10.4761;10.4469;8683
2015.06.30;04:00:00;10.49058;10.4717;10.4809;10.476;9238
2015.06.30;08:00:00;10.5323;10.4743;10.5236;10.481;21220
2015.06.30;12:00:00;10.5285;10.4669;10.4825;10.5235;24956
2015.06.30;16:00:00;10.5434;10.4657;10.5162;10.482;25204
2015.06.30;20:00:00;10.5376;10.50722;10.51198;10.5164;17893
2015.07.01;00:00:00;10.52254;10.50297;10.51529;10.5102;8925
2015.07.01;04:00:00;10.5172;10.5071;10.5137;10.51573;7164
2015.07.01;08:00:00;10.5658;10.4788;10.4822;10.5136;18641
2015.07.01;12:00:00;10.5323;10.4653;10.5201;10.4816;22773
2015.07.01;16:00:00;10.5402;10.4972;10.519;10.52;20713
2015.07.01;20:00:00;10.5428;10.5166;10.536;10.5187;11715
2015.07.02;00:00:00;10.5491;10.5303;10.5392;10.5351;6299
2015.07.02;04:00:00;10.5404;10.5113;10.5185;10.5393;6639
2015.07.02;08:00:00;10.5276;10.4991;10.5081;10.5184;18000
2015.07.02;12:00:00;10.5207;10.48263;10.4965;10.5083;21827
2015.07.02;16:00:00;10.5118;10.4729;10.4893;10.4969;20276
2015.07.02;20:00:00;10.5014;10.4873;10.4952;10.4895;7478
2015.07.03;00:00:00;10.50026;10.4886;10.4977;10.4944;5279
2015.07.03;04:00:00;10.4989;10.4869;10.489;10.4976;5688
2015.07.03;08:00:00;10.4996;10.4754;10.4928;10.4889;15260
2015.07.03;12:00:00;10.5116;10.4847;10.5051;10.4899;16633
2015.07.03;16:00:00;10.5055;10.4599;10.4993;10.5046;14324
2015.07.03;20:00:00;10.499;10.44423;10.44423;10.499;7176
2015.07.06;00:00:00;10.5712;10.5158;10.5236;10.5492;13306
2015.07.06;04:00:00;10.524;10.4994;10.5192;10.5235;9383
2015.07.06;08:00:00;10.5363;10.4728;10.492;10.5193;23429
2015.07.06;12:00:00;10.5416;10.4872;10.5149;10.4919;20892
2015.07.06;16:00:00;10.5272;10.4968;10.5254;10.515;20619
2015.07.06;20:00:00;10.5486;10.516;10.5281;10.5255;9542
2015.07.07;00:00:00;10.5416;10.5255;10.533;10.5274;4849
2015.07.07;04:00:00;10.548;10.5315;10.5434;10.5329;8134
2015.07.07;08:00:00;10.56225;10.5227;10.5494;10.5433;21427
2015.07.07;12:00:00;10.5569;10.4971;10.5345;10.5498;28180
2015.07.07;16:00:00;10.5399;10.4991;10.52199;10.5344;28881
2015.07.07;20:00:00;10.5222;10.4486;10.4788;10.52148;17340
2015.07.08;00:00:00;10.49629;10.4761;10.4856;10.4787;7867
2015.07.08;04:00:00;10.4924;10.4579;10.462;10.4855;12544
2015.07.08;08:00:00;10.48089;10.407;10.4084;10.4621;22859
2015.07.08;12:00:00;10.4184;10.3758;10.3893;10.4083;22008
2015.07.08;16:00:00;10.3986;10.3285;10.355;10.3894;27000
2015.07.08;20:00:00;10.3622;10.3427;10.3443;10.3549;14074
2015.07.09;00:00:00;10.3602;10.3434;10.3592;10.3444;6585
2015.07.09;04:00:00;10.3657;10.3477;10.3609;10.359;9131
2015.07.09;08:00:00;10.4077;10.3291;10.3946;10.3607;21661
2015.07.09;12:00:00;10.4154;10.3797;10.4025;10.3945;19852
2015.07.09;16:00:00;10.4131;10.3821;10.4103;10.4028;19643
2015.07.09;20:00:00;10.4177;10.3936;10.3958;10.4105;12360
2015.07.10;00:00:00;10.4017;10.3509;10.3572;10.3974;10352
2015.07.10;04:00:00;10.3627;10.3476;10.3551;10.3574;9431
2015.07.10;08:00:00;10.3831;10.3281;10.3768;10.355;22140
2015.07.10;12:00:00;10.3816;10.3389;10.3441;10.3767;24462
2015.07.10;16:00:00;10.3817;10.3363;10.3805;10.3442;22169
2015.07.10;20:00:00;10.3985;10.36715;10.3691;10.3804;11178
2015.07.13;00:00:00;10.4246;10.3818;10.3911;10.4223;6834
2015.07.13;04:00:00;10.4081;10.3806;10.3849;10.391;9716
2015.07.13;08:00:00;10.4744;10.3594;10.4717;10.3851;24041
2015.07.13;12:00:00;10.498;10.4554;10.4774;10.4714;20302
2015.07.13;16:00:00;10.5277;10.4776;10.5014;10.4776;19079
2015.07.13;20:00:00;10.5093;10.4937;10.4987;10.5015;10794
2015.07.14;00:00:00;10.52153;10.4958;10.5103;10.4979;7990
2015.07.14;04:00:00;10.5118;10.494;10.498;10.5104;7472
2015.07.14;08:00:00;10.5189;10.4532;10.458;10.4981;21565
2015.07.14;12:00:00;10.5543;10.45445;10.5322;10.4584;23626
2015.07.14;16:00:00;10.5655;10.5187;10.5615;10.5323;18785
2015.07.14;20:00:00;10.6028;10.5593;10.5962;10.5613;8636
2015.07.15;00:00:00;10.6168;10.5896;10.615;10.5962;6213
2015.07.15;04:00:00;10.6195;10.6026;10.6092;10.6149;7744
2015.07.15;08:00:00;10.6263;10.5559;10.5824;10.6093;19753
2015.07.15;12:00:00;10.6184;10.5582;10.6117;10.5825;18734
2015.07.15;16:00:00;10.6583;10.6065;10.6498;10.6118;24529
2015.07.15;20:00:00;10.6678;10.6479;10.6495;10.6499;10222
2015.07.16;00:00:00;10.66746;10.6401;10.6626;10.64815;8499
2015.07.16;04:00:00;10.67371;10.6566;10.6624;10.6627;8727
2015.07.16;08:00:00;10.7053;10.6547;10.6843;10.6623;19247
2015.07.16;12:00:00;10.7117;10.669;10.711;10.6848;22975
2015.07.16;16:00:00;10.7136;10.6606;10.7047;10.7111;20011
2015.07.16;20:00:00;10.7139;10.6925;10.7018;10.705;8576
2015.07.17;00:00:00;10.7074;10.6958;10.6991;10.7029;5172
2015.07.17;04:00:00;10.7098;10.6929;10.703;10.6992;5996
2015.07.17;08:00:00;10.7432;10.7006;10.7185;10.7029;16365
2015.07.17;12:00:00;10.7263;10.673;10.6997;10.7186;17792
2015.07.17;16:00:00;10.7552;10.6938;10.7383;10.6992;18130
2015.07.17;20:00:00;10.75195;10.7294;10.7447;10.7388;7463
2015.07.20;00:00:00;10.7532;10.73485;10.7486;10.74205;4511
2015.07.20;04:00:00;10.7509;10.7404;10.7431;10.7485;5687
2015.07.20;08:00:00;10.7515;10.7038;10.708;10.7432;14701
2015.07.20;12:00:00;10.7234;10.6937;10.7024;10.7076;17830
2015.07.20;16:00:00;10.7223;10.6939;10.7212;10.7025;14184
2015.07.20;20:00:00;10.73515;10.714;10.7213;10.7211;9316
2015.07.21;00:00:00;10.7299;10.7175;10.7261;10.7215;4961
2015.07.21;04:00:00;10.7326;10.7149;10.7316;10.726;6836
2015.07.21;08:00:00;10.7377;10.7013;10.7037;10.7317;15718
2015.07.21;12:00:00;10.71468;10.6652;10.6822;10.7038;18800
2015.07.21;16:00:00;10.6832;10.5941;10.5971;10.6823;22653
2015.07.21;20:00:00;10.6138;10.5891;10.6073;10.5973;10579
2015.07.22;00:00:00;10.6164;10.5996;10.6088;10.6074;5409
2015.07.22;04:00:00;10.6246;10.6036;10.6179;10.6089;9068
2015.07.22;08:00:00;10.66833;10.6125;10.6589;10.6184;18094
2015.07.22;12:00:00;10.7014;10.6446;10.6959;10.659;19460
2015.07.22;16:00:00;10.7123;10.6651;10.67;10.6962;21031
2015.07.22;20:00:00;10.6755;10.6545;10.6574;10.6704;8437
2015.07.23;00:00:00;10.663;10.6491;10.6525;10.657;5299
2015.07.23;04:00:00;10.6574;10.6355;10.6519;10.6526;7094
2015.07.23;08:00:00;10.6737;10.5723;10.5852;10.6521;18271
2015.07.23;12:00:00;10.6086;10.5654;10.5837;10.5854;19804
2015.07.23;16:00:00;10.5866;10.5175;10.5288;10.5834;18407
2015.07.23;20:00:00;10.5363;10.5042;10.533;10.5286;10699
2015.07.24;00:00:00;10.539;10.5276;10.536;10.5336;4765
2015.07.24;04:00:00;10.5537;10.5325;10.546;10.5361;7364
2015.07.24;08:00:00;10.57;10.5188;10.563;10.5458;14396
2015.07.24;12:00:00;10.5759;10.5446;10.5583;10.5627;15104
2015.07.24;16:00:00;10.56214;10.5345;10.5394;10.5584;18984
2015.07.24;20:00:00;10.5442;10.5299;10.5383;10.5395;7853
2015.07.27;00:00:00;10.5552;10.5346;10.54;10.5366;4167
2015.07.27;04:00:00;10.5478;10.5139;10.5285;10.5399;8897
2015.07.27;08:00:00;10.5286;10.4166;10.4545;10.5286;19733
2015.07.27;12:00:00;10.4742;10.4441;10.4633;10.4547;19040
2015.07.27;16:00:00;10.4761;10.4455;10.4522;10.4631;20526
2015.07.27;20:00:00;10.4684;10.4507;10.4655;10.4523;7289
2015.07.28;00:00:00;10.4729;10.4606;10.4629;10.4657;4228
2015.07.28;04:00:00;10.4871;10.4619;10.4862;10.463;7010
2015.07.28;08:00:00;10.5114;10.4697;10.5068;10.4864;17444
2015.07.28;12:00:00;10.549;10.504;10.5392;10.507;18506
2015.07.28;16:00:00;10.5477;10.5239;10.5341;10.5391;19277
2015.07.28;20:00:00;10.5383;10.5265;10.5308;10.5342;8152
2015.07.29;00:00:00;10.5318;10.51205;10.5152;10.5314;6158
2015.07.29;04:00:00;10.5301;10.5085;10.5298;10.5151;6186
2015.07.29;08:00:00;10.54908;10.5256;10.532;10.5296;15008
2015.07.29;12:00:00;10.5787;10.529;10.5715;10.5319;16733
2015.07.29;16:00:00;10.6041;10.5608;10.5608;10.5714;18175
2015.07.29;20:00:00;10.609;10.5357;10.58715;10.5607;17956
2015.07.30;00:00:00;10.6118;10.5848;10.611;10.5848;6033
2015.07.30;04:00:00;10.6157;10.6017;10.6055;10.6111;6380
2015.07.30;08:00:00;10.6327;10.6022;10.6184;10.6053;15298
2015.07.30;12:00:00;10.6607;10.605;10.6442;10.6185;18925
2015.07.30;16:00:00;10.6785;10.6415;10.6521;10.6441;22099
2015.07.30;20:00:00;10.6643;10.6413;10.6418;10.6519;9487
2015.07.31;00:00:00;10.645;10.6317;10.6358;10.6416;6595
2015.07.31;04:00:00;10.6427;10.6336;10.6401;10.6357;6667
2015.07.31;08:00:00;10.64906;10.609;10.6149;10.6402;15887
2015.07.31;12:00:00;10.6168;10.5276;10.5641;10.6152;21606
2015.07.31;16:00:00;10.597;10.5099;10.5947;10.5639;25520
2015.07.31;20:00:00;10.6248;10.5902;10.6099;10.5946;12133
2015.08.03;00:00:00;10.6338;10.6123;10.6169;10.6257;5210
2015.08.03;04:00:00;10.6206;10.6105;10.6138;10.6173;7188
2015.08.03;08:00:00;10.6391;10.6105;10.6235;10.6137;14902
2015.08.03;12:00:00;10.6311;10.5933;10.6089;10.6236;18906
2015.08.03;16:00:00;10.623;10.5985;10.612;10.6088;19141
2015.08.03;20:00:00;10.6248;10.6098;10.6169;10.6115;9279
2015.08.04;00:00:00;10.6322;10.6089;10.6268;10.6168;7291
2015.08.04;04:00:00;10.6366;10.6243;10.6317;10.6269;7144
2015.08.04;08:00:00;10.6325;10.59282;10.5964;10.6318;16827
2015.08.04;12:00:00;10.6226;10.5882;10.6138;10.5966;16601
2015.08.04;16:00:00;10.6414;10.5886;10.6365;10.6141;18122
2015.08.04;20:00:00;10.6721;10.6298;10.6672;10.6366;15365
2015.08.05;00:00:00;10.6811;10.6575;10.6802;10.6671;8229
2015.08.05;04:00:00;10.68778;10.667;10.6691;10.68;8240
2015.08.05;08:00:00;10.71224;10.664;10.7053;10.669;17186
2015.08.05;12:00:00;10.7286;10.67767;10.7035;10.7054;20493
2015.08.05;16:00:00;10.7329;10.6883;10.707;10.7037;21545
2015.08.05;20:00:00;10.7084;10.6707;10.6726;10.7067;9750
2015.08.06;00:00:00;10.6802;10.65743;10.6749;10.6728;6336
2015.08.06;04:00:00;10.6848;10.6744;10.6772;10.6747;7530
2015.08.06;08:00:00;10.6983;10.6521;10.6953;10.6773;13985
2015.08.06;12:00:00;10.7044;10.591;10.6423;10.6962;21502
2015.08.06;16:00:00;10.6442;10.5865;10.6058;10.6424;18921
2015.08.06;20:00:00;10.6061;10.5887;10.5901;10.606;7817
2015.08.07;00:00:00;10.5957;10.5854;10.5924;10.591;4832
2015.08.07;04:00:00;10.6046;10.5821;10.5978;10.5923;7226
2015.08.07;08:00:00;10.6093;10.5612;10.6011;10.598;14687
2015.08.07;12:00:00;10.6326;10.5609;10.6301;10.6012;18345
2015.08.07;16:00:00;10.6314;10.5144;10.5364;10.6296;26984
2015.08.07;20:00:00;10.5484;10.5261;10.5408;10.5363;8323
2015.08.10;00:00:00;10.5468;10.5341;10.5466;10.5365;4541
2015.08.10;04:00:00;10.5487;10.5289;10.531;10.5467;5963
2015.08.10;08:00:00;10.547;10.5116;10.5267;10.5311;14576
2015.08.10;12:00:00;10.5675;10.5215;10.5672;10.5268;18579
2015.08.10;16:00:00;10.578;10.5445;10.5525;10.5671;23501
2015.08.10;20:00:00;10.5648;10.5352;10.5548;10.5526;11832
2015.08.11;00:00:00;10.557;10.5486;10.5494;10.5544;7275
2015.08.11;04:00:00;10.587;10.5479;10.5807;10.5495;15289
2015.08.11;08:00:00;10.5978;10.5374;10.544;10.5806;22219
2015.08.11;12:00:00;10.5557;10.4958;10.4974;10.5472;24054
2015.08.11;16:00:00;10.5447;10.482;10.5442;10.4973;24321
2015.08.11;20:00:00;10.5445;10.5176;10.5179;10.5435;9819
2015.08.12;00:00:00;10.5338;10.514;10.5328;10.518;6035
2015.08.12;04:00:00;10.5347;10.48;10.4839;10.5329;13116
2015.08.12;08:00:00;10.4959;10.4051;10.4365;10.4838;24243
2015.08.12;12:00:00;10.4548;10.4305;10.4542;10.4366;22109
2015.08.12;16:00:00;10.4573;10.4119;10.4476;10.4543;27359
2015.08.12;20:00:00;10.4473;10.4292;10.4374;10.4473;13282
2015.08.13;00:00:00;10.4482;10.4294;10.4452;10.438;2488
2015.08.13;04:00:00;10.4694;10.4243;10.461;10.4451;6728
2015.08.13;08:00:00;10.5002;10.4537;10.4757;10.4615;10053
2015.08.13;12:00:00;10.5075;10.4757;10.4957;10.4758;18249
2015.08.13;16:00:00;10.496;10.4351;10.4552;10.4956;21815
2015.08.13;20:00:00;10.464;10.4376;10.4451;10.4555;9976
2015.08.14;00:00:00;10.4494;10.439;10.4425;10.4449;6021
2015.08.14;04:00:00;10.4584;10.4425;10.4445;10.4426;6663
2015.08.14;08:00:00;10.4627;10.4336;10.4526;10.4444;15913
2015.08.14;12:00:00;10.4607;10.4234;10.4579;10.4527;18343
2015.08.14;16:00:00;10.4985;10.458;10.4843;10.4581;20819
2015.08.14;20:00:00;10.5149;10.4844;10.5037;10.4844;7842
2015.08.17;00:00:00;10.528;10.49615;10.5229;10.4993;6013
2015.08.17;04:00:00;10.5355;10.5191;10.5278;10.5228;6963
2015.08.17;08:00:00;10.5621;10.5109;10.5144;10.528;16921
2015.08.17;12:00:00;10.5241;10.4888;10.5003;10.5143;18237
2015.08.17;16:00:00;10.5226;10.4932;10.4993;10.5002;17669
2015.08.17;20:00:00;10.5086;10.4918;10.4962;10.4991;7606
2015.08.18;00:00:00;10.5017;10.4939;10.4995;10.4961;4099
2015.08.18;04:00:00;10.5165;10.4941;10.5155;10.4996;7459
2015.08.18;08:00:00;10.5628;10.4847;10.5567;10.5156;16466
2015.08.18;12:00:00;10.6192;10.5548;10.6085;10.5568;17617
2015.08.18;16:00:00;10.6172;10.5816;10.589;10.6086;18584
2015.08.18;20:00:00;10.6074;10.5886;10.5966;10.5891;7773
2015.08.19;00:00:00;10.6002;10.5879;10.5949;10.5971;6431
2015.08.19;04:00:00;10.596;10.5818;10.5831;10.5948;7169
2015.08.19;08:00:00;10.589;10.5624;10.5833;10.583;15257
2015.08.19;12:00:00;10.604;10.5739;10.5863;10.5834;17345
2015.08.19;16:00:00;10.597;10.548;10.5578;10.5862;21897
2015.08.19;20:00:00;10.574;10.5101;10.5186;10.5579;20966
2015.08.20;00:00:00;10.52553;10.504;10.5112;10.5189;8059
2015.08.20;04:00:00;10.5157;10.5025;10.5074;10.5113;7395
2015.08.20;08:00:00;10.5219;10.4579;10.46;10.5073;20174
2015.08.20;12:00:00;10.4764;10.4353;10.4753;10.4593;22717
2015.08.20;16:00:00;10.4758;10.4289;10.4528;10.4754;23475
2015.08.20;20:00:00;10.45841;10.4132;10.4133;10.4527;14663
2015.08.21;00:00:00;10.4256;10.4127;10.4162;10.4138;7522
2015.08.21;04:00:00;10.4179;10.372;10.3757;10.4163;14170
2015.08.21;08:00:00;10.4333;10.3683;10.4166;10.3756;19949
2015.08.21;12:00:00;10.4212;10.3382;10.3642;10.4163;22284
2015.08.21;16:00:00;10.3797;10.2959;10.3182;10.3643;30265
2015.08.21;20:00:00;10.3227;10.2772;10.2817;10.3189;18166
2015.08.24;00:00:00;10.2916;10.2622;10.2671;10.2798;13887
2015.08.24;04:00:00;10.2673;10.1809;10.2188;10.2672;24765
2015.08.24;08:00:00;10.2327;10.1692;10.2202;10.2187;28515
2015.08.24;12:00:00;10.2335;10.1725;10.188;10.2199;30090
2015.08.24;16:00:00;10.1899;10.0493;10.1879;10.1883;41989
2015.08.24;20:00:00;10.1981;10.1276;10.1284;10.1878;30961
2015.08.25;00:00:00;10.1806;10.1261;10.162;10.1299;12793
2015.08.25;04:00:00;10.2008;10.1581;10.1894;10.1619;17135
2015.08.25;08:00:00;10.2252;10.1588;10.1946;10.1895;30931
2015.08.25;12:00:00;10.28073;10.1929;10.2603;10.1945;32082
2015.08.25;16:00:00;10.2729;10.2428;10.2536;10.2605;32191
2015.08.25;20:00:00;10.2594;10.155;10.1632;10.2535;24293
2015.08.26;00:00:00;10.1739;10.1338;10.1616;10.1639;14020
2015.08.26;04:00:00;10.19569;10.1499;10.1916;10.1611;15531
2015.08.26;08:00:00;10.2179;10.1679;10.1976;10.1917;26435
2015.08.26;12:00:00;10.2327;10.1736;10.2149;10.1975;28123
2015.08.26;16:00:00;10.2252;10.1328;10.1498;10.2151;33603
2015.08.26;20:00:00;10.216;10.1373;10.1981;10.1501;21491
2015.08.27;00:00:00;10.2032;10.1838;10.1926;10.1975;10367
2015.08.27;04:00:00;10.218;10.1858;10.186;10.1927;10774
2015.08.27;08:00:00;10.2487;10.1722;10.24;10.1856;24307
2015.08.27;12:00:00;10.2441;10.1962;10.2365;10.2399;23932
2015.08.27;16:00:00;10.2547;10.2118;10.2315;10.2364;29936
2015.08.27;20:00:00;10.2365;10.2066;10.2149;10.2317;20736
2015.08.28;00:00:00;10.2382;10.2118;10.234;10.2164;6900
2015.08.28;04:00:00;10.2369;10.2186;10.2319;10.2342;8931
2015.08.28;08:00:00;10.2382;10.1647;10.1726;10.2318;19142
2015.08.28;12:00:00;10.2005;10.1446;10.1966;10.1727;23347
2015.08.28;16:00:00;10.2776;10.1782;10.2656;10.1967;29698
2015.08.28;20:00:00;10.27954;10.2502;10.2683;10.2662;13893
2015.08.31;00:00:00;10.2903;10.2481;10.2521;10.2877;10304
2015.08.31;04:00:00;10.2626;10.223;10.2328;10.2522;10149
2015.08.31;08:00:00;10.2722;10.2254;10.2716;10.2329;13513
2015.08.31;12:00:00;10.2727;10.2341;10.2465;10.2671;14397
2015.08.31;16:00:00;10.258;10.2096;10.2195;10.2464;20887
2015.08.31;20:00:00;10.22;10.1908;10.2103;10.2194;11651
2015.09.01;00:00:00;10.2168;10.1959;10.2056;10.2109;3179
2015.09.01;04:00:00;10.2108;10.1769;10.1912;10.2055;5940
2015.09.01;08:00:00;10.1989;10.1196;10.1459;10.191;15311
2015.09.01;12:00:00;10.1855;10.1395;10.1495;10.1458;24778
2015.09.01;16:00:00;10.1778;10.1343;10.1424;10.1496;28422
2015.09.01;20:00:00;10.1449;10.0891;10.0917;10.1425;19445
2015.09.02;00:00:00;10.1341;10.0884;10.1332;10.0918;10356
2015.09.02;04:00:00;10.1397;10.1191;10.127;10.1333;13992
2015.09.02;08:00:00;10.1594;10.1073;10.1178;10.1271;22798
2015.09.02;12:00:00;10.1507;10.0989;10.1424;10.1177;23773
2015.09.02;16:00:00;10.1753;10.1402;10.1687;10.1425;25997
2015.09.02;20:00:00;10.1782;10.1596;10.1641;10.1683;14045
2015.09.03;00:00:00;10.1895;10.1645;10.1856;10.1648;7332
2015.09.03;04:00:00;10.1855;10.1669;10.171;10.1854;9182
2015.09.03;08:00:00;10.1719;10.1167;10.1238;10.1709;16115
2015.09.03;12:00:00;10.2515;10.1239;10.2453;10.1239;22189
2015.09.03;16:00:00;10.2484;10.2206;10.2335;10.2454;28242
2015.09.03;20:00:00;10.2395;10.2195;10.2287;10.234;15327
2015.09.04;00:00:00;10.2356;10.20461;10.2208;10.2293;7391
2015.09.04;04:00:00;10.2244;10.1934;10.2056;10.2204;12163
2015.09.04;08:00:00;10.2227;10.1795;10.2014;10.2057;19298
2015.09.04;12:00:00;10.2409;10.1756;10.1872;10.2012;19883
2015.09.04;16:00:00;10.2069;10.1701;10.1735;10.187;27004
2015.09.04;20:00:00;10.1751;10.1447;10.1486;10.1736;12782
2015.09.07;00:00:00;10.1709;10.1392;10.1461;10.1425;9902
2015.09.07;04:00:00;10.1707;10.145;10.1686;10.1462;12735
2015.09.07;08:00:00;10.2021;10.1536;10.1981;10.1687;19645
2015.09.07;12:00:00;10.2193;10.1779;10.2058;10.1983;19270
2015.09.07;16:00:00;10.2149;10.1966;10.2079;10.2057;12391
2015.09.07;20:00:00;10.2115;10.1921;10.1938;10.208;9839
2015.09.08;00:00:00;10.215;10.19315;10.2064;10.19315;6032
2015.09.08;04:00:00;10.2192;10.177;10.1899;10.2062;13012
2015.09.08;08:00:00;10.2612;10.1861;10.2577;10.19;21516
2015.09.08;12:00:00;10.3015;10.2534;10.279;10.2578;19130
2015.09.08;16:00:00;10.281;10.2399;10.2532;10.2791;20470
2015.09.08;20:00:00;10.2757;10.2415;10.2499;10.2533;10852
2015.09.09;00:00:00;10.264;10.241;10.2636;10.2485;6617
2015.09.09;04:00:00;10.28682;10.2526;10.2748;10.2633;9751
2015.09.09;08:00:00;10.288;10.2201;10.2328;10.2749;20187
2015.09.09;12:00:00;10.2967;10.2291;10.296;10.2329;19469
2015.09.09;16:00:00;10.3029;10.2618;10.2698;10.2961;21386
2015.09.09;20:00:00;10.2749;10.2253;10.2285;10.27;15719
2015.09.10;00:00:00;10.2294;10.1902;10.1988;10.2291;11893
2015.09.10;04:00:00;10.2296;10.1922;10.2112;10.1989;13164
2015.09.10;08:00:00;10.2531;10.2015;10.2514;10.2113;22153
2015.09.10;12:00:00;10.2988;10.2365;10.2431;10.2513;23171
2015.09.10;16:00:00;10.2734;10.219;10.2248;10.2432;26276
2015.09.10;20:00:00;10.2311;10.2053;10.2139;10.2249;15703
2015.09.11;00:00:00;10.2195;10.1935;10.2129;10.2138;10217
2015.09.11;04:00:00;10.2207;10.2072;10.2161;10.2128;8143
2015.09.11;08:00:00;10.2195;10.1802;10.1948;10.2162;20251
2015.09.11;12:00:00;10.2253;10.1917;10.2057;10.1947;19761
2015.09.11;16:00:00;10.2068;10.14109;10.14585;10.2058;25992
2015.09.11;20:00:00;10.1577;10.14018;10.1487;10.14549;16542
2015.09.14;00:00:00;10.1615;10.137;10.1563;10.1484;6507
2015.09.14;04:00:00;10.1663;10.146;10.1513;10.1562;7466
2015.09.14;08:00:00;10.1815;10.1361;10.1639;10.1512;16550
2015.09.14;12:00:00;10.1837;10.1492;10.1632;10.164;16427
2015.09.14;16:00:00;10.1786;10.143;10.1669;10.1631;18940
2015.09.14;20:00:00;10.177;10.1612;10.1653;10.1669;8871
2015.09.15;00:00:00;10.1802;10.1636;10.1764;10.1654;7098
2015.09.15;04:00:00;10.1771;10.1614;10.1699;10.1763;7217
2015.09.15;08:00:00;10.2003;10.1565;10.186;10.1701;18058
2015.09.15;12:00:00;10.1899;10.1447;10.1584;10.1859;18533
2015.09.15;16:00:00;10.1718;10.143;10.1527;10.1586;21038
2015.09.15;20:00:00;10.1651;10.1401;10.156;10.1527;9972
2015.09.16;00:00:00;10.1605;10.1457;10.1476;10.1568;4881
2015.09.16;04:00:00;10.1499;10.1373;10.1406;10.1475;6359
2015.09.16;08:00:00;10.218;10.1378;10.2103;10.1404;17247
2015.09.16;12:00:00;10.267;10.2078;10.2292;10.2102;21513
2015.09.16;16:00:00;10.2508;10.2092;10.2139;10.2291;21550
2015.09.16;20:00:00;10.2476;10.2129;10.2317;10.2138;9962
2015.09.17;00:00:00;10.2538;10.2318;10.2421;10.2318;6114
2015.09.17;04:00:00;10.246;10.2249;10.2394;10.2419;7931
2015.09.17;08:00:00;10.2479;10.1965;10.2074;10.2393;16191
2015.09.17;12:00:00;10.242;10.2066;10.233;10.2075;14876
2015.09.17;16:00:00;10.2516;10.221;10.2402;10.233;17685
2015.09.17;20:00:00;10.2425;10.1634;10.1678;10.2402;38156
2015.09.18;00:00:00;10.1936;10.1638;10.1816;10.1681;12819
2015.09.18;04:00:00;10.1986;10.1725;10.1836;10.1815;9088
2015.09.18;08:00:00;10.2052;10.1614;10.186;10.1836;19214
2015.09.18;12:00:00;10.2293;10.1812;10.22;10.1859;21859
2015.09.18;16:00:00;10.2313;10.2053;10.2254;10.2201;22484
2015.09.18;20:00:00;10.2718;10.2162;10.2497;10.2255;15894
2015.09.21;00:00:00;10.2654;10.2474;10.2544;10.2654;6241
2015.09.21;04:00:00;10.255;10.2392;10.2426;10.2543;6843
2015.09.21;08:00:00;10.2727;10.2396;10.2502;10.2427;17691
2015.09.21;12:00:00;10.3174;10.2437;10.3054;10.2504;18424
2015.09.21;16:00:00;10.3392;10.2874;10.3145;10.3053;21735
2015.09.21;20:00:00;10.3387;10.3144;10.3369;10.3148;9849
2015.09.22;00:00:00;10.3438;10.3334;10.3362;10.3391;4977
2015.09.22;04:00:00;10.3402;10.3302;10.3308;10.3362;7418
2015.09.22;08:00:00;10.3643;10.3029;10.3124;10.3307;19521
2015.09.22;12:00:00;10.3306;10.303;10.3202;10.3122;22207
2015.09.22;16:00:00;10.3213;10.2763;10.3053;10.3204;23804
2015.09.22;20:00:00;10.3088;10.2907;10.3041;10.3055;10422
2015.09.23;00:00:00;10.3061;10.2837;10.3039;10.3026;6377
2015.09.23;04:00:00;10.3042;10.2745;10.2781;10.3042;7808
2015.09.23;08:00:00;10.3046;10.2395;10.2944;10.2779;19159
2015.09.23;12:00:00;10.2962;10.2137;10.2215;10.2946;22390
2015.09.23;16:00:00;10.2275;10.1647;10.1887;10.2217;27871
2015.09.23;20:00:00;10.1891;10.1537;10.1632;10.1888;14613
2015.09.24;00:00:00;10.1758;10.1621;10.1718;10.1636;6453
2015.09.24;04:00:00;10.1877;10.1672;10.1693;10.172;8535
2015.09.24;08:00:00;10.1835;10.1521;10.1658;10.1695;19868
2015.09.24;12:00:00;10.176;10.0874;10.0926;10.1657;27785
2015.09.24;16:00:00;10.1239;10.0674;10.1068;10.0925;28416
2015.09.24;20:00:00;10.1376;10.1055;10.1252;10.1068;14094
2015.09.25;00:00:00;10.1673;10.1216;10.1634;10.1254;12103
2015.09.25;04:00:00;10.1692;10.1487;10.1683;10.1634;9583
2015.09.25;08:00:00;10.2148;10.1631;10.1985;10.1683;20524
2015.09.25;12:00:00;10.1994;10.1232;10.1518;10.1986;22990
2015.09.25;16:00:00;10.1601;10.082;10.1215;10.1518;26037
2015.09.25;20:00:00;10.1308;10.09765;10.1112;10.1211;14299
2015.09.28;00:00:00;10.1345;10.1116;10.1256;10.1145;7998
2015.09.28;04:00:00;10.1408;10.1234;10.1398;10.1254;6539
2015.09.28;08:00:00;10.1664;10.1282;10.1603;10.1399;18869
2015.09.28;12:00:00;10.1666;10.133;10.1521;10.1605;21049
2015.09.28;16:00:00;10.156;10.085;10.0887;10.152;27831
2015.09.28;20:00:00;10.0913;10.0641;10.0652;10.0886;12850
2015.09.29;00:00:00;10.0755;10.0522;10.0598;10.0645;5892
2015.09.29;04:00:00;10.0604;10.0403;10.0445;10.0598;7908
2015.09.29;08:00:00;10.1059;10.0301;10.0939;10.0444;21258
2015.09.29;12:00:00;10.0996;10.0596;10.0843;10.094;22929
2015.09.29;16:00:00;10.0918;10.0353;10.0431;10.0843;30847
2015.09.29;20:00:00;10.068;10.038;10.0449;10.0434;13669
2015.09.30;00:00:00;10.0508;10.038;10.0483;10.0448;6204
2015.09.30;04:00:00;10.0558;10.0409;10.0523;10.0484;7153
2015.09.30;08:00:00;10.0968;10.0518;10.0826;10.0522;18878
2015.09.30;12:00:00;10.1248;10.0731;10.1096;10.0826;21319
2015.09.30;16:00:00;10.1313;10.0891;10.0953;10.1095;28999
2015.09.30;20:00:00;10.1109;10.0903;10.0968;10.0953;13668
2015.10.01;00:00:00;10.101;10.0911;10.0972;10.0969;5635
2015.10.01;04:00:00;10.1264;10.0966;10.1228;10.0971;7609
2015.10.01;08:00:00;10.1404;10.1108;10.1225;10.123;17315
2015.10.01;12:00:00;10.1405;10.1162;10.123;10.1226;21189
2015.10.01;16:00:00;10.134;10.0827;10.092;10.1231;23387
2015.10.01;20:00:00;10.0926;10.0797;10.0805;10.0921;11424
2015.10.02;00:00:00;10.0974;10.0796;10.0922;10.0801;5702
2015.10.02;04:00:00;10.1066;10.0812;10.1064;10.0921;8954
2015.10.02;08:00:00;10.1318;10.1001;10.1268;10.1065;14521
2015.10.02;12:00:00;10.1411;10.0391;10.0624;10.1266;21676
2015.10.02;16:00:00;10.0858;10.0221;10.0858;10.0623;34408
2015.10.02;20:00:00;10.1104;10.0827;10.09305;10.086;17671
2015.10.05;00:00:00;10.1036;10.08125;10.1026;10.0904;8039
2015.10.05;04:00:00;10.109;10.09;10.1004;10.1025;7330
2015.10.05;08:00:00;10.1129;10.059;10.0639;10.1004;20966
2015.10.05;12:00:00;10.0963;10.0483;10.093;10.0638;23443
2015.10.05;16:00:00;10.1172;10.0836;10.1073;10.0929;24784
2015.10.05;20:00:00;10.1188;10.0965;10.0978;10.1073;9336
2015.10.06;00:00:00;10.1041;10.0921;10.0969;10.0979;5540
2015.10.06;04:00:00;10.1218;10.097;10.117;10.097;6317
2015.10.06;08:00:00;10.1209;10.0717;10.0987;10.117;17103
2015.10.06;12:00:00;10.1064;10.0731;10.1015;10.0988;18564
2015.10.06;16:00:00;10.1101;10.0699;10.0856;10.1016;23434
2015.10.06;20:00:00;10.0895;10.0732;10.0769;10.0855;11065
2015.10.07;00:00:00;10.0874;10.0705;10.084;10.0752;5309
2015.10.07;04:00:00;10.0992;10.0747;10.0939;10.084;8615
2015.10.07;08:00:00;10.164;10.0934;10.1527;10.094;19284
2015.10.07;12:00:00;10.1608;10.1279;10.1522;10.1527;19976
2015.10.07;16:00:00;10.1732;10.1407;10.1629;10.1522;25052
2015.10.07;20:00:00;10.1712;10.1515;10.1678;10.163;11973
2015.10.08;00:00:00;10.1688;10.1606;10.1654;10.1678;4615
2015.10.08;04:00:00;10.1655;10.1371;10.1429;10.1654;6147
2015.10.08;08:00:00;10.1578;10.1114;10.1233;10.143;17621
2015.10.08;12:00:00;10.1508;10.1103;10.1239;10.1236;24713
2015.10.08;16:00:00;10.1389;10.1124;10.133;10.1238;21539
2015.10.08;20:00:00;10.1633;10.1181;10.1503;10.1328;18452
2015.10.09;00:00:00;10.1539;10.1412;10.152;10.1501;6074
2015.10.09;04:00:00;10.1684;10.1511;10.1606;10.1519;6349
2015.10.09;08:00:00;10.1684;10.1027;10.1194;10.1606;19657
2015.10.09;12:00:00;10.1273;10.0562;10.0683;10.1193;24620
2015.10.09;16:00:00;10.0804;10.0396;10.0476;10.0682;22491
2015.10.09;20:00:00;10.0737;10.0446;10.0511;10.0479;9593
2015.10.12;00:00:00;10.061;10.0459;10.052;10.04735;6119
2015.10.12;04:00:00;10.0598;10.0517;10.057;10.0521;5057
2015.10.12;08:00:00;10.0763;10.05229;10.0593;10.0571;11499
2015.10.12;12:00:00;10.0844;10.0449;10.0809;10.0593;14290
2015.10.12;16:00:00;10.0838;10.0611;10.0693;10.081;14978
2015.10.12;20:00:00;10.0804;10.0659;10.0799;10.0695;7014
2015.10.13;00:00:00;10.0817;10.058;10.0668;10.0804;5135
2015.10.13;04:00:00;10.0674;10.05;10.0526;10.0668;5608
2015.10.13;08:00:00;10.0897;9.9789;9.9906;10.0527;20577
2015.10.13;12:00:00;10.0045;9.9555;9.9654;9.9907;21164
2015.10.13;16:00:00;10.0042;9.9578;9.9862;9.9654;21246
2015.10.13;20:00:00;10.0025;9.9832;9.9953;9.9861;9092
2015.10.14;00:00:00;10.0022;9.9872;9.9873;9.9953;4184
2015.10.14;04:00:00;10.0154;9.9847;10.0101;9.9871;6160
2015.10.14;08:00:00;10.0502;9.98;10.0491;10.0102;18576
2015.10.14;12:00:00;10.0621;10.0275;10.049;10.0493;22272
2015.10.14;16:00:00;10.0784;10.0472;10.075;10.0491;22603
2015.10.14;20:00:00;10.0798;10.0563;10.0631;10.075;13056
2015.10.15;00:00:00;10.0671;10.0559;10.0651;10.0628;6251
2015.10.15;04:00:00;10.0693;10.0489;10.0535;10.065;7214
2015.10.15;08:00:00;10.1038;10.0486;10.0961;10.0536;19284
2015.10.15;12:00:00;10.1194;10.0849;10.1125;10.0959;22788
2015.10.15;16:00:00;10.1426;10.1062;10.1399;10.1125;26671
2015.10.15;20:00:00;10.1595;10.1207;10.1207;10.14;9900
2015.10.16;00:00:00;10.1571;10.1118;10.1534;10.12225;6831
2015.10.16;04:00:00;10.155;10.1386;10.1386;10.1533;4716
2015.10.16;08:00:00;10.1577;10.1333;10.1438;10.1387;14105
2015.10.16;12:00:00;10.1644;10.1352;10.1395;10.1439;17821
2015.10.16;16:00:00;10.1455;10.1208;10.1235;10.1396;20110
2015.10.16;20:00:00;10.1473;10.1212;10.1465;10.1235;9302
2015.10.19;00:00:00;10.1416;10.12;10.1235;10.13345;4995
2015.10.19;04:00:00;10.1428;10.1157;10.1354;10.1236;5945
2015.10.19;08:00:00;10.163;10.1249;10.1535;10.1353;14016
2015.10.19;12:00:00;10.209;10.1537;10.1904;10.1537;17629
2015.10.19;16:00:00;10.211;10.1792;10.1924;10.1903;16304
2015.10.19;20:00:00;10.1937;10.1809;10.1821;10.1925;7278
2015.10.20;00:00:00;10.1892;10.17583;10.1826;10.1822;4822
2015.10.20;04:00:00;10.1872;10.1778;10.1868;10.1824;3267
2015.10.20;08:00:00;10.1979;10.1581;10.1614;10.1868;13172
2015.10.20;12:00:00;10.1742;10.138;10.159;10.1614;17197
2015.10.20;16:00:00;10.1774;10.1542;10.1572;10.1591;16409
2015.10.20;20:00:00;10.166;10.1519;10.1531;10.1571;7656
2015.10.21;00:00:00;10.1548;10.1356;10.1398;10.1533;3917
2015.10.21;04:00:00;10.1435;10.1356;10.1403;10.1399;3877
2015.10.21;08:00:00;10.1438;10.1155;10.1371;10.14;14989
2015.10.21;12:00:00;10.1688;10.1368;10.145;10.137;16475
2015.10.21;16:00:00;10.1719;10.1427;10.1505;10.145;16552
2015.10.21;20:00:00;10.1518;10.1362;10.1386;10.1505;9215
2015.10.22;00:00:00;10.1502;10.1357;10.1467;10.1387;3833
2015.10.22;04:00:00;10.1503;10.1409;10.1495;10.1469;6252
2015.10.22;08:00:00;10.2226;10.1462;10.2011;10.1494;16217
2015.10.22;12:00:00;10.2872;10.1834;10.2759;10.2014;23544
2015.10.22;16:00:00;10.3133;10.2571;10.3026;10.2758;29999
2015.10.22;20:00:00;10.342;10.3029;10.3352;10.3029;11138
2015.10.23;00:00:00;10.359;10.3274;10.3512;10.3349;8555
2015.10.23;04:00:00;10.3533;10.3356;10.3406;10.3511;7614
2015.10.23;08:00:00;10.3557;10.3126;10.3241;10.3407;18173
2015.10.23;12:00:00;10.4044;10.3142;10.3831;10.324;23101
2015.10.23;16:00:00;10.3966;10.3578;10.3882;10.383;22986
2015.10.23;20:00:00;10.3967;10.3616;10.3618;10.3884;11323
2015.10.25;23:00:00;10.3808;10.3659;10.3704;10.3808;1780
2015.10.26;00:00:00;10.3744;10.3594;10.3636;10.3705;8258
2015.10.26;04:00:00;10.3678;10.3588;10.3623;10.3635;5028
2015.10.26;08:00:00;10.3847;10.3419;10.3832;10.362;16431
2015.10.26;12:00:00;10.3904;10.3609;10.3705;10.3833;17752
2015.10.26;16:00:00;10.3907;10.3578;10.3676;10.3706;20014
2015.10.26;20:00:00;10.3754;10.3527;10.3568;10.3676;6509
2015.10.27;00:00:00;10.3658;10.3505;10.3632;10.3569;4259
2015.10.27;04:00:00;10.3631;10.3468;10.3503;10.3631;5912
2015.10.27;08:00:00;10.3718;10.3351;10.3543;10.3504;15028
2015.10.27;12:00:00;10.3614;10.3345;10.3425;10.3543;20786
2015.10.27;16:00:00;10.3544;10.3204;10.3424;10.3421;19089
2015.10.27;20:00:00;10.3457;10.3253;10.3323;10.3425;7488
2015.10.28;00:00:00;10.3559;10.3319;10.3524;10.3327;8316
2015.10.28;04:00:00;10.3554;10.342;10.3435;10.3523;4627
2015.10.28;08:00:00;10.3508;10.324;10.3322;10.3435;14038
2015.10.28;12:00:00;10.3325;10.2879;10.2992;10.332;18797
2015.10.28;16:00:00;10.3338;10.2986;10.3214;10.2992;20380
2015.10.28;20:00:00;10.4376;10.3192;10.42;10.3205;26200
2015.10.29;00:00:00;10.4386;10.4152;10.4283;10.41971;12339
2015.10.29;04:00:00;10.4282;10.4068;10.4079;10.4282;6235
2015.10.29;08:00:00;10.4242;10.3755;10.3867;10.4078;18836
2015.10.29;12:00:00;10.4189;10.3674;10.4006;10.3866;22640
2015.10.29;16:00:00;10.4169;10.3867;10.4025;10.4009;19512
2015.10.29;20:00:00;10.4144;10.3916;10.3922;10.4021;7796
2015.10.30;00:00:00;10.4126;10.3899;10.4051;10.3915;7167
2015.10.30;04:00:00;10.4152;10.3937;10.4039;10.4052;10938
2015.10.30;08:00:00;10.4168;10.3749;10.3903;10.4039;18580
2015.10.30;12:00:00;10.4029;10.364;10.3708;10.3906;20852
2015.10.30;16:00:00;10.4683;10.3574;10.4541;10.3704;24170
2015.10.30;20:00:00;10.4672;10.4496;10.454;10.454;9344
2015.11.02;00:00:00;10.4479;10.4274;10.4319;10.43955;8229
2015.11.02;04:00:00;10.4357;10.4247;10.4296;10.4318;4503
2015.11.02;08:00:00;10.4918;10.4162;10.4854;10.4297;17237
2015.11.02;12:00:00;10.49;10.4367;10.4378;10.4857;16193
2015.11.02;16:00:00;10.4554;10.4082;10.4346;10.4379;18543
2015.11.02;20:00:00;10.4412;10.4252;10.435;10.4345;6696
2015.11.03;00:00:00;10.4461;10.43114;10.4422;10.4344;5295
2015.11.03;04:00:00;10.4439;10.4346;10.4376;10.4422;4904
2015.11.03;08:00:00;10.4678;10.4317;10.4606;10.4377;14465
2015.11.03;12:00:00;10.4802;10.4486;10.4547;10.4607;16788
2015.11.03;16:00:00;10.4995;10.4536;10.4922;10.4548;20035
2015.11.03;20:00:00;10.504;10.4831;10.4864;10.4922;10230
2015.11.04;00:00:00;10.5049;10.4838;10.5039;10.4862;6704
2015.11.04;04:00:00;10.5101;10.4954;10.4972;10.5038;4804
2015.11.04;08:00:00;10.5413;10.4972;10.5385;10.4972;15375
2015.11.04;12:00:00;10.5394;10.5086;10.5293;10.5386;15949
2015.11.04;16:00:00;10.573;10.5244;10.5595;10.5294;25393
2015.11.04;20:00:00;10.5696;10.5545;10.5567;10.5596;9069
2015.11.05;00:00:00;10.5655;10.552;10.5527;10.5565;6444
2015.11.05;04:00:00;10.5595;10.548;10.553;10.5528;4673
2015.11.05;08:00:00;10.5898;10.5362;10.5567;10.553;16643
2015.11.05;12:00:00;10.5751;10.4351;10.444;10.5568;25314
2015.11.05;16:00:00;10.4803;10.4313;10.4429;10.4438;23799
2015.11.05;20:00:00;10.4435;10.4173;10.421;10.4431;8718
2015.11.06;00:00:00;10.4313;10.4192;10.4255;10.4213;4598
2015.11.06;04:00:00;10.4298;10.4159;10.422;10.4254;5141
2015.11.06;08:00:00;10.4263;10.39895;10.40305;10.4221;17216
2015.11.06;12:00:00;10.4898;10.3624;10.4527;10.40325;24735
2015.11.06;16:00:00;10.4839;10.4408;10.4456;10.4526;29180
2015.11.06;20:00:00;10.4554;10.4342;10.4413;10.4457;9146
2015.11.09;00:00:00;10.467;10.44145;10.4522;10.4554;7322
2015.11.09;04:00:00;10.4558;10.4352;10.445;10.4521;6471
2015.11.09;08:00:00;10.4519;10.4248;10.4346;10.4449;15704
2015.11.09;12:00:00;10.4821;10.4332;10.4758;10.4347;19662
2015.11.09;16:00:00;10.4924;10.4633;10.4785;10.4759;23414
2015.11.09;20:00:00;10.4911;10.4728;10.4856;10.4784;8023
2015.11.10;00:00:00;10.4903;10.4783;10.4889;10.4855;5794
2015.11.10;04:00:00;10.4911;10.4823;10.4844;10.489;5046
2015.11.10;08:00:00;10.4965;10.4639;10.4942;10.4842;16285
2015.11.10;12:00:00;10.547;10.4856;10.5393;10.4942;21266
2015.11.10;16:00:00;10.5526;10.5272;10.5275;10.5396;20391
2015.11.10;20:00:00;10.5333;10.5106;10.5137;10.5276;9876
2015.11.11;00:00:00;10.5369;10.5083;10.5251;10.5128;8643
2015.11.11;04:00:00;10.5273;10.5077;10.5133;10.5246;8707
2015.11.11;08:00:00;10.5363;10.4984;10.5078;10.5132;17202
2015.11.11;12:00:00;10.5761;10.5072;10.5561;10.5078;17176
2015.11.11;16:00:00;10.5804;10.5353;10.5654;10.5559;20151
2015.11.11;20:00:00;10.5732;10.5602;10.561;10.5654;6834
2015.11.12;00:00:00;10.5611;10.5435;10.5511;10.561;9799
2015.11.12;04:00:00;10.5569;10.5452;10.5544;10.5508;7415
2015.11.12;08:00:00;10.593;10.5363;10.573;10.5545;19170
2015.11.12;12:00:00;10.5781;10.5477;10.5625;10.5729;20149
2015.11.12;16:00:00;10.5648;10.5017;10.5256;10.5625;31824
2015.11.12;20:00:00;10.5385;10.4908;10.5045;10.5255;13718
2015.11.13;00:00:00;10.5242;10.5001;10.5212;10.5045;8479
2015.11.13;04:00:00;10.5229;10.5086;10.5167;10.5214;6584
2015.11.13;08:00:00;10.5624;10.5153;10.5557;10.5168;16266
2015.11.13;12:00:00;10.581;10.5071;10.5795;10.5558;23611
2015.11.13;16:00:00;10.5922;10.5467;10.5738;10.5796;22931
2015.11.13;20:00:00;10.5848;10.5491;10.5502;10.5739;10121
2015.11.16;00:00:00;10.621;10.5656;10.5926;10.5775;11896
2015.11.16;04:00:00;10.5928;10.5775;10.5811;10.5926;5408
2015.11.16;08:00:00;10.5863;10.5363;10.5662;10.5812;18305
2015.11.16;12:00:00;10.5833;10.5513;10.5675;10.5665;16981
2015.11.16;16:00:00;10.6145;10.5639;10.6124;10.5675;20162
2015.11.16;20:00:00;10.625;10.6083;10.6128;10.6124;8394
2015.11.17;00:00:00;10.6274;10.6067;10.6243;10.6113;6894
2015.11.17;04:00:00;10.628;10.6123;10.6152;10.6243;6423
2015.11.17;08:00:00;10.6399;10.6086;10.6361;10.6153;18857
2015.11.17;12:00:00;10.6479;10.6256;10.6431;10.6361;17959
2015.11.17;16:00:00;10.6797;10.6315;10.6614;10.6431;22729
2015.11.17;20:00:00;10.666;10.6507;10.6611;10.6616;12454
2015.11.18;00:00:00;10.6698;10.65744;10.6621;10.6614;7742
2015.11.18;04:00:00;10.6625;10.6479;10.6514;10.6621;5282
2015.11.18;08:00:00;10.6576;10.6255;10.6379;10.6513;17341
2015.11.18;12:00:00;10.6501;10.6296;10.6431;10.6379;16970
2015.11.18;16:00:00;10.672;10.6276;10.6645;10.6431;19672
2015.11.18;20:00:00;10.6792;10.6527;10.6593;10.6644;16444
2015.11.19;00:00:00;10.6643;10.642;10.6495;10.6593;8709
2015.11.19;04:00:00;10.6541;10.6402;10.6451;10.6495;8889
2015.11.19;08:00:00;10.6817;10.6304;10.6458;10.6452;18134
2015.11.19;12:00:00;10.6695;10.6257;10.6593;10.6457;20361
2015.11.19;16:00:00;10.6622;10.6146;10.6372;10.6594;26661
2015.11.19;20:00:00;10.6409;10.6204;10.6255;10.6374;8585
2015.11.20;00:00:00;10.6369;10.6194;10.6331;10.6252;6453
2015.11.20;04:00:00;10.6471;10.6299;10.6319;10.6331;6745
2015.11.20;08:00:00;10.6776;10.6273;10.6729;10.6321;17988
2015.11.20;12:00:00;10.6784;10.6278;10.6296;10.6731;17818
2015.11.20;16:00:00;10.6504;10.6246;10.64;10.6297;19986
2015.11.20;20:00:00;10.6481;10.6328;10.6368;10.6401;9041
2015.11.23;00:00:00;10.6632;10.6306;10.6602;10.63148;8255
2015.11.23;04:00:00;10.6669;10.6555;10.6585;10.6605;8890
2015.11.23;08:00:00;10.6603;10.6273;10.6362;10.6585;18550
2015.11.23;12:00:00;10.6409;10.6106;10.6228;10.636;18553
2015.11.23;16:00:00;10.6494;10.6219;10.6251;10.6229;23200
2015.11.23;20:00:00;10.6323;10.6023;10.6056;10.6249;8452
2015.11.24;00:00:00;10.6122;10.6021;10.6069;10.6065;6641
2015.11.24;04:00:00;10.6279;10.6045;10.6201;10.607;5311
2015.11.24;08:00:00;10.6326;10.5746;10.6007;10.6198;16859
2015.11.24;12:00:00;10.6046;10.5426;10.5472;10.6008;22458
2015.11.24;16:00:00;10.5689;10.5351;10.559;10.5472;23302
2015.11.24;20:00:00;10.5756;10.5528;10.5681;10.5589;10385
2015.11.25;00:00:00;10.5732;10.5559;10.5562;10.5687;7143
2015.11.25;04:00:00;10.5723;10.5507;10.5702;10.5561;8602
2015.11.25;08:00:00;10.6061;10.5358;10.5973;10.5701;20577
2015.11.25;12:00:00;10.6511;10.5883;10.6451;10.5974;24785
2015.11.25;16:00:00;10.6504;10.597;10.6117;10.6451;23334
2015.11.25;20:00:00;10.6371;10.6117;10.6201;10.6117;9109
2015.11.26;00:00:00;10.6262;10.6073;10.6203;10.6202;8336
2015.11.26;04:00:00;10.625;10.6163;10.6188;10.6204;4784
2015.11.26;08:00:00;10.6266;10.589;10.5989;10.6189;13450
2015.11.26;12:00:00;10.6172;10.589;10.6164;10.5988;13830
2015.11.26;16:00:00;10.6316;10.6118;10.6189;10.6166;9987
2015.11.26;20:00:00;10.6246;10.6118;10.6144;10.6189;14983
2015.11.27;00:00:00;10.6268;10.6143;10.6147;10.6146;6844
2015.11.27;04:00:00;10.6147;10.6038;10.6061;10.6146;6063
2015.11.27;08:00:00;10.6075;10.5796;10.5956;10.6063;19893
2015.11.27;12:00:00;10.6194;10.5821;10.6103;10.5956;18149
2015.11.27;16:00:00;10.6194;10.5778;10.5897;10.6103;15724
2015.11.27;20:00:00;10.5941;10.5798;10.5846;10.5898;11478
2015.11.30;00:00:00;10.6031;10.5793;10.5916;10.5889;7707
2015.11.30;04:00:00;10.5945;10.5849;10.591;10.5915;4222
2015.11.30;08:00:00;10.6055;10.5792;10.5812;10.5911;15015
2015.11.30;12:00:00;10.5998;10.5771;10.5934;10.5811;17569
2015.11.30;16:00:00;10.6353;10.588;10.6192;10.5933;20496
2015.11.30;20:00:00;10.6332;10.618;10.6294;10.6193;8732
2015.12.01;00:00:00;10.6373;10.6223;10.6328;10.6293;7259
2015.12.01;04:00:00;10.644;10.6253;10.6434;10.6328;10664
2015.12.01;08:00:00;10.6444;10.6035;10.6171;10.6433;17544
2015.12.01;12:00:00;10.6303;10.5904;10.594;10.6172;14965
2015.12.01;16:00:00;10.5952;10.5782;10.5903;10.5941;23473
2015.12.01;20:00:00;10.5904;10.5759;10.5785;10.5899;8539
2015.12.02;00:00:00;10.5863;10.5751;10.5842;10.5782;6258
2015.12.02;04:00:00;10.5879;10.5794;10.5861;10.5842;5060
2015.12.02;08:00:00;10.5929;10.5506;10.5611;10.5862;15614
2015.12.02;12:00:00;10.6097;10.5581;10.5687;10.5657;19960
2015.12.02;16:00:00;10.57;10.5098;10.5198;10.5685;28249
2015.12.02;20:00:00;10.5241;10.4866;10.503;10.5197;16229
2015.12.03;00:00:00;10.5139;10.4945;10.5045;10.5118;6332
2015.12.03;04:00:00;10.5132;10.5028;10.511;10.5045;6916
2015.12.03;08:00:00;10.5525;10.50746;10.5441;10.511;17962
2015.12.03;12:00:00;10.5703;10.3005;10.3632;10.5442;39994
2015.12.03;16:00:00;10.3894;10.2972;10.3308;10.3633;41113
2015.12.03;20:00:00;10.3304;10.2849;10.3237;10.3304;23927
2015.12.04;00:00:00;10.3472;10.313;10.3411;10.3236;13623
2015.12.04;04:00:00;10.3443;10.3098;10.3114;10.341;10167
2015.12.04;08:00:00;10.3695;10.3072;10.3576;10.3114;25419
2015.12.04;12:00:00;10.3872;10.31143;10.3178;10.3577;29402
2015.12.04;16:00:00;10.3817;10.3066;10.3619;10.3179;35882
2015.12.04;20:00:00;10.3786;10.3514;10.355;10.3619;12290
2015.12.07;00:00:00;10.3687;10.3465;10.363;10.36008;6762
2015.12.07;04:00:00;10.3727;10.3622;10.3672;10.3629;4888
2015.12.07;08:00:00;10.3986;10.3588;10.3884;10.3671;16470
2015.12.07;12:00:00;10.4115;10.3837;10.3956;10.3883;16416
2015.12.07;16:00:00;10.4032;10.3494;10.3529;10.3958;25409
2015.12.07;20:00:00;10.3681;10.343;10.3606;10.3528;11601
2015.12.08;00:00:00;10.3649;10.3467;10.3497;10.3606;6156
2015.12.08;04:00:00;10.3501;10.3312;10.3314;10.3497;5955
2015.12.08;08:00:00;10.3405;10.3042;10.3142;10.3314;18129
2015.12.08;12:00:00;10.3244;10.2468;10.247;10.3143;22808
2015.12.08;16:00:00;10.296;10.2468;10.2807;10.2469;24249
2015.12.08;20:00:00;10.2824;10.2688;10.2775;10.2808;11794
2015.12.09;00:00:00;10.2908;10.27;10.277;10.2774;5575
2015.12.09;04:00:00;10.2786;10.2535;10.2666;10.277;6748
2015.12.09;08:00:00;10.2854;10.2552;10.2689;10.2665;18552
2015.12.09;12:00:00;10.2954;10.2629;10.2738;10.2689;20931
2015.12.09;16:00:00;10.332;10.2692;10.2832;10.2736;31930
2015.12.09;20:00:00;10.2873;10.2564;10.2872;10.2834;24013
2015.12.10;00:00:00;10.2881;10.26798;10.2855;10.28;11946
2015.12.10;04:00:00;10.2913;10.2769;10.2912;10.2854;5333
2015.12.10;08:00:00;10.3323;10.2889;10.3237;10.291;17794
2015.12.10;12:00:00;10.3535;10.2879;10.3058;10.3236;26961
2015.12.10;16:00:00;10.3546;10.3053;10.3357;10.3059;27585
2015.12.10;20:00:00;10.3469;10.3264;10.3348;10.3356;10756
2015.12.11;00:00:00;10.3405;10.3273;10.3338;10.3351;8556
2015.12.11;04:00:00;10.3342;10.3198;10.3207;10.3339;3986
2015.12.11;08:00:00;10.3289;10.2986;10.3166;10.3207;16665
2015.12.11;12:00:00;10.3362;10.2867;10.3285;10.3166;25490
2015.12.11;16:00:00;10.3491;10.2975;10.3245;10.3285;36982
2015.12.11;20:00:00;10.3479;10.3188;10.3276;10.3246;14151
2015.12.14;00:00:00;10.3343;10.3174;10.3343;10.3314;8134
2015.12.14;04:00:00;10.3445;10.3235;10.3391;10.3344;7932
2015.12.14;08:00:00;10.3499;10.3117;10.3248;10.3392;19334
2015.12.14;12:00:00;10.3348;10.2654;10.2796;10.3252;25990
2015.12.14;16:00:00;10.289;10.2172;10.2551;10.2797;36086
2015.12.14;20:00:00;10.2807;10.245;10.2753;10.2552;15454
2015.12.15;00:00:00;10.2946;10.2696;10.2704;10.2748;9745
2015.12.15;04:00:00;10.2805;10.2603;10.2611;10.2705;6777
2015.12.15;08:00:00;10.2724;10.2161;10.2559;10.2611;21203
2015.12.15;12:00:00;10.3112;10.2442;10.3112;10.256;26043
2015.12.15;16:00:00;10.3385;10.2616;10.2832;10.3115;31718
2015.12.15;20:00:00;10.2835;10.2829;10.2832;10.2831;24
