DATE;TIME;HIGH;LOW;CLOSE;OPEN;VOLUME
2015.04.27;12:00:00;180.725;180.293;180.625;180.501;31366
2015.04.27;16:00:00;181.569;180.541;181.304;180.626;41404
2015.04.27;20:00:00;181.506;181.204;181.353;181.304;20582
2015.04.28;00:00:00;181.478;181.232;181.444;181.353;14204
2015.04.28;04:00:00;181.5;181.239;181.42;181.445;14283
2015.04.28;08:00:00;181.595;180.679;181.062;181.419;33263
2015.04.28;12:00:00;182.11;180.973;181.878;181.062;40092
2015.04.28;16:00:00;182.216;181.836;182.143;181.879;44258
2015.04.28;20:00:00;182.399;182.062;182.28;182.143;20811
2015.04.29;00:00:00;182.34;182.107;182.238;182.278;11427
2015.04.29;04:00:00;182.349;182.161;182.265;182.235;12226
2015.04.29;08:00:00;183.523;182.234;183.427;182.266;32880
2015.04.29;12:00:00;183.517;182.993;183.339;183.427;44862
2015.04.29;16:00:00;184.111;183.148;183.481;183.339;58361
2015.04.29;20:00:00;183.782;183.12;183.691;183.477;39279
2015.04.30;00:00:00;183.885;183.442;183.659;183.693;15665
2015.04.30;04:00:00;183.704;182.786;182.946;183.659;25969
2015.04.30;08:00:00;184.144;182.574;183.721;182.946;48030
2015.04.30;12:00:00;183.857;183.091;183.415;183.721;49171
2015.04.30;16:00:00;184.129;183.136;183.45;183.415;56537
2015.04.30;20:00:00;183.458;183.094;183.24;183.449;27037
2015.05.01;00:00:00;183.738;183.19;183.673;183.214;10452
2015.05.01;04:00:00;183.709;183.502;183.618;183.681;11165
2015.05.01;08:00:00;184.46;183.157;183.157;183.617;26089
2015.05.01;12:00:00;183.48;182.476;182.695;183.157;28446
2015.05.01;16:00:00;182.877;181.767;181.775;182.695;44481
2015.05.01;20:00:00;182.195;181.776;181.897;181.777;17591
2015.05.04;00:00:00;182.28;181.84;181.994;181.988;11492
2015.05.04;04:00:00;182.109;181.884;181.939;181.992;11453
2015.05.04;08:00:00;182.113;181.629;181.963;181.939;28408
2015.05.04;12:00:00;182.041;181.453;181.881;181.966;32192
2015.05.04;16:00:00;181.921;181.472;181.687;181.88;35500
2015.05.04;20:00:00;181.709;181.396;181.6;181.688;16566
2015.05.05;00:00:00;181.692;181.531;181.663;181.578;8529
2015.05.05;04:00:00;181.741;181.47;181.509;181.663;10815
2015.05.05;08:00:00;182.04;181.435;181.904;181.508;34637
2015.05.05;12:00:00;182.473;181.731;182.044;181.905;41054
2015.05.05;16:00:00;182.778;181.812;182.192;182.047;51580
2015.05.05;20:00:00;182.291;181.709;181.887;182.197;21469
2015.05.06;00:00:00;181.983;181.823;181.967;181.89;11450
2015.05.06;04:00:00;182.454;181.943;182.42;181.967;14371
2015.05.06;08:00:00;182.502;181.434;181.717;182.421;40405
2015.05.06;12:00:00;182.518;181.631;182.054;181.715;47313
2015.05.06;16:00:00;182.434;181.875;182.164;182.052;53159
2015.05.06;20:00:00;182.27;181.844;182.064;182.168;22312
2015.05.07;00:00:00;182.185;181.786;181.91;182.063;14650
2015.05.07;04:00:00;182.26;181.871;182.059;181.912;19754
2015.05.07;08:00:00;182.255;180.94;181.269;182.051;39353
2015.05.07;12:00:00;181.818;181.129;181.663;181.272;49796
2015.05.07;16:00:00;182.368;181.004;182.222;181.668;50386
2015.05.07;20:00:00;182.987;182.206;182.484;182.222;22663
2015.05.08;00:00:00;184.875;182.278;184.523;182.484;23859
2015.05.08;04:00:00;186.027;184.502;185.936;184.523;28337
2015.05.08;08:00:00;186.036;184.938;185.844;185.937;44829
2015.05.08;12:00:00;185.853;184.463;184.759;185.844;43490
2015.05.08;16:00:00;185.223;184.13;184.95;184.765;53192
2015.05.08;20:00:00;185.203;184.831;184.854;184.95;16279
2015.05.11;00:00:00;185.108;184.647;184.681;184.737;13290
2015.05.11;04:00:00;184.93;184.675;184.814;184.681;16255
2015.05.11;08:00:00;185.121;184.622;184.769;184.822;31275
2015.05.11;12:00:00;186.029;184.562;186.029;184.766;36491
2015.05.11;16:00:00;187.376;185.811;187.056;186.036;43976
2015.05.11;20:00:00;187.386;187.02;187.123;187.057;17634
2015.05.12;00:00:00;187.254;186.939;186.988;187.125;13872
2015.05.12;04:00:00;187.261;186.937;187.198;186.988;16381
2015.05.12;08:00:00;187.842;186.717;187.646;187.198;38121
2015.05.12;12:00:00;188.365;187.64;187.982;187.646;44935
2015.05.12;16:00:00;188.206;187.636;188.144;187.984;38856
2015.05.12;20:00:00;188.208;187.765;187.765;188.145;18585
2015.05.13;00:00:00;188.06;187.557;187.724;187.765;12221
2015.05.13;04:00:00;188.171;187.565;188.016;187.726;19399
2015.05.13;08:00:00;188.59;187.673;188.349;188.016;33232
2015.05.13;12:00:00;188.527;187.09;187.355;188.353;46873
2015.05.13;16:00:00;187.712;187.015;187.46;187.357;45752
2015.05.13;20:00:00;187.603;187.367;187.578;187.467;18885
2015.05.14;00:00:00;187.729;187.438;187.655;187.579;13801
2015.05.14;04:00:00;187.784;187.573;187.709;187.651;18548
2015.05.14;08:00:00;187.993;187.347;187.887;187.709;36489
2015.05.14;12:00:00;188.516;187.85;188.092;187.886;35670
2015.05.14;16:00:00;188.107;187.647;187.705;188.09;40286
2015.05.14;20:00:00;188.079;187.68;187.95;187.706;17138
2015.05.15;00:00:00;188.175;187.875;188.152;187.911;15701
2015.05.15;04:00:00;188.394;188.113;188.265;188.155;17014
2015.05.15;08:00:00;188.603;188.059;188.199;188.264;36501
2015.05.15;12:00:00;188.579;188.078;188.426;188.2;34615
2015.05.15;16:00:00;188.536;188.081;188.193;188.427;47492
2015.05.15;20:00:00;188.195;187.646;187.734;188.186;20313
2015.05.18;00:00:00;188.141;187.573;188.08;187.673;11006
2015.05.18;04:00:00;188.166;187.99;188.12;188.078;16035
2015.05.18;08:00:00;188.262;187.404;187.464;188.119;31481
2015.05.18;12:00:00;187.818;187.291;187.616;187.463;31760
2015.05.18;16:00:00;188.173;187.47;187.849;187.617;35361
2015.05.18;20:00:00;187.941;187.661;187.761;187.847;20892
2015.05.19;00:00:00;187.875;187.645;187.67;187.764;13256
2015.05.19;04:00:00;187.778;187.501;187.747;187.669;16650
2015.05.19;08:00:00;187.963;186.374;186.607;187.756;42077
2015.05.19;12:00:00;186.639;185.949;186.255;186.608;43727
2015.05.19;16:00:00;187.213;186.235;186.953;186.255;48034
2015.05.19;20:00:00;187.223;186.913;187.173;186.953;20162
2015.05.20;00:00:00;187.424;187.039;187.413;187.206;16311
2015.05.20;04:00:00;187.639;187.374;187.535;187.412;19961
2015.05.20;08:00:00;187.914;187.125;187.47;187.535;41943
2015.05.20;12:00:00;188.118;187.419;188.08;187.47;40974
2015.05.20;16:00:00;188.603;187.964;188.502;188.081;45814
2015.05.20;20:00:00;188.53;188.032;188.455;188.502;34461
2015.05.21;00:00:00;188.544;188.168;188.275;188.445;14667
2015.05.21;04:00:00;188.484;188.232;188.258;188.275;19224
2015.05.21;08:00:00;189.44;187.939;189.279;188.258;41089
2015.05.21;12:00:00;190.01;189.211;189.809;189.276;45907
2015.05.21;16:00:00;189.975;189.54;189.733;189.81;44326
2015.05.21;20:00:00;189.791;189.431;189.507;189.729;19500
2015.05.22;00:00:00;189.651;189.448;189.513;189.509;16659
2015.05.22;04:00:00;189.577;189.227;189.297;189.517;20499
2015.05.22;08:00:00;189.464;188.886;189.114;189.279;29471
2015.05.22;12:00:00;189.35;188.633;188.755;189.113;45329
2015.05.22;16:00:00;188.753;187.949;188.135;188.753;39727
2015.05.22;20:00:00;188.345;187.927;188.127;188.124;20300
2015.05.25;00:00:00;188.38;187.883;188.242;187.883;13891
2015.05.25;04:00:00;188.358;188.214;188.238;188.243;13561
2015.05.25;08:00:00;188.598;188.128;188.292;188.239;22958
2015.05.25;12:00:00;188.44;187.804;187.856;188.292;19457
2015.05.25;16:00:00;187.928;187.787;187.901;187.857;14901
2015.05.25;20:00:00;188.048;187.865;188.014;187.901;12513
2015.05.26;00:00:00;188.197;187.919;188.084;187.987;13869
2015.05.26;04:00:00;188.277;187.876;188.254;188.084;18771
2015.05.26;08:00:00;189.152;188.147;189.134;188.254;45763
2015.05.26;12:00:00;189.533;188.721;189.488;189.132;43479
2015.05.26;16:00:00;189.656;189.171;189.218;189.485;50479
2015.05.26;20:00:00;189.481;189.143;189.338;189.215;21282
2015.05.27;00:00:00;189.432;189.218;189.325;189.298;11106
2015.05.27;04:00:00;189.626;189.28;189.596;189.325;20095
2015.05.27;08:00:00;189.801;189.378;189.527;189.597;36619
2015.05.27;12:00:00;190.339;189.499;189.8;189.526;48533
2015.05.27;16:00:00;189.896;189.38;189.814;189.799;51656
2015.05.27;20:00:00;190.051;189.75;189.801;189.813;25208
2015.05.28;00:00:00;189.97;189.708;189.845;189.742;12763
2015.05.28;04:00:00;190.703;189.684;190.344;189.845;28262
2015.05.28;08:00:00;190.523;189.851;189.944;190.344;41538
2015.05.28;12:00:00;190.169;189.533;189.749;189.946;43055
2015.05.28;16:00:00;190.113;189.421;189.476;189.748;48134
2015.05.28;20:00:00;189.968;189.268;189.797;189.479;25057
2015.05.29;00:00:00;189.916;189.461;189.557;189.787;14204
2015.05.29;04:00:00;189.76;189.464;189.722;189.556;17925
2015.05.29;08:00:00;189.996;189.173;189.205;189.722;36704
2015.05.29;12:00:00;189.503;188.684;189.358;189.205;47470
2015.05.29;16:00:00;189.592;188.996;189.514;189.354;50608
2015.05.29;20:00:00;189.828;189.504;189.727;189.515;18229
2015.06.01;00:00:00;189.932;189.52;189.71;189.713;12832
2015.06.01;04:00:00;189.851;189.627;189.693;189.709;17636
2015.06.01;08:00:00;189.982;188.844;188.962;189.693;33578
2015.06.01;12:00:00;189.099;188.531;188.876;188.964;40795
2015.06.01;16:00:00;189.689;188.852;189.619;188.879;50062
2015.06.01;20:00:00;189.836;189.595;189.63;189.62;21595
2015.06.02;00:00:00;189.832;189.496;189.746;189.63;18436
2015.06.02;04:00:00;190.002;189.447;189.525;189.745;20971
2015.06.02;08:00:00;189.885;189.114;189.765;189.525;40530
2015.06.02;12:00:00;190.488;189.637;189.979;189.759;48571
2015.06.02;16:00:00;190.524;189.835;190.465;189.98;56491
2015.06.02;20:00:00;190.503;190.221;190.374;190.476;22402
2015.06.03;00:00:00;190.447;190.144;190.363;190.374;16274
2015.06.03;04:00:00;190.411;190.117;190.229;190.364;19840
2015.06.03;08:00:00;190.792;189.519;189.84;190.229;39104
2015.06.03;12:00:00;190.407;189.72;190.263;189.84;42300
2015.06.03;16:00:00;190.7;190.038;190.643;190.263;55171
2015.06.03;20:00:00;190.678;190.395;190.568;190.648;16848
2015.06.04;00:00:00;190.636;190.376;190.571;190.57;13607
2015.06.04;04:00:00;190.901;190.509;190.763;190.57;16333
2015.06.04;08:00:00;191.017;189.815;190.982;190.764;45850
2015.06.04;12:00:00;191.537;190.81;191.361;190.984;47608
2015.06.04;16:00:00;191.683;190.893;191.524;191.361;49985
2015.06.04;20:00:00;191.551;190.972;191.011;191.523;23614
2015.06.05;00:00:00;191.317;190.94;191.195;191;21371
2015.06.05;04:00:00;191.248;191.048;191.17;191.197;14654
2015.06.05;08:00:00;191.263;190.752;190.92;191.166;38795
2015.06.05;12:00:00;191.649;190.566;191.437;190.924;42533
2015.06.05;16:00:00;191.735;191.054;191.7;191.436;56841
2015.06.05;20:00:00;191.942;191.653;191.758;191.699;19490
2015.06.08;00:00:00;191.851;191.467;191.549;191.558;9850
2015.06.08;04:00:00;191.626;191.25;191.529;191.546;17038
2015.06.08;08:00:00;191.763;190.851;190.936;191.533;39316
2015.06.08;12:00:00;191.389;190.67;191.079;190.936;32026
2015.06.08;16:00:00;191.472;190.956;191.409;191.08;42622
2015.06.08;20:00:00;191.468;190.756;191.022;191.409;27460
2015.06.09;00:00:00;191.25;191.017;191.122;191.022;13606
2015.06.09;04:00:00;191.246;191.014;191.16;191.124;18334
2015.06.09;08:00:00;191.161;189.977;190.025;191.157;43485
2015.06.09;12:00:00;190.163;189.513;190.1;190.024;49092
2015.06.09;16:00:00;191.073;189.789;191.016;190.1;47442
2015.06.09;20:00:00;191.349;190.984;191.249;191.016;19129
2015.06.10;00:00:00;191.542;191.176;191.426;191.249;14720
2015.06.10;04:00:00;191.603;189.29;189.629;191.424;24373
2015.06.10;08:00:00;189.966;188.963;189.331;189.629;53136
2015.06.10;12:00:00;190.708;189.306;190.205;189.331;47263
2015.06.10;16:00:00;190.904;190.147;190.358;190.206;54085
2015.06.10;20:00:00;190.625;190.248;190.441;190.357;23028
2015.06.11;00:00:00;190.692;190.283;190.663;190.441;17459
2015.06.11;04:00:00;190.942;190.398;190.907;190.663;20118
2015.06.11;08:00:00;191.133;190.372;191.056;190.907;40128
2015.06.11;12:00:00;191.662;190.943;191.342;191.056;43859
2015.06.11;16:00:00;191.937;191.203;191.552;191.342;45067
2015.06.11;20:00:00;191.664;191.44;191.447;191.554;19386
2015.06.12;00:00:00;191.774;191.447;191.606;191.468;15320
2015.06.12;04:00:00;191.777;191.226;191.424;191.606;15252
2015.06.12;08:00:00;192.033;191.27;191.55;191.424;35294
2015.06.12;12:00:00;191.944;191.361;191.63;191.549;40671
2015.06.12;16:00:00;192.202;191.352;191.881;191.634;46906
2015.06.12;20:00:00;192.199;191.836;192.067;191.877;16298
2015.06.15;00:00:00;192.031;191.367;192.003;191.517;9842
2015.06.15;04:00:00;192.028;191.712;191.823;191.999;14631
2015.06.15;08:00:00;191.979;191.648;191.719;191.827;34727
2015.06.15;12:00:00;191.749;191.4;191.629;191.719;34180
2015.06.15;16:00:00;192.4;191.434;192.331;191.627;33859
2015.06.15;20:00:00;192.61;192.233;192.51;192.331;18269
2015.06.16;00:00:00;192.628;192.414;192.448;192.514;12581
2015.06.16;04:00:00;193.074;192.377;192.899;192.448;19744
2015.06.16;08:00:00;193.143;192.081;192.105;192.899;33254
2015.06.16;12:00:00;193.13;192.052;192.725;192.105;36378
2015.06.16;16:00:00;192.986;192.648;192.923;192.725;29832
2015.06.16;20:00:00;193.123;192.885;192.982;192.922;11840
2015.06.17;00:00:00;193.106;192.964;193.015;192.983;11590
2015.06.17;04:00:00;193.122;192.946;193.103;193.013;14780
2015.06.17;08:00:00;194.841;193.097;194.735;193.103;34984
2015.06.17;12:00:00;195.219;194.639;195.167;194.734;37589
2015.06.17;16:00:00;195.334;194.942;195.265;195.167;36109
2015.06.17;20:00:00;195.639;194.992;195.376;195.264;42104
2015.06.18;00:00:00;195.826;195.292;195.445;195.371;17017
2015.06.18;04:00:00;195.458;194.848;194.855;195.445;21593
2015.06.18;08:00:00;195.463;194.332;195.147;194.853;42438
2015.06.18;12:00:00;195.317;194.864;195.127;195.141;42640
2015.06.18;16:00:00;195.494;194.993;195.208;195.127;41290
2015.06.18;20:00:00;195.32;195.015;195.185;195.205;23385
2015.06.19;00:00:00;195.426;195.153;195.294;195.185;11518
2015.06.19;04:00:00;195.477;195.198;195.352;195.296;15558
2015.06.19;08:00:00;195.49;194.948;194.974;195.353;34220
2015.06.19;12:00:00;195.322;194.884;195.186;194.973;33361
2015.06.19;16:00:00;195.29;194.595;194.623;195.186;33934
2015.06.19;20:00:00;194.826;194.596;194.751;194.62;17425
2015.06.22;00:00:00;195.205;194.749;194.798;195.07;11811
2015.06.22;04:00:00;195.217;194.714;195.158;194.798;14425
2015.06.22;08:00:00;195.562;195.042;195.241;195.16;32139
2015.06.22;12:00:00;195.353;194.606;194.772;195.24;37276
2015.06.22;16:00:00;195.236;194.681;195.174;194.772;43949
2015.06.22;20:00:00;195.369;195.072;195.184;195.174;17749
2015.06.23;00:00:00;195.328;195.073;195.273;195.171;10970
2015.06.23;04:00:00;195.424;194.897;195.177;195.273;20004
2015.06.23;08:00:00;195.488;194.974;195.249;195.179;34669
2015.06.23;12:00:00;195.418;195.073;195.358;195.252;39058
2015.06.23;16:00:00;195.368;194.575;194.689;195.356;41189
2015.06.23;20:00:00;194.924;194.571;194.924;194.689;19175
2015.06.24;00:00:00;195.035;194.817;194.949;194.925;12216
2015.06.24;04:00:00;195.277;194.825;195.226;194.946;14032
2015.06.24;08:00:00;195.871;195.188;195.609;195.228;36695
2015.06.24;12:00:00;195.71;194.961;195.309;195.611;41676
2015.06.24;16:00:00;195.517;194.394;194.511;195.31;44065
2015.06.24;20:00:00;194.587;194.24;194.441;194.512;22725
2015.06.25;00:00:00;194.598;194.372;194.405;194.45;10461
2015.06.25;04:00:00;194.496;193.917;194.022;194.405;15895
2015.06.25;08:00:00;194.558;193.845;194.136;194.021;30838
2015.06.25;12:00:00;194.641;193.469;194.618;194.137;43360
2015.06.25;16:00:00;194.754;194.366;194.481;194.618;35676
2015.06.25;20:00:00;194.685;194.388;194.624;194.48;17533
2015.06.26;00:00:00;194.738;194.309;194.384;194.627;11453
2015.06.26;04:00:00;194.475;194.013;194.185;194.384;17150
2015.06.26;08:00:00;194.52;193.924;194.362;194.184;29019
2015.06.26;12:00:00;194.685;193.977;194.602;194.362;32489
2015.06.26;16:00:00;195.245;194.584;194.868;194.602;39350
2015.06.26;20:00:00;195.071;194.696;195.049;194.868;15467
2015.06.29;00:00:00;193.351;191.334;193.082;192.457;28909
2015.06.29;04:00:00;193.516;192.429;192.591;193.084;21531
2015.06.29;08:00:00;193.322;192.148;193.071;192.591;51101
2015.06.29;12:00:00;193.272;192.646;193.239;193.074;40867
2015.06.29;16:00:00;193.46;192.467;192.739;193.239;48116
2015.06.29;20:00:00;193.05;192.584;192.805;192.739;25093
2015.06.30;00:00:00;193.004;192.554;192.612;192.805;15091
2015.06.30;04:00:00;192.676;192.165;192.332;192.612;22688
2015.06.30;08:00:00;192.491;191.761;191.837;192.328;39617
2015.06.30;12:00:00;192.875;191.82;192.864;191.837;47255
2015.06.30;16:00:00;193.007;191.694;191.991;192.865;48587
2015.06.30;20:00:00;192.622;191.932;192.438;191.991;27712
2015.07.01;00:00:00;192.458;191.869;192.339;192.438;20535
2015.07.01;04:00:00;192.449;192.16;192.327;192.339;12513
2015.07.01;08:00:00;192.942;191.994;192.366;192.325;31646
2015.07.01;12:00:00;192.768;192.217;192.477;192.37;42755
2015.07.01;16:00:00;192.601;192.012;192.126;192.48;42485
2015.07.01;20:00:00;192.371;191.951;192.317;192.126;21657
2015.07.02;00:00:00;192.571;192.268;192.53;192.314;14583
2015.07.02;04:00:00;192.662;192.483;192.603;192.53;11745
2015.07.02;08:00:00;192.927;192.374;192.699;192.601;31858
2015.07.02;12:00:00;192.902;192.15;192.195;192.702;43094
2015.07.02;16:00:00;192.303;191.997;192.175;192.198;44075
2015.07.02;20:00:00;192.216;191.912;192.02;192.179;15399
2015.07.03;00:00:00;192.125;191.773;191.974;192.015;12783
2015.07.03;04:00:00;192.189;191.887;192.153;191.973;14898
2015.07.03;08:00:00;192.528;192.073;192.255;192.149;30002
2015.07.03;12:00:00;192.323;191.652;191.774;192.274;34082
2015.07.03;16:00:00;191.901;190.892;191.333;191.775;30578
2015.07.03;20:00:00;191.595;190.843;191.325;191.337;8620
2015.07.06;00:00:00;190.705;189.362;190.483;189.441;17624
2015.07.06;04:00:00;190.923;190.23;190.297;190.482;17514
2015.07.06;08:00:00;191.089;190.08;190.714;190.298;39423
2015.07.06;12:00:00;191.242;190.645;190.723;190.714;40657
2015.07.06;16:00:00;191.65;190.57;191.401;190.722;42870
2015.07.06;20:00:00;191.441;190.929;191.208;191.406;18813
2015.07.07;00:00:00;191.551;191.176;191.504;191.199;10467
2015.07.07;04:00:00;191.504;191.106;191.228;191.504;14579
2015.07.07;08:00:00;191.39;190.12;190.188;191.227;36896
2015.07.07;12:00:00;190.225;188.833;188.995;190.189;48759
2015.07.07;16:00:00;189.167;188.223;188.616;188.994;52812
2015.07.07;20:00:00;189.807;188.537;189.402;188.613;25506
2015.07.08;00:00:00;189.489;188.947;188.971;189.403;17267
2015.07.08;04:00:00;188.994;188.183;188.268;188.971;31070
2015.07.08;08:00:00;188.587;187.142;187.371;188.268;45517
2015.07.08;12:00:00;187.421;186.403;186.564;187.374;43252
2015.07.08;16:00:00;186.607;184.98;185.148;186.565;58654
2015.07.08;20:00:00;185.555;185.021;185.39;185.149;30957
2015.07.09;00:00:00;185.776;185.137;185.441;185.392;16577
2015.07.09;04:00:00;186.632;185.424;186.632;185.438;24521
2015.07.09;08:00:00;187.339;186.513;186.785;186.632;38457
2015.07.09;12:00:00;187.21;186.537;186.925;186.79;41276
2015.07.09;16:00:00;187.029;186.212;186.245;186.926;41399
2015.07.09;20:00:00;186.66;186.071;186.569;186.252;24102
2015.07.10;00:00:00;187.352;186.482;187.066;186.57;18119
2015.07.10;04:00:00;187.859;187.042;187.524;187.066;22671
2015.07.10;08:00:00;188.856;187.406;188.746;187.517;37925
2015.07.10;12:00:00;190.359;188.669;190.073;188.747;41892
2015.07.10;16:00:00;190.39;189.851;190.158;190.073;42157
2015.07.10;20:00:00;190.77;189.957;190.29;190.156;18522
2015.07.13;00:00:00;190.322;189.274;189.964;189.282;10044
2015.07.13;04:00:00;190.436;189.758;189.972;189.964;16428
2015.07.13;08:00:00;191.728;189.917;191.666;189.972;44299
2015.07.13;12:00:00;192.317;191.441;191.659;191.669;42422
2015.07.13;16:00:00;191.903;191.184;191.327;191.659;39977
2015.07.13;20:00:00;191.344;190.978;191.11;191.336;20080
2015.07.14;00:00:00;191.516;191.052;191.389;191.1;12812
2015.07.14;04:00:00;191.443;191.105;191.221;191.389;13978
2015.07.14;08:00:00;191.221;190.555;190.904;191.219;37055
2015.07.14;12:00:00;192.572;190.904;192.055;190.904;41007
2015.07.14;16:00:00;192.367;191.925;192.236;192.056;37434
2015.07.14;20:00:00;192.936;192.171;192.901;192.235;17054
2015.07.15;00:00:00;193.017;192.661;192.931;192.898;11162
2015.07.15;04:00:00;193.223;192.878;193.058;192.931;15378
2015.07.15;08:00:00;193.614;192.867;193.27;193.057;35938
2015.07.15;12:00:00;193.359;192.722;193.107;193.27;35530
2015.07.15;16:00:00;193.75;192.988;193.582;193.106;45194
2015.07.15;20:00:00;193.699;193.238;193.506;193.582;18714
2015.07.16;00:00:00;193.847;193.314;193.614;193.506;15408
2015.07.16;04:00:00;193.673;193.313;193.428;193.614;16625
2015.07.16;08:00:00;193.874;193.335;193.508;193.428;35100
2015.07.16;12:00:00;193.772;193.028;193.479;193.507;45950
2015.07.16;16:00:00;193.7;193.232;193.636;193.481;39583
2015.07.16;20:00:00;193.925;193.624;193.735;193.634;14251
2015.07.17;00:00:00;193.855;193.674;193.797;193.722;9120
2015.07.17;04:00:00;194.088;193.756;193.928;193.795;9807
2015.07.17;08:00:00;194.364;193.801;194.099;193.927;29265
2015.07.17;12:00:00;194.235;193.117;193.337;194.098;34279
2015.07.17;16:00:00;193.967;192.884;193.81;193.338;34243
2015.07.17;20:00:00;193.893;193.528;193.615;193.81;11659
2015.07.20;00:00:00;193.742;193.277;193.685;193.386;6203
2015.07.20;04:00:00;193.693;193.493;193.591;193.684;10797
2015.07.20;08:00:00;193.936;193.45;193.499;193.591;27606
2015.07.20;12:00:00;193.591;193.037;193.365;193.501;34770
2015.07.20;16:00:00;193.887;193.292;193.625;193.363;30214
2015.07.20;20:00:00;193.665;193.331;193.365;193.623;14215
2015.07.21;00:00:00;193.655;193.258;193.598;193.258;9552
2015.07.21;04:00:00;193.64;193.416;193.609;193.598;12972
2015.07.21;08:00:00;193.854;193.562;193.601;193.609;30340
2015.07.21;12:00:00;193.685;193.041;193.319;193.601;38554
2015.07.21;16:00:00;193.391;192.509;192.717;193.319;46961
2015.07.21;20:00:00;192.851;192.594;192.643;192.716;19938
2015.07.22;00:00:00;192.81;192.471;192.75;192.639;8676
2015.07.22;04:00:00;192.768;192.292;192.637;192.748;16747
2015.07.22;08:00:00;193.642;192.402;193.374;192.635;32116
2015.07.22;12:00:00;193.596;193.075;193.519;193.375;39289
2015.07.22;16:00:00;193.966;193.293;193.457;193.519;40569
2015.07.22;20:00:00;193.64;193.364;193.507;193.466;14785
2015.07.23;00:00:00;193.758;193.435;193.696;193.485;12022
2015.07.23;04:00:00;193.783;193.549;193.767;193.699;11078
2015.07.23;08:00:00;193.91;192.917;193.026;193.767;30061
2015.07.23;12:00:00;193.389;192.882;192.998;193.026;36898
2015.07.23;16:00:00;193.041;191.926;192.03;192.996;39752
2015.07.23;20:00:00;192.21;191.923;192.203;192.03;21221
2015.07.24;00:00:00;192.46;192.081;192.409;192.203;9160
2015.07.24;04:00:00;192.436;192.064;192.172;192.409;12717
2015.07.24;08:00:00;192.312;191.64;192.012;192.172;24294
2015.07.24;12:00:00;192.211;191.84;191.909;192.012;31949
2015.07.24;16:00:00;192.103;191.679;191.884;191.907;37693
2015.07.24;20:00:00;192.12;191.791;192.052;191.882;12398
2015.07.27;00:00:00;192.188;191.834;191.943;191.883;8915
2015.07.27;04:00:00;192.175;191.546;191.766;191.942;16744
2015.07.27;08:00:00;191.926;191.078;191.68;191.766;34536
2015.07.27;12:00:00;191.754;190.997;191.221;191.681;39313
2015.07.27;16:00:00;192.187;191.222;191.806;191.225;40588
2015.07.27;20:00:00;191.86;191.62;191.71;191.806;13541
2015.07.28;00:00:00;191.859;191.599;191.599;191.71;10620
2015.07.28;04:00:00;192.367;191.441;192.33;191.597;18315
2015.07.28;08:00:00;192.818;191.964;192.768;192.328;34746
2015.07.28;12:00:00;193.221;192.681;192.881;192.766;40263
2015.07.28;16:00:00;193.027;192.478;192.77;192.881;41214
2015.07.28;20:00:00;192.926;192.74;192.903;192.765;13309
2015.07.29;00:00:00;192.985;192.716;192.808;192.905;11167
2015.07.29;04:00:00;192.898;192.567;192.634;192.808;12599
2015.07.29;08:00:00;193.131;192.553;193.037;192.634;30565
2015.07.29;12:00:00;193.648;192.976;193.588;193.036;37190
2015.07.29;16:00:00;194.158;193.374;193.392;193.589;39619
2015.07.29;20:00:00;193.54;193.077;193.29;193.389;32026
2015.07.30;00:00:00;193.565;193.174;193.513;193.184;13538
2015.07.30;04:00:00;193.819;193.506;193.614;193.511;14442
2015.07.30;08:00:00;193.955;193.468;193.897;193.619;29682
2015.07.30;12:00:00;194.493;193.832;194.318;193.896;42791
2015.07.30;16:00:00;194.58;193.575;193.758;194.322;45992
2015.07.30;20:00:00;193.883;193.61;193.628;193.757;18338
2015.07.31;00:00:00;193.808;193.329;193.433;193.623;13833
2015.07.31;04:00:00;193.568;193.355;193.538;193.43;15538
2015.07.31;08:00:00;193.741;193.163;193.367;193.538;33091
2015.07.31;12:00:00;193.987;193.325;193.823;193.365;48620
2015.07.31;16:00:00;193.914;193.152;193.695;193.834;55349
2015.07.31;20:00:00;193.771;193.409;193.53;193.695;21544
2015.08.03;00:00:00;193.965;193.514;193.747;193.634;10600
2015.08.03;04:00:00;193.809;193.581;193.725;193.747;16525
2015.08.03;08:00:00;194.228;193.708;193.963;193.725;28917
2015.08.03;12:00:00;194.023;193.41;193.562;193.963;41875
2015.08.03;16:00:00;193.744;193.033;193.095;193.562;43996
2015.08.03;20:00:00;193.299;193.037;193.282;193.094;16264
2015.08.04;00:00:00;193.314;193.109;193.145;193.281;17867
2015.08.04;04:00:00;193.539;193.115;193.367;193.145;18619
2015.08.04;08:00:00;193.559;193.097;193.172;193.368;36341
2015.08.04;12:00:00;193.673;193.153;193.481;193.172;40663
2015.08.04;16:00:00;193.815;193.036;193.749;193.493;42173
2015.08.04;20:00:00;193.774;193.377;193.532;193.749;27366
2015.08.05;00:00:00;193.603;193.417;193.527;193.532;20243
2015.08.05;04:00:00;193.566;193.208;193.305;193.528;19075
2015.08.05;08:00:00;194.09;193.187;193.812;193.305;33430
2015.08.05;12:00:00;194.45;193.623;194.312;193.811;42745
2015.08.05;16:00:00;195.213;194.277;194.876;194.314;48295
2015.08.05;20:00:00;194.899;194.676;194.785;194.873;18843
2015.08.06;00:00:00;194.919;194.625;194.88;194.779;16334
2015.08.06;04:00:00;194.996;194.751;194.918;194.878;18957
2015.08.06;08:00:00;195.244;194.702;194.889;194.918;29018
2015.08.06;12:00:00;195.025;193.168;193.954;194.887;43858
2015.08.06;16:00:00;193.965;193.115;193.519;193.953;40535
2015.08.06;20:00:00;193.55;193.378;193.46;193.517;13373
2015.08.07;00:00:00;193.539;193.367;193.521;193.455;13202
2015.08.07;04:00:00;193.665;193.362;193.587;193.526;17201
2015.08.07;08:00:00;193.722;193.201;193.681;193.588;28708
2015.08.07;12:00:00;193.766;193.144;193.446;193.687;37987
2015.08.07;16:00:00;193.457;191.969;192.303;193.446;54003
2015.08.07;20:00:00;192.482;192.159;192.421;192.301;15439
2015.08.10;00:00:00;192.636;192.249;192.598;192.25;10306
2015.08.10;04:00:00;192.661;192.487;192.651;192.598;16085
2015.08.10;08:00:00;192.994;192.579;192.886;192.654;29721
2015.08.10;12:00:00;193.389;192.794;193.361;192.886;36062
2015.08.10;16:00:00;194.34;193.199;194.233;193.36;39232
2015.08.10;20:00:00;194.447;193.985;194.283;194.237;17717
2015.08.11;00:00:00;194.401;194.032;194.357;194.28;16096
2015.08.11;04:00:00;194.5;193.969;194.155;194.359;27663
2015.08.11;08:00:00;194.906;194.111;194.727;194.153;38381
2015.08.11;12:00:00;194.833;194.408;194.527;194.727;38600
2015.08.11;16:00:00;194.827;194.267;194.818;194.525;43932
2015.08.11;20:00:00;194.986;194.662;194.769;194.818;16596
2015.08.12;00:00:00;195.015;194.763;194.95;194.763;14007
2015.08.12;04:00:00;195.018;194.491;194.787;194.947;23237
2015.08.12;08:00:00;194.837;193.417;194.081;194.787;42608
2015.08.12;12:00:00;194.161;193.482;193.898;194.081;42199
2015.08.12;16:00:00;193.985;193.452;193.939;193.898;52326
2015.08.12;20:00:00;194.064;193.776;193.88;193.939;22209
2015.08.13;00:00:00;194.177;193.838;194.138;193.88;12664
2015.08.13;04:00:00;194.399;193.962;194.356;194.139;22690
2015.08.13;08:00:00;194.724;194.298;194.44;194.357;28285
2015.08.13;12:00:00;194.657;194.306;194.314;194.44;32424
2015.08.13;16:00:00;194.318;193.659;194.15;194.316;42550
2015.08.13;20:00:00;194.319;194.055;194.185;194.146;16501
2015.08.14;00:00:00;194.283;194.135;194.257;194.188;14599
2015.08.14;04:00:00;194.398;194.182;194.232;194.257;16459
2015.08.14;08:00:00;194.283;193.836;193.969;194.232;27774
2015.08.14;12:00:00;194.233;193.847;194.231;193.971;32601
2015.08.14;16:00:00;194.522;193.892;194.346;194.235;38579
2015.08.14;20:00:00;194.558;194.273;194.46;194.345;11011
2015.08.17;00:00:00;194.689;194.414;194.637;194.427;9150
2015.08.17;04:00:00;194.739;194.537;194.598;194.636;13744
2015.08.17;08:00:00;195.153;194.561;194.757;194.599;30005
2015.08.17;12:00:00;194.903;194.268;194.338;194.757;33229
2015.08.17;16:00:00;194.417;193.762;193.838;194.338;30822
2015.08.17;20:00:00;194.039;193.788;193.788;193.838;14314
2015.08.18;00:00:00;193.939;193.768;193.918;193.786;12603
2015.08.18;04:00:00;194.078;193.835;193.975;193.917;16927
2015.08.18;08:00:00;194.803;193.523;194.775;193.974;33730
2015.08.18;12:00:00;195.265;194.695;195.101;194.774;36829
2015.08.18;16:00:00;195.181;194.565;194.67;195.103;38047
2015.08.18;20:00:00;194.863;194.67;194.764;194.67;13401
2015.08.19;00:00:00;194.882;194.675;194.858;194.764;15026
2015.08.19;04:00:00;194.923;194.631;194.814;194.857;19004
2015.08.19;08:00:00;195.006;194.685;194.794;194.814;33100
2015.08.19;12:00:00;195.022;194.589;194.735;194.794;34826
2015.08.19;16:00:00;194.919;194.011;194.1;194.736;39874
2015.08.19;20:00:00;194.49;194.038;194.057;194.1;39247
2015.08.20;00:00:00;194.483;194.042;194.387;194.061;18518
2015.08.20;04:00:00;194.533;194.197;194.364;194.39;13896
2015.08.20;08:00:00;194.53;193.468;193.511;194.364;36534
2015.08.20;12:00:00;194.348;193.279;194.093;193.521;38175
2015.08.20;16:00:00;194.151;193.496;193.557;194.093;46047
2015.08.20;20:00:00;193.796;193.365;193.53;193.557;24200
2015.08.21;00:00:00;193.756;193.508;193.668;193.525;15109
2015.08.21;04:00:00;193.705;192.703;192.941;193.668;28596
2015.08.21;08:00:00;193.324;192.784;193.255;192.943;34781
2015.08.21;12:00:00;193.284;192.008;192.225;193.254;41349
2015.08.21;16:00:00;192.475;191.325;191.397;192.224;57698
2015.08.21;20:00:00;192.068;191.315;191.482;191.399;36178
2015.08.24;00:00:00;191.399;189.991;190.565;190.964;21815
2015.08.24;04:00:00;190.7;189.32;189.982;190.567;40266
2015.08.24;08:00:00;190.023;188.423;189.611;189.979;48742
2015.08.24;12:00:00;189.654;188.146;188.652;189.611;56757
2015.08.24;16:00:00;188.69;183.24;187.595;188.65;80128
2015.08.24;20:00:00;188.104;186.666;186.716;187.594;51234
2015.08.25;00:00:00;187.67;186.277;187.393;186.734;26229
2015.08.25;04:00:00;189.243;187.35;188.632;187.391;36954
2015.08.25;08:00:00;189.194;187.401;188.52;188.632;52858
2015.08.25;12:00:00;189.985;188.48;189.23;188.518;61498
2015.08.25;16:00:00;189.369;187.927;188.22;189.224;60451
2015.08.25;20:00:00;188.256;186.065;186.336;188.214;40543
2015.08.26;00:00:00;187.409;185.888;186.82;186.334;24111
2015.08.26;04:00:00;187.928;186.487;187.704;186.818;29428
2015.08.26;08:00:00;188.083;187.017;187.334;187.702;44109
2015.08.26;12:00:00;187.455;186.038;186.552;187.338;48557
2015.08.26;16:00:00;186.694;184.144;184.821;186.553;64671
2015.08.26;20:00:00;185.55;184.575;185.31;184.823;37756
2015.08.27;00:00:00;186.242;185.254;185.737;185.31;20539
2015.08.27;04:00:00;186.499;185.668;185.827;185.735;23766
2015.08.27;08:00:00;186.695;185.487;186.354;185.827;39418
2015.08.27;12:00:00;186.434;185.427;185.945;186.352;40379
2015.08.27;16:00:00;186.799;185.476;186.748;185.946;56143
2015.08.27;20:00:00;186.82;185.875;186.356;186.751;31616
2015.08.28;00:00:00;186.831;186.312;186.752;186.338;16615
2015.08.28;04:00:00;187.009;186.593;186.814;186.752;18585
2015.08.28;08:00:00;186.977;185.786;185.898;186.814;32806
2015.08.28;12:00:00;186.225;185.393;185.577;185.896;37408
2015.08.28;16:00:00;186.779;185.366;186.767;185.578;48287
2015.08.28;20:00:00;187.237;186.622;187.216;186.771;19554
2015.08.31;00:00:00;187.476;186.7;186.855;187.476;15183
2015.08.31;04:00:00;187.148;186.487;186.796;186.854;18747
2015.08.31;08:00:00;187.098;186.569;187.018;186.799;22009
2015.08.31;12:00:00;187.099;186.675;186.995;187.017;23568
2015.08.31;16:00:00;187.018;185.978;186.047;186.997;33488
2015.08.31;20:00:00;186.162;185.844;185.974;186.046;15359
2015.09.01;00:00:00;186.219;185.835;186.004;185.965;14858
2015.09.01;04:00:00;186.206;185.45;185.878;186.007;23364
2015.09.01;08:00:00;185.942;183.209;183.655;185.876;45534
2015.09.01;12:00:00;184.764;183.244;183.298;183.652;48258
2015.09.01;16:00:00;184.274;183.295;183.501;183.298;53849
2015.09.01;20:00:00;183.569;182.53;182.649;183.5;32926
2015.09.02;00:00:00;184.273;182.468;184.13;182.636;21838
2015.09.02;04:00:00;184.246;183.54;184.002;184.136;31322
2015.09.02;08:00:00;184.083;182.994;183.301;184.002;40948
2015.09.02;12:00:00;183.929;182.791;183.771;183.302;40256
2015.09.02;16:00:00;184.03;183.517;183.923;183.773;43909
2015.09.02;20:00:00;184.178;183.831;184.055;183.922;19330
2015.09.03;00:00:00;184.699;184.008;184.621;184.039;17328
2015.09.03;04:00:00;184.632;184.17;184.321;184.62;19066
2015.09.03;08:00:00;184.331;183.292;183.491;184.319;26806
2015.09.03;12:00:00;183.981;183.375;183.565;183.491;38171
2015.09.03;16:00:00;183.576;182.672;183.05;183.563;50289
2015.09.03;20:00:00;183.231;182.817;183.15;183.049;23174
2015.09.04;00:00:00;183.324;182.634;182.678;183.159;17415
2015.09.04;04:00:00;182.848;181.399;181.673;182.677;24849
2015.09.04;08:00:00;182.228;181.061;181.436;181.666;35695
2015.09.04;12:00:00;182.129;180.71;180.965;181.436;35822
2015.09.04;16:00:00;181.452;180.542;180.728;180.966;48200
2015.09.04;20:00:00;180.823;180.461;180.573;180.731;20341
2015.09.07;00:00:00;181.159;180.374;180.92;180.479;18138
2015.09.07;04:00:00;181.623;180.849;181.387;180.918;21557
2015.09.07;08:00:00;182.062;180.993;181.997;181.39;31696
2015.09.07;12:00:00;182.333;181.733;182.109;181.996;30038
2015.09.07;16:00:00;182.513;182.097;182.369;182.107;17294
2015.09.07;20:00:00;182.463;182.092;182.092;182.369;15792
2015.09.08;00:00:00;182.556;182.076;182.387;182.106;12334
2015.09.08;04:00:00;182.479;181.804;182.314;182.386;26637
2015.09.08;08:00:00;184.499;182.286;184.427;182.313;37953
2015.09.08;12:00:00;184.949;184.272;184.751;184.427;34985
2015.09.08;16:00:00;184.792;183.87;184.148;184.749;37892
2015.09.08;20:00:00;184.695;184.149;184.413;184.149;16698
2015.09.09;00:00:00;185.273;184.359;185.218;184.401;16964
2015.09.09;04:00:00;185.421;184.927;184.979;185.218;23528
2015.09.09;08:00:00;185.845;184.822;184.908;184.98;34910
2015.09.09;12:00:00;185.937;184.784;185.909;184.91;33055
2015.09.09;16:00:00;186.417;185.775;186.008;185.906;40861
2015.09.09;20:00:00;186.006;185.039;185.125;186.006;28939
2015.09.10;00:00:00;185.22;184.401;184.66;185.07;23283
2015.09.10;04:00:00;186.246;184.218;185.158;184.658;24846
2015.09.10;08:00:00;185.979;185.051;185.979;185.158;37259
2015.09.10;12:00:00;187.316;185.668;185.886;185.981;43156
2015.09.10;16:00:00;186.676;185.868;186.173;185.886;45491
2015.09.10;20:00:00;186.725;186.069;186.234;186.179;22266
2015.09.11;00:00:00;186.862;186.163;186.495;186.239;20400
2015.09.11;04:00:00;186.778;186.393;186.759;186.497;15341
2015.09.11;08:00:00;186.763;185.75;185.919;186.758;30360
2015.09.11;12:00:00;186.449;185.779;186.138;185.915;30889
2015.09.11;16:00:00;186.359;185.687;186.176;186.138;36831
2015.09.11;20:00:00;186.336;185.814;186.002;186.174;15945
2015.09.14;00:00:00;186.625;185.857;186.403;185.938;12115
2015.09.14;04:00:00;186.615;185.694;185.757;186.404;21568
2015.09.14;08:00:00;185.977;185.519;185.608;185.756;31341
2015.09.14;12:00:00;185.894;185.184;185.213;185.608;27922
2015.09.14;16:00:00;185.213;184.595;185.105;185.213;31225
2015.09.14;20:00:00;185.458;184.988;185.409;185.105;13390
2015.09.15;00:00:00;186.074;185.351;186.021;185.418;15195
2015.09.15;04:00:00;186.087;185.037;185.065;186.023;20288
2015.09.15;08:00:00;185.288;184.217;184.518;185.064;34101
2015.09.15;12:00:00;184.896;184.204;184.456;184.521;30079
2015.09.15;16:00:00;184.829;184.25;184.799;184.454;32768
2015.09.15;20:00:00;184.913;184.587;184.714;184.796;14700
2015.09.16;00:00:00;184.851;184.506;184.649;184.714;16564
2015.09.16;04:00:00;184.726;184.476;184.531;184.65;14622
2015.09.16;08:00:00;185.443;184.226;185.33;184.529;29544
2015.09.16;12:00:00;186.39;185.208;186.274;185.327;32130
2015.09.16;16:00:00;187.185;186.088;186.821;186.274;34545
2015.09.16;20:00:00;186.988;186.682;186.702;186.821;15633
2015.09.17;00:00:00;187.227;186.702;186.885;186.705;14308
2015.09.17;04:00:00;187.157;186.69;187.157;186.886;18189
2015.09.17;08:00:00;187.703;187.126;187.331;187.157;28206
2015.09.17;12:00:00;188.052;187.303;187.834;187.333;22938
2015.09.17;16:00:00;187.937;187.373;187.675;187.834;29361
2015.09.17;20:00:00;188.288;186.733;187.034;187.673;43979
2015.09.18;00:00:00;187.305;186.206;186.45;187.045;19541
2015.09.18;04:00:00;187.363;186.22;186.568;186.449;21059
2015.09.18;08:00:00;186.934;185.929;186.396;186.567;35258
2015.09.18;12:00:00;186.978;186.101;186.769;186.394;38694
2015.09.18;16:00:00;187.133;186.496;186.702;186.769;40347
2015.09.18;20:00:00;186.712;186.148;186.211;186.703;21995
2015.09.21;00:00:00;186.516;186.066;186.182;186.436;13983
2015.09.21;04:00:00;186.349;186.001;186.077;186.182;15767
2015.09.21;08:00:00;187.003;186.078;186.707;186.078;29597
2015.09.21;12:00:00;187.319;186.472;187.103;186.706;31627
2015.09.21;16:00:00;187.103;186.442;186.501;187.101;36219
2015.09.21;20:00:00;186.978;186.495;186.924;186.501;19234
2015.09.22;00:00:00;187.005;186.733;186.808;186.961;10324
2015.09.22;04:00:00;186.924;186.689;186.827;186.811;15063
2015.09.22;08:00:00;186.905;185.325;185.643;186.825;32710
2015.09.22;12:00:00;185.766;184.809;184.971;185.64;37009
2015.09.22;16:00:00;185.018;184.089;184.409;184.971;40536
2015.09.22;20:00:00;184.751;184.155;184.55;184.409;20010
2015.09.23;00:00:00;184.65;184.188;184.546;184.531;10774
2015.09.23;04:00:00;184.612;183.671;183.763;184.545;17682
2015.09.23;08:00:00;184.548;183.527;184.455;183.763;34381
2015.09.23;12:00:00;184.482;183.337;183.359;184.455;35064
2015.09.23;16:00:00;183.781;182.903;183.432;183.359;42195
2015.09.23;20:00:00;183.467;183.101;183.265;183.437;22979
2015.09.24;00:00:00;183.545;183.168;183.178;183.262;14628
2015.09.24;04:00:00;183.393;182.803;183.135;183.178;22678
2015.09.24;08:00:00;183.467;182.943;183.236;183.141;33600
2015.09.24;12:00:00;183.425;181.616;181.886;183.235;44452
2015.09.24;16:00:00;182.709;181.605;182.339;181.886;48919
2015.09.24;20:00:00;183.036;182.298;183.001;182.335;26442
2015.09.25;00:00:00;183.254;182.628;183.09;182.996;22111
2015.09.25;04:00:00;183.222;182.643;183.031;183.09;25544
2015.09.25;08:00:00;184.417;183.022;184.343;183.033;37305
2015.09.25;12:00:00;184.353;183.339;183.686;184.339;37459
2015.09.25;16:00:00;183.776;182.795;183.219;183.687;43841
2015.09.25;20:00:00;183.399;182.82;183.035;183.229;22881
2015.09.28;00:00:00;183.293;182.738;183.031;182.982;14977
2015.09.28;04:00:00;183.11;182.761;182.9;183.031;18200
2015.09.28;08:00:00;183.257;182.476;183.156;182.9;34476
2015.09.28;12:00:00;183.295;182.188;182.601;183.158;31546
2015.09.28;16:00:00;182.643;181.832;182.071;182.599;44395
2015.09.28;20:00:00;182.177;181.628;181.91;182.07;21902
2015.09.29;00:00:00;182.03;181.371;181.502;181.889;16780
2015.09.29;04:00:00;181.633;181.158;181.229;181.504;22819
2015.09.29;08:00:00;182.51;180.942;182.215;181.229;40729
2015.09.29;12:00:00;182.288;181.427;181.779;182.215;36667
2015.09.29;16:00:00;182.019;181.208;181.435;181.779;50766
2015.09.29;20:00:00;181.712;181.198;181.35;181.44;25126
2015.09.30;00:00:00;181.879;181.323;181.78;181.346;15713
2015.09.30;04:00:00;181.894;181.473;181.802;181.778;19271
2015.09.30;08:00:00;182.698;181.568;182.477;181.802;32897
2015.09.30;12:00:00;183.036;182.012;182.244;182.475;35842
2015.09.30;16:00:00;182.582;180.839;181.058;182.244;47915
2015.09.30;20:00:00;181.545;181.043;181.316;181.06;20143
2015.10.01;00:00:00;181.408;181.07;181.294;181.318;13202
2015.10.01;04:00:00;182.024;181.233;181.913;181.297;24035
2015.10.01;08:00:00;182;181.509;181.885;181.913;30309
2015.10.01;12:00:00;181.948;181.105;181.364;181.885;38329
2015.10.01;16:00:00;181.724;181.096;181.386;181.364;44589
2015.10.01;20:00:00;181.514;181.17;181.409;181.388;19503
2015.10.02;00:00:00;181.604;181.314;181.575;181.411;14806
2015.10.02;04:00:00;181.797;181.518;181.616;181.576;22013
2015.10.02;08:00:00;182.248;181.551;182.065;181.618;28549
2015.10.02;12:00:00;182.572;181.159;181.456;182.065;37543
2015.10.02;16:00:00;182.266;180.648;182.064;181.456;60935
2015.10.02;20:00:00;182.475;181.856;181.952;182.064;28969
2015.10.05;00:00:00;182.437;181.863;182.382;182.188;15513
2015.10.05;04:00:00;182.668;182.279;182.543;182.381;20347
2015.10.05;08:00:00;183.192;182.316;182.544;182.545;36094
2015.10.05;12:00:00;183.023;182.297;182.36;182.548;40477
2015.10.05;16:00:00;182.703;182.204;182.541;182.361;40398
2015.10.05;20:00:00;182.667;182.257;182.377;182.54;18507
2015.10.06;00:00:00;182.554;182.322;182.436;182.39;13853
2015.10.06;04:00:00;182.721;182.418;182.695;182.437;17737
2015.10.06;08:00:00;182.707;181.964;182.578;182.696;31131
2015.10.06;12:00:00;182.722;182.374;182.672;182.578;29488
2015.10.06;16:00:00;183.173;182.631;183.099;182.672;40030
2015.10.06;20:00:00;183.261;183.007;183.007;183.099;18869
2015.10.07;00:00:00;183.259;182.93;183.212;182.976;13788
2015.10.07;04:00:00;183.349;182.485;183.006;183.21;26729
2015.10.07;08:00:00;183.764;182.834;183.648;183.005;35042
2015.10.07;12:00:00;184.043;183.411;183.802;183.648;35039
2015.10.07;16:00:00;183.893;183.405;183.701;183.802;42956
2015.10.07;20:00:00;183.889;183.594;183.8;183.701;17351
2015.10.08;00:00:00;183.856;183.529;183.798;183.8;12106
2015.10.08;04:00:00;183.941;183.359;183.478;183.798;19870
2015.10.08;08:00:00;183.72;183.324;183.554;183.477;31469
2015.10.08;12:00:00;184.111;183.085;183.178;183.557;37883
2015.10.08;16:00:00;183.817;182.998;183.742;183.176;36046
2015.10.08;20:00:00;184.263;183.653;184.02;183.743;26043
2015.10.09;00:00:00;184.217;183.945;184.147;184.036;10745
2015.10.09;04:00:00;184.426;184.013;184.382;184.147;15085
2015.10.09;08:00:00;184.81;184.328;184.636;184.379;29482
2015.10.09;12:00:00;184.84;184.274;184.526;184.634;40694
2015.10.09;16:00:00;184.582;183.983;184.347;184.526;35012
2015.10.09;20:00:00;184.473;183.917;183.98;184.344;11980
2015.10.12;00:00:00;184.257;183.945;184.096;183.955;9750
2015.10.12;04:00:00;184.321;183.999;184.197;184.097;4705
2015.10.12;08:00:00;184.677;184.152;184.414;184.199;17763
2015.10.12;12:00:00;184.664;184.301;184.545;184.414;24131
2015.10.12;16:00:00;184.685;183.929;184.178;184.545;27773
2015.10.12;20:00:00;184.213;184.005;184.191;184.178;8221
2015.10.13;00:00:00;184.223;183.525;183.677;184.209;8530
2015.10.13;04:00:00;183.711;183.382;183.563;183.676;10595
2015.10.13;08:00:00;184.343;182.281;182.434;183.559;28299
2015.10.13;12:00:00;182.67;181.825;181.986;182.435;34672
2015.10.13;16:00:00;182.76;181.894;182.577;181.985;32876
2015.10.13;20:00:00;182.825;182.499;182.545;182.577;14586
2015.10.14;00:00:00;182.707;182.329;182.33;182.545;9610
2015.10.14;04:00:00;183.004;182.324;182.853;182.332;11451
2015.10.14;08:00:00;183.566;182.635;183.538;182.85;26992
2015.10.14;12:00:00;184.131;183.263;183.863;183.537;34467
2015.10.14;16:00:00;184.327;183.813;184.175;183.865;38933
2015.10.14;20:00:00;184.254;183.734;183.886;184.181;23297
2015.10.15;00:00:00;184.245;183.722;184.015;183.881;12532
2015.10.15;04:00:00;184.354;184.002;184.117;184.015;12386
2015.10.15;08:00:00;184.166;182.916;183.323;184.115;29973
2015.10.15;12:00:00;183.53;182.75;182.994;183.323;37918
2015.10.15;16:00:00;183.502;182.836;183.455;182.991;45585
2015.10.15;20:00:00;184.143;183.398;183.826;183.457;14813
2015.10.16;00:00:00;184.31;183.511;184.179;183.831;12723
2015.10.16;04:00:00;184.386;184.166;184.294;184.18;10911
2015.10.16;08:00:00;184.526;183.996;184.06;184.292;21488
2015.10.16;12:00:00;184.171;183.626;183.927;184.061;27185
2015.10.16;16:00:00;184.714;183.859;184.428;183.927;33132
2015.10.16;20:00:00;184.579;184.32;184.436;184.428;12781
2015.10.19;00:00:00;184.408;184;184.114;184.242;8197
2015.10.19;04:00:00;184.579;183.828;184.41;184.113;11724
2015.10.19;08:00:00;184.726;184.112;184.604;184.412;20789
2015.10.19;12:00:00;185.088;184.441;184.696;184.602;29157
2015.10.19;16:00:00;185.038;184.634;184.821;184.696;28739
2015.10.19;20:00:00;184.898;184.593;184.754;184.821;11551
2015.10.20;00:00:00;184.975;184.663;184.914;184.754;10040
2015.10.20;04:00:00;185.008;184.846;184.945;184.914;7957
2015.10.20;08:00:00;185.578;184.703;184.946;184.944;20190
2015.10.20;12:00:00;185.354;184.93;185.347;184.947;29311
2015.10.20;16:00:00;185.455;185.162;185.249;185.347;27056
2015.10.20;20:00:00;185.368;185.041;185.049;185.247;11954
2015.10.21;00:00:00;185.271;184.944;185.189;185.055;11492
2015.10.21;04:00:00;185.326;185.072;185.275;185.189;9879
2015.10.21;08:00:00;185.41;184.795;185.25;185.276;22236
2015.10.21;12:00:00;185.553;185.179;185.343;185.257;26183
2015.10.21;16:00:00;185.55;185.128;185.215;185.346;25550
2015.10.21;20:00:00;185.275;184.715;184.823;185.218;15256
2015.10.22;00:00:00;184.996;184.743;184.831;184.823;10653
2015.10.22;04:00:00;185.051;184.482;184.599;184.835;13707
2015.10.22;08:00:00;185.57;184.536;185.28;184.599;24332
2015.10.22;12:00:00;185.525;184.786;185.315;185.284;31618
2015.10.22;16:00:00;185.731;184.908;185.624;185.314;41207
2015.10.22;20:00:00;185.88;185.598;185.749;185.625;16466
2015.10.23;00:00:00;186.158;185.555;186.049;185.76;18713
2015.10.23;04:00:00;186.055;185.799;185.852;186.049;18105
2015.10.23;08:00:00;185.945;185.24;185.419;185.852;30207
2015.10.23;12:00:00;186.282;185.295;186.05;185.42;35674
2015.10.23;16:00:00;186.103;185.549;186.044;186.051;38736
2015.10.23;20:00:00;186.147;185.806;185.957;186.043;16663
2015.10.25;23:00:00;186.079;185.874;185.942;185.943;1048
2015.10.26;00:00:00;185.955;185.445;185.627;185.929;14008
2015.10.26;04:00:00;185.844;185.543;185.674;185.627;6623
2015.10.26;08:00:00;185.896;185.249;185.831;185.67;22932
2015.10.26;12:00:00;185.829;185.27;185.321;185.829;30793
2015.10.26;16:00:00;185.966;185.163;185.878;185.305;30981
2015.10.26;20:00:00;186.003;185.678;185.712;185.88;12864
2015.10.27;00:00:00;185.869;185.319;185.413;185.709;9647
2015.10.27;04:00:00;185.415;184.98;185.182;185.413;10063
2015.10.27;08:00:00;185.321;184.332;184.702;185.182;28665
2015.10.27;12:00:00;184.863;184.188;184.332;184.697;33239
2015.10.27;16:00:00;184.388;183.922;184.209;184.322;32371
2015.10.27;20:00:00;184.362;184.01;184.24;184.209;12253
2015.10.28;00:00:00;184.531;184.054;184.397;184.236;18014
2015.10.28;04:00:00;184.401;184.151;184.179;184.398;7693
2015.10.28;08:00:00;184.422;184.04;184.217;184.182;20365
2015.10.28;12:00:00;184.259;183.886;184.019;184.217;29435
2015.10.28;16:00:00;184.865;183.994;184.521;184.019;34456
2015.10.28;20:00:00;185.026;183.92;184.869;184.544;33161
2015.10.29;00:00:00;184.957;184.124;184.271;184.88;22776
2015.10.29;04:00:00;184.35;184.082;184.272;184.271;12598
2015.10.29;08:00:00;184.468;184.121;184.386;184.272;29969
2015.10.29;12:00:00;185.074;184.324;184.95;184.381;38064
2015.10.29;16:00:00;185.49;184.898;185.291;184.954;30767
2015.10.29;20:00:00;185.542;185.243;185.355;185.283;13739
2015.10.30;00:00:00;185.478;185.21;185.281;185.357;15711
2015.10.30;04:00:00;186.008;184.308;185.512;185.282;25479
2015.10.30;08:00:00;185.598;184.602;184.755;185.516;30450
2015.10.30;12:00:00;185.238;184.575;185.213;184.765;34552
2015.10.30;16:00:00;186.715;185.062;186.415;185.195;39395
2015.10.30;20:00:00;186.475;185.961;186.035;186.421;13387
2015.11.02;00:00:00;186.161;185.738;185.879;185.891;16462
2015.11.02;04:00:00;185.886;185.547;185.697;185.877;8923
2015.11.02;08:00:00;186.957;185.658;186.693;185.696;28849
2015.11.02;12:00:00;186.75;186.377;186.383;186.693;25646
2015.11.02;16:00:00;186.533;185.847;186.156;186.382;29537
2015.11.02;20:00:00;186.213;185.985;186.141;186.158;11061
2015.11.03;00:00:00;186.375;186.067;186.202;186.129;11305
2015.11.03;04:00:00;186.232;186.025;186.149;186.203;6520
2015.11.03;08:00:00;186.313;186.023;186.072;186.146;20405
2015.11.03;12:00:00;186.338;185.862;186.072;186.072;26101
2015.11.03;16:00:00;186.758;186.063;186.609;186.072;32728
2015.11.03;20:00:00;186.878;186.488;186.672;186.618;14412
2015.11.04;00:00:00;187.161;186.588;187.066;186.672;16254
2015.11.04;04:00:00;187.076;186.624;186.786;187.066;12387
2015.11.04;08:00:00;187.304;186.617;187.167;186.785;24176
2015.11.04;12:00:00;187.224;186.624;186.888;187.167;26112
2015.11.04;16:00:00;187.174;186.466;186.826;186.889;39029
2015.11.04;20:00:00;187.063;186.702;186.992;186.826;13480
2015.11.05;00:00:00;187.092;186.726;186.788;186.992;12768
2015.11.05;04:00:00;186.966;186.744;186.873;186.789;9805
2015.11.05;08:00:00;187.538;186.802;187.467;186.871;28099
2015.11.05;12:00:00;187.68;185.306;185.385;187.467;37099
2015.11.05;16:00:00;185.725;185.236;185.243;185.387;37283
2015.11.05;20:00:00;185.282;184.952;185.116;185.243;12048
2015.11.06;00:00:00;185.218;185.052;185.155;185.117;13350
2015.11.06;04:00:00;185.272;185.013;185.204;185.153;9444
2015.11.06;08:00:00;185.223;184.744;184.757;185.204;27350
2015.11.06;12:00:00;185.354;184.059;184.748;184.755;33367
2015.11.06;16:00:00;185.81;184.679;185.22;184.747;45149
2015.11.06;20:00:00;185.445;185.164;185.28;185.22;13824
2015.11.09;00:00:00;185.94;185.366;185.938;185.533;12421
2015.11.09;04:00:00;186.044;185.756;185.844;185.935;9548
2015.11.09;08:00:00;186.275;185.752;186.132;185.846;22739
2015.11.09;12:00:00;186.593;186.127;186.35;186.134;24511
2015.11.09;16:00:00;186.479;185.886;186.08;186.349;31958
2015.11.09;20:00:00;186.205;185.915;186.145;186.078;11637
2015.11.10;00:00:00;186.332;185.998;186.279;186.147;15039
2015.11.10;04:00:00;186.292;186.042;186.106;186.281;7168
2015.11.10;08:00:00;186.458;185.88;186.007;186.104;24696
2015.11.10;12:00:00;186.476;185.915;186.36;186.007;30846
2015.11.10;16:00:00;186.495;185.984;186.028;186.36;33425
2015.11.10;20:00:00;186.34;185.957;186.149;186.028;12973
2015.11.11;00:00:00;186.487;185.94;186.281;186.144;17948
2015.11.11;04:00:00;186.485;186.197;186.341;186.279;12720
2015.11.11;08:00:00;186.742;186.258;186.374;186.343;23399
2015.11.11;12:00:00;187.028;186.357;186.831;186.374;24760
2015.11.11;16:00:00;187.009;186.662;186.837;186.833;28101
2015.11.11;20:00:00;187.038;186.775;186.842;186.837;8276
2015.11.12;00:00:00;187.499;186.782;187.4;186.844;19469
2015.11.12;04:00:00;187.458;186.964;187.082;187.403;11632
2015.11.12;08:00:00;187.109;186.534;186.807;187.081;25702
2015.11.12;12:00:00;186.927;186.593;186.821;186.809;26001
2015.11.12;16:00:00;187.083;186.541;186.71;186.821;45415
2015.11.12;20:00:00;186.888;186.581;186.688;186.71;14287
2015.11.13;00:00:00;186.819;186.531;186.703;186.688;16242
2015.11.13;04:00:00;186.701;186.397;186.545;186.701;10616
2015.11.13;08:00:00;186.961;186.47;186.784;186.544;19781
2015.11.13;12:00:00;187.019;186.46;186.904;186.787;29160
2015.11.13;16:00:00;186.979;186.483;186.867;186.905;32647
2015.11.13;20:00:00;186.949;186.706;186.733;186.869;11162
2015.11.16;00:00:00;186.514;185.982;186.375;186.075;20050
2015.11.16;04:00:00;186.43;186.208;186.248;186.374;6852
2015.11.16;08:00:00;186.898;186.216;186.774;186.251;26780
2015.11.16;12:00:00;187.163;186.771;186.834;186.772;28842
2015.11.16;16:00:00;187.418;186.755;187.377;186.832;32409
2015.11.16;20:00:00;187.448;187.215;187.223;187.376;9452
2015.11.17;00:00:00;187.473;187.181;187.364;187.201;14496
2015.11.17;04:00:00;187.405;187.122;187.202;187.364;9872
2015.11.17;08:00:00;187.494;186.852;187.464;187.204;24610
2015.11.17;12:00:00;187.616;187.251;187.599;187.464;25693
2015.11.17;16:00:00;187.973;187.442;187.744;187.597;33067
2015.11.17;20:00:00;187.806;187.535;187.728;187.744;18836
2015.11.18;00:00:00;187.88;187.644;187.659;187.731;11185
2015.11.18;04:00:00;187.668;187.314;187.403;187.659;7751
2015.11.18;08:00:00;187.98;187.272;187.738;187.401;23712
2015.11.18;12:00:00;187.845;187.614;187.749;187.739;25319
2015.11.18;16:00:00;187.994;187.527;187.871;187.75;29670
2015.11.18;20:00:00;188.368;187.857;188.323;187.868;20814
2015.11.19;00:00:00;188.792;188.163;188.642;188.313;17862
2015.11.19;04:00:00;188.688;188.123;188.35;188.641;17842
2015.11.19;08:00:00;188.508;187.596;187.915;188.349;26331
2015.11.19;12:00:00;188.094;187.801;188.048;187.916;28035
2015.11.19;16:00:00;188.163;187.737;187.897;188.048;36897
2015.11.19;20:00:00;187.942;187.766;187.843;187.897;9551
2015.11.20;00:00:00;187.97;187.708;187.87;187.838;15239
2015.11.20;04:00:00;188.076;187.684;187.69;187.87;10977
2015.11.20;08:00:00;187.999;187.461;187.737;187.687;24135
2015.11.20;12:00:00;187.981;187.065;187.136;187.74;25510
2015.11.20;16:00:00;187.302;186.484;186.579;187.135;31215
2015.11.20;20:00:00;186.739;186.457;186.541;186.577;10515
2015.11.23;00:00:00;186.767;186.379;186.728;186.463;10283
2015.11.23;04:00:00;186.964;186.682;186.918;186.728;7550
2015.11.23;08:00:00;186.958;186.499;186.681;186.92;22755
2015.11.23;12:00:00;186.691;186.288;186.491;186.678;26278
2015.11.23;16:00:00;186.551;185.858;185.9;186.491;30298
2015.11.23;20:00:00;185.959;185.637;185.737;185.896;9275
2015.11.24;00:00:00;185.962;185.645;185.677;185.736;13448
2015.11.24;04:00:00;185.813;185.653;185.693;185.677;7975
2015.11.24;08:00:00;185.989;185.126;185.438;185.696;25195
2015.11.24;12:00:00;185.502;184.487;184.583;185.435;35467
2015.11.24;16:00:00;184.79;184.316;184.502;184.582;33301
2015.11.24;20:00:00;184.824;184.46;184.735;184.501;14555
2015.11.25;00:00:00;184.875;184.505;184.686;184.735;14088
2015.11.25;04:00:00;184.876;184.646;184.813;184.685;8980
2015.11.25;08:00:00;185.05;184.487;184.777;184.816;26808
2015.11.25;12:00:00;185.713;184.661;185.713;184.774;32782
2015.11.25;16:00:00;185.786;185.095;185.383;185.713;32209
2015.11.25;20:00:00;185.76;185.384;185.622;185.384;13751
2015.11.26;00:00:00;185.674;185.344;185.476;185.635;14296
2015.11.26;04:00:00;185.513;185.299;185.317;185.476;6881
2015.11.26;08:00:00;185.422;184.718;184.852;185.316;20213
2015.11.26;12:00:00;185.227;184.645;185.205;184.853;19372
2015.11.26;16:00:00;185.381;185.112;185.203;185.204;14829
2015.11.26;20:00:00;185.252;184.965;185.055;185.203;26062
2015.11.27;00:00:00;185.304;185.051;185.122;185.061;14876
2015.11.27;04:00:00;185.14;184.833;184.882;185.123;8244
2015.11.27;08:00:00;184.896;184.279;184.309;184.881;27035
2015.11.27;12:00:00;184.726;184.234;184.616;184.309;25336
2015.11.27;16:00:00;184.905;184.538;184.787;184.617;23526
2015.11.27;20:00:00;184.845;184.412;184.479;184.788;11846
2015.11.30;00:00:00;184.759;184.342;184.403;184.614;16862
2015.11.30;04:00:00;184.516;184.34;184.481;184.404;13625
2015.11.30;08:00:00;184.844;184.4;184.724;184.481;23107
2015.11.30;12:00:00;185.023;184.56;184.799;184.722;23259
2015.11.30;16:00:00;185.646;184.731;185.132;184.799;28762
2015.11.30;20:00:00;185.463;185.114;185.313;185.132;11438
2015.12.01;00:00:00;185.775;185.228;185.625;185.315;16412
2015.12.01;04:00:00;185.64;185.069;185.612;185.623;16826
2015.12.01;08:00:00;186.011;185.455;185.683;185.615;24477
2015.12.01;12:00:00;185.898;185.408;185.494;185.683;21797
2015.12.01;16:00:00;185.625;184.938;185.263;185.494;32712
2015.12.01;20:00:00;185.324;185.126;185.245;185.262;13942
2015.12.02;00:00:00;185.352;185.124;185.27;185.244;10756
2015.12.02;04:00:00;185.438;185.22;185.379;185.272;10010
2015.12.02;08:00:00;185.625;185.118;185.175;185.379;23683
2015.12.02;12:00:00;185.418;184.925;184.969;185.174;26162
2015.12.02;16:00:00;185.091;184.149;184.415;184.969;37960
2015.12.02;20:00:00;184.518;183.959;184.328;184.413;22079
2015.12.03;00:00:00;184.328;184.074;184.077;184.323;10743
2015.12.03;04:00:00;184.291;183.998;184.164;184.076;12931
2015.12.03;08:00:00;184.551;184.062;184.384;184.164;23483
2015.12.03;12:00:00;185.304;184.211;185.198;184.382;43304
2015.12.03;16:00:00;185.889;185.052;185.36;185.198;51621
2015.12.03;20:00:00;185.752;185.059;185.621;185.359;34129
2015.12.04;00:00:00;185.776;185.459;185.563;185.626;21096
2015.12.04;04:00:00;185.594;185.265;185.403;185.565;18559
2015.12.04;08:00:00;185.806;185.113;185.637;185.405;31346
2015.12.04;12:00:00;186.232;185.514;185.713;185.637;40989
2015.12.04;16:00:00;186.19;185.534;186.001;185.713;58235
2015.12.04;20:00:00;186.211;185.914;185.955;185.999;19972
2015.12.07;00:00:00;186.199;185.954;186.092;185.954;13867
2015.12.07;04:00:00;186.209;186.061;186.112;186.097;9275
2015.12.07;08:00:00;186.332;185.711;185.921;186.117;21547
2015.12.07;12:00:00;186.171;185.821;186.085;185.923;23374
2015.12.07;16:00:00;186.127;185.582;185.606;186.085;37669
2015.12.07;20:00:00;185.9;185.458;185.69;185.606;16216
2015.12.08;00:00:00;185.744;185.344;185.409;185.7;12788
2015.12.08;04:00:00;185.413;185.118;185.146;185.411;11647
2015.12.08;08:00:00;185.375;184.62;184.742;185.146;23006
2015.12.08;12:00:00;184.849;183.749;183.807;184.742;33033
2015.12.08;16:00:00;184.574;183.796;184.518;183.805;37125
2015.12.08;20:00:00;184.603;184.348;184.438;184.516;19579
2015.12.09;00:00:00;184.699;184.337;184.503;184.447;15516
2015.12.09;04:00:00;184.504;184.077;184.234;184.502;18350
2015.12.09;08:00:00;184.833;184.232;184.641;184.236;28378
2015.12.09;12:00:00;184.929;184.086;184.493;184.644;35359
2015.12.09;16:00:00;185.378;184.096;184.116;184.492;54406
2015.12.09;20:00:00;184.421;183.681;184.301;184.116;41725
2015.12.10;00:00:00;184.792;184.108;184.458;184.573;23551
2015.12.10;04:00:00;184.685;184.274;184.641;184.458;11608
2015.12.10;08:00:00;184.961;184.547;184.792;184.641;25569
2015.12.10;12:00:00;184.853;183.359;183.859;184.792;35758
2015.12.10;16:00:00;184.439;183.859;184.208;183.859;36659
2015.12.10;20:00:00;184.445;184.12;184.234;184.206;17327
2015.12.11;00:00:00;184.961;184.242;184.901;184.245;19195
2015.12.11;04:00:00;185.047;184.674;184.704;184.9;8822
2015.12.11;08:00:00;185.042;184.524;184.55;184.704;22756
2015.12.11;12:00:00;184.563;183.737;184.266;184.549;37387
2015.12.11;16:00:00;184.511;183.553;183.813;184.266;52861
2015.12.11;20:00:00;184.12;183.6;183.908;183.814;26195
2015.12.14;00:00:00;184.495;183.33;183.819;184.495;17074
2015.12.14;04:00:00;184.179;183.574;184.158;183.819;17707
2015.12.14;08:00:00;184.378;183.428;183.692;184.16;26894
2015.12.14;12:00:00;183.871;182.429;182.939;183.693;39022
2015.12.14;16:00:00;183.089;182.109;182.769;182.936;56460
2015.12.14;20:00:00;183.253;182.628;183.209;182.769;24941
2015.12.15;00:00:00;183.641;183.153;183.356;183.212;17813
2015.12.15;04:00:00;183.606;183.224;183.256;183.357;11187
2015.12.15;08:00:00;183.491;182.571;183.338;183.259;29708
2015.12.15;12:00:00;183.878;183.146;183.856;183.338;35721
2015.12.15;16:00:00;184.212;182.879;183.297;183.862;44537
2015.12.15;20:00:00;183.293;183.284;183.293;183.293;15
