DATE;TIME;HIGH;LOW;CLOSE;OPEN;VOLUME
2015.04.27;12:00:00;1.99306;1.98741;1.9912;1.99287;18777
2015.04.27;16:00:00;1.99402;1.98555;1.99275;1.99123;26277
2015.04.27;20:00:00;1.99425;1.99037;1.99159;1.99266;9958
2015.04.28;00:00:00;1.99664;1.99057;1.99475;1.99201;8229
2015.04.28;04:00:00;1.99885;1.99289;1.9988;1.9947;8778
2015.04.28;08:00:00;1.99905;1.9827;1.98317;1.9988;21583
2015.04.28;12:00:00;1.99102;1.98225;1.98781;1.98316;24117
2015.04.28;16:00:00;1.98925;1.97965;1.98215;1.98783;29309
2015.04.28;20:00:00;1.98748;1.98144;1.98555;1.98208;10719
2015.04.29;00:00:00;1.98855;1.98182;1.98795;1.98716;9056
2015.04.29;04:00:00;1.99475;1.98755;1.99305;1.98795;9750
2015.04.29;08:00:00;1.99848;1.99051;1.99725;1.99301;19309
2015.04.29;12:00:00;2.00256;1.99308;1.99845;1.99726;27161
2015.04.29;16:00:00;2.00614;1.99473;1.9992;1.99845;34820
2015.04.29;20:00:00;2.01016;1.99269;2.00606;1.99925;17815
2015.04.30;00:00:00;2.03157;2.00702;2.02435;2.00714;7249
2015.04.30;04:00:00;2.02717;2.02225;2.02387;2.02435;12053
2015.04.30;08:00:00;2.03575;2.023;2.03031;2.02392;20355
2015.04.30;12:00:00;2.03195;2.02151;2.02335;2.03026;21549
2015.04.30;16:00:00;2.02517;2.01257;2.01395;2.02335;26797
2015.04.30;20:00:00;2.01683;2.00851;2.01435;2.01391;9808
2015.05.01;00:00:00;2.02035;2.01089;2.01927;2.01405;6156
2015.05.01;04:00:00;2.02625;2.0175;2.02275;2.01927;6085
2015.05.01;08:00:00;2.03085;2.01605;2.01635;2.02275;12493
2015.05.01;12:00:00;2.01799;2.00995;2.01215;2.01625;12812
2015.05.01;16:00:00;2.01595;2.00492;2.00845;2.01225;19527
2015.05.01;20:00:00;2.01279;2.00572;2.00636;2.00835;6259
2015.05.04;00:00:00;2.01725;2.0083;2.01615;2.00956;6231
2015.05.04;04:00:00;2.01725;2.01221;2.01255;2.01615;5314
2015.05.04;08:00:00;2.01305;2.00695;2.00955;2.01265;9107
2015.05.04;12:00:00;2.01055;2.00366;2.00871;2.00945;11259
2015.05.04;16:00:00;2.00926;2.00155;2.0082;2.00866;13680
2015.05.04;20:00:00;2.00954;2.00475;2.00475;2.00816;6464
2015.05.05;00:00:00;2.00734;2.00336;2.00545;2.00427;4859
2015.05.05;04:00:00;2.00939;2.0004;2.00316;2.00545;7802
2015.05.05;08:00:00;2.01485;2.00083;2.01355;2.00325;13651
2015.05.05;12:00:00;2.01795;2.01262;2.01475;2.01347;19914
2015.05.05;16:00:00;2.02365;2.00435;2.00817;2.01477;23845
2015.05.05;20:00:00;2.0094;2.00479;2.00759;2.00821;7756
2015.05.06;00:00:00;2.03015;2.00457;2.02855;2.0078;8559
2015.05.06;04:00:00;2.03495;2.02745;2.03232;2.02846;10428
2015.05.06;08:00:00;2.03545;2.01835;2.02507;2.03242;18438
2015.05.06;12:00:00;2.03319;2.02345;2.02449;2.02506;24445
2015.05.06;16:00:00;2.03205;2.02145;2.03185;2.02449;25511
2015.05.06;20:00:00;2.03495;2.02815;2.03199;2.03181;9390
2015.05.07;00:00:00;2.03597;2.02975;2.03155;2.03192;7873
2015.05.07;04:00:00;2.03385;2.02478;2.03138;2.03155;14133
2015.05.07;08:00:00;2.03235;2.02585;2.03125;2.0313;16572
2015.05.07;12:00:00;2.04115;2.02832;2.03695;2.03125;20453
2015.05.07;16:00:00;2.04845;2.03475;2.04395;2.03705;24045
2015.05.07;20:00:00;2.05226;2.04365;2.04567;2.04415;8939
2015.05.08;00:00:00;2.07513;2.04152;2.06825;2.04427;11372
2015.05.08;04:00:00;2.08355;2.06805;2.07962;2.06835;15997
2015.05.08;08:00:00;2.08525;2.06965;2.08155;2.07965;19814
2015.05.08;12:00:00;2.08175;2.06214;2.06349;2.08152;19158
2015.05.08;16:00:00;2.06675;2.05669;2.06265;2.06349;25606
2015.05.08;20:00:00;2.06965;2.05983;2.05995;2.06245;7675
2015.05.11;00:00:00;2.08345;2.06545;2.08146;2.06565;6353
2015.05.11;04:00:00;2.08888;2.08003;2.08698;2.08147;9738
2015.05.11;08:00:00;2.09175;2.08288;2.08585;2.08698;13579
2015.05.11;12:00:00;2.10325;2.08402;2.10325;2.08585;14218
2015.05.11;16:00:00;2.12355;2.10085;2.11962;2.10335;20443
2015.05.11;20:00:00;2.12495;2.11675;2.12371;2.11964;7600
2015.05.12;00:00:00;2.12435;2.11971;2.12267;2.12361;7158
2015.05.12;04:00:00;2.12348;2.11308;2.11565;2.12271;9158
2015.05.12;08:00:00;2.12465;2.11147;2.12184;2.1156;19566
2015.05.12;12:00:00;2.13125;2.11889;2.12437;2.1222;21974
2015.05.12;16:00:00;2.13157;2.12285;2.13125;2.12445;19666
2015.05.12;20:00:00;2.13315;2.12442;2.12697;2.13115;8747
2015.05.13;00:00:00;2.13838;2.11189;2.11902;2.12684;10040
2015.05.13;04:00:00;2.12705;2.11433;2.12199;2.11895;11142
2015.05.13;08:00:00;2.12381;2.10977;2.11782;2.12199;17033
2015.05.13;12:00:00;2.11855;2.09255;2.09595;2.11786;24097
2015.05.13;16:00:00;2.10525;2.09367;2.10395;2.09599;22431
2015.05.13;20:00:00;2.10705;2.10206;2.1027;2.10395;8326
2015.05.14;00:00:00;2.10465;2.08079;2.08555;2.10255;8635
2015.05.14;04:00:00;2.09233;2.08354;2.09118;2.08565;9713
2015.05.14;08:00:00;2.10605;2.08395;2.1038;2.09114;18748
2015.05.14;12:00:00;2.10859;2.0981;2.09895;2.1038;17719
2015.05.14;16:00:00;2.10305;2.09185;2.09935;2.09885;19642
2015.05.14;20:00:00;2.10485;2.09945;2.10295;2.09945;6875
2015.05.15;00:00:00;2.11485;2.10188;2.11295;2.10275;6757
2015.05.15;04:00:00;2.11409;2.10838;2.1097;2.11285;8154
2015.05.15;08:00:00;2.11595;2.10895;2.11445;2.10969;15746
2015.05.15;12:00:00;2.11515;2.10969;2.11465;2.11465;14334
2015.05.15;16:00:00;2.11764;2.10455;2.10712;2.11457;18867
2015.05.15;20:00:00;2.10815;2.09891;2.10336;2.10707;7171
2015.05.18;00:00:00;2.11481;2.10972;2.11385;2.11025;3534
2015.05.18;04:00:00;2.11792;2.11297;2.11473;2.11389;4914
2015.05.18;08:00:00;2.11664;2.10908;2.11065;2.1147;13246
2015.05.18;12:00:00;2.11795;2.10755;2.11785;2.11065;14521
2015.05.18;16:00:00;2.12455;2.11639;2.12004;2.11775;16252
2015.05.18;20:00:00;2.12345;2.11675;2.11685;2.12005;9223
2015.05.19;00:00:00;2.12538;2.11418;2.1215;2.11665;6804
2015.05.19;04:00:00;2.12455;2.10601;2.10876;2.12155;11125
2015.05.19;08:00:00;2.11389;2.0927;2.09579;2.10885;20962
2015.05.19;12:00:00;2.09825;2.0906;2.09726;2.09567;16228
2015.05.19;16:00:00;2.11319;2.09715;2.11115;2.09725;18367
2015.05.19;20:00:00;2.11282;2.10698;2.11055;2.11116;6865
2015.05.20;00:00:00;2.11224;2.10704;2.10887;2.11055;7279
2015.05.20;04:00:00;2.11031;2.10505;2.10616;2.10895;9260
2015.05.20;08:00:00;2.11585;2.10485;2.11408;2.10616;22024
2015.05.20;12:00:00;2.11935;2.11285;2.11826;2.11408;17495
2015.05.20;16:00:00;2.13105;2.11732;2.1281;2.11825;20435
2015.05.20;20:00:00;2.12822;2.11973;2.12529;2.12805;15148
2015.05.21;00:00:00;2.12938;2.12464;2.12635;2.12542;5774
2015.05.21;04:00:00;2.12767;2.11928;2.11945;2.12626;10328
2015.05.21;08:00:00;2.13975;2.11812;2.13665;2.11944;19339
2015.05.21;12:00:00;2.14825;2.13535;2.14415;2.13665;17703
2015.05.21;16:00:00;2.14515;2.13835;2.1407;2.14425;19069
2015.05.21;20:00:00;2.14195;2.12949;2.1302;2.14068;6669
2015.05.22;00:00:00;2.13265;2.12319;2.12319;2.12975;7407
2015.05.22;04:00:00;2.12515;2.11936;2.12161;2.12332;9993
2015.05.22;08:00:00;2.12665;2.11938;2.12385;2.12049;14346
2015.05.22;12:00:00;2.13034;2.11923;2.12335;2.12385;22185
2015.05.22;16:00:00;2.12475;2.11525;2.11635;2.12325;26122
2015.05.22;20:00:00;2.12082;2.11444;2.11529;2.11639;7625
2015.05.25;00:00:00;2.12145;2.11345;2.12065;2.11382;7019
2015.05.25;04:00:00;2.12095;2.11717;2.11718;2.12065;9244
2015.05.25;08:00:00;2.12225;2.11681;2.11875;2.11714;12231
2015.05.25;12:00:00;2.12115;2.11515;2.11575;2.11875;8018
2015.05.25;16:00:00;2.11635;2.11345;2.11515;2.11575;4678
2015.05.25;20:00:00;2.11632;2.11381;2.1148;2.11522;7680
2015.05.26;00:00:00;2.11746;2.11323;2.11475;2.1148;5292
2015.05.26;04:00:00;2.11515;2.1106;2.11207;2.11485;8956
2015.05.26;08:00:00;2.11905;2.11074;2.11707;2.11205;20590
2015.05.26;12:00:00;2.11925;2.10765;2.11925;2.11707;21116
2015.05.26;16:00:00;2.13053;2.11515;2.12693;2.11925;25759
2015.05.26;20:00:00;2.12943;2.12536;2.12675;2.12697;8021
2015.05.27;00:00:00;2.12851;2.12285;2.1241;2.12471;4085
2015.05.27;04:00:00;2.13065;2.12026;2.12315;2.12407;10923
2015.05.27;08:00:00;2.13025;2.12146;2.12495;2.12325;16996
2015.05.27;12:00:00;2.12941;2.12358;2.12526;2.12495;21210
2015.05.27;16:00:00;2.1261;2.11645;2.1221;2.12526;25421
2015.05.27;20:00:00;2.12745;2.11145;2.11145;2.12219;8733
2015.05.28;00:00:00;2.12028;2.10955;2.1156;2.11145;6265
2015.05.28;04:00:00;2.12295;2.11339;2.11975;2.11557;11630
2015.05.28;08:00:00;2.12495;2.11452;2.11699;2.11973;21094
2015.05.28;12:00:00;2.13817;2.11295;2.13601;2.11708;24214
2015.05.28;16:00:00;2.14276;2.13465;2.13571;2.13593;24970
2015.05.28;20:00:00;2.1372;2.12965;2.13313;2.13571;8312
2015.05.29;00:00:00;2.13764;2.12995;2.13569;2.13316;7206
2015.05.29;04:00:00;2.1485;2.13558;2.14534;2.13558;12200
2015.05.29;08:00:00;2.15195;2.14259;2.14724;2.14544;17114
2015.05.29;12:00:00;2.1482;2.13766;2.14656;2.14728;22305
2015.05.29;16:00:00;2.15575;2.14164;2.1498;2.14656;23080
2015.05.29;20:00:00;2.15528;2.14693;2.14815;2.14985;7704
2015.06.01;00:00:00;2.16025;2.15071;2.15377;2.15576;3716
2015.06.01;04:00:00;2.155;2.14958;2.15215;2.15375;7388
2015.06.01;08:00:00;2.15374;2.13888;2.14155;2.15218;16026
2015.06.01;12:00:00;2.14185;2.13283;2.13403;2.14135;18549
2015.06.01;16:00:00;2.14355;2.13375;2.14245;2.13406;22180
2015.06.01;20:00:00;2.14558;2.14145;2.14366;2.14245;7970
2015.06.02;00:00:00;2.14327;2.1376;2.1382;2.14327;6782
2015.06.02;04:00:00;2.14065;2.13475;2.13695;2.1382;12150
2015.06.02;08:00:00;2.14645;2.13143;2.14525;2.13694;16659
2015.06.02;12:00:00;2.14944;2.13681;2.13935;2.14535;21198
2015.06.02;16:00:00;2.14521;2.13137;2.13643;2.13928;27526
2015.06.02;20:00:00;2.13777;2.13334;2.13525;2.13653;6871
2015.06.03;00:00:00;2.14277;2.13493;2.13985;2.13525;7060
2015.06.03;04:00:00;2.14354;2.13467;2.14054;2.13994;10869
2015.06.03;08:00:00;2.14615;2.13346;2.13646;2.14055;18741
2015.06.03;12:00:00;2.14415;2.13469;2.14317;2.13655;21456
2015.06.03;16:00:00;2.14936;2.13371;2.14695;2.14316;26454
2015.06.03;20:00:00;2.14735;2.14221;2.14335;2.14695;7222
2015.06.04;00:00:00;2.14435;2.14001;2.14145;2.14384;4479
2015.06.04;04:00:00;2.1504;2.13946;2.14859;2.14142;8405
2015.06.04;08:00:00;2.15523;2.14191;2.15215;2.14864;18907
2015.06.04;12:00:00;2.16228;2.14895;2.15488;2.15215;20199
2015.06.04;16:00:00;2.16178;2.15045;2.15805;2.15492;19586
2015.06.04;20:00:00;2.16215;2.15335;2.15356;2.15805;7751
2015.06.05;00:00:00;2.15821;2.15167;2.15582;2.1531;6534
2015.06.05;04:00:00;2.15607;2.14924;2.15109;2.15585;7105
2015.06.05;08:00:00;2.15195;2.14645;2.14645;2.15115;14528
2015.06.05;12:00:00;2.16546;2.1416;2.16245;2.14635;17409
2015.06.05;16:00:00;2.16735;2.15769;2.16519;2.16245;25773
2015.06.05;20:00:00;2.17088;2.16399;2.16534;2.16519;9194
2015.06.08;00:00:00;2.16744;2.16288;2.16565;2.16405;4659
2015.06.08;04:00:00;2.16692;2.16271;2.16432;2.1656;7739
2015.06.08;08:00:00;2.16684;2.1573;2.1576;2.16435;17066
2015.06.08;12:00:00;2.15925;2.1528;2.15435;2.1576;13386
2015.06.08;16:00:00;2.15835;2.15055;2.15785;2.1543;15052
2015.06.08;20:00:00;2.15815;2.1428;2.14726;2.1579;9641
2015.06.09;00:00:00;2.15374;2.14645;2.15374;2.14714;5716
2015.06.09;04:00:00;2.15956;2.15151;2.158;2.15369;7418
2015.06.09;08:00:00;2.16093;2.14912;2.15024;2.15801;16374
2015.06.09;12:00:00;2.15025;2.13364;2.14549;2.15015;21192
2015.06.09;16:00:00;2.15625;2.13988;2.15453;2.14549;16450
2015.06.09;20:00:00;2.15683;2.15205;2.15604;2.15455;6646
2015.06.10;00:00:00;2.15577;2.1505;2.15297;2.15577;4970
2015.06.10;04:00:00;2.16222;2.15069;2.15455;2.15297;12278
2015.06.10;08:00:00;2.15697;2.13515;2.14616;2.15455;21039
2015.06.10;12:00:00;2.15737;2.1427;2.15602;2.1462;20669
2015.06.10;16:00:00;2.16131;2.15086;2.15365;2.15588;19487
2015.06.10;20:00:00;2.15847;2.15241;2.15241;2.15375;7808
2015.06.11;00:00:00;2.21105;2.1904;2.20483;2.19335;9432
2015.06.11;04:00:00;2.20914;2.19697;2.20695;2.20488;10500
2015.06.11;08:00:00;2.21207;2.19735;2.20245;2.20695;16516
2015.06.11;12:00:00;2.21397;2.20175;2.20745;2.20235;18867
2015.06.11;16:00:00;2.22094;2.20609;2.21499;2.20754;18700
2015.06.11;20:00:00;2.21635;2.20929;2.21136;2.21499;7412
2015.06.12;00:00:00;2.2137;2.20646;2.21158;2.2117;5090
2015.06.12;04:00:00;2.21425;2.21001;2.21332;2.21155;9146
2015.06.12;08:00:00;2.22685;2.21185;2.22381;2.21337;14766
2015.06.12;12:00:00;2.22716;2.21715;2.22285;2.22375;19327
2015.06.12;16:00:00;2.23228;2.22176;2.22395;2.22295;20006
2015.06.12;20:00:00;2.22905;2.22325;2.22515;2.22395;6255
2015.06.15;00:00:00;2.23025;2.22115;2.22815;2.22315;4175
2015.06.15;04:00:00;2.23116;2.22565;2.22918;2.22811;7649
2015.06.15;08:00:00;2.23007;2.22285;2.22661;2.22914;15453
2015.06.15;12:00:00;2.22813;2.21533;2.21844;2.22658;14464
2015.06.15;16:00:00;2.22686;2.21579;2.22388;2.21844;14812
2015.06.15;20:00:00;2.23205;2.22365;2.2277;2.22395;9273
2015.06.16;00:00:00;2.23026;2.22505;2.22985;2.22775;4270
2015.06.16;04:00:00;2.23342;2.22515;2.23327;2.22982;7471
2015.06.16;08:00:00;2.23695;2.22735;2.22796;2.23325;13988
2015.06.16;12:00:00;2.23925;2.22746;2.23296;2.22795;15273
2015.06.16;16:00:00;2.23925;2.23235;2.23788;2.23305;14378
2015.06.16;20:00:00;2.24025;2.2373;2.23799;2.23784;6390
2015.06.17;00:00:00;2.24162;2.23637;2.23852;2.23765;4382
2015.06.17;04:00:00;2.24565;2.238;2.24459;2.23863;6783
2015.06.17;08:00:00;2.27096;2.24245;2.26905;2.24456;16001
2015.06.17;12:00:00;2.27485;2.26518;2.27062;2.26895;16735
2015.06.17;16:00:00;2.27508;2.26806;2.27288;2.27067;14640
2015.06.17;20:00:00;2.27873;2.25785;2.26442;2.27285;22503
2015.06.18;00:00:00;2.30258;2.26185;2.29559;2.26453;10437
2015.06.18;04:00:00;2.29837;2.29218;2.29536;2.29564;9157
2015.06.18;08:00:00;2.30023;2.29047;2.29351;2.29539;19578
2015.06.18;12:00:00;2.29775;2.28065;2.28525;2.29348;21066
2015.06.18;16:00:00;2.29075;2.27985;2.29025;2.28525;19521
2015.06.18;20:00:00;2.29245;2.28795;2.29071;2.29031;8979
2015.06.19;00:00:00;2.29651;2.28775;2.29297;2.29091;5225
2015.06.19;04:00:00;2.29562;2.28955;2.29426;2.29293;7719
2015.06.19;08:00:00;2.29857;2.29258;2.29555;2.2943;14470
2015.06.19;12:00:00;2.30158;2.29345;2.30045;2.29555;13680
2015.06.19;16:00:00;2.30545;2.2975;2.30185;2.30045;13414
2015.06.19;20:00:00;2.30335;2.2962;2.29636;2.30181;5379
2015.06.22;00:00:00;2.30184;2.29585;2.30048;2.29585;3243
2015.06.22;04:00:00;2.30049;2.29575;2.29878;2.30044;6043
2015.06.22;08:00:00;2.301;2.29426;2.30071;2.29874;13955
2015.06.22;12:00:00;2.30312;2.29524;2.29637;2.30071;15356
2015.06.22;16:00:00;2.30405;2.29523;2.30298;2.29637;15796
2015.06.22;20:00:00;2.30607;2.30198;2.30405;2.30298;6771
2015.06.23;00:00:00;2.30585;2.30166;2.30367;2.30395;3714
2015.06.23;04:00:00;2.30583;2.29635;2.30204;2.30377;8745
2015.06.23;08:00:00;2.30578;2.29923;2.30578;2.302;13205
2015.06.23;12:00:00;2.30925;2.30345;2.30807;2.30582;17128
2015.06.23;16:00:00;2.30819;2.29541;2.29868;2.30812;18476
2015.06.23;20:00:00;2.29888;2.29331;2.29345;2.29865;7597
2015.06.24;00:00:00;2.29616;2.28988;2.29397;2.29325;4353
2015.06.24;04:00:00;2.29618;2.29031;2.29575;2.29397;7210
2015.06.24;08:00:00;2.30215;2.29015;2.29334;2.29569;14708
2015.06.24;12:00:00;2.29456;2.28631;2.28972;2.2933;15867
2015.06.24;16:00:00;2.2942;2.27546;2.27756;2.28976;15382
2015.06.24;20:00:00;2.27985;2.27295;2.27726;2.27754;7906
2015.06.25;00:00:00;2.28275;2.27294;2.27294;2.27739;5295
2015.06.25;04:00:00;2.27432;2.267;2.26846;2.27298;8240
2015.06.25;08:00:00;2.27995;2.26769;2.27595;2.26852;12086
2015.06.25;12:00:00;2.27837;2.26988;2.27756;2.27595;16743
2015.06.25;16:00:00;2.27965;2.27405;2.27775;2.27755;12188
2015.06.25;20:00:00;2.28003;2.27573;2.27964;2.27765;7809
2015.06.26;00:00:00;2.29259;2.27597;2.28377;2.27696;6067
2015.06.26;04:00:00;2.28667;2.28225;2.28495;2.2838;7779
2015.06.26;08:00:00;2.29257;2.28393;2.29085;2.28495;10508
2015.06.26;12:00:00;2.29825;2.28815;2.29635;2.29085;13237
2015.06.26;16:00:00;2.30743;2.29556;2.30194;2.29628;17791
2015.06.26;20:00:00;2.30415;2.2977;2.30225;2.30197;6385
2015.06.29;00:00:00;2.30922;2.28973;2.29805;2.29355;15015
2015.06.29;04:00:00;2.30048;2.28825;2.29795;2.29815;9035
2015.06.29;08:00:00;2.30355;2.29262;2.29905;2.29787;19337
2015.06.29;12:00:00;2.30185;2.29366;2.30068;2.29915;17552
2015.06.29;16:00:00;2.31156;2.29241;2.29424;2.30065;22467
2015.06.29;20:00:00;2.29685;2.28604;2.29485;2.2942;11858
2015.06.30;00:00:00;2.30229;2.29353;2.29977;2.29555;5487
2015.06.30;04:00:00;2.31344;2.29844;2.30973;2.29955;10872
2015.06.30;08:00:00;2.32345;2.30463;2.32241;2.30976;17821
2015.06.30;12:00:00;2.32822;2.31922;2.32415;2.32247;20639
2015.06.30;16:00:00;2.32846;2.3189;2.32075;2.32415;18231
2015.06.30;20:00:00;2.32339;2.31754;2.32109;2.32075;7898
2015.07.01;00:00:00;2.32124;2.30908;2.31041;2.32124;11288
2015.07.01;04:00:00;2.31499;2.30483;2.30981;2.31042;8218
2015.07.01;08:00:00;2.31925;2.30623;2.309;2.3097;12755
2015.07.01;12:00:00;2.31646;2.3066;2.31317;2.30892;14301
2015.07.01;16:00:00;2.32134;2.30979;2.31199;2.31322;15644
2015.07.01;20:00:00;2.31803;2.3092;2.31729;2.31195;7863
2015.07.02;00:00:00;2.33055;2.31641;2.32556;2.31756;5373
2015.07.02;04:00:00;2.32988;2.32483;2.32906;2.32555;7308
2015.07.02;08:00:00;2.33803;2.32892;2.33445;2.32902;12158
2015.07.02;12:00:00;2.33778;2.32503;2.32884;2.33435;16406
2015.07.02;16:00:00;2.32919;2.31832;2.31835;2.32884;15077
2015.07.02;20:00:00;2.32259;2.31713;2.32044;2.31839;6320
2015.07.03;00:00:00;2.32314;2.31837;2.32094;2.32025;4484
2015.07.03;04:00:00;2.32757;2.319;2.32117;2.32088;9013
2015.07.03;08:00:00;2.33767;2.32119;2.33462;2.32119;10981
2015.07.03;12:00:00;2.33745;2.32999;2.33485;2.33591;12749
2015.07.03;16:00:00;2.3382;2.32572;2.32963;2.33483;9606
2015.07.03;20:00:00;2.33257;2.32035;2.32364;2.32963;5001
2015.07.06;00:00:00;2.33612;2.32297;2.32437;2.32861;7483
2015.07.06;04:00:00;2.33193;2.32193;2.33072;2.32437;7644
2015.07.06;08:00:00;2.33441;2.32023;2.32659;2.33072;17166
2015.07.06;12:00:00;2.3276;2.31915;2.31963;2.32663;12580
2015.07.06;16:00:00;2.33244;2.31765;2.33155;2.31961;11428
2015.07.06;20:00:00;2.33584;2.32839;2.33125;2.33165;4953
2015.07.07;00:00:00;2.33967;2.33121;2.33748;2.33125;5250
2015.07.07;04:00:00;2.3405;2.33275;2.33987;2.33747;11857
2015.07.07;08:00:00;2.34715;2.33593;2.3386;2.33992;13529
2015.07.07;12:00:00;2.33974;2.3248;2.32726;2.33864;15861
2015.07.07;16:00:00;2.32975;2.31426;2.31753;2.32726;16617
2015.07.07;20:00:00;2.32702;2.31684;2.32273;2.3175;10676
2015.07.08;00:00:00;2.32581;2.31712;2.31967;2.32273;6271
2015.07.08;04:00:00;2.32957;2.31908;2.32346;2.31979;11125
2015.07.08;08:00:00;2.33001;2.30858;2.30858;2.3235;15955
2015.07.08;12:00:00;2.30881;2.28966;2.29451;2.30859;14000
2015.07.08;16:00:00;2.29666;2.27402;2.27928;2.29448;13976
2015.07.08;20:00:00;2.28485;2.27732;2.28215;2.27928;8347
2015.07.09;00:00:00;2.2927;2.27942;2.29194;2.2803;4952
2015.07.09;04:00:00;2.29204;2.27576;2.28386;2.29197;8524
2015.07.09;08:00:00;2.29148;2.28011;2.28965;2.2839;14524
2015.07.09;12:00:00;2.29499;2.27851;2.28206;2.28969;12327
2015.07.09;16:00:00;2.28929;2.28025;2.28332;2.28206;9295
2015.07.09;20:00:00;2.28536;2.27905;2.28006;2.28342;7326
2015.07.10;00:00:00;2.28165;2.26967;2.2766;2.27924;5095
2015.07.10;04:00:00;2.28123;2.2728;2.27676;2.2766;5679
2015.07.10;08:00:00;2.29069;2.27553;2.28945;2.2768;12048
2015.07.10;12:00:00;2.30261;2.28857;2.30248;2.28935;16764
2015.07.10;16:00:00;2.31519;2.30057;2.31316;2.30254;13589
2015.07.10;20:00:00;2.31443;2.30045;2.30686;2.31327;5565
2015.07.13;00:00:00;2.31414;2.30745;2.3075;2.30967;3943
2015.07.13;04:00:00;2.30853;2.298;2.3016;2.30755;6992
2015.07.13;08:00:00;2.31969;2.29966;2.31521;2.3016;18661
2015.07.13;12:00:00;2.32323;2.31041;2.31492;2.31521;14348
2015.07.13;16:00:00;2.3251;2.31205;2.3131;2.31495;11063
2015.07.13;20:00:00;2.31582;2.31157;2.312;2.31315;7134
2015.07.14;00:00:00;2.32021;2.31159;2.31596;2.3119;4721
2015.07.14;04:00:00;2.31908;2.31388;2.3189;2.31603;6657
2015.07.14;08:00:00;2.31972;2.30935;2.31339;2.31896;14149
2015.07.14;12:00:00;2.3355;2.31267;2.32366;2.31267;19969
2015.07.14;16:00:00;2.3254;2.31826;2.322;2.32361;12531
2015.07.14;20:00:00;2.33155;2.32157;2.32748;2.32196;5050
2015.07.15;00:00:00;2.33478;2.32681;2.33467;2.32785;5412
2015.07.15;04:00:00;2.3354;2.32654;2.33237;2.33463;7974
2015.07.15;08:00:00;2.34107;2.33185;2.33663;2.33231;14216
2015.07.15;12:00:00;2.34033;2.32941;2.33743;2.33658;13360
2015.07.15;16:00:00;2.37274;2.33667;2.36853;2.33733;17139
2015.07.15;20:00:00;2.37325;2.36604;2.37128;2.36858;7901
2015.07.16;00:00:00;2.38394;2.3676;2.38356;2.37139;7891
2015.07.16;04:00:00;2.40082;2.38249;2.39657;2.38356;13417
2015.07.16;08:00:00;2.40242;2.3885;2.39192;2.3965;19385
2015.07.16;12:00:00;2.39683;2.38468;2.38809;2.39205;21148
2015.07.16;16:00:00;2.39249;2.38185;2.39195;2.38809;15906
2015.07.16;20:00:00;2.39901;2.3905;2.3943;2.3919;6825
2015.07.17;00:00:00;2.3967;2.39132;2.39305;2.39518;3815
2015.07.17;04:00:00;2.39371;2.38905;2.38947;2.39305;5851
2015.07.17;08:00:00;2.3982;2.38941;2.39469;2.38944;11588
2015.07.17;12:00:00;2.39474;2.3753;2.38375;2.39468;12390
2015.07.17;16:00:00;2.39641;2.37852;2.39341;2.38374;9642
2015.07.17;20:00:00;2.39435;2.38626;2.39144;2.39337;3657
2015.07.20;00:00:00;2.39626;2.38855;2.39316;2.39083;2773
2015.07.20;04:00:00;2.39613;2.37404;2.37606;2.39311;7250
2015.07.20;08:00:00;2.37623;2.36655;2.36879;2.37596;14742
2015.07.20;12:00:00;2.37002;2.36164;2.36568;2.36869;11955
2015.07.20;16:00:00;2.37697;2.36538;2.37208;2.36568;13100
2015.07.20;20:00:00;2.3728;2.36526;2.36825;2.37204;6474
2015.07.21;00:00:00;2.37175;2.36146;2.3638;2.36799;3939
2015.07.21;04:00:00;2.36403;2.35559;2.36068;2.36383;10173
2015.07.21;08:00:00;2.36413;2.35389;2.35555;2.36068;17849
2015.07.21;12:00:00;2.36028;2.34813;2.356;2.35552;16513
2015.07.21;16:00:00;2.35614;2.338;2.34028;2.35614;15619
2015.07.21;20:00:00;2.34788;2.34006;2.34618;2.34023;6074
2015.07.22;00:00:00;2.35054;2.34188;2.34861;2.34596;4017
2015.07.22;04:00:00;2.35539;2.34354;2.35296;2.3486;8070
2015.07.22;08:00:00;2.36628;2.35104;2.36193;2.35295;13951
2015.07.22;12:00:00;2.37461;2.35766;2.37192;2.36188;11480
2015.07.22;16:00:00;2.38094;2.36825;2.37083;2.37188;14684
2015.07.22;20:00:00;2.37603;2.36661;2.37109;2.37077;6867
2015.07.23;00:00:00;2.37256;2.34607;2.36129;2.37256;7737
2015.07.23;04:00:00;2.3619;2.35269;2.35627;2.36124;7629
2015.07.23;08:00:00;2.35756;2.32931;2.33006;2.35623;17184
2015.07.23;12:00:00;2.34167;2.32928;2.34001;2.32994;13375
2015.07.23;16:00:00;2.34322;2.33223;2.33533;2.33995;14973
2015.07.23;20:00:00;2.34812;2.3342;2.34675;2.33529;7997
2015.07.24;00:00:00;2.35076;2.34193;2.34555;2.34685;4721
2015.07.24;04:00:00;2.36178;2.34323;2.3558;2.34547;10209
2015.07.24;08:00:00;2.35794;2.3485;2.35463;2.3558;12014
2015.07.24;12:00:00;2.3606;2.35132;2.35419;2.35467;11294
2015.07.24;16:00:00;2.36017;2.35265;2.3574;2.35419;12083
2015.07.24;20:00:00;2.36245;2.35459;2.35713;2.35737;4449
2015.07.27;00:00:00;2.36158;2.35712;2.3584;2.35896;4910
2015.07.27;04:00:00;2.35871;2.3501;2.35731;2.3583;9701
2015.07.27;08:00:00;2.35771;2.34441;2.3476;2.35736;14720
2015.07.27;12:00:00;2.35019;2.34477;2.34814;2.34765;12989
2015.07.27;16:00:00;2.3509;2.34207;2.34857;2.34818;13435
2015.07.27;20:00:00;2.35586;2.3485;2.35415;2.34857;5430
2015.07.28;00:00:00;2.35706;2.34281;2.34287;2.35425;4589
2015.07.28;04:00:00;2.34836;2.33243;2.33435;2.34291;9500
2015.07.28;08:00:00;2.34084;2.32728;2.33662;2.33435;12875
2015.07.28;12:00:00;2.34256;2.3347;2.3353;2.33654;12933
2015.07.28;16:00:00;2.33996;2.3285;2.33216;2.3353;14853
2015.07.28;20:00:00;2.33973;2.32848;2.33075;2.33211;7071
2015.07.29;00:00:00;2.34215;2.31535;2.32523;2.33438;6171
2015.07.29;04:00:00;2.3284;2.3236;2.32811;2.32523;6645
2015.07.29;08:00:00;2.33919;2.32472;2.33522;2.32806;10555
2015.07.29;12:00:00;2.34495;2.33435;2.34358;2.33522;11685
2015.07.29;16:00:00;2.34716;2.33418;2.33436;2.34358;14514
2015.07.29;20:00:00;2.34138;2.32562;2.33782;2.33433;14218
2015.07.30;00:00:00;2.35165;2.33675;2.34858;2.33778;5136
2015.07.30;04:00:00;2.35554;2.34555;2.34954;2.34864;3898
2015.07.30;08:00:00;2.35859;2.34823;2.35309;2.34966;5225
2015.07.30;12:00:00;2.37169;2.35279;2.36632;2.35322;10842
2015.07.30;16:00:00;2.37556;2.36144;2.36261;2.3662;17414
2015.07.30;20:00:00;2.36528;2.35976;2.36145;2.36256;6032
2015.07.31;00:00:00;2.3637;2.35598;2.36224;2.36145;5003
2015.07.31;04:00:00;2.37376;2.36239;2.36952;2.36239;4336
2015.07.31;08:00:00;2.37809;2.36753;2.37608;2.36959;6579
2015.07.31;12:00:00;2.3834;2.36185;2.37152;2.37616;16496
2015.07.31;16:00:00;2.37226;2.34517;2.36374;2.37165;20970
2015.07.31;20:00:00;2.37243;2.36332;2.36829;2.36363;6255
2015.08.03;00:00:00;2.37627;2.36349;2.37175;2.36445;5224
2015.08.03;04:00:00;2.3736;2.36831;2.36963;2.37161;6915
2015.08.03;08:00:00;2.37441;2.36675;2.36955;2.36968;11382
2015.08.03;12:00:00;2.37041;2.36112;2.36425;2.36965;14028
2015.08.03;16:00:00;2.36511;2.3587;2.36229;2.36422;16253
2015.08.03;20:00:00;2.3756;2.36098;2.37265;2.36225;8619
2015.08.04;00:00:00;2.3786;2.37122;2.3733;2.37265;3690
2015.08.04;04:00:00;2.37772;2.37202;2.37645;2.37325;5853
2015.08.04;08:00:00;2.37726;2.35807;2.35812;2.37639;15088
2015.08.04;12:00:00;2.36972;2.3575;2.36823;2.35812;12458
2015.08.04;16:00:00;2.37458;2.36018;2.37315;2.3682;14996
2015.08.04;20:00:00;2.38515;2.37313;2.37875;2.37323;11988
2015.08.05;00:00:00;2.38449;2.37565;2.37931;2.37855;6753
2015.08.05;04:00:00;2.38233;2.37689;2.38105;2.37933;7135
2015.08.05;08:00:00;2.388;2.37758;2.38335;2.38102;12638
2015.08.05;12:00:00;2.39294;2.38139;2.38426;2.38345;15565
2015.08.05;16:00:00;2.39893;2.38267;2.3978;2.38427;18548
2015.08.05;20:00:00;2.40247;2.39395;2.39428;2.39788;8755
2015.08.06;00:00:00;2.39675;2.38794;2.39006;2.39396;5170
2015.08.06;04:00:00;2.39326;2.3856;2.38773;2.39006;6552
2015.08.06;08:00:00;2.39301;2.38341;2.389;2.38784;9358
2015.08.06;12:00:00;2.39188;2.36782;2.37557;2.38892;15117
2015.08.06;16:00:00;2.3765;2.36607;2.37134;2.37558;11678
2015.08.06;20:00:00;2.37141;2.36555;2.36565;2.37127;4841
2015.08.07;00:00:00;2.37093;2.36517;2.36908;2.36565;3993
2015.08.07;04:00:00;2.37471;2.36177;2.36575;2.36898;8177
2015.08.07;08:00:00;2.36715;2.35818;2.36656;2.36585;10365
2015.08.07;12:00:00;2.36905;2.35433;2.36878;2.36664;13565
2015.08.07;16:00:00;2.36914;2.33878;2.34482;2.36882;20194
2015.08.07;20:00:00;2.34528;2.33462;2.3379;2.34486;5923
2015.08.10;00:00:00;2.34533;2.33873;2.3443;2.33873;2944
2015.08.10;04:00:00;2.34504;2.33813;2.34195;2.34408;4671
2015.08.10;08:00:00;2.35515;2.34066;2.35472;2.34197;9599
2015.08.10;12:00:00;2.36005;2.35303;2.35993;2.35468;9819
2015.08.10;16:00:00;2.36239;2.35393;2.35524;2.35982;8961
2015.08.10;20:00:00;2.35891;2.35307;2.35411;2.35536;9707
2015.08.11;00:00:00;2.3599;2.35125;2.3531;2.3539;4050
2015.08.11;04:00:00;2.37958;2.35213;2.37503;2.35324;11139
2015.08.11;08:00:00;2.38142;2.37049;2.37983;2.37507;9245
2015.08.11;12:00:00;2.38198;2.37547;2.37569;2.37946;11834
2015.08.11;16:00:00;2.38686;2.37378;2.38439;2.37565;16869
2015.08.11;20:00:00;2.38638;2.37967;2.38135;2.38429;6350
2015.08.12;00:00:00;2.38269;2.37553;2.37966;2.38135;3900
2015.08.12;04:00:00;2.40227;2.37655;2.39802;2.37955;8376
2015.08.12;08:00:00;2.39849;2.36376;2.37397;2.39813;17601
2015.08.12;12:00:00;2.37697;2.35304;2.36999;2.37402;18729
2015.08.12;16:00:00;2.37178;2.35326;2.357;2.37002;20534
2015.08.12;20:00:00;2.36341;2.3561;2.35644;2.35684;9326
2015.08.13;00:00:00;2.36625;2.35396;2.36297;2.35656;5903
2015.08.13;04:00:00;2.36919;2.35321;2.36144;2.363;11168
2015.08.13;08:00:00;2.37661;2.35872;2.37399;2.36141;11280
2015.08.13;12:00:00;2.38151;2.3726;2.37757;2.37417;11407
2015.08.13;16:00:00;2.37807;2.37151;2.37733;2.37754;15159
2015.08.13;20:00:00;2.37897;2.37151;2.37316;2.3773;8796
2015.08.14;00:00:00;2.38569;2.37246;2.38436;2.37303;5888
2015.08.14;04:00:00;2.39502;2.38328;2.38963;2.38431;8603
2015.08.14;08:00:00;2.3907;2.38162;2.38549;2.38968;12950
2015.08.14;12:00:00;2.38863;2.37984;2.38858;2.38545;13128
2015.08.14;16:00:00;2.38959;2.38152;2.38679;2.38862;14007
2015.08.14;20:00:00;2.39363;2.38637;2.39153;2.38675;4392
2015.08.17;00:00:00;2.39645;2.38935;2.3961;2.39109;3611
2015.08.17;04:00:00;2.39605;2.39119;2.39251;2.39605;6686
2015.08.17;08:00:00;2.39691;2.38741;2.38827;2.39247;10983
2015.08.17;12:00:00;2.39195;2.37789;2.37966;2.3882;11707
2015.08.17;16:00:00;2.38144;2.36747;2.36905;2.37966;11288
2015.08.17;20:00:00;2.37314;2.36822;2.36915;2.36908;5213
2015.08.18;00:00:00;2.37146;2.36733;2.36816;2.36875;4265
2015.08.18;04:00:00;2.36832;2.35982;2.3633;2.36816;8418
2015.08.18;08:00:00;2.38161;2.36056;2.38161;2.3633;10740
2015.08.18;12:00:00;2.38965;2.38035;2.38845;2.38161;11717
2015.08.18;16:00:00;2.39027;2.37245;2.37703;2.38848;12721
2015.08.18;20:00:00;2.38044;2.37025;2.37037;2.37713;4642
2015.08.19;00:00:00;2.38048;2.37026;2.37922;2.37056;5205
2015.08.19;04:00:00;2.38249;2.37748;2.38095;2.37936;7472
2015.08.19;08:00:00;2.38197;2.37445;2.37986;2.38089;8015
2015.08.19;12:00:00;2.38487;2.37497;2.3825;2.37991;9948
2015.08.19;16:00:00;2.38763;2.37867;2.38047;2.38246;14215
2015.08.19;20:00:00;2.38325;2.36751;2.3733;2.38058;13493
2015.08.20;00:00:00;2.37825;2.3713;2.37478;2.37315;4929
2015.08.20;04:00:00;2.37761;2.36845;2.3704;2.37468;6663
2015.08.20;08:00:00;2.37886;2.36944;2.37298;2.3704;13830
2015.08.20;12:00:00;2.37457;2.3651;2.36943;2.37304;14633
2015.08.20;16:00:00;2.36977;2.36122;2.36472;2.36948;13414
2015.08.20;20:00:00;2.36727;2.36067;2.36411;2.36455;7454
2015.08.21;00:00:00;2.37125;2.36314;2.36828;2.36382;4480
2015.08.21;04:00:00;2.37374;2.36694;2.36856;2.36822;10033
2015.08.21;08:00:00;2.37509;2.36561;2.3701;2.36866;14136
2015.08.21;12:00:00;2.37024;2.34466;2.34922;2.3701;14589
2015.08.21;16:00:00;2.35156;2.33767;2.34283;2.34926;16377
2015.08.21;20:00:00;2.34875;2.34283;2.34425;2.34299;7294
2015.08.24;00:00:00;2.37177;2.34584;2.36634;2.3495;7759
2015.08.24;04:00:00;2.38487;2.36316;2.37957;2.3664;14744
2015.08.24;08:00:00;2.38493;2.36444;2.38368;2.37954;18447
2015.08.24;12:00:00;2.40465;2.37984;2.40297;2.38355;18708
2015.08.24;16:00:00;2.52721;2.40084;2.41335;2.40304;31079
2015.08.24;20:00:00;2.4345;2.40205;2.43054;2.41343;15861
2015.08.25;00:00:00;2.44716;2.42503;2.42861;2.42942;7902
2015.08.25;04:00:00;2.43407;2.40778;2.42719;2.4287;9345
2015.08.25;08:00:00;2.43371;2.41647;2.42862;2.42715;17793
2015.08.25;12:00:00;2.43289;2.40666;2.41387;2.42866;21005
2015.08.25;16:00:00;2.41768;2.40296;2.40495;2.41385;21199
2015.08.25;20:00:00;2.42468;2.40496;2.42075;2.40499;12697
2015.08.26;00:00:00;2.4275;2.41296;2.4213;2.42075;6816
2015.08.26;04:00:00;2.42602;2.40975;2.41618;2.42123;8472
2015.08.26;08:00:00;2.42033;2.40937;2.41438;2.41613;13017
2015.08.26;12:00:00;2.41697;2.38853;2.40162;2.41441;16769
2015.08.26;16:00:00;2.41955;2.40113;2.40986;2.40166;21177
2015.08.26;20:00:00;2.41232;2.39843;2.39896;2.40997;8362
2015.08.27;00:00:00;2.40313;2.39449;2.40013;2.39831;6447
2015.08.27;04:00:00;2.40794;2.39515;2.40688;2.40011;7914
2015.08.27;08:00:00;2.40855;2.38645;2.39734;2.40695;14726
2015.08.27;12:00:00;2.3973;2.38521;2.3907;2.3973;13015
2015.08.27;16:00:00;2.39089;2.37714;2.38362;2.39079;17972
2015.08.27;20:00:00;2.39387;2.37968;2.37985;2.38368;7199
2015.08.28;00:00:00;2.38288;2.37243;2.37404;2.37985;5361
2015.08.28;04:00:00;2.3855;2.37009;2.38351;2.374;7406
2015.08.28;08:00:00;2.38773;2.37712;2.3773;2.38346;11132
2015.08.28;12:00:00;2.38885;2.37524;2.38636;2.37724;13893
2015.08.28;16:00:00;2.38656;2.37315;2.38289;2.3864;18096
2015.08.28;20:00:00;2.38857;2.37538;2.38009;2.38289;6596
2015.08.31;00:00:00;2.39585;2.37976;2.3894;2.38137;4904
2015.08.31;04:00:00;2.40714;2.38966;2.4012;2.38966;9446
2015.08.31;08:00:00;2.40572;2.39688;2.40231;2.40117;8137
2015.08.31;12:00:00;2.41488;2.39981;2.41479;2.40237;7095
2015.08.31;16:00:00;2.43077;2.4106;2.41161;2.41488;14691
2015.08.31;20:00:00;2.42799;2.41097;2.41907;2.41155;7546
2015.09.01;00:00:00;2.42204;2.41151;2.42043;2.41867;6069
2015.09.01;04:00:00;2.42219;2.40882;2.41391;2.42033;11978
2015.09.01;08:00:00;2.42603;2.41031;2.42434;2.41394;15286
2015.09.01;12:00:00;2.42629;2.41152;2.41416;2.42429;16532
2015.09.01;16:00:00;2.42069;2.41117;2.4158;2.4142;18616
2015.09.01;20:00:00;2.41954;2.41117;2.41493;2.41585;8298
2015.09.02;00:00:00;2.4241;2.40982;2.41026;2.41514;6309
2015.09.02;04:00:00;2.41767;2.40457;2.40521;2.41033;8806
2015.09.02;08:00:00;2.41632;2.4019;2.41291;2.40516;13387
2015.09.02;12:00:00;2.41483;2.40558;2.40662;2.41294;14107
2015.09.02;16:00:00;2.41555;2.40478;2.41015;2.40667;16022
2015.09.02;20:00:00;2.41521;2.40799;2.40821;2.41021;7396
2015.09.03;00:00:00;2.41043;2.40098;2.40243;2.40773;5114
2015.09.03;04:00:00;2.41204;2.4014;2.41045;2.40243;7973
2015.09.03;08:00:00;2.41453;2.39828;2.40287;2.41043;10842
2015.09.03;12:00:00;2.40917;2.4004;2.40329;2.40291;13028
2015.09.03;16:00:00;2.40442;2.37845;2.38229;2.40329;17114
2015.09.03;20:00:00;2.38907;2.38084;2.38325;2.38233;6906
2015.09.04;00:00:00;2.39053;2.38205;2.38728;2.38325;4317
2015.09.04;04:00:00;2.39792;2.38576;2.39428;2.38732;11323
2015.09.04;08:00:00;2.39854;2.38835;2.39071;2.3943;10448
2015.09.04;12:00:00;2.4079;2.38166;2.39812;2.39067;12928
2015.09.04;16:00:00;2.42197;2.39795;2.41499;2.3984;16837
2015.09.04;20:00:00;2.41647;2.40808;2.41474;2.41488;5417
2015.09.07;00:00:00;2.42315;2.40635;2.41813;2.40675;5529
2015.09.07;04:00:00;2.42574;2.4151;2.42237;2.41815;9218
2015.09.07;08:00:00;2.43511;2.4159;2.43493;2.42235;12401
2015.09.07;12:00:00;2.44038;2.43158;2.43478;2.43501;10047
2015.09.07;16:00:00;2.4472;2.43403;2.44203;2.43478;8963
2015.09.07;20:00:00;2.44532;2.43707;2.43819;2.44187;11091
2015.09.08;00:00:00;2.44022;2.43341;2.43922;2.43794;4412
2015.09.08;04:00:00;2.44016;2.43213;2.43879;2.43925;8355
2015.09.08;08:00:00;2.45002;2.4339;2.44631;2.43874;13290
2015.09.08;12:00:00;2.45512;2.44202;2.44263;2.44625;10480
2015.09.08;16:00:00;2.44264;2.41867;2.42365;2.44263;12691
2015.09.08;20:00:00;2.42674;2.42176;2.42377;2.42355;4817
2015.09.09;00:00:00;2.42819;2.40945;2.41062;2.42444;6600
2015.09.09;04:00:00;2.415;2.40467;2.4136;2.41065;8473
2015.09.09;08:00:00;2.42035;2.40523;2.41166;2.41358;11143
2015.09.09;12:00:00;2.41661;2.3987;2.40074;2.41184;11470
2015.09.09;16:00:00;2.40629;2.39237;2.40008;2.40069;13579
2015.09.09;20:00:00;2.40795;2.3979;2.40163;2.40015;6550
2015.09.10;00:00:00;2.45516;2.39965;2.44657;2.39981;10928
2015.09.10;04:00:00;2.45392;2.44108;2.44746;2.44652;10811
2015.09.10;08:00:00;2.4511;2.42497;2.44251;2.4474;15256
2015.09.10;12:00:00;2.45197;2.43516;2.44975;2.44244;15270
2015.09.10;16:00:00;2.46249;2.4481;2.45192;2.44974;16093
2015.09.10;20:00:00;2.45457;2.44806;2.45304;2.45192;7039
2015.09.11;00:00:00;2.45559;2.44264;2.44565;2.45315;4830
2015.09.11;04:00:00;2.45222;2.44505;2.45028;2.44565;5926
2015.09.11;08:00:00;2.45652;2.44546;2.45482;2.45028;10204
2015.09.11;12:00:00;2.45584;2.44851;2.45134;2.45482;11059
2015.09.11;16:00:00;2.45169;2.43964;2.44095;2.4514;10333
2015.09.11;20:00:00;2.44398;2.43809;2.4423;2.44099;4193
2015.09.14;00:00:00;2.44668;2.43469;2.43835;2.44258;4185
2015.09.14;04:00:00;2.44928;2.43595;2.44392;2.43845;7138
2015.09.14;08:00:00;2.44727;2.43956;2.44048;2.44395;10748
2015.09.14;12:00:00;2.44532;2.434;2.44097;2.44044;10326
2015.09.14;16:00:00;2.44226;2.42708;2.43455;2.44102;10262
2015.09.14;20:00:00;2.43886;2.43428;2.43475;2.43459;4114
2015.09.15;00:00:00;2.43805;2.43182;2.43589;2.43485;5537
2015.09.15;04:00:00;2.44414;2.43527;2.44392;2.43593;5587
2015.09.15;08:00:00;2.44847;2.44009;2.44034;2.44407;11313
2015.09.15;12:00:00;2.44104;2.42933;2.43148;2.44033;10014
2015.09.15;16:00:00;2.44015;2.428;2.42971;2.43151;10100
2015.09.15;20:00:00;2.4299;2.40832;2.41388;2.42971;6036
2015.09.16;00:00:00;2.41812;2.40947;2.41418;2.41305;5239
2015.09.16;04:00:00;2.41904;2.4104;2.41775;2.4141;5370
2015.09.16;08:00:00;2.4247;2.4049;2.42216;2.41765;12228
2015.09.16;12:00:00;2.43681;2.42096;2.43514;2.42225;11941
2015.09.16;16:00:00;2.44757;2.43133;2.43656;2.43514;9975
2015.09.16;20:00:00;2.44017;2.43045;2.43046;2.43665;4303
2015.09.17;00:00:00;2.44594;2.43002;2.44306;2.43031;5557
2015.09.17;04:00:00;2.44625;2.43055;2.43596;2.44307;7314
2015.09.17;08:00:00;2.44551;2.433;2.44048;2.43596;9932
2015.09.17;12:00:00;2.45254;2.44011;2.4512;2.44048;9049
2015.09.17;16:00:00;2.4597;2.44972;2.4561;2.45115;11384
2015.09.17;20:00:00;2.45733;2.42265;2.45322;2.45595;24800
2015.09.18;00:00:00;2.45491;2.43755;2.44993;2.45045;9055
2015.09.18;04:00:00;2.45164;2.4408;2.44465;2.4499;9534
2015.09.18;08:00:00;2.44679;2.42988;2.43539;2.44463;13804
2015.09.18;12:00:00;2.44175;2.42251;2.42524;2.43535;16456
2015.09.18;16:00:00;2.43454;2.4228;2.42673;2.42534;14709
2015.09.18;20:00:00;2.43205;2.42095;2.42447;2.4268;8487
2015.09.21;00:00:00;2.43448;2.42446;2.43444;2.42604;4000
2015.09.21;04:00:00;2.44371;2.43167;2.44278;2.43432;6132
2015.09.21;08:00:00;2.45228;2.44282;2.44432;2.44282;10062
2015.09.21;12:00:00;2.44819;2.43987;2.44819;2.44427;9205
2015.09.21;16:00:00;2.46055;2.44671;2.45462;2.44819;14741
2015.09.21;20:00:00;2.45664;2.45156;2.45298;2.45467;7648
2015.09.22;00:00:00;2.45468;2.44921;2.45213;2.45268;5638
2015.09.22;04:00:00;2.46054;2.45177;2.45478;2.45212;5558
2015.09.22;08:00:00;2.45586;2.44327;2.44811;2.45478;9915
2015.09.22;12:00:00;2.4552;2.44127;2.45244;2.44811;14926
2015.09.22;16:00:00;2.45393;2.43984;2.44449;2.4524;15585
2015.09.22;20:00:00;2.44523;2.43911;2.43955;2.44447;5601
2015.09.23;00:00:00;2.44463;2.43695;2.43725;2.43977;5026
2015.09.23;04:00:00;2.45291;2.43564;2.4504;2.43725;7068
2015.09.23;08:00:00;2.45191;2.44113;2.44396;2.45028;9657
2015.09.23;12:00:00;2.44465;2.42298;2.42881;2.44397;13122
2015.09.23;16:00:00;2.44415;2.42345;2.43901;2.42884;15653
2015.09.23;20:00:00;2.44341;2.42755;2.42795;2.4389;7361
2015.09.24;00:00:00;2.43295;2.42117;2.42576;2.42785;6207
2015.09.24;04:00:00;2.42933;2.41819;2.42513;2.42578;6646
2015.09.24;08:00:00;2.43097;2.42238;2.42785;2.42517;11610
2015.09.24;12:00:00;2.43632;2.4123;2.41792;2.42785;17291
2015.09.24;16:00:00;2.41933;2.39785;2.40333;2.41783;20162
2015.09.24;20:00:00;2.40614;2.39036;2.39665;2.40344;7224
2015.09.25;00:00:00;2.41446;2.39209;2.40475;2.39665;10467
2015.09.25;04:00:00;2.40812;2.40105;2.40139;2.40475;6416
2015.09.25;08:00:00;2.41055;2.39877;2.40754;2.4015;11458
2015.09.25;12:00:00;2.41201;2.39056;2.39379;2.40754;14761
2015.09.25;16:00:00;2.39521;2.3753;2.37832;2.39385;15765
2015.09.25;20:00:00;2.38635;2.3722;2.37792;2.37832;5767
2015.09.28;00:00:00;2.38875;2.38115;2.3815;2.38544;6605
2015.09.28;04:00:00;2.38346;2.37415;2.37904;2.38145;4948
2015.09.28;08:00:00;2.38887;2.37192;2.38788;2.37905;12307
2015.09.28;12:00:00;2.39755;2.3828;2.39553;2.38795;13207
2015.09.28;16:00:00;2.39879;2.3917;2.39506;2.39548;19148
2015.09.28;20:00:00;2.39798;2.39344;2.39625;2.39501;6819
2015.09.29;00:00:00;2.40865;2.39568;2.40649;2.39625;4159
2015.09.29;04:00:00;2.41059;2.40147;2.40505;2.40637;5326
2015.09.29;08:00:00;2.40895;2.38985;2.39467;2.40495;13060
2015.09.29;12:00:00;2.39965;2.37916;2.37993;2.39467;12303
2015.09.29;16:00:00;2.38947;2.36906;2.38839;2.37995;20224
2015.09.29;20:00:00;2.39098;2.38427;2.38595;2.38834;8950
2015.09.30;00:00:00;2.38925;2.37639;2.37688;2.38585;4708
2015.09.30;04:00:00;2.3823;2.37578;2.37881;2.37688;5844
2015.09.30;08:00:00;2.38193;2.36847;2.37655;2.37881;11162
2015.09.30;12:00:00;2.38486;2.37354;2.38029;2.37664;11701
2015.09.30;16:00:00;2.38041;2.35932;2.36825;2.38033;17821
2015.09.30;20:00:00;2.36945;2.36205;2.36406;2.36825;6831
2015.10.01;00:00:00;2.36791;2.3609;2.36161;2.36305;4158
2015.10.01;04:00:00;2.36379;2.35387;2.35854;2.36152;6864
2015.10.01;08:00:00;2.36448;2.35519;2.359;2.3585;10740
2015.10.01;12:00:00;2.36118;2.34746;2.36086;2.35898;14208
2015.10.01;16:00:00;2.36983;2.35609;2.36546;2.36075;16124
2015.10.01;20:00:00;2.36667;2.35995;2.36245;2.3655;6929
2015.10.02;00:00:00;2.36622;2.36094;2.36352;2.36255;3781
2015.10.02;04:00:00;2.37044;2.35785;2.36746;2.36337;5049
2015.10.02;08:00:00;2.36839;2.35944;2.36175;2.36746;7567
2015.10.02;12:00:00;2.37295;2.35339;2.36851;2.36181;14801
2015.10.02;16:00:00;2.37719;2.36119;2.36575;2.36853;22513
2015.10.02;20:00:00;2.3672;2.35149;2.35319;2.36562;5309
2015.10.05;00:00:00;2.35839;2.34883;2.35555;2.34962;4746
2015.10.05;04:00:00;2.35739;2.35007;2.35324;2.35562;5637
2015.10.05;08:00:00;2.35374;2.33068;2.33377;2.35319;13249
2015.10.05;12:00:00;2.33522;2.32562;2.33345;2.33386;14883
2015.10.05;16:00:00;2.33754;2.3295;2.33419;2.33347;17609
2015.10.05;20:00:00;2.33435;2.32482;2.33245;2.33422;10877
2015.10.06;00:00:00;2.33595;2.33095;2.33496;2.33245;5911
2015.10.06;04:00:00;2.33673;2.32641;2.33081;2.33489;6682
2015.10.06;08:00:00;2.33751;2.32739;2.33348;2.33086;10806
2015.10.06;12:00:00;2.34075;2.33215;2.34068;2.33342;12322
2015.10.06;16:00:00;2.34312;2.32645;2.32662;2.34068;19265
2015.10.06;20:00:00;2.33073;2.32341;2.32545;2.32658;8733
2015.10.07;00:00:00;2.32919;2.32386;2.32791;2.32525;3883
2015.10.07;04:00:00;2.32855;2.3113;2.3141;2.32797;6993
2015.10.07;08:00:00;2.31795;2.30387;2.31581;2.3141;11904
2015.10.07;12:00:00;2.31581;2.30425;2.31135;2.31581;13575
2015.10.07;16:00:00;2.31832;2.30021;2.31396;2.31135;19193
2015.10.07;20:00:00;2.32095;2.30984;2.31605;2.31379;8936
2015.10.08;00:00:00;2.31862;2.31033;2.31452;2.31615;4665
2015.10.08;04:00:00;2.32326;2.30993;2.32051;2.31452;6749
2015.10.08;08:00:00;2.32362;2.31748;2.32207;2.32046;9444
2015.10.08;12:00:00;2.32578;2.31065;2.31252;2.32211;15374
2015.10.08;16:00:00;2.31605;2.30434;2.3078;2.31243;15305
2015.10.08;20:00:00;2.31034;2.29065;2.30056;2.3077;11409
2015.10.09;00:00:00;2.30577;2.29905;2.30319;2.30097;7135
2015.10.09;04:00:00;2.3039;2.29934;2.30145;2.30323;7278
2015.10.09;08:00:00;2.30205;2.28678;2.29162;2.30142;17991
2015.10.09;12:00:00;2.29533;2.28418;2.29301;2.29158;20806
2015.10.09;16:00:00;2.29395;2.28197;2.286;2.29297;19654
2015.10.09;20:00:00;2.29044;2.28301;2.28378;2.28591;6076
2015.10.12;00:00:00;2.29497;2.28966;2.29289;2.29015;5248
2015.10.12;04:00:00;2.2936;2.28572;2.28698;2.29286;6391
2015.10.12;08:00:00;2.28922;2.27808;2.28258;2.28692;12533
2015.10.12;12:00:00;2.28941;2.28061;2.28337;2.28255;13415
2015.10.12;16:00:00;2.28392;2.27623;2.28043;2.28331;14467
2015.10.12;20:00:00;2.28555;2.27965;2.28335;2.28045;6417
2015.10.13;00:00:00;2.29505;2.28215;2.29092;2.28365;7227
2015.10.13;04:00:00;2.29892;2.2873;2.29327;2.29101;10162
2015.10.13;08:00:00;2.30109;2.2797;2.28111;2.2933;18179
2015.10.13;12:00:00;2.28341;2.26832;2.27341;2.28108;18145
2015.10.13;16:00:00;2.28431;2.27319;2.28052;2.27344;19541
2015.10.13;20:00:00;2.30503;2.28015;2.29435;2.28049;9527
2015.10.14;00:00:00;2.30408;2.29207;2.29333;2.29415;9523
2015.10.14;04:00:00;2.29458;2.28731;2.28831;2.29329;9759
2015.10.14;08:00:00;2.29164;2.26815;2.2782;2.28828;18982
2015.10.14;12:00:00;2.28527;2.27083;2.2757;2.27825;19790
2015.10.14;16:00:00;2.28578;2.27278;2.28561;2.27588;21630
2015.10.14;20:00:00;2.28791;2.27259;2.27755;2.28564;11629
2015.10.15;00:00:00;2.27985;2.26043;2.27103;2.27745;9289
2015.10.15;04:00:00;2.27149;2.26327;2.26726;2.271;13020
2015.10.15;08:00:00;2.26891;2.2434;2.2548;2.26729;20987
2015.10.15;12:00:00;2.26397;2.25095;2.25751;2.25478;19561
2015.10.15;16:00:00;2.26036;2.24714;2.2565;2.25754;23649
2015.10.15;20:00:00;2.26217;2.25279;2.25515;2.25652;8193
2015.10.16;00:00:00;2.26794;2.24294;2.26408;2.25349;11508
2015.10.16;04:00:00;2.26638;2.26022;2.26602;2.26414;9032
2015.10.16;08:00:00;2.27431;2.26249;2.27214;2.26599;14492
2015.10.16;12:00:00;2.27655;2.26853;2.27158;2.27214;17386
2015.10.16;16:00:00;2.27456;2.26753;2.27055;2.27157;18931
2015.10.16;20:00:00;2.27127;2.26305;2.26525;2.2706;6207
2015.10.19;00:00:00;2.27413;2.26357;2.27371;2.26798;3960
2015.10.19;04:00:00;2.27465;2.2661;2.27105;2.27373;8296
2015.10.19;08:00:00;2.27447;2.26736;2.26948;2.27109;11665
2015.10.19;12:00:00;2.27873;2.2678;2.2761;2.26945;13687
2015.10.19;16:00:00;2.27693;2.27253;2.27524;2.27614;12544
2015.10.19;20:00:00;2.27819;2.27295;2.27504;2.27521;4849
2015.10.20;00:00:00;2.27845;2.26973;2.27625;2.27566;5439
2015.10.20;04:00:00;2.2782;2.27322;2.27518;2.27625;5920
2015.10.20;08:00:00;2.2771;2.26398;2.26708;2.27525;12143
2015.10.20;12:00:00;2.27155;2.26058;2.27137;2.26707;13009
2015.10.20;16:00:00;2.29282;2.26997;2.28827;2.27136;14739
2015.10.20;20:00:00;2.29343;2.28526;2.28625;2.2883;6588
2015.10.21;00:00:00;2.28913;2.28485;2.2881;2.28635;5044
2015.10.21;04:00:00;2.29188;2.28573;2.2913;2.28808;5922
2015.10.21;08:00:00;2.30249;2.29077;2.29482;2.29127;15134
2015.10.21;12:00:00;2.30114;2.29238;2.30014;2.29482;13654
2015.10.21;16:00:00;2.30044;2.29227;2.2934;2.29998;15754
2015.10.21;20:00:00;2.29905;2.28941;2.29715;2.29342;7228
2015.10.22;00:00:00;2.29895;2.29095;2.29236;2.29725;4413
2015.10.22;04:00:00;2.29233;2.27373;2.28187;2.29233;6961
2015.10.22;08:00:00;2.29195;2.27863;2.28603;2.28184;13313
2015.10.22;12:00:00;2.28797;2.27682;2.28016;2.286;19354
2015.10.22;16:00:00;2.28146;2.25765;2.26731;2.28;21370
2015.10.22;20:00:00;2.27481;2.26197;2.26485;2.26729;8547
2015.10.23;00:00:00;2.27005;2.25055;2.25351;2.26475;7388
2015.10.23;04:00:00;2.25655;2.24995;2.25135;2.25355;7317
2015.10.23;08:00:00;2.26066;2.24295;2.25716;2.25145;12155
2015.10.23;12:00:00;2.2747;2.25643;2.27033;2.25704;19797
2015.10.23;16:00:00;2.27801;2.26847;2.27372;2.27035;16871
2015.10.23;20:00:00;2.27478;2.26204;2.26545;2.27368;6875
2015.10.25;23:00:00;2.27082;2.26295;2.26797;2.26931;492
2015.10.26;00:00:00;2.27132;2.26455;2.26511;2.26797;6426
2015.10.26;04:00:00;2.26529;2.25764;2.26019;2.26513;7614
2015.10.26;08:00:00;2.2708;2.25783;2.26948;2.26017;12303
2015.10.26;12:00:00;2.26964;2.25961;2.26023;2.2695;11936
2015.10.26;16:00:00;2.2651;2.2565;2.26387;2.26022;13560
2015.10.26;20:00:00;2.26793;2.25554;2.26503;2.26406;8558
2015.10.27;00:00:00;2.2662;2.26145;2.26523;2.26495;6513
2015.10.27;04:00:00;2.26862;2.26434;2.26437;2.26523;6795
2015.10.27;08:00:00;2.26615;2.25876;2.26056;2.26434;12447
2015.10.27;12:00:00;2.26367;2.25025;2.25355;2.26047;15264
2015.10.27;16:00:00;2.26034;2.24943;2.25692;2.25375;15356
2015.10.27;20:00:00;2.26355;2.25513;2.26077;2.25705;7095
2015.10.28;00:00:00;2.27309;2.25785;2.27188;2.26077;10211
2015.10.28;04:00:00;2.27687;2.27008;2.27581;2.27191;7193
2015.10.28;08:00:00;2.27675;2.27099;2.27438;2.27586;11528
2015.10.28;12:00:00;2.27863;2.2706;2.2772;2.27435;13808
2015.10.28;16:00:00;2.28354;2.27418;2.27596;2.27715;15235
2015.10.28;20:00:00;2.30378;2.27245;2.28357;2.27775;24824
2015.10.29;00:00:00;2.28809;2.28195;2.28659;2.28357;7674
2015.10.29;04:00:00;2.29466;2.2848;2.2888;2.28663;6902
2015.10.29;08:00:00;2.29378;2.28418;2.28677;2.28876;14380
2015.10.29;12:00:00;2.28825;2.27435;2.28677;2.28722;17685
2015.10.29;16:00:00;2.29165;2.2836;2.289;2.28682;15782
2015.10.29;20:00:00;2.29013;2.28435;2.2876;2.28905;7710
2015.10.30;00:00:00;2.28881;2.27445;2.27737;2.2875;8719
2015.10.30;04:00:00;2.27826;2.26745;2.27036;2.2774;11926
2015.10.30;08:00:00;2.27275;2.26492;2.27032;2.27029;13930
2015.10.30;12:00:00;2.28255;2.26868;2.28142;2.2703;17413
2015.10.30;16:00:00;2.28682;2.27554;2.27833;2.28133;19466
2015.10.30;20:00:00;2.27938;2.27315;2.27475;2.27836;6740
2015.11.02;00:00:00;2.29186;2.27383;2.27527;2.29186;10092
2015.11.02;04:00:00;2.28055;2.2735;2.2787;2.27524;6195
2015.11.02;08:00:00;2.29918;2.27753;2.29676;2.27874;11961
2015.11.02;12:00:00;2.29775;2.28919;2.28919;2.29662;11746
2015.11.02;16:00:00;2.29041;2.28104;2.28615;2.28917;15109
2015.11.02;20:00:00;2.29071;2.28355;2.28355;2.2871;9003
2015.11.03;00:00:00;2.28748;2.27482;2.27858;2.28345;7577
2015.11.03;04:00:00;2.28908;2.27362;2.28747;2.27855;9643
2015.11.03;08:00:00;2.29649;2.28548;2.29403;2.2875;13627
2015.11.03;12:00:00;2.30415;2.29148;2.301;2.294;13369
2015.11.03;16:00:00;2.31155;2.30044;2.30299;2.30104;17182
2015.11.03;20:00:00;2.31705;2.29546;2.31225;2.30296;10544
2015.11.04;00:00:00;2.32396;2.31195;2.31752;2.31225;12050
2015.11.04;04:00:00;2.32085;2.31341;2.31899;2.31748;7958
2015.11.04;08:00:00;2.32829;2.31339;2.32368;2.319;14018
2015.11.04;12:00:00;2.33731;2.31796;2.33699;2.3237;14132
2015.11.04;16:00:00;2.33816;2.32855;2.33127;2.33698;22367
2015.11.04;20:00:00;2.3383;2.32976;2.33055;2.33124;8975
2015.11.05;00:00:00;2.3367;2.32985;2.33399;2.33065;9080
2015.11.05;04:00:00;2.33549;2.33041;2.33079;2.33402;5772
2015.11.05;08:00:00;2.33593;2.32861;2.32906;2.33084;12070
2015.11.05;12:00:00;2.33041;2.29352;2.29556;2.32908;20479
2015.11.05;16:00:00;2.30519;2.29338;2.29592;2.29554;19040
2015.11.05;20:00:00;2.30206;2.29445;2.29855;2.29588;9957
2015.11.06;00:00:00;2.30552;2.29845;2.30164;2.29845;7590
2015.11.06;04:00:00;2.30259;2.29945;2.3007;2.30163;6321
2015.11.06;08:00:00;2.3048;2.29096;2.29422;2.30076;12953
2015.11.06;12:00:00;2.30897;2.28124;2.30692;2.29414;19540
2015.11.06;16:00:00;2.31784;2.3051;2.30748;2.30695;26103
2015.11.06;20:00:00;2.30939;2.30246;2.30435;2.30746;6461
2015.11.09;00:00:00;2.30816;2.3011;2.3011;2.30415;9113
2015.11.09;04:00:00;2.30269;2.29543;2.29665;2.30108;7783
2015.11.09;08:00:00;2.30622;2.29615;2.305;2.29662;11826
2015.11.09;12:00:00;2.31093;2.29919;2.30949;2.30502;12994
2015.11.09;16:00:00;2.31536;2.30712;2.31161;2.30952;17085
2015.11.09;20:00:00;2.31328;2.30705;2.31305;2.31164;5140
2015.11.10;00:00:00;2.31751;2.31067;2.31535;2.31325;6118
2015.11.10;04:00:00;2.31601;2.31166;2.31276;2.31532;5587
2015.11.10;08:00:00;2.31621;2.3068;2.30973;2.31269;10812
2015.11.10;12:00:00;2.31553;2.30479;2.31437;2.30985;13814
2015.11.10;16:00:00;2.31825;2.31045;2.31104;2.31434;13685
2015.11.10;20:00:00;2.32015;2.30754;2.31385;2.31092;7591
2015.11.11;00:00:00;2.31525;2.30377;2.30906;2.31395;9730
2015.11.11;04:00:00;2.31208;2.30219;2.30445;2.30904;8602
2015.11.11;08:00:00;2.31425;2.30335;2.31115;2.30448;13071
2015.11.11;12:00:00;2.31791;2.31076;2.31257;2.31112;11974
2015.11.11;16:00:00;2.32075;2.31075;2.3181;2.31261;12060
2015.11.11;20:00:00;2.3209;2.31675;2.31678;2.318;5827
2015.11.12;00:00:00;2.32313;2.31457;2.32142;2.31666;12133
2015.11.12;04:00:00;2.32631;2.31833;2.32441;2.32131;7914
2015.11.12;08:00:00;2.32486;2.31442;2.3191;2.32439;13106
2015.11.12;12:00:00;2.33068;2.3163;2.32897;2.31912;12255
2015.11.12;16:00:00;2.33594;2.32606;2.32972;2.32899;22694
2015.11.12;20:00:00;2.33057;2.32573;2.32605;2.32968;9152
2015.11.13;00:00:00;2.32891;2.32391;2.32506;2.32575;7219
2015.11.13;04:00:00;2.32628;2.32207;2.32436;2.32516;5383
2015.11.13;08:00:00;2.33567;2.32325;2.33306;2.32433;10437
2015.11.13;12:00:00;2.33572;2.32631;2.33529;2.33306;15026
2015.11.13;16:00:00;2.33719;2.32815;2.33053;2.33527;14793
2015.11.13;20:00:00;2.33159;2.3261;2.32935;2.33053;5492
2015.11.16;00:00:00;2.33219;2.32247;2.32979;2.32272;7443
2015.11.16;04:00:00;2.33148;2.32776;2.32824;2.32976;3705
2015.11.16;08:00:00;2.33218;2.32262;2.33029;2.32829;11481
2015.11.16;12:00:00;2.34649;2.3302;2.34498;2.33025;13174
2015.11.16;16:00:00;2.34822;2.34053;2.34287;2.34493;13328
2015.11.16;20:00:00;2.34311;2.33945;2.33965;2.34283;5760
2015.11.17;00:00:00;2.34945;2.33901;2.34456;2.33965;6427
2015.11.17;04:00:00;2.35093;2.34454;2.34973;2.34454;6075
2015.11.17;08:00:00;2.35223;2.34261;2.34981;2.3497;12287
2015.11.17;12:00:00;2.35194;2.34241;2.34973;2.34977;14437
2015.11.17;16:00:00;2.35748;2.34709;2.35189;2.34973;17492
2015.11.17;20:00:00;2.35379;2.34825;2.34875;2.35186;7223
2015.11.18;00:00:00;2.35162;2.34736;2.35081;2.34865;6614
2015.11.18;04:00:00;2.35154;2.34315;2.34323;2.35077;6219
2015.11.18;08:00:00;2.35182;2.34224;2.34991;2.34319;12939
2015.11.18;12:00:00;2.35542;2.3474;2.35272;2.34994;12054
2015.11.18;16:00:00;2.36363;2.35185;2.36091;2.3527;15187
2015.11.18;20:00:00;2.36467;2.35247;2.35305;2.36081;14550
2015.11.19;00:00:00;2.35566;2.33569;2.33862;2.35245;10682
2015.11.19;04:00:00;2.34238;2.33605;2.33666;2.33857;8842
2015.11.19;08:00:00;2.34281;2.33397;2.33977;2.33699;15002
2015.11.19;12:00:00;2.34545;2.33711;2.34401;2.33984;14197
2015.11.19;16:00:00;2.34407;2.32306;2.32909;2.34399;21159
2015.11.19;20:00:00;2.33276;2.32737;2.32745;2.32893;7843
2015.11.20;00:00:00;2.33111;2.32518;2.32533;2.32737;8540
2015.11.20;04:00:00;2.32578;2.31407;2.31938;2.32527;10178
2015.11.20;08:00:00;2.32822;2.31832;2.32817;2.31941;15726
2015.11.20;12:00:00;2.33115;2.31586;2.31688;2.32819;13732
2015.11.20;16:00:00;2.32123;2.31425;2.31665;2.31691;17406
2015.11.20;20:00:00;2.31693;2.30874;2.31427;2.31662;6919
2015.11.23;00:00:00;2.32699;2.31101;2.32485;2.31239;8284
2015.11.23;04:00:00;2.33048;2.32455;2.32794;2.32481;8895
2015.11.23;08:00:00;2.3318;2.32311;2.3287;2.32803;14697
2015.11.23;12:00:00;2.33161;2.3221;2.32636;2.32871;14211
2015.11.23;16:00:00;2.33079;2.32165;2.32222;2.32633;17267
2015.11.23;20:00:00;2.32297;2.31655;2.31655;2.32222;5944
2015.11.24;00:00:00;2.32431;2.31521;2.31679;2.31695;8066
2015.11.24;04:00:00;2.32182;2.31623;2.32044;2.31677;6226
2015.11.24;08:00:00;2.32199;2.31453;2.31978;2.32044;13558
2015.11.24;12:00:00;2.32238;2.31206;2.31206;2.31981;16237
2015.11.24;16:00:00;2.31239;2.30155;2.30323;2.31206;17581
2015.11.24;20:00:00;2.30644;2.29871;2.29965;2.30319;7174
2015.11.25;00:00:00;2.30175;2.29497;2.29694;2.29945;7954
2015.11.25;04:00:00;2.29848;2.29459;2.296;2.29694;8692
2015.11.25;08:00:00;2.30263;2.29488;2.29999;2.29597;15744
2015.11.25;12:00:00;2.30567;2.29407;2.30567;2.29999;17487
2015.11.25;16:00:00;2.30619;2.29707;2.29927;2.3057;17092
2015.11.25;20:00:00;2.30301;2.29683;2.29855;2.29975;6965
2015.11.26;00:00:00;2.30312;2.29484;2.2956;2.29865;10549
2015.11.26;04:00:00;2.29788;2.29273;2.29425;2.29564;6219
2015.11.26;08:00:00;2.29711;2.28874;2.29283;2.29425;11771
2015.11.26;12:00:00;2.2996;2.29185;2.29854;2.29283;10359
2015.11.26;16:00:00;2.30188;2.29758;2.29818;2.29851;9286
2015.11.26;20:00:00;2.29909;2.29496;2.29708;2.29818;13092
2015.11.27;00:00:00;2.30229;2.29551;2.29674;2.29717;5093
2015.11.27;04:00:00;2.29887;2.29515;2.29555;2.29672;5131
2015.11.27;08:00:00;2.3059;2.29387;2.30032;2.29551;14777
2015.11.27;12:00:00;2.30535;2.29745;2.30311;2.30034;12236
2015.11.27;16:00:00;2.30705;2.30013;2.30141;2.30308;11948
2015.11.27;20:00:00;2.30243;2.29801;2.29872;2.30141;11908
2015.11.30;00:00:00;2.3071;2.29878;2.30365;2.29946;5661
2015.11.30;04:00:00;2.30425;2.2938;2.29455;2.3036;5164
2015.11.30;08:00:00;2.29615;2.28864;2.29082;2.29445;9460
2015.11.30;12:00:00;2.29345;2.28383;2.28422;2.29077;12163
2015.11.30;16:00:00;2.28979;2.28211;2.28544;2.28418;15209
2015.11.30;20:00:00;2.28893;2.28474;2.28509;2.2855;6085
2015.12.01;00:00:00;2.28706;2.27059;2.27489;2.28509;10491
2015.12.01;04:00:00;2.27905;2.27068;2.27737;2.27486;12175
2015.12.01;08:00:00;2.27779;2.26365;2.26608;2.27731;15227
2015.12.01;12:00:00;2.27173;2.26295;2.26467;2.26605;12226
2015.12.01;16:00:00;2.26799;2.25489;2.25891;2.26463;19480
2015.12.01;20:00:00;2.25922;2.25456;2.25715;2.25888;7912
2015.12.02;00:00:00;2.26484;2.25623;2.26301;2.25715;9319
2015.12.02;04:00:00;2.26326;2.25936;2.26101;2.26305;7740
2015.12.02;08:00:00;2.26176;2.25461;2.25498;2.26104;13853
2015.12.02;12:00:00;2.25907;2.2548;2.25714;2.25498;14300
2015.12.02;16:00:00;2.25804;2.24806;2.25153;2.25719;24192
2015.12.02;20:00:00;2.2526;2.24814;2.25125;2.25151;12378
2015.12.03;00:00:00;2.25324;2.24764;2.2489;2.25125;7788
2015.12.03;04:00:00;2.24979;2.24177;2.24241;2.24893;9302
2015.12.03;08:00:00;2.24516;2.23841;2.24251;2.24243;15582
2015.12.03;12:00:00;2.2632;2.23902;2.25762;2.24253;25093
2015.12.03;16:00:00;2.2781;2.25598;2.26752;2.25762;30090
2015.12.03;20:00:00;2.27025;2.25916;2.26275;2.26752;17163
2015.12.04;00:00:00;2.27195;2.25993;2.26456;2.26285;9778
2015.12.04;04:00:00;2.26642;2.25999;2.26141;2.26458;8872
2015.12.04;08:00:00;2.26539;2.25191;2.26334;2.26149;18296
2015.12.04;12:00:00;2.27378;2.2552;2.25675;2.26338;22229
2015.12.04;16:00:00;2.26092;2.23115;2.23933;2.25678;33110
2015.12.04;20:00:00;2.24223;2.23556;2.23677;2.23924;8262
2015.12.07;00:00:00;2.25058;2.23874;2.24832;2.23878;7494
2015.12.07;04:00:00;2.25608;2.24833;2.25416;2.24853;7233
2015.12.07;08:00:00;2.25772;2.25255;2.2575;2.25418;11474
2015.12.07;12:00:00;2.26799;2.25665;2.26626;2.25754;13553
2015.12.07;16:00:00;2.26979;2.2635;2.26643;2.26629;17790
2015.12.07;20:00:00;2.27054;2.26297;2.26465;2.26646;8512
2015.12.08;00:00:00;2.26875;2.26211;2.26582;2.26465;7213
2015.12.08;04:00:00;2.2696;2.26419;2.26646;2.26582;7909
2015.12.08;08:00:00;2.26706;2.25961;2.2622;2.26646;15380
2015.12.08;12:00:00;2.2656;2.25803;2.25968;2.26227;18407
2015.12.08;16:00:00;2.26223;2.25427;2.25998;2.25965;19327
2015.12.08;20:00:00;2.26266;2.25559;2.25648;2.25995;6621
2015.12.09;00:00:00;2.2631;2.25285;2.26218;2.25631;5323
2015.12.09;04:00:00;2.26635;2.26214;2.2645;2.26225;5290
2015.12.09;08:00:00;2.28087;2.26169;2.27666;2.26455;8382
2015.12.09;12:00:00;2.28045;2.26825;2.27405;2.27666;10645
2015.12.09;16:00:00;2.28975;2.27098;2.28555;2.27403;15241
2015.12.09;20:00:00;2.30155;2.24498;2.26125;2.28546;15354
2015.12.10;00:00:00;2.26135;2.23824;2.25131;2.26125;11532
2015.12.10;04:00:00;2.25548;2.25068;2.25461;2.25131;7141
2015.12.10;08:00:00;2.25769;2.24442;2.25765;2.25463;15566
2015.12.10;12:00:00;2.25847;2.23486;2.24075;2.25762;19188
2015.12.10;16:00:00;2.24693;2.23767;2.2419;2.24075;16226
2015.12.10;20:00:00;2.24929;2.2403;2.24345;2.24182;6914
2015.12.11;00:00:00;2.24973;2.24135;2.24607;2.24355;7861
2015.12.11;04:00:00;2.24709;2.24307;2.24346;2.24616;5829
2015.12.11;08:00:00;2.24895;2.23386;2.24431;2.24352;11727
2015.12.11;12:00:00;2.25395;2.24234;2.25055;2.24427;16515
2015.12.11;16:00:00;2.27053;2.24976;2.26737;2.25053;23031
2015.12.11;20:00:00;2.27099;2.26362;2.26362;2.26727;7137
2015.12.14;00:00:00;2.26859;2.2606;2.26745;2.26534;7405
2015.12.14;04:00:00;2.26972;2.26346;2.26526;2.26748;7167
2015.12.14;08:00:00;2.26604;2.25153;2.25474;2.26522;12223
2015.12.14;12:00:00;2.25723;2.235;2.23792;2.25477;17036
2015.12.14;16:00:00;2.24527;2.22832;2.23344;2.23789;21197
2015.12.14;20:00:00;2.24105;2.23271;2.23858;2.23344;7543
2015.12.15;00:00:00;2.24446;2.22993;2.23199;2.23874;8630
2015.12.15;04:00:00;2.23401;2.22726;2.22974;2.23202;8147
2015.12.15;08:00:00;2.23295;2.21963;2.23179;2.22974;15905
2015.12.15;12:00:00;2.23755;2.22492;2.23523;2.23182;17673
2015.12.15;16:00:00;2.24199;2.22467;2.23119;2.2353;20762
2015.12.15;20:00:00;2.23156;2.231;2.23156;2.23126;21
