DATE;TIME;HIGH;LOW;CLOSE;OPEN;VOLUME
2015.04.27;12:00:00;11.8104;11.7479;11.7654;11.7789;11517
2015.04.27;16:00:00;11.7679;11.7059;11.7544;11.7659;15059
2015.04.27;20:00:00;11.7759;11.7439;11.7614;11.7544;5452
2015.04.28;00:00:00;11.7754;11.7052;11.7729;11.7649;3508
2015.04.28;04:00:00;11.7774;11.6971;11.7734;11.7739;2432
2015.04.28;08:00:00;11.8044;11.7014;11.7039;11.7724;13577
2015.04.28;12:00:00;11.7444;11.6944;11.7334;11.7039;14269
2015.04.28;16:00:00;11.7639;11.70697;11.7194;11.7334;15307
2015.04.28;20:00:00;11.7309;11.6859;11.6859;11.7199;7026
2015.04.29;00:00:00;11.7374;11.6909;11.7204;11.6909;3701
2015.04.29;04:00:00;11.7329;11.71816;11.7284;11.7199;4783
2015.04.29;08:00:00;11.7819;11.6918;11.7484;11.7279;11855
2015.04.29;12:00:00;11.7529;11.66264;11.6819;11.7474;16417
2015.04.29;16:00:00;11.6929;11.5589;11.5779;11.6814;20408
2015.04.29;20:00:00;11.6174;11.552;11.5994;11.5784;11217
2015.04.30;00:00:00;11.61475;11.5886;11.6109;11.6002;2518
2015.04.30;04:00:00;11.6159;11.5999;11.6159;11.6104;3222
2015.04.30;08:00:00;11.63988;11.5059;11.5784;11.6154;15542
2015.04.30;12:00:00;11.6494;11.5274;11.5429;11.5779;16992
2015.04.30;16:00:00;11.6119;11.5354;11.5579;11.5419;21739
2015.04.30;20:00:00;11.5839;11.5271;11.5487;11.5589;9969
2015.05.01;00:00:00;11.6014;11.5305;11.535;11.541;3634
2015.05.01;04:00:00;11.5854;11.5363;11.5804;11.5363;6250
2015.05.01;08:00:00;11.5889;11.4734;11.4764;11.5799;10085
2015.05.01;12:00:00;11.5254;11.4739;11.5099;11.4769;12731
2015.05.01;16:00:00;11.5434;11.4534;11.5119;11.5104;17179
2015.05.01;20:00:00;11.5339;11.4749;11.5029;11.5119;6009
2015.05.04;00:00:00;11.5391;11.469;11.52697;11.4717;2353
2015.05.04;04:00:00;11.52822;11.50652;11.5139;11.52747;3338
2015.05.04;08:00:00;11.5154;11.4559;11.5069;11.5144;11713
2015.05.04;12:00:00;11.5084;11.4489;11.4519;11.5074;13695
2015.05.04;16:00:00;11.4715;11.4349;11.4579;11.4514;14160
2015.05.04;20:00:00;11.4854;11.4449;11.47097;11.4579;10603
2015.05.05;00:00:00;11.4764;11.45497;11.4739;11.4709;2015
2015.05.05;04:00:00;11.4909;11.4704;11.4864;11.4734;2270
2015.05.05;08:00:00;11.6009;11.4829;11.5814;11.4869;15014
2015.05.05;12:00:00;11.5814;11.45037;11.45496;11.5809;15920
2015.05.05;16:00:00;11.5194;11.4249;11.5074;11.45452;18910
2015.05.05;20:00:00;11.5124;11.4819;11.4928;11.5069;9276
2015.05.06;00:00:00;11.5094;11.4623;11.5074;11.4623;2406
2015.05.06;04:00:00;11.5114;11.46521;11.4824;11.5069;5104
2015.05.06;08:00:00;11.5024;11.3919;11.4064;11.4829;15468
2015.05.06;12:00:00;11.4394;11.3469;11.3534;11.4064;17821
2015.05.06;16:00:00;11.3614;11.26194;11.3194;11.3529;16271
2015.05.06;20:00:00;11.3324;11.2909;11.3304;11.3199;6645
2015.05.07;00:00:00;11.3309;11.2818;11.3244;11.3294;2198
2015.05.07;04:00:00;11.3279;11.3069;11.3114;11.3239;4188
2015.05.07;08:00:00;11.3164;11.1114;11.1329;11.3129;15607
2015.05.07;12:00:00;11.2744;11.1324;11.2644;11.1329;18243
2015.05.07;16:00:00;11.3784;11.2514;11.3384;11.2654;14441
2015.05.07;20:00:00;11.3674;11.3369;11.34597;11.3389;5409
2015.05.08;00:00:00;11.5279;11.34672;11.4884;11.34672;6029
2015.05.08;04:00:00;11.6164;11.48375;11.6094;11.4889;8666
2015.05.08;08:00:00;11.6134;11.5199;11.5509;11.6099;17384
2015.05.08;12:00:00;11.5554;11.4439;11.4749;11.5514;15696
2015.05.08;16:00:00;11.5344;11.4459;11.5224;11.4754;16192
2015.05.08;20:00:00;11.5804;11.5074;11.54372;11.5219;5372
2015.05.11;00:00:00;11.5674;11.5244;11.5599;11.54272;3765
2015.05.11;04:00:00;11.5874;11.5594;11.5804;11.5594;6635
2015.05.11;08:00:00;11.6504;11.55047;11.6124;11.5799;12118
2015.05.11;12:00:00;11.74449;11.6099;11.7389;11.6124;14307
2015.05.11;16:00:00;11.7994;11.69362;11.7669;11.73897;16786
2015.05.11;20:00:00;11.7914;11.76215;11.7914;11.7659;5574
2015.05.12;00:00:00;11.7914;11.7115;11.78319;11.7909;4033
2015.05.12;04:00:00;11.7939;11.75343;11.7594;11.78299;5657
2015.05.12;08:00:00;11.7659;11.6394;11.7044;11.7589;15260
2015.05.12;12:00:00;11.7424;11.6834;11.6944;11.7049;16324
2015.05.12;16:00:00;11.7424;11.6629;11.7419;11.6949;13353
2015.05.12;20:00:00;11.7469;11.7159;11.7224;11.7419;6557
2015.05.13;00:00:00;11.72897;11.7104;11.7119;11.7234;3284
2015.05.13;04:00:00;11.7169;11.6929;11.7004;11.7114;4259
2015.05.13;08:00:00;11.7269;11.6604;11.7089;11.6999;12458
2015.05.13;12:00:00;11.7279;11.5819;11.5994;11.7099;16299
2015.05.13;16:00:00;11.6119;11.5479;11.5914;11.5989;14727
2015.05.13;20:00:00;11.6269;11.5784;11.6204;11.5919;6450
2015.05.14;00:00:00;11.6279;11.61215;11.6184;11.6209;3470
2015.05.14;04:00:00;11.6244;11.6039;11.6094;11.6184;2878
2015.05.14;08:00:00;11.6229;11.5699;11.5989;11.6099;13849
2015.05.14;12:00:00;11.6789;11.5904;11.6384;11.5994;12509
2015.05.14;16:00:00;11.6524;11.5974;11.6409;11.6379;12717
2015.05.14;20:00:00;11.6529;11.6129;11.6194;11.6414;6077
2015.05.15;00:00:00;11.6339;11.6174;11.6239;11.6189;1838
2015.05.15;04:00:00;11.6309;11.60897;11.6139;11.6244;2875
2015.05.15;08:00:00;11.6494;11.5599;11.5879;11.6134;13588
2015.05.15;12:00:00;11.6234;11.5639;11.6154;11.5884;12594
2015.05.15;16:00:00;11.6234;11.5109;11.5169;11.6149;13610
2015.05.15;20:00:00;11.5184;11.4714;11.4804;11.5179;6547
2015.05.18;00:00:00;11.5254;11.4785;11.5204;11.48972;3221
2015.05.18;04:00:00;11.5259;11.5064;11.5194;11.5209;2461
2015.05.18;08:00:00;11.5399;11.4789;11.5204;11.5199;9925
2015.05.18;12:00:00;11.5404;11.4874;11.5379;11.5174;12697
2015.05.18;16:00:00;11.5794;11.5359;11.5664;11.5374;12096
2015.05.18;20:00:00;11.6134;11.5654;11.5854;11.5669;5179
2015.05.19;00:00:00;11.6009;11.57297;11.5969;11.5849;2068
2015.05.19;04:00:00;11.6124;11.5889;11.6104;11.5964;4008
2015.05.19;08:00:00;11.6729;11.5849;11.5879;11.6109;15702
2015.05.19;12:00:00;11.6484;11.54206;11.6424;11.58797;14021
2015.05.19;16:00:00;11.7069;11.63254;11.6759;11.6419;14279
2015.05.19;20:00:00;11.6944;11.628;11.628;11.6764;5800
2015.05.20;00:00:00;11.6999;11.66497;11.6919;11.67172;3692
2015.05.20;04:00:00;11.7074;11.67331;11.6859;11.6924;3793
2015.05.20;08:00:00;11.7609;11.6499;11.7049;11.6864;14701
2015.05.20;12:00:00;11.7704;11.6844;11.6874;11.7054;13380
2015.05.20;16:00:00;11.7909;11.6839;11.7624;11.6874;14023
2015.05.20;20:00:00;11.7634;11.71472;11.75397;11.7619;10196
2015.05.21;00:00:00;11.7684;11.7434;11.7524;11.75347;3222
2015.05.21;04:00:00;11.7594;11.7454;11.7499;11.7529;3836
2015.05.21;08:00:00;11.8104;11.71722;11.7904;11.7504;13526
2015.05.21;12:00:00;11.8879;11.7734;11.8659;11.7899;13642
2015.05.21;16:00:00;11.8754;11.8169;11.8214;11.8664;11975
2015.05.21;20:00:00;11.84872;11.80635;11.84822;11.8224;4733
2015.05.22;00:00:00;11.85122;11.8119;11.8369;11.84847;3295
2015.05.22;04:00:00;11.8374;11.8034;11.8109;11.8374;3086
2015.05.22;08:00:00;11.8199;11.7614;11.7804;11.8109;10012
2015.05.22;12:00:00;11.8134;11.7399;11.8009;11.7809;13621
2015.05.22;16:00:00;11.8504;11.7874;11.8054;11.8014;13169
2015.05.22;20:00:00;11.8429;11.7949;11.83022;11.8049;5329
2015.05.25;00:00:00;11.8559;11.81197;11.8454;11.82147;5409
2015.05.25;04:00:00;11.8489;11.8314;11.8454;11.8449;2476
2015.05.25;08:00:00;11.8799;11.8249;11.8474;11.8459;6045
2015.05.25;12:00:00;11.8559;11.7989;11.8044;11.8469;6431
2015.05.25;16:00:00;11.8249;11.7954;11.8064;11.8034;3436
2015.05.25;20:00:00;11.8249;11.8049;11.81372;11.80697;3696
2015.05.26;00:00:00;11.8554;11.80747;11.8484;11.81172;3224
2015.05.26;04:00:00;11.8554;11.8361;11.84219;11.8489;4146
2015.05.26;08:00:00;11.8704;11.82322;11.8474;11.84258;12641
2015.05.26;12:00:00;11.8544;11.7884;11.8239;11.8469;12099
2015.05.26;16:00:00;11.9419;11.81874;11.9219;11.8244;13015
2015.05.26;20:00:00;11.9409;11.9094;11.9244;11.9214;4531
2015.05.27;00:00:00;11.9334;11.9174;11.9279;11.9254;2327
2015.05.27;04:00:00;11.9364;11.9134;11.9284;11.9284;4075
2015.05.27;08:00:00;11.9304;11.88094;11.8914;11.9284;11272
2015.05.27;12:00:00;11.9624;11.8844;11.9569;11.8909;14973
2015.05.27;16:00:00;11.9869;11.8754;11.8909;11.9564;16746
2015.05.27;20:00:00;11.9249;11.8849;11.91897;11.8914;6880
2015.05.28;00:00:00;11.9389;11.9114;11.9229;11.92297;4135
2015.05.28;04:00:00;11.9344;11.9064;11.9109;11.9224;5117
2015.05.28;08:00:00;11.9234;11.87647;11.8854;11.9104;14378
2015.05.28;12:00:00;11.9684;11.8749;11.9639;11.8859;15245
2015.05.28;16:00:00;12.0364;11.9604;11.9889;11.9639;16220
2015.05.28;20:00:00;11.9949;11.9409;11.9454;11.9884;7153
2015.05.29;00:00:00;11.9499;11.9244;11.9434;11.9464;3431
2015.05.29;04:00:00;11.9609;11.9409;11.9579;11.9439;3930
2015.05.29;08:00:00;11.9839;11.8594;11.8664;11.9584;12564
2015.05.29;12:00:00;11.8979;11.82899;11.8894;11.8669;15563
2015.05.29;16:00:00;11.9094;11.8479;11.9049;11.8889;14508
2015.05.29;20:00:00;11.9084;11.8599;11.8629;11.9054;5130
2015.06.01;00:00:00;11.9044;11.84347;11.9044;11.86997;3198
2015.06.01;04:00:00;11.9109;11.8919;11.8929;11.9049;8175
2015.06.01;08:00:00;11.9979;11.8833;11.9834;11.8929;12704
2015.06.01;12:00:00;12.1044;11.9494;12.0564;11.9824;13365
2015.06.01;16:00:00;12.1354;12.0304;12.0799;12.0559;13471
2015.06.01;20:00:00;12.0994;12.0619;12.0859;12.0799;6656
2015.06.02;00:00:00;12.1024;12.07522;12.0944;12.0849;3066
2015.06.02;04:00:00;12.1009;12.0779;12.0814;12.0949;3261
2015.06.02;08:00:00;12.1029;12.0014;12.0364;12.0809;11619
2015.06.02;12:00:00;12.0754;11.9569;11.9569;12.0364;16317
2015.06.02;16:00:00;12.0444;11.88147;11.9804;11.9574;18590
2015.06.02;20:00:00;12.0229;11.9724;12.0129;11.9809;6300
2015.06.03;00:00:00;12.0204;11.9675;12.0129;12.0129;2786
2015.06.03;04:00:00;12.0159;11.9814;11.9974;12.0124;3522
2015.06.03;08:00:00;12.0114;11.90627;11.9148;11.9979;15528
2015.06.03;12:00:00;12.0079;11.9074;11.9664;11.9149;15883
2015.06.03;16:00:00;11.9674;11.8204;11.8844;11.9674;17637
2015.06.03;20:00:00;11.9149;11.87353;11.8863;11.8839;4398
2015.06.04;00:00:00;11.9049;11.8419;11.8989;11.87647;3769
2015.06.04;04:00:00;11.9189;11.8924;11.9014;11.8989;2953
2015.06.04;08:00:00;11.9784;11.87421;11.9179;11.9009;16388
2015.06.04;12:00:00;11.9374;11.86647;11.9154;11.9184;16320
2015.06.04;16:00:00;11.9329;11.86439;11.8854;11.9149;14513
2015.06.04;20:00:00;11.9424;11.8819;11.9099;11.8859;7471
2015.06.05;00:00:00;11.9634;11.89222;11.9374;11.91247;6281
2015.06.05;04:00:00;11.9509;11.9279;11.9344;11.9379;4321
2015.06.05;08:00:00;12.0174;11.8774;12.0029;11.93442;14778
2015.06.05;12:00:00;12.1429;11.9864;12.1389;12.0029;15580
2015.06.05;16:00:00;12.1914;12.07097;12.1659;12.1384;18256
2015.06.05;20:00:00;12.1704;12.1199;12.1344;12.1664;6718
2015.06.08;00:00:00;12.1684;12.1489;12.1679;12.1544;2364
2015.06.08;04:00:00;12.1699;12.1394;12.1474;12.1674;3796
2015.06.08;08:00:00;12.1649;12.07794;12.1044;12.1479;12537
2015.06.08;12:00:00;12.1389;12.03461;12.0704;12.1039;11683
2015.06.08;16:00:00;12.0814;12.0119;12.0369;12.0699;12423
2015.06.08;20:00:00;12.0394;11.9764;11.9844;12.0379;7290
2015.06.09;00:00:00;12.00747;11.9806;11.9994;11.9849;2657
2015.06.09;04:00:00;12.0004;11.95306;11.9849;11.9994;6164
2015.06.09;08:00:00;12.0089;11.9534;11.9999;11.9854;14484
2015.06.09;12:00:00;12.0334;11.9224;11.9439;12.0004;15242
2015.06.09;16:00:00;11.9604;11.8739;11.9524;11.9444;15207
2015.06.09;20:00:00;11.9714;11.9404;11.9624;11.9529;4513
2015.06.10;00:00:00;11.9704;11.9359;11.9424;11.9639;3261
2015.06.10;04:00:00;11.9624;11.9339;11.9454;11.9429;4682
2015.06.10;08:00:00;11.9544;11.8169;11.8799;11.9459;18084
2015.06.10;12:00:00;11.9594;11.8774;11.9454;11.8794;15536
2015.06.10;16:00:00;12.0609;11.9389;12.0439;11.9454;15955
2015.06.10;20:00:00;12.0834;12.03632;12.0514;12.0449;4865
2015.06.11;00:00:00;12.0579;12.0244;12.0559;12.0514;1806
2015.06.11;04:00:00;12.0599;12.0369;12.0444;12.0564;3394
2015.06.11;08:00:00;12.0509;11.98747;12.0294;12.0449;11438
2015.06.11;12:00:00;12.1254;12.01776;12.0914;12.0299;14669
2015.06.11;16:00:00;12.1824;12.0904;12.1669;12.0909;15587
2015.06.11;20:00:00;12.1834;12.1414;12.15872;12.1674;6853
2015.06.12;00:00:00;12.18222;12.14947;12.1629;12.15922;4701
2015.06.12;04:00:00;12.1974;12.1619;12.1909;12.1624;4261
2015.06.12;08:00:00;12.2189;12.0344;12.0939;12.1909;14668
2015.06.12;12:00:00;12.1079;11.9769;11.9909;12.0934;15813
2015.06.12;16:00:00;12.0674;11.9784;12.0169;11.9914;16006
2015.06.12;20:00:00;12.0649;11.9989;12.03522;12.0169;7851
2015.06.15;00:00:00;12.09947;12.06922;12.0894;12.08947;5373
2015.06.15;04:00:00;12.1074;12.0864;12.0909;12.0899;3256
2015.06.15;08:00:00;12.1084;12.0469;12.0599;12.0914;11884
2015.06.15;12:00:00;12.0789;12.0344;12.0764;12.0614;12145
2015.06.15;16:00:00;12.1154;12.0599;12.0929;12.0764;12435
2015.06.15;20:00:00;12.1184;12.07922;12.0869;12.0924;4618
2015.06.16;00:00:00;12.0984;12.0824;12.0924;12.0864;1955
2015.06.16;04:00:00;12.11073;12.0854;12.0959;12.0929;5066
2015.06.16;08:00:00;12.1309;12.056;12.0899;12.0964;11457
2015.06.16;12:00:00;12.1574;12.0874;12.1219;12.0894;12288
2015.06.16;16:00:00;12.1764;12.1179;12.1559;12.1214;9291
2015.06.16;20:00:00;12.1779;12.12807;12.1344;12.1554;3689
2015.06.17;00:00:00;12.1454;12.1314;12.1399;12.1349;1553
2015.06.17;04:00:00;12.1434;12.1259;12.1264;12.1404;2237
2015.06.17;08:00:00;12.2259;12.11822;12.2164;12.1269;12382
2015.06.17;12:00:00;12.2269;12.1534;12.1819;12.2169;12558
2015.06.17;16:00:00;12.1829;12.1154;12.1279;12.1824;9903
2015.06.17;20:00:00;12.15547;12.0869;12.1189;12.1284;14826
2015.06.18;00:00:00;12.1319;12.1049;12.1074;12.1189;6209
2015.06.18;04:00:00;12.1239;12.0989;12.0994;12.1069;5481
2015.06.18;08:00:00;12.2739;12.07272;12.2619;12.1044;14662
2015.06.18;12:00:00;12.3294;12.2369;12.2759;12.2619;15794
2015.06.18;16:00:00;12.3649;12.2414;12.3464;12.2749;14197
2015.06.18;20:00:00;12.3889;12.3394;12.3684;12.3459;7948
2015.06.19;00:00:00;12.3734;12.2773;12.3459;12.3689;2766
2015.06.19;04:00:00;12.3489;12.32272;12.3444;12.3464;3775
2015.06.19;08:00:00;12.3879;12.3224;12.3389;12.3439;14891
2015.06.19;12:00:00;12.4069;12.3334;12.3969;12.3394;12722
2015.06.19;16:00:00;12.4134;12.3484;12.3549;12.3974;11217
2015.06.19;20:00:00;12.3614;12.25097;12.2644;12.3554;6571
2015.06.22;00:00:00;12.27772;12.24822;12.2649;12.24997;2683
2015.06.22;04:00:00;12.2749;12.2534;12.2704;12.2654;3479
2015.06.22;08:00:00;12.3174;12.2489;12.2669;12.2709;11671
2015.06.22;12:00:00;12.2959;12.1604;12.1724;12.2674;12270
2015.06.22;16:00:00;12.2434;12.1614;12.2319;12.1719;13309
2015.06.22;20:00:00;12.2529;12.2079;12.25122;12.2324;5834
2015.06.23;00:00:00;12.26022;12.20622;12.2309;12.25022;4147
2015.06.23;04:00:00;12.2834;12.2194;12.2609;12.2314;5971
2015.06.23;08:00:00;12.3059;12.2404;12.28365;12.2614;15618
2015.06.23;12:00:00;12.3359;12.2684;12.32576;12.28341;15752
2015.06.23;16:00:00;12.3519;12.2724;12.3224;12.3259;15246
2015.06.23;20:00:00;12.3434;12.2839;12.2989;12.3219;7458
2015.06.24;00:00:00;12.32797;12.2811;12.3164;12.2999;5457
2015.06.24;04:00:00;12.3214;12.2954;12.3169;12.3164;8590
2015.06.24;08:00:00;12.3624;12.29748;12.3224;12.3174;13936
2015.06.24;12:00:00;12.3494;12.2879;12.3444;12.3219;14607
2015.06.24;16:00:00;12.3804;12.3204;12.3274;12.3449;13531
2015.06.24;20:00:00;12.3339;12.3034;12.31797;12.3279;5944
2015.06.25;00:00:00;12.32872;12.2783;12.3014;12.32022;2969
2015.06.25;04:00:00;12.3074;12.2804;12.2959;12.3009;5008
2015.06.25;08:00:00;12.3339;12.2389;12.2764;12.2954;14408
2015.06.25;12:00:00;12.2999;12.2422;12.2939;12.2764;14803
2015.06.25;16:00:00;12.3309;12.2759;12.2879;12.2934;11490
2015.06.25;20:00:00;12.3009;12.2819;12.28772;12.2884;3300
2015.06.26;00:00:00;12.3044;12.2844;12.2964;12.28672;2991
2015.06.26;04:00:00;12.3149;12.2944;12.3054;12.2964;2977
2015.06.26;08:00:00;12.3104;12.25535;12.2859;12.3049;8912
2015.06.26;12:00:00;12.3319;12.2554;12.3119;12.2864;12269
2015.06.26;16:00:00;12.3784;12.29919;12.3399;12.3124;12363
2015.06.26;20:00:00;12.3599;12.30022;12.32922;12.3404;6071
2015.06.29;00:00:00;12.4429;12.38222;12.41247;12.3939;18214
2015.06.29;04:00:00;12.4279;12.3924;12.4234;12.41613;14324
2015.06.29;08:00:00;12.4499;12.32422;12.3849;12.4229;21103
2015.06.29;12:00:00;12.4549;12.36697;12.4384;12.3854;16894
2015.06.29;16:00:00;12.4699;12.35911;12.3884;12.4369;18188
2015.06.29;20:00:00;12.4014;12.2994;12.3609;12.3879;11291
2015.06.30;00:00:00;12.3894;12.34222;12.3874;12.3614;4599
2015.06.30;04:00:00;12.3999;12.3714;12.3904;12.3869;3956
2015.06.30;08:00:00;12.4349;12.35197;12.3814;12.3899;14792
2015.06.30;12:00:00;12.3869;12.3039;12.3709;12.3809;16720
2015.06.30;16:00:00;12.39221;12.3199;12.3209;12.3699;17233
2015.06.30;20:00:00;12.3474;12.30731;12.33222;12.3214;10167
2015.07.01;00:00:00;12.3489;12.31256;12.3226;12.32972;6187
2015.07.01;04:00:00;12.3334;12.31147;12.3299;12.32265;3733
2015.07.01;08:00:00;12.3799;12.2814;12.2884;12.3294;12459
2015.07.01;12:00:00;12.3514;12.25015;12.3284;12.2874;12230
2015.07.01;16:00:00;12.3539;12.3089;12.3314;12.3289;12347
2015.07.01;20:00:00;12.3949;12.3294;12.3804;12.3314;6098
2015.07.02;00:00:00;12.3879;12.3619;12.3719;12.3794;4005
2015.07.02;04:00:00;12.3794;12.3569;12.3569;12.3719;2501
2015.07.02;08:00:00;12.3814;12.3194;12.3354;12.3564;13601
2015.07.02;12:00:00;12.3979;12.29997;12.3689;12.33272;15788
2015.07.02;16:00:00;12.4384;12.35472;12.4134;12.3694;11667
2015.07.02;20:00:00;12.4484;12.4129;12.4204;12.4139;3736
2015.07.03;00:00:00;12.4259;12.4119;12.4229;12.4189;2273
2015.07.03;04:00:00;12.4259;12.4074;12.4104;12.4224;2058
2015.07.03;08:00:00;12.4394;12.4034;12.4204;12.4104;9469
2015.07.03;12:00:00;12.4864;12.4044;12.4684;12.4139;10897
2015.07.03;16:00:00;12.4924;12.44578;12.4919;12.4679;8398
2015.07.03;20:00:00;12.4914;12.4269;12.43147;12.4914;4158
2015.07.06;00:00:00;12.55497;12.49147;12.4959;12.50322;7766
2015.07.06;04:00:00;12.5199;12.4714;12.5104;12.4944;5168
2015.07.06;08:00:00;12.55072;12.47272;12.5479;12.5109;18420
2015.07.06;12:00:00;12.6069;12.5284;12.5769;12.5474;17317
2015.07.06;16:00:00;12.5979;12.53125;12.5869;12.5774;13321
2015.07.06;20:00:00;12.6144;12.5714;12.58822;12.5874;6551
2015.07.07;00:00:00;12.6139;12.5824;12.6014;12.58772;2298
2015.07.07;04:00:00;12.6149;12.5994;12.6099;12.6009;3403
2015.07.07;08:00:00;12.7329;12.59272;12.7029;12.6094;15308
2015.07.07;12:00:00;12.7124;12.6494;12.6749;12.7034;17660
2015.07.07;16:00:00;12.7474;12.65673;12.6734;12.6744;20106
2015.07.07;20:00:00;12.6824;12.5944;12.6104;12.6724;10082
2015.07.08;00:00:00;12.6429;12.6034;12.6334;12.6099;3477
2015.07.08;04:00:00;12.6374;12.5889;12.6034;12.6339;5489
2015.07.08;08:00:00;12.7314;12.5944;12.6919;12.6039;17416
2015.07.08;12:00:00;12.6934;12.61617;12.6444;12.6924;16276
2015.07.08;16:00:00;12.6779;12.56752;12.6539;12.6449;16932
2015.07.08;20:00:00;12.6639;12.62097;12.6264;12.6534;7985
2015.07.09;00:00:00;12.65022;12.6199;12.6364;12.64672;3075
2015.07.09;04:00:00;12.6419;12.6079;12.6094;12.6369;3937
2015.07.09;08:00:00;12.6979;12.55609;12.6564;12.6089;14689
2015.07.09;12:00:00;12.68093;12.5044;12.5374;12.6569;16682
2015.07.09;16:00:00;12.5429;12.4354;12.5189;12.5379;11776
2015.07.09;20:00:00;12.5289;12.4914;12.5114;12.5194;7248
2015.07.10;00:00:00;12.5189;12.4624;12.4699;12.5139;4710
2015.07.10;04:00:00;12.4769;12.4559;12.4664;12.4704;3994
2015.07.10;08:00:00;12.4709;12.30522;12.4174;12.4659;15072
2015.07.10;12:00:00;12.4279;12.3239;12.3339;12.4169;15835
2015.07.10;16:00:00;12.42374;12.32077;12.4114;12.3344;14861
2015.07.10;20:00:00;12.46247;12.38122;12.40272;12.4121;6716
2015.07.13;00:00:00;12.45322;12.39597;12.42422;12.45322;3315
2015.07.13;04:00:00;12.4539;12.41172;12.4339;12.42372;5457
2015.07.13;08:00:00;12.5264;12.40472;12.4919;12.4344;15161
2015.07.13;12:00:00;12.5384;12.4769;12.5189;12.4924;12533
2015.07.13;16:00:00;12.5494;12.4889;12.5219;12.5189;9696
2015.07.13;20:00:00;12.5314;12.48947;12.51372;12.5224;6715
2015.07.14;00:00:00;12.5407;12.48947;12.52824;12.48972;6245
2015.07.14;04:00:00;12.53138;12.5084;12.5219;12.52821;6910
2015.07.14;08:00:00;12.6014;12.5139;12.56447;12.5234;14580
2015.07.14;12:00:00;12.7674;12.56147;12.6894;12.56497;15692
2015.07.14;16:00:00;12.6949;12.6279;12.6584;12.6899;11082
2015.07.14;20:00:00;12.7004;12.6534;12.6609;12.6579;4111
2015.07.15;00:00:00;12.7124;12.65651;12.7104;12.6594;3212
2015.07.15;04:00:00;12.7129;12.67297;12.6894;12.7094;3717
2015.07.15;08:00:00;12.8114;12.65722;12.6714;12.6889;14325
2015.07.15;12:00:00;12.7136;12.6624;12.7016;12.6719;12578
2015.07.15;16:00:00;12.7676;12.67785;12.75216;12.7021;16311
2015.07.15;20:00:00;12.77637;12.71517;12.74192;12.75228;6652
2015.07.16;00:00:00;12.77171;12.73565;12.7581;12.74292;5225
2015.07.16;04:00:00;12.77703;12.7466;12.7681;12.7581;5655
2015.07.16;08:00:00;12.7946;12.6676;12.68142;12.76767;15508
2015.07.16;12:00:00;12.7111;12.6171;12.70315;12.68192;17756
2015.07.16;16:00:00;12.7221;12.6561;12.7186;12.70329;13704
2015.07.16;20:00:00;12.7371;12.70023;12.72992;12.7191;5544
2015.07.17;00:00:00;12.7411;12.72542;12.7356;12.73117;1943
2015.07.17;04:00:00;12.7416;12.7221;12.7326;12.7361;2227
2015.07.17;08:00:00;12.7706;12.71568;12.7436;12.7331;12487
2015.07.17;12:00:00;12.7521;12.6926;12.73193;12.7441;12612
2015.07.17;16:00:00;12.7921;12.7016;12.7636;12.7317;12486
2015.07.17;20:00:00;12.7696;12.72667;12.74417;12.7641;4333
2015.07.20;00:00:00;12.7621;12.7361;12.74362;12.75467;5914
2015.07.20;04:00:00;12.7631;12.73461;12.74092;12.74361;7651
2015.07.20;08:00:00;12.8021;12.7256;12.7706;12.74142;13171
2015.07.20;12:00:00;12.7926;12.7366;12.76158;12.7706;14352
2015.07.20;16:00:00;12.8226;12.7581;12.8211;12.76239;11572
2015.07.20;20:00:00;12.8271;12.7866;12.80642;12.8216;6275
2015.07.21;00:00:00;12.8191;12.78873;12.8101;12.80742;2554
2015.07.21;04:00:00;12.8136;12.7896;12.8081;12.8096;5116
2015.07.21;08:00:00;12.8356;12.7981;12.8201;12.8086;12789
2015.07.21;12:00:00;12.8486;12.7541;12.7716;12.8206;13323
2015.07.21;16:00:00;12.7721;12.5991;12.6173;12.7711;17686
2015.07.21;20:00:00;12.6311;12.5976;12.61117;12.61725;7230
2015.07.22;00:00:00;12.62538;12.59192;12.6086;12.60992;6615
2015.07.22;04:00:00;12.64942;12.6056;12.6246;12.6081;5963
2015.07.22;08:00:00;12.7116;12.60935;12.6996;12.6241;12911
2015.07.22;12:00:00;12.7631;12.6781;12.7211;12.7001;13812
2015.07.22;16:00:00;12.8031;12.7116;12.7251;12.7206;14775
2015.07.22;20:00:00;12.7721;12.69092;12.69092;12.7256;4732
2015.07.23;00:00:00;12.7471;12.68992;12.7326;12.69042;2874
2015.07.23;04:00:00;12.74417;12.70617;12.7276;12.7331;6817
2015.07.23;08:00:00;12.7826;12.6966;12.7001;12.7281;12095
2015.07.23;12:00:00;12.7536;12.67817;12.7036;12.7006;13912
2015.07.23;16:00:00;12.7331;12.66045;12.6851;12.7031;11815
2015.07.23;20:00:00;12.6936;12.6561;12.6771;12.6856;5781
2015.07.24;00:00:00;12.6831;12.66857;12.6761;12.6776;1943
2015.07.24;04:00:00;12.7176;12.66417;12.70541;12.6766;8591
2015.07.24;08:00:00;12.7361;12.6756;12.6906;12.70549;10729
2015.07.24;12:00:00;12.7386;12.67973;12.7136;12.6911;13639
2015.07.24;16:00:00;12.7221;12.66572;12.7101;12.7141;13353
2015.07.24;20:00:00;12.7316;12.6961;12.7246;12.7106;5487
2015.07.27;00:00:00;12.7436;12.7081;12.7211;12.7111;2105
2015.07.27;04:00:00;12.7296;12.6961;12.7166;12.7206;4247
2015.07.27;08:00:00;12.7196;12.6156;12.6751;12.7171;12796
2015.07.27;12:00:00;12.7006;12.64733;12.68016;12.6756;13220
2015.07.27;16:00:00;12.69517;12.6616;12.6826;12.68016;12408
2015.07.27;20:00:00;12.7056;12.6651;12.70292;12.6821;6035
2015.07.28;00:00:00;12.7176;12.6946;12.7056;12.70392;2495
2015.07.28;04:00:00;12.7176;12.69767;12.7126;12.7051;4521
2015.07.28;08:00:00;12.7786;12.6841;12.7421;12.7131;12960
2015.07.28;12:00:00;12.7626;12.7171;12.7576;12.7416;12995
2015.07.28;16:00:00;12.7786;12.7156;12.7186;12.7581;12421
2015.07.28;20:00:00;12.75892;12.70092;12.73217;12.7181;4590
2015.07.29;00:00:00;12.75917;12.71692;12.7226;12.71692;3894
2015.07.29;04:00:00;12.7536;12.71597;12.7531;12.7226;3529
2015.07.29;08:00:00;12.7961;12.6781;12.6851;12.7526;11669
2015.07.29;12:00:00;12.7566;12.6566;12.7516;12.6851;12937
2015.07.29;16:00:00;12.7856;12.6761;12.6761;12.7511;12667
2015.07.29;20:00:00;12.7406;12.65467;12.70667;12.6756;11109
2015.07.30;00:00:00;12.7341;12.70292;12.7331;12.70342;2502
2015.07.30;04:00:00;12.7391;12.7163;12.7271;12.7326;2355
2015.07.30;08:00:00;12.7771;12.69517;12.7171;12.7266;11705
2015.07.30;12:00:00;12.7746;12.68798;12.7661;12.7176;13197
2015.07.30;16:00:00;12.7976;12.7016;12.72672;12.7666;17357
2015.07.30;20:00:00;12.7541;12.7116;12.7411;12.72538;6455
2015.07.31;00:00:00;12.7476;12.7146;12.7246;12.7406;4431
2015.07.31;04:00:00;12.7381;12.7201;12.7366;12.7251;2839
2015.07.31;08:00:00;12.7676;12.71544;12.7466;12.7371;11410
2015.07.31;12:00:00;12.79276;12.65967;12.7096;12.7456;14980
2015.07.31;16:00:00;12.7451;12.64196;12.7256;12.7091;15782
2015.07.31;20:00:00;12.77217;12.7181;12.76967;12.7261;7896
2015.08.03;00:00:00;12.7881;12.75142;12.7841;12.76742;3481
2015.08.03;04:00:00;12.7881;12.7756;12.7796;12.7846;4306
2015.08.03;08:00:00;12.8416;12.76592;12.8166;12.7791;12479
2015.08.03;12:00:00;12.8231;12.78353;12.8036;12.8166;13304
2015.08.03;16:00:00;12.8561;12.79098;12.8301;12.8036;11420
2015.08.03;20:00:00;12.8606;12.8286;12.8576;12.8296;4694
2015.08.04;00:00:00;12.8691;12.83167;12.8621;12.8581;3354
2015.08.04;04:00:00;12.8701;12.8511;12.8621;12.8626;3007
2015.08.04;08:00:00;12.8806;12.81247;12.8276;12.8616;12589
2015.08.04;12:00:00;12.8426;12.7766;12.7856;12.8276;12586
2015.08.04;16:00:00;12.8756;12.7851;12.8636;12.7861;11535
2015.08.04;20:00:00;12.9151;12.8546;12.88517;12.8641;8044
2015.08.05;00:00:00;12.9081;12.86942;12.9071;12.88442;6326
2015.08.05;04:00:00;12.9156;12.8801;12.8871;12.9066;4166
2015.08.05;08:00:00;12.9311;12.8736;12.8946;12.8861;12315
2015.08.05;12:00:00;12.9351;12.8696;12.9061;12.8951;13780
2015.08.05;16:00:00;12.9611;12.8821;12.9326;12.9066;14417
2015.08.05;20:00:00;12.9351;12.86017;12.8751;12.9316;6089
2015.08.06;00:00:00;12.8821;12.84842;12.8726;12.8746;3578
2015.08.06;04:00:00;12.8931;12.8711;12.8831;12.8711;4946
2015.08.06;08:00:00;12.9351;12.8572;12.9161;12.8836;10644
2015.08.06;12:00:00;12.9311;12.78217;12.8816;12.9166;14627
2015.08.06;16:00:00;12.8856;12.8326;12.8571;12.8821;11473
2015.08.06;20:00:00;12.8576;12.8231;12.83117;12.8576;6070
2015.08.07;00:00:00;12.83867;12.8206;12.8356;12.83242;2259
2015.08.07;04:00:00;12.8371;12.8141;12.8296;12.8361;3668
2015.08.07;08:00:00;12.84917;12.78192;12.8306;12.8301;10464
2015.08.07;12:00:00;12.8901;12.8016;12.8866;12.8311;12826
2015.08.07;16:00:00;12.8896;12.74317;12.79259;12.8856;16995
2015.08.07;20:00:00;12.8086;12.77292;12.8036;12.79301;5230
2015.08.10;00:00:00;12.8066;12.7916;12.8066;12.7931;2440
2015.08.10;04:00:00;12.8096;12.78347;12.7946;12.8071;2429
2015.08.10;08:00:00;12.8136;12.7501;12.7696;12.7941;8975
2015.08.10;12:00:00;12.7946;12.72692;12.7911;12.7696;10997
2015.08.10;16:00:00;12.7981;12.7566;12.7746;12.7906;13291
2015.08.10;20:00:00;12.7901;12.7591;12.77092;12.7751;6800
2015.08.11;00:00:00;12.7806;12.74742;12.7641;12.77042;3385
2015.08.11;04:00:00;12.8191;12.7626;12.7966;12.7646;8000
2015.08.11;08:00:00;12.8256;12.75779;12.77742;12.7971;14477
2015.08.11;12:00:00;12.8276;12.77386;12.7886;12.77717;14118
2015.08.11;16:00:00;12.9001;12.7776;12.8996;12.7891;13476
2015.08.11;20:00:00;12.9026;12.8691;12.87442;12.8986;6837
2015.08.12;00:00:00;12.8891;12.86664;12.8846;12.87617;2891
2015.08.12;04:00:00;12.8901;12.8351;12.8546;12.8851;8139
2015.08.12;08:00:00;12.9421;12.7907;12.8306;12.8551;15414
2015.08.12;12:00:00;12.8311;12.66649;12.7351;12.8301;14665
2015.08.12;16:00:00;12.7561;12.6971;12.7351;12.7356;16450
2015.08.12;20:00:00;12.7416;12.7011;12.71992;12.7346;8268
2015.08.13;00:00:00;12.7491;12.70117;12.7421;12.72042;2240
2015.08.13;04:00:00;12.7481;12.7061;12.7361;12.7431;6119
2015.08.13;08:00:00;12.77938;12.7096;12.7356;12.7366;11906
2015.08.13;12:00:00;12.8276;12.7211;12.8196;12.7361;11793
2015.08.13;16:00:00;12.8266;12.76942;12.8201;12.8191;13208
2015.08.13;20:00:00;12.8436;12.80342;12.81667;12.8206;9109
2015.08.14;00:00:00;12.8296;12.78717;12.8021;12.81467;3251
2015.08.14;04:00:00;12.8176;12.7956;12.7961;12.8026;5169
2015.08.14;08:00:00;12.8381;12.78339;12.8116;12.7966;12612
2015.08.14;12:00:00;12.8241;12.7546;12.8056;12.8111;13451
2015.08.14;16:00:00;12.8666;12.79571;12.8556;12.8061;11907
2015.08.14;20:00:00;12.8986;12.85053;12.86842;12.8561;6068
2015.08.17;00:00:00;12.8866;12.84767;12.8796;12.84917;3283
2015.08.17;04:00:00;12.9291;12.8766;12.9086;12.8791;5480
2015.08.17;08:00:00;12.96242;12.90117;12.9196;12.9091;10864
2015.08.17;12:00:00;12.9401;12.8446;12.8561;12.9226;12364
2015.08.17;16:00:00;12.8596;12.7651;12.7751;12.8556;11959
2015.08.17;20:00:00;12.8086;12.7741;12.78867;12.7741;4389
2015.08.18;00:00:00;12.7976;12.77923;12.7966;12.78917;3354
2015.08.18;04:00:00;12.8101;12.7776;12.8076;12.7961;4824
2015.08.18;08:00:00;12.9241;12.7981;12.9146;12.8076;10923
2015.08.18;12:00:00;13.0091;12.9116;12.9886;12.9141;11436
2015.08.18;16:00:00;13.0006;12.94677;12.9526;12.9891;12286
2015.08.18;20:00:00;12.9666;12.92467;12.96017;12.9531;5966
2015.08.19;00:00:00;12.9686;12.93892;12.9576;12.96267;3272
2015.08.19;04:00:00;12.9591;12.9461;12.9511;12.9571;3218
2015.08.19;08:00:00;12.9956;12.9256;12.9876;12.9506;9662
2015.08.19;12:00:00;13.0176;12.96826;12.9971;12.9871;10768
2015.08.19;16:00:00;13.0671;12.9946;13.0541;12.9981;14580
2015.08.19;20:00:00;13.0691;12.97942;12.99567;13.0546;12253
2015.08.20;00:00:00;13.0086;12.9891;12.9971;12.99492;4165
2015.08.20;04:00:00;13.0046;12.98001;12.9856;12.9976;3998
2015.08.20;08:00:00;13.0646;12.9371;12.94692;12.9851;12581
2015.08.20;12:00:00;12.9731;12.90205;12.9306;12.9431;14679
2015.08.20;16:00:00;12.9461;12.86017;12.9096;12.9311;16483
2015.08.20;20:00:00;12.94067;12.88793;12.90067;12.9086;8000
2015.08.21;00:00:00;12.9261;12.88492;12.9161;12.90167;3615
2015.08.21;04:00:00;12.9216;12.8754;12.8836;12.9166;6413
2015.08.21;08:00:00;12.9256;12.87392;12.9006;12.8831;13931
2015.08.21;12:00:00;12.9111;12.85342;12.8976;12.9001;12555
2015.08.21;16:00:00;12.8986;12.83192;12.8581;12.8981;18573
2015.08.21;20:00:00;12.88417;12.8317;12.85167;12.8586;13151
2015.08.24;00:00:00;12.8826;12.83887;12.8656;12.8451;10141
2015.08.24;04:00:00;12.8706;12.8006;12.8506;12.8651;14798
2015.08.24;08:00:00;12.8546;12.76051;12.8046;12.8501;18210
2015.08.24;12:00:00;12.8701;12.78874;12.82485;12.8046;14556
2015.08.24;16:00:00;12.93175;12.72452;12.89817;12.82539;17502
2015.08.24;20:00:00;12.98667;12.86445;12.93633;12.89592;11737
2015.08.25;00:00:00;13.0052;12.94242;12.96503;12.94742;9130
2015.08.25;04:00:00;12.98648;12.88915;12.93199;12.96506;11231
2015.08.25;08:00:00;12.96406;12.812;12.85105;12.93191;16175
2015.08.25;12:00:00;12.9445;12.8472;12.91792;12.84984;16361
2015.08.25;16:00:00;12.98484;12.87269;12.96362;12.91281;13984
2015.08.25;20:00:00;12.98682;12.87692;12.89528;12.96273;13264
2015.08.26;00:00:00;12.92867;12.8693;12.89782;12.89892;10773
2015.08.26;04:00:00;12.97615;12.88484;12.93648;12.89727;13175
2015.08.26;08:00:00;13.00174;12.89612;12.97378;12.93656;15285
2015.08.26;12:00:00;13.00954;12.94273;12.98813;12.97342;13810
2015.08.26;16:00:00;13.01761;12.91121;12.95335;12.98801;13868
2015.08.26;20:00:00;12.98492;12.91917;12.93188;12.95567;17303
2015.08.27;00:00:00;12.95949;12.91034;12.94139;12.94322;9693
2015.08.27;04:00:00;12.97437;12.89494;12.91261;12.94144;11722
2015.08.27;08:00:00;12.94697;12.84171;12.87437;12.91245;14601
2015.08.27;12:00:00;12.90507;12.82688;12.85141;12.8731;13848
2015.08.27;16:00:00;12.87002;12.75267;12.77189;12.85202;14532
2015.08.27;20:00:00;12.81721;12.75442;12.76992;12.77265;13098
2015.08.28;00:00:00;12.80658;12.77092;12.79293;12.77092;8865
2015.08.28;04:00:00;12.79791;12.76455;12.78513;12.79387;11962
2015.08.28;08:00:00;12.80763;12.72751;12.76917;12.78506;14778
2015.08.28;12:00:00;12.78713;12.71184;12.7831;12.76867;13897
2015.08.28;16:00:00;12.79133;12.6472;12.72801;12.78333;14182
2015.08.28;20:00:00;12.76072;12.70262;12.7405;12.72938;10792
2015.08.31;00:00:00;12.78456;12.73296;12.73674;12.75192;9504
2015.08.31;04:00:00;12.7692;12.71515;12.71992;12.73671;12220
2015.08.31;08:00:00;12.85624;12.70133;12.85605;12.72017;14067
2015.08.31;12:00:00;12.90492;12.78878;12.87808;12.85556;12979
2015.08.31;16:00:00;12.89299;12.71299;12.73822;12.87677;13170
2015.08.31;20:00:00;12.7387;12.67516;12.69442;12.73768;9400
2015.09.01;00:00:00;12.70642;12.66567;12.6995;12.69592;8543
2015.09.01;04:00:00;12.75273;12.68729;12.72996;12.69871;11586
2015.09.01;08:00:00;12.83103;12.71052;12.77342;12.7298;13995
2015.09.01;12:00:00;12.77993;12.71417;12.73563;12.77392;13179
2015.09.01;16:00:00;12.74409;12.68022;12.71784;12.73509;13361
2015.09.01;20:00:00;12.73084;12.66281;12.68142;12.71927;11323
2015.09.02;00:00:00;12.71347;12.66292;12.71158;12.67117;9161
2015.09.02;04:00:00;12.73184;12.7026;12.72163;12.71224;12334
2015.09.02;08:00:00;12.7302;12.64951;12.65342;12.7217;13095
2015.09.02;12:00:00;12.66981;12.58868;12.60822;12.65267;13260
2015.09.02;16:00:00;12.70348;12.58313;12.59385;12.60941;13653
2015.09.02;20:00:00;12.60761;12.58225;12.59638;12.59332;11278
2015.09.03;00:00:00;12.6334;12.59917;12.62422;12.60092;8878
2015.09.03;04:00:00;12.63482;12.61571;12.6269;12.62419;11669
2015.09.03;08:00:00;12.6305;12.5507;12.59417;12.6268;13951
2015.09.03;12:00:00;12.70646;12.5563;12.69291;12.59467;13514
2015.09.03;16:00:00;12.69928;12.58243;12.6334;12.6926;14083
2015.09.03;20:00:00;12.64204;12.59772;12.62617;12.63434;11452
2015.09.04;00:00:00;12.62817;12.59116;12.60534;12.62817;8028
2015.09.04;04:00:00;12.62384;12.59819;12.60887;12.60525;11704
2015.09.04;08:00:00;12.64677;12.5704;12.58962;12.6089;12810
2015.09.04;12:00:00;12.63107;12.56207;12.59797;12.58945;13298
2015.09.04;16:00:00;12.63722;12.58275;12.61108;12.59643;12821
2015.09.04;20:00:00;12.61591;12.57592;12.59292;12.61141;9339
2015.09.07;00:00:00;12.62322;12.58242;12.59382;12.58292;7422
2015.09.07;04:00:00;12.61186;12.5869;12.59739;12.59379;11710
2015.09.07;08:00:00;12.6442;12.56244;12.64205;12.59736;12997
2015.09.07;12:00:00;12.68545;12.62183;12.65879;12.64209;12495
2015.09.07;16:00:00;12.7214;12.64904;12.70909;12.66019;12145
2015.09.07;20:00:00;12.72585;12.67938;12.69767;12.70898;8728
2015.09.08;00:00:00;12.71813;12.68807;12.70316;12.71192;8598
2015.09.08;04:00:00;12.71179;12.66842;12.68887;12.70349;12192
2015.09.08;08:00:00;12.74785;12.67861;12.72867;12.69044;12609
2015.09.08;12:00:00;12.75665;12.69554;12.71467;12.72917;12873
2015.09.08;16:00:00;12.71944;12.64203;12.67032;12.7139;12988
2015.09.08;20:00:00;12.6772;12.65451;12.66817;12.67023;10856
2015.09.09;00:00:00;12.67146;12.65083;12.65869;12.65492;8782
2015.09.09;04:00:00;12.68498;12.64566;12.67126;12.65876;11322
2015.09.09;08:00:00;12.70048;12.6297;12.63681;12.67127;12593
2015.09.09;12:00:00;12.69518;12.62012;12.68037;12.6368;13041
2015.09.09;16:00:00;12.70043;12.6128;12.63971;12.68075;13498
2015.09.09;20:00:00;12.64247;12.59713;12.61967;12.63964;12676
2015.09.10;00:00:00;12.62392;12.58647;12.61097;12.62092;9382
2015.09.10;04:00:00;12.67575;12.6093;12.64205;12.61101;12050
2015.09.10;08:00:00;12.66257;12.53263;12.60095;12.64267;14162
2015.09.10;12:00:00;12.6464;12.5761;12.61208;12.60131;13575
2015.09.10;16:00:00;12.66955;12.57669;12.63556;12.61184;13871
2015.09.10;20:00:00;12.64429;12.6069;12.62792;12.63599;11243
2015.09.11;00:00:00;12.63367;12.58342;12.59106;12.62917;9451
2015.09.11;04:00:00;12.59575;12.57115;12.5713;12.59123;11608
2015.09.11;08:00:00;12.67989;12.53342;12.65782;12.57108;14126
2015.09.11;12:00:00;12.69557;12.64592;12.67921;12.65792;13189
2015.09.11;16:00:00;12.68324;12.54139;12.54521;12.6803;13064
2015.09.11;20:00:00;12.58792;12.54342;12.57217;12.54539;10957
2015.09.14;00:00:00;12.58092;12.53182;12.53735;12.56942;8309
2015.09.14;04:00:00;12.54893;12.52253;12.52975;12.53736;11454
2015.09.14;08:00:00;12.61015;12.5289;12.60742;12.52973;14328
2015.09.14;12:00:00;12.62704;12.58831;12.61848;12.60667;12997
2015.09.14;16:00:00;12.64969;12.59242;12.62769;12.61839;13498
2015.09.14;20:00:00;12.64559;12.61142;12.62167;12.62787;12127
2015.09.15;00:00:00;12.65466;12.60792;12.62826;12.60792;7149
2015.09.15;04:00:00;12.62833;12.60669;12.62736;12.62764;11480
2015.09.15;08:00:00;12.68747;12.62561;12.65617;12.62722;12957
2015.09.15;12:00:00;12.66042;12.57702;12.59118;12.65567;13041
2015.09.15;16:00:00;12.60035;12.54956;12.56381;12.59255;13092
2015.09.15;20:00:00;12.57872;12.53849;12.55967;12.5639;11805
2015.09.16;00:00:00;12.56892;12.54465;12.55344;12.56267;7960
2015.09.16;04:00:00;12.55578;12.54038;12.54759;12.55343;11905
2015.09.16;08:00:00;12.65932;12.53187;12.64517;12.54694;13113
2015.09.16;12:00:00;12.71518;12.64117;12.65887;12.64467;13247
2015.09.16;16:00:00;12.66413;12.56223;12.57146;12.65844;13947
2015.09.16;20:00:00;12.63245;12.5712;12.61742;12.57206;10453
2015.09.17;00:00:00;12.63661;12.59042;12.62878;12.60867;8935
2015.09.17;04:00:00;12.63182;12.60872;12.6198;12.62829;11579
2015.09.17;08:00:00;12.63169;12.55117;12.57749;12.62034;13382
2015.09.17;12:00:00;12.64421;12.57511;12.63039;12.57676;12240
2015.09.17;16:00:00;12.67763;12.61651;12.66426;12.62866;13176
2015.09.17;20:00:00;12.66596;12.55448;12.59492;12.66331;13664
2015.09.18;00:00:00;12.62825;12.57788;12.61797;12.58567;9354
2015.09.18;04:00:00;12.63629;12.60336;12.61509;12.61758;12041
2015.09.18;08:00:00;12.63084;12.55171;12.58688;12.61505;14619
2015.09.18;12:00:00;12.67227;12.57145;12.64368;12.58675;12955
2015.09.18;16:00:00;12.67243;12.6161;12.65247;12.64357;12774
2015.09.18;20:00:00;12.70217;12.63806;12.6833;12.65307;14880
2015.09.21;00:00:00;12.68554;12.65313;12.67275;12.6674;9205
2015.09.21;04:00:00;12.67929;12.66171;12.66634;12.67162;11778
2015.09.21;08:00:00;12.70451;12.65121;12.68061;12.66689;14297
2015.09.21;12:00:00;12.74477;12.66593;12.72014;12.68137;12736
2015.09.21;16:00:00;12.74302;12.6959;12.72368;12.7201;13131
2015.09.21;20:00:00;12.7565;12.71892;12.7502;12.72366;12751
2015.09.22;00:00:00;12.75058;12.72519;12.72943;12.72783;8989
2015.09.22;04:00:00;12.74294;12.72754;12.73034;12.72971;11970
2015.09.22;08:00:00;12.77072;12.72554;12.74461;12.73099;13490
2015.09.22;12:00:00;12.76794;12.71755;12.73106;12.74382;12923
2015.09.22;16:00:00;12.75147;12.71384;12.74545;12.73243;13250
2015.09.22;20:00:00;12.74706;12.7079;12.7081;12.74562;12665
2015.09.23;00:00:00;12.73247;12.70456;12.7293;12.71501;8649
2015.09.23;04:00:00;12.73988;12.71458;12.72212;12.72972;11715
2015.09.23;08:00:00;12.73864;12.66413;12.70467;12.72214;12927
2015.09.23;12:00:00;12.71692;12.61728;12.61966;12.70563;12997
2015.09.23;16:00:00;12.6428;12.57094;12.62914;12.61967;14420
2015.09.23;20:00:00;12.64193;12.60662;12.6244;12.62953;11627
2015.09.24;00:00:00;12.63661;12.56936;12.60001;12.6237;8707
2015.09.24;04:00:00;12.60937;12.57876;12.59014;12.59971;11636
2015.09.24;08:00:00;12.94092;12.57979;12.91534;12.59114;14882
2015.09.24;12:00:00;12.9309;12.77919;12.82715;12.9145;13404
2015.09.24;16:00:00;12.91391;12.78827;12.87922;12.82731;13781
2015.09.24;20:00:00;12.9033;12.861;12.87542;12.87934;11963
2015.09.25;00:00:00;12.91142;12.86842;12.90298;12.87067;10035
2015.09.25;04:00:00;12.91562;12.88819;12.9008;12.90316;11672
2015.09.25;08:00:00;12.97433;12.90015;12.95386;12.90061;15116
2015.09.25;12:00:00;13.00622;12.91046;12.98213;12.95329;13240
2015.09.25;16:00:00;13.00782;12.89161;12.9029;12.98198;15298
2015.09.25;20:00:00;12.92342;12.88331;12.89917;12.90311;9282
2015.09.28;00:00:00;12.95992;12.90981;12.93477;12.93;7746
2015.09.28;04:00:00;12.96609;12.9256;12.96497;12.93484;11077
2015.09.28;08:00:00;13.03131;12.94122;13.02247;12.96512;13805
2015.09.28;12:00:00;13.07757;13.00573;13.01023;13.02366;13171
2015.09.28;16:00:00;13.02093;12.94142;12.96076;13.01068;14369
2015.09.28;20:00:00;12.97459;12.93342;12.93742;12.96078;11539
2015.09.29;00:00:00;12.95456;12.91571;12.93392;12.93892;8506
2015.09.29;04:00:00;12.93478;12.90947;12.91489;12.93345;11878
2015.09.29;08:00:00;12.95465;12.86722;12.87742;12.91491;13551
2015.09.29;12:00:00;12.91845;12.84813;12.86341;12.87792;13746
2015.09.29;16:00:00;12.89392;12.81245;12.82579;12.86431;13372
2015.09.29;20:00:00;12.85142;12.8078;12.82942;12.82522;11142
2015.09.30;00:00:00;12.83942;12.81199;12.82763;12.82842;9477
2015.09.30;04:00:00;12.84083;12.82087;12.83578;12.82737;11315
2015.09.30;08:00:00;12.87144;12.75365;12.79192;12.83579;13748
2015.09.30;12:00:00;12.90823;12.78792;12.90823;12.79242;13063
2015.09.30;16:00:00;12.94314;12.85586;12.90528;12.90801;14235
2015.09.30;20:00:00;12.91057;12.85862;12.86867;12.90666;11409
2015.10.01;00:00:00;12.88339;12.85251;12.87803;12.86917;7475
2015.10.01;04:00:00;12.90777;12.87686;12.88752;12.87802;12106
2015.10.01;08:00:00;12.89946;12.79438;12.83006;12.88922;13524
2015.10.01;12:00:00;12.84265;12.79144;12.79449;12.83005;12892
2015.10.01;16:00:00;12.80124;12.74299;12.77037;12.79435;13863
2015.10.01;20:00:00;12.78411;12.73967;12.75292;12.77079;11553
2015.10.02;00:00:00;12.77729;12.73042;12.76822;12.76092;8890
2015.10.02;04:00:00;12.78319;12.74661;12.78141;12.76824;12826
2015.10.02;08:00:00;12.82858;12.76286;12.81742;12.78147;13409
2015.10.02;12:00:00;12.83759;12.68959;12.74841;12.81792;13727
2015.10.02;16:00:00;12.75894;12.65523;12.6942;12.74564;14279
2015.10.02;20:00:00;12.72793;12.68673;12.70917;12.69325;10957
2015.10.05;00:00:00;12.75479;12.71367;12.74315;12.71742;9110
2015.10.05;04:00:00;12.74474;12.71196;12.71906;12.74295;12328
2015.10.05;08:00:00;12.73633;12.65406;12.67242;12.71909;13661
2015.10.05;12:00:00;12.71564;12.64789;12.7115;12.67192;14067
2015.10.05;16:00:00;12.75707;12.69388;12.74211;12.71146;13456
2015.10.05;20:00:00;12.76544;12.71747;12.72092;12.74222;11409
2015.10.06;00:00:00;12.75642;12.70884;12.71421;12.72167;8356
2015.10.06;04:00:00;12.74067;12.71265;12.72107;12.7145;12050
2015.10.06;08:00:00;12.73889;12.67997;12.70896;12.7211;13616
2015.10.06;12:00:00;12.71361;12.63317;12.63784;12.70897;12670
2015.10.06;16:00:00;12.65263;12.59578;12.61812;12.638;13362
2015.10.06;20:00:00;12.64612;12.58659;12.59092;12.61825;12936
2015.10.07;00:00:00;12.60904;12.58842;12.60498;12.58892;8517
2015.10.07;04:00:00;12.62587;12.59768;12.61889;12.60518;12795
2015.10.07;08:00:00;12.62917;12.58402;12.60581;12.61901;15329
2015.10.07;12:00:00;12.60643;12.55423;12.57706;12.60557;12949
2015.10.07;16:00:00;12.58829;12.53606;12.56453;12.57547;13969
2015.10.07;20:00:00;12.57791;12.54931;12.56992;12.56504;11370
2015.10.08;00:00:00;12.57967;12.5579;12.56328;12.57192;7630
2015.10.08;04:00:00;12.56711;12.54538;12.55266;12.56305;11698
2015.10.08;08:00:00;12.58185;12.50527;12.51832;12.55267;14337
2015.10.08;12:00:00;12.55277;12.4849;12.48901;12.51912;13462
2015.10.08;16:00:00;12.50483;12.43105;12.47602;12.48876;13332
2015.10.08;20:00:00;12.49258;12.44861;12.48342;12.47619;12464
2015.10.09;00:00:00;12.50317;12.47928;12.49116;12.49242;8495
2015.10.09;04:00:00;12.5042;12.48831;12.49693;12.49098;11438
2015.10.09;08:00:00;12.52845;12.41392;12.45292;12.49695;16337
2015.10.09;12:00:00;12.45767;12.33517;12.39667;12.45317;16603
2015.10.09;16:00:00;12.4123;12.33672;12.34921;12.39717;16788
2015.10.09;20:00:00;12.38825;12.34725;12.37267;12.3489;9807
2015.10.12;00:00:00;12.38017;12.35942;12.36767;12.36817;4095
2015.10.12;04:00:00;12.37617;12.36592;12.37317;12.36717;3975
2015.10.12;08:00:00;12.40717;12.35617;12.38267;12.37367;9180
2015.10.12;12:00:00;12.39642;12.35142;12.36267;12.38192;11201
2015.10.12;16:00:00;12.39592;12.35817;12.39342;12.36317;11236
2015.10.12;20:00:00;12.42842;12.39292;12.41392;12.39292;4366
2015.10.13;00:00:00;12.42167;12.37592;12.39842;12.41442;3035
2015.10.13;04:00:00;12.39842;12.38342;12.39192;12.39792;3297
2015.10.13;08:00:00;12.46218;12.32167;12.33017;12.39142;14349
2015.10.13;12:00:00;12.41442;12.32967;12.39392;12.32967;15574
2015.10.13;16:00:00;12.42792;12.35167;12.40042;12.39442;14954
2015.10.13;20:00:00;12.43467;12.39842;12.42867;12.40192;4689
2015.10.14;00:00:00;12.42892;12.41167;12.41217;12.42692;2309
2015.10.14;04:00:00;12.43192;12.37942;12.40667;12.41167;5070
2015.10.14;08:00:00;12.43272;12.37217;12.42517;12.40642;13541
2015.10.14;12:00:00;12.48292;12.39642;12.48017;12.42492;16239
2015.10.14;16:00:00;12.52578;12.46592;12.49367;12.47992;15776
2015.10.14;20:00:00;12.50411;12.44192;12.49492;12.49317;7176
2015.10.15;00:00:00;12.50567;12.48224;12.49542;12.49542;3577
2015.10.15;04:00:00;12.50142;12.47017;12.47092;12.49592;3557
2015.10.15;08:00:00;12.57456;12.43142;12.46567;12.47142;14632
2015.10.15;12:00:00;12.50292;12.43917;12.48317;12.46542;16345
2015.10.15;16:00:00;12.56336;12.47842;12.53592;12.48292;19784
2015.10.15;20:00:00;12.55092;12.51717;12.51729;12.53642;6010
2015.10.16;00:00:00;12.54467;12.50392;12.53242;12.5097;4196
2015.10.16;04:00:00;12.53417;12.51367;12.51392;12.53192;5305
2015.10.16;08:00:00;12.52517;12.47492;12.48442;12.51442;11821
2015.10.16;12:00:00;12.5185;12.47642;12.48267;12.48392;12802
2015.10.16;16:00:00;12.52059;12.45242;12.49242;12.48317;15320
2015.10.16;20:00:00;12.51892;12.49167;12.51267;12.49192;5113
2015.10.19;00:00:00;12.52392;12.48317;12.49392;12.51265;4182
2015.10.19;04:00:00;12.50792;12.47892;12.50042;12.49242;7782
2015.10.19;08:00:00;12.5379;12.48992;12.50992;12.49992;11040
2015.10.19;12:00:00;12.56567;12.50867;12.55167;12.51042;12843
2015.10.19;16:00:00;12.58419;12.53942;12.55917;12.55117;12184
2015.10.19;20:00:00;12.57326;12.54942;12.56367;12.55967;3608
2015.10.20;00:00:00;12.57317;12.55242;12.56542;12.56517;2134
2015.10.20;04:00:00;12.57092;12.56242;12.57092;12.56592;2304
2015.10.20;08:00:00;12.57417;12.53917;12.55967;12.56892;9907
2015.10.20;12:00:00;12.60196;12.54842;12.56567;12.55917;11140
2015.10.20;16:00:00;12.5819;12.53417;12.55253;12.56517;22894
2015.10.20;20:00:00;12.5639;12.53123;12.53221;12.55251;20498
2015.10.21;00:00:00;12.55074;12.52843;12.538;12.52995;12512
2015.10.21;04:00:00;12.5489;12.53227;12.5465;12.5378;18811
2015.10.21;08:00:00;12.5948;12.53409;12.578;12.5456;33184
2015.10.21;12:00:00;12.6192;12.56037;12.6173;12.5788;33952
2015.10.21;16:00:00;12.6558;12.61015;12.61897;12.6173;37406
2015.10.21;20:00:00;12.63727;12.61018;12.61474;12.61909;24513
2015.10.22;00:00:00;12.62334;12.61047;12.62;12.6157;16478
2015.10.22;04:00:00;12.62295;12.60827;12.61861;12.62;25934
2015.10.22;08:00:00;12.68288;12.60933;12.67211;12.61859;26158
2015.10.22;12:00:00;12.7403;12.65405;12.7303;12.67252;33980
2015.10.22;16:00:00;12.7733;12.68808;12.72368;12.7303;37497
2015.10.22;20:00:00;12.76517;12.72384;12.74736;12.72384;26879
2015.10.23;00:00:00;12.77617;12.74548;12.7646;12.74594;18741
2015.10.23;04:00:00;12.76614;12.74691;12.7527;12.76445;18692
2015.10.23;08:00:00;12.7957;12.7207;12.7916;12.75273;34036
2015.10.23;12:00:00;12.90705;12.78422;12.892;12.7924;41309
2015.10.23;16:00:00;12.92217;12.84357;12.86802;12.8901;39976
2015.10.23;20:00:00;12.8789;12.8237;12.8307;12.86997;21759
2015.10.25;23:00:00;12.843;12.8327;12.8327;12.8403;8
2015.10.26;00:00:00;12.86521;12.82683;12.8342;12.82683;24339
2015.10.26;04:00:00;12.84231;12.81875;12.82971;12.83443;25119
2015.10.26;08:00:00;12.84389;12.79242;12.8256;12.8296;36550
2015.10.26;12:00:00;12.8477;12.79392;12.8155;12.8256;32118
2015.10.26;16:00:00;12.83382;12.7811;12.79548;12.79825;34568
2015.10.26;20:00:00;12.8017;12.7703;12.7783;12.7951;16319
2015.10.27;00:00:00;12.79149;12.76942;12.78792;12.77858;7869
2015.10.27;04:00:00;12.81141;12.78342;12.79892;12.78742;5480
2015.10.27;08:00:00;12.8986;12.79442;12.8848;12.79842;19220
2015.10.27;12:00:00;12.98;12.8784;12.9454;12.8844;38536
2015.10.27;16:00:00;12.98354;12.89342;12.94849;12.9371;39463
2015.10.27;20:00:00;12.96357;12.9208;12.941;12.94771;16852
2015.10.28;00:00:00;12.96784;12.92458;12.96099;12.9336;21287
2015.10.28;04:00:00;12.9715;12.95347;12.9662;12.96093;14904
2015.10.28;08:00:00;13.02625;12.93342;13.0218;12.9655;29606
2015.10.28;12:00:00;13.06126;12.9756;13.00538;13.0223;39889
2015.10.28;16:00:00;13.00589;12.92259;12.9329;13.00563;41225
2015.10.28;20:00:00;13.1022;12.98152;13.07398;12.98742;30634
2015.10.29;00:00:00;13.0967;13.07117;13.07843;13.07634;8482
2015.10.29;04:00:00;13.07851;13.05552;13.06165;13.07802;7855
2015.10.29;08:00:00;13.08823;13.04002;13.04884;13.06148;22917
2015.10.29;12:00:00;13.11684;13.01874;13.09687;13.04929;28450
2015.10.29;16:00:00;13.13915;13.0771;13.12031;13.09632;23373
2015.10.29;20:00:00;13.13352;13.09194;13.1031;13.11933;9596
2015.10.30;00:00:00;13.1281;13.0991;13.1141;13.10292;4432
2015.10.30;04:00:00;13.1256;13.10048;13.1166;13.1136;6615
2015.10.30;08:00:00;13.1836;13.09865;13.12194;13.1166;19026
2015.10.30;12:00:00;13.1496;13.0591;13.0831;13.1211;27936
2015.10.30;16:00:00;13.1171;13.0371;13.0936;13.0826;29988
2015.10.30;20:00:00;13.11714;13.06567;13.08442;13.0931;10417
2015.11.02;00:00:00;13.0931;13.05042;13.0706;13.06667;6029
2015.11.02;04:00:00;13.0866;13.06566;13.0796;13.0711;2833
2015.11.02;08:00:00;13.0901;13.0341;13.0672;13.0801;15062
2015.11.02;12:00:00;13.1131;13.06375;13.07737;13.06756;20349
2015.11.02;16:00:00;13.1096;13.0611;13.0866;13.07723;26115
2015.11.02;20:00:00;13.1006;13.0656;13.07417;13.0866;7283
2015.11.03;00:00:00;13.0936;13.0681;13.0811;13.07367;2888
2015.11.03;04:00:00;13.0836;13.06947;13.0786;13.0811;3165
2015.11.03;08:00:00;13.1536;13.0711;13.1176;13.0786;14020
2015.11.03;12:00:00;13.1261;13.0721;13.0961;13.11783;20834
2015.11.03;16:00:00;13.1371;13.08424;13.1151;13.0961;29006
2015.11.03;20:00:00;13.1281;13.0991;13.10592;13.1146;9863
2015.11.04;00:00:00;13.1251;13.09294;13.1166;13.10567;4499
2015.11.04;04:00:00;13.1226;13.10516;13.1111;13.1171;4826
2015.11.04;08:00:00;13.16858;13.1096;13.1611;13.1111;16749
2015.11.04;12:00:00;13.1771;13.1301;13.1756;13.1611;21147
2015.11.04;16:00:00;13.3061;13.16615;13.2896;13.1751;29772
2015.11.04;20:00:00;13.3136;13.2836;13.29067;13.2896;9369
2015.11.05;00:00:00;13.3271;13.27392;13.3056;13.27792;4500
2015.11.05;04:00:00;13.3196;13.2946;13.3116;13.3051;4134
2015.11.05;08:00:00;13.3526;13.17602;13.1891;13.3111;18928
2015.11.05;12:00:00;13.21609;13.03064;13.0381;13.1891;31997
2015.11.05;16:00:00;13.07089;13.00394;13.00469;13.0376;27706
2015.11.05;20:00:00;13.0216;12.9976;13.0011;13.00478;7650
2015.11.06;00:00:00;13.0131;12.9871;13.0096;13.0011;2940
2015.11.06;04:00:00;13.0161;12.9921;13.0076;13.0091;3840
2015.11.06;08:00:00;13.0141;12.9221;12.96435;13.0081;16058
2015.11.06;12:00:00;13.03798;12.88149;13.00015;12.96435;28987
2015.11.06;16:00:00;13.09135;12.99735;13.02085;12.99996;34633
2015.11.06;20:00:00;13.03233;13.00385;13.01592;13.02085;11262
2015.11.09;00:00:00;13.03335;12.99217;13.02135;13.00492;6268
2015.11.09;04:00:00;13.02735;13.00635;13.01185;13.02085;3948
2015.11.09;08:00:00;13.04535;12.96535;13.00685;13.01135;14550
2015.11.09;12:00:00;13.05435;12.99185;13.05285;13.00585;22199
2015.11.09;16:00:00;13.09435;13.04435;13.08835;13.05285;22543
2015.11.09;20:00:00;13.09935;13.07485;13.08817;13.08835;7895
2015.11.10;00:00:00;13.09435;13.05835;13.08185;13.08842;4982
2015.11.10;04:00:00;13.08485;13.05244;13.06385;13.08085;4022
2015.11.10;08:00:00;13.1367;13.02642;13.13631;13.06335;17009
2015.11.10;12:00:00;13.14585;13.08461;13.10735;13.13629;26891
2015.11.10;16:00:00;13.108;13.04735;13.04785;13.10749;28264
2015.11.10;20:00:00;13.05535;13.01842;13.02842;13.04785;11029
2015.11.11;00:00:00;13.05085;13.00435;13.03785;13.02917;5874
2015.11.11;04:00:00;13.04885;13.02285;13.03735;13.03735;5375
2015.11.11;08:00:00;13.0557;13.0072;13.0162;13.03735;14955
2015.11.11;12:00:00;13.08659;12.9977;13.0487;13.0157;21443
2015.11.11;16:00:00;13.1142;13.0277;13.0997;13.0482;24932
2015.11.11;20:00:00;13.1152;13.08162;13.08303;13.0997;6635
2015.11.12;00:00:00;13.1092;13.0677;13.1062;13.08253;6060
2015.11.12;04:00:00;13.1312;13.0997;13.1302;13.1057;4104
2015.11.12;08:00:00;13.1997;13.09586;13.1882;13.1302;19994
2015.11.12;12:00:00;13.2242;13.1602;13.2072;13.1877;25347
2015.11.12;16:00:00;13.2182;13.1417;13.2142;13.2072;33680
2015.11.12;20:00:00;13.23118;13.1897;13.20278;13.2142;13345
2015.11.13;00:00:00;13.2327;13.18578;13.2272;13.18603;5353
2015.11.13;04:00:00;13.2302;13.20897;13.2222;13.2267;4094
2015.11.13;08:00:00;13.2577;13.2007;13.2092;13.2222;19687
2015.11.13;12:00:00;13.2452;13.1397;13.24232;13.2092;28783
2015.11.13;16:00:00;13.27116;13.2134;13.2317;13.2422;32052
2015.11.13;20:00:00;13.2512;13.2067;13.21553;13.2317;10211
2015.11.16;00:00:00;13.2837;13.22878;13.2487;13.24478;7365
2015.11.16;04:00:00;13.2507;13.23176;13.2407;13.2482;3269
2015.11.16;08:00:00;13.2457;13.1757;13.1847;13.2412;15733
2015.11.16;12:00:00;13.2113;13.1637;13.1907;13.18113;19630
2015.11.16;16:00:00;13.21685;13.1802;13.2037;13.1902;27227
2015.11.16;20:00:00;13.2227;13.1992;13.2147;13.2037;9019
2015.11.17;00:00:00;13.2447;13.2102;13.22975;13.2132;4581
2015.11.17;04:00:00;13.2317;13.2097;13.2142;13.22975;4728
2015.11.17;08:00:00;13.2417;13.1472;13.1732;13.2147;17202
2015.11.17;12:00:00;13.19864;13.14754;13.1692;13.1732;21770
2015.11.17;16:00:00;13.2107;13.1587;13.1962;13.1692;30544
2015.11.17;20:00:00;13.2047;13.18113;13.19778;13.1967;14035
2015.11.18;00:00:00;13.2152;13.18142;13.2147;13.19878;3719
2015.11.18;04:00:00;13.2207;13.20122;13.2072;13.2142;4673
2015.11.18;08:00:00;13.2152;13.13987;13.1587;13.2077;17004
2015.11.18;12:00:00;13.1702;13.1247;13.16403;13.1587;24003
2015.11.18;16:00:00;13.2612;13.1387;13.2457;13.16388;27879
2015.11.18;20:00:00;13.2672;13.1927;13.1982;13.24551;15779
2015.11.19;00:00:00;13.2067;13.1802;13.1932;13.1967;4788
2015.11.19;04:00:00;13.2047;13.17747;13.1867;13.1937;6853
2015.11.19;08:00:00;13.2367;13.1767;13.1877;13.1872;17395
2015.11.19;12:00:00;13.23033;13.1592;13.21491;13.1872;25062
2015.11.19;16:00:00;13.2152;13.1372;13.1647;13.21479;33512
2015.11.19;20:00:00;13.1777;13.13353;13.13828;13.16485;10823
2015.11.20;00:00:00;13.1557;13.12628;13.1502;13.13778;4425
2015.11.20;04:00:00;13.1667;13.1457;13.1477;13.1507;4777
2015.11.20;08:00:00;13.1887;13.1417;13.17395;13.1482;21118
2015.11.20;12:00:00;13.17906;13.08779;13.09552;13.17399;27326
2015.11.20;16:00:00;13.1237;13.08723;13.10482;13.09533;30373
2015.11.20;20:00:00;13.12453;13.08868;13.10228;13.10497;10924
2015.11.23;00:00:00;13.1242;13.09428;13.1222;13.09903;5022
2015.11.23;04:00:00;13.1432;13.1132;13.1242;13.1217;10416
2015.11.23;08:00:00;13.1612;13.1137;13.14276;13.1242;17145
2015.11.23;12:00:00;13.15508;13.0397;13.0722;13.14256;27516
2015.11.23;16:00:00;13.1242;13.0637;13.1122;13.0727;27124
2015.11.23;20:00:00;13.1172;13.0727;13.0727;13.1122;6818
2015.11.24;00:00:00;13.0822;13.06447;13.0802;13.0737;3788
2015.11.24;04:00:00;13.0972;13.0772;13.0902;13.0797;2956
2015.11.24;08:00:00;13.1117;13.0632;13.0877;13.0897;18996
2015.11.24;12:00:00;13.09003;13.0192;13.02708;13.0872;27751
2015.11.24;16:00:00;13.04772;13.0022;13.0227;13.02708;31189
2015.11.24;20:00:00;13.0387;13.01232;13.0322;13.0227;10639
2015.11.25;00:00:00;13.0417;13.0172;13.0272;13.0332;4598
2015.11.25;04:00:00;13.0372;13.01119;13.0302;13.0267;5922
2015.11.25;08:00:00;13.05069;13.0007;13.0432;13.0297;19309
2015.11.25;12:00:00;13.1032;13.0202;13.09599;13.04321;30851
2015.11.25;16:00:00;13.1187;13.0407;13.0627;13.09513;30842
2015.11.25;20:00:00;13.0987;13.0627;13.0667;13.0627;7308
2015.11.26;00:00:00;13.0777;13.0502;13.0697;13.0667;5616
2015.11.26;04:00:00;13.0772;13.06048;13.0747;13.0702;3926
2015.11.26;08:00:00;13.08869;13.02079;13.0222;13.0752;15422
2015.11.26;12:00:00;13.0797;12.9967;13.0777;13.0227;18890
2015.11.26;16:00:00;13.0992;13.06617;13.0757;13.0782;14360
2015.11.26;20:00:00;13.0837;13.06687;13.0707;13.0757;9103
2015.11.27;00:00:00;13.0822;13.0567;13.0682;13.0722;4598
2015.11.27;04:00:00;13.0727;13.0576;13.0712;13.0682;3974
2015.11.27;08:00:00;13.0932;13.0457;13.0607;13.0717;18580
2015.11.27;12:00:00;13.08632;13.05197;13.07439;13.0607;25410
2015.11.27;16:00:00;13.10331;13.0582;13.0772;13.07439;22243
2015.11.27;20:00:00;13.0867;13.0657;13.0747;13.0772;6156
2015.11.30;00:00:00;13.0882;13.05178;13.0682;13.05178;5140
2015.11.30;04:00:00;13.0767;13.05703;13.0757;13.0682;3080
2015.11.30;08:00:00;13.1022;13.0507;13.0601;13.0762;16542
2015.11.30;12:00:00;13.0782;13.03484;13.03882;13.05993;20338
2015.11.30;16:00:00;13.0852;13.03115;13.0692;13.03866;24667
2015.11.30;20:00:00;13.0957;13.0592;13.07553;13.0697;8350
2015.12.01;00:00:00;13.0932;13.06564;13.0817;13.07528;4694
2015.12.01;04:00:00;13.0847;13.05301;13.0672;13.0817;6346
2015.12.01;08:00:00;13.10292;13.04408;13.0762;13.0667;16139
2015.12.01;12:00:00;13.1162;13.0652;13.1012;13.0762;17371
2015.12.01;16:00:00;13.1042;13.0117;13.0227;13.1007;31703
2015.12.01;20:00:00;13.0272;12.98515;12.9977;13.0222;8556
2015.12.02;00:00:00;13.01428;12.98738;13.0012;12.9962;4134
2015.12.02;04:00:00;13.0112;12.99338;13.0082;13.0012;4151
2015.12.02;08:00:00;13.0212;12.9537;12.9697;13.0087;14615
2015.12.02;12:00:00;12.9952;12.9348;12.9587;12.9702;26604
2015.12.02;16:00:00;12.9607;12.8657;12.9237;12.9587;31717
2015.12.02;20:00:00;12.95032;12.88835;12.9337;12.9237;16385
2015.12.03;00:00:00;12.9502;12.9032;12.9167;12.9437;4933
2015.12.03;04:00:00;12.9272;12.8817;12.8852;12.9167;7125
2015.12.03;08:00:00;12.9372;12.88253;12.9297;12.8847;15344
2015.12.03;12:00:00;12.98328;12.74228;12.8502;12.9302;32948
2015.12.03;16:00:00;12.8957;12.7892;12.8202;12.8502;35607
2015.12.03;20:00:00;12.8897;12.7892;12.83328;12.8202;23116
2015.12.04;00:00:00;12.8767;12.82253;12.8687;12.83303;9171
2015.12.04;04:00:00;12.8727;12.8162;12.8192;12.8692;7589
2015.12.04;08:00:00;12.9057;12.8137;12.8567;12.8192;20540
2015.12.04;12:00:00;12.89013;12.79487;12.8552;12.8572;31403
2015.12.04;16:00:00;12.8912;12.8327;12.8472;12.8557;35122
2015.12.04;20:00:00;12.9002;12.84253;12.87328;12.8472;13841
2015.12.07;00:00:00;12.90197;12.86112;12.8852;12.88178;8506
2015.12.07;04:00:00;12.894;12.8817;12.8902;12.8852;6185
2015.12.07;08:00:00;12.9887;12.8812;12.9867;12.8897;16631
2015.12.07;12:00:00;13.0467;12.9807;13.04074;12.9867;22199
2015.12.07;16:00:00;13.0792;13.0267;13.0412;13.04074;28752
2015.12.07;20:00:00;13.0562;13.02345;13.02403;13.04076;12442
2015.12.08;00:00:00;13.0412;13.0167;13.0227;13.02428;5665
2015.12.08;04:00:00;13.0287;13.0082;13.0087;13.0227;5990
2015.12.08;08:00:00;13.0467;12.97888;13.0352;13.0087;19137
2015.12.08;12:00:00;13.1997;13.0157;13.1717;13.0357;29101
2015.12.08;16:00:00;13.2027;13.1342;13.1667;13.1722;29705
2015.12.08;20:00:00;13.1802;13.15313;13.15853;13.1667;10212
2015.12.09;00:00:00;13.18878;13.13398;13.1387;13.16028;3658
2015.12.09;04:00:00;13.1432;13.1092;13.1167;13.1387;5648
2015.12.09;08:00:00;13.1657;13.0932;13.1502;13.11661;20358
2015.12.09;12:00:00;13.1622;13.1157;13.1387;13.1502;23980
2015.12.09;16:00:00;13.2017;13.1162;13.1822;13.1387;34013
2015.12.09;20:00:00;13.20971;13.1207;13.17378;13.1827;16513
2015.12.10;00:00:00;13.17328;13.1457;13.1602;13.17328;7198
2015.12.10;04:00:00;13.1632;13.14508;13.1632;13.1607;3404
2015.12.10;08:00:00;13.1682;13.0727;13.0957;13.1637;17684
2015.12.10;12:00:00;13.1207;13.0332;13.0657;13.0952;25350
2015.12.10;16:00:00;13.1182;13.05001;13.1087;13.0652;29440
2015.12.10;20:00:00;13.1297;13.08228;13.08803;13.1082;11729
2015.12.11;00:00:00;13.1057;13.06979;13.0992;13.08728;5535
2015.12.11;04:00:00;13.1182;13.0907;13.1157;13.0987;3428
2015.12.11;08:00:00;13.1802;13.07601;13.15465;13.1157;15401
2015.12.11;12:00:00;13.2237;13.15036;13.1887;13.15487;26289
2015.12.11;16:00:00;13.2492;13.1767;13.2302;13.1892;33431
2015.12.11;20:00:00;13.2372;13.18403;13.19753;13.2297;13056
2015.12.14;00:00:00;13.2217;13.17303;13.2052;13.17503;6300
2015.12.14;04:00:00;13.2187;13.1928;13.2122;13.2057;16872
2015.12.14;08:00:00;13.2157;13.07252;13.1097;13.2127;20326
2015.12.14;12:00:00;13.21896;13.1067;13.1427;13.1092;26411
2015.12.14;16:00:00;13.1902;13.08451;13.09628;13.1427;31865
2015.12.14;20:00:00;13.1037;13.0777;13.09209;13.0967;13278
2015.12.15;00:00:00;13.1297;13.08644;13.1092;13.08644;6314
2015.12.15;04:00:00;13.1162;13.10233;13.1082;13.1087;5246
2015.12.15;08:00:00;13.1637;13.04628;13.0707;13.1087;20090
2015.12.15;12:00:00;13.13623;13.0462;13.1247;13.0682;27842
2015.12.15;16:00:00;13.1397;13.05862;13.0617;13.1252;29005
2015.12.15;20:00:00;13.0622;13.0617;13.0617;13.0617;11
