DATE;TIME;HIGH;LOW;CLOSE;OPEN;VOLUME
2015.04.27;12:00:00;2.01869;2.01441;2.01613;2.0184;14148
2015.04.27;16:00:00;2.02447;2.01566;2.02278;2.0162;16842
2015.04.27;20:00:00;2.02497;2.02057;2.02287;2.02279;4220
2015.04.28;00:00:00;2.02347;2.01627;2.02317;2.02347;7872
2015.04.28;04:00:00;2.02467;2.02177;2.02297;2.02317;3798
2015.04.28;08:00:00;2.02597;2.0155;2.01747;2.02287;12612
2015.04.28;12:00:00;2.02447;2.01659;2.01851;2.01737;16421
2015.04.28;16:00:00;2.02267;2.01521;2.01988;2.01853;18112
2015.04.28;20:00:00;2.02127;2.01677;2.01997;2.01989;7106
2015.04.29;00:00:00;2.02247;2.01877;2.02217;2.02007;4240
2015.04.29;04:00:00;2.02757;2.02207;2.02577;2.02227;4537
2015.04.29;08:00:00;2.03447;2.02457;2.03267;2.02567;11640
2015.04.29;12:00:00;2.0355;2.02914;2.03217;2.03277;17226
2015.04.29;16:00:00;2.04018;2.03087;2.03577;2.03217;18282
2015.04.29;20:00:00;2.03927;2.02943;2.03507;2.03567;10449
2015.04.30;00:00:00;2.04107;2.03467;2.03687;2.03607;7402
2015.04.30;04:00:00;2.04077;2.03641;2.03977;2.03697;11685
2015.04.30;08:00:00;2.04927;2.03857;2.04277;2.03977;17167
2015.04.30;12:00:00;2.04357;2.03337;2.03577;2.04287;17238
2015.04.30;16:00:00;2.03937;2.02917;2.03217;2.03567;18728
2015.04.30;20:00:00;2.03337;2.03027;2.03137;2.03207;7304
2015.05.01;00:00:00;2.03297;2.02927;2.03137;2.03137;3627
2015.05.01;04:00:00;2.03197;2.02977;2.03147;2.03137;1682
2015.05.01;08:00:00;2.03727;2.02417;2.02417;2.03137;8216
2015.05.01;12:00:00;2.02847;2.01807;2.02047;2.02427;11371
2015.05.01;16:00:00;2.02197;2.00987;2.01067;2.02047;10349
2015.05.01;20:00:00;2.01587;2.01057;2.01227;2.01077;3755
2015.05.04;00:00:00;2.01857;2.00887;2.01787;2.01057;7550
2015.05.04;04:00:00;2.01997;2.01627;2.01757;2.01777;6356
2015.05.04;08:00:00;2.01899;2.01357;2.01789;2.01759;10414
2015.05.04;12:00:00;2.01857;2.01157;2.01497;2.01785;10434
2015.05.04;16:00:00;2.01547;2.01138;2.01447;2.01487;6245
2015.05.04;20:00:00;2.01457;2.01177;2.01227;2.01437;3651
2015.05.05;00:00:00;2.01567;2.01167;2.01557;2.01237;6598
2015.05.05;04:00:00;2.02227;2.01447;2.01854;2.01567;7948
2015.05.05;08:00:00;2.02517;2.01767;2.02157;2.01855;15472
2015.05.05;12:00:00;2.02562;2.01857;2.02089;2.02167;17675
2015.05.05;16:00:00;2.02769;2.01964;2.02347;2.02116;17731
2015.05.05;20:00:00;2.02487;2.01877;2.02127;2.02319;4889
2015.05.06;00:00:00;2.02197;2.01794;2.02047;2.02137;8889
2015.05.06;04:00:00;2.02393;2.01727;2.01965;2.02057;10963
2015.05.06;08:00:00;2.02127;2.01117;2.01567;2.01977;12226
2015.05.06;12:00:00;2.02392;2.01427;2.01804;2.01557;15827
2015.05.06;16:00:00;2.02319;2.01557;2.0194;2.01792;17824
2015.05.06;20:00:00;2.02151;2.01557;2.01687;2.01947;6053
2015.05.07;00:00:00;2.01947;2.01515;2.01917;2.01687;7481
2015.05.07;04:00:00;2.02447;2.01907;2.02339;2.01917;10132
2015.05.07;08:00:00;2.02489;2.01798;2.02007;2.02339;14854
2015.05.07;12:00:00;2.02767;2.01907;2.02617;2.02002;17954
2015.05.07;16:00:00;2.03082;2.01977;2.02785;2.02627;16322
2015.05.07;20:00:00;2.03477;2.02774;2.02867;2.02791;5744
2015.05.08;00:00:00;2.05787;2.02917;2.05137;2.02917;11891
2015.05.08;04:00:00;2.06669;2.05097;2.06387;2.05137;15508
2015.05.08;08:00:00;2.06437;2.05004;2.05957;2.06388;16313
2015.05.08;12:00:00;2.05967;2.04313;2.04772;2.05957;15553
2015.05.08;16:00:00;2.05518;2.04497;2.05237;2.04784;16880
2015.05.08;20:00:00;2.05487;2.04937;2.04957;2.05227;3646
2015.05.11;00:00:00;2.05437;2.04857;2.05384;2.04887;6792
2015.05.11;04:00:00;2.05868;2.05317;2.05713;2.05384;11370
2015.05.11;08:00:00;2.06097;2.05487;2.05547;2.05709;14577
2015.05.11;12:00:00;2.07032;2.05357;2.07031;2.05557;16237
2015.05.11;16:00:00;2.08527;2.06857;2.08157;2.07033;17726
2015.05.11;20:00:00;2.08557;2.08067;2.08367;2.08161;6027
2015.05.12;00:00:00;2.08507;2.08027;2.08461;2.08377;5622
2015.05.12;04:00:00;2.08627;2.08378;2.08497;2.08465;10460
2015.05.12;08:00:00;2.08938;2.07797;2.08767;2.08487;13907
2015.05.12;12:00:00;2.09627;2.08727;2.09177;2.08757;17951
2015.05.12;16:00:00;2.09477;2.09014;2.09357;2.09183;15242
2015.05.12;20:00:00;2.09367;2.09037;2.09037;2.09347;3688
2015.05.13;00:00:00;2.09216;2.08777;2.0896;2.08907;7563
2015.05.13;04:00:00;2.09381;2.08907;2.09376;2.0896;11689
2015.05.13;08:00:00;2.09637;2.08737;2.09207;2.09374;15056
2015.05.13;12:00:00;2.09517;2.07697;2.07917;2.09227;19943
2015.05.13;16:00:00;2.08686;2.07757;2.0848;2.07917;16724
2015.05.13;20:00:00;2.08657;2.08387;2.08497;2.08483;6371
2015.05.14;00:00:00;2.08699;2.08287;2.08567;2.08517;8668
2015.05.14;04:00:00;2.08597;2.07977;2.08144;2.08567;11896
2015.05.14;08:00:00;2.08247;2.07417;2.08097;2.08141;17226
2015.05.14;12:00:00;2.08447;2.07877;2.07997;2.08098;16835
2015.05.14;16:00:00;2.08117;2.07545;2.07945;2.07987;15824
2015.05.14;20:00:00;2.08227;2.07923;2.08157;2.07946;3792
2015.05.15;00:00:00;2.08417;2.07771;2.08383;2.08147;6743
2015.05.15;04:00:00;2.08533;2.08177;2.08428;2.08383;10386
2015.05.15;08:00:00;2.08687;2.08366;2.08488;2.08427;13408
2015.05.15;12:00:00;2.08587;2.08167;2.08519;2.0849;14138
2015.05.15;16:00:00;2.08857;2.07917;2.08047;2.0852;16988
2015.05.15;20:00:00;2.08037;2.07417;2.07547;2.08037;3979
2015.05.18;00:00:00;2.07977;2.07407;2.0781;2.07497;6602
2015.05.18;04:00:00;2.08021;2.07747;2.07804;2.07813;9677
2015.05.18;08:00:00;2.0799;2.07101;2.07154;2.07805;14311
2015.05.18;12:00:00;2.07404;2.06947;2.07327;2.07157;14557
2015.05.18;16:00:00;2.07947;2.07286;2.07857;2.07327;13792
2015.05.18;20:00:00;2.08047;2.07639;2.07887;2.07837;4956
2015.05.19;00:00:00;2.07977;2.07717;2.07733;2.07887;4699
2015.05.19;04:00:00;2.07911;2.07667;2.07807;2.07737;11622
2015.05.19;08:00:00;2.08177;2.06667;2.06908;2.07806;15528
2015.05.19;12:00:00;2.06987;2.05947;2.06361;2.06908;13938
2015.05.19;16:00:00;2.07267;2.0633;2.06938;2.06352;16560
2015.05.19;20:00:00;2.07137;2.06822;2.07097;2.0694;6548
2015.05.20;00:00:00;2.07187;2.06854;2.07009;2.07087;7916
2015.05.20;04:00:00;2.07337;2.06963;2.07157;2.07007;5490
2015.05.20;08:00:00;2.07597;2.06856;2.07267;2.07147;14464
2015.05.20;12:00:00;2.07942;2.07157;2.07933;2.07277;13765
2015.05.20;16:00:00;2.08357;2.07707;2.07957;2.07924;13382
2015.05.20;20:00:00;2.07977;2.07377;2.07567;2.07967;10343
2015.05.21;00:00:00;2.07757;2.07237;2.07517;2.07557;7305
2015.05.21;04:00:00;2.0773;2.07452;2.07653;2.07517;10348
2015.05.21;08:00:00;2.09087;2.07357;2.09007;2.0765;14919
2015.05.21;12:00:00;2.09573;2.08807;2.09307;2.08998;15677
2015.05.21;16:00:00;2.09697;2.09097;2.09387;2.09307;12727
2015.05.21;20:00:00;2.09477;2.09107;2.09127;2.09377;3257
2015.05.22;00:00:00;2.09217;2.08817;2.08847;2.09177;5049
2015.05.22;04:00:00;2.09019;2.08477;2.08507;2.08847;10941
2015.05.22;08:00:00;2.08597;2.07997;2.08247;2.08507;11529
2015.05.22;12:00:00;2.08367;2.07217;2.07429;2.08247;13604
2015.05.22;16:00:00;2.07467;2.06547;2.06747;2.07419;12904
2015.05.22;20:00:00;2.07007;2.0653;2.0653;2.06727;3835
2015.05.25;00:00:00;2.07187;2.06287;2.07087;2.06607;6908
2015.05.25;04:00:00;2.07207;2.06947;2.07127;2.07087;5458
2015.05.25;08:00:00;2.08097;2.07127;2.07645;2.07127;10922
2015.05.25;12:00:00;2.07887;2.07301;2.07407;2.07646;8651
2015.05.25;16:00:00;2.07547;2.07327;2.07477;2.07407;3296
2015.05.25;20:00:00;2.07527;2.07344;2.07447;2.07427;3654
2015.05.26;00:00:00;2.07847;2.07237;2.07727;2.07407;5235
2015.05.26;04:00:00;2.07901;2.07487;2.07861;2.07717;10771
2015.05.26;08:00:00;2.08144;2.07467;2.07713;2.07867;17727
2015.05.26;12:00:00;2.07884;2.06897;2.07356;2.07712;16490
2015.05.26;16:00:00;2.07746;2.07117;2.07605;2.07334;17262
2015.05.26;20:00:00;2.07817;2.07517;2.07647;2.07602;6658
2015.05.27;00:00:00;2.07703;2.07429;2.0751;2.07657;6907
2015.05.27;04:00:00;2.07977;2.07449;2.07927;2.07516;7323
2015.05.27;08:00:00;2.08097;2.07534;2.07549;2.07917;12254
2015.05.27;12:00:00;2.08168;2.0747;2.07527;2.07557;17746
2015.05.27;16:00:00;2.07665;2.0693;2.07187;2.07527;18486
2015.05.27;20:00:00;2.07447;2.07081;2.07277;2.07187;8377
2015.05.28;00:00:00;2.07379;2.06837;2.07179;2.07307;5176
2015.05.28;04:00:00;2.07507;2.07097;2.07318;2.07183;12957
2015.05.28;08:00:00;2.07406;2.06724;2.06807;2.07314;16485
2015.05.28;12:00:00;2.06838;2.06079;2.06397;2.06797;17454
2015.05.28;16:00:00;2.06887;2.06201;2.06655;2.06407;16924
2015.05.28;20:00:00;2.06767;2.06247;2.06347;2.06661;6008
2015.05.29;00:00:00;2.06589;2.06167;2.06347;2.06377;7335
2015.05.29;04:00:00;2.06669;2.06197;2.06521;2.06347;10949
2015.05.29;08:00:00;2.06727;2.05997;2.06017;2.06521;12974
2015.05.29;12:00:00;2.06207;2.05407;2.05976;2.06017;17116
2015.05.29;16:00:00;2.06147;2.05559;2.05867;2.05969;13495
2015.05.29;20:00:00;2.06227;2.0579;2.05907;2.05877;3329
2015.06.01;00:00:00;2.06347;2.05717;2.06277;2.05997;5365
2015.06.01;04:00:00;2.06538;2.06194;2.06367;2.06287;6943
2015.06.01;08:00:00;2.06557;2.05727;2.05767;2.06367;11132
2015.06.01;12:00:00;2.05999;2.05397;2.05777;2.05757;13225
2015.06.01;16:00:00;2.06097;2.05489;2.05833;2.05777;15804
2015.06.01;20:00:00;2.06187;2.0582;2.06097;2.05825;6495
2015.06.02;00:00:00;2.06137;2.05837;2.06027;2.06107;6082
2015.06.02;04:00:00;2.06187;2.05843;2.05993;2.06027;9767
2015.06.02;08:00:00;2.06727;2.05797;2.06677;2.05991;13102
2015.06.02;12:00:00;2.06937;2.06187;2.06277;2.06687;15217
2015.06.02;16:00:00;2.06847;2.06247;2.06817;2.06287;17676
2015.06.02;20:00:00;2.06917;2.06517;2.06877;2.06807;5186
2015.06.03;00:00:00;2.0696;2.06267;2.06867;2.06887;8131
2015.06.03;04:00:00;2.06896;2.06603;2.06627;2.06864;11314
2015.06.03;08:00:00;2.06887;2.05478;2.05727;2.06624;14065
2015.06.03;12:00:00;2.06185;2.05487;2.06081;2.05737;15977
2015.06.03;16:00:00;2.06347;2.05555;2.05774;2.06074;16993
2015.06.03;20:00:00;2.05897;2.05567;2.05887;2.05777;6910
2015.06.04;00:00:00;2.06067;2.05397;2.06022;2.05897;7758
2015.06.04;04:00:00;2.06487;2.05807;2.06337;2.06023;11050
2015.06.04;08:00:00;2.06997;2.06177;2.06877;2.06337;16017
2015.06.04;12:00:00;2.07531;2.06807;2.07137;2.06877;16134
2015.06.04;16:00:00;2.0719;2.06612;2.07067;2.07147;16300
2015.06.04;20:00:00;2.07207;2.06747;2.06877;2.07064;6636
2015.06.05;00:00:00;2.07237;2.06487;2.07057;2.06857;8490
2015.06.05;04:00:00;2.07141;2.06897;2.07091;2.07057;9314
2015.06.05;08:00:00;2.07092;2.06227;2.06277;2.0709;13045
2015.06.05;12:00:00;2.07156;2.0561;2.06727;2.06277;13724
2015.06.05;16:00:00;2.07217;2.06438;2.07107;2.06717;16886
2015.06.05;20:00:00;2.07427;2.06957;2.07197;2.07117;4092
2015.06.08;00:00:00;2.0751;2.07077;2.07457;2.07157;5316
2015.06.08;04:00:00;2.07862;2.0731;2.07849;2.07467;10751
2015.06.08;08:00:00;2.08017;2.07347;2.07427;2.07846;14700
2015.06.08;12:00:00;2.07528;2.07045;2.07338;2.07427;12690
2015.06.08;16:00:00;2.07647;2.07154;2.07637;2.07337;14119
2015.06.08;20:00:00;2.07897;2.07487;2.07597;2.07637;10323
2015.06.09;00:00:00;2.07852;2.07447;2.07617;2.07607;6305
2015.06.09;04:00:00;2.07967;2.07489;2.0779;2.07627;11750
2015.06.09;08:00:00;2.07987;2.06847;2.06931;2.07797;14905
2015.06.09;12:00:00;2.07099;2.06368;2.06729;2.06931;18058
2015.06.09;16:00:00;2.07887;2.06487;2.07721;2.06722;17189
2015.06.09;20:00:00;2.07957;2.0768;2.07867;2.07731;6257
2015.06.10;00:00:00;2.08077;2.07737;2.08077;2.07877;6674
2015.06.10;04:00:00;2.08289;2.07511;2.07777;2.08077;13082
2015.06.10;08:00:00;2.07827;2.0682;2.07327;2.07777;17825
2015.06.10;12:00:00;2.08407;2.07327;2.08137;2.07337;13776
2015.06.10;16:00:00;2.08677;2.07858;2.08079;2.08137;15537
2015.06.10;20:00:00;2.08507;2.0808;2.08237;2.08088;2363
2015.06.11;00:00:00;2.08451;2.0779;2.08377;2.08287;6417
2015.06.11;04:00:00;2.08466;2.07921;2.08308;2.08377;10485
2015.06.11;08:00:00;2.08367;2.07847;2.08222;2.08311;11265
2015.06.11;12:00:00;2.08637;2.07877;2.08515;2.08216;13504
2015.06.11;16:00:00;2.08967;2.08269;2.08781;2.08517;14484
2015.06.11;20:00:00;2.08947;2.08517;2.08537;2.0878;3773
2015.06.12;00:00:00;2.08734;2.08431;2.08507;2.08527;7569
2015.06.12;04:00:00;2.08766;2.08437;2.08727;2.08507;11020
2015.06.12;08:00:00;2.09287;2.08693;2.09057;2.08727;12804
2015.06.12;12:00:00;2.09407;2.08628;2.08744;2.09067;14340
2015.06.12;16:00:00;2.09407;2.08521;2.08937;2.08745;16361
2015.06.12;20:00:00;2.09173;2.08707;2.09087;2.0893;6784
2015.06.15;00:00:00;2.09427;2.08517;2.09367;2.08557;2868
2015.06.15;04:00:00;2.09522;2.09235;2.09454;2.09367;10467
2015.06.15;08:00:00;2.09679;2.09127;2.09157;2.09457;11748
2015.06.15;12:00:00;2.09207;2.0852;2.09033;2.09147;10994
2015.06.15;16:00:00;2.09717;2.08811;2.09607;2.09045;12206
2015.06.15;20:00:00;2.10097;2.09577;2.09937;2.09617;4294
2015.06.16;00:00:00;2.10077;2.09707;2.09757;2.09947;6971
2015.06.16;04:00:00;2.10204;2.09687;2.10164;2.09755;10368
2015.06.16;08:00:00;2.10225;2.09197;2.09197;2.1016;12168
2015.06.16;12:00:00;2.10482;2.0909;2.10067;2.09197;12000
2015.06.16;16:00:00;2.10257;2.09743;2.10047;2.10077;10912
2015.06.16;20:00:00;2.10192;2.09887;2.09957;2.10027;5039
2015.06.17;00:00:00;2.10117;2.09862;2.10057;2.09947;3774
2015.06.17;04:00:00;2.10199;2.09997;2.10126;2.10057;8829
2015.06.17;08:00:00;2.11887;2.10124;2.11697;2.10125;14237
2015.06.17;12:00:00;2.12231;2.11647;2.12015;2.11687;11096
2015.06.17;16:00:00;2.12057;2.11507;2.11837;2.12017;10375
2015.06.17;20:00:00;2.12336;2.11117;2.11427;2.11837;15138
2015.06.18;00:00:00;2.11867;2.11279;2.11477;2.11417;8678
2015.06.18;04:00:00;2.11711;2.1127;2.11292;2.11477;10979
2015.06.18;08:00:00;2.11837;2.10758;2.11405;2.11291;15177
2015.06.18;12:00:00;2.11917;2.11192;2.1169;2.11405;16604
2015.06.18;16:00:00;2.1185;2.11217;2.11457;2.11694;14371
2015.06.18;20:00:00;2.11967;2.11407;2.11747;2.11457;3996
2015.06.19;00:00:00;2.11928;2.11605;2.11626;2.11727;6904
2015.06.19;04:00:00;2.11957;2.1155;2.11901;2.11626;9691
2015.06.19;08:00:00;2.12212;2.11722;2.11957;2.11904;14309
2015.06.19;12:00:00;2.12134;2.11597;2.11969;2.11957;13216
2015.06.19;16:00:00;2.12222;2.11777;2.11857;2.11969;11415
2015.06.19;20:00:00;2.12277;2.11647;2.11697;2.11857;2678
2015.06.22;00:00:00;2.11987;2.11517;2.11897;2.11577;5995
2015.06.22;04:00:00;2.11931;2.11407;2.11495;2.11887;10172
2015.06.22;08:00:00;2.11817;2.11287;2.11437;2.11496;13433
2015.06.22;12:00:00;2.1153;2.1062;2.10953;2.11438;12521
2015.06.22;16:00:00;2.11407;2.10856;2.11297;2.10942;16137
2015.06.22;20:00:00;2.11487;2.11167;2.11187;2.11287;8630
2015.06.23;00:00:00;2.11461;2.10887;2.11355;2.11177;5404
2015.06.23;04:00:00;2.11588;2.10964;2.1119;2.11354;13226
2015.06.23;08:00:00;2.11557;2.10857;2.11257;2.11187;12660
2015.06.23;12:00:00;2.11487;2.10967;2.11129;2.11247;15141
2015.06.23;16:00:00;2.11301;2.10687;2.10797;2.11137;16983
2015.06.23;20:00:00;2.10927;2.10637;2.10827;2.10797;6352
2015.06.24;00:00:00;2.11157;2.10678;2.11127;2.10837;6240
2015.06.24;04:00:00;2.11409;2.11005;2.11307;2.11127;10281
2015.06.24;08:00:00;2.12227;2.11305;2.11917;2.11307;14854
2015.06.24;12:00:00;2.11957;2.11162;2.116;2.11917;15246
2015.06.24;16:00:00;2.11917;2.10629;2.10807;2.116;15429
2015.06.24;20:00:00;2.11037;2.10735;2.10887;2.10787;6300
2015.06.25;00:00:00;2.11048;2.10827;2.10857;2.10907;6021
2015.06.25;04:00:00;2.11012;2.10667;2.1075;2.10857;10106
2015.06.25;08:00:00;2.11107;2.10537;2.10717;2.10749;13075
2015.06.25;12:00:00;2.11307;2.10487;2.11277;2.10707;15232
2015.06.25;16:00:00;2.11703;2.1115;2.11265;2.11279;12118
2015.06.25;20:00:00;2.11557;2.11179;2.11557;2.11268;7274
2015.06.26;00:00:00;2.11667;2.11158;2.11507;2.11597;6723
2015.06.26;04:00:00;2.11637;2.11328;2.1152;2.11507;9179
2015.06.26;08:00:00;2.11967;2.11347;2.11823;2.11515;9880
2015.06.26;12:00:00;2.12127;2.11641;2.1207;2.11823;12282
2015.06.26;16:00:00;2.12449;2.11951;2.12147;2.12069;14519
2015.06.26;20:00:00;2.12537;2.12024;2.12517;2.1214;6121
2015.06.29;00:00:00;2.12957;2.12027;2.12463;2.12277;13194
2015.06.29;04:00:00;2.12712;2.12317;2.12397;2.12464;9463
2015.06.29;08:00:00;2.12747;2.11787;2.11897;2.12387;19726
2015.06.29;12:00:00;2.12287;2.11436;2.12237;2.11907;16647
2015.06.29;16:00:00;2.12806;2.11637;2.11853;2.12237;17549
2015.06.29;20:00:00;2.12116;2.11557;2.11717;2.11856;10105
2015.06.30;00:00:00;2.11907;2.11538;2.11817;2.11777;8722
2015.06.30;04:00:00;2.11917;2.11727;2.11839;2.11817;10848
2015.06.30;08:00:00;2.1185;2.11065;2.11517;2.1184;14220
2015.06.30;12:00:00;2.12057;2.1131;2.12007;2.11527;16397
2015.06.30;16:00:00;2.12237;2.11247;2.11777;2.12012;16069
2015.06.30;20:00:00;2.12137;2.11433;2.11597;2.11757;6409
2015.07.01;00:00:00;2.11637;2.11112;2.11315;2.11637;8859
2015.07.01;04:00:00;2.11371;2.11104;2.1123;2.11322;9377
2015.07.01;08:00:00;2.11877;2.10777;2.10837;2.11231;13629
2015.07.01;12:00:00;2.11287;2.10687;2.11147;2.10847;14915
2015.07.01;16:00:00;2.11399;2.10931;2.11079;2.11147;13377
2015.07.01;20:00:00;2.11337;2.10817;2.11097;2.11071;7246
2015.07.02;00:00:00;2.11247;2.10744;2.1102;2.11117;6119
2015.07.02;04:00:00;2.11081;2.10877;2.11064;2.11015;9069
2015.07.02;08:00:00;2.11257;2.10767;2.10977;2.11063;11465
2015.07.02;12:00:00;2.11237;2.10347;2.10537;2.10967;14791
2015.07.02;16:00:00;2.10697;2.10298;2.10537;2.10534;12326
2015.07.02;20:00:00;2.10577;2.10257;2.10277;2.10547;2433
2015.07.03;00:00:00;2.10545;2.10176;2.10497;2.10257;5933
2015.07.03;04:00:00;2.10807;2.10437;2.10672;2.10497;9204
2015.07.03;08:00:00;2.10827;2.10357;2.10627;2.10672;9815
2015.07.03;12:00:00;2.10917;2.10337;2.10419;2.10617;10283
2015.07.03;16:00:00;2.10437;2.09707;2.10017;2.10418;8865
2015.07.03;20:00:00;2.10017;2.09147;2.09377;2.10007;6057
2015.07.06;00:00:00;2.10353;2.09697;2.10082;2.09837;9054
2015.07.06;04:00:00;2.10251;2.09989;2.10209;2.10082;10171
2015.07.06;08:00:00;2.10597;2.09717;2.09957;2.10207;14398
2015.07.06;12:00:00;2.10234;2.09743;2.09987;2.09957;14057
2015.07.06;16:00:00;2.1077;2.09901;2.1053;2.09987;13041
2015.07.06;20:00:00;2.10652;2.10307;2.10307;2.1053;5198
2015.07.07;00:00:00;2.10905;2.10295;2.10767;2.10297;4998
2015.07.07;04:00:00;2.10987;2.10626;2.10807;2.10771;9681
2015.07.07;08:00:00;2.10957;2.10264;2.10287;2.10807;14105
2015.07.07;12:00:00;2.10341;2.09227;2.09397;2.10277;17790
2015.07.07;16:00:00;2.09615;2.09166;2.09269;2.09389;18050
2015.07.07;20:00:00;2.09647;2.09043;2.09287;2.09267;10710
2015.07.08;00:00:00;2.09507;2.08827;2.09367;2.09307;8254
2015.07.08;04:00:00;2.09468;2.09147;2.09237;2.09377;12632
2015.07.08;08:00:00;2.09707;2.08798;2.08857;2.09236;15825
2015.07.08;12:00:00;2.08877;2.07777;2.07897;2.08857;15538
2015.07.08;16:00:00;2.08036;2.07097;2.07127;2.07907;16117
2015.07.08;20:00:00;2.07447;2.06858;2.07317;2.07117;5132
2015.07.09;00:00:00;2.07737;2.07097;2.07657;2.07137;6960
2015.07.09;04:00:00;2.07777;2.07337;2.07727;2.07657;10894
2015.07.09;08:00:00;2.08341;2.07543;2.07877;2.07722;13217
2015.07.09;12:00:00;2.08177;2.07607;2.07786;2.07877;12929
2015.07.09;16:00:00;2.07967;2.07437;2.07477;2.07777;11757
2015.07.09;20:00:00;2.07707;2.07247;2.07547;2.07487;5023
2015.07.10;00:00:00;2.07617;2.07208;2.07319;2.07537;9026
2015.07.10;04:00:00;2.07752;2.07237;2.07647;2.07319;10674
2015.07.10;08:00:00;2.08645;2.075;2.08612;2.07648;13935
2015.07.10;12:00:00;2.09585;2.08567;2.09175;2.08614;16058
2015.07.10;16:00:00;2.09507;2.0891;2.09067;2.09185;14976
2015.07.10;20:00:00;2.09857;2.08917;2.09407;2.09067;3946
2015.07.13;00:00:00;2.09667;2.09267;2.09427;2.09387;4226
2015.07.13;04:00:00;2.09677;2.09347;2.09507;2.09437;3770
2015.07.13;08:00:00;2.10287;2.09437;2.10127;2.09507;9079
2015.07.13;12:00:00;2.10897;2.09967;2.10457;2.10117;6813
2015.07.13;16:00:00;2.11067;2.10247;2.10377;2.10457;5372
2015.07.13;20:00:00;2.10397;2.09997;2.10067;2.10387;2947
2015.07.14;00:00:00;2.10757;2.09857;2.10647;2.10057;6251
2015.07.14;04:00:00;2.10794;2.10542;2.10657;2.10649;10375
2015.07.14;08:00:00;2.10757;2.10217;2.10307;2.10663;13177
2015.07.14;12:00:00;2.1249;2.10287;2.12001;2.10307;17101
2015.07.14;16:00:00;2.12207;2.11702;2.12089;2.12017;13384
2015.07.14;20:00:00;2.12881;2.12077;2.12677;2.12097;5652
2015.07.15;00:00:00;2.12922;2.12547;2.12889;2.12647;5717
2015.07.15;04:00:00;2.12973;2.12514;2.12949;2.12891;10326
2015.07.15;08:00:00;2.13607;2.12588;2.13127;2.1295;12704
2015.07.15;12:00:00;2.13207;2.12594;2.12854;2.13127;13058
2015.07.15;16:00:00;2.13611;2.12688;2.13415;2.12854;15581
2015.07.15;20:00:00;2.13754;2.13394;2.13404;2.13415;3721
2015.07.16;00:00:00;2.13618;2.13264;2.13454;2.13394;7198
2015.07.16;04:00:00;2.13674;2.13411;2.13524;2.13452;8836
2015.07.16;08:00:00;2.13898;2.13274;2.13314;2.13524;14064
2015.07.16;12:00:00;2.13594;2.12524;2.13091;2.13324;15257
2015.07.16;16:00:00;2.13314;2.12637;2.13082;2.13096;13664
2015.07.16;20:00:00;2.13451;2.13064;2.13244;2.13074;5711
2015.07.17;00:00:00;2.13364;2.12964;2.13294;2.13244;6329
2015.07.17;04:00:00;2.13625;2.13279;2.13604;2.13293;7751
2015.07.17;08:00:00;2.14114;2.13404;2.13515;2.13604;10961
2015.07.17;12:00:00;2.1358;2.12654;2.12982;2.13516;11452
2015.07.17;16:00:00;2.13694;2.12565;2.13544;2.12981;12016
2015.07.17;20:00:00;2.13624;2.13162;2.13284;2.13534;5013
2015.07.20;00:00:00;2.13722;2.13014;2.13684;2.13174;3013
2015.07.20;04:00:00;2.14032;2.13454;2.13866;2.13694;9120
2015.07.20;08:00:00;2.14096;2.13495;2.13584;2.13868;12416
2015.07.20;12:00:00;2.13717;2.13241;2.13366;2.13584;13660
2015.07.20;16:00:00;2.13811;2.13224;2.13534;2.13366;12512
2015.07.20;20:00:00;2.13584;2.13144;2.13144;2.13534;7271
2015.07.21;00:00:00;2.13554;2.13064;2.13504;2.13114;5071
2015.07.21;04:00:00;2.13554;2.13094;2.13144;2.13504;9878
2015.07.21;08:00:00;2.13284;2.12964;2.13029;2.13145;11863
2015.07.21;12:00:00;2.13124;2.12173;2.12307;2.13024;13498
2015.07.21;16:00:00;2.12335;2.11873;2.12076;2.12297;15647
2015.07.21;20:00:00;2.12134;2.11917;2.11934;2.12076;9168
2015.07.22;00:00:00;2.12394;2.11814;2.12355;2.11944;6835
2015.07.22;04:00:00;2.12517;2.12195;2.12394;2.12356;12015
2015.07.22;08:00:00;2.13153;2.12244;2.13044;2.12394;14942
2015.07.22;12:00:00;2.13446;2.12764;2.13364;2.1304;14381
2015.07.22;16:00:00;2.13684;2.12805;2.12999;2.13354;14312
2015.07.22;20:00:00;2.13118;2.12834;2.13024;2.13004;7473
2015.07.23;00:00:00;2.13538;2.12954;2.13372;2.13114;6532
2015.07.23;04:00:00;2.13684;2.13314;2.13664;2.13373;9472
2015.07.23;08:00:00;2.14074;2.12914;2.12958;2.13676;14294
2015.07.23;12:00:00;2.13402;2.12594;2.12689;2.1296;14700
2015.07.23;16:00:00;2.12844;2.11994;2.12204;2.12684;13249
2015.07.23;20:00:00;2.12404;2.12014;2.12294;2.12214;5538
2015.07.24;00:00:00;2.12446;2.12069;2.12407;2.12304;4840
2015.07.24;04:00:00;2.12814;2.12204;2.12694;2.12406;10582
2015.07.24;08:00:00;2.12944;2.12014;2.12313;2.12694;12059
2015.07.24;12:00:00;2.13063;2.12226;2.12949;2.12314;10994
2015.07.24;16:00:00;2.12999;2.1262;2.12748;2.1295;12588
2015.07.24;20:00:00;2.12943;2.12414;2.12624;2.12748;6866
2015.07.27;00:00:00;2.13194;2.12484;2.13044;2.12564;4435
2015.07.27;04:00:00;2.13094;2.12314;2.12717;2.13044;11300
2015.07.27;08:00:00;2.12914;2.12179;2.12387;2.12718;14931
2015.07.27;12:00:00;2.12665;2.12176;2.12532;2.12386;14173
2015.07.27;16:00:00;2.13189;2.12489;2.12997;2.12536;14830
2015.07.27;20:00:00;2.13066;2.12811;2.12864;2.12996;6899
2015.07.28;00:00:00;2.13034;2.12574;2.12848;2.12924;5877
2015.07.28;04:00:00;2.12867;2.12478;2.12634;2.12845;10502
2015.07.28;08:00:00;2.12964;2.12264;2.12862;2.12634;12903
2015.07.28;12:00:00;2.13372;2.12818;2.13114;2.12858;13637
2015.07.28;16:00:00;2.13186;2.12584;2.12664;2.13124;13671
2015.07.28;20:00:00;2.12879;2.12649;2.12764;2.12654;5682
2015.07.29;00:00:00;2.12935;2.12434;2.12704;2.12774;6383
2015.07.29;04:00:00;2.12955;2.12614;2.12824;2.12704;8679
2015.07.29;08:00:00;2.13241;2.12724;2.13114;2.12824;12048
2015.07.29;12:00:00;2.13919;2.13014;2.13801;2.13106;13200
2015.07.29;16:00:00;2.14264;2.13214;2.13214;2.13797;13368
2015.07.29;20:00:00;2.13591;2.12704;2.13334;2.13208;10995
2015.07.30;00:00:00;2.13777;2.13264;2.13702;2.13264;7397
2015.07.30;04:00:00;2.13826;2.13584;2.13734;2.13713;9423
2015.07.30;08:00:00;2.14374;2.13684;2.14184;2.13731;12732
2015.07.30;12:00:00;2.14904;2.14122;2.14604;2.14194;15200
2015.07.30;16:00:00;2.14782;2.13947;2.14139;2.14604;15836
2015.07.30;20:00:00;2.14537;2.14094;2.14337;2.14139;7249
2015.07.31;00:00:00;2.14427;2.13687;2.14101;2.14347;6157
2015.07.31;04:00:00;2.14327;2.14058;2.14148;2.14101;9548
2015.07.31;08:00:00;2.14407;2.13837;2.13992;2.1415;12098
2015.07.31;12:00:00;2.14498;2.13617;2.14277;2.13985;16632
2015.07.31;16:00:00;2.14367;2.13202;2.13997;2.14267;15102
2015.07.31;20:00:00;2.14287;2.13967;2.14177;2.14007;4489
2015.08.03;00:00:00;2.14511;2.13957;2.14375;2.14097;6094
2015.08.03;04:00:00;2.14637;2.14226;2.14561;2.1438;10382
2015.08.03;08:00:00;2.15201;2.14543;2.15017;2.14561;12657
2015.08.03;12:00:00;2.15137;2.14207;2.14457;2.15017;13198
2015.08.03;16:00:00;2.14927;2.14345;2.14551;2.14456;13773
2015.08.03;20:00:00;2.14687;2.14467;2.14597;2.14537;3788
2015.08.04;00:00:00;2.14855;2.14347;2.14812;2.14607;7241
2015.08.04;04:00:00;2.15187;2.14789;2.14857;2.14811;10443
2015.08.04;08:00:00;2.14994;2.14256;2.14287;2.14857;14609
2015.08.04;12:00:00;2.14847;2.14254;2.14687;2.14287;12977
2015.08.04;16:00:00;2.15229;2.14272;2.15182;2.14697;12970
2015.08.04;20:00:00;2.1524;2.14677;2.14707;2.15185;9667
2015.08.05;00:00:00;2.15047;2.14667;2.15025;2.14707;6479
2015.08.05;04:00:00;2.15287;2.14993;2.15197;2.15026;10676
2015.08.05;08:00:00;2.15927;2.14987;2.15567;2.15196;13665
2015.08.05;12:00:00;2.16338;2.1535;2.16107;2.15557;15257
2015.08.05;16:00:00;2.16458;2.15665;2.15979;2.16117;15079
2015.08.05;20:00:00;2.16117;2.15717;2.15767;2.15979;8189
2015.08.06;00:00:00;2.15837;2.15544;2.15797;2.15757;5572
2015.08.06;04:00:00;2.16118;2.15793;2.16085;2.15807;9781
2015.08.06;08:00:00;2.16257;2.15817;2.16207;2.16085;11438
2015.08.06;12:00:00;2.16748;2.14197;2.15025;2.16197;17447
2015.08.06;16:00:00;2.15069;2.14417;2.14717;2.15021;12785
2015.08.06;20:00:00;2.14717;2.14367;2.14487;2.14717;6933
2015.08.07;00:00:00;2.14828;2.14387;2.14823;2.14477;4186
2015.08.07;04:00:00;2.15029;2.14517;2.14921;2.14823;9995
2015.08.07;08:00:00;2.15067;2.14442;2.15037;2.14923;11683
2015.08.07;12:00:00;2.15057;2.13749;2.14808;2.15037;14637
2015.08.07;16:00:00;2.14957;2.13714;2.14217;2.14817;18301
2015.08.07;20:00:00;2.14414;2.14057;2.14127;2.14217;5215
2015.08.10;00:00:00;2.14427;2.14067;2.14378;2.14117;4974
2015.08.10;04:00:00;2.14407;2.14114;2.14247;2.14377;7361
2015.08.10;08:00:00;2.14587;2.14147;2.14437;2.14248;11626
2015.08.10;12:00:00;2.14967;2.14217;2.14917;2.14447;12971
2015.08.10;16:00:00;2.15477;2.14667;2.15277;2.14917;13179
2015.08.10;20:00:00;2.15377;2.14927;2.14927;2.15287;3855
2015.08.11;00:00:00;2.15311;2.14807;2.15067;2.15007;6778
2015.08.11;04:00:00;2.17678;2.14972;2.17477;2.15067;14051
2015.08.11;08:00:00;2.19179;2.17467;2.18097;2.17477;12832
2015.08.11;12:00:00;2.18277;2.17471;2.17593;2.18087;13690
2015.08.11;16:00:00;2.18789;2.17581;2.18307;2.17581;14511
2015.08.11;20:00:00;2.1833;2.17937;2.17947;2.18311;6977
2015.08.12;00:00:00;2.18363;2.17916;2.18209;2.17937;7388
2015.08.12;04:00:00;2.20077;2.18175;2.20061;2.18208;10945
2015.08.12;08:00:00;2.20527;2.18466;2.19437;2.20067;13905
2015.08.12;12:00:00;2.19547;2.18327;2.19287;2.19427;13956
2015.08.12;16:00:00;2.19665;2.1849;2.19467;2.19287;16268
2015.08.12;20:00:00;2.19537;2.18114;2.18177;2.19477;6027
2015.08.13;00:00:00;2.18487;2.1805;2.18215;2.18187;6351
2015.08.13;04:00:00;2.19077;2.16767;2.17944;2.18217;11231
2015.08.13;08:00:00;2.18297;2.17607;2.17627;2.17946;10537
2015.08.13;12:00:00;2.18766;2.17607;2.18347;2.17627;10746
2015.08.13;16:00:00;2.18417;2.17607;2.17847;2.18347;11280
2015.08.13;20:00:00;2.18017;2.17707;2.17807;2.17847;7276
2015.08.14;00:00:00;2.18247;2.17777;2.18027;2.17787;3979
2015.08.14;04:00:00;2.19527;2.17637;2.18987;2.18037;5588
2015.08.14;08:00:00;2.19127;2.18637;2.18847;2.18997;10071
2015.08.14;12:00:00;2.19237;2.18797;2.19237;2.18837;10572
2015.08.14;16:00:00;2.19697;2.19007;2.19657;2.19231;10280
2015.08.14;20:00:00;2.19987;2.19537;2.19857;2.19667;3549
2015.08.17;00:00:00;2.20577;2.19517;2.20567;2.19767;2695
2015.08.17;04:00:00;2.20617;2.19988;2.20207;2.20557;5889
2015.08.17;08:00:00;2.20835;2.20148;2.20277;2.20207;7424
2015.08.17;12:00:00;2.20481;2.19827;2.19932;2.20267;11626
2015.08.17;16:00:00;2.20137;2.18987;2.19207;2.19942;10380
2015.08.17;20:00:00;2.19387;2.19048;2.19127;2.19207;3996
2015.08.18;00:00:00;2.19437;2.19061;2.19367;2.19137;3614
2015.08.18;04:00:00;2.19477;2.18707;2.19178;2.19367;7019
2015.08.18;08:00:00;2.19975;2.18727;2.19946;2.1918;10580
2015.08.18;12:00:00;2.20477;2.19627;2.20277;2.19946;13424
2015.08.18;16:00:00;2.20367;2.19532;2.19624;2.20277;13188
2015.08.18;20:00:00;2.19987;2.19577;2.19577;2.19624;3936
2015.08.19;00:00:00;2.19904;2.19467;2.19547;2.19607;4898
2015.08.19;04:00:00;2.19971;2.19427;2.19727;2.19537;7654
2015.08.19;08:00:00;2.19997;2.19577;2.19896;2.19727;10644
2015.08.19;12:00:00;2.19996;2.19383;2.19837;2.199;12371
2015.08.19;16:00:00;2.20127;2.19427;2.20037;2.19827;13677
2015.08.19;20:00:00;2.20147;2.18679;2.19837;2.20037;11026
2015.08.20;00:00:00;2.20007;2.19317;2.19577;2.19827;4059
2015.08.20;04:00:00;2.19897;2.19347;2.19707;2.19567;6489
2015.08.20;08:00:00;2.20327;2.19327;2.19367;2.19707;10031
2015.08.20;12:00:00;2.19861;2.19161;2.19772;2.19367;13506
2015.08.20;16:00:00;2.20044;2.19487;2.19957;2.19775;15089
2015.08.20;20:00:00;2.20267;2.19778;2.19867;2.19967;6918
2015.08.21;00:00:00;2.20177;2.19687;2.20117;2.19867;3530
2015.08.21;04:00:00;2.20994;2.20055;2.20927;2.20127;10446
2015.08.21;08:00:00;2.21247;2.20627;2.21107;2.20937;10443
2015.08.21;12:00:00;2.21127;2.19647;2.19867;2.21107;12709
2015.08.21;16:00:00;2.20717;2.19717;2.20717;2.19857;16625
2015.08.21;20:00:00;2.21027;2.20407;2.20757;2.20727;6539
2015.08.24;00:00:00;2.21607;2.20617;2.21187;2.20617;7474
2015.08.24;04:00:00;2.22047;2.21128;2.21297;2.21197;9887
2015.08.24;08:00:00;2.22007;2.20492;2.21897;2.21287;12917
2015.08.24;12:00:00;2.22807;2.21457;2.22447;2.21877;16977
2015.08.24;16:00:00;2.22933;2.21177;2.21608;2.22437;20864
2015.08.24;20:00:00;2.22457;2.21267;2.22237;2.21613;13649
2015.08.25;00:00:00;2.22307;2.21139;2.21967;2.22307;5595
2015.08.25;04:00:00;2.22117;2.20942;2.21667;2.21967;8036
2015.08.25;08:00:00;2.21907;2.20417;2.20447;2.21666;14378
2015.08.25;12:00:00;2.20887;2.19952;2.20442;2.20467;17263
2015.08.25;16:00:00;2.20538;2.19487;2.20034;2.20434;15207
2015.08.25;20:00:00;2.20477;2.19607;2.20277;2.20007;8385
2015.08.26;00:00:00;2.20817;2.20037;2.20617;2.20347;5892
2015.08.26;04:00:00;2.20827;2.19547;2.19677;2.20537;7772
2015.08.26;08:00:00;2.20027;2.19297;2.19577;2.19687;10648
2015.08.26;12:00:00;2.19677;2.18187;2.18467;2.19567;13967
2015.08.26;16:00:00;2.18972;2.17487;2.17855;2.18477;16286
2015.08.26;20:00:00;2.17901;2.16927;2.17107;2.17857;7865
2015.08.27;00:00:00;2.1748;2.16763;2.17206;2.17117;4912
2015.08.27;04:00:00;2.17396;2.16705;2.1737;2.17213;9277
2015.08.27;08:00:00;2.17422;2.16357;2.16677;2.17371;12450
2015.08.27;12:00:00;2.16857;2.15667;2.16097;2.16687;12839
2015.08.27;16:00:00;2.16097;2.15047;2.15423;2.16097;17434
2015.08.27;20:00:00;2.15837;2.15247;2.15307;2.15427;11267
2015.08.28;00:00:00;2.15627;2.14997;2.15447;2.15337;3643
2015.08.28;04:00:00;2.16559;2.15301;2.16317;2.15437;7494
2015.08.28;08:00:00;2.16537;2.15727;2.15877;2.16327;9266
2015.08.28;12:00:00;2.16489;2.15597;2.16147;2.15887;12980
2015.08.28;16:00:00;2.16457;2.15557;2.16237;2.16157;16153
2015.08.28;20:00:00;2.16847;2.16107;2.16587;2.16257;5660
2015.08.31;00:00:00;2.17737;2.16497;2.17557;2.16567;4166
2015.08.31;04:00:00;2.18037;2.17377;2.18013;2.17567;8817
2015.08.31;08:00:00;2.18087;2.17472;2.17698;2.18014;9066
2015.08.31;12:00:00;2.17807;2.17206;2.17608;2.17698;6509
2015.08.31;16:00:00;2.17657;2.16327;2.16386;2.17617;7649
2015.08.31;20:00:00;2.16567;2.16037;2.16317;2.16387;5596
2015.09.01;00:00:00;2.16907;2.16187;2.16767;2.16337;3185
2015.09.01;04:00:00;2.16977;2.16407;2.16487;2.16757;9031
2015.09.01;08:00:00;2.16737;2.15508;2.15877;2.16487;9652
2015.09.01;12:00:00;2.1663;2.15757;2.16005;2.15867;12142
2015.09.01;16:00:00;2.16604;2.15927;2.16219;2.15997;14505
2015.09.01;20:00:00;2.16257;2.15798;2.15997;2.16231;6279
2015.09.02;00:00:00;2.16247;2.15772;2.15927;2.16007;5391
2015.09.02;04:00:00;2.16294;2.15821;2.16212;2.15937;10465
2015.09.02;08:00:00;2.16487;2.15637;2.16177;2.16213;12709
2015.09.02;12:00:00;2.16589;2.15837;2.15967;2.16187;14553
2015.09.02;16:00:00;2.16807;2.15937;2.16507;2.15977;13484
2015.09.02;20:00:00;2.16737;2.16108;2.16297;2.16497;4257
2015.09.03;00:00:00;2.16837;2.16057;2.16709;2.16307;4703
2015.09.03;04:00:00;2.16887;2.16327;2.16487;2.16713;4453
2015.09.03;08:00:00;2.16607;2.15563;2.15867;2.16497;10134
2015.09.03;12:00:00;2.16465;2.15789;2.1621;2.15877;13624
2015.09.03;16:00:00;2.16217;2.151;2.16107;2.16217;14651
2015.09.03;20:00:00;2.16277;2.15699;2.15907;2.16117;4181
2015.09.04;00:00:00;2.15987;2.15527;2.15977;2.15927;3648
2015.09.04;04:00:00;2.16137;2.15717;2.15847;2.15977;8170
2015.09.04;08:00:00;2.16007;2.15278;2.15698;2.15857;10857
2015.09.04;12:00:00;2.16081;2.14967;2.15746;2.15698;12341
2015.09.04;16:00:00;2.16267;2.15563;2.16187;2.15729;11746
2015.09.04;20:00:00;2.16317;2.15777;2.15917;2.16177;3376
2015.09.07;00:00:00;2.16277;2.15717;2.16078;2.15897;3702
2015.09.07;04:00:00;2.16618;2.15907;2.1655;2.16077;8959
2015.09.07;08:00:00;2.17536;2.16236;2.1751;2.16549;12668
2015.09.07;12:00:00;2.17947;2.17387;2.17567;2.17498;10574
2015.09.07;16:00:00;2.18197;2.17507;2.18077;2.17563;7454
2015.09.07;20:00:00;2.18137;2.17667;2.17667;2.18087;4137
2015.09.08;00:00:00;2.18197;2.1761;2.18167;2.17667;3270
2015.09.08;04:00:00;2.18296;2.17942;2.18207;2.18147;10006
2015.09.08;08:00:00;2.19202;2.18182;2.18607;2.18208;11682
2015.09.08;12:00:00;2.18997;2.18109;2.18307;2.18597;10166
2015.09.08;16:00:00;2.18347;2.17707;2.17897;2.18317;11282
2015.09.08;20:00:00;2.18197;2.17777;2.18057;2.17898;5213
2015.09.09;00:00:00;2.18117;2.17826;2.17887;2.18027;2983
2015.09.09;04:00:00;2.17899;2.17317;2.17377;2.17897;8508
2015.09.09;08:00:00;2.17807;2.16797;2.17361;2.17373;10978
2015.09.09;12:00:00;2.17577;2.17104;2.17317;2.17359;10271
2015.09.09;16:00:00;2.17637;2.17127;2.17277;2.17327;11023
2015.09.09;20:00:00;2.17637;2.17097;2.17507;2.17287;4351
2015.09.10;00:00:00;2.18557;2.17387;2.18267;2.17507;5761
2015.09.10;04:00:00;2.18407;2.17982;2.18111;2.18277;9908
2015.09.10;08:00:00;2.18437;2.17177;2.17797;2.18114;14372
2015.09.10;12:00:00;2.18467;2.17167;2.17787;2.17807;14072
2015.09.10;16:00:00;2.18643;2.1762;2.18238;2.17777;13438
2015.09.10;20:00:00;2.18377;2.18047;2.18107;2.18247;5076
2015.09.11;00:00:00;2.18157;2.17807;2.17917;2.18117;4692
2015.09.11;04:00:00;2.18097;2.17208;2.18057;2.17927;4501
2015.09.11;08:00:00;2.18377;2.17797;2.1803;2.18047;9517
2015.09.11;12:00:00;2.18537;2.17797;2.18367;2.18021;11895
2015.09.11;16:00:00;2.18387;2.17637;2.17754;2.18367;11143
2015.09.11;20:00:00;2.17981;2.17601;2.17778;2.17761;4059
2015.09.14;00:00:00;2.17967;2.17377;2.17587;2.17557;5068
2015.09.14;04:00:00;2.17907;2.17467;2.17477;2.17577;6551
2015.09.14;08:00:00;2.17837;2.17116;2.17237;2.17477;13380
2015.09.14;12:00:00;2.17417;2.16628;2.16747;2.17237;12051
2015.09.14;16:00:00;2.16787;2.16057;2.16777;2.16747;14339
2015.09.14;20:00:00;2.16932;2.16643;2.16657;2.16777;6872
2015.09.15;00:00:00;2.16887;2.15507;2.15737;2.16717;6538
2015.09.15;04:00:00;2.16307;2.15737;2.15877;2.15747;8719
2015.09.15;08:00:00;2.16507;2.15857;2.15987;2.15878;15452
2015.09.15;12:00:00;2.16287;2.15455;2.1581;2.15997;13228
2015.09.15;16:00:00;2.15997;2.14877;2.15087;2.15807;14440
2015.09.15;20:00:00;2.15127;2.14797;2.14877;2.15097;8134
2015.09.16;00:00:00;2.15117;2.14347;2.14477;2.14907;4782
2015.09.16;04:00:00;2.15057;2.14384;2.15007;2.14487;8914
2015.09.16;08:00:00;2.15687;2.14213;2.15487;2.15007;14425
2015.09.16;12:00:00;2.16277;2.15347;2.16117;2.15487;15657
2015.09.16;16:00:00;2.16909;2.16047;2.16107;2.16127;15708
2015.09.16;20:00:00;2.16469;2.15909;2.15999;2.16108;6700
2015.09.17;00:00:00;2.17009;2.16029;2.16999;2.16029;4867
2015.09.17;04:00:00;2.17039;2.16579;2.16743;2.16999;9522
2015.09.17;08:00:00;2.16999;2.16244;2.16769;2.16743;13699
2015.09.17;12:00:00;2.17289;2.16639;2.17159;2.16779;9768
2015.09.17;16:00:00;2.17649;2.16664;2.16756;2.17159;12385
2015.09.17;20:00:00;2.17879;2.16569;2.17779;2.16749;25425
2015.09.18;00:00:00;2.18009;2.17119;2.17639;2.17789;8722
2015.09.18;04:00:00;2.18139;2.17509;2.17807;2.17629;9467
2015.09.18;08:00:00;2.1805;2.16689;2.17319;2.17811;16409
2015.09.18;12:00:00;2.17639;2.16929;2.17379;2.17309;15619
2015.09.18;16:00:00;2.17669;2.17049;2.17444;2.17389;16449
2015.09.18;20:00:00;2.17639;2.16699;2.16869;2.17444;11237
2015.09.21;00:00:00;2.18179;2.17059;2.18169;2.17549;5455
2015.09.21;04:00:00;2.18519;2.17949;2.18499;2.18179;9256
2015.09.21;08:00:00;2.18739;2.18159;2.18431;2.18499;14445
2015.09.21;12:00:00;2.19069;2.18162;2.18809;2.18439;15257
2015.09.21;16:00:00;2.18837;2.18219;2.18549;2.18801;17322
2015.09.21;20:00:00;2.18669;2.18326;2.18469;2.18549;6645
2015.09.22;00:00:00;2.18919;2.18328;2.18909;2.18519;4393
2015.09.22;04:00:00;2.19354;2.18909;2.19029;2.18909;9397
2015.09.22;08:00:00;2.19109;2.18339;2.18969;2.19039;15436
2015.09.22;12:00:00;2.19118;2.18524;2.18799;2.18979;16556
2015.09.22;16:00:00;2.18819;2.17569;2.17893;2.18809;16955
2015.09.22;20:00:00;2.17909;2.17319;2.17469;2.17896;7175
2015.09.23;00:00:00;2.17609;2.17329;2.17559;2.17439;5238
2015.09.23;04:00:00;2.18209;2.17349;2.18119;2.17559;10082
2015.09.23;08:00:00;2.18499;2.17493;2.18039;2.18109;16273
2015.09.23;12:00:00;2.18079;2.16909;2.17094;2.18039;15263
2015.09.23;16:00:00;2.17669;2.16814;2.17421;2.17094;19433
2015.09.23;20:00:00;2.17519;2.16969;2.17159;2.17431;9520
2015.09.24;00:00:00;2.17429;2.17021;2.17139;2.17169;4933
2015.09.24;04:00:00;2.17619;2.17069;2.17339;2.17139;10372
2015.09.24;08:00:00;2.17659;2.17039;2.17309;2.17339;14423
2015.09.24;12:00:00;2.18109;2.16869;2.17319;2.17309;17938
2015.09.24;16:00:00;2.17979;2.16789;2.16979;2.17309;19137
2015.09.24;20:00:00;2.17099;2.16349;2.16469;2.16979;9166
2015.09.25;00:00:00;2.17159;2.16019;2.16639;2.16479;10328
2015.09.25;04:00:00;2.17019;2.16389;2.16469;2.16639;10892
2015.09.25;08:00:00;2.17069;2.16389;2.16689;2.16479;14774
2015.09.25;12:00:00;2.1686;2.15438;2.16109;2.16699;16008
2015.09.25;16:00:00;2.16249;2.15329;2.16179;2.16099;15991
2015.09.25;20:00:00;2.16639;2.15819;2.16189;2.16179;8598
2015.09.28;00:00:00;2.16819;2.15819;2.16499;2.15829;5731
2015.09.28;04:00:00;2.16968;2.16329;2.16869;2.16489;7394
2015.09.28;08:00:00;2.17469;2.16361;2.17399;2.16879;14070
2015.09.28;12:00:00;2.176;2.16659;2.16779;2.17399;16236
2015.09.28;16:00:00;2.17129;2.16494;2.16944;2.16769;19963
2015.09.28;20:00:00;2.16979;2.16377;2.16509;2.16949;8788
2015.09.29;00:00:00;2.17099;2.16429;2.16989;2.16489;5694
2015.09.29;04:00:00;2.17219;2.16899;2.17089;2.16989;9666
2015.09.29;08:00:00;2.17259;2.16489;2.16899;2.17079;16688
2015.09.29;12:00:00;2.16909;2.16064;2.16309;2.16889;14823
2015.09.29;16:00:00;2.16589;2.15906;2.16329;2.16309;20699
2015.09.29;20:00:00;2.16499;2.16159;2.16179;2.16339;8114
2015.09.30;00:00:00;2.16279;2.15894;2.15919;2.16159;4282
2015.09.30;04:00:00;2.16211;2.15849;2.15919;2.15919;9487
2015.09.30;08:00:00;2.15989;2.15279;2.15819;2.15919;14261
2015.09.30;12:00:00;2.16429;2.15299;2.15826;2.15819;14949
2015.09.30;16:00:00;2.16329;2.14789;2.15329;2.15826;19990
2015.09.30;20:00:00;2.15499;2.14808;2.14929;2.15339;8881
2015.10.01;00:00:00;2.15219;2.14809;2.14989;2.14939;5724
2015.10.01;04:00:00;2.15739;2.14839;2.15588;2.14985;9592
2015.10.01;08:00:00;2.16219;2.15292;2.16199;2.15588;13820
2015.10.01;12:00:00;2.16239;2.15669;2.16012;2.16189;13841
2015.10.01;16:00:00;2.16669;2.15999;2.16479;2.16009;17495
2015.10.01;20:00:00;2.1651;2.15989;2.16309;2.16477;8545
2015.10.02;00:00:00;2.16679;2.16099;2.16669;2.16329;4513
2015.10.02;04:00:00;2.17309;2.16649;2.17139;2.16669;10451
2015.10.02;08:00:00;2.17309;2.16836;2.17219;2.17129;11614
2015.10.02;12:00:00;2.17979;2.16836;2.17849;2.17229;15734
2015.10.02;16:00:00;2.18269;2.17409;2.17902;2.17859;24747
2015.10.02;20:00:00;2.17895;2.17039;2.17169;2.17895;12580
2015.10.05;00:00:00;2.17589;2.16769;2.17579;2.17249;6350
2015.10.05;04:00:00;2.17849;2.17549;2.17732;2.17579;9571
2015.10.05;08:00:00;2.17769;2.16499;2.16579;2.17731;15935
2015.10.05;12:00:00;2.16659;2.15333;2.15919;2.16579;17570
2015.10.05;16:00:00;2.16034;2.14899;2.15289;2.15919;18121
2015.10.05;20:00:00;2.15379;2.14669;2.14949;2.15289;7630
2015.10.06;00:00:00;2.15589;2.14639;2.15429;2.14969;4282
2015.10.06;04:00:00;2.15849;2.15379;2.15519;2.15429;9366
2015.10.06;08:00:00;2.16359;2.15502;2.16219;2.15519;14290
2015.10.06;12:00:00;2.16299;2.15899;2.16199;2.16209;13707
2015.10.06;16:00:00;2.16521;2.16005;2.16206;2.16209;17709
2015.10.06;20:00:00;2.16229;2.15809;2.15839;2.16207;9160
2015.10.07;00:00:00;2.16609;2.15659;2.16599;2.15829;5452
2015.10.07;04:00:00;2.17199;2.16449;2.16484;2.16589;12752
2015.10.07;08:00:00;2.16559;2.15579;2.16359;2.16483;16956
2015.10.07;12:00:00;2.16369;2.15159;2.15839;2.16369;14860
2015.10.07;16:00:00;2.16179;2.15179;2.15819;2.15832;18769
2015.10.07;20:00:00;2.16229;2.15519;2.16139;2.15809;9148
2015.10.08;00:00:00;2.16239;2.15734;2.15849;2.16139;4403
2015.10.08;04:00:00;2.16341;2.15719;2.16289;2.15859;9953
2015.10.08;08:00:00;2.16459;2.16019;2.16459;2.16299;13819
2015.10.08;12:00:00;2.17109;2.15389;2.15529;2.16459;17130
2015.10.08;16:00:00;2.15929;2.15289;2.15827;2.15519;16079
2015.10.08;20:00:00;2.16099;2.15269;2.15329;2.15826;13879
2015.10.09;00:00:00;2.15649;2.15079;2.15219;2.15329;5355
2015.10.09;04:00:00;2.15539;2.14819;2.15169;2.15209;10016
2015.10.09;08:00:00;2.15409;2.14089;2.14309;2.15169;16845
2015.10.09;12:00:00;2.14599;2.13559;2.13789;2.14299;16459
2015.10.09;16:00:00;2.13869;2.13109;2.13809;2.13799;15614
2015.10.09;20:00:00;2.14099;2.12959;2.13249;2.13819;6287
2015.10.12;00:00:00;2.14699;2.12939;2.14539;2.12966;4103
2015.10.12;04:00:00;2.14949;2.14329;2.14529;2.14539;5860
2015.10.12;08:00:00;2.14799;2.14219;2.14399;2.14529;8180
2015.10.12;12:00:00;2.14779;2.14199;2.14519;2.14399;9760
2015.10.12;16:00:00;2.14769;2.14249;2.14529;2.14509;9658
2015.10.12;20:00:00;2.14629;2.14299;2.14529;2.14529;4159
2015.10.13;00:00:00;2.14819;2.14209;2.14549;2.14559;3863
2015.10.13;04:00:00;2.14769;2.14299;2.14709;2.14539;5626
2015.10.13;08:00:00;2.15329;2.13259;2.13449;2.14699;13742
2015.10.13;12:00:00;2.13569;2.12689;2.12949;2.13449;13414
2015.10.13;16:00:00;2.13579;2.12789;2.13499;2.12949;13941
2015.10.13;20:00:00;2.14019;2.13459;2.13679;2.13489;5999
2015.10.14;00:00:00;2.14019;2.12019;2.13049;2.13669;5356
2015.10.14;04:00:00;2.13369;2.12609;2.12969;2.13059;6080
2015.10.14;08:00:00;2.13049;2.11489;2.13009;2.12979;13530
2015.10.14;12:00:00;2.13359;2.12279;2.13149;2.13019;14552
2015.10.14;16:00:00;2.13769;2.13069;2.13609;2.13149;15003
2015.10.14;20:00:00;2.13919;2.13039;2.13209;2.13599;9252
2015.10.15;00:00:00;2.13319;2.12849;2.12949;2.13199;5471
2015.10.15;04:00:00;2.13269;2.12319;2.13089;2.12959;7719
2015.10.15;08:00:00;2.13379;2.12769;2.13039;2.13099;13904
2015.10.15;12:00:00;2.13559;2.12469;2.12869;2.13039;15247
2015.10.15;16:00:00;2.13519;2.12739;2.13299;2.12869;17801
2015.10.15;20:00:00;2.13539;2.12391;2.12466;2.13309;7149
2015.10.16;00:00:00;2.13839;2.12309;2.13709;2.12456;5583
2015.10.16;04:00:00;2.14119;2.13329;2.13889;2.13719;5591
2015.10.16;08:00:00;2.13959;2.13569;2.13609;2.13879;9951
2015.10.16;12:00:00;2.13819;2.13219;2.13249;2.13609;12254
2015.10.16;16:00:00;2.13739;2.13089;2.13599;2.13249;14359
2015.10.16;20:00:00;2.13739;2.13339;2.13509;2.13609;6310
2015.10.19;00:00:00;2.13649;2.12989;2.13639;2.13069;2872
2015.10.19;04:00:00;2.13939;2.13199;2.13489;2.13629;6049
2015.10.19;08:00:00;2.13849;2.13219;2.13729;2.13489;9131
2015.10.19;12:00:00;2.14319;2.13529;2.14219;2.13719;11548
2015.10.19;16:00:00;2.14599;2.14089;2.14509;2.14219;11159
2015.10.19;20:00:00;2.14699;2.14409;2.14539;2.14509;4964
2015.10.20;00:00:00;2.15079;2.14289;2.14709;2.14559;3660
2015.10.20;04:00:00;2.14919;2.14559;2.14799;2.14719;3774
2015.10.20;08:00:00;2.15059;2.14549;2.14909;2.14809;9244
2015.10.20;12:00:00;2.15299;2.14589;2.14839;2.14899;11114
2015.10.20;16:00:00;2.15299;2.14649;2.14759;2.14849;11291
2015.10.20;20:00:00;2.15039;2.14499;2.14619;2.14749;5417
2015.10.21;00:00:00;2.14739;2.14479;2.14549;2.14629;2746
2015.10.21;04:00:00;2.14789;2.14349;2.14739;2.14549;3782
2015.10.21;08:00:00;2.14979;2.14459;2.14849;2.14749;10523
2015.10.21;12:00:00;2.15279;2.14809;2.15079;2.14839;10122
2015.10.21;16:00:00;2.15512;2.14889;2.15059;2.15089;11135
2015.10.21;20:00:00;2.15149;2.14709;2.14799;2.15069;5917
2015.10.22;00:00:00;2.15049;2.14699;2.14829;2.14809;3006
2015.10.22;04:00:00;2.14989;2.14609;2.14769;2.14839;5728
2015.10.22;08:00:00;2.15729;2.14409;2.15329;2.14769;10624
2015.10.22;12:00:00;2.15439;2.14499;2.15009;2.15339;14739
2015.10.22;16:00:00;2.15059;2.14159;2.14309;2.14999;19290
2015.10.22;20:00:00;2.14549;2.14279;2.14479;2.14299;7625
2015.10.23;00:00:00;2.14659;2.13499;2.13529;2.14499;7125
2015.10.23;04:00:00;2.13799;2.13069;2.13189;2.13539;6715
2015.10.23;08:00:00;2.13839;2.13129;2.13779;2.13199;12279
2015.10.23;12:00:00;2.14419;2.13249;2.14129;2.13769;15693
2015.10.23;16:00:00;2.14359;2.13749;2.14289;2.14119;15602
2015.10.23;20:00:00;2.14349;2.13729;2.13749;2.14289;7633
2015.10.25;23:00:00;2.13859;2.13239;2.13552;2.13449;387
2015.10.26;00:00:00;2.14279;2.13439;2.14029;2.13522;5829
2015.10.26;04:00:00;2.14109;2.13619;2.13819;2.14029;4696
2015.10.26;08:00:00;2.13819;2.13279;2.13589;2.13799;11010
2015.10.26;12:00:00;2.13659;2.13349;2.13549;2.13589;11300
2015.10.26;16:00:00;2.14019;2.13409;2.13629;2.13529;13088
2015.10.26;20:00:00;2.13679;2.13332;2.13439;2.13629;4421
2015.10.27;00:00:00;2.13689;2.13339;2.13639;2.13429;3963
2015.10.27;04:00:00;2.13889;2.13509;2.13589;2.13649;4821
2015.10.27;08:00:00;2.13639;2.12949;2.13349;2.13579;10436
2015.10.27;12:00:00;2.13809;2.13229;2.13559;2.13339;13002
2015.10.27;16:00:00;2.13739;2.13129;2.13469;2.13569;12448
2015.10.27;20:00:00;2.13689;2.12671;2.13389;2.13479;4975
2015.10.28;00:00:00;2.13959;2.13389;2.13749;2.13389;6468
2015.10.28;04:00:00;2.13779;2.13359;2.13449;2.13749;4541
2015.10.28;08:00:00;2.13719;2.13109;2.13519;2.13449;9253
2015.10.28;12:00:00;2.13629;2.12739;2.12849;2.13529;11932
2015.10.28;16:00:00;2.13569;2.12511;2.12511;2.12849;13190
2015.10.28;20:00:00;2.14199;2.12429;2.14019;2.12759;16739
2015.10.29;00:00:00;2.14149;2.13779;2.14029;2.14029;6501
2015.10.29;04:00:00;2.14109;2.13769;2.13789;2.14039;4960
2015.10.29;08:00:00;2.14249;2.13639;2.14019;2.13789;12703
2015.10.29;12:00:00;2.14819;2.13829;2.14749;2.14019;15035
2015.10.29;16:00:00;2.15019;2.14519;2.14739;2.14739;12962
2015.10.29;20:00:00;2.15029;2.14379;2.14609;2.14749;4710
2015.10.30;00:00:00;2.14839;2.14309;2.14569;2.14499;6078
2015.10.30;04:00:00;2.14729;2.14229;2.14639;2.14569;9209
2015.10.30;08:00:00;2.14869;2.14429;2.14679;2.14649;13382
2015.10.30;12:00:00;2.15229;2.14469;2.15229;2.14649;14062
2015.10.30;16:00:00;2.16549;2.14889;2.16239;2.15229;16003
2015.10.30;20:00:00;2.16319;2.15419;2.15829;2.16249;6106
2015.11.02;00:00:00;2.16229;2.15669;2.16029;2.16059;6249
2015.11.02;04:00:00;2.16049;2.15799;2.15879;2.16019;4188
2015.11.02;08:00:00;2.17249;2.15769;2.17009;2.15879;11305
2015.11.02;12:00:00;2.17189;2.16469;2.16479;2.17009;10620
2015.11.02;16:00:00;2.16779;2.15679;2.15739;2.16489;12405
2015.11.02;20:00:00;2.15799;2.15069;2.15259;2.15749;4801
2015.11.03;00:00:00;2.15599;2.15089;2.15349;2.15249;3333
2015.11.03;04:00:00;2.15389;2.15029;2.15249;2.15349;4369
2015.11.03;08:00:00;2.15549;2.15149;2.15379;2.15259;9423
2015.11.03;12:00:00;2.15769;2.14869;2.15159;2.15379;10770
2015.11.03;16:00:00;2.15539;2.15009;2.15269;2.15169;14005
2015.11.03;20:00:00;2.15349;2.14919;2.14919;2.15259;7384
2015.11.04;00:00:00;2.15239;2.14689;2.14889;2.15019;5504
2015.11.04;04:00:00;2.15129;2.14759;2.15129;2.14879;4712
2015.11.04;08:00:00;2.15799;2.14899;2.15589;2.15129;11407
2015.11.04;12:00:00;2.15639;2.15089;2.15389;2.15589;10814
2015.11.04;16:00:00;2.16049;2.14699;2.15869;2.15389;16999
2015.11.04;20:00:00;2.15919;2.15459;2.15619;2.15869;6069
2015.11.05;00:00:00;2.15889;2.15489;2.15719;2.15629;6037
2015.11.05;04:00:00;2.15989;2.15589;2.15899;2.15719;4110
2015.11.05;08:00:00;2.16349;2.15859;2.16099;2.15899;11909
2015.11.05;12:00:00;2.16569;2.13919;2.14029;2.16109;16050
2015.11.05;16:00:00;2.14489;2.13819;2.13859;2.14029;15384
2015.11.05;20:00:00;2.14019;2.13709;2.13809;2.13859;5777
2015.11.06;00:00:00;2.13969;2.13689;2.13959;2.13809;3644
2015.11.06;04:00:00;2.13969;2.13709;2.13869;2.13949;4004
2015.11.06;08:00:00;2.13879;2.13309;2.13329;2.13869;10634
2015.11.06;12:00:00;2.13784;2.11514;2.13354;2.13339;15985
2015.11.06;16:00:00;2.14284;2.13204;2.13424;2.13344;20779
2015.11.06;20:00:00;2.13804;2.13244;2.13334;2.13414;6295
2015.11.09;00:00:00;2.14174;2.12964;2.13964;2.13414;5475
2015.11.09;04:00:00;2.14384;2.13954;2.14354;2.13964;5379
2015.11.09;08:00:00;2.14904;2.14274;2.14664;2.14364;10749
2015.11.09;12:00:00;2.15194;2.14654;2.14904;2.14674;12884
2015.11.09;16:00:00;2.15334;2.14744;2.14754;2.14894;15875
2015.11.09;20:00:00;2.15094;2.14694;2.14954;2.14734;5857
2015.11.10;00:00:00;2.15144;2.14764;2.14894;2.14964;4548
2015.11.10;04:00:00;2.15014;2.14684;2.14814;2.14894;4377
2015.11.10;08:00:00;2.14994;2.14444;2.14664;2.14804;11310
2015.11.10;12:00:00;2.15274;2.14574;2.14984;2.14654;14539
2015.11.10;16:00:00;2.15064;2.14754;2.14904;2.14984;14175
2015.11.10;20:00:00;2.15094;2.14654;2.14874;2.14914;6843
2015.11.11;00:00:00;2.15354;2.14594;2.15104;2.14884;7027
2015.11.11;04:00:00;2.15404;2.15104;2.15314;2.15104;7069
2015.11.11;08:00:00;2.15574;2.14964;2.15104;2.15304;11395
2015.11.11;12:00:00;2.15904;2.15084;2.15754;2.15094;11709
2015.11.11;16:00:00;2.16264;2.15544;2.15694;2.15754;13889
2015.11.11;20:00:00;2.15924;2.15674;2.15854;2.15694;4389
2015.11.12;00:00:00;2.16014;2.15554;2.15774;2.15854;8064
2015.11.12;04:00:00;2.15874;2.15634;2.15814;2.15784;6055
2015.11.12;08:00:00;2.15874;2.15224;2.15464;2.15814;13254
2015.11.12;12:00:00;2.15874;2.15334;2.15824;2.15464;13390
2015.11.12;16:00:00;2.16124;2.15614;2.16024;2.15824;21856
2015.11.12;20:00:00;2.16094;2.15784;2.15944;2.16024;9292
2015.11.13;00:00:00;2.16034;2.15724;2.15804;2.15934;6534
2015.11.13;04:00:00;2.16034;2.15664;2.15714;2.15804;5500
2015.11.13;08:00:00;2.16504;2.15584;2.16464;2.15694;11096
2015.11.13;12:00:00;2.16724;2.15994;2.16604;2.16454;16137
2015.11.13;16:00:00;2.16654;2.16224;2.16384;2.16594;15072
2015.11.13;20:00:00;2.16864;2.16344;2.16794;2.16374;6951
2015.11.16;00:00:00;2.16864;2.16054;2.16484;2.16644;8134
2015.11.16;04:00:00;2.16664;2.16384;2.16654;2.16494;4214
2015.11.16;08:00:00;2.16654;2.15744;2.15794;2.16644;12480
2015.11.16;12:00:00;2.16104;2.15764;2.16044;2.15804;11392
2015.11.16;16:00:00;2.16404;2.15964;2.16364;2.16034;13714
2015.11.16;20:00:00;2.16364;2.15954;2.16154;2.16354;5853
2015.11.17;00:00:00;2.16164;2.15804;2.15904;2.16124;5862
2015.11.17;04:00:00;2.16004;2.15794;2.15924;2.15894;4842
2015.11.17;08:00:00;2.16344;2.15694;2.16274;2.15924;12412
2015.11.17;12:00:00;2.16484;2.15934;2.16204;2.16274;11923
2015.11.17;16:00:00;2.16634;2.16124;2.16534;2.16204;15023
2015.11.17;20:00:00;2.16574;2.16264;2.16484;2.16544;7821
2015.11.18;00:00:00;2.16734;2.16264;2.16574;2.16494;4018
2015.11.18;04:00:00;2.16664;2.16454;2.16484;2.16584;4446
2015.11.18;08:00:00;2.17034;2.16304;2.16674;2.16484;10850
2015.11.18;12:00:00;2.16774;2.15954;2.16344;2.16664;11078
2015.11.18;16:00:00;2.16764;2.16134;2.16604;2.16344;13004
2015.11.18;20:00:00;2.16804;2.16174;2.16434;2.16594;10774
2015.11.19;00:00:00;2.16864;2.16154;2.16734;2.16394;7161
2015.11.19;04:00:00;2.16814;2.16304;2.16324;2.16734;7526
2015.11.19;08:00:00;2.16564;2.15474;2.15884;2.16314;12160
2015.11.19;12:00:00;2.16324;2.15694;2.16254;2.15894;13431
2015.11.19;16:00:00;2.16464;2.15844;2.16144;2.16254;17758
2015.11.19;20:00:00;2.16254;2.15784;2.15784;2.16154;5975
2015.11.20;00:00:00;2.16104;2.15724;2.16084;2.15784;4782
2015.11.20;04:00:00;2.16154;2.15554;2.15574;2.16084;5700
2015.11.20;08:00:00;2.15724;2.15414;2.15724;2.15564;12484
2015.11.20;12:00:00;2.15894;2.14934;2.15014;2.15734;12828
2015.11.20;16:00:00;2.15154;2.14504;2.14714;2.15004;14228
2015.11.20;20:00:00;2.14754;2.14174;2.14304;2.14714;6033
2015.11.23;00:00:00;2.15014;2.13704;2.14784;2.13934;5470
2015.11.23;04:00:00;2.15144;2.14724;2.15044;2.14774;6986
2015.11.23;08:00:00;2.15134;2.14644;2.15114;2.15054;11573
2015.11.23;12:00:00;2.15124;2.14454;2.14904;2.15114;11987
2015.11.23;16:00:00;2.15214;2.14274;2.14284;2.14914;14843
2015.11.23;20:00:00;2.14384;2.14034;2.14204;2.14274;5202
2015.11.24;00:00:00;2.14364;2.14004;2.14084;2.14224;4893
2015.11.24;04:00:00;2.14234;2.13824;2.13874;2.14084;4338
2015.11.24;08:00:00;2.14224;2.13654;2.13894;2.13884;11039
2015.11.24;12:00:00;2.13944;2.13104;2.13144;2.13894;13941
2015.11.24;16:00:00;2.13194;2.12434;2.12594;2.13154;14525
2015.11.24;20:00:00;2.12844;2.12494;2.12544;2.12584;6443
2015.11.25;00:00:00;2.12654;2.11944;2.12214;2.12564;6103
2015.11.25;04:00:00;2.12504;2.11884;2.12104;2.12204;6491
2015.11.25;08:00:00;2.12284;2.11524;2.11744;2.12094;13771
2015.11.25;12:00:00;2.12611;2.11607;2.12611;2.11724;16125
2015.11.25;16:00:00;2.12734;2.11984;2.12134;2.12612;15667
2015.11.25;20:00:00;2.12574;2.12131;2.12404;2.12144;6570
2015.11.26;00:00:00;2.12704;2.11861;2.12454;2.12434;6848
2015.11.26;04:00:00;2.12724;2.12424;2.12624;2.12474;4387
2015.11.26;08:00:00;2.12754;2.12114;2.12284;2.12624;9899
2015.11.26;12:00:00;2.12674;2.11794;2.12664;2.12294;8828
2015.11.26;16:00:00;2.12834;2.12494;2.12584;2.12654;6314
2015.11.26;20:00:00;2.12604;2.1229;2.12534;2.12584;8220
2015.11.27;00:00:00;2.12704;2.12254;2.12634;2.12524;4816
2015.11.27;04:00:00;2.12684;2.12409;2.12464;2.12634;5326
2015.11.27;08:00:00;2.12765;2.12044;2.12084;2.12464;12660
2015.11.27;12:00:00;2.12564;2.11863;2.12264;2.12084;11966
2015.11.27;16:00:00;2.12874;2.12164;2.12804;2.12257;10826
2015.11.27;20:00:00;2.12804;2.12004;2.12204;2.12804;7185
2015.11.30;00:00:00;2.12664;2.11824;2.12324;2.11834;5488
2015.11.30;04:00:00;2.12514;2.12074;2.12144;2.12314;4078
2015.11.30;08:00:00;2.12284;2.11654;2.11704;2.12144;10782
2015.11.30;12:00:00;2.12194;2.11674;2.11904;2.11714;11932
2015.11.30;16:00:00;2.12414;2.11814;2.11944;2.11904;14272
2015.11.30;20:00:00;2.12554;2.11934;2.12324;2.11954;5978
2015.12.01;00:00:00;2.12754;2.12154;2.12574;2.12324;5821
2015.12.01;04:00:00;2.12924;2.12354;2.12894;2.12574;8376
2015.12.01;08:00:00;2.13144;2.12404;2.12604;2.12894;11725
2015.12.01;12:00:00;2.12804;2.12262;2.12424;2.12604;10561
2015.12.01;16:00:00;2.12484;2.11764;2.12054;2.12417;15888
2015.12.01;20:00:00;2.12094;2.11764;2.11924;2.12054;6110
2015.12.02;00:00:00;2.12054;2.11744;2.11904;2.11934;5126
2015.12.02;04:00:00;2.12184;2.11824;2.12104;2.11904;6852
2015.12.02;08:00:00;2.12304;2.11754;2.11964;2.12104;10839
2015.12.02;12:00:00;2.12304;2.10984;2.11674;2.11924;13217
2015.12.02;16:00:00;2.11738;2.10384;2.10754;2.11667;18913
2015.12.02;20:00:00;2.11154;2.10614;2.11154;2.10764;10908
2015.12.03;00:00:00;2.11164;2.10724;2.10864;2.11124;6563
2015.12.03;04:00:00;2.10904;2.10354;2.10374;2.10864;7494
2015.12.03;08:00:00;2.10704;2.10094;2.10504;2.10364;12146
2015.12.03;12:00:00;2.11104;2.08834;2.10714;2.10494;26156
2015.12.03;16:00:00;2.11254;2.10395;2.11054;2.10714;26691
2015.12.03;20:00:00;2.11194;2.10704;2.11054;2.11054;14406
2015.12.04;00:00:00;2.11414;2.10764;2.11254;2.11074;9839
2015.12.04;04:00:00;2.11284;2.10984;2.10984;2.11254;7400
2015.12.04;08:00:00;2.11404;2.10334;2.11264;2.10984;15483
2015.12.04;12:00:00;2.11344;2.09956;2.10844;2.11254;19307
2015.12.04;16:00:00;2.10994;2.10544;2.10674;2.10854;23498
2015.12.04;20:00:00;2.11094;2.10614;2.10854;2.10664;8268
2015.12.07;00:00:00;2.11244;2.10524;2.11114;2.10744;5130
2015.12.07;04:00:00;2.11494;2.11114;2.11364;2.11114;3718
2015.12.07;08:00:00;2.11894;2.11204;2.11274;2.11354;10460
2015.12.07;12:00:00;2.11944;2.11214;2.11874;2.11264;11566
2015.12.07;16:00:00;2.11904;2.11354;2.11574;2.11874;15574
2015.12.07;20:00:00;2.11864;2.11394;2.11574;2.11564;6719
2015.12.08;00:00:00;2.11674;2.11224;2.11344;2.11594;4819
2015.12.08;04:00:00;2.11874;2.11344;2.11764;2.11344;4940
2015.12.08;08:00:00;2.11954;2.11254;2.11304;2.11764;11805
2015.12.08;12:00:00;2.11684;2.11184;2.11256;2.11294;14782
2015.12.08;16:00:00;2.11464;2.10904;2.11185;2.11259;15792
2015.12.08;20:00:00;2.11394;2.11134;2.11274;2.11184;7694
2015.12.09;00:00:00;2.11464;2.10904;2.11334;2.11294;4113
2015.12.09;04:00:00;2.11414;2.10614;2.10864;2.11344;5381
2015.12.09;08:00:00;2.11974;2.10844;2.11784;2.10864;12646
2015.12.09;12:00:00;2.12254;2.11739;2.12044;2.11784;14097
2015.12.09;16:00:00;2.13244;2.12024;2.13104;2.12034;20521
2015.12.09;20:00:00;2.13554;2.12994;2.13504;2.13114;14317
2015.12.10;00:00:00;2.13484;2.12284;2.12544;2.13484;9257
2015.12.10;04:00:00;2.13214;2.12483;2.13074;2.12554;6159
2015.12.10;08:00:00;2.13184;2.12604;2.13034;2.13084;13266
2015.12.10;12:00:00;2.13184;2.11774;2.12324;2.13044;17769
2015.12.10;16:00:00;2.12734;2.12204;2.12614;2.12324;18049
2015.12.10;20:00:00;2.12714;2.12474;2.12714;2.12614;7918
2015.12.11;00:00:00;2.12784;2.12214;2.12594;2.12764;6451
2015.12.11;04:00:00;2.12964;2.12594;2.12714;2.12594;4468
2015.12.11;08:00:00;2.13384;2.12704;2.13314;2.12724;11628
2015.12.11;12:00:00;2.13724;2.13064;2.13704;2.13314;17736
2015.12.11;16:00:00;2.15254;2.13674;2.14964;2.13714;24591
2015.12.11;20:00:00;2.15264;2.14775;2.14924;2.14954;8967
2015.12.14;00:00:00;2.14834;2.14334;2.14694;2.14724;7256
2015.12.14;04:00:00;2.14714;2.14194;2.14384;2.14694;6482
2015.12.14;08:00:00;2.14394;2.13424;2.14044;2.14374;12683
2015.12.14;12:00:00;2.14394;2.12944;2.13274;2.14034;17588
2015.12.14;16:00:00;2.13384;2.12724;2.13024;2.13264;23048
2015.12.14;20:00:00;2.13414;2.12944;2.13204;2.13024;9207
2015.12.15;00:00:00;2.13654;2.12854;2.13564;2.13204;7229
2015.12.15;04:00:00;2.13904;2.13435;2.13754;2.13574;6090
2015.12.15;08:00:00;2.13774;2.12834;2.13084;2.13744;14880
2015.12.15;12:00:00;2.13374;2.12284;2.13344;2.13074;17608
2015.12.15;16:00:00;2.13594;2.11544;2.11834;2.13354;20046
2015.12.15;20:00:00;2.11844;2.11824;2.11834;2.11844;14
