DATE;TIME;HIGH;LOW;CLOSE;OPEN;VOLUME
2015.04.27;12:00:00;13.07249;13.0374;13.06061;13.045;9169
2015.04.27;16:00:00;13.10581;13.04347;13.09922;13.0612;11502
2015.04.27;20:00:00;13.12014;13.0837;13.0877;13.10033;5654
2015.04.28;00:00:00;13.1092;13.074;13.10439;13.0922;3927
2015.04.28;04:00:00;13.11693;13.0988;13.11693;13.10427;1224
2015.04.28;08:00:00;13.15772;13.08197;13.09374;13.11693;12503
2015.04.28;12:00:00;13.13855;13.08898;13.1162;13.0942;11963
2015.04.28;16:00:00;13.13065;13.05484;13.09647;13.1172;12906
2015.04.28;20:00:00;13.10513;13.0517;13.0517;13.09647;6184
2015.04.29;00:00:00;13.0572;13.0347;13.04122;13.0512;3555
2015.04.29;04:00:00;13.05232;13.03963;13.04398;13.0401;2134
2015.04.29;08:00:00;13.11957;12.8704;12.9352;13.04289;10936
2015.04.29;12:00:00;12.95633;12.8927;12.93685;12.9347;12439
2015.04.29;16:00:00;12.94472;12.84616;12.8682;12.93685;16046
2015.04.29;20:00:00;12.8827;12.8042;12.8482;12.8677;11962
2015.04.30;00:00:00;12.87223;12.84102;12.86468;12.8467;2266
2015.04.30;04:00:00;12.87284;12.84454;12.86895;12.86468;3638
2015.04.30;08:00:00;12.90528;12.7297;12.7642;12.86895;13926
2015.04.30;12:00:00;12.84737;12.75288;12.82406;12.7637;13561
2015.04.30;16:00:00;12.86233;12.77855;12.78042;12.82406;16366
2015.04.30;20:00:00;12.80701;12.75539;12.7787;12.77901;8256
2015.05.01;00:00:00;12.8072;12.76561;12.7806;12.7782;5173
2015.05.01;04:00:00;12.80675;12.7799;12.8032;12.7806;4586
2015.05.01;08:00:00;12.8042;12.6727;12.6752;12.8037;9481
2015.05.01;12:00:00;12.7102;12.6562;12.6822;12.6772;10698
2015.05.01;16:00:00;12.7262;12.6272;12.7152;12.6827;16087
2015.05.01;20:00:00;12.7257;12.6637;12.7032;12.7147;8203
2015.05.04;00:00:00;12.7362;12.6324;12.7312;12.6467;6134
2015.05.04;04:00:00;12.7367;12.7127;12.7272;12.7317;3311
2015.05.04;08:00:00;12.7292;12.6662;12.6912;12.7272;12506
2015.05.04;12:00:00;12.6942;12.6187;12.6232;12.6907;11809
2015.05.04;16:00:00;12.6582;12.5962;12.6337;12.6227;13019
2015.05.04;20:00:00;12.6672;12.6327;12.6427;12.6337;6752
2015.05.05;00:00:00;12.66263;12.6397;12.65961;12.6417;1527
2015.05.05;04:00:00;12.6804;12.65376;12.67439;12.65829;2534
2015.05.05;08:00:00;12.73344;12.63825;12.6882;12.67557;11887
2015.05.05;12:00:00;12.71633;12.6509;12.66832;12.6882;13080
2015.05.05;16:00:00;12.7147;12.64975;12.6992;12.6687;13556
2015.05.05;20:00:00;12.6992;12.6472;12.66352;12.6987;5469
2015.05.06;00:00:00;12.6732;12.6136;12.67216;12.66293;3149
2015.05.06;04:00:00;12.67744;12.6357;12.6467;12.67216;3978
2015.05.06;08:00:00;12.6912;12.5612;12.5782;12.6472;13485
2015.05.06;12:00:00;12.63392;12.5647;12.5772;12.5782;14172
2015.05.06;16:00:00;12.5787;12.48742;12.52222;12.57693;13524
2015.05.06;20:00:00;12.5364;12.50841;12.5252;12.5227;5354
2015.05.07;00:00:00;12.54962;12.51825;12.54732;12.5252;3691
2015.05.07;04:00:00;12.54842;12.52706;12.52964;12.54709;4442
2015.05.07;08:00:00;12.53252;12.40412;12.43378;12.52975;11645
2015.05.07;12:00:00;12.54224;12.4297;12.5312;12.43501;17928
2015.05.07;16:00:00;12.60642;12.50758;12.5767;12.5317;13852
2015.05.07;20:00:00;12.6242;12.5757;12.5757;12.5777;5893
2015.05.08;00:00:00;12.7827;12.5707;12.7517;12.5757;8348
2015.05.08;04:00:00;12.8692;12.7497;12.8602;12.7522;10607
2015.05.08;08:00:00;12.8637;12.76068;12.7932;12.8607;18395
2015.05.08;12:00:00;12.79469;12.6711;12.7135;12.79359;16808
2015.05.08;16:00:00;12.72549;12.6767;12.6992;12.71428;14401
2015.05.08;20:00:00;12.7587;12.6792;12.7252;12.6987;6297
2015.05.11;00:00:00;12.7482;12.6725;12.7472;12.7127;3768
2015.05.11;04:00:00;12.7582;12.7302;12.7492;12.7467;8943
2015.05.11;08:00:00;12.79698;12.7187;12.7497;12.7487;13621
2015.05.11;12:00:00;12.90221;12.7357;12.9006;12.75057;11388
2015.05.11;16:00:00;12.94183;12.8287;12.91996;12.9014;13052
2015.05.11;20:00:00;12.9425;12.91222;12.91274;12.92092;4861
2015.05.12;00:00:00;12.94359;12.9062;12.93585;12.90814;2613
2015.05.12;04:00:00;12.94131;12.90499;12.90576;12.93585;2309
2015.05.12;08:00:00;12.9587;12.8019;12.9372;12.90451;13580
2015.05.12;12:00:00;13.00959;12.9362;12.95515;12.9377;13082
2015.05.12;16:00:00;13.04385;12.92678;13.04256;12.9547;8478
2015.05.12;20:00:00;13.0567;13.0287;13.0472;13.04256;4659
2015.05.13;00:00:00;13.0547;13.03385;13.0357;13.0487;3368
2015.05.13;04:00:00;13.04403;13.0122;13.0237;13.03567;3827
2015.05.13;08:00:00;13.06186;12.97613;13.0502;13.0232;11114
2015.05.13;12:00:00;13.06695;12.9392;12.9622;13.0502;15103
2015.05.13;16:00:00;12.9732;12.88106;12.9347;12.9622;11902
2015.05.13;20:00:00;12.9702;12.93243;12.9637;12.93546;5393
2015.05.14;00:00:00;12.9702;12.94374;12.96016;12.9642;3477
2015.05.14;04:00:00;12.96531;12.9452;12.9457;12.96026;4109
2015.05.14;08:00:00;12.95766;12.91109;12.94755;12.9457;10093
2015.05.14;12:00:00;12.99687;12.9357;12.98099;12.94637;7986
2015.05.14;16:00:00;13.0257;12.97448;13.0066;12.9812;9344
2015.05.14;20:00:00;13.0187;12.95657;12.95657;13.00715;6055
2015.05.15;00:00:00;13.00678;12.94979;12.98585;12.95673;2370
2015.05.15;04:00:00;12.9961;12.9812;12.98675;12.9863;1873
2015.05.15;08:00:00;13.01703;12.94087;13.0102;12.98675;10557
2015.05.15;12:00:00;13.07577;12.98526;13.0687;13.0107;11087
2015.05.15;16:00:00;13.0807;12.93389;12.94199;13.0682;11572
2015.05.15;20:00:00;12.94317;12.8722;12.8777;12.94199;6114
2015.05.18;00:00:00;12.9162;12.8767;12.9062;12.88275;2367
2015.05.18;04:00:00;12.9125;12.89498;12.9062;12.9062;1997
2015.05.18;08:00:00;12.92289;12.8627;12.898;12.9062;8489
2015.05.18;12:00:00;12.9132;12.82942;12.86737;12.8977;9956
2015.05.18;16:00:00;12.9127;12.85981;12.8782;12.86814;10963
2015.05.18;20:00:00;12.90757;12.8722;12.87553;12.8787;5153
2015.05.19;00:00:00;12.8945;12.87067;12.88683;12.87976;2459
2015.05.19;04:00:00;12.9047;12.88393;12.9002;12.88773;4121
2015.05.19;08:00:00;12.9852;12.88851;12.9112;12.8992;14978
2015.05.19;12:00:00;12.9593;12.8692;12.9492;12.9117;12793
2015.05.19;16:00:00;12.98054;12.9183;12.935;12.9492;11047
2015.05.19;20:00:00;12.9459;12.90572;12.92425;12.93605;4462
2015.05.20;00:00:00;12.95285;12.9172;12.9477;12.924;3785
2015.05.20;04:00:00;12.9562;12.9372;12.94629;12.9477;3059
2015.05.20;08:00:00;13.00778;12.93747;12.9927;12.94629;11083
2015.05.20;12:00:00;13.01874;12.9537;12.9537;12.99348;12292
2015.05.20;16:00:00;13.0142;12.94456;12.96958;12.9532;12643
2015.05.20;20:00:00;12.97256;12.93185;12.9577;12.96958;10376
2015.05.21;00:00:00;12.97123;12.9442;12.9602;12.9542;3549
2015.05.21;04:00:00;12.9657;12.94956;12.9552;12.9607;6874
2015.05.21;08:00:00;13.00907;12.9307;12.99121;12.9557;12339
2015.05.21;12:00:00;13.0477;12.9812;13.0362;12.99121;12783
2015.05.21;16:00:00;13.05526;13.0132;13.0287;13.0367;12489
2015.05.21;20:00:00;13.0577;13.02196;13.0442;13.0297;6933
2015.05.22;00:00:00;13.05794;13.0245;13.04576;13.03591;3989
2015.05.22;04:00:00;13.0467;13.01048;13.0182;13.0462;4151
2015.05.22;08:00:00;13.02882;12.93617;12.9547;13.0182;10073
2015.05.22;12:00:00;12.9752;12.89478;12.9542;12.9542;13355
2015.05.22;16:00:00;13.0247;12.9407;12.95617;12.9547;14634
2015.05.22;20:00:00;12.9947;12.95248;12.97425;12.95617;7762
2015.05.25;00:00:00;13.0177;12.9697;12.9997;12.9785;6070
2015.05.25;04:00:00;13.0167;12.99276;13.0142;12.9992;11307
2015.05.25;08:00:00;13.0457;12.9952;13.0142;13.0137;6787
2015.05.25;12:00:00;13.0212;12.96868;12.9927;13.0137;6921
2015.05.25;16:00:00;13.0142;12.98456;12.99614;12.9932;3731
2015.05.25;20:00:00;13.0117;12.9982;13.0077;12.9997;3909
2015.05.26;00:00:00;13.04345;12.9906;13.03991;13.0052;2834
2015.05.26;04:00:00;13.04548;13.02048;13.03788;13.03991;3901
2015.05.26;08:00:00;13.05256;12.9877;13.0052;13.03788;13152
2015.05.26;12:00:00;13.01351;12.93205;12.9382;13.00513;11547
2015.05.26;16:00:00;13.05506;12.9192;13.0372;12.9387;11226
2015.05.26;20:00:00;13.04943;13.0192;13.0262;13.0367;5187
2015.05.27;00:00:00;13.0425;13.0212;13.03877;13.0272;2676
2015.05.27;04:00:00;13.04274;13.02729;13.03527;13.03877;7455
2015.05.27;08:00:00;13.06232;12.9882;13.0507;13.0347;9493
2015.05.27;12:00:00;13.13953;13.04858;13.12029;13.05066;11555
2015.05.27;16:00:00;13.14772;13.01296;13.0362;13.12029;13372
2015.05.27;20:00:00;13.0582;13.01631;13.0487;13.0367;6105
2015.05.28;00:00:00;13.06258;13.0382;13.04678;13.0497;2571
2015.05.28;04:00:00;13.0627;13.03638;13.03855;13.04678;4404
2015.05.28;08:00:00;13.05461;12.9462;12.9527;13.03967;11402
2015.05.28;12:00:00;13.01777;12.9367;13.00052;12.9522;11363
2015.05.28;16:00:00;13.03088;12.95779;12.9757;12.99933;10529
2015.05.28;20:00:00;12.9797;12.95117;12.95314;12.9752;6381
2015.05.29;00:00:00;12.96052;12.9219;12.95997;12.9481;3808
2015.05.29;04:00:00;12.97581;12.9526;12.97188;12.9572;3595
2015.05.29;08:00:00;13.00469;12.9479;12.9657;12.97188;9322
2015.05.29;12:00:00;12.98775;12.92997;12.98775;12.9657;11724
2015.05.29;16:00:00;13.04498;12.9737;13.03349;12.98856;12626
2015.05.29;20:00:00;13.04881;13.0052;13.0082;13.03422;4862
2015.06.01;00:00:00;13.0807;13.0002;13.0687;13.0237;2993
2015.06.01;04:00:00;13.08105;13.05735;13.0617;13.0692;3885
2015.06.01;08:00:00;13.10022;13.03684;13.06613;13.0622;10687
2015.06.01;12:00:00;13.0702;12.99747;13.0087;13.0639;11254
2015.06.01;16:00:00;13.0592;12.9747;13.0077;13.00837;11645
2015.06.01;20:00:00;13.0442;12.99906;12.99906;13.0072;4547
2015.06.02;00:00:00;13.0467;12.9527;13.0367;12.99869;3287
2015.06.02;04:00:00;13.0427;13.02777;13.0312;13.0367;3078
2015.06.02;08:00:00;13.04554;12.96963;13.0132;13.0312;10402
2015.06.02;12:00:00;13.0422;12.93031;12.9337;13.01158;13572
2015.06.02;16:00:00;12.9827;12.87157;12.93015;12.9342;14307
2015.06.02;20:00:00;12.95819;12.91801;12.9427;12.93015;4593
2015.06.03;00:00:00;12.9552;12.9216;12.94841;12.9427;3014
2015.06.03;04:00:00;12.95077;12.9282;12.9432;12.94841;3343
2015.06.03;08:00:00;12.95149;12.8407;12.8576;12.9442;12224
2015.06.03;12:00:00;12.93184;12.8576;12.87916;12.8592;12260
2015.06.03;16:00:00;12.87916;12.69745;12.74387;12.87916;14297
2015.06.03;20:00:00;12.75209;12.7177;12.7207;12.7432;4505
2015.06.04;00:00:00;12.7417;12.71372;12.73076;12.72613;3049
2015.06.04;04:00:00;12.74326;12.72271;12.72785;12.73074;3007
2015.06.04;08:00:00;12.77228;12.67782;12.7282;12.72883;12728
2015.06.04;12:00:00;12.74342;12.6797;12.71556;12.7287;11715
2015.06.04;16:00:00;12.723;12.6542;12.67948;12.71633;12376
2015.06.04;20:00:00;12.7327;12.67547;12.70149;12.68085;7245
2015.06.05;00:00:00;12.76729;12.68263;12.73749;12.70011;5212
2015.06.05;04:00:00;12.74737;12.7343;12.73825;12.73749;3598
2015.06.05;08:00:00;12.74332;12.65577;12.73947;12.73825;11407
2015.06.05;12:00:00;12.86181;12.6815;12.84214;12.73947;11673
2015.06.05;16:00:00;12.87619;12.80447;12.82495;12.84286;12188
2015.06.05;20:00:00;12.83144;12.7672;12.7862;12.82495;5941
2015.06.08;00:00:00;12.83183;12.79516;12.83183;12.8007;2739
2015.06.08;04:00:00;12.83371;12.81701;12.8222;12.83183;3291
2015.06.08;08:00:00;12.83354;12.7722;12.7982;12.8222;9748
2015.06.08;12:00:00;12.8517;12.76682;12.7957;12.7987;8662
2015.06.08;16:00:00;12.7962;12.73937;12.7667;12.7952;9859
2015.06.08;20:00:00;12.7697;12.7157;12.7227;12.7672;7126
2015.06.09;00:00:00;12.73973;12.71859;12.72905;12.7227;3014
2015.06.09;04:00:00;12.72961;12.6992;12.72233;12.72905;3429
2015.06.09;08:00:00;12.73601;12.65883;12.68235;12.72244;11331
2015.06.09;12:00:00;12.7542;12.6742;12.73058;12.6752;11459
2015.06.09;16:00:00;12.75693;12.7057;12.74788;12.73058;12565
2015.06.09;20:00:00;12.7622;12.73439;12.73439;12.74806;3566
2015.06.10;00:00:00;12.7612;12.72963;12.74255;12.72963;2450
2015.06.10;04:00:00;12.7647;12.73643;12.76406;12.74255;5058
2015.06.10;08:00:00;12.7757;12.68056;12.7592;12.76406;15141
2015.06.10;12:00:00;12.85841;12.7577;12.81247;12.7597;13629
2015.06.10;16:00:00;12.8362;12.78025;12.82378;12.81247;13419
2015.06.10;20:00:00;12.8367;12.8042;12.8237;12.82493;4089
2015.06.11;00:00:00;12.8237;12.79397;12.8192;12.8237;1964
2015.06.11;04:00:00;12.8247;12.7887;12.80779;12.81932;2602
2015.06.11;08:00:00;12.8097;12.68603;12.71339;12.80783;9189
2015.06.11;12:00:00;12.76639;12.67923;12.7457;12.71339;11174
2015.06.11;16:00:00;12.77399;12.73164;12.7427;12.7452;10362
2015.06.11;20:00:00;12.75183;12.7172;12.7267;12.7427;4861
2015.06.12;00:00:00;12.7507;12.7217;12.73653;12.7272;2451
2015.06.12;04:00:00;12.7627;12.7332;12.7559;12.7367;3162
2015.06.12;08:00:00;12.79873;12.7427;12.78655;12.7562;10499
2015.06.12;12:00:00;12.8122;12.69409;12.71035;12.7862;11863
2015.06.12;16:00:00;12.74249;12.68256;12.6997;12.71126;12018
2015.06.12;20:00:00;12.7437;12.6957;12.7257;12.70036;5913
2015.06.15;00:00:00;12.7702;12.7342;12.75004;12.7532;3037
2015.06.15;04:00:00;12.7717;12.74672;12.7617;12.75004;3930
2015.06.15;08:00:00;12.7802;12.6967;12.7022;12.7622;10597
2015.06.15;12:00:00;12.71335;12.67078;12.71048;12.7027;10906
2015.06.15;16:00:00;12.76178;12.69343;12.7187;12.70927;9495
2015.06.15;20:00:00;12.7417;12.70997;12.712;12.71872;5189
2015.06.16;00:00:00;12.7302;12.71333;12.72472;12.72536;2090
2015.06.16;04:00:00;12.74462;12.72384;12.7302;12.72519;2574
2015.06.16;08:00:00;12.7487;12.69915;12.7167;12.7307;11659
2015.06.16;12:00:00;12.80705;12.7162;12.7847;12.7162;11476
2015.06.16;16:00:00;12.84245;12.7762;12.8057;12.78549;9328
2015.06.16;20:00:00;12.82019;12.7797;12.7822;12.8047;3488
2015.06.17;00:00:00;12.79829;12.77434;12.7842;12.7827;2301
2015.06.17;04:00:00;12.7862;12.7677;12.7702;12.7847;2961
2015.06.17;08:00:00;12.87331;12.76753;12.8587;12.7702;10333
2015.06.17;12:00:00;12.88974;12.8467;12.87439;12.8607;10130
2015.06.17;16:00:00;12.90375;12.8487;12.8517;12.87439;10254
2015.06.17;20:00:00;12.88482;12.8139;12.8312;12.8517;13262
2015.06.18;00:00:00;12.84131;12.81721;12.82701;12.8302;4631
2015.06.18;04:00:00;12.8397;12.8147;12.8207;12.82701;3479
2015.06.18;08:00:00;12.83862;12.7752;12.8242;12.8197;12122
2015.06.18;12:00:00;12.86223;12.8097;12.84455;12.8242;11198
2015.06.18;16:00:00;12.92044;12.8322;12.8912;12.84325;12255
2015.06.18;20:00:00;12.9112;12.8767;12.8972;12.8907;8014
2015.06.19;00:00:00;12.9047;12.85225;12.8872;12.8977;2337
2015.06.19;04:00:00;12.9012;12.88525;12.9012;12.8872;5398
2015.06.19;08:00:00;12.93824;12.8902;12.9117;12.9017;10521
2015.06.19;12:00:00;12.94192;12.90615;12.9342;12.9127;7328
2015.06.19;16:00:00;12.94702;12.89418;12.9047;12.9347;9227
2015.06.19;20:00:00;12.90906;12.8712;12.8777;12.9047;3578
2015.06.22;00:00:00;12.88513;12.86099;12.87521;12.86123;2773
2015.06.22;04:00:00;12.8802;12.86125;12.8687;12.87521;3272
2015.06.22;08:00:00;12.90174;12.8547;12.8767;12.8692;9211
2015.06.22;12:00:00;12.88977;12.8387;12.8497;12.8772;10875
2015.06.22;16:00:00;12.8632;12.81452;12.8522;12.84942;11791
2015.06.22;20:00:00;12.89634;12.8492;12.8847;12.8517;4365
2015.06.23;00:00:00;12.8932;12.8617;12.8882;12.8837;2658
2015.06.23;04:00:00;12.9282;12.8647;12.9107;12.8887;5731
2015.06.23;08:00:00;12.93731;12.9002;12.9272;12.9107;12139
2015.06.23;12:00:00;12.99456;12.92595;12.9817;12.9277;10357
2015.06.23;16:00:00;13.00581;12.9472;12.98655;12.9822;9785
2015.06.23;20:00:00;12.99987;12.9627;12.9797;12.98668;4467
2015.06.24;00:00:00;12.99312;12.97321;12.9902;12.9802;5638
2015.06.24;04:00:00;12.9937;12.9697;12.9847;12.9897;3826
2015.06.24;08:00:00;13.03733;12.9582;12.9637;12.9847;10717
2015.06.24;12:00:00;12.98028;12.9274;12.96996;12.9632;10899
2015.06.24;16:00:00;12.9937;12.92679;12.93473;12.96996;10810
2015.06.24;20:00:00;12.9487;12.9185;12.92125;12.93473;4410
2015.06.25;00:00:00;12.94229;12.91025;12.9237;12.92225;2400
2015.06.25;04:00:00;12.9277;12.9087;12.9227;12.9237;3350
2015.06.25;08:00:00;12.94922;12.89821;12.92122;12.9232;8385
2015.06.25;12:00:00;12.96248;12.88978;12.96179;12.9217;11648
2015.06.25;16:00:00;13.0038;12.9547;12.9612;12.96179;9140
2015.06.25;20:00:00;12.9782;12.95501;12.9762;12.9612;3398
2015.06.26;00:00:00;12.99714;12.95928;12.98996;12.9767;2861
2015.06.26;04:00:00;13.0012;12.9842;12.9922;12.99003;5225
2015.06.26;08:00:00;13.00898;12.96656;12.9907;12.9917;7171
2015.06.26;12:00:00;13.0332;12.9832;13.0272;12.9912;10370
2015.06.26;16:00:00;13.09704;13.0262;13.0607;13.0277;11400
2015.06.26;20:00:00;13.0762;13.0452;13.0552;13.0612;4678
2015.06.29;00:00:00;13.1997;13.1102;13.1352;13.1207;12949
2015.06.29;04:00:00;13.1607;13.1342;13.1377;13.1352;5408
2015.06.29;08:00:00;13.1622;13.03058;13.0527;13.1382;17174
2015.06.29;12:00:00;13.08765;13.0287;13.05802;13.0532;13766
2015.06.29;16:00:00;13.07251;12.91902;12.94463;13.05802;14601
2015.06.29;20:00:00;12.9632;12.87607;12.9357;12.94569;8314
2015.06.30;00:00:00;12.9617;12.9282;12.9582;12.9402;4049
2015.06.30;04:00:00;12.97009;12.9442;12.9547;12.9577;4131
2015.06.30;08:00:00;12.98989;12.9322;12.9772;12.9542;10966
2015.06.30;12:00:00;12.9832;12.9242;12.9452;12.9767;11818
2015.06.30;16:00:00;13.06219;12.9297;13.0347;12.9447;17256
2015.06.30;20:00:00;13.0522;13.0017;13.0087;13.03208;9727
2015.07.01;00:00:00;13.02768;12.9912;13.0162;13.0042;3928
2015.07.01;04:00:00;13.0262;13.0137;13.0142;13.0162;3187
2015.07.01;08:00:00;13.0632;12.96336;12.9717;13.0142;10636
2015.07.01;12:00:00;13.05242;12.9412;13.0292;12.97159;10839
2015.07.01;16:00:00;13.06372;12.9997;13.04822;13.0297;9451
2015.07.01;20:00:00;13.08791;13.04599;13.0772;13.04822;4835
2015.07.02;00:00:00;13.0947;13.06675;13.0792;13.0767;2986
2015.07.02;04:00:00;13.08294;13.05208;13.0547;13.08032;2485
2015.07.02;08:00:00;13.1999;13.00225;13.1322;13.0542;9620
2015.07.02;12:00:00;13.17078;13.1157;13.15348;13.1327;10875
2015.07.02;16:00:00;13.19864;13.14018;13.1837;13.15348;10092
2015.07.02;20:00:00;13.1985;13.16934;13.1922;13.1832;4457
2015.07.03;00:00:00;13.2007;13.18302;13.19971;13.1912;2781
2015.07.03;04:00:00;13.19947;13.16382;13.17026;13.19947;2570
2015.07.03;08:00:00;13.18681;13.1472;13.17688;13.1707;8086
2015.07.03;12:00:00;13.2153;13.15794;13.2007;13.17279;8756
2015.07.03;16:00:00;13.2032;13.1552;13.2022;13.2002;8508
2015.07.03;20:00:00;13.2017;13.1452;13.14675;13.2017;4371
2015.07.06;00:00:00;13.2692;13.1927;13.2167;13.2362;12910
2015.07.06;04:00:00;13.2357;13.1932;13.2322;13.2167;4508
2015.07.06;08:00:00;13.2547;13.14905;13.19683;13.2317;14147
2015.07.06;12:00:00;13.24554;13.1827;13.2022;13.19683;11277
2015.07.06;16:00:00;13.21251;13.15294;13.20035;13.2027;10253
2015.07.06;20:00:00;13.22001;13.18597;13.1872;13.20079;4636
2015.07.07;00:00:00;13.2167;13.1837;13.2057;13.1867;2346
2015.07.07;04:00:00;13.21962;13.2007;13.21549;13.2067;3521
2015.07.07;08:00:00;13.2457;13.1847;13.21078;13.21523;9284
2015.07.07;12:00:00;13.22189;13.12134;13.16583;13.21164;12627
2015.07.07;16:00:00;13.2172;13.15236;13.17715;13.16583;13414
2015.07.07;20:00:00;13.1792;13.12271;13.1467;13.17598;7298
2015.07.08;00:00:00;13.1762;13.1357;13.16701;13.1477;3267
2015.07.08;04:00:00;13.1727;13.13017;13.14077;13.16827;4845
2015.07.08;08:00:00;13.1607;13.0856;13.1032;13.14196;12961
2015.07.08;12:00:00;13.1046;13.0492;13.0632;13.1032;13246
2015.07.08;16:00:00;13.07719;12.97111;13.0057;13.0637;10480
2015.07.08;20:00:00;13.01528;12.9897;12.9917;13.00536;6491
2015.07.09;00:00:00;13.0057;12.96736;13.0042;12.9922;3209
2015.07.09;04:00:00;13.0127;12.9912;13.0037;13.0037;4049
2015.07.09;08:00:00;13.08885;12.95987;13.0447;13.0042;11029
2015.07.09;12:00:00;13.0687;13.0172;13.05421;13.0452;10913
2015.07.09;16:00:00;13.0687;13.0227;13.0602;13.0547;10267
2015.07.09;20:00:00;13.06824;13.0452;13.0462;13.0607;5721
2015.07.10;00:00:00;13.0537;12.9847;12.9982;13.0457;5081
2015.07.10;04:00:00;13.0032;12.98589;12.9967;12.9977;3818
2015.07.10;08:00:00;13.0792;12.95824;13.0627;12.9972;14530
2015.07.10;12:00:00;13.0747;13.0197;13.0317;13.06215;14904
2015.07.10;16:00:00;13.0882;13.0122;13.0867;13.0322;13048
2015.07.10;20:00:00;13.1142;13.0605;13.0655;13.0867;5911
2015.07.13;00:00:00;13.1212;13.06975;13.09989;13.1177;3978
2015.07.13;04:00:00;13.11121;13.0687;13.07963;13.09867;3892
2015.07.13;08:00:00;13.1472;13.0452;13.13203;13.07981;15439
2015.07.13;12:00:00;13.2022;13.11621;13.1867;13.13298;8842
2015.07.13;16:00:00;13.20006;13.11785;13.13738;13.1872;9419
2015.07.13;20:00:00;13.14837;13.12881;13.1307;13.13833;5383
2015.07.14;00:00:00;13.1617;13.12922;13.1487;13.1302;3889
2015.07.14;04:00:00;13.1507;13.13062;13.1407;13.1492;3356
2015.07.14;08:00:00;13.2242;13.1177;13.1652;13.1407;13660
2015.07.14;12:00:00;13.30299;13.15425;13.27423;13.1617;11144
2015.07.14;16:00:00;13.27936;13.2227;13.2437;13.27423;8247
2015.07.14;20:00:00;13.2902;13.2297;13.2777;13.2437;3217
2015.07.15;00:00:00;13.3172;13.27067;13.3152;13.2772;3007
2015.07.15;04:00:00;13.3202;13.28709;13.3002;13.3157;3140
2015.07.15;08:00:00;13.36416;13.2777;13.31895;13.2997;8351
2015.07.15;12:00:00;13.32776;13.26963;13.29293;13.31996;8566
2015.07.15;16:00:00;13.32134;13.26218;13.31187;13.29293;9157
2015.07.15;20:00:00;13.32791;13.287;13.287;13.31046;3971
2015.07.16;00:00:00;13.308;13.2775;13.3035;13.286;3487
2015.07.16;04:00:00;13.3195;13.299;13.3155;13.303;3911
2015.07.16;08:00:00;13.35515;13.278;13.294;13.315;9129
2015.07.16;12:00:00;13.33862;13.264;13.319;13.295;10688
2015.07.16;16:00:00;13.338;13.25864;13.3355;13.3195;13464
2015.07.16;20:00:00;13.3585;13.3255;13.32703;13.336;5917
2015.07.17;00:00:00;13.345;13.326;13.332;13.3265;2102
2015.07.17;04:00:00;13.344;13.3245;13.339;13.33159;3315
2015.07.17;08:00:00;13.4145;13.3365;13.39792;13.339;9842
2015.07.17;12:00:00;13.409;13.3655;13.404;13.39792;10737
2015.07.17;16:00:00;13.515;13.392;13.4725;13.403;11183
2015.07.17;20:00:00;13.4985;13.46;13.47855;13.473;5214
2015.07.20;00:00:00;13.50609;13.45805;13.49582;13.46955;2386
2015.07.20;04:00:00;13.5105;13.471;13.4775;13.49607;3010
2015.07.20;08:00:00;13.51202;13.4375;13.44628;13.478;7870
2015.07.20;12:00:00;13.47008;13.38225;13.40707;13.4465;7176
2015.07.20;16:00:00;13.43277;13.39915;13.4125;13.40829;6661
2015.07.20;20:00:00;13.42234;13.39031;13.39572;13.4125;4478
2015.07.21;00:00:00;13.4207;13.39983;13.40751;13.41311;2462
2015.07.21;04:00:00;13.42096;13.39405;13.41667;13.408;3344
2015.07.21;08:00:00;13.46759;13.39988;13.445;13.41667;8961
2015.07.21;12:00:00;13.456;13.3875;13.4055;13.4455;8720
2015.07.21;16:00:00;13.40637;13.282;13.2855;13.4055;8855
2015.07.21;20:00:00;13.28973;13.2645;13.283;13.285;5387
2015.07.22;00:00:00;13.3088;13.249;13.276;13.28138;3156
2015.07.22;04:00:00;13.302;13.27;13.289;13.2765;4910
2015.07.22;08:00:00;13.39261;13.284;13.381;13.2895;9863
2015.07.22;12:00:00;13.45685;13.36541;13.447;13.3805;7411
2015.07.22;16:00:00;13.48809;13.422;13.428;13.4465;7664
2015.07.22;20:00:00;13.435;13.409;13.414;13.4285;4140
2015.07.23;00:00:00;13.4205;13.4055;13.409;13.4125;2393
2015.07.23;04:00:00;13.41;13.387;13.403;13.4085;3954
2015.07.23;08:00:00;13.43455;13.344;13.35073;13.4035;9772
2015.07.23;12:00:00;13.392;13.32955;13.3555;13.35073;9186
2015.07.23;16:00:00;13.374;13.29125;13.30726;13.355;8244
2015.07.23;20:00:00;13.3124;13.25744;13.278;13.30726;5460
2015.07.24;00:00:00;13.287;13.26645;13.2835;13.2785;2388
2015.07.24;04:00:00;13.30801;13.279;13.30015;13.28303;3569
2015.07.24;08:00:00;13.30723;13.27103;13.29503;13.30018;7454
2015.07.24;12:00:00;13.34693;13.28192;13.333;13.29503;6403
2015.07.24;16:00:00;13.34494;13.30353;13.3195;13.3335;9899
2015.07.24;20:00:00;13.325;13.3005;13.317;13.32;5063
2015.07.27;00:00:00;13.3355;13.294;13.31071;13.315;1945
2015.07.27;04:00:00;13.3195;13.2815;13.3035;13.31045;4547
2015.07.27;08:00:00;13.30706;13.19504;13.242;13.304;9724
2015.07.27;12:00:00;13.26913;13.22364;13.2445;13.242;7594
2015.07.27;16:00:00;13.25982;13.209;13.217;13.244;8120
2015.07.27;20:00:00;13.232;13.2065;13.22277;13.2175;3325
2015.07.28;00:00:00;13.241;13.21399;13.22605;13.23313;2142
2015.07.28;04:00:00;13.254;13.22507;13.2525;13.226;3224
2015.07.28;08:00:00;13.307;13.23977;13.29692;13.253;9487
2015.07.28;12:00:00;13.37415;13.29313;13.369;13.297;9491
2015.07.28;16:00:00;13.39031;13.357;13.357;13.3695;9385
2015.07.28;20:00:00;13.375;13.346;13.35915;13.357;4050
2015.07.29;00:00:00;13.3613;13.33388;13.3425;13.36011;3402
2015.07.29;04:00:00;13.3595;13.33475;13.359;13.342;2691
2015.07.29;08:00:00;13.4557;13.35624;13.39;13.3585;9205
2015.07.29;12:00:00;13.4375;13.3755;13.4355;13.3905;9086
2015.07.29;16:00:00;13.4918;13.4255;13.4255;13.4352;8831
2015.07.29;20:00:00;13.48247;13.3905;13.4595;13.425;9152
2015.07.30;00:00:00;13.4875;13.4545;13.4875;13.4545;3733
2015.07.30;04:00:00;13.492;13.47513;13.4805;13.487;3132
2015.07.30;08:00:00;13.52372;13.41929;13.4575;13.48;8012
2015.07.30;12:00:00;13.53071;13.43388;13.51555;13.458;8270
2015.07.30;16:00:00;13.53922;13.44364;13.459;13.51555;9219
2015.07.30;20:00:00;13.473;13.4425;13.443;13.4585;4450
2015.07.31;00:00:00;13.4485;13.42423;13.4365;13.4425;5002
2015.07.31;04:00:00;13.45712;13.432;13.447;13.4365;3460
2015.07.31;08:00:00;13.46177;13.39033;13.39694;13.4475;8951
2015.07.31;12:00:00;13.44242;13.34023;13.39807;13.39778;12553
2015.07.31;16:00:00;13.45367;13.3205;13.44395;13.39718;12646
2015.07.31;20:00:00;13.475;13.433;13.4665;13.44296;6158
2015.08.03;00:00:00;13.4945;13.4625;13.4785;13.479;2925
2015.08.03;04:00:00;13.4885;13.45996;13.464;13.479;5447
2015.08.03;08:00:00;13.49904;13.4523;13.47463;13.465;12078
2015.08.03;12:00:00;13.496;13.436;13.4695;13.47463;9568
2015.08.03;16:00:00;13.48666;13.4545;13.46434;13.469;8784
2015.08.03;20:00:00;13.479;13.45823;13.4678;13.4632;4670
2015.08.04;00:00:00;13.495;13.45026;13.488;13.4685;3101
2015.08.04;04:00:00;13.51;13.4855;13.5045;13.4885;3126
2015.08.04;08:00:00;13.507;13.44268;13.4575;13.504;9842
2015.08.04;12:00:00;13.475;13.42123;13.43413;13.457;9423
2015.08.04;16:00:00;13.508;13.42984;13.502;13.43413;8826
2015.08.04;20:00:00;13.5555;13.48723;13.5465;13.5015;7111
2015.08.05;00:00:00;13.5665;13.53287;13.566;13.547;3493
2015.08.05;04:00:00;13.5715;13.5425;13.5455;13.5655;3221
2015.08.05;08:00:00;13.61686;13.538;13.59398;13.5455;9229
2015.08.05;12:00:00;13.62064;13.54966;13.6045;13.59302;10898
2015.08.05;16:00:00;13.65901;13.5895;13.62066;13.605;10089
2015.08.05;20:00:00;13.6228;13.5655;13.566;13.6197;5037
2015.08.06;00:00:00;13.5825;13.5455;13.5645;13.5655;2900
2015.08.06;04:00:00;13.581;13.564;13.57;13.564;2804
2015.08.06;08:00:00;13.61806;13.54535;13.618;13.5705;7234
2015.08.06;12:00:00;13.658;13.5195;13.6102;13.618;11290
2015.08.06;16:00:00;13.6205;13.55038;13.58021;13.6093;9004
2015.08.06;20:00:00;13.58021;13.5485;13.5525;13.58021;3723
2015.08.07;00:00:00;13.56827;13.528;13.555;13.5555;2567
2015.08.07;04:00:00;13.557;13.53671;13.55;13.5545;3185
2015.08.07;08:00:00;13.60702;13.527;13.60523;13.5505;6842
2015.08.07;12:00:00;13.64276;13.544;13.63777;13.60523;10829
2015.08.07;16:00:00;13.6405;13.54068;13.56503;13.63777;11322
2015.08.07;20:00:00;13.5935;13.55555;13.5745;13.56503;4315
2015.08.10;00:00:00;13.58877;13.5525;13.585;13.5525;2393
2015.08.10;04:00:00;13.5875;13.55927;13.5685;13.5855;3543
2015.08.10;08:00:00;13.59088;13.531;13.54659;13.568;7748
2015.08.10;12:00:00;13.6025;13.53279;13.57441;13.54752;8690
2015.08.10;16:00:00;13.57377;13.50769;13.53695;13.57367;9809
2015.08.10;20:00:00;13.55395;13.5141;13.532;13.53612;4947
2015.08.11;00:00:00;13.5444;13.5265;13.531;13.5315;2579
2015.08.11;04:00:00;13.5785;13.5295;13.5685;13.5315;6515
2015.08.11;08:00:00;13.60212;13.561;13.5625;13.569;11560
2015.08.11;12:00:00;13.57127;13.483;13.487;13.562;10464
2015.08.11;16:00:00;13.52196;13.466;13.51561;13.486;8463
2015.08.11;20:00:00;13.51773;13.4655;13.466;13.51561;4348
2015.08.12;00:00:00;13.4895;13.46397;13.4885;13.4655;2736
2015.08.12;04:00:00;13.4905;13.4275;13.4325;13.488;5074
2015.08.12;08:00:00;13.47378;13.33715;13.38542;13.433;12082
2015.08.12;12:00:00;13.42566;13.38098;13.41744;13.38683;9311
2015.08.12;16:00:00;13.42311;13.36109;13.4165;13.41744;9620
2015.08.12;20:00:00;13.41691;13.39511;13.39511;13.416;5533
2015.08.13;00:00:00;13.422;13.38505;13.41821;13.39437;2722
2015.08.13;04:00:00;13.446;13.39269;13.4365;13.419;5080
2015.08.13;08:00:00;13.467;13.29209;13.29478;13.437;8255
2015.08.13;12:00:00;13.3187;13.2715;13.30494;13.2953;9519
2015.08.13;16:00:00;13.30671;13.21417;13.232;13.305;9686
2015.08.13;20:00:00;13.24464;13.2095;13.219;13.232;4322
2015.08.14;00:00:00;13.229;13.21114;13.222;13.218;2287
2015.08.14;04:00:00;13.2425;13.222;13.233;13.2225;3193
2015.08.14;08:00:00;13.2401;13.20376;13.2095;13.2325;9327
2015.08.14;12:00:00;13.22253;13.1535;13.20253;13.21;9330
2015.08.14;16:00:00;13.3086;13.19962;13.294;13.20296;10081
2015.08.14;20:00:00;13.3075;13.284;13.2905;13.2945;5543
2015.08.17;00:00:00;13.33084;13.2928;13.32313;13.30212;1697
2015.08.17;04:00:00;13.34016;13.3177;13.33;13.32248;2291
2015.08.17;08:00:00;13.37064;13.301;13.3025;13.3295;7959
2015.08.17;12:00:00;13.3085;13.26546;13.282;13.3025;9040
2015.08.17;16:00:00;13.33812;13.27526;13.2835;13.2825;8539
2015.08.17;20:00:00;13.3025;13.2755;13.28155;13.283;4290
2015.08.18;00:00:00;13.29319;13.27;13.28776;13.2823;2297
2015.08.18;04:00:00;13.3025;13.276;13.3015;13.288;3212
2015.08.18;08:00:00;13.34118;13.24556;13.32929;13.302;7599
2015.08.18;12:00:00;13.41848;13.32309;13.40048;13.33013;8642
2015.08.18;16:00:00;13.4055;13.34617;13.37273;13.4005;7813
2015.08.18;20:00:00;13.396;13.37083;13.3815;13.37454;3542
2015.08.19;00:00:00;13.3865;13.3525;13.38;13.383;3084
2015.08.19;04:00:00;13.3815;13.3645;13.3715;13.3805;3153
2015.08.19;08:00:00;13.39089;13.34691;13.38751;13.371;6273
2015.08.19;12:00:00;13.43482;13.38124;13.42853;13.38774;8402
2015.08.19;16:00:00;13.4425;13.39827;13.4054;13.42853;7782
2015.08.19;20:00:00;13.422;13.33252;13.34755;13.40662;8615
2015.08.20;00:00:00;13.3575;13.32861;13.3365;13.34763;3696
2015.08.20;04:00:00;13.34311;13.328;13.3315;13.337;3398
2015.08.20;08:00:00;13.37143;13.263;13.268;13.331;10202
2015.08.20;12:00:00;13.33294;13.2625;13.33076;13.268;11352
2015.08.20;16:00:00;13.37;13.295;13.37;13.331;10489
2015.08.20;20:00:00;13.405;13.348;13.349;13.369;8530
2015.08.21;00:00:00;13.3645;13.3495;13.358;13.3495;3290
2015.08.21;04:00:00;13.36;13.308;13.3135;13.3585;5507
2015.08.21;08:00:00;13.32574;13.27104;13.277;13.313;11611
2015.08.21;12:00:00;13.28773;13.20471;13.227;13.27667;10094
2015.08.21;16:00:00;13.25005;13.10764;13.14699;13.2275;12447
2015.08.21;20:00:00;13.16101;13.09005;13.0945;13.14804;8769
2015.08.24;00:00:00;13.1225;13.0815;13.1075;13.107;9578
2015.08.24;04:00:00;13.108;13.0035;13.052;13.108;12050
2015.08.24;08:00:00;13.08;12.947;13.0235;13.0525;19141
2015.08.24;12:00:00;13.0345;12.95463;12.97302;13.02294;14258
2015.08.24;16:00:00;13.0695;12.8253;13.06818;12.988;25297
2015.08.24;20:00:00;13.082;12.99455;12.99554;13.06818;11817
2015.08.25;00:00:00;13.05829;12.99929;13.025;13.03014;2786
2015.08.25;04:00:00;13.071;13.01615;13.0625;13.02623;8405
2015.08.25;08:00:00;13.09338;13.01752;13.05907;13.0635;15090
2015.08.25;12:00:00;13.18962;13.05597;13.168;13.05822;14026
2015.08.25;16:00:00;13.268;13.14809;13.2385;13.169;9677
2015.08.25;20:00:00;13.247;13.10433;13.11055;13.2385;7063
2015.08.26;00:00:00;13.136;13.08715;13.11791;13.11105;5076
2015.08.26;04:00:00;13.137;13.09307;13.1265;13.122;7696
2015.08.26;08:00:00;13.17406;13.10521;13.15868;13.1275;9594
2015.08.26;12:00:00;13.22693;13.14937;13.2131;13.15741;7563
2015.08.26;16:00:00;13.22118;13.06511;13.10334;13.21234;12479
2015.08.26;20:00:00;13.171;13.06029;13.1158;13.105;9999
2015.08.27;00:00:00;13.131;13.09514;13.10924;13.11569;8076
2015.08.27;04:00:00;13.13725;13.08927;13.09474;13.10924;5386
2015.08.27;08:00:00;13.1295;13.06625;13.10861;13.0975;9483
2015.08.27;12:00:00;13.15964;13.07809;13.12389;13.10943;4354
2015.08.27;16:00:00;13.13223;13.03527;13.05654;13.12468;4299
2015.08.27;20:00:00;13.07671;13.01156;13.03375;13.05749;2970
2015.08.28;00:00:00;13.0555;13.01472;13.051;13.03558;3259
2015.08.28;04:00:00;13.06289;13.03469;13.05995;13.0515;5489
2015.08.28;08:00:00;13.06834;12.9765;12.99539;13.05997;6341
2015.08.28;12:00:00;13.02149;12.93446;12.99715;12.99539;3687
2015.08.28;16:00:00;13.0325;12.94168;13.005;12.99623;4564
2015.08.28;20:00:00;13.026;12.98298;13.01;13.00309;7814
2015.08.31;00:00:00;13.04955;12.98674;13.001;13.0463;2942
2015.08.31;04:00:00;13.0125;12.96293;12.98203;12.99824;13953
2015.08.31;08:00:00;13.07431;12.96147;13.07431;12.98066;5324
2015.08.31;12:00:00;13.0805;13.0315;13.08;13.07359;3792
2015.08.31;16:00:00;13.08156;12.9739;12.984;13.08;6350
2015.08.31;20:00:00;12.98883;12.93225;12.98388;12.98297;3207
2015.09.01;00:00:00;12.9915;12.96612;12.97719;12.98215;1087
2015.09.01;04:00:00;13.00373;12.96744;12.988;12.97605;5261
2015.09.01;08:00:00;13.021;12.92476;12.94346;12.9885;7419
2015.09.01;12:00:00;12.96343;12.91006;12.92046;12.947;5326
2015.09.01;16:00:00;12.97918;12.90313;12.969;12.9189;4684
2015.09.01;20:00:00;12.97216;12.86411;12.86526;12.9695;3358
2015.09.02;00:00:00;12.927;12.85799;12.92433;12.86635;2731
2015.09.02;04:00:00;12.958;12.90946;12.94674;12.926;13692
2015.09.02;08:00:00;12.958;12.88123;12.89466;12.94674;6216
2015.09.02;12:00:00;12.91476;12.86526;12.89836;12.89376;3368
2015.09.02;16:00:00;12.93713;12.86258;12.88193;12.89952;4308
2015.09.02;20:00:00;12.90094;12.86699;12.88677;12.88081;1785
2015.09.03;00:00:00;12.90778;12.8823;12.90451;12.88509;1373
2015.09.03;04:00:00;12.91;12.88414;12.9045;12.90451;3751
2015.09.03;08:00:00;12.909;12.72638;12.73826;12.9055;6050
2015.09.03;12:00:00;12.87859;12.73268;12.87339;12.73934;5983
2015.09.03;16:00:00;12.88728;12.81305;12.8465;12.87439;5301
2015.09.03;20:00:00;12.851;12.80005;12.8098;12.847;4687
2015.09.04;00:00:00;12.8275;12.80092;12.814;12.8108;2465
2015.09.04;04:00:00;12.819;12.7875;12.805;12.814;3539
2015.09.04;08:00:00;12.862;12.76755;12.8385;12.806;9966
2015.09.04;12:00:00;12.90916;12.8193;12.8523;12.839;6805
2015.09.04;16:00:00;12.89065;12.82896;12.84818;12.867;6451
2015.09.04;20:00:00;12.8495;12.7703;12.7788;12.8485;5429
2015.09.07;00:00:00;12.82174;12.76112;12.79251;12.76808;1602
2015.09.07;04:00:00;12.8195;12.79248;12.8145;12.79258;1968
2015.09.07;08:00:00;12.868;12.79896;12.86302;12.8155;5626
2015.09.07;12:00:00;12.905;12.84018;12.883;12.8635;5693
2015.09.07;16:00:00;12.934;12.87799;12.90943;12.8835;3646
2015.09.07;20:00:00;12.9144;12.87526;12.88451;12.90844;3072
2015.09.08;00:00:00;12.9145;12.87986;12.90499;12.88521;1588
2015.09.08;04:00:00;12.9135;12.86776;12.889;12.907;7051
2015.09.08;08:00:00;12.9675;12.87836;12.95957;12.89;8444
2015.09.08;12:00:00;13.00277;12.95337;12.97065;12.95876;4649
2015.09.08;16:00:00;12.97509;12.9124;12.93488;12.96988;3340
2015.09.08;20:00:00;12.94687;12.91831;12.92155;12.93488;1869
2015.09.09;00:00:00;12.939;12.91278;12.937;12.9193;3210
2015.09.09;04:00:00;12.9655;12.90926;12.9515;12.9365;16356
2015.09.09;08:00:00;12.9715;12.90754;12.91802;12.952;5847
2015.09.09;12:00:00;12.98176;12.89683;12.95284;12.91898;2932
2015.09.09;16:00:00;12.97253;12.90837;12.92964;12.95344;2754
2015.09.09;20:00:00;12.932;12.87831;12.88255;12.93101;2460
2015.09.10;00:00:00;12.8955;12.86731;12.8855;12.8828;2585
2015.09.10;04:00:00;12.907;12.87353;12.8834;12.8855;2423
2015.09.10;08:00:00;12.93601;12.84387;12.9095;12.88473;5780
2015.09.10;12:00:00;12.98685;12.89343;12.9129;12.9095;4321
2015.09.10;16:00:00;12.94136;12.90358;12.91233;12.91366;4767
2015.09.10;20:00:00;12.92416;12.89266;12.90005;12.91348;4024
2015.09.11;00:00:00;12.919;12.88332;12.89868;12.90087;2762
2015.09.11;04:00:00;12.906;12.8837;12.885;12.89806;2957
2015.09.11;08:00:00;12.88918;12.79753;12.8195;12.8855;8883
2015.09.11;12:00:00;12.85174;12.796;12.81461;12.81933;7522
2015.09.11;16:00:00;12.81818;12.68991;12.69112;12.81541;6489
2015.09.11;20:00:00;12.711;12.685;12.695;12.69131;2250
2015.09.14;00:00:00;12.71591;12.678;12.70178;12.71106;968
2015.09.14;04:00:00;12.7113;12.67972;12.69191;12.70233;900
2015.09.14;08:00:00;12.74696;12.68405;12.72841;12.692;2373
2015.09.14;12:00:00;12.74427;12.7032;12.72882;12.72682;2118
2015.09.14;16:00:00;12.74332;12.68881;12.7198;12.72789;2571
2015.09.14;20:00:00;12.73079;12.70393;12.71788;12.72105;926
2015.09.15;00:00:00;12.73534;12.69905;12.72827;12.71516;884
2015.09.15;04:00:00;12.73071;12.70802;12.73071;12.72718;834
2015.09.15;08:00:00;12.74656;12.69733;12.71779;12.731;6587
2015.09.15;12:00:00;12.73;12.68138;12.7165;12.7173;6046
2015.09.15;16:00:00;12.74967;12.68391;12.73498;12.71592;5338
2015.09.15;20:00:00;12.74976;12.72074;12.72789;12.73601;1441
2015.09.16;00:00:00;12.74701;12.69458;12.73828;12.7309;1111
2015.09.16;04:00:00;12.7395;12.72242;12.7245;12.73783;1402
2015.09.16;08:00:00;12.76406;12.6845;12.75096;12.7255;5076
2015.09.16;12:00:00;12.82703;12.74693;12.79796;12.74953;3299
2015.09.16;16:00:00;12.8088;12.7483;12.75489;12.79721;2947
2015.09.16;20:00:00;12.79587;12.75395;12.7753;12.75395;1245
2015.09.17;00:00:00;12.80188;12.7658;12.79262;12.7763;1393
2015.09.17;04:00:00;12.798;12.7697;12.784;12.7935;1140
2015.09.17;08:00:00;12.81774;12.7585;12.77717;12.785;4645
2015.09.17;12:00:00;12.81283;12.7755;12.80584;12.7765;3141
2015.09.17;16:00:00;12.83882;12.7985;12.83149;12.80509;2499
2015.09.17;20:00:00;12.83564;12.70272;12.7158;12.83046;14262
2015.09.18;00:00:00;12.75871;12.71455;12.74681;12.7163;1654
2015.09.18;04:00:00;12.76205;12.73403;12.75028;12.7456;1670
2015.09.18;08:00:00;12.783;12.72182;12.77323;12.751;8615
2015.09.18;12:00:00;12.7935;12.75338;12.78961;12.77323;6559
2015.09.18;16:00:00;12.80665;12.76042;12.78493;12.78884;3084
2015.09.18;20:00:00;12.836;12.76782;12.7925;12.78603;4902
2015.09.21;00:00:00;12.83369;12.79443;12.80867;12.81044;1699
2015.09.21;04:00:00;12.81751;12.78815;12.797;12.811;3681
2015.09.21;08:00:00;12.85288;12.79225;12.8145;12.798;5508
2015.09.21;12:00:00;12.90525;12.80371;12.89229;12.81468;2508
2015.09.21;16:00:00;12.94607;12.87485;12.92192;12.89164;3408
2015.09.21;20:00:00;12.957;12.91422;12.94646;12.9225;2574
2015.09.22;00:00:00;12.96825;12.9407;12.95254;12.9563;1045
2015.09.22;04:00:00;12.95593;12.92871;12.934;12.95308;5772
2015.09.22;08:00:00;12.9652;12.90562;12.92244;12.935;3985
2015.09.22;12:00:00;12.94361;12.8894;12.93173;12.9216;2968
2015.09.22;16:00:00;12.93271;12.87838;12.916;12.932;3109
2015.09.22;20:00:00;12.91774;12.8803;12.89334;12.91596;1286
2015.09.23;00:00:00;12.91844;12.87593;12.89876;12.89571;1044
2015.09.23;04:00:00;12.9025;12.87213;12.879;12.9025;6542
2015.09.23;08:00:00;12.91886;12.84229;12.91627;12.88;4905
2015.09.23;12:00:00;12.91828;12.83208;12.8515;12.9174;3621
2015.09.23;16:00:00;12.85859;12.78355;12.85434;12.852;7420
2015.09.23;20:00:00;12.868;12.82288;12.84248;12.85434;3742
2015.09.24;00:00:00;12.8505;12.79613;12.83919;12.84482;1438
2015.09.24;04:00:00;12.85034;12.8136;12.8175;12.83908;1807
2015.09.24;08:00:00;12.85802;12.78154;12.83936;12.81636;5585
2015.09.24;12:00:00;12.84549;12.74121;12.76;12.83936;5027
2015.09.24;16:00:00;12.80748;12.72304;12.78907;12.7605;4190
2015.09.24;20:00:00;12.79528;12.75599;12.7598;12.79006;1773
2015.09.25;00:00:00;12.8115;12.75505;12.8075;12.75955;4741
2015.09.25;04:00:00;12.817;12.78749;12.816;12.80652;3421
2015.09.25;08:00:00;12.85213;12.80729;12.827;12.817;8162
2015.09.25;12:00:00;12.8365;12.75433;12.79347;12.82455;5469
2015.09.25;16:00:00;12.79903;12.7104;12.75201;12.79271;4069
2015.09.25;20:00:00;12.78321;12.7378;12.7498;12.75315;3003
2015.09.28;00:00:00;12.77364;12.75192;12.7635;12.75858;2096
2015.09.28;04:00:00;12.783;12.74892;12.77923;12.764;7353
2015.09.28;08:00:00;12.8965;12.75927;12.87626;12.7825;9403
2015.09.28;12:00:00;12.8825;12.82853;12.86576;12.8775;4162
2015.09.28;16:00:00;12.89261;12.82456;12.86965;12.86596;4417
2015.09.28;20:00:00;12.87471;12.81565;12.81705;12.86862;2516
2015.09.29;00:00:00;12.8325;12.79705;12.81779;12.81955;4895
2015.09.29;04:00:00;12.819;12.77705;12.7775;12.8185;9050
2015.09.29;08:00:00;12.815;12.73886;12.78273;12.788;8903
2015.09.29;12:00:00;12.79145;12.74;12.75888;12.78273;4104
2015.09.29;16:00:00;12.76757;12.68488;12.69468;12.7595;4380
2015.09.29;20:00:00;12.7225;12.68;12.68455;12.69468;3664
2015.09.30;00:00:00;12.70334;12.68255;12.70145;12.68405;1049
2015.09.30;04:00:00;12.7117;12.69358;12.70741;12.70003;962
2015.09.30;08:00:00;12.73811;12.64703;12.67681;12.70751;8632
2015.09.30;12:00:00;12.76002;12.67227;12.75816;12.67227;4143
2015.09.30;16:00:00;12.77781;12.66143;12.68243;12.75742;5232
2015.09.30;20:00:00;12.68627;12.6376;12.6405;12.68349;1463
2015.10.01;00:00:00;12.657;12.63823;12.64475;12.6415;1960
2015.10.01;04:00:00;12.6865;12.64514;12.683;12.64514;1898
2015.10.01;08:00:00;12.70271;12.666;12.693;12.6835;7607
2015.10.01;12:00:00;12.73024;12.68365;12.70357;12.69281;3750
2015.10.01;16:00:00;12.71547;12.63439;12.6785;12.7027;3593
2015.10.01;20:00:00;12.6805;12.63273;12.65655;12.67606;5661
2015.10.02;00:00:00;12.68012;12.63763;12.6735;12.65605;1492
2015.10.02;04:00:00;12.68712;12.65037;12.6865;12.6735;4403
2015.10.02;08:00:00;12.71819;12.6745;12.71657;12.688;5748
2015.10.02;12:00:00;12.72024;12.59982;12.61365;12.71577;5539
2015.10.02;16:00:00;12.6876;12.57739;12.6876;12.6125;5073
2015.10.02;20:00:00;12.70416;12.65705;12.67055;12.6862;3295
2015.10.05;00:00:00;12.7124;12.66294;12.70996;12.67536;4244
2015.10.05;04:00:00;12.7101;12.67744;12.69203;12.70899;3769
2015.10.05;08:00:00;12.7065;12.60228;12.6192;12.6935;11387
2015.10.05;12:00:00;12.64681;12.60754;12.6289;12.61794;3031
2015.10.05;16:00:00;12.66128;12.597;12.65497;12.62993;5431
2015.10.05;20:00:00;12.667;12.59936;12.6108;12.65525;2184
2015.10.06;00:00:00;12.61579;12.588;12.596;12.61155;1587
2015.10.06;04:00:00;12.625;12.592;12.618;12.6035;8627
2015.10.06;08:00:00;12.62554;12.583;12.61973;12.619;10868
2015.10.06;12:00:00;12.62005;12.5675;12.58783;12.61879;2739
2015.10.06;16:00:00;12.5995;12.52704;12.54568;12.58684;3276
2015.10.06;20:00:00;12.55698;12.51707;12.51839;12.5446;2627
2015.10.07;00:00:00;12.539;12.51015;12.53259;12.5191;1516
2015.10.07;04:00:00;12.55726;12.52015;12.55155;12.53259;2474
2015.10.07;08:00:00;12.62783;12.54105;12.61687;12.55142;6077
2015.10.07;12:00:00;12.63296;12.59925;12.62733;12.61714;2894
2015.10.07;16:00:00;12.64551;12.59526;12.63551;12.62661;3170
2015.10.07;20:00:00;12.64737;12.61256;12.6163;12.63682;1940
2015.10.08;00:00:00;12.634;12.61255;12.63219;12.6173;1160
2015.10.08;04:00:00;12.634;12.60324;12.61212;12.633;4613
2015.10.08;08:00:00;12.63;12.5825;12.6135;12.613;9793
2015.10.08;12:00:00;12.638;12.57619;12.58487;12.61165;5659
2015.10.08;16:00:00;12.62809;12.57419;12.62276;12.58411;2582
2015.10.08;20:00:00;12.66489;12.5996;12.63697;12.62372;2324
2015.10.09;00:00:00;12.6585;12.62805;12.65515;12.63974;1335
2015.10.09;04:00:00;12.6745;12.65403;12.66122;12.65504;1870
2015.10.09;08:00:00;12.67024;12.57315;12.58665;12.6615;5340
2015.10.09;12:00:00;12.59002;12.49679;12.50551;12.58569;3366
2015.10.09;16:00:00;12.55787;12.498;12.52116;12.50477;3045
2015.10.09;20:00:00;12.56755;12.5175;12.52755;12.52262;3464
2015.10.12;00:00:00;12.566;12.53155;12.5555;12.5463;7401
2015.10.12;04:00:00;12.5585;12.5333;12.549;12.547;2356
2015.10.12;08:00:00;12.5755;12.51055;12.5545;12.55;8613
2015.10.12;12:00:00;12.574;12.509;12.559;12.555;7650
2015.10.12;16:00:00;12.5685;12.5035;12.522;12.559;6076
2015.10.12;20:00:00;12.5465;12.5088;12.5413;12.522;2788
2015.10.13;00:00:00;12.5475;12.513;12.53;12.5418;1891
2015.10.13;04:00:00;12.5295;12.4955;12.4995;12.529;2766
2015.10.13;08:00:00;12.553;12.344;12.3565;12.499;10536
2015.10.13;12:00:00;12.3975;12.3255;12.36;12.356;8942
2015.10.13;16:00:00;12.4025;12.3415;12.39;12.359;7434
2015.10.13;20:00:00;12.4125;12.375;12.3918;12.39;3498
2015.10.14;00:00:00;12.4075;12.3838;12.386;12.3923;1884
2015.10.14;04:00:00;12.427;12.38205;12.4215;12.3855;1850
2015.10.14;08:00:00;12.4815;12.381;12.469;12.4225;8742
2015.10.14;12:00:00;12.5165;12.4395;12.5025;12.4685;9029
2015.10.14;16:00:00;12.566;12.486;12.553;12.5025;8213
2015.10.14;20:00:00;12.557;12.5205;12.5333;12.5535;5435
2015.10.15;00:00:00;12.5565;12.51555;12.547;12.5338;2451
2015.10.15;04:00:00;12.559;12.5263;12.5475;12.5475;2280
2015.10.15;08:00:00;12.584;12.52355;12.565;12.5485;9576
2015.10.15;12:00:00;12.65392;12.5495;12.627;12.565;9307
2015.10.15;16:00:00;12.754;12.617;12.723;12.637;11545
2015.10.15;20:00:00;12.7575;12.704;12.70555;12.725;4185
2015.10.16;00:00:00;12.7505;12.6818;12.746;12.6818;4026
2015.10.16;04:00:00;12.7475;12.7095;12.719;12.746;1758
2015.10.16;08:00:00;12.7495;12.7033;12.71055;12.7195;7226
2015.10.16;12:00:00;12.7365;12.694;12.7115;12.71105;7524
2015.10.16;16:00:00;12.7195;12.6685;12.6805;12.7115;7522
2015.10.16;20:00:00;12.727;12.6775;12.71455;12.69;4402
2015.10.19;00:00:00;12.72701;12.6938;12.70286;12.70067;1179
2015.10.19;04:00:00;12.71994;12.6825;12.7145;12.70248;3028
2015.10.19;08:00:00;12.76466;12.70752;12.74875;12.715;3155
2015.10.19;12:00:00;12.84905;12.7499;12.8461;12.7499;3022
2015.10.19;16:00:00;12.88837;12.82515;12.86294;12.8453;2373
2015.10.19;20:00:00;12.87425;12.847;12.8475;12.86402;1293
2015.10.20;00:00:00;12.8635;12.82988;12.855;12.847;1367
2015.10.20;04:00:00;12.86;12.8432;12.8475;12.8555;831
2015.10.20;08:00:00;12.852;12.7874;12.81247;12.8485;4542
2015.10.20;12:00:00;12.85052;12.803;12.83363;12.81328;2576
2015.10.20;16:00:00;12.85796;12.79355;12.79613;12.83461;2137
2015.10.20;20:00:00;12.83574;12.79587;12.8155;12.79613;1155
2015.10.21;00:00:00;12.831;12.80562;12.823;12.80659;1667
2015.10.21;04:00:00;12.823;12.80803;12.8085;12.82162;1194
2015.10.21;08:00:00;12.81901;12.785;12.80007;12.809;2563
2015.10.21;12:00:00;12.83466;12.79141;12.83148;12.8009;2368
2015.10.21;16:00:00;12.86872;12.82804;12.851;12.83069;2185
2015.10.21;20:00:00;12.85367;12.82479;12.8345;12.85174;1625
2015.10.22;00:00:00;12.84;12.81565;12.83671;12.82136;1307
2015.10.22;04:00:00;12.8395;12.82396;12.8365;12.83523;8018
2015.10.22;08:00:00;12.90571;12.82934;12.88302;12.8375;2705
2015.10.22;12:00:00;12.95194;12.84205;12.94579;12.88483;10066
2015.10.22;16:00:00;12.99488;12.9135;12.975;12.94579;17296
2015.10.22;20:00:00;13.0222;12.9755;12.9955;12.97724;5642
2015.10.23;00:00:00;13.02312;12.98335;13.007;12.9919;7004
2015.10.23;04:00:00;13.01297;12.9925;13.003;13.00983;2607
2015.10.23;08:00:00;13.05403;12.9765;13.0199;13.004;24336
2015.10.23;12:00:00;13.11994;13.01344;13.0718;13.02057;43701
2015.10.23;16:00:00;13.08832;13.0067;13.06206;13.072;44467
2015.10.23;20:00:00;13.06715;12.99938;13.00296;13.0617;23409
2015.10.25;23:00:00;13.02448;13.0122;13.01381;13.0185;1844
2015.10.26;00:00:00;13.02472;13.00121;13.0118;13.01391;27548
2015.10.26;04:00:00;13.0209;13.00109;13.00348;13.0121;26413
2015.10.26;08:00:00;13.02339;12.9825;13.014;13.00356;29834
2015.10.26;12:00:00;13.06865;12.991;13.057;13.014;9643
2015.10.26;16:00:00;13.07808;13.0405;13.069;13.0445;11584
2015.10.26;20:00:00;13.07744;13.0472;13.04837;13.0695;5949
2015.10.27;00:00:00;13.05996;13.02538;13.0495;13.026;1380
2015.10.27;04:00:00;13.05302;13.0315;13.0325;13.049;2576
2015.10.27;08:00:00;13.06446;13.016;13.0305;13.03311;10189
2015.10.27;12:00:00;13.04153;12.9995;13.01884;13.0305;13482
2015.10.27;16:00:00;13.02494;12.9845;13.006;13.007;10762
2015.10.27;20:00:00;13.01569;12.98884;12.9967;13.0055;6560
2015.10.28;00:00:00;13.02605;12.9848;13.0115;12.99679;10535
2015.10.28;04:00:00;13.02152;13;13.0065;13.0115;4511
2015.10.28;08:00:00;13.06982;12.92012;12.954;13.00781;11826
2015.10.28;12:00:00;12.974;12.866;12.8875;12.954;11685
2015.10.28;16:00:00;12.91852;12.86005;12.87851;12.888;11492
2015.10.28;20:00:00;13.05081;12.8903;13.03341;12.91455;13799
2015.10.29;00:00:00;13.07496;13.02555;13.06265;13.0331;12934
2015.10.29;04:00:00;13.06172;13.034;13.03504;13.058;1827
2015.10.29;08:00:00;13.05091;12.969;12.9795;13.035;11509
2015.10.29;12:00:00;13.09301;12.972;13.08103;12.9795;13900
2015.10.29;16:00:00;13.103;13.0505;13.058;13.08027;12978
2015.10.29;20:00:00;13.0675;13.02455;13.0365;13.057;6504
2015.10.30;00:00:00;13.0715;13.0335;13.063;13.0355;6170
2015.10.30;04:00:00;13.097;13.0595;13.0835;13.0635;7158
2015.10.30;08:00:00;13.0965;13.016;13.047;13.084;13834
2015.10.30;12:00:00;13.0865;13.0305;13.057;13.0475;15250
2015.10.30;16:00:00;13.1585;13.0385;13.148;13.0565;15920
2015.10.30;20:00:00;13.18;13.1475;13.1685;13.1475;6880
2015.11.02;00:00:00;13.1575;13.11755;13.137;13.1318;5582
2015.11.02;04:00:00;13.153;13.1355;13.1465;13.137;2025
2015.11.02;08:00:00;13.186;13.116;13.17;13.1465;12765
2015.11.02;12:00:00;13.185;13.137;13.1425;13.17;12268
2015.11.02;16:00:00;13.1855;13.102;13.1315;13.1425;13251
2015.11.02;20:00:00;13.1555;13.1165;13.143;13.1315;6818
2015.11.03;00:00:00;13.161;13.139;13.153;13.142;3067
2015.11.03;04:00:00;13.1555;13.13542;13.149;13.1525;4047
2015.11.03;08:00:00;13.176;13.121;13.168;13.1495;12026
2015.11.03;12:00:00;13.1865;13.143;13.162;13.168;12241
2015.11.03;16:00:00;13.195;13.1545;13.171;13.163;13525
2015.11.03;20:00:00;13.1925;13.152;13.152;13.171;7280
2015.11.04;00:00:00;13.1795;13.148;13.178;13.152;4054
2015.11.04;04:00:00;13.1845;13.1705;13.1795;13.1785;3217
2015.11.04;08:00:00;13.2185;13.173;13.217;13.1795;12280
2015.11.04;12:00:00;13.231;13.1815;13.2265;13.2165;12720
2015.11.04;16:00:00;13.2895;13.216;13.2665;13.226;16622
2015.11.04;20:00:00;13.285;13.2585;13.2595;13.2665;5998
2015.11.05;00:00:00;13.276;13.254;13.2585;13.259;3293
2015.11.05;04:00:00;13.274;13.253;13.2655;13.254;2161
2015.11.05;08:00:00;13.3135;13.2375;13.27;13.266;12340
2015.11.05;12:00:00;13.308;13.1185;13.1305;13.271;17078
2015.11.05;16:00:00;13.184;13.121;13.1405;13.13;15235
2015.11.05;20:00:00;13.144;13.1005;13.107;13.141;5799
2015.11.06;00:00:00;13.1295;13.09855;13.1205;13.1075;3271
2015.11.06;04:00:00;13.132;13.1085;13.1185;13.1205;2534
2015.11.06;08:00:00;13.1255;13.0765;13.078;13.1185;10961
2015.11.06;12:00:00;13.1945;13.043;13.1225;13.0785;17775
2015.11.06;16:00:00;13.177;13.1075;13.1105;13.122;19511
2015.11.06;20:00:00;13.1305;13.0965;13.11;13.1105;7802
2015.11.09;00:00:00;13.1435;13.1145;13.117;13.1343;5862
2015.11.09;04:00:00;13.122;13.0955;13.1125;13.117;6725
2015.11.09;08:00:00;13.1295;13.0845;13.103;13.113;11205
2015.11.09;12:00:00;13.13;13.048;13.115;13.1035;13804
2015.11.09;16:00:00;13.132;13.0915;13.11;13.1155;13167
2015.11.09;20:00:00;13.127;13.0985;13.1215;13.11;4694
2015.11.10;00:00:00;13.14155;13.1035;13.129;13.122;3443
2015.11.10;04:00:00;13.1325;13.1165;13.122;13.1295;2675
2015.11.10;08:00:00;13.1425;13.09;13.12817;13.122;11446
2015.11.10;12:00:00;13.1675;13.09904;13.1595;13.12732;14102
2015.11.10;16:00:00;13.17;13.14639;13.15;13.16;11899
2015.11.10;20:00:00;13.157;13.1108;13.1108;13.1505;6099
2015.11.11;00:00:00;13.159;13.1053;13.1445;13.1088;5338
2015.11.11;04:00:00;13.149;13.128;13.134;13.144;5914
2015.11.11;08:00:00;13.15983;13.1035;13.122;13.134;11802
2015.11.11;12:00:00;13.2245;13.122;13.199;13.122;11326
2015.11.11;16:00:00;13.2225;13.15886;13.211;13.1995;11744
2015.11.11;20:00:00;13.22;13.195;13.196;13.211;5322
2015.11.12;00:00:00;13.204;13.177;13.1975;13.1965;4669
2015.11.12;04:00:00;13.207;13.1925;13.2035;13.197;3461
2015.11.12;08:00:00;13.209;13.1358;13.182;13.204;12714
2015.11.12;12:00:00;13.1915;13.14393;13.157;13.1825;14115
2015.11.12;16:00:00;13.158;13.1065;13.14371;13.1565;18238
2015.11.12;20:00:00;13.165;13.1218;13.122;13.14371;8108
2015.11.13;00:00:00;13.1615;13.1141;13.1585;13.1195;4120
2015.11.13;04:00:00;13.1645;13.13291;13.149;13.158;3248
2015.11.13;08:00:00;13.1935;13.14481;13.18;13.1495;10695
2015.11.13;12:00:00;13.2335;13.158;13.226;13.18;15058
2015.11.13;16:00:00;13.257;13.20773;13.2485;13.226;13999
2015.11.13;20:00:00;13.259;13.2005;13.212;13.2485;6117
2015.11.16;00:00:00;13.298;13.2235;13.2585;13.238;8840
2015.11.16;04:00:00;13.2585;13.23047;13.24172;13.2585;5391
2015.11.16;08:00:00;13.2445;13.17942;13.1965;13.2435;12046
2015.11.16;12:00:00;13.225;13.17917;13.21163;13.197;10748
2015.11.16;16:00:00;13.23656;13.19441;13.23555;13.21163;11592
2015.11.16;20:00:00;13.2605;13.23;13.256;13.23555;4308
2015.11.17;00:00:00;13.276;13.23105;13.275;13.2545;4006
2015.11.17;04:00:00;13.2755;13.2435;13.249;13.275;4397
2015.11.17;08:00:00;13.2715;13.232;13.2625;13.249;12261
2015.11.17;12:00:00;13.2991;13.24803;13.2975;13.2605;10909
2015.11.17;16:00:00;13.3365;13.2875;13.324;13.298;13944
2015.11.17;20:00:00;13.3285;13.3025;13.3115;13.3245;7955
2015.11.18;00:00:00;13.3245;13.3;13.3095;13.31;3321
2015.11.18;04:00:00;13.31;13.2885;13.2925;13.3095;2964
2015.11.18;08:00:00;13.3015;13.23743;13.252;13.292;11420
2015.11.18;12:00:00;13.2675;13.24656;13.2615;13.252;11361
2015.11.18;16:00:00;13.30414;13.23549;13.28554;13.26171;12145
2015.11.18;20:00:00;13.29817;13.2675;13.2855;13.28554;8217
2015.11.19;00:00:00;13.293;13.26;13.2715;13.2845;4871
2015.11.19;04:00:00;13.277;13.2565;13.2605;13.2715;4696
2015.11.19;08:00:00;13.30768;13.2325;13.2655;13.261;11857
2015.11.19;12:00:00;13.31;13.24608;13.292;13.265;13149
2015.11.19;16:00:00;13.2965;13.234;13.2595;13.292;14792
2015.11.19;20:00:00;13.2725;13.2395;13.2435;13.2595;4609
2015.11.20;00:00:00;13.2625;13.23712;13.2555;13.243;3649
2015.11.20;04:00:00;13.2735;13.253;13.2585;13.2555;3643
2015.11.20;08:00:00;13.304;13.252;13.2905;13.259;11456
2015.11.20;12:00:00;13.296;13.21869;13.2215;13.29102;11464
2015.11.20;16:00:00;13.236;13.2025;13.2255;13.2215;12884
2015.11.20;20:00:00;13.2465;13.2235;13.228;13.226;5430
2015.11.23;00:00:00;13.25665;13.22816;13.25117;13.23347;4990
2015.11.23;04:00:00;13.26154;13.24;13.2515;13.25117;13665
2015.11.23;08:00:00;13.2515;13.19204;13.216;13.2515;12314
2015.11.23;12:00:00;13.2175;13.14388;13.1925;13.2155;11968
2015.11.23;16:00:00;13.2285;13.186;13.202;13.193;12811
2015.11.23;20:00:00;13.207;13.16883;13.1785;13.2015;4014
2015.11.24;00:00:00;13.1875;13.16345;13.1805;13.18;3324
2015.11.24;04:00:00;13.2015;13.178;13.192;13.18;2630
2015.11.24;08:00:00;13.207;13.1446;13.168;13.192;10284
2015.11.24;12:00:00;13.1705;13.08834;13.11139;13.168;13841
2015.11.24;16:00:00;13.1405;13.0935;13.1205;13.1115;13985
2015.11.24;20:00:00;13.1395;13.09263;13.101;13.12;5614
2015.11.25;00:00:00;13.11155;13.09;13.0915;13.102;3899
2015.11.25;04:00:00;13.1125;13.0855;13.1105;13.091;4220
2015.11.25;08:00:00;13.19916;13.08445;13.186;13.1095;13717
2015.11.25;12:00:00;13.238;13.15041;13.233;13.1865;16677
2015.11.25;16:00:00;13.2535;13.18059;13.18914;13.2325;13477
2015.11.25;20:00:00;13.2255;13.18914;13.1955;13.18914;4315
2015.11.26;00:00:00;13.2035;13.18;13.196;13.196;4632
2015.11.26;04:00:00;13.2035;13.1835;13.189;13.1965;2357
2015.11.26;08:00:00;13.2035;13.1415;13.1565;13.189;9668
2015.11.26;12:00:00;13.1945;13.145;13.1855;13.156;8621
2015.11.26;16:00:00;13.215;13.182;13.1845;13.1855;7261
2015.11.26;20:00:00;13.196;13.17224;13.17816;13.1845;9111
2015.11.27;00:00:00;13.193;13.17486;13.1775;13.177;3817
2015.11.27;04:00:00;13.1795;13.1615;13.1685;13.1775;2589
2015.11.27;08:00:00;13.18028;13.1195;13.129;13.168;12174
2015.11.27;12:00:00;13.15312;13.0903;13.142;13.1295;12172
2015.11.27;16:00:00;13.178;13.11041;13.1345;13.1425;9637
2015.11.27;20:00:00;13.145;13.1123;13.115;13.135;5938
2015.11.30;00:00:00;13.148;13.109;13.1325;13.12358;4350
2015.11.30;04:00:00;13.14;13.12718;13.1395;13.1325;2381
2015.11.30;08:00:00;13.15;13.075;13.0835;13.1395;10186
2015.11.30;12:00:00;13.0895;13.0515;13.0635;13.083;10243
2015.11.30;16:00:00;13.141;13.056;13.1205;13.063;12656
2015.11.30;20:00:00;13.133;13.11616;13.129;13.121;5391
2015.12.01;00:00:00;13.131;13.111;13.1235;13.1285;3742
2015.12.01;04:00:00;13.138;13.1146;13.138;13.123;6993
2015.12.01;08:00:00;13.138;13.0955;13.1045;13.1375;10932
2015.12.01;12:00:00;13.122;13.0695;13.0755;13.1045;8595
2015.12.01;16:00:00;13.1105;13.058;13.1;13.076;14073
2015.12.01;20:00:00;13.1;13.0715;13.087;13.0995;6145
2015.12.02;00:00:00;13.092;13.07131;13.0845;13.087;3523
2015.12.02;04:00:00;13.1045;13.077;13.103;13.084;2296
2015.12.02;08:00:00;13.1155;13.0585;13.0725;13.103;9615
2015.12.02;12:00:00;13.104;13.0345;13.053;13.0735;11948
2015.12.02;16:00:00;13.0555;12.965;12.9705;13.0535;15006
2015.12.02;20:00:00;12.986;12.9515;12.9795;12.971;9361
2015.12.03;00:00:00;12.9825;12.954;12.96504;12.9755;6319
2015.12.03;04:00:00;12.983;12.9605;12.9765;12.96504;7198
2015.12.03;08:00:00;13.0095;12.971;12.9975;12.9765;11304
2015.12.03;12:00:00;13.02105;12.797;12.8594;12.997;24527
2015.12.03;16:00:00;12.8815;12.7895;12.833;12.8594;23967
2015.12.03;20:00:00;12.851;12.7845;12.838;12.8325;15466
2015.12.04;00:00:00;12.869;12.81663;12.858;12.8385;9552
2015.12.04;04:00:00;12.863;12.8135;12.8215;12.855;8201
2015.12.04;08:00:00;12.878;12.815;12.8475;12.8215;15297
2015.12.04;12:00:00;12.89665;12.80455;12.811;12.8496;16633
2015.12.04;16:00:00;12.8425;12.798;12.81485;12.811;19578
2015.12.04;20:00:00;12.83903;12.791;12.8018;12.815;10793
2015.12.07;00:00:00;12.82566;12.79175;12.81095;12.81347;5711
2015.12.07;04:00:00;12.8315;12.809;12.824;12.81095;4508
2015.12.07;08:00:00;12.8412;12.773;12.8305;12.824;14207
2015.12.07;12:00:00;12.879;12.8205;12.857;12.83;12433
2015.12.07;16:00:00;12.898;12.83592;12.8465;12.857;14492
2015.12.07;20:00:00;12.873;12.84214;12.854;12.846;7856
2015.12.08;00:00:00;12.8635;12.82905;12.85;12.8545;3828
2015.12.08;04:00:00;12.854;12.8345;12.836;12.85;3473
2015.12.08;08:00:00;12.8575;12.7785;12.81045;12.835;12261
2015.12.08;12:00:00;12.819;12.676;12.70214;12.81045;14219
2015.12.08;16:00:00;12.786;12.702;12.74983;12.70214;15172
2015.12.08;20:00:00;12.7735;12.7465;12.764;12.75111;7629
2015.12.09;00:00:00;12.78316;12.75401;12.764;12.764;4309
2015.12.09;04:00:00;12.765;12.7405;12.757;12.7635;5300
2015.12.09;08:00:00;12.7585;12.71884;12.7405;12.7565;14060
2015.12.09;12:00:00;12.765;12.71142;12.7175;12.74;13898
2015.12.09;16:00:00;12.8125;12.7175;12.771;12.718;17368
2015.12.09;20:00:00;12.776;12.7399;12.76455;12.7715;13778
2015.12.10;00:00:00;12.7785;12.74143;12.778;12.7638;7942
2015.12.10;04:00:00;12.7795;12.766;12.7795;12.7785;2680
2015.12.10;08:00:00;12.8705;12.753;12.857;12.7795;12782
2015.12.10;12:00:00;12.9;12.8005;12.821;12.8565;17865
2015.12.10;16:00:00;12.912;12.821;12.89058;12.8215;15706
2015.12.10;20:00:00;12.9185;12.881;12.9065;12.891;8267
2015.12.11;00:00:00;12.913;12.88783;12.905;12.906;5372
2015.12.11;04:00:00;12.906;12.88652;12.889;12.905;3469
2015.12.11;08:00:00;12.918;12.855;12.891;12.889;11444
2015.12.11;12:00:00;12.893;12.83824;12.8795;12.891;15801
2015.12.11;16:00:00;12.926;12.869;12.92;12.88;18950
2015.12.11;20:00:00;12.9435;12.901;12.9285;12.9195;7995
2015.12.14;00:00:00;12.9395;12.91715;12.9395;12.93133;6334
2015.12.14;04:00:00;12.9525;12.926;12.9495;12.94;5379
2015.12.14;08:00:00;12.9595;12.88736;12.918;12.9495;12168
2015.12.14;12:00:00;12.9375;12.86702;12.8825;12.9185;14935
2015.12.14;16:00:00;12.89133;12.793;12.8335;12.882;18519
2015.12.14;20:00:00;12.863;12.8215;12.8315;12.834;8476
2015.12.15;00:00:00;12.858;12.825;12.833;12.831;5945
2015.12.15;04:00:00;12.8505;12.825;12.8255;12.8325;3614
2015.12.15;08:00:00;12.845;12.723;12.738;12.8255;15999
2015.12.15;12:00:00;12.8275;12.7215;12.8275;12.738;16279
2015.12.15;16:00:00;12.866;12.7505;12.7995;12.828;16449
2015.12.15;20:00:00;12.7995;12.799;12.7995;12.799;12
