DATE;TIME;HIGH;LOW;CLOSE;OPEN;VOLUME
2015.04.27;12:00:00;1.51495;1.51059;1.51315;1.51449;22638
2015.04.27;16:00:00;1.52605;1.51252;1.52442;1.51318;30552
2015.04.27;20:00:00;1.52555;1.52189;1.52364;1.5244;15349
2015.04.28;00:00:00;1.52365;1.52167;1.5229;1.52364;10158
2015.04.28;04:00:00;1.52373;1.52215;1.52319;1.52289;7339
2015.04.28;08:00:00;1.52602;1.5174;1.52116;1.52319;23956
2015.04.28;12:00:00;1.53045;1.52051;1.52799;1.52115;29031
2015.04.28;16:00:00;1.53364;1.52728;1.53148;1.528;33221
2015.04.28;20:00:00;1.53419;1.53091;1.53379;1.53148;14795
2015.04.29;00:00:00;1.53447;1.53268;1.53421;1.53376;7629
2015.04.29;04:00:00;1.53435;1.53303;1.53359;1.53426;7098
2015.04.29;08:00:00;1.54056;1.53332;1.53909;1.53359;22263
2015.04.29;12:00:00;1.54143;1.53467;1.53805;1.53909;34013
2015.04.29;16:00:00;1.54976;1.53614;1.54562;1.53807;43753
2015.04.29;20:00:00;1.54696;1.53931;1.54361;1.54559;28848
2015.04.30;00:00:00;1.54469;1.54215;1.54349;1.54359;7490
2015.04.30;04:00:00;1.54431;1.54167;1.54213;1.54348;10443
2015.04.30;08:00:00;1.54915;1.54008;1.54543;1.54213;31164
2015.04.30;12:00:00;1.54616;1.53561;1.53741;1.54542;36480
2015.04.30;16:00:00;1.53855;1.53029;1.53328;1.53739;40794
2015.04.30;20:00:00;1.53608;1.53121;1.53504;1.53331;16613
2015.05.01;00:00:00;1.53585;1.53403;1.5349;1.5349;8601
2015.05.01;04:00:00;1.53524;1.53361;1.5348;1.53489;6338
2015.05.01;08:00:00;1.53965;1.52898;1.52898;1.53478;18508
2015.05.01;12:00:00;1.53236;1.52174;1.52356;1.52897;22204
2015.05.01;16:00:00;1.52483;1.51132;1.51142;1.52355;31649
2015.05.01;20:00:00;1.51596;1.51142;1.51334;1.51142;13017
2015.05.04;00:00:00;1.5163;1.51336;1.51461;1.51392;9720
2015.05.04;04:00:00;1.51618;1.51447;1.51514;1.51456;7699
2015.05.04;08:00:00;1.51738;1.51239;1.51501;1.51515;20189
2015.05.04;12:00:00;1.51546;1.50893;1.51446;1.51501;22765
2015.05.04;16:00:00;1.51482;1.50983;1.51219;1.51443;25654
2015.05.04;20:00:00;1.5126;1.51041;1.51181;1.51221;12907
2015.05.05;00:00:00;1.51236;1.51144;1.51205;1.51183;6397
2015.05.05;04:00:00;1.51252;1.51108;1.5117;1.51205;6457
2015.05.05;08:00:00;1.51507;1.5088;1.5124;1.51169;24450
2015.05.05;12:00:00;1.51699;1.51092;1.51567;1.5124;30321
2015.05.05;16:00:00;1.52086;1.51328;1.52018;1.51565;36410
2015.05.05;20:00:00;1.52172;1.51645;1.51808;1.52019;14064
2015.05.06;00:00:00;1.51811;1.51652;1.51686;1.51808;7872
2015.05.06;04:00:00;1.52157;1.51652;1.52129;1.51686;10181
2015.05.06;08:00:00;1.52403;1.5149;1.51742;1.52131;28613
2015.05.06;12:00:00;1.5263;1.5167;1.5226;1.51743;34885
2015.05.06;16:00:00;1.52905;1.52002;1.5231;1.52261;40235
2015.05.06;20:00:00;1.52655;1.52271;1.52432;1.52314;14670
2015.05.07;00:00:00;1.52472;1.52327;1.52353;1.52449;11891
2015.05.07;04:00:00;1.5247;1.52271;1.52396;1.52354;15508
2015.05.07;08:00:00;1.52519;1.51627;1.51914;1.52398;26368
2015.05.07;12:00:00;1.52478;1.51867;1.52245;1.51916;35896
2015.05.07;16:00:00;1.5235;1.51666;1.52106;1.52245;37280
2015.05.07;20:00:00;1.52746;1.5209;1.52415;1.52106;16646
2015.05.08;00:00:00;1.54475;1.52353;1.53989;1.52355;20217
2015.05.08;04:00:00;1.55214;1.53963;1.55121;1.53989;23562
2015.05.08;08:00:00;1.55195;1.54152;1.54775;1.55114;37395
2015.05.08;12:00:00;1.54785;1.53541;1.5429;1.54775;36082
2015.05.08;16:00:00;1.54643;1.5359;1.54485;1.54296;40619
2015.05.08;20:00:00;1.54748;1.54346;1.54368;1.54482;13299
2015.05.11;00:00:00;1.54539;1.54205;1.54227;1.54408;7569
2015.05.11;04:00:00;1.54317;1.54042;1.54152;1.54227;10705
2015.05.11;08:00:00;1.54333;1.53922;1.54064;1.54151;21303
2015.05.11;12:00:00;1.55142;1.53925;1.55142;1.54067;27857
2015.05.11;16:00:00;1.56044;1.55022;1.55809;1.55145;33150
2015.05.11;20:00:00;1.5612;1.55754;1.55853;1.55809;13192
2015.05.12;00:00:00;1.55889;1.55627;1.55666;1.55851;9106
2015.05.12;04:00:00;1.55806;1.55641;1.55758;1.55666;7931
2015.05.12;08:00:00;1.56469;1.55562;1.56332;1.55758;25329
2015.05.12;12:00:00;1.57096;1.56322;1.56495;1.56334;30068
2015.05.12;16:00:00;1.57074;1.56406;1.57026;1.56495;25363
2015.05.12;20:00:00;1.57041;1.56639;1.56678;1.57024;12837
2015.05.13;00:00:00;1.56816;1.56616;1.56723;1.5668;8068
2015.05.13;04:00:00;1.56881;1.56586;1.56851;1.56725;10247
2015.05.13;08:00:00;1.57462;1.56607;1.57235;1.56851;22932
2015.05.13;12:00:00;1.57396;1.56325;1.56969;1.57234;36324
2015.05.13;16:00:00;1.57682;1.56757;1.57425;1.5697;31585
2015.05.13;20:00:00;1.57527;1.57273;1.57444;1.5743;12221
2015.05.14;00:00:00;1.57489;1.57272;1.57331;1.57445;9279
2015.05.14;04:00:00;1.57599;1.57332;1.57508;1.57332;9187
2015.05.14;08:00:00;1.57878;1.57416;1.57625;1.57508;23948
2015.05.14;12:00:00;1.58138;1.5759;1.57931;1.57626;25752
2015.05.14;16:00:00;1.58042;1.57412;1.57571;1.57929;29047
2015.05.14;20:00:00;1.57784;1.57469;1.5774;1.57572;12096
2015.05.15;00:00:00;1.57789;1.5759;1.57655;1.5774;7454
2015.05.15;04:00:00;1.5778;1.57564;1.57707;1.57654;8608
2015.05.15;08:00:00;1.57829;1.57351;1.57469;1.57708;24110
2015.05.15;12:00:00;1.57487;1.57007;1.57222;1.5747;23034
2015.05.15;16:00:00;1.58078;1.57144;1.57615;1.57222;33771
2015.05.15;20:00:00;1.57617;1.5719;1.57221;1.57614;14751
2015.05.18;00:00:00;1.5744;1.57151;1.57212;1.57379;6820
2015.05.18;04:00:00;1.57273;1.5705;1.57255;1.57212;7732
2015.05.18;08:00:00;1.57301;1.56558;1.56642;1.57256;19936
2015.05.18;12:00:00;1.56951;1.56506;1.56724;1.56645;21564
2015.05.18;16:00:00;1.57063;1.56513;1.5672;1.56723;24288
2015.05.18;20:00:00;1.56763;1.5637;1.56513;1.56721;13533
2015.05.19;00:00:00;1.56626;1.56488;1.56529;1.56519;7049
2015.05.19;04:00:00;1.56553;1.56304;1.56525;1.56531;9687
2015.05.19;08:00:00;1.56688;1.55285;1.55473;1.56529;32153
2015.05.19;12:00:00;1.55538;1.54457;1.54645;1.55478;31421
2015.05.19;16:00:00;1.55325;1.54625;1.55028;1.54645;30102
2015.05.19;20:00:00;1.55116;1.54905;1.55116;1.55027;11250
2015.05.20;00:00:00;1.55163;1.54934;1.55049;1.55119;9755
2015.05.20;04:00:00;1.55231;1.54976;1.55032;1.55049;10148
2015.05.20;08:00:00;1.55346;1.54715;1.55064;1.55032;29821
2015.05.20;12:00:00;1.55674;1.55021;1.55667;1.55061;29690
2015.05.20;16:00:00;1.55869;1.553;1.55483;1.55667;31050
2015.05.20;20:00:00;1.55663;1.54918;1.55341;1.55487;25686
2015.05.21;00:00:00;1.55588;1.55255;1.55506;1.55338;9130
2015.05.21;04:00:00;1.55598;1.55422;1.55531;1.55506;9491
2015.05.21;08:00:00;1.56669;1.55244;1.56609;1.55531;29604
2015.05.21;12:00:00;1.5699;1.56446;1.56566;1.56609;31338
2015.05.21;16:00:00;1.56919;1.56441;1.5673;1.56567;30721
2015.05.21;20:00:00;1.56846;1.56565;1.56593;1.56728;12563
2015.05.22;00:00:00;1.56682;1.56556;1.56675;1.56595;8871
2015.05.22;04:00:00;1.56799;1.56614;1.56686;1.56674;10582
2015.05.22;08:00:00;1.56881;1.5636;1.5658;1.56672;20457
2015.05.22;12:00:00;1.56758;1.55279;1.55377;1.56577;32938
2015.05.22;16:00:00;1.55377;1.54751;1.54831;1.55376;34040
2015.05.22;20:00:00;1.54963;1.54593;1.54827;1.54822;15317
2015.05.25;00:00:00;1.54856;1.54581;1.54685;1.54699;9187
2015.05.25;04:00:00;1.54812;1.54662;1.54726;1.5469;7481
2015.05.25;08:00:00;1.55069;1.5471;1.5483;1.54725;14708
2015.05.25;12:00:00;1.5498;1.54565;1.54652;1.5483;14065
2015.05.25;16:00:00;1.54701;1.54557;1.54674;1.54655;9820
2015.05.25;20:00:00;1.54717;1.54616;1.54681;1.54673;11030
2015.05.26;00:00:00;1.54742;1.54465;1.54534;1.54667;7158
2015.05.26;04:00:00;1.54586;1.54303;1.54494;1.54532;10221
2015.05.26;08:00:00;1.5454;1.53835;1.54052;1.54495;30147
2015.05.26;12:00:00;1.54194;1.53591;1.53806;1.54051;30209
2015.05.26;16:00:00;1.54136;1.53531;1.53942;1.53805;35065
2015.05.26;20:00:00;1.54052;1.53777;1.53834;1.53943;14324
2015.05.27;00:00:00;1.53962;1.53779;1.53892;1.53836;5823
2015.05.27;04:00:00;1.54052;1.53766;1.54028;1.53892;8003
2015.05.27;08:00:00;1.54363;1.53934;1.54021;1.54029;22843
2015.05.27;12:00:00;1.54185;1.53371;1.53381;1.54021;32063
2015.05.27;16:00:00;1.5367;1.53003;1.53233;1.5338;38639
2015.05.27;20:00:00;1.53566;1.53102;1.53507;1.53233;15086
2015.05.28;00:00:00;1.53578;1.53376;1.53495;1.53518;6846
2015.05.28;04:00:00;1.5366;1.53403;1.53576;1.53497;12735
2015.05.28;08:00:00;1.53848;1.53263;1.53332;1.5358;26937
2015.05.28;12:00:00;1.53362;1.52649;1.52851;1.53333;30475
2015.05.28;16:00:00;1.53125;1.52598;1.53009;1.52851;34608
2015.05.28;20:00:00;1.53263;1.52942;1.53133;1.5301;16128
2015.05.29;00:00:00;1.53284;1.53073;1.53141;1.5313;8091
2015.05.29;04:00:00;1.53413;1.5308;1.53296;1.5314;8425
2015.05.29;08:00:00;1.53392;1.5278;1.52793;1.53297;22807
2015.05.29;12:00:00;1.53004;1.52357;1.52666;1.52794;33452
2015.05.29;16:00:00;1.52978;1.52451;1.52695;1.52664;34158
2015.05.29;20:00:00;1.53001;1.52692;1.52858;1.52699;12008
2015.06.01;00:00:00;1.52978;1.52579;1.52716;1.52912;8213
2015.06.01;04:00:00;1.53012;1.52651;1.52929;1.52715;9634
2015.06.01;08:00:00;1.53038;1.52229;1.52278;1.52929;22859
2015.06.01;12:00:00;1.52503;1.51962;1.52368;1.52274;28306
2015.06.01;16:00:00;1.52708;1.51694;1.51854;1.52369;35194
2015.06.01;20:00:00;1.52082;1.51844;1.51998;1.51853;15370
2015.06.02;00:00:00;1.52066;1.51907;1.52023;1.51998;9504
2015.06.02;04:00:00;1.52114;1.51919;1.52068;1.52023;8959
2015.06.02;08:00:00;1.52458;1.51786;1.52404;1.52069;24062
2015.06.02;12:00:00;1.52683;1.52171;1.52353;1.52404;31690
2015.06.02;16:00:00;1.53623;1.52341;1.53577;1.52352;41683
2015.06.02;20:00:00;1.53664;1.53293;1.53418;1.53586;14296
2015.06.03;00:00:00;1.53451;1.53285;1.53326;1.53424;7574
2015.06.03;04:00:00;1.53593;1.53322;1.53493;1.53328;9476
2015.06.03;08:00:00;1.53742;1.52612;1.52692;1.53492;25456
2015.06.03;12:00:00;1.53039;1.525;1.52681;1.52693;30005
2015.06.03;16:00:00;1.53571;1.5266;1.53279;1.52681;41795
2015.06.03;20:00:00;1.53409;1.53096;1.5338;1.53287;10452
2015.06.04;00:00:00;1.53391;1.53207;1.53264;1.5339;6768
2015.06.04;04:00:00;1.53341;1.53151;1.53233;1.53266;6047
2015.06.04;08:00:00;1.54134;1.53028;1.53958;1.53236;28650
2015.06.04;12:00:00;1.54403;1.53748;1.53913;1.53957;33824
2015.06.04;16:00:00;1.53949;1.53408;1.53807;1.53913;34243
2015.06.04;20:00:00;1.53885;1.53588;1.5362;1.53807;14879
2015.06.05;00:00:00;1.53667;1.53493;1.53603;1.5359;12486
2015.06.05;04:00:00;1.53688;1.53497;1.5363;1.53605;6685
2015.06.05;08:00:00;1.53629;1.53003;1.53037;1.53628;26067
2015.06.05;12:00:00;1.53577;1.52199;1.5237;1.53035;30301
2015.06.05;16:00:00;1.5275;1.51893;1.52731;1.5237;42605
2015.06.05;20:00:00;1.52828;1.52617;1.52657;1.52731;13848
2015.06.08;00:00:00;1.52725;1.52523;1.52524;1.52537;5501
2015.06.08;04:00:00;1.5273;1.52525;1.52644;1.52525;6656
2015.06.08;08:00:00;1.53043;1.52221;1.52295;1.52643;25923
2015.06.08;12:00:00;1.52839;1.52205;1.52724;1.52295;21552
2015.06.08;16:00:00;1.53072;1.52625;1.53058;1.52725;29656
2015.06.08;20:00:00;1.5363;1.53012;1.53469;1.53058;18552
2015.06.09;00:00:00;1.53491;1.53315;1.53374;1.53473;9027
2015.06.09;04:00:00;1.53627;1.53363;1.53463;1.53372;8465
2015.06.09;08:00:00;1.53737;1.52715;1.52905;1.53464;27359
2015.06.09;12:00:00;1.53312;1.52755;1.52943;1.52904;32711
2015.06.09;16:00:00;1.53881;1.52564;1.53688;1.52943;33114
2015.06.09;20:00:00;1.5387;1.53655;1.53834;1.53687;12372
2015.06.10;00:00:00;1.53973;1.53768;1.53878;1.53849;8361
2015.06.10;04:00:00;1.54183;1.5368;1.54172;1.53877;11752
2015.06.10;08:00:00;1.547;1.53997;1.54361;1.54172;35491
2015.06.10;12:00:00;1.55168;1.54352;1.55006;1.5436;32872
2015.06.10;16:00:00;1.55533;1.54802;1.55055;1.55009;38763
2015.06.10;20:00:00;1.55382;1.55055;1.55277;1.55055;13593
2015.06.11;00:00:00;1.55284;1.54938;1.54982;1.55276;8994
2015.06.11;04:00:00;1.55083;1.54887;1.54934;1.54981;9307
2015.06.11;08:00:00;1.54972;1.54293;1.54613;1.54934;24070
2015.06.11;12:00:00;1.55115;1.54203;1.5494;1.54613;28375
2015.06.11;16:00:00;1.55213;1.54625;1.54932;1.5494;29519
2015.06.11;20:00:00;1.55327;1.54905;1.5516;1.54932;13136
2015.06.12;00:00:00;1.55202;1.55048;1.5519;1.55164;8286
2015.06.12;04:00:00;1.5526;1.54984;1.55071;1.55191;9807
2015.06.12;08:00:00;1.55239;1.54658;1.54807;1.55071;24699
2015.06.12;12:00:00;1.55136;1.54725;1.54914;1.54806;30180
2015.06.12;16:00:00;1.55971;1.54812;1.55544;1.54914;34534
2015.06.12;20:00:00;1.55699;1.55409;1.55625;1.55543;13022
2015.06.15;00:00:00;1.55679;1.55453;1.55504;1.55476;7936
2015.06.15;04:00:00;1.55518;1.55278;1.5537;1.55505;8755
2015.06.15;08:00:00;1.55512;1.55199;1.55225;1.5537;23748
2015.06.15;12:00:00;1.55318;1.54866;1.55293;1.55224;22351
2015.06.15;16:00:00;1.55853;1.55121;1.55811;1.55295;24358
2015.06.15;20:00:00;1.56129;1.55731;1.55998;1.55812;15223
2015.06.16;00:00:00;1.56004;1.55863;1.55929;1.56004;6390
2015.06.16;04:00:00;1.56136;1.55924;1.56104;1.55927;9501
2015.06.16;08:00:00;1.56311;1.55442;1.55445;1.56103;25326
2015.06.16;12:00:00;1.56397;1.55411;1.56164;1.55443;27905
2015.06.16;16:00:00;1.56464;1.56077;1.56345;1.56167;22518
2015.06.16;20:00:00;1.5653;1.5633;1.56463;1.56344;10365
2015.06.17;00:00:00;1.56504;1.56347;1.56383;1.56463;6200
2015.06.17;04:00:00;1.56469;1.56305;1.56392;1.56383;7647
2015.06.17;08:00:00;1.57333;1.56246;1.57225;1.56389;24038
2015.06.17;12:00:00;1.57546;1.57208;1.57425;1.57224;26199
2015.06.17;16:00:00;1.57453;1.56918;1.57196;1.57425;23665
2015.06.17;20:00:00;1.58462;1.5673;1.58308;1.57196;33989
2015.06.18;00:00:00;1.58504;1.58223;1.58369;1.58301;10707
2015.06.18;04:00:00;1.58462;1.58266;1.58294;1.58371;9330
2015.06.18;08:00:00;1.5929;1.5805;1.5891;1.58294;28631
2015.06.18;12:00:00;1.59291;1.58869;1.59029;1.58907;30276
2015.06.18;16:00:00;1.59108;1.58478;1.58673;1.59033;29212
2015.06.18;20:00:00;1.58931;1.58514;1.58764;1.58673;16228
2015.06.19;00:00:00;1.58939;1.5873;1.58932;1.58769;7194
2015.06.19;04:00:00;1.58957;1.58749;1.58762;1.58932;7879
2015.06.19;08:00:00;1.5877;1.5845;1.58517;1.58761;22186
2015.06.19;12:00:00;1.58755;1.58344;1.58669;1.58515;21654
2015.06.19;16:00:00;1.58951;1.58623;1.58713;1.58668;20940
2015.06.19;20:00:00;1.58918;1.58666;1.58742;1.58708;11684
2015.06.22;00:00:00;1.58827;1.58672;1.58777;1.58691;5048
2015.06.22;04:00:00;1.59049;1.58775;1.59009;1.58776;6637
2015.06.22;08:00:00;1.5909;1.58467;1.58705;1.59009;21100
2015.06.22;12:00:00;1.58786;1.58046;1.58273;1.58706;23387
2015.06.22;16:00:00;1.58433;1.58043;1.58287;1.58273;27769
2015.06.22;20:00:00;1.58365;1.58113;1.58223;1.58287;12889
2015.06.23;00:00:00;1.58304;1.58121;1.58179;1.58212;5001
2015.06.23;04:00:00;1.58199;1.57641;1.5772;1.5818;12548
2015.06.23;08:00:00;1.58122;1.57627;1.57901;1.57721;23906
2015.06.23;12:00:00;1.58094;1.57337;1.57442;1.579;27258
2015.06.23;16:00:00;1.57583;1.57094;1.57189;1.57444;28551
2015.06.23;20:00:00;1.57315;1.5708;1.57283;1.5719;14219
2015.06.24;00:00:00;1.57437;1.57221;1.57355;1.57289;8475
2015.06.24;04:00:00;1.57443;1.57293;1.57376;1.57353;8030
2015.06.24;08:00:00;1.58019;1.57361;1.57914;1.57375;25340
2015.06.24;12:00:00;1.57938;1.57311;1.575;1.57914;26300
2015.06.24;16:00:00;1.57531;1.56659;1.56822;1.57501;27908
2015.06.24;20:00:00;1.57086;1.56764;1.57045;1.56821;14186
2015.06.25;00:00:00;1.57117;1.56909;1.56951;1.57043;7248
2015.06.25;04:00:00;1.57033;1.56863;1.56939;1.56951;9042
2015.06.25;08:00:00;1.57246;1.56756;1.56932;1.56939;20236
2015.06.25;12:00:00;1.57496;1.56799;1.57451;1.56932;27605
2015.06.25;16:00:00;1.57692;1.57174;1.57362;1.5745;22614
2015.06.25;20:00:00;1.57541;1.57284;1.57469;1.57364;11711
2015.06.26;00:00:00;1.57542;1.57319;1.57343;1.57474;7468
2015.06.26;04:00:00;1.57517;1.57326;1.57374;1.57343;9331
2015.06.26;08:00:00;1.57663;1.57186;1.575;1.57374;17647
2015.06.26;12:00:00;1.57552;1.57163;1.57187;1.57499;21189
2015.06.26;16:00:00;1.57605;1.57076;1.57336;1.57187;26262
2015.06.26;20:00:00;1.57499;1.57178;1.57484;1.57337;11170
2015.06.29;00:00:00;1.57273;1.56614;1.57036;1.56858;19829
2015.06.29;04:00:00;1.57215;1.56994;1.57051;1.57037;11506
2015.06.29;08:00:00;1.5743;1.5684;1.57028;1.57053;37231
2015.06.29;12:00:00;1.57432;1.56823;1.57344;1.57026;30493
2015.06.29;16:00:00;1.57881;1.57001;1.57388;1.57343;33155
2015.06.29;20:00:00;1.57608;1.5721;1.57356;1.57391;21092
2015.06.30;00:00:00;1.57372;1.57241;1.57297;1.57367;9377
2015.06.30;04:00:00;1.57322;1.5718;1.57292;1.57297;11035
2015.06.30;08:00:00;1.57437;1.56919;1.57197;1.57294;26476
2015.06.30;12:00:00;1.57578;1.56991;1.57566;1.57196;33723
2015.06.30;16:00:00;1.57749;1.57003;1.57234;1.57566;33534
2015.06.30;20:00:00;1.57437;1.57007;1.57124;1.57235;17434
2015.07.01;00:00:00;1.57148;1.56737;1.56968;1.57124;14066
2015.07.01;04:00:00;1.57034;1.56905;1.57005;1.5697;8670
2015.07.01;08:00:00;1.57334;1.56461;1.56631;1.57004;22770
2015.07.01;12:00:00;1.56718;1.56338;1.56474;1.56631;27221
2015.07.01;16:00:00;1.565;1.56049;1.5616;1.56474;26754
2015.07.01;20:00:00;1.56201;1.5587;1.56148;1.5616;16085
2015.07.02;00:00:00;1.56176;1.55989;1.56066;1.56141;7567
2015.07.02;04:00:00;1.56163;1.55977;1.56148;1.56066;7164
2015.07.02;08:00:00;1.56172;1.55806;1.56027;1.56148;20947
2015.07.02;12:00:00;1.56391;1.55611;1.56117;1.56029;29442
2015.07.02;16:00:00;1.56216;1.55965;1.56076;1.56122;26885
2015.07.02;20:00:00;1.5611;1.55911;1.56059;1.56079;8949
2015.07.03;00:00:00;1.56221;1.5602;1.56116;1.56061;7084
2015.07.03;04:00:00;1.56144;1.56014;1.56108;1.56115;8243
2015.07.03;08:00:00;1.56414;1.56049;1.56243;1.56108;19373
2015.07.03;12:00:00;1.56429;1.56082;1.56186;1.56285;23019
2015.07.03;16:00:00;1.56187;1.55616;1.55799;1.56187;18926
2015.07.03;20:00:00;1.56071;1.55553;1.55734;1.55799;8732
2015.07.06;00:00:00;1.55712;1.55322;1.55508;1.55439;14608
2015.07.06;04:00:00;1.55671;1.5549;1.55559;1.55507;9329
2015.07.06;08:00:00;1.55968;1.55312;1.55596;1.55559;27919
2015.07.06;12:00:00;1.55671;1.55415;1.55501;1.55597;25138
2015.07.06;16:00:00;1.56275;1.55437;1.56197;1.55501;24194
2015.07.06;20:00:00;1.56264;1.56005;1.56029;1.56199;10636
2015.07.07;00:00:00;1.56078;1.55892;1.55948;1.5603;6410
2015.07.07;04:00:00;1.55972;1.55826;1.55898;1.55949;9938
2015.07.07;08:00:00;1.56039;1.5503;1.55063;1.55898;24533
2015.07.07;12:00:00;1.55105;1.5421;1.54314;1.55062;32459
2015.07.07;16:00:00;1.54487;1.54128;1.54254;1.54312;33456
2015.07.07;20:00:00;1.54858;1.54224;1.54606;1.54252;20980
2015.07.08;00:00:00;1.54644;1.54466;1.54474;1.54607;9466
2015.07.08;04:00:00;1.54531;1.54263;1.54375;1.54473;13780
2015.07.08;08:00:00;1.54663;1.53997;1.54059;1.54375;26034
2015.07.08;12:00:00;1.54138;1.53514;1.53656;1.54059;25655
2015.07.08;16:00:00;1.53767;1.53293;1.53337;1.53656;30781
2015.07.08;20:00:00;1.5373;1.53299;1.53599;1.53337;17383
2015.07.09;00:00:00;1.53734;1.53556;1.53629;1.53581;9236
2015.07.09;04:00:00;1.53828;1.53565;1.53808;1.53628;11404
2015.07.09;08:00:00;1.54196;1.53745;1.53863;1.53807;27102
2015.07.09;12:00:00;1.54096;1.53654;1.5385;1.53864;26046
2015.07.09;16:00:00;1.54091;1.53496;1.53519;1.53851;22562
2015.07.09;20:00:00;1.53869;1.53426;1.53778;1.53526;14963
2015.07.10;00:00:00;1.53834;1.5363;1.53702;1.53779;11177
2015.07.10;04:00:00;1.54064;1.53693;1.53991;1.53704;11804
2015.07.10;08:00:00;1.5459;1.53918;1.54549;1.5399;25668
2015.07.10;12:00:00;1.55505;1.54524;1.55225;1.5455;30297
2015.07.10;16:00:00;1.55279;1.54729;1.54811;1.55224;26935
2015.07.10;20:00:00;1.55353;1.54657;1.55108;1.54808;13680
2015.07.13;00:00:00;1.55224;1.54914;1.55058;1.54914;6575
2015.07.13;04:00:00;1.55214;1.54925;1.54957;1.55057;11864
2015.07.13;08:00:00;1.55518;1.54952;1.55249;1.5496;35546
2015.07.13;12:00:00;1.55883;1.55196;1.55299;1.55247;29966
2015.07.13;16:00:00;1.55474;1.54984;1.55091;1.55298;23514
2015.07.13;20:00:00;1.55098;1.54801;1.54854;1.55091;13047
2015.07.14;00:00:00;1.54909;1.54717;1.54758;1.54852;9818
2015.07.14;04:00:00;1.54899;1.54756;1.54812;1.54759;9451
2015.07.14;08:00:00;1.54812;1.54498;1.54651;1.54812;27179
2015.07.14;12:00:00;1.56342;1.54654;1.5604;1.54656;32412
2015.07.14;16:00:00;1.561;1.55565;1.55834;1.56041;23943
2015.07.14;20:00:00;1.5638;1.55824;1.56354;1.55834;13276
2015.07.15;00:00:00;1.56461;1.56283;1.5644;1.56352;7943
2015.07.15;04:00:00;1.56528;1.56371;1.56428;1.56439;10777
2015.07.15;08:00:00;1.56745;1.56018;1.56399;1.56428;26917
2015.07.15;12:00:00;1.56461;1.56015;1.56046;1.564;24926
2015.07.15;16:00:00;1.5644;1.55758;1.56264;1.56044;31742
2015.07.15;20:00:00;1.56479;1.56198;1.56369;1.56264;13519
2015.07.16;00:00:00;1.56414;1.56224;1.56281;1.5634;10949
2015.07.16;04:00:00;1.56315;1.56092;1.56216;1.56282;12429
2015.07.16;08:00:00;1.56493;1.56069;1.5616;1.56217;26717
2015.07.16;12:00:00;1.56295;1.55593;1.55866;1.56158;33041
2015.07.16;16:00:00;1.56186;1.55759;1.5607;1.55864;25838
2015.07.16;20:00:00;1.5629;1.56035;1.56059;1.56069;12051
2015.07.17;00:00:00;1.5613;1.56023;1.56032;1.56052;6242
2015.07.17;04:00:00;1.56375;1.56018;1.5632;1.56032;8142
2015.07.17;08:00:00;1.56719;1.56228;1.56448;1.56321;21593
2015.07.17;12:00:00;1.56521;1.55687;1.55813;1.56447;23990
2015.07.17;16:00:00;1.56418;1.55528;1.56255;1.55812;22357
2015.07.17;20:00:00;1.56311;1.55986;1.56041;1.56254;9605
2015.07.20;00:00:00;1.56104;1.55917;1.56068;1.55973;5401
2015.07.20;04:00:00;1.56068;1.55819;1.55945;1.56067;8325
2015.07.20;08:00:00;1.56264;1.5566;1.55705;1.55946;19252
2015.07.20;12:00:00;1.55789;1.55371;1.55584;1.55707;23333
2015.07.20;16:00:00;1.5607;1.55488;1.55794;1.55584;20798
2015.07.20;20:00:00;1.55838;1.55511;1.55592;1.55795;11842
2015.07.21;00:00:00;1.55719;1.55546;1.55683;1.55595;6190
2015.07.21;04:00:00;1.55692;1.55549;1.55586;1.55685;9904
2015.07.21;08:00:00;1.55896;1.5557;1.55735;1.55589;22304
2015.07.21;12:00:00;1.55778;1.55282;1.55458;1.55734;24959
2015.07.21;16:00:00;1.55729;1.55338;1.55669;1.55458;28082
2015.07.21;20:00:00;1.55719;1.55489;1.55521;1.55668;13140
2015.07.22;00:00:00;1.55703;1.55441;1.55658;1.55518;7015
2015.07.22;04:00:00;1.5577;1.55497;1.55733;1.55659;11883
2015.07.22;08:00:00;1.56472;1.55599;1.56261;1.55734;23879
2015.07.22;12:00:00;1.56374;1.56035;1.56322;1.56262;26507
2015.07.22;16:00:00;1.56422;1.55786;1.55925;1.56322;26166
2015.07.22;20:00:00;1.56127;1.55853;1.56115;1.55925;11699
2015.07.23;00:00:00;1.56164;1.56028;1.56109;1.56099;8163
2015.07.23;04:00:00;1.56248;1.56093;1.56233;1.56109;8470
2015.07.23;08:00:00;1.56698;1.55827;1.55942;1.56234;23726
2015.07.23;12:00:00;1.562;1.55442;1.55548;1.55945;26262
2015.07.23;16:00:00;1.5573;1.5504;1.5512;1.55546;27080
2015.07.23;20:00:00;1.5522;1.55;1.55111;1.5512;16011
2015.07.24;00:00:00;1.55223;1.55072;1.55195;1.55112;7098
2015.07.24;04:00:00;1.55223;1.54996;1.55073;1.55194;10032
2015.07.24;08:00:00;1.55194;1.54658;1.54881;1.55072;19354
2015.07.24;12:00:00;1.54975;1.54685;1.54852;1.54882;21816
2015.07.24;16:00:00;1.55251;1.54722;1.55078;1.54851;24017
2015.07.24;20:00:00;1.55173;1.54976;1.55101;1.55077;10387
2015.07.27;00:00:00;1.55276;1.55022;1.55232;1.55103;6242
2015.07.27;04:00:00;1.55365;1.5515;1.55278;1.55233;13711
2015.07.27;08:00:00;1.55435;1.54894;1.55229;1.55278;26375
2015.07.27;12:00:00;1.55382;1.55;1.55257;1.55229;26768
2015.07.27;16:00:00;1.55945;1.55242;1.55678;1.55257;25893
2015.07.27;20:00:00;1.55748;1.55522;1.55578;1.55677;9854
2015.07.28;00:00:00;1.5566;1.55525;1.5563;1.55578;6848
2015.07.28;04:00:00;1.55721;1.55521;1.55717;1.5563;10499
2015.07.28;08:00:00;1.55863;1.55272;1.55815;1.55717;24462
2015.07.28;12:00:00;1.56169;1.55726;1.55872;1.55815;26791
2015.07.28;16:00:00;1.56272;1.55754;1.55977;1.55871;26420
2015.07.28;20:00:00;1.56129;1.55937;1.56121;1.55972;10665
2015.07.29;00:00:00;1.56132;1.56003;1.56078;1.56121;8560
2015.07.29;04:00:00;1.56184;1.56024;1.5603;1.56077;8468
2015.07.29;08:00:00;1.56219;1.55866;1.56163;1.5603;21007
2015.07.29;12:00:00;1.5666;1.56135;1.56561;1.56161;24852
2015.07.29;16:00:00;1.56888;1.56109;1.56205;1.56561;25178
2015.07.29;20:00:00;1.5654;1.5593;1.55958;1.56204;25395
2015.07.30;00:00:00;1.56098;1.55889;1.55996;1.55934;9956
2015.07.30;04:00:00;1.5607;1.55929;1.56018;1.55996;8624
2015.07.30;08:00:00;1.56235;1.55874;1.56131;1.56019;19296
2015.07.30;12:00:00;1.56423;1.56056;1.56272;1.56131;26463
2015.07.30;16:00:00;1.56312;1.55617;1.5583;1.56272;29012
2015.07.30;20:00:00;1.5609;1.55723;1.55994;1.55826;14199
2015.07.31;00:00:00;1.56106;1.55905;1.55948;1.55995;10497
2015.07.31;04:00:00;1.5613;1.55912;1.56114;1.55946;10696
2015.07.31;08:00:00;1.56147;1.55481;1.55648;1.56115;22064
2015.07.31;12:00:00;1.56772;1.55544;1.56541;1.55651;32744
2015.07.31;16:00:00;1.56744;1.55957;1.56237;1.56538;35528
2015.07.31;20:00:00;1.56361;1.56105;1.56216;1.56237;17003
2015.08.03;00:00:00;1.56365;1.56149;1.56215;1.56306;8787
2015.08.03;04:00:00;1.56312;1.56159;1.56202;1.56214;13411
2015.08.03;08:00:00;1.56439;1.56106;1.56211;1.56203;19951
2015.08.03;12:00:00;1.56261;1.55644;1.55851;1.56211;26572
2015.08.03;16:00:00;1.56231;1.55785;1.5589;1.55851;25976
2015.08.03;20:00:00;1.55947;1.55791;1.55849;1.55889;13571
2015.08.04;00:00:00;1.5591;1.55699;1.55725;1.55841;12259
2015.08.04;04:00:00;1.55993;1.55724;1.5595;1.55724;11629
2015.08.04;08:00:00;1.56169;1.55691;1.55828;1.55951;24772
2015.08.04;12:00:00;1.56273;1.55787;1.56064;1.55828;25382
2015.08.04;16:00:00;1.56328;1.55593;1.56292;1.56062;25955
2015.08.04;20:00:00;1.56307;1.55569;1.55612;1.56292;21402
2015.08.05;00:00:00;1.55689;1.55579;1.55674;1.55612;13609
2015.08.05;04:00:00;1.55678;1.55249;1.55408;1.55673;12575
2015.08.05;08:00:00;1.56051;1.55339;1.55814;1.55408;23826
2015.08.05;12:00:00;1.56502;1.5568;1.56356;1.55816;29484
2015.08.05;16:00:00;1.56424;1.55879;1.56038;1.56357;30685
2015.08.05;20:00:00;1.56211;1.55945;1.56002;1.56038;14785
2015.08.06;00:00:00;1.56163;1.5594;1.56137;1.56007;10339
2015.08.06;04:00:00;1.5625;1.56096;1.56192;1.56137;11293
2015.08.06;08:00:00;1.56359;1.55943;1.56083;1.56192;17616
2015.08.06;12:00:00;1.5627;1.5466;1.55262;1.56076;30331
2015.08.06;16:00:00;1.55402;1.54913;1.55316;1.55261;24571
2015.08.06;20:00:00;1.55314;1.55051;1.55115;1.55314;11842
2015.08.07;00:00:00;1.55174;1.55073;1.55161;1.55113;8554
2015.08.07;04:00:00;1.55178;1.54968;1.55126;1.55159;11921
2015.08.07;08:00:00;1.55255;1.5487;1.55224;1.55128;21386
2015.08.07;12:00:00;1.55445;1.5472;1.54722;1.55232;29256
2015.08.07;16:00:00;1.54935;1.54238;1.54765;1.54722;37743
2015.08.07;20:00:00;1.55002;1.54765;1.5488;1.54766;14171
2015.08.10;00:00:00;1.54958;1.54781;1.54834;1.54856;5423
2015.08.10;04:00:00;1.54967;1.54799;1.54884;1.54834;9044
2015.08.10;08:00:00;1.55058;1.54573;1.54704;1.54884;18116
2015.08.10;12:00:00;1.55141;1.54574;1.55094;1.54702;23717
2015.08.10;16:00:00;1.5605;1.5492;1.55929;1.55093;29109
2015.08.10;20:00:00;1.56036;1.55813;1.55905;1.55933;17219
2015.08.11;00:00:00;1.56009;1.55788;1.55979;1.55905;10975
2015.08.11;04:00:00;1.55979;1.55578;1.55667;1.55979;20127
2015.08.11;08:00:00;1.56154;1.55543;1.56026;1.55667;27073
2015.08.11;12:00:00;1.56083;1.55666;1.55786;1.56025;27326
2015.08.11;16:00:00;1.55916;1.55546;1.55696;1.55785;29357
2015.08.11;20:00:00;1.55802;1.55554;1.55694;1.55696;12059
2015.08.12;00:00:00;1.55886;1.55671;1.55834;1.55684;11655
2015.08.12;04:00:00;1.5588;1.55331;1.5559;1.55834;16883
2015.08.12;08:00:00;1.56038;1.5535;1.55711;1.55592;28869
2015.08.12;12:00:00;1.56288;1.55578;1.5618;1.55712;28333
2015.08.12;16:00:00;1.5659;1.55977;1.56453;1.56181;33952
2015.08.12;20:00:00;1.56493;1.56007;1.56093;1.56454;15413
2015.08.13;00:00:00;1.56208;1.56071;1.5617;1.56093;8491
2015.08.13;04:00:00;1.56344;1.56091;1.56147;1.5617;15302
2015.08.13;08:00:00;1.56338;1.56055;1.56091;1.56146;21089
2015.08.13;12:00:00;1.56359;1.56003;1.56105;1.56092;22325
2015.08.13;16:00:00;1.56108;1.55723;1.56055;1.56105;26470
2015.08.13;20:00:00;1.56171;1.55958;1.56086;1.56054;13042
2015.08.14;00:00:00;1.56175;1.56054;1.56159;1.56079;10693
2015.08.14;04:00:00;1.56168;1.56022;1.56144;1.56161;11548
2015.08.14;08:00:00;1.56246;1.55878;1.56071;1.56144;21401
2015.08.14;12:00:00;1.56458;1.56033;1.56313;1.5607;23508
2015.08.14;16:00:00;1.5659;1.55994;1.56482;1.56313;25615
2015.08.14;20:00:00;1.56547;1.5639;1.56449;1.56482;10810
2015.08.17;00:00:00;1.5654;1.56416;1.5647;1.56511;8408
2015.08.17;04:00:00;1.56562;1.56398;1.56461;1.5647;11549
2015.08.17;08:00:00;1.56871;1.5636;1.56465;1.56463;22821
2015.08.17;12:00:00;1.56545;1.56182;1.56321;1.56464;25055
2015.08.17;16:00:00;1.56422;1.5578;1.55872;1.56321;22300
2015.08.17;20:00:00;1.56002;1.55811;1.5582;1.55875;12797
2015.08.18;00:00:00;1.55865;1.55752;1.55811;1.55808;7756
2015.08.18;04:00:00;1.55953;1.55727;1.55796;1.5581;12479
2015.08.18;08:00:00;1.56708;1.55613;1.56687;1.55795;21170
2015.08.18;12:00:00;1.5716;1.56612;1.56835;1.56689;23520
2015.08.18;16:00:00;1.56937;1.56436;1.56524;1.56835;21997
2015.08.18;20:00:00;1.56667;1.56511;1.5657;1.56526;9014
2015.08.19;00:00:00;1.56716;1.56518;1.56704;1.56577;9921
2015.08.19;04:00:00;1.5677;1.5665;1.5668;1.56704;10786
2015.08.19;08:00:00;1.56961;1.56619;1.56788;1.5668;18663
2015.08.19;12:00:00;1.56868;1.56459;1.56574;1.56788;21733
2015.08.19;16:00:00;1.56651;1.56341;1.5645;1.56573;25037
2015.08.19;20:00:00;1.56995;1.56389;1.56788;1.56458;29494
2015.08.20;00:00:00;1.57006;1.56752;1.56951;1.56785;10764
2015.08.20;04:00:00;1.56976;1.56745;1.56811;1.5695;6988
2015.08.20;08:00:00;1.5685;1.56133;1.56192;1.56812;25172
2015.08.20;12:00:00;1.56667;1.56051;1.56611;1.56199;26412
2015.08.20;16:00:00;1.5694;1.56352;1.56789;1.56611;27054
2015.08.20;20:00:00;1.56988;1.56655;1.56875;1.5679;15498
2015.08.21;00:00:00;1.56946;1.56834;1.56876;1.56883;10781
2015.08.21;04:00:00;1.56958;1.56795;1.56941;1.56877;16054
2015.08.21;08:00:00;1.57222;1.56902;1.57162;1.56942;22886
2015.08.21;12:00:00;1.57215;1.56569;1.56769;1.57163;26070
2015.08.21;16:00:00;1.57097;1.56617;1.57097;1.56769;33870
2015.08.21;20:00:00;1.57128;1.56802;1.56869;1.57096;17250
2015.08.24;00:00:00;1.56961;1.56598;1.56652;1.56753;13778
2015.08.24;04:00:00;1.56927;1.56636;1.56854;1.56652;25513
2015.08.24;08:00:00;1.57256;1.56294;1.57108;1.56854;30259
2015.08.24;12:00:00;1.57758;1.5698;1.57683;1.57106;34884
2015.08.24;16:00:00;1.58021;1.57216;1.57401;1.57682;54479
2015.08.24;20:00:00;1.5783;1.5732;1.57716;1.57402;32076
2015.08.25;00:00:00;1.5776;1.57448;1.57601;1.57726;16738
2015.08.25;04:00:00;1.57742;1.57452;1.57735;1.57602;14616
2015.08.25;08:00:00;1.57983;1.57513;1.57861;1.57734;32757
2015.08.25;12:00:00;1.5818;1.576;1.57787;1.57859;37705
2015.08.25;16:00:00;1.57874;1.56817;1.56952;1.57782;35611
2015.08.25;20:00:00;1.57106;1.56806;1.56854;1.56945;23591
2015.08.26;00:00:00;1.5705;1.56807;1.5692;1.5686;15690
2015.08.26;04:00:00;1.57188;1.56856;1.56978;1.56917;16796
2015.08.26;08:00:00;1.57071;1.56683;1.56787;1.56978;25220
2015.08.26;12:00:00;1.56827;1.55609;1.55768;1.56785;31803
2015.08.26;16:00:00;1.55856;1.54666;1.54856;1.55767;38747
2015.08.26;20:00:00;1.54884;1.54515;1.5457;1.54859;20140
2015.08.27;00:00:00;1.54834;1.54561;1.54791;1.5458;12340
2015.08.27;04:00:00;1.55077;1.54785;1.54962;1.5479;11616
2015.08.27;08:00:00;1.55033;1.54734;1.54821;1.54962;25413
2015.08.27;12:00:00;1.54898;1.53988;1.54243;1.54821;25592
2015.08.27;16:00:00;1.54322;1.53691;1.54058;1.54243;31733
2015.08.27;20:00:00;1.54301;1.53965;1.54009;1.5406;17220
2015.08.28;00:00:00;1.54163;1.53986;1.54112;1.54007;9271
2015.08.28;04:00:00;1.5441;1.54111;1.5432;1.54112;9417
2015.08.28;08:00:00;1.54421;1.53898;1.539;1.5432;20295
2015.08.28;12:00:00;1.54084;1.53594;1.53661;1.53901;24798
2015.08.28;16:00:00;1.53882;1.5334;1.53882;1.53662;30997
2015.08.28;20:00:00;1.54156;1.53827;1.53916;1.53886;14196
2015.08.31;00:00:00;1.5422;1.53978;1.54204;1.5409;9746
2015.08.31;04:00:00;1.54351;1.54189;1.54293;1.54204;9291
2015.08.31;08:00:00;1.54358;1.5397;1.54222;1.54294;13588
2015.08.31;12:00:00;1.54253;1.53942;1.54182;1.54225;15169
2015.08.31;16:00:00;1.54192;1.5341;1.53441;1.54182;20763
2015.08.31;20:00:00;1.53584;1.53384;1.53422;1.5344;11393
2015.09.01;00:00:00;1.53771;1.53392;1.53767;1.5342;5789
2015.09.01;04:00:00;1.54041;1.53732;1.53905;1.53767;9906
2015.09.01;08:00:00;1.54071;1.5309;1.53317;1.53906;22581
2015.09.01;12:00:00;1.53688;1.5303;1.53165;1.53316;24494
2015.09.01;16:00:00;1.53479;1.52989;1.5319;1.53164;28682
2015.09.01;20:00:00;1.53199;1.53004;1.53022;1.5319;17467
2015.09.02;00:00:00;1.53076;1.52898;1.53007;1.53025;10502
2015.09.02;04:00:00;1.53186;1.52958;1.53079;1.53009;14420
2015.09.02;08:00:00;1.53155;1.52711;1.52959;1.53075;21609
2015.09.02;12:00:00;1.52976;1.52632;1.52778;1.52959;23612
2015.09.02;16:00:00;1.53197;1.52763;1.5309;1.52778;22378
2015.09.02;20:00:00;1.53248;1.52937;1.52971;1.53089;11804
2015.09.03;00:00:00;1.53085;1.52936;1.5306;1.5297;9356
2015.09.03;04:00:00;1.53124;1.52879;1.52918;1.53061;9881
2015.09.03;08:00:00;1.52964;1.52347;1.52543;1.52918;16090
2015.09.03;12:00:00;1.52872;1.52523;1.52707;1.52545;24702
2015.09.03;16:00:00;1.528;1.52181;1.52541;1.52705;25390
2015.09.03;20:00:00;1.52682;1.52518;1.52557;1.52542;11349
2015.09.04;00:00:00;1.52582;1.52461;1.52495;1.52559;8650
2015.09.04;04:00:00;1.52525;1.52255;1.52318;1.52495;11319
2015.09.04;08:00:00;1.5255;1.52126;1.52373;1.52318;16897
2015.09.04;12:00:00;1.52728;1.51979;1.51979;1.52374;20085
2015.09.04;16:00:00;1.52082;1.51641;1.51983;1.51979;23150
2015.09.04;20:00:00;1.52114;1.51625;1.51684;1.51982;10857
2015.09.07;00:00:00;1.52015;1.51741;1.51868;1.51754;10461
2015.09.07;04:00:00;1.51955;1.51852;1.51879;1.51867;11581
2015.09.07;08:00:00;1.52611;1.51703;1.52589;1.51878;18284
2015.09.07;12:00:00;1.52781;1.5245;1.52506;1.52589;17535
2015.09.07;16:00:00;1.52873;1.52495;1.52827;1.52506;13634
2015.09.07;20:00:00;1.52873;1.52678;1.52708;1.52827;15522
2015.09.08;00:00:00;1.52791;1.52678;1.52752;1.52711;8275
2015.09.08;04:00:00;1.53143;1.5274;1.53131;1.52752;11342
2015.09.08;08:00:00;1.53878;1.53112;1.53774;1.53131;20408
2015.09.08;12:00:00;1.54115;1.53672;1.53945;1.53774;18556
2015.09.08;16:00:00;1.53971;1.53553;1.53711;1.53946;17377
2015.09.08;20:00:00;1.5402;1.53667;1.53942;1.53712;9225
2015.09.09;00:00:00;1.54001;1.53868;1.53996;1.53921;8380
2015.09.09;04:00:00;1.54035;1.53813;1.5383;1.53997;9914
2015.09.09;08:00:00;1.54003;1.53499;1.53547;1.5383;17922
2015.09.09;12:00:00;1.53772;1.53487;1.53647;1.53549;17295
2015.09.09;16:00:00;1.53897;1.53558;1.53629;1.53651;18412
2015.09.09;20:00:00;1.53724;1.53524;1.53655;1.53628;13957
2015.09.10;00:00:00;1.53672;1.53529;1.5356;1.53668;12900
2015.09.10;04:00:00;1.53602;1.53498;1.5351;1.53559;11739
2015.09.10;08:00:00;1.53877;1.53378;1.53873;1.5351;20678
2015.09.10;12:00:00;1.54477;1.53685;1.53942;1.53873;23424
2015.09.10;16:00:00;1.54751;1.53909;1.54373;1.53942;23970
2015.09.10;20:00:00;1.54725;1.54361;1.54409;1.54377;13333
2015.09.11;00:00:00;1.54489;1.5434;1.54399;1.54409;11822
2015.09.11;04:00:00;1.54607;1.54359;1.54572;1.544;9566
2015.09.11;08:00:00;1.54601;1.54225;1.54312;1.54573;16836
2015.09.11;12:00:00;1.54401;1.54044;1.54296;1.54312;17726
2015.09.11;16:00:00;1.54358;1.5399;1.54291;1.54296;18712
2015.09.11;20:00:00;1.54411;1.54212;1.54255;1.54292;9768
2015.09.14;00:00:00;1.54572;1.54249;1.54515;1.54281;6472
2015.09.14;04:00:00;1.54581;1.54357;1.54362;1.54516;9107
2015.09.14;08:00:00;1.54699;1.54324;1.54479;1.54361;15834
2015.09.14;12:00:00;1.54614;1.53965;1.5398;1.54479;16432
2015.09.14;16:00:00;1.5426;1.53719;1.54255;1.53979;14676
2015.09.14;20:00:00;1.54331;1.54187;1.54232;1.54255;7117
2015.09.15;00:00:00;1.54308;1.54178;1.54232;1.54234;7752
2015.09.15;04:00:00;1.54324;1.54163;1.54284;1.54234;7777
2015.09.15;08:00:00;1.54561;1.54011;1.54369;1.54285;16140
2015.09.15;12:00:00;1.54404;1.53902;1.5393;1.54367;16508
2015.09.15;16:00:00;1.53964;1.534;1.53541;1.53928;16465
2015.09.15;20:00:00;1.53565;1.53287;1.53417;1.53539;8017
2015.09.16;00:00:00;1.53474;1.53337;1.53399;1.53423;6032
2015.09.16;04:00:00;1.53556;1.5339;1.53521;1.53399;8232
2015.09.16;08:00:00;1.54171;1.53291;1.54008;1.53521;18121
2015.09.16;12:00:00;1.54592;1.53908;1.54491;1.54009;20393
2015.09.16;16:00:00;1.55277;1.54451;1.5482;1.54489;20186
2015.09.16;20:00:00;1.55029;1.54813;1.54877;1.54823;8228
2015.09.17;00:00:00;1.55191;1.54873;1.55053;1.54876;8001
2015.09.17;04:00:00;1.55198;1.55023;1.55041;1.55054;8978
2015.09.17;08:00:00;1.55245;1.54851;1.5502;1.55041;15047
2015.09.17;12:00:00;1.55479;1.55015;1.55375;1.55021;14309
2015.09.17;16:00:00;1.5548;1.5497;1.55179;1.55376;16727
2015.09.17;20:00:00;1.56269;1.55126;1.55881;1.55178;33996
2015.09.18;00:00:00;1.5589;1.55557;1.55656;1.55886;12812
2015.09.18;04:00:00;1.55796;1.55572;1.55698;1.55655;10969
2015.09.18;08:00:00;1.56323;1.5563;1.56311;1.55698;18493
2015.09.18;12:00:00;1.56577;1.56145;1.56478;1.56309;21503
2015.09.18;16:00:00;1.5656;1.55612;1.55795;1.56479;21854
2015.09.18;20:00:00;1.55804;1.55135;1.55234;1.558;14225
2015.09.21;00:00:00;1.55405;1.55143;1.55403;1.55225;7917
2015.09.21;04:00:00;1.55435;1.55304;1.55353;1.55403;8404
2015.09.21;08:00:00;1.5567;1.55207;1.5522;1.55352;16113
2015.09.21;12:00:00;1.55485;1.55042;1.55347;1.5522;18447
2015.09.21;16:00:00;1.55347;1.54798;1.55042;1.55347;20289
2015.09.21;20:00:00;1.55094;1.54916;1.5506;1.55042;10365
2015.09.22;00:00:00;1.55156;1.55029;1.55116;1.55074;7443
2015.09.22;04:00:00;1.55279;1.55104;1.55124;1.55115;10237
2015.09.22;08:00:00;1.5513;1.546;1.54781;1.55126;18223
2015.09.22;12:00:00;1.54868;1.54282;1.54318;1.54781;20887
2015.09.22;16:00:00;1.54329;1.53396;1.53714;1.54321;21781
2015.09.22;20:00:00;1.53816;1.53557;1.53619;1.53714;9616
2015.09.23;00:00:00;1.5366;1.5342;1.53457;1.5361;6591
2015.09.23;04:00:00;1.53538;1.53379;1.53457;1.53459;8024
2015.09.23;08:00:00;1.53632;1.52969;1.53382;1.53457;17491
2015.09.23;12:00:00;1.53419;1.52509;1.52544;1.53382;21210
2015.09.23;16:00:00;1.52652;1.52199;1.52612;1.52545;26282
2015.09.23;20:00:00;1.52627;1.52336;1.52422;1.52616;13314
2015.09.24;00:00:00;1.52526;1.52398;1.52457;1.52423;7469
2015.09.24;04:00:00;1.52591;1.52424;1.52578;1.52457;8798
2015.09.24;08:00:00;1.52842;1.52561;1.52607;1.52578;18061
2015.09.24;12:00:00;1.52843;1.51997;1.52177;1.52603;25662
2015.09.24;16:00:00;1.5288;1.52116;1.52475;1.52177;26049
2015.09.24;20:00:00;1.52591;1.5228;1.52413;1.52475;12660
2015.09.25;00:00:00;1.52414;1.52045;1.52175;1.52414;14322
2015.09.25;04:00:00;1.52278;1.52095;1.52246;1.52175;9711
2015.09.25;08:00:00;1.52596;1.52079;1.52289;1.52246;17766
2015.09.25;12:00:00;1.52324;1.51511;1.51841;1.52288;22127
2015.09.25;16:00:00;1.52053;1.51343;1.51759;1.5184;22776
2015.09.25;20:00:00;1.52058;1.51564;1.51811;1.51759;10348
2015.09.28;00:00:00;1.52091;1.5179;1.51972;1.51873;6369
2015.09.28;04:00:00;1.52056;1.51881;1.52031;1.51973;6379
2015.09.28;08:00:00;1.52362;1.51778;1.52298;1.52031;15707
2015.09.28;12:00:00;1.52404;1.51782;1.51851;1.52298;17904
2015.09.28;16:00:00;1.52112;1.51565;1.51985;1.5185;24236
2015.09.28;20:00:00;1.52003;1.51642;1.51715;1.51985;11076
2015.09.29;00:00:00;1.51761;1.51604;1.51625;1.51734;7557
2015.09.29;04:00:00;1.51711;1.51554;1.51646;1.51625;7735
2015.09.29;08:00:00;1.52042;1.51613;1.51926;1.51645;18519
2015.09.29;12:00:00;1.5195;1.51394;1.51467;1.51926;20496
2015.09.29;16:00:00;1.51696;1.5128;1.51597;1.51467;26313
2015.09.29;20:00:00;1.51664;1.51464;1.51464;1.51599;12884
2015.09.30;00:00:00;1.51602;1.51468;1.51509;1.51468;7657
2015.09.30;04:00:00;1.51728;1.51471;1.51663;1.51507;7668
2015.09.30;08:00:00;1.51874;1.51305;1.51774;1.51664;17453
2015.09.30;12:00:00;1.52128;1.51515;1.51723;1.51774;21374
2015.09.30;16:00:00;1.51922;1.51065;1.51307;1.51723;26202
2015.09.30;20:00:00;1.51395;1.51154;1.51259;1.51309;11237
2015.10.01;00:00:00;1.51293;1.51177;1.51237;1.5126;6703
2015.10.01;04:00:00;1.51353;1.51236;1.51305;1.51238;9558
2015.10.01;08:00:00;1.51502;1.51059;1.51491;1.51305;16479
2015.10.01;12:00:00;1.51564;1.51211;1.51484;1.51493;19918
2015.10.01;16:00:00;1.51793;1.51446;1.51482;1.51484;20645
2015.10.01;20:00:00;1.51492;1.51255;1.5129;1.51481;9993
2015.10.02;00:00:00;1.51429;1.5127;1.51415;1.51297;6157
2015.10.02;04:00:00;1.51473;1.51345;1.51432;1.51414;10328
2015.10.02;08:00:00;1.51721;1.5137;1.5156;1.51433;14841
2015.10.02;12:00:00;1.52366;1.5142;1.5225;1.51566;23150
2015.10.02;16:00:00;1.52321;1.51862;1.52002;1.5225;31388
2015.10.02;20:00:00;1.52031;1.51667;1.51769;1.52002;13204
2015.10.05;00:00:00;1.51989;1.51675;1.51979;1.51878;9104
2015.10.05;04:00:00;1.52178;1.51973;1.52116;1.5198;9165
2015.10.05;08:00:00;1.52436;1.51712;1.51886;1.52118;19911
2015.10.05;12:00:00;1.52138;1.51639;1.51689;1.51887;23212
2015.10.05;16:00:00;1.51843;1.51389;1.51539;1.5169;22683
2015.10.05;20:00:00;1.51609;1.51358;1.51444;1.51538;9839
2015.10.06;00:00:00;1.5154;1.51414;1.51446;1.51444;7588
2015.10.06;04:00:00;1.51672;1.5139;1.51614;1.51447;6864
2015.10.06;08:00:00;1.51709;1.5139;1.51696;1.51613;15021
2015.10.06;12:00:00;1.51793;1.51587;1.51734;1.51696;15783
2015.10.06;16:00:00;1.52335;1.51721;1.52247;1.51734;20340
2015.10.06;20:00:00;1.52421;1.52188;1.52249;1.52248;9341
2015.10.07;00:00:00;1.5233;1.52183;1.52275;1.52234;7384
2015.10.07;04:00:00;1.52564;1.5227;1.52429;1.52274;9552
2015.10.07;08:00:00;1.53102;1.52398;1.52983;1.52429;18052
2015.10.07;12:00:00;1.5317;1.52838;1.5317;1.52983;20136
2015.10.07;16:00:00;1.53387;1.52823;1.53167;1.5317;23830
2015.10.07;20:00:00;1.53274;1.53097;1.53163;1.53166;8711
2015.10.08;00:00:00;1.53183;1.5311;1.53151;1.53164;5254
2015.10.08;04:00:00;1.53186;1.52966;1.53072;1.53151;7556
2015.10.08;08:00:00;1.53361;1.53067;1.53252;1.53072;15322
2015.10.08;12:00:00;1.53713;1.52664;1.52811;1.53255;24776
2015.10.08;16:00:00;1.53285;1.52604;1.53234;1.52807;20266
2015.10.08;20:00:00;1.53701;1.53185;1.53444;1.53235;17793
2015.10.09;00:00:00;1.53556;1.5342;1.53533;1.53457;7350
2015.10.09;04:00:00;1.53725;1.53511;1.53682;1.53534;7370
2015.10.09;08:00:00;1.53825;1.53364;1.53596;1.53681;19641
2015.10.09;12:00:00;1.53793;1.53216;1.53454;1.53595;26820
2015.10.09;16:00:00;1.53466;1.52992;1.5327;1.53455;22641
2015.10.09;20:00:00;1.53391;1.53045;1.53077;1.53271;9554
2015.10.12;00:00:00;1.53293;1.53083;1.53259;1.53114;8753
2015.10.12;04:00:00;1.53365;1.53189;1.53302;1.5326;5661
2015.10.12;08:00:00;1.53655;1.53256;1.53466;1.53303;14093
2015.10.12;12:00:00;1.53724;1.53417;1.53622;1.53467;18817
2015.10.12;16:00:00;1.53718;1.53337;1.53578;1.53623;19004
2015.10.12;20:00:00;1.53617;1.53369;1.53464;1.53583;7989
2015.10.13;00:00:00;1.53474;1.52995;1.5312;1.53474;6470
2015.10.13;04:00:00;1.53194;1.5302;1.53169;1.53121;6818
2015.10.13;08:00:00;1.53869;1.52298;1.52423;1.53168;24113
2015.10.13;12:00:00;1.52566;1.51994;1.52176;1.52422;23911
2015.10.13;16:00:00;1.52506;1.52008;1.52455;1.52175;23589
2015.10.13;20:00:00;1.52634;1.5238;1.52459;1.52454;10663
2015.10.14;00:00:00;1.52663;1.52461;1.5256;1.52461;6526
2015.10.14;04:00:00;1.52897;1.52529;1.52826;1.52561;8025
2015.10.14;08:00:00;1.53654;1.5273;1.5364;1.52826;20982
2015.10.14;12:00:00;1.54212;1.53372;1.54129;1.53637;25069
2015.10.14;16:00:00;1.54576;1.54001;1.54545;1.5413;23860
2015.10.14;20:00:00;1.54934;1.54541;1.54755;1.54547;13203
2015.10.15;00:00:00;1.54833;1.54671;1.5469;1.54752;7793
2015.10.15;04:00:00;1.548;1.54599;1.54695;1.5469;9144
2015.10.15;08:00:00;1.55004;1.54572;1.54837;1.54695;21754
2015.10.15;12:00:00;1.55063;1.54144;1.54297;1.54837;25125
2015.10.15;16:00:00;1.55077;1.54139;1.54941;1.543;27750
2015.10.15;20:00:00;1.54959;1.54379;1.54541;1.54942;9913
2015.10.16;00:00:00;1.54806;1.54342;1.54681;1.54539;9852
2015.10.16;04:00:00;1.54765;1.54602;1.54691;1.54681;7580
2015.10.16;08:00:00;1.54852;1.54489;1.54507;1.54689;16257
2015.10.16;12:00:00;1.54588;1.54332;1.54412;1.54507;20887
2015.10.16;16:00:00;1.54649;1.54304;1.54465;1.54411;22038
2015.10.16;20:00:00;1.54599;1.54292;1.54402;1.54467;9266
2015.10.19;00:00:00;1.54424;1.54286;1.54323;1.54376;5329
2015.10.19;04:00:00;1.54419;1.54265;1.54399;1.54323;7292
2015.10.19;08:00:00;1.54806;1.54376;1.54636;1.54403;14208
2015.10.19;12:00:00;1.54958;1.54492;1.54865;1.54636;19324
2015.10.19;16:00:00;1.54896;1.54625;1.54715;1.54866;17051
2015.10.19;20:00:00;1.54744;1.54583;1.54629;1.54713;6598
2015.10.20;00:00:00;1.54764;1.54552;1.54735;1.54629;7094
2015.10.20;04:00:00;1.54799;1.54693;1.54762;1.54736;4889
2015.10.20;08:00:00;1.55054;1.54646;1.54759;1.54762;15241
2015.10.20;12:00:00;1.54999;1.54675;1.54806;1.54758;19783
2015.10.20;16:00:00;1.54849;1.54504;1.54578;1.54806;16932
2015.10.20;20:00:00;1.5466;1.54344;1.54427;1.54576;7334
2015.10.21;00:00:00;1.54466;1.5439;1.54454;1.54427;5468
2015.10.21;04:00:00;1.54456;1.54363;1.54442;1.54453;5068
2015.10.21;08:00:00;1.54462;1.54142;1.54379;1.54443;16389
2015.10.21;12:00:00;1.54606;1.5433;1.54427;1.54376;18950
2015.10.21;16:00:00;1.54763;1.54327;1.54397;1.54427;16336
2015.10.21;20:00:00;1.54463;1.54117;1.54147;1.54401;8391
2015.10.22;00:00:00;1.54251;1.54114;1.54201;1.54147;5966
2015.10.22;04:00:00;1.54354;1.54196;1.54245;1.54203;8340
2015.10.22;08:00:00;1.55067;1.54211;1.54749;1.54244;17085
2015.10.22;12:00:00;1.54864;1.54041;1.5426;1.54747;25168
2015.10.22;16:00:00;1.54312;1.53684;1.53848;1.5426;28211
2015.10.22;20:00:00;1.53999;1.5384;1.53922;1.53846;10363
2015.10.23;00:00:00;1.53936;1.53743;1.53901;1.53917;9892
2015.10.23;04:00:00;1.54131;1.53901;1.5403;1.53901;9153
2015.10.23;08:00:00;1.54151;1.53874;1.54052;1.5403;19568
2015.10.23;12:00:00;1.54181;1.53771;1.53773;1.54052;24185
2015.10.23;16:00:00;1.53774;1.53246;1.53421;1.53772;21999
2015.10.23;20:00:00;1.53423;1.53051;1.53107;1.53423;9611
2015.10.25;23:00:00;1.53197;1.53065;1.5307;1.53151;2079
2015.10.26;00:00:00;1.53234;1.53054;1.53189;1.53071;10374
2015.10.26;04:00:00;1.53391;1.53178;1.5333;1.5319;6773
2015.10.26;08:00:00;1.53484;1.53123;1.53458;1.53329;15451
2015.10.26;12:00:00;1.53482;1.53236;1.53394;1.53458;18722
2015.10.26;16:00:00;1.5381;1.5339;1.53635;1.5339;19451
2015.10.26;20:00:00;1.53662;1.53417;1.53486;1.53633;7267
2015.10.27;00:00:00;1.53557;1.53451;1.53497;1.53483;5469
2015.10.27;04:00:00;1.53579;1.53459;1.53534;1.53496;7464
2015.10.27;08:00:00;1.53537;1.53056;1.53322;1.53534;17825
2015.10.27;12:00:00;1.53554;1.53118;1.53118;1.53309;21521
2015.10.27;16:00:00;1.53214;1.52817;1.53033;1.53125;19781
2015.10.27;20:00:00;1.53091;1.52964;1.53037;1.53032;7788
2015.10.28;00:00:00;1.53143;1.52999;1.53081;1.53037;11811
2015.10.28;04:00:00;1.53082;1.52953;1.52981;1.53082;6260
2015.10.28;08:00:00;1.53134;1.52883;1.53034;1.52982;14356
2015.10.28;12:00:00;1.53073;1.52753;1.5284;1.53034;19144
2015.10.28;16:00:00;1.53464;1.52842;1.53166;1.52842;20799
2015.10.28;20:00:00;1.53383;1.52478;1.52662;1.53183;24111
2015.10.29;00:00:00;1.52708;1.5259;1.52657;1.52666;11298
2015.10.29;04:00:00;1.52676;1.52525;1.52559;1.52656;7740
2015.10.29;08:00:00;1.5274;1.52514;1.5269;1.52557;19307
2015.10.29;12:00:00;1.52864;1.52413;1.52798;1.52686;21448
2015.10.29;16:00:00;1.53147;1.52798;1.53014;1.52798;19554
2015.10.29;20:00:00;1.53207;1.52948;1.5311;1.5301;8624
2015.10.30;00:00:00;1.53349;1.53086;1.53197;1.53115;9675
2015.10.30;04:00:00;1.53304;1.53081;1.53124;1.53196;12800
2015.10.30;08:00:00;1.53579;1.5312;1.5337;1.53125;17691
2015.10.30;12:00:00;1.5366;1.53311;1.53658;1.53371;22316
2015.10.30;16:00:00;1.54667;1.53622;1.54454;1.53636;25315
2015.10.30;20:00:00;1.54493;1.54103;1.54257;1.54456;8561
2015.11.02;00:00:00;1.5454;1.54261;1.54332;1.54494;10502
2015.11.02;04:00:00;1.54335;1.5425;1.5432;1.54333;6694
2015.11.02;08:00:00;1.54966;1.54221;1.54721;1.54318;17675
2015.11.02;12:00:00;1.54796;1.5454;1.54662;1.54721;18067
2015.11.02;16:00:00;1.54728;1.54032;1.54209;1.54662;19755
2015.11.02;20:00:00;1.54218;1.54046;1.54157;1.5421;7279
2015.11.03;00:00:00;1.54268;1.54106;1.54186;1.54156;6565
2015.11.03;04:00:00;1.54276;1.54104;1.54246;1.54186;7517
2015.11.03;08:00:00;1.54445;1.54019;1.54076;1.54246;15851
2015.11.03;12:00:00;1.54218;1.53623;1.53722;1.54076;18043
2015.11.03;16:00:00;1.54228;1.53587;1.5416;1.53728;20337
2015.11.03;20:00:00;1.54379;1.54091;1.54195;1.54159;10229
2015.11.04;00:00:00;1.54228;1.54127;1.54163;1.54195;9538
2015.11.04;04:00:00;1.54235;1.54124;1.54226;1.54163;7889
2015.11.04;08:00:00;1.54442;1.54091;1.54261;1.54226;17066
2015.11.04;12:00:00;1.54343;1.53921;1.53964;1.54261;17326
2015.11.04;16:00:00;1.54016;1.53638;1.53683;1.53965;24446
2015.11.04;20:00:00;1.53892;1.536;1.5382;1.53683;8303
2015.11.05;00:00:00;1.53937;1.5376;1.53805;1.5383;8467
2015.11.05;04:00:00;1.53888;1.53773;1.53849;1.53804;6878
2015.11.05;08:00:00;1.54006;1.53774;1.53792;1.53847;16748
2015.11.05;12:00:00;1.53908;1.52272;1.52354;1.53793;27749
2015.11.05;16:00:00;1.52628;1.52094;1.52098;1.52351;23759
2015.11.05;20:00:00;1.52172;1.5204;1.5207;1.52096;8497
2015.11.06;00:00:00;1.52185;1.52047;1.52175;1.52069;6427
2015.11.06;04:00:00;1.52175;1.52016;1.52052;1.52175;7415
2015.11.06;08:00:00;1.52059;1.51547;1.51553;1.52052;19000
2015.11.06;12:00:00;1.51558;1.50279;1.50445;1.51554;26221
2015.11.06;16:00:00;1.50856;1.50292;1.50367;1.50444;28429
2015.11.06;20:00:00;1.50525;1.50263;1.50464;1.50367;9112
2015.11.09;00:00:00;1.50621;1.50392;1.5061;1.50495;9776
2015.11.09;04:00:00;1.50755;1.50597;1.50749;1.50613;8198
2015.11.09;08:00:00;1.50871;1.50571;1.50664;1.5075;15366
2015.11.09;12:00:00;1.51141;1.50661;1.50873;1.50667;18487
2015.11.09;16:00:00;1.51274;1.50818;1.5112;1.50871;20260
2015.11.09;20:00:00;1.51242;1.51102;1.51127;1.51117;6924
2015.11.10;00:00:00;1.51233;1.51112;1.51167;1.51131;8346
2015.11.10;04:00:00;1.51181;1.51021;1.51054;1.51166;5717
2015.11.10;08:00:00;1.5115;1.50906;1.51057;1.51053;16065
2015.11.10;12:00:00;1.51445;1.51002;1.51138;1.51056;19916
2015.11.10;16:00:00;1.51312;1.51008;1.51079;1.51138;16299
2015.11.10;20:00:00;1.51248;1.51013;1.51169;1.5108;7246
2015.11.11;00:00:00;1.51843;1.51151;1.51652;1.51169;10408
2015.11.11;04:00:00;1.51804;1.5162;1.51635;1.51653;9998
2015.11.11;08:00:00;1.51762;1.51325;1.5143;1.51635;16621
2015.11.11;12:00:00;1.51931;1.5141;1.51911;1.51429;16894
2015.11.11;16:00:00;1.52195;1.51786;1.5196;1.5191;18113
2015.11.11;20:00:00;1.522;1.51949;1.52114;1.51958;6614
2015.11.12;00:00:00;1.52455;1.52067;1.52377;1.52107;12965
2015.11.12;04:00:00;1.52379;1.52164;1.52213;1.52377;8958
2015.11.12;08:00:00;1.52217;1.51731;1.51848;1.52212;17987
2015.11.12;12:00:00;1.52011;1.51758;1.51876;1.51846;18050
2015.11.12;16:00:00;1.52412;1.51776;1.52092;1.51878;28443
2015.11.12;20:00:00;1.5234;1.52037;1.5229;1.52092;10832
2015.11.13;00:00:00;1.52346;1.5214;1.5216;1.5229;9647
2015.11.13;04:00:00;1.52202;1.52065;1.52081;1.52159;8176
2015.11.13;08:00:00;1.52316;1.51982;1.52211;1.5208;13519
2015.11.13;12:00:00;1.52637;1.5208;1.52259;1.5221;21339
2015.11.13;16:00:00;1.52329;1.51866;1.52047;1.5226;20279
2015.11.13;20:00:00;1.52359;1.5202;1.52355;1.52047;7817
2015.11.16;00:00:00;1.52311;1.52059;1.52104;1.52241;14532
2015.11.16;04:00:00;1.5218;1.52085;1.52139;1.52105;6299
2015.11.16;08:00:00;1.52266;1.51805;1.51939;1.5214;15627
2015.11.16;12:00:00;1.52082;1.51892;1.51981;1.51939;16685
2015.11.16;16:00:00;1.52179;1.51857;1.52116;1.51981;17571
2015.11.16;20:00:00;1.52134;1.51956;1.52008;1.52114;6726
2015.11.17;00:00:00;1.52039;1.5185;1.51906;1.5199;7641
2015.11.17;04:00:00;1.51916;1.51661;1.51717;1.51905;7689
2015.11.17;08:00:00;1.52117;1.51537;1.52111;1.51717;17083
2015.11.17;12:00:00;1.52161;1.51886;1.52046;1.52109;18422
2015.11.17;16:00:00;1.52378;1.51994;1.52149;1.52045;20875
2015.11.17;20:00:00;1.5218;1.52024;1.52105;1.52148;9746
2015.11.18;00:00:00;1.52194;1.5201;1.5201;1.52106;7464
2015.11.18;04:00:00;1.5206;1.5191;1.5206;1.52011;7308
2015.11.18;08:00:00;1.52476;1.51871;1.5229;1.52059;17977
2015.11.18;12:00:00;1.52358;1.52012;1.52096;1.5229;16682
2015.11.18;16:00:00;1.52242;1.51872;1.52125;1.52095;18279
2015.11.18;20:00:00;1.52422;1.52017;1.52342;1.52122;15261
2015.11.19;00:00:00;1.52931;1.52266;1.52823;1.52341;10572
2015.11.19;04:00:00;1.52887;1.52683;1.52788;1.52825;11562
2015.11.19;08:00:00;1.5292;1.52307;1.52515;1.52787;18800
2015.11.19;12:00:00;1.52739;1.52489;1.52723;1.52514;20312
2015.11.19;16:00:00;1.53348;1.52655;1.52957;1.52724;25282
2015.11.19;20:00:00;1.53019;1.52843;1.52899;1.52958;8194
2015.11.20;00:00:00;1.52924;1.52702;1.52786;1.52897;9614
2015.11.20;04:00:00;1.52986;1.52755;1.52852;1.52783;10148
2015.11.20;08:00:00;1.52934;1.52614;1.52933;1.52851;18015
2015.11.20;12:00:00;1.53089;1.52336;1.52397;1.52937;18295
2015.11.20;16:00:00;1.52542;1.51852;1.51927;1.52397;20317
2015.11.20;20:00:00;1.51999;1.51818;1.51908;1.51929;8282
2015.11.23;00:00:00;1.51959;1.51635;1.51686;1.51748;8597
2015.11.23;04:00:00;1.51753;1.51564;1.51676;1.51685;10938
2015.11.23;08:00:00;1.51753;1.51396;1.51592;1.51676;19074
2015.11.23;12:00:00;1.51635;1.51243;1.51617;1.51589;20865
2015.11.23;16:00:00;1.51893;1.51212;1.51267;1.51617;22325
2015.11.23;20:00:00;1.51302;1.51082;1.51225;1.51262;8258
2015.11.24;00:00:00;1.51383;1.51176;1.51304;1.51224;9386
2015.11.24;04:00:00;1.51375;1.51291;1.51362;1.51304;7119
2015.11.24;08:00:00;1.51546;1.51133;1.513;1.51363;16735
2015.11.24;12:00:00;1.51318;1.50677;1.50768;1.51299;23810
2015.11.24;16:00:00;1.50789;1.50527;1.50701;1.50768;23914
2015.11.24;20:00:00;1.50923;1.5067;1.50779;1.50702;10597
2015.11.25;00:00:00;1.50915;1.50725;1.50914;1.50767;8995
2015.11.25;04:00:00;1.51135;1.50908;1.51026;1.50914;9728
2015.11.25;08:00:00;1.51089;1.50671;1.50761;1.51026;20648
2015.11.25;12:00:00;1.51157;1.50553;1.51157;1.50762;25002
2015.11.25;16:00:00;1.51274;1.50654;1.51122;1.51157;22612
2015.11.25;20:00:00;1.51353;1.51121;1.51271;1.51122;9633
2015.11.26;00:00:00;1.51283;1.51133;1.51217;1.51271;11532
2015.11.26;04:00:00;1.51297;1.51172;1.51201;1.51217;6149
2015.11.26;08:00:00;1.51251;1.50668;1.50763;1.51199;14714
2015.11.26;12:00:00;1.51125;1.50652;1.51122;1.50763;15909
2015.11.26;16:00:00;1.51273;1.51067;1.51084;1.51122;12398
2015.11.26;20:00:00;1.51116;1.50898;1.51004;1.51083;22956
2015.11.27;00:00:00;1.5105;1.50916;1.50946;1.51005;8297
2015.11.27;04:00:00;1.5099;1.50846;1.50883;1.50946;6758
2015.11.27;08:00:00;1.51089;1.50319;1.5035;1.50884;20339
2015.11.27;12:00:00;1.50651;1.50304;1.50481;1.5035;18750
2015.11.27;16:00:00;1.50688;1.50294;1.50462;1.50477;16471
2015.11.27;20:00:00;1.50475;1.50291;1.50291;1.50462;12241
2015.11.30;00:00:00;1.50417;1.50144;1.50214;1.5032;9568
2015.11.30;04:00:00;1.50323;1.50201;1.50288;1.50215;6194
2015.11.30;08:00:00;1.5049;1.50003;1.50087;1.5029;15004
2015.11.30;12:00:00;1.50318;1.49927;1.50177;1.50087;19312
2015.11.30;16:00:00;1.50659;1.50136;1.50338;1.50177;20831
2015.11.30;20:00:00;1.50676;1.50335;1.50549;1.50337;8547
2015.12.01;00:00:00;1.50873;1.50501;1.50788;1.50548;11191
2015.12.01;04:00:00;1.51015;1.50768;1.50992;1.50787;12325
2015.12.01;08:00:00;1.51247;1.50779;1.50842;1.50993;18772
2015.12.01;12:00:00;1.50942;1.50587;1.50644;1.50843;16518
2015.12.01;16:00:00;1.50944;1.50495;1.50723;1.50644;22775
2015.12.01;20:00:00;1.5086;1.50694;1.50796;1.50725;8266
2015.12.02;00:00:00;1.50821;1.50671;1.50716;1.50796;9160
2015.12.02;04:00:00;1.50717;1.5061;1.50622;1.50716;6717
2015.12.02;08:00:00;1.50799;1.50299;1.50387;1.50622;17562
2015.12.02;12:00:00;1.50578;1.49923;1.49943;1.50388;20585
2015.12.02;16:00:00;1.50109;1.48939;1.49306;1.49943;28668
2015.12.02;20:00:00;1.49557;1.49255;1.49501;1.49307;15714
2015.12.03;00:00:00;1.49504;1.49321;1.49339;1.49504;9062
2015.12.03;04:00:00;1.49348;1.49203;1.49214;1.4934;9132
2015.12.03;08:00:00;1.49487;1.49034;1.4933;1.49211;18798
2015.12.03;12:00:00;1.50684;1.49203;1.50417;1.49329;33034
2015.12.03;16:00:00;1.51213;1.50222;1.50997;1.50416;35986
2015.12.03;20:00:00;1.51579;1.50979;1.51414;1.50996;21021
2015.12.04;00:00:00;1.51554;1.51179;1.51252;1.51417;13818
2015.12.04;04:00:00;1.51315;1.51127;1.51227;1.51252;12537
2015.12.04;08:00:00;1.51357;1.5077;1.5123;1.51226;24334
2015.12.04;12:00:00;1.51508;1.50799;1.51131;1.51231;30518
2015.12.04;16:00:00;1.51491;1.50813;1.50992;1.5113;39203
2015.12.04;20:00:00;1.51156;1.50949;1.51038;1.50992;12882
2015.12.07;00:00:00;1.51137;1.50972;1.51;1.50981;7902
2015.12.07;04:00:00;1.51031;1.50936;1.50972;1.51004;7313
2015.12.07;08:00:00;1.51136;1.50533;1.50647;1.50972;15743
2015.12.07;12:00:00;1.50905;1.50556;1.50764;1.50645;15901
2015.12.07;16:00:00;1.50809;1.50597;1.506;1.50763;23753
2015.12.07;20:00:00;1.50764;1.50437;1.50531;1.50602;10777
2015.12.08;00:00:00;1.50557;1.50418;1.50498;1.5054;8817
2015.12.08;04:00:00;1.50543;1.50368;1.50424;1.50497;8745
2015.12.08;08:00:00;1.50602;1.50009;1.501;1.50424;16748
2015.12.08;12:00:00;1.50149;1.49557;1.49654;1.50102;23361
2015.12.08;16:00:00;1.50113;1.4965;1.50077;1.49654;24270
2015.12.08;20:00:00;1.50127;1.49935;1.50063;1.50075;11119
2015.12.09;00:00:00;1.50229;1.50035;1.50149;1.50064;8746
2015.12.09;04:00:00;1.50227;1.50062;1.50112;1.50151;9525
2015.12.09;08:00:00;1.50498;1.50111;1.50483;1.50111;16269
2015.12.09;12:00:00;1.51152;1.50481;1.511;1.50482;21619
2015.12.09;16:00:00;1.51826;1.51092;1.51666;1.511;28164
2015.12.09;20:00:00;1.51907;1.51585;1.51782;1.51668;20708
2015.12.10;00:00:00;1.51953;1.51725;1.51764;1.51783;15939
2015.12.10;04:00:00;1.51823;1.51691;1.5177;1.51764;8280
2015.12.10;08:00:00;1.51879;1.51553;1.51786;1.5177;18078
2015.12.10;12:00:00;1.52013;1.51102;1.51573;1.51786;25556
2015.12.10;16:00:00;1.51865;1.51513;1.51677;1.51573;21297
2015.12.10;20:00:00;1.51707;1.51492;1.5158;1.51675;9369
2015.12.11;00:00:00;1.51625;1.514;1.51443;1.51589;11088
2015.12.11;04:00:00;1.51453;1.51311;1.51318;1.51446;5946
2015.12.11;08:00:00;1.5167;1.51317;1.51351;1.5132;14869
2015.12.11;12:00:00;1.51733;1.51244;1.51644;1.51351;22804
2015.12.11;16:00:00;1.52288;1.51642;1.52155;1.51643;30607
2015.12.11;20:00:00;1.52387;1.52106;1.522;1.52155;12287
2015.12.14;00:00:00;1.52297;1.51787;1.51973;1.52282;10487
2015.12.14;04:00:00;1.52004;1.51808;1.51965;1.51972;10468
2015.12.14;08:00:00;1.51974;1.51427;1.51678;1.51965;17815
2015.12.14;12:00:00;1.51776;1.51066;1.51392;1.51676;23045
2015.12.14;16:00:00;1.51541;1.51143;1.51417;1.51391;29682
2015.12.14;20:00:00;1.5157;1.51278;1.51395;1.5142;10513
2015.12.15;00:00:00;1.51837;1.51393;1.51581;1.51393;11280
2015.12.15;04:00:00;1.51709;1.51525;1.51683;1.51582;8782
2015.12.15;08:00:00;1.51746;1.51356;1.51577;1.51683;20311
2015.12.15;12:00:00;1.5168;1.5131;1.51633;1.51574;22710
2015.12.15;16:00:00;1.51834;1.50323;1.50546;1.51642;28356
2015.12.15;20:00:00;1.50546;1.50538;1.50543;1.50546;11
