DATE;TIME;HIGH;LOW;CLOSE;OPEN;VOLUME
2015.04.27;12:00:00;11872;11849.9;11863;11850;35
2015.04.27;16:00:00;11934.8;11758.3;11826;11863.3;6037
2015.04.27;20:00:00;12079.8;11817.3;12069.5;11826.5;6930
2015.04.28;00:00:00;12081;12009.5;12040.5;12072.8;5581
2015.04.28;04:00:00;12054;12010.8;12025.6;12040.3;2842
2015.04.28;08:00:00;12045.2;12020.3;12024.9;12025.9;799
2015.04.28;12:00:00;12030.5;12012.6;12026.9;12024.5;758
2015.04.28;16:00:00;12074.8;11992;12001.5;12026.6;4900
2015.04.28;20:00:00;12005;11882;11913.3;12002.3;12590
2015.04.29;00:00:00;11924;11772;11844;11913;16921
2015.04.29;04:00:00;11870.4;11808.5;11858.7;11843.8;5712
2015.04.29;08:00:00;11862.1;11850.6;11861.4;11859;553
2015.04.29;12:00:00;11862.8;11842.4;11846.6;11861.7;614
2015.04.29;16:00:00;11909.8;11796.5;11868.8;11847;10418
2015.04.29;20:00:00;11871.3;11603.5;11656;11869;14006
2015.04.30;00:00:00;11684.3;11383;11456.5;11656.3;21363
2015.04.30;04:00:00;11526.3;11425.3;11504.1;11456.8;8964
2015.04.30;08:00:00;11538.1;11494.7;11513.6;11503.8;782
2015.04.30;12:00:00;11523;11481.7;11488.4;11513.9;960
2015.04.30;16:00:00;11518.3;11353.3;11488.8;11488.1;13711
2015.04.30;20:00:00;11576.8;11406.5;11538.3;11489.5;12984
2015.05.01;00:00:00;11589.8;11409.8;11421;11539.3;17787
2015.05.01;04:00:00;11466.8;11364.8;11418.4;11421.3;7992
2015.05.01;08:00:00;11435.4;11410.7;11434.7;11419.1;780
2015.05.01;12:00:00;11434.7;11424.5;11428.4;11434.3;492
2015.05.01;16:00:00;11453.2;11425.2;11436.9;11429.4;887
2015.05.01;20:00:00;11459.8;11434.6;11452.5;11437.2;1170
2015.05.04;00:00:00;11504.6;11445.5;11482.7;11453.2;9478
2015.05.04;04:00:00;11519.7;11470.5;11514.8;11482.4;4297
2015.05.04;08:00:00;11517.2;11501.4;11505.6;11517.2;688
2015.05.04;12:00:00;11521;11501.7;11521;11505.2;395
2015.05.04;16:00:00;11626.8;11423;11583.3;11540.8;12556
2015.05.04;20:00:00;11674;11572.8;11638.8;11582.8;9407
2015.05.05;00:00:00;11677.5;11624.3;11633.8;11637.5;7938
2015.05.05;04:00:00;11644.3;11616.8;11628;11633.5;3052
2015.05.05;08:00:00;11632.8;11621.6;11626.5;11626.9;410
2015.05.05;12:00:00;11628.6;11612.8;11616.1;11626.1;445
2015.05.05;16:00:00;11768.5;11543.5;11704.5;11615.4;12156
2015.05.05;20:00:00;11726.3;11475.3;11498;11705.3;14744
2015.05.06;00:00:00;11544.3;11322;11352.8;11492.8;19948
2015.05.06;04:00:00;11356.5;11309.8;11346.9;11352.5;6555
2015.05.06;08:00:00;11355.9;11344;11350;11347.3;604
2015.05.06;12:00:00;11385;11346.9;11375.6;11350.4;748
2015.05.06;16:00:00;11458.8;11277;11419.8;11376.6;12484
2015.05.06;20:00:00;11473;11364.8;11378;11419.5;11866
2015.05.07;00:00:00;11412;11252;11352.3;11378.8;17798
2015.05.07;04:00:00;11353.5;11292;11345.2;11352.5;6006
2015.05.07;08:00:00;11348.8;11322.3;11346.3;11344.9;830
2015.05.07;12:00:00;11363.4;11335.8;11352.6;11347.7;958
2015.05.07;16:00:00;11375.8;11227.3;11262.5;11352.9;9322
2015.05.07;20:00:00;11427;11177;11356;11264.3;12541
2015.05.08;00:00:00;11450.5;11355.5;11406.5;11357;14412
2015.05.08;04:00:00;11421.5;11389.5;11398;11406.8;3938
2015.05.08;08:00:00;11415.8;11396.2;11409.9;11398.3;674
2015.05.08;12:00:00;11421.7;11407.1;11418.2;11409.5;670
2015.05.08;16:00:00;11533.3;11411.8;11489.5;11417.8;9628
2015.05.08;20:00:00;11610.8;11439.3;11575;11489.8;8912
2015.05.11;00:00:00;11739.3;11556.5;11730;11575.5;14327
2015.05.11;04:00:00;11742.3;11705.8;11710.7;11729.8;3550
2015.05.11;08:00:00;11728.9;11702.3;11709.6;11719.8;902
2015.05.11;12:00:00;11725;11702.9;11725;11708.6;530
2015.05.11;16:00:00;11729;11641.5;11648.3;11725.8;12663
2015.05.11;20:00:00;11703.3;11631.5;11686.5;11648;11773
2015.05.12;00:00:00;11702;11637.5;11641.8;11686;10536
2015.05.12;04:00:00;11647.5;11601.1;11607.1;11641.5;3420
2015.05.12;08:00:00;11619.2;11605.7;11616.1;11606.7;765
2015.05.12;12:00:00;11619.6;11604.5;11616.8;11616.8;711
2015.05.12;16:00:00;11656.5;11397.3;11422.5;11617.1;12931
2015.05.12;20:00:00;11501.3;11385.5;11484;11422;16691
2015.05.13;00:00:00;11535.3;11404.5;11484.8;11482.8;18306
2015.05.13;04:00:00;11511.4;11474;11503;11485;4890
2015.05.13;08:00:00;11522;11500;11516.8;11502.7;734
2015.05.13;12:00:00;11533.9;11515.4;11522.9;11516.4;807
2015.05.13;16:00:00;11605.3;11479;11557.8;11523.2;10806
2015.05.13;20:00:00;11592.8;11449.8;11469.5;11558;12571
2015.05.14;00:00:00;11518.8;11308.5;11325.5;11467.8;18468
2015.05.14;04:00:00;11348;11302.3;11339.8;11326.5;4735
2015.05.14;08:00:00;11351.8;11334.9;11334.9;11340.2;782
2015.05.14;12:00:00;11340.4;11326;11330.6;11334.3;716
2015.05.14;16:00:00;11402.5;11224.5;11385;11330.2;10801
2015.05.14;20:00:00;11460;11332.3;11456.3;11386.8;12378
2015.05.15;00:00:00;11590.8;11451.3;11568;11457.3;13554
2015.05.15;04:00:00;11584.3;11557.3;11573.8;11569.3;2886
2015.05.15;08:00:00;11584;11567.2;11577;11573.2;551
2015.05.15;12:00:00;11579.4;11571.1;11572.7;11577.3;616
2015.05.15;16:00:00;11646;11560.3;11620.3;11573.4;10740
2015.05.15;20:00:00;11640.5;11524.5;11568.5;11619.5;12647
2015.05.18;00:00:00;11571.5;11387.3;11462.8;11567;15553
2015.05.18;04:00:00;11480.8;11454;11470.8;11463.5;2568
2015.05.18;08:00:00;11472.4;11454.4;11455.8;11471.5;652
2015.05.18;12:00:00;11472;11455.4;11472;11455.4;427
2015.05.18;16:00:00;11590;11412.3;11521.3;11482.5;12051
2015.05.18;20:00:00;11551.5;11385;11546.8;11521.8;15727
2015.05.19;00:00:00;11633.3;11527;11630;11547.5;10425
2015.05.19;04:00:00;11643.3;11624.5;11633.3;11629;1983
2015.05.19;08:00:00;11642.5;11632.5;11641.8;11633.7;422
2015.05.19;12:00:00;11656.6;11642.5;11654.8;11642.9;443
2015.05.19;16:00:00;11850.3;11653.3;11839;11655.2;12314
2015.05.19;20:00:00;11848.8;11788.3;11825.8;11838.3;11163
2015.05.20;00:00:00;11885;11756.5;11863.5;11827;14240
2015.05.20;04:00:00;11884.3;11812;11821.8;11864.5;3714
2015.05.20;08:00:00;11827.5;11809.3;11823.8;11822.2;668
2015.05.20;12:00:00;11826.6;11800.7;11824.7;11821.8;904
2015.05.20;16:00:00;11889.8;11792.8;11801.3;11823.3;10787
2015.05.20;20:00:00;11851.8;11787.5;11822.8;11800.5;10345
2015.05.21;00:00:00;11879;11798;11853.8;11822.5;12824
2015.05.21;04:00:00;11870.8;11839.3;11848.7;11853.5;5259
2015.05.21;08:00:00;11848;11810.2;11832.2;11848;1064
2015.05.21;12:00:00;11834;11822.8;11831.9;11832.9;716
2015.05.21;16:00:00;11854.3;11764.8;11798.3;11832.2;9851
2015.05.21;20:00:00;11832;11781.3;11831.8;11800.8;10403
2015.05.22;00:00:00;11892.3;11822.5;11873;11832;12216
2015.05.22;04:00:00;11899.3;11863.3;11882.5;11873.3;3059
2015.05.22;08:00:00;11887.9;11869.7;11870.7;11883.2;542
2015.05.22;12:00:00;11899.1;11869.7;11889.9;11871.1;611
2015.05.22;16:00:00;11896.7;11842.5;11859.8;11890.2;7445
2015.05.22;20:00:00;11868;11795.3;11847.3;11860.3;10135
2015.05.25;00:00:00;11861.3;11807.3;11830.3;11846.8;10156
2015.05.25;04:00:00;11850.5;11821.5;11846.9;11830;3226
2015.05.25;08:00:00;11845.8;11819.7;11837.3;11845.8;702
2015.05.25;12:00:00;11849.3;11834.3;11840.3;11837.6;598
2015.05.25;16:00:00;11842.4;11783.7;11785;11841.3;689
2015.05.25;20:00:00;11807.4;11779.9;11806;11785.3;663
2015.05.26;00:00:00;11823.1;11782;11789.6;11806.7;737
2015.05.26;04:00:00;11789.2;11764.9;11772.4;11786.8;702
2015.05.26;08:00:00;11781.4;11762.5;11771.9;11773.1;940
2015.05.26;12:00:00;11932.3;11684;11767.3;11771.5;12236
2015.05.26;16:00:00;11811.5;11704.5;11731.3;11766.8;11539
2015.05.26;20:00:00;11737.8;11590.8;11636;11731;16830
2015.05.27;00:00:00;11666.1;11612.8;11660.4;11636.3;4940
2015.05.27;04:00:00;11666;11645.4;11653.2;11661.5;810
2015.05.27;08:00:00;11656.7;11641.6;11643.8;11652.8;836
2015.05.27;12:00:00;11695.8;11601.5;11644;11644.2;10637
2015.05.27;16:00:00;11681.3;11606.8;11643;11644.8;11454
2015.05.27;20:00:00;11800;11635.3;11773;11644.5;16174
2015.05.28;00:00:00;11792.5;11767.7;11768.7;11773.3;2918
2015.05.28;04:00:00;11780.1;11768.7;11779.4;11769.4;628
2015.05.28;08:00:00;11782.2;11766.4;11766.8;11780.1;946
2015.05.28;12:00:00;11774.5;11683.5;11763.5;11766.4;9691
2015.05.28;16:00:00;11776.8;11702.5;11724.8;11763.3;10630
2015.05.28;20:00:00;11756.3;11606.5;11668;11723.3;15358
2015.05.29;00:00:00;11709.9;11661.8;11709.9;11667;3247
2015.05.29;04:00:00;11713.1;11696.6;11708.9;11709.6;472
2015.05.29;08:00:00;11709.2;11695.2;11703.1;11709.2;698
2015.05.29;12:00:00;11719;11512;11568.5;11703.8;11473
2015.05.29;16:00:00;11662;11516.8;11560.3;11567.5;14007
2015.05.29;20:00:00;11583;11400.5;11454;11561;17871
2015.06.01;00:00:00;11471.5;11418.6;11436.8;11454.3;5080
2015.06.01;04:00:00;11454.2;11420.8;11450.3;11433.6;1258
2015.06.01;08:00:00;11490.4;11447.9;11490.4;11450.7;700
2015.06.01;12:00:00;11511;11344.8;11385.8;11501.3;15206
2015.06.01;16:00:00;11495.8;11362.8;11400;11385.3;15699
2015.06.01;20:00:00;11475.5;11362.8;11467;11404;13080
2015.06.02;00:00:00;11480.5;11440;11465.9;11467.3;2730
2015.06.02;04:00:00;11472.4;11457.9;11463.7;11466.3;625
2015.06.02;08:00:00;11471;11445.4;11446.4;11464;1103
2015.06.02;12:00:00;11484.8;11268;11286.5;11446.8;7274
2015.06.02;16:00:00;11411.5;11272.5;11369.8;11285.8;10394
2015.06.02;20:00:00;11371;11271.8;11343.5;11367.5;15163
2015.06.03;00:00:00;11369.3;11316.5;11323.9;11343.3;4123
2015.06.03;04:00:00;11331.7;11322.1;11329.6;11324.2;663
2015.06.03;08:00:00;11330.3;11322.6;11326.1;11328.9;733
2015.06.03;12:00:00;11406;11297;11372;11325.8;11862
2015.06.03;16:00:00;11514.8;11353.8;11460;11370.3;15578
2015.06.03;20:00:00;11484.8;11355.3;11412.5;11458.8;19269
2015.06.04;00:00:00;11428;11382.8;11403.3;11412.8;3674
2015.06.04;04:00:00;11408.2;11389;11390.4;11402.9;656
2015.06.04;08:00:00;11397.1;11379.9;11387.1;11390.1;784
2015.06.04;12:00:00;11389.8;11184.8;11251.3;11386.8;15314
2015.06.04;16:00:00;11327.3;11227;11308;11252.5;16364
2015.06.04;20:00:00;11451;11296.3;11305.5;11307.8;18938
2015.06.05;00:00:00;11306;11203.5;11273.9;11306;7503
2015.06.05;04:00:00;11276.8;11261.3;11270.4;11273.2;750
2015.06.05;08:00:00;11271.5;11256.1;11261;11270.1;727
2015.06.05;12:00:00;11288;11210;11234.8;11261.3;12958
2015.06.05;16:00:00;11258.3;11153.3;11239.3;11236.3;16030
2015.06.05;20:00:00;11279;11161;11186;11239.5;18835
2015.06.08;00:00:00;11197.3;11174.3;11194.2;11185.8;3759
2015.06.08;04:00:00;11202.8;11165;11179.4;11196.2;1096
2015.06.08;08:00:00;11191;11167.4;11191;11177.8;854
2015.06.08;12:00:00;11221.5;11104.5;11134;11190.2;16476
2015.06.08;16:00:00;11151.5;11055.8;11078.5;11134.3;16025
2015.06.08;20:00:00;11132.3;11000.5;11012.5;11078.3;14641
2015.06.09;00:00:00;11043;10991.3;11025.5;11012.8;4526
2015.06.09;04:00:00;11043.3;11020.2;11039.7;11024.3;836
2015.06.09;08:00:00;11041.7;11020.5;11031.7;11040.1;846
2015.06.09;12:00:00;11069.3;10946;10957.3;11032.5;13094
2015.06.09;16:00:00;11003.5;10863.5;10973.5;10956.5;17291
2015.06.09;20:00:00;11026.5;10904.3;10983.3;10971.5;18243
2015.06.10;00:00:00;11001.5;10949.3;10974.3;10982.8;4832
2015.06.10;04:00:00;10985.8;10966.8;10983.8;10974.7;675
2015.06.10;08:00:00;10990.6;10979.6;10983.2;10984.2;861
2015.06.10;12:00:00;11049.3;10935.8;11016.3;10982.8;13384
2015.06.10;16:00:00;11152.8;11002;11111.5;11014.3;13239
2015.06.10;20:00:00;11303.3;11110.3;11273.5;11112;16686
2015.06.11;00:00:00;11303.8;11254;11266.6;11273.8;4930
2015.06.11;04:00:00;11268.6;11246.2;11263.4;11267;727
2015.06.11;08:00:00;11264.2;11248.6;11258.6;11263.8;704
2015.06.11;12:00:00;11381.3;11236.3;11340.3;11258.2;12002
2015.06.11;16:00:00;11433.8;11331;11426.8;11340;14270
2015.06.11;20:00:00;11452;11262.3;11321.8;11427.3;17755
2015.06.12;00:00:00;11350;11300.2;11313.2;11322;3433
2015.06.12;04:00:00;11318.4;11292.2;11303.4;11311.6;503
2015.06.12;08:00:00;11303;11291;11299.6;11302.6;850
2015.06.12;12:00:00;11311.5;11216.5;11280.8;11299.2;12431
2015.06.12;16:00:00;11364;11168.3;11196.8;11281.8;17249
2015.06.12;20:00:00;11218.3;11064.5;11154.5;11196.5;19310
2015.06.15;00:00:00;11209.2;11141.3;11206.8;11154.3;3442
2015.06.15;04:00:00;11155.6;11101.8;11137.6;11150.8;1459
2015.06.15;08:00:00;11140.8;11091.1;11101.3;11137.2;651
2015.06.15;12:00:00;11118.8;11007.8;11042.5;11100.5;13824
2015.06.15;16:00:00;11060.8;10958;11007.8;11043.5;14672
2015.06.15;20:00:00;11053.5;10977;10995.5;11007.3;13159
2015.06.16;00:00:00;11033.8;10984.3;11018.6;10995.8;3636
2015.06.16;04:00:00;11024.8;11003.4;11005.8;11017.4;541
2015.06.16;08:00:00;11013.4;10998.2;11004.6;11006.2;771
2015.06.16;12:00:00;11010.8;10802.5;10883.8;11005;13912
2015.06.16;16:00:00;10980.8;10847;10970.3;10884.3;15587
2015.06.16;20:00:00;11079.8;10945.5;11063.3;10967.8;14684
2015.06.17;00:00:00;11080.8;11055;11072.6;11063.8;3238
2015.06.17;04:00:00;11085.3;11072.2;11076.5;11072.2;445
2015.06.17;08:00:00;11086.7;11071.7;11086.7;11076.9;624
2015.06.17;12:00:00;11121.8;10989.3;11067;11086.3;12847
2015.06.17;16:00:00;11068;10950;10996.8;11067.3;13709
2015.06.17;20:00:00;11093.5;10885.8;10901;10996.3;14674
2015.06.18;00:00:00;10968.8;10878.5;10904.4;10899.8;8504
2015.06.18;04:00:00;10916;10901.6;10902.8;10904;571
2015.06.18;08:00:00;10902.4;10881.2;10884;10902.4;930
2015.06.18;12:00:00;10965.3;10862.3;10884.5;10883.6;11195
2015.06.18;16:00:00;10963.8;10809;10900.8;10884.8;14235
2015.06.18;20:00:00;11291.3;10881.3;11187;10901;17362
2015.06.19;00:00:00;11210.8;11122;11146.4;11187.5;5454
2015.06.19;04:00:00;11152;11126.4;11133.6;11143.2;767
2015.06.19;08:00:00;11138.8;11130;11138.4;11132.8;477
2015.06.19;12:00:00;11206;11081.3;11180.8;11138;9147
2015.06.19;16:00:00;11252.5;11094.3;11117;11179.3;16448
2015.06.19;20:00:00;11122.3;11000.8;11047.5;11117.3;16383
2015.06.22;00:00:00;11067.8;11020.6;11021;11047.8;4645
2015.06.22;04:00:00;11126.7;11069.4;11116.3;11071;1047
2015.06.22;08:00:00;11216.5;11111.5;11216.5;11116.7;459
2015.06.22;12:00:00;11431;11221.8;11390.8;11222.5;17600
2015.06.22;16:00:00;11415;11273.5;11389.5;11391.3;18216
2015.06.22;20:00:00;11487.3;11381.8;11455;11390.3;14460
2015.06.23;00:00:00;11468.3;11423;11443;11454.8;3863
2015.06.23;04:00:00;11476;11443.4;11474.2;11443.8;516
2015.06.23;08:00:00;11539.6;11472.2;11537.8;11475.8;807
2015.06.23;12:00:00;11599;11515.3;11586.5;11537.4;12063
2015.06.23;16:00:00;11637;11565.3;11595.3;11587;12334
2015.06.23;20:00:00;11639.8;11524;11559;11595;15062
2015.06.24;00:00:00;11580.1;11551.3;11577.1;11559.3;4246
2015.06.24;04:00:00;11587.5;11575.9;11583.5;11577.9;498
2015.06.24;08:00:00;11585.9;11573.5;11580.3;11583.1;486
2015.06.24;12:00:00;11593.5;11495.8;11515.3;11581.1;10843
2015.06.24;16:00:00;11528;11365.5;11429.5;11515;15465
2015.06.24;20:00:00;11511.5;11425.3;11445.3;11429;12513
2015.06.25;00:00:00;11455.5;11394.3;11415.7;11444.5;6607
2015.06.25;04:00:00;11428.3;11412.1;11415.1;11416.5;603
2015.06.25;08:00:00;11443.1;11406.9;11430.5;11414.7;683
2015.06.25;12:00:00;11544.3;11385.3;11468.8;11431.3;12047
2015.06.25;16:00:00;11605.3;11412.5;11487.5;11467.3;14194
2015.06.25;20:00:00;11494.8;11350.5;11462.8;11487.8;13743
2015.06.26;00:00:00;11471.5;11416.5;11444.8;11462.5;5776
2015.06.26;04:00:00;11462.3;11445.6;11450.2;11445.6;548
2015.06.26;08:00:00;11457;11432.6;11455;11449.8;817
2015.06.26;12:00:00;11454.6;11374.5;11400.8;11454.6;11696
2015.06.26;16:00:00;11504.8;11394;11496.3;11399.8;13983
2015.06.26;20:00:00;11562.8;11461.3;11471.3;11495.8;16509
2015.06.29;00:00:00;11543.5;11466.8;11535.1;11472;6804
2015.06.29;04:00:00;11079.2;10943;11070.8;11027.7;3768
2015.06.29;08:00:00;11090.5;10948.1;10968;11071.2;1965
2015.06.29;12:00:00;11189.3;10856.3;11120.3;10962;20501
2015.06.29;16:00:00;11290.8;11078.3;11239;11120;14266
2015.06.29;20:00:00;11253.8;11021.3;11029.5;11238;16115
2015.06.30;00:00:00;11040.8;10954.5;10987.7;11030.5;6469
2015.06.30;04:00:00;11001.5;10975.9;10990.7;10988.1;969
2015.06.30;08:00:00;11006.3;10971.9;11001.1;10991.5;1401
2015.06.30;12:00:00;11071.3;10896.5;10972.3;11000.7;14020
2015.06.30;16:00:00;11137;10970.8;11104.3;10972;16229
2015.06.30;20:00:00;11131.3;10922.3;10957.8;11105.3;20072
2015.07.01;00:00:00;11062.8;10940.3;11015.6;10958;9864
2015.07.01;04:00:00;11015.2;10989.4;11002.6;11015.2;370
2015.07.01;08:00:00;11038;11001;11026;11002.2;1082
2015.07.01;12:00:00;11136.5;10977.3;11127.8;11025.6;13879
2015.07.01;16:00:00;11247.5;11104.8;11217.3;11128;16310
2015.07.01;20:00:00;11285.5;11128.5;11139.5;11217.8;16178
2015.07.02;00:00:00;11175.6;11120;11172.2;11138.5;6392
2015.07.02;04:00:00;11175.7;11148.5;11149.3;11171;687
2015.07.02;08:00:00;11159.9;11146.5;11154.7;11148.9;697
2015.07.02;12:00:00;11229;11154.7;11176;11155.1;8863
2015.07.02;16:00:00;11208.3;11150.3;11176.8;11175.5;8059
2015.07.02;20:00:00;11183;11070.5;11084.8;11176;14879
2015.07.03;00:00:00;11126.3;11070.8;11112.1;11084.5;4554
2015.07.03;04:00:00;11114.9;11099.9;11108.7;11111.3;459
2015.07.03;08:00:00;11117.1;11099.5;11110.1;11108.3;719
2015.07.03;12:00:00;11134.1;11050.5;11070.3;11110.9;11307
2015.07.03;16:00:00;11119.5;11049.8;11077;11069.5;12101
2015.07.03;20:00:00;11091.5;11004.8;11089.8;11075.5;12810
2015.07.06;00:00:00;11116.9;11040.8;11116.9;11089;1426
2015.07.06;04:00:00;10801.7;10708.1;10775.5;10708.1;2605
2015.07.06;08:00:00;10781.3;10714.7;10743.1;10776.7;1300
2015.07.06;12:00:00;10994.5;10744.8;10969;10767.3;23414
2015.07.06;16:00:00;10978.8;10860;10918;10968.3;19690
2015.07.06;20:00:00;10982.3;10814.3;10820.3;10918.8;17352
2015.07.07;00:00:00;10893.6;10801;10887;10820.5;5624
2015.07.07;04:00:00;10912.2;10867.4;10896.4;10886.2;1209
2015.07.07;08:00:00;10905.8;10889.2;10905;10897.6;898
2015.07.07;12:00:00;10946.3;10850.3;10873.8;10904.2;14324
2015.07.07;16:00:00;10887.8;10768.8;10827;10872.5;18529
2015.07.07;20:00:00;10832.5;10657.8;10764.3;10825.8;27499
2015.07.08;00:00:00;10910;10739.3;10881.4;10764.8;13321
2015.07.08;04:00:00;10887;10840;10848.6;10881.8;1151
2015.07.08;08:00:00;10849.8;10784.4;10786;10848.2;3026
2015.07.08;12:00:00;10805.4;10651.5;10710.8;10786.4;19315
2015.07.08;16:00:00;10802.5;10676;10791.3;10711.3;19107
2015.07.08;20:00:00;10803.5;10707.8;10744.8;10791;21605
2015.07.09;00:00:00;10763;10668.3;10700.8;10745;9955
2015.07.09;04:00:00;10740.6;10699.6;10726.4;10701.6;1689
2015.07.09;08:00:00;10771;10722.2;10766.3;10726.8;2744
2015.07.09;12:00:00;10864.3;10760.3;10861.3;10767.9;12211
2015.07.09;16:00:00;10998.5;10847.5;10997.3;10862.5;17103
2015.07.09;20:00:00;11033;10935;10992.5;10997.5;22245
2015.07.10;00:00:00;10999.8;10940.5;10965.8;10992.3;8992
2015.07.10;04:00:00;11323.5;10961.1;11169.3;10965.4;3421
2015.07.10;08:00:00;11241.3;11164.1;11214.7;11167.3;2249
2015.07.10;12:00:00;11287.5;11145.5;11187.8;11214.3;17207
2015.07.10;16:00:00;11286.5;11175;11276.8;11186;16045
2015.07.10;20:00:00;11381.8;11253.5;11357.8;11277;19089
2015.07.13;00:00:00;11400.5;11334.5;11389.6;11359.3;6829
2015.07.13;04:00:00;11329;11202.7;11255.4;11292.6;2704
2015.07.13;08:00:00;11419.4;11252.2;11320;11256.2;2749
2015.07.13;12:00:00;11511.8;11252.3;11481.8;11310;22941
2015.07.13;16:00:00;11484.5;11425.8;11441.5;11481.3;15245
2015.07.13;20:00:00;11503.8;11435.3;11461.3;11442;11578
2015.07.14;00:00:00;11500.8;11461.5;11491.4;11461.5;2453
2015.07.14;04:00:00;11499;11465.4;11494.8;11489.8;633
2015.07.14;08:00:00;11499.8;11482.8;11491.6;11495.2;790
2015.07.14;12:00:00;11512;11423.5;11452.5;11492;10619
2015.07.14;16:00:00;11455;11414.3;11422;11453.3;10768
2015.07.14;20:00:00;11531.3;11416;11512.3;11418.8;14025
2015.07.15;00:00:00;11546.8;11506.3;11530.8;11512;4086
2015.07.15;04:00:00;11555.5;11496.4;11529.8;11531.6;665
2015.07.15;08:00:00;11595.4;11528.6;11547.2;11529.4;1405
2015.07.15;12:00:00;11553.4;11476.5;11536.5;11547.6;8706
2015.07.15;16:00:00;11552.5;11513.5;11531.3;11537;10433
2015.07.15;20:00:00;11568.5;11525;11553.8;11531.8;13121
2015.07.16;00:00:00;11563.5;11481.8;11543;11554;6166
2015.07.16;04:00:00;11663.5;11525.5;11614.2;11542.2;1367
2015.07.16;08:00:00;11658.4;11603.8;11643;11614.6;1282
2015.07.16;12:00:00;11717.5;11604;11706.8;11643.4;12171
2015.07.16;16:00:00;11772.5;11697;11767;11707.3;11245
2015.07.16;20:00:00;11789.3;11704.3;11716.8;11767.5;14932
2015.07.17;00:00:00;11741.3;11707.6;11719.8;11716.5;4654
2015.07.17;04:00:00;11733.4;11698.8;11704.8;11719.4;575
2015.07.17;08:00:00;11713.2;11698.4;11709.2;11705.2;500
2015.07.17;12:00:00;11764.3;11691.3;11695.8;11710.8;8908
2015.07.17;16:00:00;11717;11663.8;11700;11696;10777
2015.07.17;20:00:00;11703.3;11648.8;11677.5;11699.5;12592
2015.07.20;00:00:00;11692.5;11668;11679.5;11677.8;3517
2015.07.20;04:00:00;11699.5;11670.3;11694.7;11670.3;499
2015.07.20;08:00:00;11699.1;11691.3;11696.1;11695.1;350
2015.07.20;12:00:00;11797;11680.2;11794.8;11695.1;2709
2015.07.20;16:00:00;11804.5;11759.3;11762.3;11795;3489
2015.07.20;20:00:00;11764.5;11715.8;11758.8;11762.5;3372
2015.07.21;00:00:00;11764.3;11733.8;11747.8;11759;1189
2015.07.21;04:00:00;11754.4;11734;11746.6;11748.2;515
2015.07.21;08:00:00;11755.6;11734;11754.4;11747;449
2015.07.21;12:00:00;11780;11714.3;11723.3;11754;3479
2015.07.21;16:00:00;11751.5;11689.8;11692.5;11724.3;2971
2015.07.21;20:00:00;11692.3;11574;11581.3;11692.3;5955
2015.07.22;00:00:00;11615.1;11561.3;11571.7;11581;2550
2015.07.22;04:00:00;11576.5;11559.5;11567.5;11572.9;706
2015.07.22;08:00:00;11569.9;11557.7;11559.9;11567.1;735
2015.07.22;12:00:00;11591.5;11498.5;11571.8;11560.7;5016
2015.07.22;16:00:00;11575.3;11486.3;11499.8;11571.3;3746
2015.07.22;20:00:00;11572.5;11487.3;11540;11500;4977
2015.07.23;00:00:00;11549.7;11521.3;11548.9;11540.5;1151
2015.07.23;04:00:00;11569.1;11536.1;11566.3;11548.5;712
2015.07.23;08:00:00;11572.7;11551.1;11561.3;11565.9;702
2015.07.23;12:00:00;11627.5;11508;11538.3;11558.9;4736
2015.07.23;16:00:00;11558.5;11478;11524.5;11537.8;4252
2015.07.23;20:00:00;11545.3;11455.8;11466.5;11524.3;5746
2015.07.24;00:00:00;11479.8;11434.8;11468.8;11466.8;2148
2015.07.24;04:00:00;11475.2;11454.6;11464.8;11469.2;695
2015.07.24;08:00:00;11468;11449.4;11452.6;11465.2;718
2015.07.24;12:00:00;11546;11440.8;11527.3;11452.2;7545
2015.07.24;16:00:00;11530.5;11455.5;11464.5;11528.5;9266
2015.07.24;20:00:00;11471.5;11310.3;11310.5;11462.5;15813
2015.07.27;00:00:00;11325;11280.5;11306.6;11310.3;7356
2015.07.27;04:00:00;11321.6;11289.8;11315.6;11299.8;1238
2015.07.27;08:00:00;11316.4;11295.6;11307.6;11316;944
2015.07.27;12:00:00;11316.5;11175;11204.5;11316.3;15202
2015.07.27;16:00:00;11216.5;11063;11095.8;11203.5;16939
2015.07.27;20:00:00;11135.3;11029.5;11044.3;11095.5;15662
2015.07.28;00:00:00;11064.3;11027.8;11050.3;11044.5;4207
2015.07.28;04:00:00;11069.9;11049.1;11050.9;11049.9;791
2015.07.28;08:00:00;11117.9;11037.9;11114.5;11051.3;2169
2015.07.28;12:00:00;11161.5;11066;11155.8;11114.1;12273
2015.07.28;16:00:00;11244.3;11145;11214.3;11155.3;12613
2015.07.28;20:00:00;11222.5;11092.5;11188.8;11215;17316
2015.07.29;00:00:00;11220.8;11187.3;11203.1;11189;5632
2015.07.29;04:00:00;11207.9;11193.5;11201.5;11203.5;593
2015.07.29;08:00:00;11203.1;11181.9;11197.5;11201.1;888
2015.07.29;12:00:00;11256.5;11118;11183.5;11197.3;12271
2015.07.29;16:00:00;11227.3;11141;11156.5;11183.8;10683
2015.07.29;20:00:00;11231;11149;11213.5;11156;13969
2015.07.30;00:00:00;11277.8;11212;11248.1;11213.3;7583
2015.07.30;04:00:00;11252.3;11226.1;11234.7;11248.5;662
2015.07.30;08:00:00;11238.7;11217.7;11237.5;11234.3;879
2015.07.30;12:00:00;11311.3;11190;11231.5;11237.1;10660
2015.07.30;16:00:00;11299;11211.5;11233.3;11231.8;11583
2015.07.30;20:00:00;11264;11136;11262;11233.8;15734
2015.07.31;00:00:00;11267.5;11243;11255.9;11261.8;4144
2015.07.31;04:00:00;11263.7;11249.7;11257.3;11256.3;450
2015.07.31;08:00:00;11261.3;11251.7;11259.7;11258.1;633
2015.07.31;12:00:00;11298.8;11229;11267.3;11259.3;9560
2015.07.31;16:00:00;11278.5;11238.5;11262.5;11268;10518
2015.07.31;20:00:00;11325.8;11172;11321.5;11263;15206
2015.08.03;00:00:00;11332.6;11289.3;11326.6;11321.3;4585
2015.08.03;04:00:00;11330.4;11301.2;11306.4;11316.6;1034
2015.08.03;08:00:00;11313.6;11288.6;11288.6;11306;716
2015.08.03;12:00:00;11396.8;11245.5;11351;11282.8;12607
2015.08.03;16:00:00;11462.5;11349;11442.3;11349.3;11931
2015.08.03;20:00:00;11449.5;11369.8;11398;11442.5;12309
2015.08.04;00:00:00;11422.6;11381.3;11413.6;11397.8;4004
2015.08.04;04:00:00;11412.8;11384.8;11403;11412.4;897
2015.08.04;08:00:00;11412.2;11395;11399.6;11402.6;782
2015.08.04;12:00:00;11464;11379.5;11433.8;11400;9425
2015.08.04;16:00:00;11477.5;11394;11423.8;11433.5;11399
2015.08.04;20:00:00;11470.5;11418.5;11445.5;11424.5;13479
2015.08.05;00:00:00;11478.3;11428;11445.2;11444.3;5256
2015.08.05;04:00:00;11453.7;11415;11448.5;11444.4;693
2015.08.05;08:00:00;11470.9;11447.3;11464.3;11448.1;693
2015.08.05;12:00:00;11585.5;11458.7;11580;11465.1;8870
2015.08.05;16:00:00;11626.8;11560.8;11586;11580.5;10600
2015.08.05;20:00:00;11656.5;11584.8;11622.5;11585.3;13672
2015.08.06;00:00:00;11622.5;11586.6;11598.4;11622.3;5182
2015.08.06;04:00:00;11599.6;11580.4;11580.4;11599.2;619
2015.08.06;08:00:00;11584.2;11570;11577.4;11582;795
2015.08.06;12:00:00;11669.3;11573.4;11642.3;11577.8;8255
2015.08.06;16:00:00;11661.8;11615.8;11635;11642;8722
2015.08.06;20:00:00;11646;11530;11550;11635.3;14497
2015.08.07;00:00:00;11581.3;11549;11576.1;11549.8;4582
2015.08.07;04:00:00;11583.3;11566.5;11573.1;11576.5;603
2015.08.07;08:00:00;11597.9;11572.7;11596.3;11573.5;817
2015.08.07;12:00:00;11596.7;11511.5;11565;11596.7;7805
2015.08.07;16:00:00;11582;11520.5;11582;11566;9527
2015.08.07;20:00:00;11582.3;11481;11490.5;11580.5;15192
2015.08.10;00:00:00;11516.3;11483.3;11508.4;11490.8;4430
2015.08.10;04:00:00;11536.4;11494;11528.8;11506.4;1783
2015.08.10;08:00:00;11545.6;11521.2;11534.6;11528.4;823
2015.08.10;12:00:00;11562.3;11428.8;11504.5;11538.6;10507
2015.08.10;16:00:00;11601.5;11496;11594.3;11504.8;9558
2015.08.10;20:00:00;11618;11575.5;11604;11596;7621
2015.08.11;00:00:00;11618.5;11594.3;11615.3;11603.5;2153
2015.08.11;04:00:00;11620.7;11598.1;11601.7;11616.1;719
2015.08.11;08:00:00;11605.3;11547.5;11566.9;11602.1;2860
2015.08.11;12:00:00;11578.3;11436.8;11458.5;11567.7;11033
2015.08.11;16:00:00;11480;11336.5;11341;11457.5;13560
2015.08.11;20:00:00;11350.8;11262;11290.8;11341.5;16105
2015.08.12;00:00:00;11323.5;11271.5;11306.4;11290.5;6523
2015.08.12;04:00:00;11330.2;11301.2;11325.4;11306.8;749
2015.08.12;08:00:00;11329.8;11152.8;11156.4;11325;3499
2015.08.12;12:00:00;11200.4;10981.5;10994;11156.8;14557
2015.08.12;16:00:00;11068.8;10986.8;11018.8;10996;9762
2015.08.12;20:00:00;11023.8;10891;10957.5;11018;18852
2015.08.13;00:00:00;11053.4;10957.5;11045.6;10957.8;8314
2015.08.13;04:00:00;11063;11027.2;11060.6;11046;1042
2015.08.13;08:00:00;11088;10995.4;11084.8;11059.8;3295
2015.08.13;12:00:00;11133.5;11010.3;11094.8;11084.4;11498
2015.08.13;16:00:00;11154.5;11062;11063.5;11095;9654
2015.08.13;20:00:00;11076.5;10977;11022;11064.3;16495
2015.08.14;00:00:00;11047.3;10986;11000.4;11022.3;5217
2015.08.14;04:00:00;11000.4;10987.2;10991.2;11000;537
2015.08.14;08:00:00;11015.8;10990.8;10999.4;10990.8;1225
2015.08.14;12:00:00;11091.5;10975.3;11030.5;10999;9058
2015.08.14;16:00:00;11044;10907.8;10967;11030.3;12712
2015.08.14;20:00:00;11021.8;10955.3;11001.5;10966.3;15593
2015.08.17;00:00:00;11049;10999.8;11047.4;11001.3;3753
2015.08.17;04:00:00;11080.4;11049.8;11053.6;11050.6;1033
2015.08.17;08:00:00;11063.6;11031;11031;11053.2;1218
2015.08.17;12:00:00;11110.5;10985.5;11046;11035.8;12895
2015.08.17;16:00:00;11050.8;10811.5;10873.3;11046.5;13736
2015.08.17;20:00:00;10974;10870.5;10962.8;10875;10794
2015.08.18;00:00:00;10978.6;10954;10966;10962.5;2221
2015.08.18;04:00:00;10991;10959.7;10988.2;10965.6;682
2015.08.18;08:00:00;10990.2;10964.6;10972.6;10986.6;1161
2015.08.18;12:00:00;10983.1;10882.5;10936.5;10972.2;11485
2015.08.18;16:00:00;10966.3;10878.8;10949.5;10936.8;12114
2015.08.18;20:00:00;10961.5;10893.3;10899.5;10949;15354
2015.08.19;00:00:00;10919;10882;10902.1;10899.8;3937
2015.08.19;04:00:00;10928.7;10899.9;10922.7;10902.5;579
2015.08.19;08:00:00;10923.9;10882.3;10885.9;10922.3;1472
2015.08.19;12:00:00;10887.5;10730.8;10752.8;10884.3;13271
2015.08.19;16:00:00;10820.8;10748.8;10761;10753.8;12255
2015.08.19;20:00:00;10773.8;10668.5;10694.8;10759.5;18179
2015.08.20;00:00:00;10747.5;10652.2;10665;10694.5;11011
2015.08.20;04:00:00;10686.4;10657.8;10678;10664.6;835
2015.08.20;08:00:00;10687.4;10662.8;10679;10677.6;1558
2015.08.20;12:00:00;10679.4;10529.5;10548.5;10678.6;14063
2015.08.20;16:00:00;10654;10530.8;10620;10549;14319
2015.08.20;20:00:00;10623.5;10360;10372.5;10620.3;21414
2015.08.21;00:00:00;10403.5;10256.2;10269.7;10372.3;11007
2015.08.21;04:00:00;10283;10262.9;10276.2;10268.9;1419
2015.08.21;08:00:00;10279;10051.6;10097.8;10275.8;4547
2015.08.21;12:00:00;10404.5;10090.2;10400;10098.2;16439
2015.08.21;16:00:00;10434.3;10249.8;10300.3;10400.8;17424
2015.08.21;20:00:00;10360;10050.5;10050.5;10301.3;26434
2015.08.24;00:00:00;10120;9979.3;10023.8;10049.8;18204
2015.08.24;04:00:00;9980.6;9894.8;9919.2;9977.8;6326
2015.08.24;08:00:00;9923.2;9614.4;9776.8;9919.6;13139
2015.08.24;12:00:00;9934;9747.8;9860.3;9781.2;24285
2015.08.24;16:00:00;9868.5;9318;9524.8;9859;29588
2015.08.24;20:00:00;9914.8;9500.3;9771.8;9523;26588
2015.08.25;00:00:00;9808.3;9537.8;9602.6;9774.5;14186
2015.08.25;04:00:00;9791.1;9562.2;9752.5;9603;6536
2015.08.25;08:00:00;9901.9;9736.5;9889.5;9753.7;8573
2015.08.25;12:00:00;9969.8;9670.9;9896;9889.9;22875
2015.08.25;16:00:00;10109.5;9870.3;10070.8;9895.3;24176
2015.08.25;20:00:00;10184.8;10020.8;10030.5;10071;31911
2015.08.26;00:00:00;10034.8;9774.8;9827.3;10030;18228
2015.08.26;04:00:00;9916.6;9719.6;9834.8;9825.7;7892
2015.08.26;08:00:00;10006;9784.8;10005.6;9835.2;8472
2015.08.26;12:00:00;10072;9848.5;9971;10005.2;20707
2015.08.26;16:00:00;10158.5;9949;10128.8;9972;20886
2015.08.26;20:00:00;10145.3;9905.5;9973;10129.3;26318
2015.08.27;00:00:00;10221.7;9950.8;10183.2;9973.3;14747
2015.08.27;04:00:00;10272.6;10178.4;10246.4;10183.6;3247
2015.08.27;08:00:00;10288.6;10204.4;10209.4;10245.6;4316
2015.08.27;12:00:00;10329;10164;10326.5;10210.2;17217
2015.08.27;16:00:00;10341;10247.5;10327.8;10327;16838
2015.08.27;20:00:00;10380.3;10253.5;10358.5;10327.5;19621
2015.08.28;00:00:00;10368.5;10215.8;10360.6;10358.8;12736
2015.08.28;04:00:00;10387.4;10334;10372.2;10361;2631
2015.08.28;08:00:00;10372.6;10293.6;10324.8;10372.6;3478
2015.08.28;12:00:00;10351.3;10190.5;10227.5;10325.2;14950
2015.08.28;16:00:00;10291.3;10182;10243.3;10228.3;16635
2015.08.28;20:00:00;10312.3;10203.8;10298.8;10243.8;17862
2015.08.31;00:00:00;10310.9;10245.3;10299.5;10298.5;7445
2015.08.31;04:00:00;10280.3;10120.9;10195.9;10279.1;7434
2015.08.31;08:00:00;10210.5;10138.9;10189.1;10196.7;3997
2015.08.31;12:00:00;10254.5;10128;10207.5;10153.3;9816
2015.08.31;16:00:00;10271.8;10186.8;10213.5;10207.8;8673
2015.08.31;20:00:00;10306.3;10180.8;10248.3;10213.8;14517
2015.09.01;00:00:00;10256.8;10200.2;10219;10248.5;6369
2015.09.01;04:00:00;10227;10046.4;10072;10215.8;4616
2015.09.01;08:00:00;10119.6;10025.2;10091.2;10070.4;7681
2015.09.01;12:00:00;10115.5;9923.5;9946.8;10090.8;17360
2015.09.01;16:00:00;10041.3;9938.5;9940.8;9947;16837
2015.09.01;20:00:00;10032.8;9932.8;9946.8;9940;23913
2015.09.02;00:00:00;9980.5;9883.5;9921.1;9947.3;15829
2015.09.02;04:00:00;10050.3;9886.5;10030.3;9921.5;4826
2015.09.02;08:00:00;10071.7;9996.7;10066.9;10030.7;9208
2015.09.02;12:00:00;10114;9970.5;10005.8;10066.5;16661
2015.09.02;16:00:00;10084.5;9958;10078;10006;15989
2015.09.02;20:00:00;10120.5;10005.3;10064.5;10078.8;22905
2015.09.03;00:00:00;10136.1;10052.8;10125.1;10064.3;11268
2015.09.03;04:00:00;10188.4;10120;10135.2;10124.7;2939
2015.09.03;08:00:00;10145;10102.4;10131.8;10135.6;3955
2015.09.03;12:00:00;10252.3;10109.3;10224.3;10131.4;11843
2015.09.03;16:00:00;10310;10180.5;10291.5;10224;14283
2015.09.03;20:00:00;10378.3;10253.5;10279;10290.3;21631
2015.09.04;00:00:00;10284;10220.8;10227.9;10279.8;13570
2015.09.04;04:00:00;10250.7;10144.3;10169.5;10228.7;2620
2015.09.04;08:00:00;10221.9;10133.1;10154.7;10168.3;4293
2015.09.04;12:00:00;10214;10103.8;10129.5;10155.1;14200
2015.09.04;16:00:00;10153;10002.5;10029.8;10128.8;16586
2015.09.04;20:00:00;10097.8;9985.3;9988.3;10028.3;22965
2015.09.07;00:00:00;10057.3;9954.5;10024;9989;11079
2015.09.07;04:00:00;10130.4;9948.4;10095;9950;7423
2015.09.07;08:00:00;10153;10067;10094.9;10095.4;6163
2015.09.07;12:00:00;10180.5;10058.3;10078.5;10097.3;15282
2015.09.07;16:00:00;10107.5;10050.5;10094.3;10078.8;10203
2015.09.07;20:00:00;10118.8;10087.8;10096.3;10094.5;4871
2015.09.08;00:00:00;10110.8;10095.3;10108.5;10096.8;559
2015.09.08;04:00:00;10173.4;10105.7;10162.2;10106.9;2558
2015.09.08;08:00:00;10173.4;10100.7;10128.9;10163;4763
2015.09.08;12:00:00;10322.8;10090;10310;10128.5;13208
2015.09.08;16:00:00;10368.5;10291.3;10330.8;10310.8;12978
2015.09.08;20:00:00;10354.5;10248.8;10270.5;10329.8;17770
2015.09.09;00:00:00;10335.8;10262.5;10314.6;10270.8;7141
2015.09.09;04:00:00;10358;10305.4;10356.4;10314.2;1859
2015.09.09;08:00:00;10425.2;10337.6;10414.6;10354.8;4336
2015.09.09;12:00:00;10520.8;10406.2;10440.5;10415;13647
2015.09.09;16:00:00;10467.8;10430.5;10467.5;10441.5;11037
2015.09.09;20:00:00;10476.8;10279;10305;10466.8;19258
2015.09.10;00:00:00;10326.3;10153.5;10179.8;10306;15106
2015.09.10;04:00:00;10190;10108.8;10128;10177.4;3389
2015.09.10;08:00:00;10201.2;10119.4;10180.8;10127.6;4654
2015.09.10;12:00:00;10291.3;10168;10245.8;10181.2;12649
2015.09.10;16:00:00;10324.8;10151.5;10170.5;10245.3;15002
2015.09.10;20:00:00;10282.5;10167.5;10220.8;10170.8;22377
2015.09.11;00:00:00;10271;10197.3;10236.4;10221.3;11202
2015.09.11;04:00:00;10282.8;10222.8;10254.2;10236.8;2231
2015.09.11;08:00:00;10299.2;10253;10282;10253;3101
2015.09.11;12:00:00;10282.8;10075.8;10089.5;10282.4;12132
2015.09.11;16:00:00;10163.8;10074.3;10121.3;10090.3;11406
2015.09.11;20:00:00;10192.5;10112.8;10161;10122.3;16623
2015.09.14;00:00:00;10193.2;10133.5;10186.4;10161.3;6667
2015.09.14;04:00:00;10282;10186.6;10246.8;10204.4;3214
2015.09.14;08:00:00;10249.2;10184;10186;10247.2;3851
2015.09.14;12:00:00;10226.8;10088.3;10145;10183;14665
2015.09.14;16:00:00;10165.5;10083.3;10116.8;10145.8;13510
2015.09.14;20:00:00;10211.5;10114.3;10165.8;10117.5;14020
2015.09.15;00:00:00;10175.1;10142;10162.3;10166;4508
2015.09.15;04:00:00;10192.2;10153.8;10187.8;10161.9;1584
2015.09.15;08:00:00;10190.2;10159.4;10164.6;10188.2;2926
2015.09.15;12:00:00;10198.3;10086.8;10110.8;10165;10900
2015.09.15;16:00:00;10189.5;10067.8;10147.5;10110.3;12543
2015.09.15;20:00:00;10247;10137.3;10207.3;10147.8;16474
2015.09.16;00:00:00;10274.9;10205.3;10273.7;10208;6485
2015.09.16;04:00:00;10274.1;10247.7;10259.7;10273.3;1286
2015.09.16;08:00:00;10264.7;10221.3;10245.3;10260.1;3016
2015.09.16;12:00:00;10338.5;10221.9;10256.5;10244.9;10986
2015.09.16;16:00:00;10275.5;10205.8;10223;10256.3;11759
2015.09.16;20:00:00;10244.8;10172.5;10239.3;10222.8;14188
2015.09.17;00:00:00;10289.6;10210.5;10279;10239;5873
2015.09.17;04:00:00;10283.2;10261.7;10266.5;10278.6;1167
2015.09.17;08:00:00;10272.5;10250.5;10269.7;10266.1;1596
2015.09.17;12:00:00;10290;10208.8;10233.5;10269.3;9733
2015.09.17;16:00:00;10274;10230;10243.5;10233.3;9383
2015.09.17;20:00:00;10264;10220.3;10238;10243.3;11670
2015.09.18;00:00:00;10322.3;10132.8;10186.3;10237.3;13694
2015.09.18;04:00:00;10202.1;10167.3;10181.9;10186.7;2195
2015.09.18;08:00:00;10220.7;10175.5;10199.9;10181.5;2873
2015.09.18;12:00:00;10220;10018;10036.3;10200.3;12939
2015.09.18;16:00:00;10043.3;9911;9924.3;10035.8;18973
2015.09.18;20:00:00;9975;9855.5;9918.3;9924.8;21463
2015.09.21;00:00:00;9952.1;9877;9950.1;9919.3;10180
2015.09.21;04:00:00;9963.3;9843.9;9856.7;9952.9;3066
2015.09.21;08:00:00;9894.7;9841.1;9882.7;9853.9;2182
2015.09.21;12:00:00;9910;9780.3;9854.5;9890.8;16604
2015.09.21;16:00:00;9966.8;9820.5;9910.3;9854.3;14473
2015.09.21;20:00:00;9998.8;9885.3;9934.3;9911.3;14017
2015.09.22;00:00:00;9996.6;9916.5;9993.8;9934;5698
2015.09.22;04:00:00;9998.2;9968.8;9972;9992.6;1000
2015.09.22;08:00:00;9977.2;9952;9963;9972.4;1510
2015.09.22;12:00:00;10015;9762;9791.3;9963.4;14473
2015.09.22;16:00:00;9790.3;9601.5;9618.5;9790.3;19367
2015.09.22;20:00:00;9688;9556.3;9563.3;9621.3;19675
2015.09.23;00:00:00;9643.4;9562.8;9609;9563;8271
2015.09.23;04:00:00;9620.2;9575.8;9616.2;9607;1657
2015.09.23;08:00:00;9624.2;9456.6;9473.8;9615;4217
2015.09.23;12:00:00;9709.8;9470.2;9688;9474.6;15259
2015.09.23;16:00:00;9697.3;9603.5;9694;9687.3;14790
2015.09.23;20:00:00;9707.5;9569.3;9600.8;9694.3;16232
2015.09.24;00:00:00;9637.8;9584.5;9627.9;9601.5;6531
2015.09.24;04:00:00;9641.1;9586.7;9589.1;9616.7;1819
2015.09.24;08:00:00;9619.1;9531.5;9572.5;9588.7;3611
2015.09.24;12:00:00;9704.8;9566.7;9626.3;9572.9;15057
2015.09.24;16:00:00;9638.8;9386.3;9440.5;9626;23641
2015.09.24;20:00:00;9507.8;9359.8;9452;9440;20210
2015.09.25;00:00:00;9571.3;9435.8;9544;9452.3;9409
2015.09.25;04:00:00;9582.7;9481.1;9558.3;9538;3508
2015.09.25;08:00:00;9566.3;9523.5;9563.9;9557.9;3674
2015.09.25;12:00:00;9698.8;9557.7;9698.8;9563.5;15179
2015.09.25;16:00:00;9744;9637.5;9711.8;9698.5;16813
2015.09.25;20:00:00;9727.5;9651.5;9686.3;9711.5;17948
2015.09.28;00:00:00;9714.3;9578.5;9605.8;9687.3;9096
2015.09.28;04:00:00;9584.8;9520.8;9572;9572.2;3753
2015.09.28;08:00:00;9620.4;9545.9;9572.9;9574.4;1816
2015.09.28;12:00:00;9676.5;9520.3;9571;9574.9;18776
2015.09.28;16:00:00;9599.5;9500.5;9511.5;9570.8;18152
2015.09.28;20:00:00;9533.5;9450;9454.8;9510.8;20142
2015.09.29;00:00:00;9479.1;9433.5;9472.7;9455.3;7830
2015.09.29;04:00:00;9499.1;9454.9;9466.5;9465.9;1886
2015.09.29;08:00:00;9467.3;9409.9;9426.1;9465.7;4279
2015.09.29;12:00:00;9535;9299.8;9504.5;9425.3;18873
2015.09.29;16:00:00;9526.5;9448.3;9495;9504;15679
2015.09.29;20:00:00;9516.8;9375;9427.8;9494.3;23421
2015.09.30;00:00:00;9502.6;9419.3;9475.8;9428;10093
2015.09.30;04:00:00;9506.4;9456.4;9504.4;9472.6;2085
2015.09.30;08:00:00;9564.6;9503.6;9564;9503.6;3339
2015.09.30;12:00:00;9683;9552.6;9657.3;9564.8;15596
2015.09.30;16:00:00;9708.5;9654.5;9671;9657;13697
2015.09.30;20:00:00;9731.5;9580;9596.3;9672.3;20785
2015.10.01;00:00:00;9669.8;9595.3;9635;9595.5;9468
2015.10.01;04:00:00;9647.4;9625.8;9646.6;9632.6;1315
2015.10.01;08:00:00;9778.8;9642.6;9760;9646.2;4202
2015.10.01;12:00:00;9784.5;9693.5;9698.5;9760.4;13333
2015.10.01;16:00:00;9719;9592;9602;9700;17616
2015.10.01;20:00:00;9632;9447.5;9484;9601.8;23423
2015.10.02;00:00:00;9580.8;9463.5;9574;9483.8;8700
2015.10.02;04:00:00;9594.2;9539.8;9570.6;9572.4;2744
2015.10.02;08:00:00;9589;9525.2;9535.2;9571;2786
2015.10.02;12:00:00;9631.8;9530;9628.8;9536.8;12508
2015.10.02;16:00:00;9667.5;9431.8;9489.3;9628.5;15409
2015.10.02;20:00:00;9606.8;9390.3;9596.8;9489;23195
2015.10.05;00:00:00;9690.6;9595;9685;9596.5;8150
2015.10.05;04:00:00;9679.4;9640.6;9649.6;9668;3151
2015.10.05;08:00:00;9742;9650.4;9735;9651.2;2694
2015.10.05;12:00:00;9776.8;9646.3;9772;9734.5;17305
2015.10.05;16:00:00;9851.8;9742;9829.5;9772.8;15853
2015.10.05;20:00:00;9864;9781.5;9858;9829.8;14352
2015.10.06;00:00:00;9885.3;9852.3;9864.6;9858.5;4921
2015.10.06;04:00:00;9879.6;9836.4;9855.2;9865.4;1610
2015.10.06;08:00:00;9869.2;9829.8;9857.6;9856;3374
2015.10.06;12:00:00;9864;9726;9834.5;9857.2;13420
2015.10.06;16:00:00;9894;9809.3;9892.3;9834;12369
2015.10.06;20:00:00;9953.5;9853.5;9872.8;9897.8;19818
2015.10.07;00:00:00;9904.5;9833.9;9845.1;9872;8337
2015.10.07;04:00:00;9861.3;9815.9;9852.1;9843.5;1414
2015.10.07;08:00:00;9918.1;9841.5;9884.3;9851.7;3253
2015.10.07;12:00:00;10045;9876.1;10017.3;9884.7;13997
2015.10.07;16:00:00;10031.5;9965;10010.5;10017.5;13612
2015.10.07;20:00:00;10091.3;9939.3;9979.5;10010.8;21099
2015.10.08;00:00:00;10039;9975;10033.2;9979.8;9031
2015.10.08;04:00:00;10037.2;10004.4;10007.2;10025.2;1256
2015.10.08;08:00:00;10013.2;9950.4;9957.2;10007.6;3197
2015.10.08;12:00:00;10025.3;9905.8;9938.8;9958;14682
2015.10.08;16:00:00;10002.8;9929.5;9970.3;9938.5;11876
2015.10.08;20:00:00;10023;9967.5;9995.3;9971.8;16963
2015.10.09;00:00:00;10106.9;9988.3;10100.1;9996;10145
2015.10.09;04:00:00;10105.3;10075.3;10083.5;10105.3;1182
2015.10.09;08:00:00;10144.5;10072.7;10134.5;10082.7;1921
2015.10.09;12:00:00;10144.3;10043;10084;10134.1;11703
2015.10.09;16:00:00;10144.5;10077.5;10120.8;10083.5;12244
2015.10.09;20:00:00;10122.8;10056.8;10070.3;10120.5;16522
2015.10.12;00:00:00;10116.7;10051.8;10110.3;10070.5;5599
2015.10.12;04:00:00;10101.9;10074.9;10095.3;10100.3;1402
2015.10.12;08:00:00;10128.3;10090.5;10111.7;10095.7;1209
2015.10.12;12:00:00;10183.8;10079.3;10114.8;10115.5;14471
2015.10.12;16:00:00;10131;10050.8;10084.8;10115;10663
2015.10.12;20:00:00;10133.3;10075;10104.5;10085;9382
2015.10.13;00:00:00;10135.6;10099.5;10128;10104.8;2230
2015.10.13;04:00:00;10144.2;10120.8;10135;10130.4;964
2015.10.13;08:00:00;10137.4;10104.2;10106;10134.6;1881
2015.10.13;12:00:00;10114.5;9958.3;9999;10105.6;12309
2015.10.13;16:00:00;10020.5;9938.3;9944.3;9998.3;13594
2015.10.13;20:00:00;10066.5;9934.8;10008.5;9944;15696
2015.10.14;00:00:00;10016;9959.7;9968.5;10008;6644
2015.10.14;04:00:00;9976.1;9952.1;9962.5;9967.9;1236
2015.10.14;08:00:00;9992.9;9952.1;9983.1;9963.3;1842
2015.10.14;12:00:00;9983.5;9884.5;9926;9983.5;11493
2015.10.14;16:00:00;10005.5;9908.8;9945;9925.8;12404
2015.10.14;20:00:00;10034.3;9904;9956.5;9944.8;18210
2015.10.15;00:00:00;9962;9895.5;9908.4;9956.8;7818
2015.10.15;04:00:00;9942.1;9902.2;9938.9;9908;1257
2015.10.15;08:00:00;9986.3;9938.5;9979.1;9938.5;2248
2015.10.15;12:00:00;10046.5;9953.5;10042.5;9979.9;12061
2015.10.15;16:00:00;10084.3;10026.8;10060.8;10043.3;13034
2015.10.15;20:00:00;10083.5;10019;10061;10060.5;15550
2015.10.16;00:00:00;10154.8;10060.3;10153.6;10061.3;7086
2015.10.16;04:00:00;10177;10129;10151;10156;1449
2015.10.16;08:00:00;10159.8;10138.4;10141.6;10150.6;1291
2015.10.16;12:00:00;10163.8;10095;10155;10141.2;10343
2015.10.16;16:00:00;10160.5;10061.3;10090.5;10154;13005
2015.10.16;20:00:00;10124.3;10052.5;10102;10090.8;14003
2015.10.19;00:00:00;10123;10075;10118.9;10102.3;4733
2015.10.19;04:00:00;10115.9;10068.1;10072.5;10104.1;1530
2015.10.19;08:00:00;10126.7;10074.7;10118.7;10084.5;1801
2015.10.19;12:00:00;10202.5;10064.8;10185.8;10108.8;12444
2015.10.19;16:00:00;10201.8;10115;10165.5;10185.3;12531
2015.10.19;20:00:00;10179.5;10128;10143.8;10165.3;11445
2015.10.20;00:00:00;10172.7;10128.1;10160.5;10143.5;3830
2015.10.20;04:00:00;10162.1;10141.1;10146.3;10159.7;709
2015.10.20;08:00:00;10154.7;10133.7;10152.7;10146.7;803
2015.10.20;12:00:00;10190.8;10077;10088.3;10152.3;9667
2015.10.20;16:00:00;10158;10074.5;10127;10088;10163
2015.10.20;20:00:00;10181.8;10116.8;10143.8;10127.8;12508
2015.10.21;00:00:00;10160.5;10114.8;10116.8;10143;5469
2015.10.21;04:00:00;10143.2;10096.8;10138;10118.8;1243
2015.10.21;08:00:00;10191.2;10131.2;10182.8;10138.4;1379
2015.10.21;12:00:00;10210.3;10101.3;10153;10182.4;10216
2015.10.21;16:00:00;10255.5;10152;10244.5;10152.8;12062
2015.10.21;20:00:00;10274;10201;10230.5;10244.3;13940
2015.10.22;00:00:00;10230.5;10155;10179.6;10229.3;8793
2015.10.22;04:00:00;10204.3;10167.1;10198.3;10178.8;1314
2015.10.22;08:00:00;10223.1;10194.3;10205.9;10198.7;1620
2015.10.22;12:00:00;10270;10188.3;10245;10204.3;8907
2015.10.22;16:00:00;10405;10242.5;10367.8;10246;12406
2015.10.22;20:00:00;10584.5;10349.3;10566.8;10368;18325
2015.10.23;00:00:00;10594.5;10530;10594.5;10567.8;8509
2015.10.23;04:00:00;10642.7;10582.1;10626.7;10582.1;1938
2015.10.23;08:00:00;10627.9;10611.3;10617.7;10626.3;1242
2015.10.23;12:00:00;10654;10581.8;10628;10616.5;11138
2015.10.23;16:00:00;10832.5;10616.3;10803.5;10627.5;14009
2015.10.23;20:00:00;10844.8;10760.5;10812.5;10803.3;17383
2015.10.25;23:00:00;10857.3;10804;10817.8;10811.8;5789
2015.10.26;00:00:00;10822.2;10799;10809.4;10815.4;1622
2015.10.26;04:00:00;10817;10790.8;10791.6;10807.8;1173
2015.10.26;08:00:00;10854.5;10755.5;10823.8;10791.2;10522
2015.10.26;12:00:00;10862.8;10791.8;10836;10824.3;11308
2015.10.26;16:00:00;10848;10761;10797.3;10832.3;13141
2015.10.26;20:00:00;10811;10793.3;10794.6;10797.5;2930
2015.10.27;00:00:00;10800.2;10783.4;10788.6;10797.8;1018
2015.10.27;04:00:00;10789;10757;10776.1;10789;1570
2015.10.27;08:00:00;10807;10730.8;10801;10775.7;11088
2015.10.27;12:00:00;10801.5;10716.3;10749.8;10801.5;11945
2015.10.27;16:00:00;10768.5;10684.3;10699;10749.3;14183
2015.10.27;20:00:00;10732.8;10693.3;10724.8;10698.8;3731
2015.10.28;00:00:00;10730.4;10695.6;10728;10721.2;1449
2015.10.28;04:00:00;10730;10704;10718.4;10727.6;1150
2015.10.28;08:00:00;10792;10689.8;10778;10718.8;9798
2015.10.28;12:00:00;10781.5;10727.3;10780;10777;11463
2015.10.28;16:00:00;10882.3;10766.5;10869;10780.5;12633
2015.10.28;20:00:00;10924.5;10775.8;10901.8;10868.8;11169
2015.10.29;00:00:00;10907.2;10886.6;10895.6;10897;1221
2015.10.29;04:00:00;10900.4;10848.6;10887.8;10895.2;1062
2015.10.29;08:00:00;10890.8;10791.5;10816.5;10886.6;11219
2015.10.29;12:00:00;10830;10754;10797;10816;13172
2015.10.29;16:00:00;10818;10739.3;10777;10796.5;13813
2015.10.29;20:00:00;10814.8;10774.5;10804.5;10776.8;3489
2015.10.30;00:00:00;10841.7;10789.3;10838.9;10800.9;1716
2015.10.30;04:00:00;10861.7;10822.1;10841.1;10838.5;2705
2015.10.30;08:00:00;10855;10801.3;10811.5;10841.5;9338
2015.10.30;12:00:00;10821.3;10745.5;10776.8;10812.8;11490
2015.10.30;16:00:00;10874.5;10753.8;10863;10775.8;13031
2015.10.30;20:00:00;10867;10812.5;10820.8;10862.8;4498
2015.11.02;00:00:00;10813.5;10764.7;10772.3;10813.5;2031
2015.11.02;04:00:00;10786.7;10754.6;10756.6;10771.9;1411
2015.11.02;08:00:00;10939.3;10727;10925;10759.3;13666
2015.11.02;12:00:00;10976.8;10920.5;10957.5;10924.5;10626
2015.11.02;16:00:00;10974;10925.8;10950.3;10956.5;9069
2015.11.02;20:00:00;10991.8;10948.4;10953.6;10950.5;2959
2015.11.03;00:00:00;10983.4;10946;10980.2;10961.6;947
2015.11.03;04:00:00;10981.4;10963;10970.8;10979.8;685
2015.11.03;08:00:00;10977.8;10906;10923;10970.4;9907
2015.11.03;12:00:00;10927;10881.8;10909;10922;9403
2015.11.03;16:00:00;10967.5;10901.8;10957;10908.5;12039
2015.11.03;20:00:00;10996.3;10939.5;10951.6;10957.3;5770
2015.11.04;00:00:00;10969.6;10936.6;10969.6;10948;1142
2015.11.04;04:00:00;10982.8;10941.6;10948;10969.2;1683
2015.11.04;08:00:00;11005;10904.5;10951.5;10948.8;11229
2015.11.04;12:00:00;10952.3;10914.3;10935.3;10951.8;9698
2015.11.04;16:00:00;10936.5;10814.8;10852.3;10935.5;17016
2015.11.04;20:00:00;10870.5;10821.5;10858.2;10852;6003
2015.11.05;00:00:00;10857.8;10832.2;10845;10851;1144
2015.11.05;04:00:00;10863.6;10840;10856;10845.4;1209
2015.11.05;08:00:00;10892;10780.3;10874.8;10855.6;10565
2015.11.05;12:00:00;10964;10865.5;10941;10873.8;12230
2015.11.05;16:00:00;10947.3;10837.5;10920;10942.3;16359
2015.11.05;20:00:00;10922;10876;10890.4;10920.5;5831
2015.11.06;00:00:00;10891.6;10863;10875.2;10889.6;935
2015.11.06;04:00:00;10899.6;10867.2;10897.2;10874.8;737
2015.11.06;08:00:00;10910.2;10840;10854;10896.8;9860
2015.11.06;12:00:00;11001;10851.5;10982;10853.8;12094
2015.11.06;16:00:00;11056;10933.3;10992.5;10981.5;21168
2015.11.06;20:00:00;11024.8;10989.5;11019.3;10992.8;5625
2015.11.09;00:00:00;11049.7;11005.7;11042.1;11014.7;1740
2015.11.09;04:00:00;11043.3;10992.1;10995.1;11042.5;1182
2015.11.09;08:00:00;11012;10939;10958;10997;13495
2015.11.09;12:00:00;10973;10914.5;10914.8;10958.8;10982
2015.11.09;16:00:00;10922.8;10785.8;10796.8;10914;15122
2015.11.09;20:00:00;10840.7;10788.5;10829.9;10797;4583
2015.11.10;00:00:00;10840.7;10804.5;10834.7;10827.1;1354
2015.11.10;04:00:00;10858.5;10829.5;10849.5;10835.1;1234
2015.11.10;08:00:00;10863.5;10729.5;10753;10850.3;11928
2015.11.10;12:00:00;10833.8;10724.8;10829.5;10752.3;11967
2015.11.10;16:00:00;10862.5;10785.8;10850;10831;15403
2015.11.10;20:00:00;10869.8;10842.5;10846.4;10849.5;4610
2015.11.11;00:00:00;10852.8;10837.2;10852.8;10847.6;1082
2015.11.11;04:00:00;10877.8;10843.6;10853.8;10852.4;1277
2015.11.11;08:00:00;10984.8;10834.5;10955;10854.2;9991
2015.11.11;12:00:00;10994;10911.8;10968.5;10955.5;10189
2015.11.11;16:00:00;10969.8;10851.8;10926.5;10969.5;15861
2015.11.11;20:00:00;10927;10858.4;10864.2;10926.3;6125
2015.11.12;00:00:00;10899;10859;10891.8;10864.6;1252
2015.11.12;04:00:00;10902.6;10878.2;10902.6;10890.6;1055
2015.11.12;08:00:00;10957.5;10810.3;10881.5;10902.2;12196
2015.11.12;12:00:00;10881.8;10799.5;10829.3;10881.8;12236
2015.11.12;16:00:00;10865.3;10731.5;10772.5;10829.5;19578
2015.11.12;20:00:00;10790.3;10698.6;10709;10774.5;7245
2015.11.13;00:00:00;10745.4;10699.6;10741.4;10709.4;1548
2015.11.13;04:00:00;10743;10704.6;10719;10741;1317
2015.11.13;08:00:00;10806.3;10714.3;10776.5;10719.4;12788
2015.11.13;12:00:00;10814.5;10654.3;10718.8;10777.3;17269
2015.11.13;16:00:00;10743;10604.3;10724.3;10719;19227
2015.11.13;20:00:00;10728.8;10660.8;10679.1;10724.5;7701
2015.11.16;00:00:00;10605.9;10485.1;10556.3;10485.1;2804
2015.11.16;04:00:00;10594.1;10509.7;10509.7;10555.9;1466
2015.11.16;08:00:00;10762.3;10490.3;10722.3;10490.3;18664
2015.11.16;12:00:00;10762;10676;10731.8;10722;15826
2015.11.16;16:00:00;10782.5;10676.5;10781.3;10731;16517
2015.11.16;20:00:00;10821.4;10774.3;10810.2;10781;4594
2015.11.17;00:00:00;10825.1;10793.9;10822.3;10810.6;1148
2015.11.17;04:00:00;10846.3;10816.9;10825.3;10823.1;1379
2015.11.17;08:00:00;10910;10780.5;10885.8;10824.5;11066
2015.11.17;12:00:00;10933.8;10883.5;10912.3;10886.3;11437
2015.11.17;16:00:00;10976.5;10872.5;10948.5;10912;16161
2015.11.17;20:00:00;10958;10865.3;10901.7;10948;9425
2015.11.18;00:00:00;10907.5;10882.3;10904.3;10902.5;1289
2015.11.18;04:00:00;10915.5;10880.7;10889.5;10905.1;1262
2015.11.18;08:00:00;10938.3;10875.8;10900.3;10888.3;11289
2015.11.18;12:00:00;10984.3;10876.8;10984.3;10900.5;11687
2015.11.18;16:00:00;10989;10922;10965.5;10984.8;16372
2015.11.18;20:00:00;11046.3;10958.5;11023.6;10965.8;7973
2015.11.19;00:00:00;11066.6;11011.4;11062.6;11021.6;1291
2015.11.19;04:00:00;11070.8;11041.2;11052.4;11062.2;1479
2015.11.19;08:00:00;11143.8;11033.8;11142.8;11051.6;10879
2015.11.19;12:00:00;11151.5;11069.5;11070.5;11143;9258
2015.11.19;16:00:00;11114.3;11043.8;11088.8;11070.8;16395
2015.11.19;20:00:00;11093.8;11049.5;11055.7;11089;5557
2015.11.20;00:00:00;11055.7;11034.1;11046.7;11055.3;833
2015.11.20;04:00:00;11061.5;11044.7;11059.1;11046.3;646
2015.11.20;08:00:00;11129.8;11047.3;11073;11059.9;11369
2015.11.20;12:00:00;11143.8;11058;11133;11073.3;11121
2015.11.20;16:00:00;11164;11092.5;11121.5;11133.3;13985
2015.11.20;20:00:00;11127.8;11092;11104;11122.5;4837
2015.11.23;00:00:00;11141.6;11104.4;11122.6;11104.4;1422
2015.11.23;04:00:00;11135.8;11115.4;11122.5;11123;766
2015.11.23;08:00:00;11130.3;11050.8;11082;11126.3;12250
2015.11.23;12:00:00;11117;11063;11076.5;11081.5;11073
2015.11.23;16:00:00;11126.8;11072.3;11078.5;11076.3;10528
2015.11.23;20:00:00;11079;11024.5;11057.3;11078.8;4240
2015.11.24;00:00:00;11070.1;11046.9;11052.9;11056.9;956
2015.11.24;04:00:00;11067.3;11045.3;11057.5;11053.7;748
2015.11.24;08:00:00;11080;10926;11000.8;11057.9;13874
2015.11.24;12:00:00;11021.5;10867;10881;11000.3;14994
2015.11.24;16:00:00;10953.8;10880.8;10941.8;10881.3;16454
2015.11.24;20:00:00;10976.5;10941;10948;10941;5776
2015.11.25;00:00:00;10960.4;10930.8;10940.2;10947.6;1001
2015.11.25;04:00:00;10961.6;10937;10959.6;10939.4;773
2015.11.25;08:00:00;11061.3;10918.8;11044;10959.2;11801
2015.11.25;12:00:00;11142.8;11039.3;11129.5;11044.5;10676
2015.11.25;16:00:00;11186.3;11115.5;11162.8;11129.3;12396
2015.11.25;20:00:00;11169;11145.8;11163.7;11163.3;2969
2015.11.26;00:00:00;11177.5;11160.9;11173.1;11162.9;630
2015.11.26;04:00:00;11181.7;11163.7;11166.5;11173.5;546
2015.11.26;08:00:00;11302.5;11156.5;11300.3;11167.3;10692
2015.11.26;12:00:00;11366.8;11289;11312.3;11300.8;9182
2015.11.26;16:00:00;11330.8;11298.5;11305.5;11312;6154
2015.11.26;20:00:00;11317.5;11298.1;11298.9;11305.3;833
2015.11.27;00:00:00;11312.9;11287.1;11291.9;11299.7;712
2015.11.27;04:00:00;11296.3;11281.5;11289.3;11291.5;721
2015.11.27;08:00:00;11330.5;11241.5;11319.8;11288.9;11607
2015.11.27;12:00:00;11353;11286.5;11290.5;11320.3;10264
2015.11.27;16:00:00;11311.8;11273;11291.3;11290;11148
2015.11.27;20:00:00;11300.3;11288.3;11293.8;11291;817
2015.11.30;00:00:00;11287.8;11263.2;11277.8;11286.8;1320
2015.11.30;04:00:00;11284.2;11269;11279.2;11277.4;849
2015.11.30;08:00:00;11390;11251;11375.8;11274.8;12927
2015.11.30;12:00:00;11431;11369;11385;11375.5;10048
2015.11.30;16:00:00;11411.5;11337;11390.8;11384.5;11475
2015.11.30;20:00:00;11392;11342.8;11384.2;11390.5;4399
2015.12.01;00:00:00;11415;11383.4;11413;11383.8;1374
2015.12.01;04:00:00;11429;11413;11417.8;11413.4;1262
2015.12.01;08:00:00;11422.2;11344;11360.3;11418.2;11341
2015.12.01;12:00:00;11388.5;11324.8;11360;11360;10907
2015.12.01;16:00:00;11362;11234.3;11264.8;11360.5;16425
2015.12.01;20:00:00;11296.3;11241;11285;11263.8;4778
2015.12.02;00:00:00;11285.8;11270.2;11281;11284.6;746
2015.12.02;04:00:00;11290.6;11275.4;11282.2;11281.4;822
2015.12.02;08:00:00;11327.5;11240.8;11261.5;11281.4;10739
2015.12.02;12:00:00;11331.5;11185.5;11205.8;11261.3;13794
2015.12.02;16:00:00;11265.3;11181.3;11190.8;11205.3;14443
2015.12.02;20:00:00;11197.3;11077;11135.8;11190.5;8786
2015.12.03;00:00:00;11138.5;11096.2;11137.3;11136.2;1398
2015.12.03;04:00:00;11143.7;11107.1;11141.3;11137.7;1361
2015.12.03;08:00:00;11297;11133.7;11283.3;11141.7;11333
2015.12.03;12:00:00;11320;10755.8;10927;11283;22213
2015.12.03;16:00:00;10988;10658.8;10693;10926.5;24002
2015.12.03;20:00:00;10717.5;10639;10699.6;10692.5;9577
2015.12.04;00:00:00;10723.8;10689.2;10702.6;10700;1942
2015.12.04;04:00:00;10710.2;10693.8;10703.8;10701;1228
2015.12.04;08:00:00;10811.8;10680;10753.8;10703.4;15704
2015.12.04;12:00:00;10768.5;10662.5;10695.8;10753.5;16579
2015.12.04;16:00:00;10838.3;10628.5;10821.5;10693.8;19289
2015.12.04;20:00:00;10877.3;10821;10861.5;10821.8;6751
2015.12.07;00:00:00;10886.5;10838.9;10848.9;10871.5;1713
2015.12.07;04:00:00;10872.1;10838.7;10872.1;10849.3;827
2015.12.07;08:00:00;10976;10803.3;10969;10875.8;15853
2015.12.07;12:00:00;10990.5;10910;10913;10968.3;14184
2015.12.07;16:00:00;10929.3;10851.5;10896.3;10913.3;15954
2015.12.07;20:00:00;10949.2;10879.5;10940.6;10896.5;5415
2015.12.08;00:00:00;10940.8;10889.4;10900.6;10940.2;1394
2015.12.08;04:00:00;10907;10864.2;10884.6;10901;1508
2015.12.08;08:00:00;10897.8;10770.3;10806.8;10884.2;13124
2015.12.08;12:00:00;10850.5;10703.3;10715.5;10807;16290
2015.12.08;16:00:00;10745.8;10611;10671.8;10713;20079
2015.12.08;20:00:00;10694.8;10646.4;10666.2;10672.5;7155
2015.12.09;00:00:00;10703.6;10654.8;10676.2;10665.8;1760
2015.12.09;04:00:00;10690.4;10662;10673.6;10677.4;1826
2015.12.09;08:00:00;10717;10560.8;10625.8;10673.2;14531
2015.12.09;12:00:00;10680.5;10575.3;10582.8;10625.5;15756
2015.12.09;16:00:00;10697.3;10455;10473;10582.5;24145
2015.12.09;20:00:00;10533.3;10446.3;10507.1;10473.3;13565
2015.12.10;00:00:00;10541.5;10504.7;10538.7;10506.7;1554
2015.12.10;04:00:00;10541.1;10517.1;10528.7;10538.3;1256
2015.12.10;08:00:00;10621.8;10496.8;10590.8;10527.1;9624
2015.12.10;12:00:00;10644;10551;10570.3;10591;16822
2015.12.10;16:00:00;10661.8;10565.8;10605.5;10570.8;21470
2015.12.10;20:00:00;10646;10557.5;10580.5;10606.5;8142
2015.12.11;00:00:00;10611.1;10573.3;10599.9;10579.7;1627
2015.12.11;04:00:00;10600.7;10578.1;10592.5;10599.1;1283
2015.12.11;08:00:00;10603.5;10501.5;10534.3;10593.3;12741
2015.12.11;12:00:00;10540.8;10361.8;10409;10535;19226
2015.12.11;16:00:00;10419.3;10289;10314.5;10408.3;24910
2015.12.11;20:00:00;10345.3;10266.8;10279.8;10315.3;9581
2015.12.14;00:00:00;10331.4;10277.6;10316.2;10281.2;2412
2015.12.14;04:00:00;10349.6;10311.6;10342.4;10315.8;1590
2015.12.14;08:00:00;10443.5;10344;10396.5;10349;17302
2015.12.14;12:00:00;10405.8;10202.3;10264.8;10396;21854
2015.12.14;16:00:00;10315;10118.3;10213.5;10265.8;23666
2015.12.14;20:00:00;10285;10199.5;10278.2;10213.8;7347
2015.12.15;00:00:00;10324.6;10276.8;10284.6;10279;1546
2015.12.15;04:00:00;10296.6;10261;10261.8;10285;1347
2015.12.15;08:00:00;10375.5;10222;10363.8;10261.4;12870
2015.12.15;12:00:00;10427;10314.5;10422;10364.3;15483
2015.12.15;16:00:00;10486;10412.3;10475.8;10421.8;18626
2015.12.15;20:00:00;10476.3;10475;10476;10475.3;11
