DATE;TIME;HIGH;LOW;CLOSE;OPEN;VOLUME
2015.04.27;12:00:00;1195.85;1190.41;1191.74;1192.44;12064
2015.04.27;16:00:00;1192.46;1182.04;1182.04;1191.68;17705
2015.04.27;20:00:00;1182.22;1175.09;1177.86;1182.04;15306
2015.04.28;00:00:00;1179.35;1177.17;1179.3;1177.91;1803
2015.04.28;04:00:00;1181.74;1178.52;1181.63;1178.66;6101
2015.04.28;08:00:00;1183.61;1181.59;1183.16;1181.65;5715
2015.04.28;12:00:00;1183.41;1179.8;1182.77;1183.15;12064
2015.04.28;16:00:00;1187.58;1181.79;1187.18;1182.81;11932
2015.04.28;20:00:00;1207.1;1187.29;1202.42;1187.29;23325
2015.04.29;00:00:00;1204.42;1201.41;1201.41;1202.42;3284
2015.04.29;04:00:00;1202.48;1199.12;1200.36;1201.89;4608
2015.04.29;08:00:00;1202.04;1199.28;1201.03;1200.33;4873
2015.04.29;12:00:00;1203.55;1199.63;1201.54;1200.98;11373
2015.04.29;16:00:00;1206.88;1200.51;1204.79;1201.49;13571
2015.04.29;20:00:00;1214.94;1204.94;1214.14;1204.94;21146
2015.04.30;00:00:00;1214.74;1211.24;1211.68;1214.24;5083
2015.04.30;04:00:00;1212.22;1209.13;1209.66;1211.7;4061
2015.04.30;08:00:00;1211.37;1208.79;1209.64;1209.67;5025
2015.04.30;12:00:00;1209.86;1204.29;1205.16;1209.64;9887
2015.04.30;16:00:00;1213.94;1204.91;1209.37;1205.12;19103
2015.04.30;20:00:00;1212.56;1206.63;1208.77;1209.4;16471
2015.05.01;00:00:00;1208.77;1201.25;1204.18;1208.73;12796
2015.05.01;04:00:00;1206.15;1203.66;1205.16;1204.78;4402
2015.05.01;08:00:00;1205.35;1200.94;1203.99;1205.13;7577
2015.05.01;12:00:00;1207.06;1199.84;1203.45;1204.02;15583
2015.05.01;16:00:00;1207.09;1179.66;1181.2;1203.49;25995
2015.05.01;20:00:00;1184.06;1176.98;1183.8;1181.28;17185
2015.05.04;00:00:00;1184.74;1181.23;1183.62;1183.9;4545
2015.05.04;04:00:00;1185.08;1182.82;1183.21;1184.17;2799
2015.05.04;08:00:00;1183.63;1181.44;1182.03;1183.17;1876
2015.05.04;12:00:00;1183.5;1178.84;1180.41;1182.07;7852
2015.05.04;16:00:00;1182;1170.15;1177.81;1180.43;13962
2015.05.04;20:00:00;1179.36;1170.68;1174.84;1177.86;12915
2015.05.05;00:00:00;1178.66;1174.02;1178.32;1174.85;2647
2015.05.05;04:00:00;1183.27;1176.89;1183.17;1176.89;3655
2015.05.05;08:00:00;1184.77;1182.44;1184.25;1183.15;3944
2015.05.05;12:00:00;1184.95;1182.03;1183.75;1184.29;7267
2015.05.05;16:00:00;1192.09;1180.37;1189.02;1183.85;13352
2015.05.05;20:00:00;1192.74;1186.9;1188.1;1189.21;10087
2015.05.06;00:00:00;1190.6;1187.31;1187.89;1188.1;3755
2015.05.06;04:00:00;1188.96;1186.75;1188.02;1188.02;3256
2015.05.06;08:00:00;1188.5;1185.61;1188.2;1188;3737
2015.05.06;12:00:00;1190.18;1186.57;1187.44;1188.19;8999
2015.05.06;16:00:00;1199.79;1186.44;1199.23;1187.44;16493
2015.05.06;20:00:00;1199.13;1192.56;1193.38;1199.06;14730
2015.05.07;00:00:00;1193.95;1192.27;1192.92;1193.41;3314
2015.05.07;04:00:00;1195.38;1192.75;1195.18;1192.98;3337
2015.05.07;08:00:00;1196.79;1194.66;1195.98;1195.2;4775
2015.05.07;12:00:00;1197.3;1189.37;1190.96;1195.97;13197
2015.05.07;16:00:00;1197.58;1188.17;1195.27;1190.93;21959
2015.05.07;20:00:00;1195.86;1188.44;1191.08;1195.2;15083
2015.05.08;00:00:00;1192.25;1190.04;1191.45;1191.08;2967
2015.05.08;04:00:00;1192.68;1187.06;1187.58;1191.82;3901
2015.05.08;08:00:00;1188.92;1186.6;1188.88;1187.5;3624
2015.05.08;12:00:00;1188.94;1180.65;1182.77;1188.88;17177
2015.05.08;16:00:00;1188.39;1178.74;1185.7;1182.81;19488
2015.05.08;20:00:00;1187.49;1181.17;1183.11;1185.69;11759
2015.05.11;00:00:00;1184.6;1182.2;1184.39;1183.11;3168
2015.05.11;04:00:00;1184.46;1181.78;1184.38;1184.34;3509
2015.05.11;08:00:00;1184.68;1182.77;1183.4;1184.44;5180
2015.05.11;12:00:00;1188.73;1182.92;1186.12;1183.41;12623
2015.05.11;16:00:00;1193.53;1181.58;1185.89;1186.13;26184
2015.05.11;20:00:00;1189.98;1184.18;1189.17;1185.78;12081
2015.05.12;00:00:00;1189.17;1187.53;1188.27;1189.17;1852
2015.05.12;04:00:00;1190.26;1187.93;1188.86;1188.34;3397
2015.05.12;08:00:00;1189.26;1187.79;1188.6;1188.92;4312
2015.05.12;12:00:00;1189.12;1183.92;1185.64;1188.59;9623
2015.05.12;16:00:00;1191.62;1184.14;1188.88;1185.65;12762
2015.05.12;20:00:00;1190.3;1178.82;1184.05;1188.98;15296
2015.05.13;00:00:00;1184.25;1182.82;1183.77;1184.08;2719
2015.05.13;04:00:00;1184.44;1183.05;1184.34;1183.2;4318
2015.05.13;08:00:00;1184.75;1180.62;1182.12;1184.31;4750
2015.05.13;12:00:00;1187.93;1181.62;1187.81;1182.11;12883
2015.05.13;16:00:00;1197.03;1187.8;1191.29;1187.8;20459
2015.05.13;20:00:00;1195.26;1189.05;1192.43;1191.29;12748
2015.05.14;00:00:00;1194.15;1191.93;1192.74;1192.51;2823
2015.05.14;04:00:00;1193.5;1191.17;1191.81;1192.91;3390
2015.05.14;08:00:00;1194.38;1191.59;1192.47;1191.8;5786
2015.05.14;12:00:00;1196.2;1191.36;1193.07;1192.46;12160
2015.05.14;16:00:00;1211.7;1192.59;1211.28;1193.1;23870
2015.05.14;20:00:00;1218.75;1211.06;1215.22;1211.38;19527
2015.05.15;00:00:00;1216.03;1213.81;1214.79;1215.17;3230
2015.05.15;04:00:00;1215.5;1212.54;1213.84;1215.05;4265
2015.05.15;08:00:00;1214.73;1212.24;1214.53;1213.88;4637
2015.05.15;12:00:00;1218.78;1213.13;1216.43;1214.53;13716
2015.05.15;16:00:00;1227.1;1215.02;1224.98;1216.48;24331
2015.05.15;20:00:00;1227.07;1220.11;1223.1;1224.99;19018
2015.05.18;00:00:00;1223.46;1220.39;1220.98;1223.09;3967
2015.05.18;04:00:00;1221.96;1218.35;1219.04;1221;5143
2015.05.18;08:00:00;1219.93;1217.82;1218.09;1219.06;4852
2015.05.18;12:00:00;1221.47;1215.78;1216.03;1218.04;13762
2015.05.18;16:00:00;1220.14;1210.9;1219.4;1216.01;18165
2015.05.18;20:00:00;1226.07;1219.21;1224.46;1219.31;17280
2015.05.19;00:00:00;1225.55;1223.41;1223.77;1224.46;3474
2015.05.19;04:00:00;1225.3;1221.5;1221.74;1223.29;4386
2015.05.19;08:00:00;1230.25;1221.76;1229.24;1221.76;5121
2015.05.19;12:00:00;1232.22;1227.86;1229.25;1229.19;12304
2015.05.19;16:00:00;1230.97;1222.45;1223.83;1229.3;15519
2015.05.19;20:00:00;1228.83;1223.78;1225.54;1223.83;13790
2015.05.20;00:00:00;1226.2;1224.55;1225.37;1225.49;3577
2015.05.20;04:00:00;1225.52;1220.51;1220.52;1225.51;3787
2015.05.20;08:00:00;1222.78;1220.22;1222.64;1220.51;5317
2015.05.20;12:00:00;1223.92;1217.06;1220.13;1222.65;16460
2015.05.20;16:00:00;1222.74;1212.19;1214.59;1220.12;18777
2015.05.20;20:00:00;1214.97;1205.66;1207.88;1214.59;17388
2015.05.21;00:00:00;1209.2;1207.18;1207.67;1207.93;2652
2015.05.21;04:00:00;1209.6;1206.87;1208.55;1208.01;3848
2015.05.21;08:00:00;1209.4;1206.45;1206.45;1208.48;3154
2015.05.21;12:00:00;1208.68;1203.16;1207.76;1206.47;14755
2015.05.21;16:00:00;1212.71;1207.66;1211.58;1207.75;14985
2015.05.21;20:00:00;1212.11;1207.37;1210;1211.64;12363
2015.05.22;00:00:00;1213.37;1206.88;1209.15;1209.92;11743
2015.05.22;04:00:00;1211.8;1207.85;1211.04;1209.49;3403
2015.05.22;08:00:00;1212.67;1210.53;1211.4;1211.03;4885
2015.05.22;12:00:00;1212.19;1208.92;1209.01;1211.39;11000
2015.05.22;16:00:00;1210.04;1201.45;1204.62;1208.95;16007
2015.05.22;20:00:00;1208.99;1203.74;1204.01;1204.53;12436
2015.05.25;00:00:00;1206.77;1203.83;1206.28;1204.13;2395
2015.05.25;04:00:00;1207.52;1205.5;1206.46;1206.22;3224
2015.05.25;08:00:00;1209.05;1205.77;1208.22;1206.51;4807
2015.05.25;12:00:00;1214.76;1208.04;1212.27;1208.23;9668
2015.05.25;16:00:00;1214.73;1201.44;1204.19;1212.27;17615
2015.05.25;20:00:00;1208.84;1202.9;1203.74;1204.19;13560
2015.05.26;00:00:00;1206.26;1203.3;1205.98;1203.75;2935
2015.05.26;04:00:00;1205.42;1202.78;1204.26;1204.61;3845
2015.05.26;08:00:00;1205.14;1203.27;1204.39;1204.25;3567
2015.05.26;12:00:00;1205.79;1203.07;1203.62;1204.4;5397
2015.05.26;16:00:00;1206.42;1203.09;1205.18;1203.62;5117
2015.05.26;20:00:00;1208.56;1204.81;1206.84;1205.19;4116
2015.05.27;00:00:00;1207.45;1204.42;1205.07;1206.63;4243
2015.05.27;04:00:00;1206.09;1203.77;1204.55;1204.99;4386
2015.05.27;08:00:00;1204.85;1193.09;1194.25;1204.52;17075
2015.05.27;12:00:00;1196.07;1185.63;1188.43;1194.25;18818
2015.05.27;16:00:00;1189.42;1185.48;1186.92;1188.3;14931
2015.05.27;20:00:00;1188.78;1186.63;1186.9;1186.97;2909
2015.05.28;00:00:00;1188.65;1186.42;1188.48;1186.98;4116
2015.05.28;04:00:00;1190.45;1187.63;1189.58;1188.49;6422
2015.05.28;08:00:00;1190.82;1184.69;1185.62;1189.59;11849
2015.05.28;12:00:00;1187.82;1183.59;1186.58;1185.55;17094
2015.05.28;16:00:00;1188.58;1185.66;1186.29;1186.57;11558
2015.05.28;20:00:00;1187.98;1186.19;1187.71;1186.29;2407
2015.05.29;00:00:00;1189.31;1186.81;1187.92;1187.57;4028
2015.05.29;04:00:00;1189.85;1186.94;1187.99;1187.92;8144
2015.05.29;08:00:00;1192.09;1186.26;1187.76;1188.02;10704
2015.05.29;12:00:00;1189.16;1180.93;1181.8;1187.68;16570
2015.05.29;16:00:00;1189.97;1180.21;1189.08;1181.8;15652
2015.05.29;20:00:00;1189.39;1187.5;1188.2;1189.08;3166
2015.06.01;00:00:00;1189.63;1187.59;1188.97;1187.59;5588
2015.06.01;04:00:00;1190.5;1187.92;1189;1188.87;4781
2015.06.01;08:00:00;1190.59;1187.62;1189.9;1189.1;11424
2015.06.01;12:00:00;1193.9;1185.58;1192.17;1189.91;16984
2015.06.01;16:00:00;1192.59;1188.3;1190.44;1192.22;13748
2015.06.01;20:00:00;1191.52;1189.63;1190.05;1190.44;2277
2015.06.02;00:00:00;1197.2;1188.29;1190.57;1188.29;5177
2015.06.02;04:00:00;1192;1189.72;1191;1190.49;4560
2015.06.02;08:00:00;1191.6;1185.41;1186.54;1191;11033
2015.06.02;12:00:00;1204.19;1184.51;1203.67;1186.49;16310
2015.06.02;16:00:00;1203.51;1188.05;1188.64;1203.51;17451
2015.06.02;20:00:00;1190.42;1187.65;1188.9;1188.58;3357
2015.06.03;00:00:00;1189.54;1186.84;1187.14;1189.03;2894
2015.06.03;04:00:00;1189.41;1186.28;1187.43;1187.14;3457
2015.06.03;08:00:00;1190.41;1185.87;1187.82;1187.42;11778
2015.06.03;12:00:00;1196.2;1186.98;1192.75;1187.78;20447
2015.06.03;16:00:00;1195.34;1190.53;1193.72;1192.79;15528
2015.06.03;20:00:00;1194.37;1192.4;1193.06;1193.71;2662
2015.06.04;00:00:00;1195.42;1192.78;1194.47;1193.38;1998
2015.06.04;04:00:00;1194.67;1191.67;1192.53;1194.52;3170
2015.06.04;08:00:00;1192.96;1186.65;1188.49;1192.47;13197
2015.06.04;12:00:00;1193.2;1186.52;1189.67;1188.39;19513
2015.06.04;16:00:00;1191.48;1179.32;1184.61;1189.92;14518
2015.06.04;20:00:00;1186.99;1184.43;1185.09;1184.6;4120
2015.06.05;00:00:00;1186.11;1181.85;1183.72;1185.61;4157
2015.06.05;04:00:00;1186.38;1182.47;1184.75;1183.77;4682
2015.06.05;08:00:00;1185.64;1180.35;1183.13;1184.8;18214
2015.06.05;12:00:00;1183.92;1175.08;1176.05;1183.2;20989
2015.06.05;16:00:00;1177.16;1172.8;1175.74;1176.05;12958
2015.06.05;20:00:00;1178.63;1175.43;1176.49;1175.74;3417
2015.06.08;00:00:00;1178.21;1176.14;1177.62;1176.51;3842
2015.06.08;04:00:00;1178.29;1177.18;1178;1177.56;3920
2015.06.08;08:00:00;1178.47;1174.59;1176.12;1178.03;10113
2015.06.08;12:00:00;1176.45;1162.65;1165.22;1176.1;21515
2015.06.08;16:00:00;1171.54;1164.4;1169.28;1165.14;12584
2015.06.08;20:00:00;1172.03;1168.91;1171.48;1169.26;2588
2015.06.09;00:00:00;1177.52;1169.11;1174.62;1170.7;8122
2015.06.09;04:00:00;1176.42;1170.77;1173.08;1174.67;11646
2015.06.09;08:00:00;1175.66;1171.98;1174.96;1173.05;13982
2015.06.09;12:00:00;1175.41;1171.28;1171.55;1174.96;10969
2015.06.09;16:00:00;1174.66;1169.43;1173.74;1171.49;10967
2015.06.09;20:00:00;1174.82;1173.54;1173.64;1173.74;4560
2015.06.10;00:00:00;1176.08;1172.42;1175.79;1173.71;5250
2015.06.10;04:00:00;1178.32;1175.14;1177.8;1175.77;6321
2015.06.10;08:00:00;1182.17;1175.02;1180.3;1177.81;12875
2015.06.10;12:00:00;1182.87;1175.98;1177.28;1180.31;14535
2015.06.10;16:00:00;1178.63;1175.35;1177.93;1177.28;10263
2015.06.10;20:00:00;1178.15;1175.96;1176.34;1177.91;2273
2015.06.11;00:00:00;1178.74;1176.17;1176.73;1176.26;3568
2015.06.11;04:00:00;1181.94;1175.15;1181.53;1176.68;10498
2015.06.11;08:00:00;1186.38;1180.68;1186.38;1181.44;14726
2015.06.11;12:00:00;1192.21;1184.74;1188.75;1186.48;16272
2015.06.11;16:00:00;1190.03;1185.6;1186.95;1188.76;12287
2015.06.11;20:00:00;1187.2;1185.09;1185.19;1186.96;2834
2015.06.12;00:00:00;1187.53;1185.76;1186.38;1185.86;3333
2015.06.12;04:00:00;1187.84;1185.7;1186.82;1186.38;4898
2015.06.12;08:00:00;1186.87;1179.43;1180.25;1186.82;10656
2015.06.12;12:00:00;1185.25;1175.53;1178.77;1180.25;16382
2015.06.12;16:00:00;1181.38;1177.5;1180.73;1178.76;11486
2015.06.12;20:00:00;1182.51;1180.37;1181.88;1180.75;2501
2015.06.15;00:00:00;1183.67;1181.24;1183.4;1181.33;2588
2015.06.15;04:00:00;1183.89;1182.31;1182.58;1183.39;5553
2015.06.15;08:00:00;1184.25;1178.59;1180.05;1182.58;12173
2015.06.15;12:00:00;1183.35;1176.62;1182.6;1180;13299
2015.06.15;16:00:00;1183.44;1179.42;1179.8;1182.6;10870
2015.06.15;20:00:00;1181.52;1179.58;1181.32;1179.8;2038
2015.06.16;00:00:00;1186.26;1180.12;1181.23;1180.67;4576
2015.06.16;04:00:00;1182.18;1179.76;1180.1;1181.23;3456
2015.06.16;08:00:00;1185;1172.85;1174;1180.11;10345
2015.06.16;12:00:00;1183.71;1172.71;1181.54;1173.99;12724
2015.06.16;16:00:00;1190.44;1181.06;1186.44;1181.48;13433
2015.06.16;20:00:00;1187.91;1185.51;1185.93;1186.4;3344
2015.06.17;00:00:00;1186.74;1183.72;1186.03;1185.56;3045
2015.06.17;04:00:00;1187.38;1184.97;1185.27;1185.98;3365
2015.06.17;08:00:00;1187.82;1181.71;1182.82;1185.28;11236
2015.06.17;12:00:00;1184.58;1176;1177.85;1182.78;10377
2015.06.17;16:00:00;1181.97;1177;1181.57;1177.89;8173
2015.06.17;20:00:00;1182.74;1180.9;1181.34;1181.57;2432
2015.06.18;00:00:00;1182.19;1180.12;1180.88;1181.42;2602
2015.06.18;04:00:00;1181.67;1178.23;1179.3;1180.84;2697
2015.06.18;08:00:00;1180.78;1177.94;1178.69;1179.31;9153
2015.06.18;12:00:00;1179.92;1177.79;1178.58;1178.68;7242
2015.06.18;16:00:00;1179.83;1174.54;1178.54;1178.55;9911
2015.06.18;20:00:00;1189.1;1175.79;1184.74;1178.64;17100
2015.06.19;00:00:00;1187.39;1183.53;1186.62;1184.42;5462
2015.06.19;04:00:00;1188.8;1186.38;1187.69;1186.62;6076
2015.06.19;08:00:00;1198.1;1187.08;1197.99;1187.69;12155
2015.06.19;12:00:00;1203.51;1194.7;1201.6;1198.09;17872
2015.06.19;16:00:00;1205.63;1198.15;1201.93;1201.6;15979
2015.06.19;20:00:00;1202.98;1200.94;1201.07;1202.03;2820
2015.06.22;00:00:00;1202.33;1199.62;1199.82;1201.9;5114
2015.06.22;04:00:00;1200.88;1198.98;1200.44;1199.82;7155
2015.06.22;08:00:00;1201.35;1198.27;1200.84;1200.54;9558
2015.06.22;12:00:00;1204.07;1199.38;1203.29;1200.84;10205
2015.06.22;16:00:00;1203.81;1198.57;1201.7;1203.31;9126
2015.06.22;20:00:00;1202.04;1199.57;1199.9;1201.75;3298
2015.06.23;00:00:00;1200.95;1196.55;1199.24;1198.99;4152
2015.06.23;04:00:00;1200;1197.27;1197.43;1199.23;3677
2015.06.23;08:00:00;1197.82;1193.04;1195.31;1197.43;9784
2015.06.23;12:00:00;1195.34;1185.72;1186.34;1195.31;12405
2015.06.23;16:00:00;1187.04;1182.05;1183.21;1186.27;11131
2015.06.23;20:00:00;1185.84;1182.87;1185.16;1183.21;2885
2015.06.24;00:00:00;1187.97;1184.22;1187.42;1185.36;3811
2015.06.24;04:00:00;1188.01;1185.28;1186.74;1187.44;5100
2015.06.24;08:00:00;1186.92;1182.01;1184.22;1186.73;8317
2015.06.24;12:00:00;1184.18;1176.1;1179.33;1184.18;14346
2015.06.24;16:00:00;1179.87;1176.48;1176.59;1179.21;11385
2015.06.24;20:00:00;1178.64;1176.18;1177.74;1176.57;2438
2015.06.25;00:00:00;1179.31;1175.96;1176.64;1177.9;2265
2015.06.25;04:00:00;1178.48;1176.54;1177.85;1176.64;3242
2015.06.25;08:00:00;1180.17;1173.75;1179.45;1177.85;10884
2015.06.25;12:00:00;1179.72;1170.53;1174.52;1179.41;13317
2015.06.25;16:00:00;1175.05;1171.32;1174.61;1174.53;9674
2015.06.25;20:00:00;1175.28;1173.98;1174.7;1174.61;2138
2015.06.26;00:00:00;1176.04;1174.52;1175.58;1174.52;1856
2015.06.26;04:00:00;1177.99;1175.54;1176.91;1175.55;3692
2015.06.26;08:00:00;1177.87;1173.34;1174.67;1176.88;8781
2015.06.26;12:00:00;1175.44;1171.49;1173.2;1174.65;11844
2015.06.26;16:00:00;1174.43;1172.21;1173.23;1173.11;6860
2015.06.26;20:00:00;1173.56;1172.55;1172.9;1173.33;2535
2015.06.29;00:00:00;1175.14;1172.9;1174.42;1172.9;3121
2015.06.29;04:00:00;1175.04;1173.45;1173.56;1174.4;3216
2015.06.29;08:00:00;1178.57;1170.07;1174.04;1173.54;13742
2015.06.29;12:00:00;1174.69;1168.28;1170.69;1174;12512
2015.06.29;16:00:00;1174.85;1169.75;1174.61;1170.68;10243
2015.06.29;20:00:00;1175.37;1173.34;1175.17;1174.62;2959
2015.06.30;00:00:00;1188.01;1179.77;1181.21;1184.17;14338
2015.06.30;04:00:00;1184.67;1181;1183.97;1181.13;10407
2015.06.30;08:00:00;1184.82;1176.02;1176.28;1183.96;16993
2015.06.30;12:00:00;1183.82;1173.77;1175.81;1176.28;16024
2015.06.30;16:00:00;1180.62;1174.66;1179.69;1175.77;16129
2015.06.30;20:00:00;1180.42;1178.53;1179.4;1179.7;4895
2015.07.01;00:00:00;1180.4;1176.35;1177.19;1179.94;6364
2015.07.01;04:00:00;1177.75;1175.79;1177.21;1177.15;7429
2015.07.01;08:00:00;1177.45;1174.01;1174.43;1177.22;14022
2015.07.01;12:00:00;1174.72;1168.9;1170.43;1174.42;18974
2015.07.01;16:00:00;1178.94;1166.51;1172.56;1170.68;21906
2015.07.01;20:00:00;1173.72;1170.97;1171.98;1172.58;5345
2015.07.02;00:00:00;1174.74;1171.48;1174.16;1172.33;2225
2015.07.02;04:00:00;1174.95;1173.38;1173.65;1174.12;3395
2015.07.02;08:00:00;1174.59;1171.33;1172.63;1173.6;10221
2015.07.02;12:00:00;1172.95;1167.64;1167.97;1172.65;11114
2015.07.02;16:00:00;1173.38;1167.57;1169.09;1167.97;14844
2015.07.02;20:00:00;1170;1167.44;1168.38;1169.12;4445
2015.07.03;00:00:00;1168.84;1166.91;1167.64;1168.14;3888
2015.07.03;04:00:00;1168.44;1167.07;1167.08;1167.62;3723
2015.07.03;08:00:00;1167.14;1161.69;1164.63;1167.06;9716
2015.07.03;12:00:00;1168.62;1156.99;1164.7;1164.63;20309
2015.07.03;16:00:00;1166.49;1161.98;1164.75;1164.7;10889
2015.07.03;20:00:00;1169.73;1163.07;1166.03;1164.7;2753
2015.07.06;00:00:00;1167.51;1164.63;1167.07;1165.78;4429
2015.07.06;04:00:00;1167.82;1165.95;1167.42;1167.06;4085
2015.07.06;08:00:00;1170.11;1166.68;1168.29;1167.42;8199
2015.07.06;12:00:00;1169.71;1167.08;1168.32;1168.31;6059
2015.07.06;16:00:00;1169.87;1165.88;1168.07;1168.32;3774
2015.07.06;20:00:00;1175.01;1168.07;1168.69;1174.44;8901
2015.07.07;00:00:00;1169.02;1166.25;1167.12;1168.69;6468
2015.07.07;04:00:00;1168.13;1162.77;1164.24;1167.13;12589
2015.07.07;08:00:00;1166.57;1163.35;1165.99;1164.23;14300
2015.07.07;12:00:00;1174.32;1165.43;1172.7;1165.97;15148
2015.07.07;16:00:00;1173.23;1167.98;1170.05;1172.72;3820
2015.07.07;20:00:00;1170.3;1167.86;1169.14;1169.24;2344
2015.07.08;00:00:00;1169.35;1166.87;1167.83;1169.19;3505
2015.07.08;04:00:00;1169.23;1165.68;1167.24;1167.83;8947
2015.07.08;08:00:00;1168.07;1154.21;1156.27;1167.29;20329
2015.07.08;12:00:00;1158.41;1147.86;1154.44;1156.2;27642
2015.07.08;16:00:00;1158.84;1151.89;1154.69;1154.47;6226
2015.07.08;20:00:00;1156.52;1151.51;1153.09;1154.73;8265
2015.07.09;00:00:00;1154.22;1150.51;1150.63;1153.14;8621
2015.07.09;04:00:00;1155.28;1147.1;1154.52;1150.61;18532
2015.07.09;08:00:00;1164.47;1153;1159.95;1154.47;19794
2015.07.09;12:00:00;1164.57;1158.83;1163.09;1159.82;15258
2015.07.09;16:00:00;1163.82;1154.57;1157.88;1163.14;6708
2015.07.09;20:00:00;1159.94;1155.9;1158.92;1158.23;5486
2015.07.10;00:00:00;1163.61;1157.28;1163.42;1158.97;8605
2015.07.10;04:00:00;1166.49;1161.28;1162.09;1163.38;12672
2015.07.10;08:00:00;1167.63;1160.14;1164.36;1162.07;15714
2015.07.10;12:00:00;1165.17;1159.39;1160.74;1164.37;12636
2015.07.10;16:00:00;1161.62;1158.05;1159.06;1160.73;3693
2015.07.10;20:00:00;1161.23;1157.39;1159.64;1159.35;5192
2015.07.13;00:00:00;1162.77;1159.56;1162.59;1159.64;6917
2015.07.13;04:00:00;1163.95;1161.2;1162.92;1162.59;9781
2015.07.13;08:00:00;1163.77;1158.85;1159.41;1162.93;11053
2015.07.13;12:00:00;1165.28;1158.17;1159.47;1159.41;15052
2015.07.13;16:00:00;1164.15;1159.32;1163.1;1159.37;3984
2015.07.13;20:00:00;1164.7;1160.63;1160.96;1163.13;5637
2015.07.14;00:00:00;1164.1;1159.26;1160.86;1161.06;4749
2015.07.14;04:00:00;1161.57;1153.8;1155.78;1160.88;11795
2015.07.14;08:00:00;1158.26;1151.03;1154.26;1155.78;13771
2015.07.14;12:00:00;1159.24;1152.9;1156.86;1154.28;13271
2015.07.14;16:00:00;1158.17;1156.18;1157.78;1156.84;2865
2015.07.14;20:00:00;1158.2;1154.78;1154.91;1157.65;4615
2015.07.15;00:00:00;1157.06;1154.58;1156.36;1154.89;4269
2015.07.15;04:00:00;1156.37;1153.17;1154.14;1156.36;8880
2015.07.15;08:00:00;1159.69;1152.82;1157.07;1154.14;13934
2015.07.15;12:00:00;1157.92;1153.88;1154.14;1157.11;8958
2015.07.15;16:00:00;1155.56;1154.08;1155.52;1154.14;2718
2015.07.15;20:00:00;1156.7;1154.65;1155.52;1154.65;2803
2015.07.16;00:00:00;1155.91;1153.85;1154.55;1155.52;3081
2015.07.16;04:00:00;1155.76;1153.54;1155.41;1154.54;6334
2015.07.16;08:00:00;1155.6;1145.86;1148.74;1155.43;15972
2015.07.16;12:00:00;1149.33;1143.13;1148.74;1148.67;17103
2015.07.16;16:00:00;1149.93;1147.59;1149.18;1148.84;2899
2015.07.16;20:00:00;1149.32;1146.23;1146.66;1147.14;3217
2015.07.17;00:00:00;1147.97;1145.93;1147.05;1146.61;4533
2015.07.17;04:00:00;1147.72;1144.62;1145.2;1147.1;10258
2015.07.17;08:00:00;1146.26;1142.17;1144.21;1145.2;19589
2015.07.17;12:00:00;1147.7;1143.51;1145.53;1144.21;12971
2015.07.17;16:00:00;1145.96;1144.68;1145.14;1145.54;2319
2015.07.17;20:00:00;1145.56;1143.57;1144.42;1145.2;3188
2015.07.20;00:00:00;1145.02;1143.85;1144.51;1144.43;3749
2015.07.20;04:00:00;1145.64;1142.88;1143.12;1144.52;9309
2015.07.20;08:00:00;1144.61;1133.97;1134.07;1143.09;16191
2015.07.20;12:00:00;1134.42;1131.01;1133.08;1134.03;15183
2015.07.20;16:00:00;1134.99;1132.04;1133.9;1133.08;3700
2015.07.20;20:00:00;1133.33;1071.19;1106.45;1132.78;11735
2015.07.21;00:00:00;1111.67;1104.62;1109.09;1106.51;16356
2015.07.21;04:00:00;1119.03;1108.47;1114.4;1109.08;14186
2015.07.21;08:00:00;1116;1105.93;1105.96;1114.45;18543
2015.07.21;12:00:00;1112.22;1101.75;1107.38;1106.02;18330
2015.07.21;16:00:00;1107.72;1094.3;1096.44;1107.34;6783
2015.07.21;20:00:00;1105.74;1096.91;1101.77;1098.55;9733
2015.07.22;00:00:00;1104.57;1101.41;1103.02;1101.82;6713
2015.07.22;04:00:00;1109.25;1100.92;1106.34;1103.02;12184
2015.07.22;08:00:00;1109.78;1102.9;1105.21;1106.32;13714
2015.07.22;12:00:00;1109.16;1102.09;1102.74;1105.18;12571
2015.07.22;16:00:00;1103.57;1098.23;1100.93;1102.78;4487
2015.07.22;20:00:00;1103.3;1095.7;1095.7;1101.01;8288
2015.07.23;00:00:00;1097.75;1091.51;1092.25;1095.67;10367
2015.07.23;04:00:00;1097.34;1090.93;1095.31;1092.25;15311
2015.07.23;08:00:00;1095.32;1087.19;1090.6;1095.31;16784
2015.07.23;12:00:00;1096.24;1086.96;1092.22;1090.59;13660
2015.07.23;16:00:00;1094.48;1091.88;1093.94;1092.26;2379
2015.07.23;20:00:00;1098.65;1093.42;1098.08;1094.41;5115
2015.07.24;00:00:00;1099.69;1097.04;1098.33;1098.11;7301
2015.07.24;04:00:00;1105.68;1095.71;1102.35;1098.32;14462
2015.07.24;08:00:00;1102.96;1094.12;1097.65;1102.35;16625
2015.07.24;12:00:00;1098.32;1091.98;1092.66;1097.65;15645
2015.07.24;16:00:00;1092.67;1087.15;1090.36;1092.67;5548
2015.07.24;20:00:00;1091.53;1082.49;1083.69;1090.16;7800
2015.07.27;00:00:00;1085.67;1077.19;1084.97;1083.6;13069
2015.07.27;04:00:00;1086.37;1082.31;1082.92;1085.03;16140
2015.07.27;08:00:00;1084.73;1077.47;1080.88;1082.87;21258
2015.07.27;12:00:00;1094.46;1080.77;1092.23;1080.88;18959
2015.07.27;16:00:00;1101.49;1092.28;1098.98;1092.28;9490
2015.07.27;20:00:00;1100.85;1094.25;1097.95;1098.49;9690
2015.07.28;00:00:00;1100.37;1096.37;1098.49;1097.93;7759
2015.07.28;04:00:00;1104.93;1098.29;1099.46;1098.5;18501
2015.07.28;08:00:00;1100.15;1088.48;1096.78;1099.47;20771
2015.07.28;12:00:00;1102.12;1094.26;1096.21;1096.77;18677
2015.07.28;16:00:00;1096.41;1091.75;1093.91;1096.19;4915
2015.07.28;20:00:00;1095.8;1092.31;1092.76;1094.43;6678
2015.07.29;00:00:00;1097.27;1092.45;1096.32;1092.76;6678
2015.07.29;04:00:00;1098.62;1094.71;1095.19;1096.32;12010
2015.07.29;08:00:00;1098.9;1091.5;1096.94;1095.22;16882
2015.07.29;12:00:00;1098.27;1093.73;1096.02;1096.87;10241
2015.07.29;16:00:00;1096.12;1094.71;1094.95;1096.04;1897
2015.07.29;20:00:00;1097.7;1094.54;1097.12;1094.85;4317
2015.07.30;00:00:00;1099.31;1096.2;1098.81;1097.12;7247
2015.07.30;04:00:00;1099.1;1096.03;1096.78;1098.81;10306
2015.07.30;08:00:00;1097.74;1090.88;1091.9;1096.76;15042
2015.07.30;12:00:00;1098.73;1090.34;1095.08;1091.95;19377
2015.07.30;16:00:00;1101.86;1094.99;1096.88;1095.18;11696
2015.07.30;20:00:00;1098.53;1094.21;1094.81;1096.59;5327
2015.07.31;00:00:00;1094.83;1092.18;1092.55;1094.76;7324
2015.07.31;04:00:00;1092.59;1082.42;1086.34;1092.59;16341
2015.07.31;08:00:00;1088.76;1082.48;1087.09;1086.34;16351
2015.07.31;12:00:00;1095.28;1086.58;1089.02;1087.09;15658
2015.07.31;16:00:00;1090.02;1087.42;1088.4;1088.97;3767
2015.07.31;20:00:00;1089.35;1084.02;1085.13;1087.97;7792
2015.08.03;00:00:00;1085.93;1083.63;1084.4;1085.12;5748
2015.08.03;04:00:00;1086.23;1079.95;1081.93;1084.32;14793
2015.08.03;08:00:00;1103.41;1080.14;1097.46;1081.93;23423
2015.08.03;12:00:00;1098.58;1092.64;1097.19;1097.44;21046
2015.08.03;16:00:00;1098.97;1094.04;1095.5;1097.19;4621
2015.08.03;20:00:00;1096.33;1091.9;1092.94;1095.56;6508
2015.08.04;00:00:00;1097.6;1092.65;1095.83;1092.92;8589
2015.08.04;04:00:00;1097.66;1092.44;1093.19;1095.85;11949
2015.08.04;08:00:00;1093.45;1089.1;1092.37;1093.17;14314
2015.08.04;12:00:00;1093.11;1088.5;1089.22;1092.36;14842
2015.08.04;16:00:00;1090.71;1085.74;1086.5;1089.23;5715
2015.08.04;20:00:00;1085.77;1080.9;1082.79;1085.63;8846
2015.08.05;00:00:00;1087.09;1082.51;1086.22;1082.79;8870
2015.08.05;04:00:00;1094.64;1086.14;1093.46;1086.24;15297
2015.08.05;08:00:00;1094.54;1090.17;1091.48;1093.52;14938
2015.08.05;12:00:00;1093.2;1086.74;1088.23;1091.45;15919
2015.08.05;16:00:00;1089.58;1084.7;1087.5;1088.23;5641
2015.08.05;20:00:00;1087.83;1084.57;1085.78;1087.79;6111
2015.08.06;00:00:00;1088.27;1085.09;1088.23;1085.73;7554
2015.08.06;04:00:00;1088.2;1084.16;1086.23;1088.2;10853
2015.08.06;08:00:00;1092.47;1085.17;1087.8;1086.17;18975
2015.08.06;12:00:00;1087.8;1082.89;1086;1087.8;16454
2015.08.06;16:00:00;1086.31;1083.21;1084.89;1086.01;3844
2015.08.06;20:00:00;1085.49;1083.41;1084.76;1084.72;5475
2015.08.07;00:00:00;1087.16;1084.08;1086.68;1084.79;6530
2015.08.07;04:00:00;1087.01;1083.9;1085.23;1086.68;9009
2015.08.07;08:00:00;1090.06;1084.4;1089.71;1085.23;15762
2015.08.07;12:00:00;1093.95;1088.53;1090.33;1089.81;19142
2015.08.07;16:00:00;1090.88;1088.79;1089.32;1090.29;2215
2015.08.07;20:00:00;1091.21;1088.25;1088.84;1089.15;4061
2015.08.10;00:00:00;1089.7;1087.86;1088.28;1088.89;4744
2015.08.10;04:00:00;1097.5;1087.4;1091.55;1088.25;12977
2015.08.10;08:00:00;1097;1082.68;1093.48;1091.54;25136
2015.08.10;12:00:00;1099.4;1093.35;1094.35;1093.56;20434
2015.08.10;16:00:00;1095.08;1091.26;1093.94;1094.36;4912
2015.08.10;20:00:00;1094.6;1089.53;1093.18;1094.6;5899
2015.08.11;00:00:00;1097.37;1092.5;1096.74;1093.11;5616
2015.08.11;04:00:00;1098.42;1094.18;1094.42;1096.74;12569
2015.08.11;08:00:00;1097.57;1093.72;1096.93;1094.42;14918
2015.08.11;12:00:00;1108.88;1096.41;1105.08;1096.91;23496
2015.08.11;16:00:00;1105.57;1101.72;1104.23;1105.13;5103
2015.08.11;20:00:00;1107.08;1093.73;1095.78;1104.13;11352
2015.08.12;00:00:00;1104.73;1095.78;1101.03;1095.85;14398
2015.08.12;04:00:00;1119.29;1097.7;1112.86;1101.03;20539
2015.08.12;08:00:00;1114.19;1105.1;1108.89;1112.88;20582
2015.08.12;12:00:00;1110.6;1103.77;1108.67;1108.67;17983
2015.08.12;16:00:00;1109.84;1108.07;1108.77;1108.77;4139
2015.08.12;20:00:00;1113.2;1101.7;1112.23;1108.61;12071
2015.08.13;00:00:00;1113.95;1109.27;1112.21;1112.21;11042
2015.08.13;04:00:00;1119.77;1111.55;1116.57;1112.23;21148
2015.08.13;08:00:00;1121.5;1114.9;1119.12;1116.57;21396
2015.08.13;12:00:00;1125.7;1118.08;1123.44;1119.12;21295
2015.08.13;16:00:00;1125.17;1122.64;1124.32;1123.42;4562
2015.08.13;20:00:00;1126.66;1121.15;1121.22;1125.52;10448
2015.08.14;00:00:00;1123.4;1120.51;1122.33;1121.24;9072
2015.08.14;04:00:00;1123.19;1116.55;1117.83;1122.29;13512
2015.08.14;08:00:00;1118.49;1113.54;1116.31;1117.81;17756
2015.08.14;12:00:00;1118.35;1114.45;1114.59;1116.31;14703
2015.08.14;16:00:00;1115.38;1113.75;1114.91;1114.59;4132
2015.08.14;20:00:00;1115.83;1112.79;1113.61;1114.86;7128
2015.08.17;00:00:00;1115.1;1112.31;1114.65;1113.61;7586
2015.08.17;04:00:00;1119.16;1113.85;1117.85;1114.65;12414
2015.08.17;08:00:00;1120.98;1116.46;1118.04;1117.89;13860
2015.08.17;12:00:00;1120.69;1111.71;1112.66;1118.02;18561
2015.08.17;16:00:00;1115.57;1112.43;1114.62;1112.61;3186
2015.08.17;20:00:00;1117.38;1113.52;1116.75;1114.1;5306
2015.08.18;00:00:00;1118.21;1115.45;1118.17;1116.75;6262
2015.08.18;04:00:00;1119.86;1115.98;1116.13;1118.18;12613
2015.08.18;08:00:00;1122.69;1116.02;1119.57;1116.14;17359
2015.08.18;12:00:00;1120.09;1116.82;1118.04;1119.67;11364
2015.08.18;16:00:00;1118.8;1116.43;1117.32;1117.95;3771
2015.08.18;20:00:00;1119.21;1116.54;1118.44;1117.5;4879
2015.08.19;00:00:00;1119.62;1117.34;1118.9;1118.44;6237
2015.08.19;04:00:00;1120.77;1117.41;1120.12;1118.88;12901
2015.08.19;08:00:00;1121.04;1109.55;1111.49;1120.1;20348
2015.08.19;12:00:00;1119.98;1110.86;1117.06;1111.49;16176
2015.08.19;16:00:00;1117.95;1116.21;1117.42;1117.07;3418
2015.08.19;20:00:00;1118.19;1116.18;1117.35;1117.66;5418
2015.08.20;00:00:00;1118.28;1116.79;1117.72;1117.47;6044
2015.08.20;04:00:00;1124.12;1117.26;1122.79;1117.72;12908
2015.08.20;08:00:00;1129.24;1119.1;1126.99;1122.83;18924
2015.08.20;12:00:00;1131.79;1124.8;1129.9;1127.09;21981
2015.08.20;16:00:00;1134.5;1127.55;1134.04;1129.72;10048
2015.08.20;20:00:00;1135.25;1132.51;1134.76;1133.53;6709
2015.08.21;00:00:00;1142.05;1133.79;1140.55;1134.71;10343
2015.08.21;04:00:00;1141.17;1136.02;1138.08;1140.55;17698
2015.08.21;08:00:00;1147.63;1137.57;1147.39;1138.12;20475
2015.08.21;12:00:00;1153.89;1144.87;1152.79;1147.4;19072
2015.08.21;16:00:00;1153.92;1149.71;1151.9;1152.75;4681
2015.08.21;20:00:00;1161.12;1153.19;1158.61;1153.35;9621
2015.08.24;00:00:00;1168.16;1158.32;1164.6;1158.64;12957
2015.08.24;04:00:00;1165.35;1148.87;1151.09;1164.59;20233
2015.08.24;08:00:00;1159.17;1150.51;1156.07;1151.08;22791
2015.08.24;12:00:00;1161.56;1149.16;1157.21;1156.12;28387
2015.08.24;16:00:00;1160.62;1156.74;1159.79;1157.3;6089
2015.08.24;20:00:00;1165.22;1155.81;1159.85;1160.34;11571
2015.08.25;00:00:00;1163.86;1155.28;1156.54;1159.72;14662
2015.08.25;04:00:00;1160.02;1152.25;1156.21;1156.56;23820
2015.08.25;08:00:00;1169.97;1153.48;1165.64;1156.21;36499
2015.08.25;12:00:00;1166.13;1152.83;1154.91;1165.68;43043
2015.08.25;16:00:00;1157.05;1145.57;1154.9;1154.91;13805
2015.08.25;20:00:00;1156.35;1150.75;1155.2;1155.32;9759
2015.08.26;00:00:00;1156.54;1151.47;1153.54;1155.2;8019
2015.08.26;04:00:00;1154.47;1145.69;1150.48;1153.54;24373
2015.08.26;08:00:00;1152.63;1139.92;1142.01;1150.57;28931
2015.08.26;12:00:00;1142.6;1134.58;1138.73;1142.04;30720
2015.08.26;16:00:00;1141.1;1138.19;1140.5;1138.78;7150
2015.08.26;20:00:00;1146.38;1136.16;1137.17;1139.95;10705
2015.08.27;00:00:00;1138.62;1133.29;1136.52;1137.22;11230
2015.08.27;04:00:00;1139.62;1132.84;1134.1;1136.53;21130
2015.08.27;08:00:00;1135.46;1120.87;1122.38;1134.1;29342
2015.08.27;12:00:00;1127.76;1117.67;1126.86;1121.92;25730
2015.08.27;16:00:00;1127.36;1122.76;1125.1;1126.86;4850
2015.08.27;20:00:00;1128.14;1123.02;1127.47;1125.21;7529
2015.08.28;00:00:00;1129.03;1126.54;1127;1127.48;11878
2015.08.28;04:00:00;1128.58;1124.97;1127.71;1127;18351
2015.08.28;08:00:00;1129.19;1118.21;1118.67;1127.7;24830
2015.08.28;12:00:00;1127.56;1118.46;1122.3;1118.72;29841
2015.08.28;16:00:00;1126.28;1122.03;1124.45;1122.26;9172
2015.08.28;20:00:00;1130.98;1124.31;1129.29;1124.77;8853
2015.08.31;00:00:00;1132.34;1128.69;1130.61;1129.29;11296
2015.08.31;04:00:00;1132.92;1125.3;1126.07;1130.59;17129
2015.08.31;08:00:00;1136.85;1123.68;1135.81;1126.07;24421
2015.08.31;12:00:00;1140.73;1130.12;1133.46;1135.84;27011
2015.08.31;16:00:00;1135.72;1132.86;1133.45;1133.46;4920
2015.08.31;20:00:00;1134.87;1129.14;1133.52;1133.14;8894
2015.09.01;00:00:00;1135.11;1133.49;1133.92;1133.57;7680
2015.09.01;04:00:00;1134.65;1131.45;1133.17;1133.92;10720
2015.09.01;08:00:00;1133.35;1125.59;1128.15;1133.17;15915
2015.09.01;12:00:00;1135.62;1127.37;1133.69;1128.05;21334
2015.09.01;16:00:00;1136.55;1132.92;1134.74;1133.85;5767
2015.09.01;20:00:00;1142.03;1134.1;1139.42;1134.1;9941
2015.09.02;00:00:00;1142.64;1139.13;1141.38;1139.43;12570
2015.09.02;04:00:00;1144.11;1140.63;1142.39;1141.43;20384
2015.09.02;08:00:00;1147.8;1139.14;1141.78;1142.41;24414
2015.09.02;12:00:00;1143.38;1137.05;1140.8;1141.86;24295
2015.09.02;16:00:00;1141.46;1139.03;1139.99;1140.79;4900
2015.09.02;20:00:00;1140.24;1135.33;1138.12;1139.29;9800
2015.09.03;00:00:00;1139.93;1136.97;1139.27;1138.11;11065
2015.09.03;04:00:00;1142.35;1138.44;1138.65;1139.29;17749
2015.09.03;08:00:00;1141.21;1135.88;1139.14;1138.63;20498
2015.09.03;12:00:00;1139.49;1131.99;1134.48;1139.14;23032
2015.09.03;16:00:00;1134.89;1132.97;1133.78;1134.48;4511
2015.09.03;20:00:00;1133.88;1131.25;1133.29;1133.48;4597
2015.09.04;00:00:00;1133.44;1131.98;1132.63;1133.34;4471
2015.09.04;04:00:00;1134.23;1129.07;1130.4;1132.63;13223
2015.09.04;08:00:00;1131.06;1121.73;1127.64;1130.43;26021
2015.09.04;12:00:00;1130.59;1122.61;1124.2;1127.57;18023
2015.09.04;16:00:00;1125.56;1123.36;1124.99;1124.22;2635
2015.09.04;20:00:00;1126.55;1123.56;1124.19;1124.32;6943
2015.09.07;00:00:00;1125.33;1124.01;1124.7;1124.19;7796
2015.09.07;04:00:00;1125.98;1124.18;1124.67;1124.6;7853
2015.09.07;08:00:00;1132.11;1116.58;1118.6;1124.57;22477
2015.09.07;12:00:00;1122.54;1117.67;1121.72;1118.58;17967
2015.09.07;16:00:00;1123.58;1120.74;1121.83;1121.77;2889
2015.09.07;20:00:00;1123.8;1117.65;1123.57;1123.56;11801
2015.09.08;00:00:00;1124.69;1122.06;1123.14;1123.47;7972
2015.09.08;04:00:00;1124.16;1120.62;1121.38;1123.15;10532
2015.09.08;08:00:00;1122.72;1118.85;1119.22;1121.38;8472
2015.09.08;12:00:00;1120.3;1115.98;1118.84;1119.25;3563
2015.09.08;16:00:00;1121.51;1119.15;1120.64;1120.12;5416
2015.09.08;20:00:00;1122.05;1120.21;1120.5;1120.64;7936
2015.09.09;00:00:00;1121.63;1118.76;1120.76;1120.5;12327
2015.09.09;04:00:00;1124.03;1119.29;1121.23;1120.78;15796
2015.09.09;08:00:00;1126.64;1120.29;1122.21;1121.23;18434
2015.09.09;12:00:00;1122.69;1121.06;1121.18;1122.16;3612
2015.09.09;16:00:00;1124.65;1121.41;1123.77;1121.56;6061
2015.09.09;20:00:00;1125.3;1122.66;1123.08;1123.77;8954
2015.09.10;00:00:00;1123.25;1120.57;1121.55;1123.09;10376
2015.09.10;04:00:00;1121.7;1110.59;1111.17;1121.55;18153
2015.09.10;08:00:00;1112.45;1101.19;1106.55;1111.03;24438
2015.09.10;12:00:00;1108.89;1106.13;1107.49;1106.56;4941
2015.09.10;16:00:00;1108.25;1103.76;1106.73;1106.47;7411
2015.09.10;20:00:00;1108.04;1105.11;1107.15;1106.73;9922
2015.09.11;00:00:00;1108.51;1105.73;1107.36;1107.16;11807
2015.09.11;04:00:00;1114.87;1105.75;1109.31;1107.36;22070
2015.09.11;08:00:00;1113.53;1108.2;1110.93;1109.34;18021
2015.09.11;12:00:00;1111.59;1110.28;1110.59;1110.87;3748
2015.09.11;16:00:00;1112.73;1110.63;1112.2;1110.84;3568
2015.09.11;20:00:00;1112.78;1110.86;1111.17;1112.2;6120
2015.09.14;00:00:00;1111.41;1105.33;1107.66;1111.18;13561
2015.09.14;04:00:00;1108.24;1098.67;1100.1;1107.66;18032
2015.09.14;08:00:00;1105.61;1099;1104.29;1100.15;17173
2015.09.14;12:00:00;1108.35;1103.95;1107.57;1104.31;3802
2015.09.14;16:00:00;1108.37;1104.68;1107.86;1106.89;7004
2015.09.14;20:00:00;1109.63;1107.08;1107.4;1107.87;7034
2015.09.15;00:00:00;1108.85;1106.67;1107.23;1107.41;8931
2015.09.15;04:00:00;1107.53;1103.42;1104.84;1107.26;11088
2015.09.15;08:00:00;1110.36;1104.07;1108.58;1104.9;11903
2015.09.15;12:00:00;1109.4;1107.91;1108.75;1108.59;2085
2015.09.15;16:00:00;1109.27;1106.48;1106.76;1107.77;4061
2015.09.15;20:00:00;1108.42;1106.47;1108.31;1106.75;4471
2015.09.16;00:00:00;1108.72;1104.99;1106;1108.31;6084
2015.09.16;04:00:00;1109.11;1102.46;1105.8;1106.03;11425
2015.09.16;08:00:00;1106.52;1103.12;1104.11;1105.84;12044
2015.09.16;12:00:00;1105.66;1103.31;1105.03;1104.08;3070
2015.09.16;16:00:00;1105.82;1103.87;1105.17;1104.93;3892
2015.09.16;20:00:00;1105.56;1104.24;1105.31;1105.12;6143
2015.09.17;00:00:00;1109.89;1104.47;1108.52;1105.29;10797
2015.09.17;04:00:00;1117.89;1107.33;1117.8;1108.53;18364
2015.09.17;08:00:00;1124.07;1116.93;1119.97;1117.78;22971
2015.09.17;12:00:00;1120.65;1118.71;1119.23;1119.97;5740
2015.09.17;16:00:00;1121.39;1118.93;1120.51;1119.05;6784
2015.09.17;20:00:00;1122.9;1119.67;1120.08;1120.55;7528
2015.09.18;00:00:00;1121.75;1117.13;1118.15;1120.07;10097
2015.09.18;04:00:00;1119.41;1115.3;1117.45;1118.15;13978
2015.09.18;08:00:00;1119.3;1116.68;1117.94;1117.59;15560
2015.09.18;12:00:00;1135.16;1117.98;1131.16;1117.98;20437
2015.09.18;16:00:00;1132.13;1128.5;1129.94;1130.28;9939
2015.09.18;20:00:00;1130.02;1127.45;1129.23;1130.01;9178
2015.09.21;00:00:00;1138.66;1127.5;1136.5;1129.22;15659
2015.09.21;04:00:00;1141.59;1132.55;1140.77;1136.49;23801
2015.09.21;08:00:00;1141.63;1136.02;1136.51;1140.75;21076
2015.09.21;12:00:00;1139.77;1136.12;1138.88;1136.47;4703
2015.09.21;16:00:00;1139.76;1135.99;1137.45;1139.12;4833
2015.09.21;20:00:00;1139.4;1137.01;1139.09;1137.45;4627
2015.09.22;00:00:00;1139.76;1136.61;1136.64;1139.1;10618
2015.09.22;04:00:00;1137.67;1129.52;1133.58;1136.64;14318
2015.09.22;08:00:00;1134.23;1130.69;1132.66;1133.57;12034
2015.09.22;12:00:00;1133.43;1131.95;1133.2;1132.66;2312
2015.09.22;16:00:00;1134.52;1132.14;1134.13;1132.87;3198
2015.09.22;20:00:00;1134.69;1132.94;1133.66;1134.12;4723
2015.09.23;00:00:00;1136.53;1128.45;1130.18;1133.66;14906
2015.09.23;04:00:00;1132.21;1121.25;1123.64;1130.19;23161
2015.09.23;08:00:00;1126.81;1121.88;1125.65;1123.66;14585
2015.09.23;12:00:00;1126.15;1124.35;1124.5;1125.7;4460
2015.09.23;16:00:00;1125.34;1122.23;1122.4;1124.28;4717
2015.09.23;20:00:00;1126.15;1121.75;1126.05;1122.4;5866
2015.09.24;00:00:00;1128.21;1124.33;1125.63;1126.05;11423
2015.09.24;04:00:00;1134.18;1124.81;1131.52;1125.64;15029
2015.09.24;08:00:00;1133.44;1129.94;1131.58;1131.57;13047
2015.09.24;12:00:00;1132.02;1129.55;1130.03;1131.56;3871
2015.09.24;16:00:00;1133.37;1130;1132.92;1130.33;5774
2015.09.24;20:00:00;1136.12;1132.93;1134.62;1132.94;9435
2015.09.25;00:00:00;1137.57;1134.19;1134.69;1134.61;12311
2015.09.25;04:00:00;1154.9;1134.29;1152.77;1134.72;25298
2015.09.25;08:00:00;1156.61;1151.56;1153.48;1152.75;29119
2015.09.25;12:00:00;1154.13;1150.39;1153.86;1153.48;7197
2015.09.25;16:00:00;1151.15;1148.95;1150.35;1151.09;8259
2015.09.25;20:00:00;1150.72;1146.09;1147.74;1150.37;12397
2015.09.28;00:00:00;1148.04;1140.7;1143.78;1147.71;16926
2015.09.28;04:00:00;1147.78;1140.68;1147.38;1143.77;21020
2015.09.28;08:00:00;1147.5;1143.53;1145.5;1147.39;16309
2015.09.28;12:00:00;1148.53;1144.53;1146.08;1145.5;5739
2015.09.28;16:00:00;1148.09;1144.19;1144.77;1144.49;6949
2015.09.28;20:00:00;1147.3;1143.62;1146.12;1144.74;7994
2015.09.29;00:00:00;1146.17;1135.95;1137.95;1146.11;15099
2015.09.29;04:00:00;1138.06;1127.89;1131.91;1137.95;24476
2015.09.29;08:00:00;1136.76;1131.31;1132.92;1131.84;20027
2015.09.29;12:00:00;1133.84;1130.97;1131.88;1132.94;4331
2015.09.29;16:00:00;1133.7;1131.4;1132.66;1131.85;8085
2015.09.29;20:00:00;1133.19;1125.55;1126.14;1132.67;11097
2015.09.30;00:00:00;1128.38;1124.13;1126.2;1126.1;15109
2015.09.30;04:00:00;1134.59;1124.59;1133.53;1126.15;18595
2015.09.30;08:00:00;1133.46;1126.17;1127.23;1133.46;17228
2015.09.30;12:00:00;1128.89;1125.69;1127.02;1127.21;3131
2015.09.30;16:00:00;1128.03;1122.83;1123.38;1127.39;6465
2015.09.30;20:00:00;1127;1123.09;1126.56;1123.35;8683
2015.10.01;00:00:00;1126.8;1122.14;1122.54;1126.51;12417
2015.10.01;04:00:00;1124.28;1112.92;1115.43;1122.55;23806
2015.10.01;08:00:00;1117.73;1111.58;1116.24;1115.4;21787
2015.10.01;12:00:00;1116.9;1113.96;1114.56;1116.2;5617
2015.10.01;16:00:00;1116.07;1114.08;1115.19;1114.92;5719
2015.10.01;20:00:00;1116.23;1113.88;1114.08;1115.19;6488
2015.10.02;00:00:00;1114.27;1110.95;1113.82;1114.08;9497
2015.10.02;04:00:00;1117.86;1112.37;1117.58;1113.82;16756
2015.10.02;08:00:00;1119.08;1113.85;1114.17;1117.53;15966
2015.10.02;12:00:00;1114.49;1113.18;1113.26;1114.16;2429
2015.10.02;16:00:00;1113.87;1111.58;1112.67;1112.89;3998
2015.10.02;20:00:00;1112.7;1111.18;1111.78;1112.7;5014
2015.10.05;00:00:00;1111.89;1105.99;1106.2;1111.78;10392
2015.10.05;04:00:00;1141.06;1104.54;1138.41;1106.24;27374
2015.10.05;08:00:00;1141.17;1134.88;1135.49;1138.43;31583
2015.10.05;12:00:00;1139.25;1134.64;1138.35;1135.5;5675
2015.10.05;16:00:00;1139.56;1136.23;1136.66;1136.64;8167
2015.10.05;20:00:00;1138.3;1134.53;1134.64;1136.65;8550
2015.10.06;00:00:00;1137.43;1132.16;1133.09;1134.6;10930
2015.10.06;04:00:00;1141.86;1130.02;1139.97;1133.06;20053
2015.10.06;08:00:00;1141.11;1132.41;1137.03;1139.98;19596
2015.10.06;12:00:00;1137.33;1133.85;1135.48;1137.04;4563
2015.10.06;16:00:00;1137.49;1134.86;1137.06;1134.86;3412
2015.10.06;20:00:00;1137.17;1135.74;1136.67;1137.15;5678
2015.10.07;00:00:00;1139.7;1136.22;1137.57;1136.67;8990
2015.10.07;04:00:00;1148.33;1137.42;1147.42;1137.57;20639
2015.10.07;08:00:00;1151.16;1145.51;1146.28;1147.41;20507
2015.10.07;12:00:00;1147.5;1144.54;1147.07;1146.28;4378
2015.10.07;16:00:00;1148.49;1146.07;1148.29;1146.48;4347
2015.10.07;20:00:00;1151.8;1147.67;1150.33;1148.29;9477
2015.10.08;00:00:00;1152.9;1146.75;1147.62;1150.34;15027
2015.10.08;04:00:00;1153.49;1143.66;1145.38;1147.57;18618
2015.10.08;08:00:00;1150.06;1141.73;1149.66;1145.35;18083
2015.10.08;12:00:00;1149.66;1145.06;1145.21;1149.6;3213
2015.10.08;16:00:00;1146.17;1141.52;1143.71;1145.2;8332
2015.10.08;20:00:00;1144.31;1141.76;1142.8;1143.71;10334
2015.10.09;00:00:00;1145.1;1140.34;1144.54;1142.8;10033
2015.10.09;04:00:00;1145.16;1136.53;1139.22;1144.57;17903
2015.10.09;08:00:00;1146.44;1139.01;1144.45;1139.27;16608
2015.10.09;12:00:00;1151.19;1138.72;1138.85;1144.47;11212
2015.10.09;16:00:00;1143.15;1138.42;1142.27;1138.42;7243
2015.10.09;20:00:00;1148.23;1142.1;1148.21;1142.27;9056
2015.10.12;00:00:00;1155.04;1145.35;1154.29;1148.2;17663
2015.10.12;04:00:00;1157.61;1150.72;1151.41;1154.31;21617
2015.10.12;08:00:00;1159.57;1151.15;1156.29;1151.46;21562
2015.10.12;12:00:00;1157.81;1154.74;1156.33;1156.29;4965
2015.10.12;16:00:00;1158.15;1154.68;1157.59;1155.32;4510
2015.10.12;20:00:00;1164.8;1156.77;1164.14;1157.59;7725
2015.10.13;00:00:00;1166.64;1163.71;1164.9;1164.12;13531
2015.10.13;04:00:00;1168.89;1162.97;1163.82;1164.9;17567
2015.10.13;08:00:00;1165.63;1159.15;1162.79;1163.79;12907
2015.10.13;12:00:00;1164.81;1160.78;1163.53;1162.77;3227
2015.10.13;16:00:00;1163.82;1157.53;1158.22;1163.06;8505
2015.10.13;20:00:00;1158.66;1152.96;1155.37;1158.22;12907
2015.10.14;00:00:00;1158.21;1153.67;1154.65;1155.35;14854
2015.10.14;04:00:00;1166.05;1151.7;1165.81;1154.63;21652
2015.10.14;08:00:00;1167.41;1163.81;1166.25;1165.84;18702
2015.10.14;12:00:00;1168.69;1164.93;1168.45;1166.22;5737
2015.10.14;16:00:00;1174.6;1166.47;1173.51;1168.31;9145
2015.10.14;20:00:00;1174.14;1171.38;1173.8;1173.51;10002
2015.10.15;00:00:00;1176.02;1164.1;1167.43;1173.8;17229
2015.10.15;04:00:00;1178.47;1163.28;1172.97;1167.41;22834
2015.10.15;08:00:00;1185;1172.71;1184.78;1172.98;19036
2015.10.15;12:00:00;1189.68;1183.77;1183.88;1184.91;9753
2015.10.15;16:00:00;1186.27;1182.46;1182.89;1183.85;7552
2015.10.15;20:00:00;1187.01;1181.48;1185.65;1182.89;8646
2015.10.16;00:00:00;1185.98;1182.58;1184.77;1185.62;15357
2015.10.16;04:00:00;1191.47;1174.25;1181.32;1184.77;24273
2015.10.16;08:00:00;1190.23;1181.43;1186.03;1181.43;26885
2015.10.16;12:00:00;1186.93;1181.49;1183;1186.06;6640
2015.10.16;16:00:00;1183.04;1179.19;1179.79;1182.22;8286
2015.10.16;20:00:00;1180.67;1175.93;1177.19;1179.77;9203
2015.10.19;00:00:00;1178.39;1175.27;1176.78;1177.22;14619
2015.10.19;04:00:00;1184.28;1176.12;1182.96;1176.75;22934
2015.10.19;08:00:00;1183.99;1178.8;1182.15;1182.89;20757
2015.10.19;12:00:00;1182.79;1174.22;1177.1;1182.15;4554
2015.10.19;16:00:00;1177.92;1172.49;1173.53;1175.99;7555
2015.10.19;20:00:00;1175.75;1171.12;1173.35;1173.55;11701
2015.10.20;00:00:00;1173.76;1170.66;1172.57;1173.34;13305
2015.10.20;04:00:00;1177.83;1171.08;1175.68;1172.57;17767
2015.10.20;08:00:00;1176.61;1169.11;1172.62;1175.69;17036
2015.10.20;12:00:00;1173.22;1168.45;1170.77;1172.63;3189
2015.10.20;16:00:00;1171.32;1167.37;1168.01;1170.42;6726
2015.10.20;20:00:00;1170.02;1167.26;1169.85;1168.01;7089
2015.10.21;00:00:00;1175.24;1169.21;1174.57;1169.83;14919
2015.10.21;04:00:00;1180.18;1171.22;1177.81;1174.57;18818
2015.10.21;08:00:00;1180.73;1174.3;1174.91;1177.8;17471
2015.10.21;12:00:00;1177.43;1174.56;1175.89;1174.89;4259
2015.10.21;16:00:00;1179.09;1174.97;1177.59;1175.29;7229
2015.10.21;20:00:00;1178.48;1175.53;1176.11;1177.58;11055
2015.10.22;00:00:00;1177.69;1173.32;1174.94;1176.11;13453
2015.10.22;04:00:00;1177.69;1164.94;1167.13;1174.94;18498
2015.10.22;08:00:00;1167.82;1163.74;1166.46;1167.08;21635
2015.10.22;12:00:00;1168.02;1166.22;1167.02;1166.5;4622
2015.10.22;16:00:00;1167.81;1165.44;1165.92;1166.61;7011
2015.10.22;20:00:00;1166.7;1164.43;1165.35;1165.95;12270
2015.10.23;00:00:00;1169.85;1164.92;1166.74;1165.34;15975
2015.10.23;04:00:00;1169.85;1162.46;1167.24;1166.74;25974
2015.10.23;08:00:00;1171.71;1165.15;1165.76;1167.23;20004
2015.10.23;12:00:00;1166.52;1164.21;1165.46;1165.69;5162
2015.10.23;16:00:00;1168.94;1164.31;1168.11;1165.39;8528
2015.10.23;20:00:00;1169.94;1167.8;1169.93;1168.09;9544
2015.10.25;23:00:00;1174.96;1168.68;1172.1;1169.91;18642
2015.10.26;00:00:00;1179.29;1158.84;1160.86;1172.15;30376
2015.10.26;04:00:00;1164.66;1159.7;1162.65;1160.83;21998
2015.10.26;08:00:00;1166.53;1162.66;1164.19;1162.66;5752
2015.10.26;12:00:00;1164.86;1162.09;1164.64;1163.7;7767
2015.10.26;16:00:00;1166.16;1163.95;1165.86;1164.64;6696
2015.10.26;20:00:00;1166.25;1162.29;1165.62;1165.86;15099
2015.10.27;00:00:00;1168.24;1164.02;1165.7;1165.65;18663
2015.10.27;04:00:00;1169.57;1163.82;1164.48;1165.96;17926
2015.10.27;08:00:00;1164.97;1162.84;1163.09;1164.48;3663
2015.10.27;12:00:00;1165.06;1162.23;1163.91;1162.72;6227
2015.10.27;16:00:00;1165.96;1163.62;1165.61;1163.9;7004
2015.10.27;20:00:00;1167.09;1164.17;1165.88;1165.6;9485
2015.10.28;00:00:00;1168.59;1160.62;1165.19;1165.87;21886
2015.10.28;04:00:00;1167.72;1165.34;1166.21;1165.34;16639
2015.10.28;08:00:00;1166.97;1165.46;1166.66;1166.19;4521
2015.10.28;12:00:00;1167.34;1165.19;1166.2;1166.25;5266
2015.10.28;16:00:00;1170.91;1166.14;1170.77;1166.21;8953
2015.10.28;20:00:00;1172.93;1169.77;1171.76;1170.76;13872
2015.10.29;00:00:00;1182.47;1170.89;1180.55;1171.79;24378
2015.10.29;04:00:00;1182.82;1174.39;1176.67;1180.55;22891
2015.10.29;08:00:00;1178.81;1152.2;1155.71;1176.72;18329
2015.10.29;12:00:00;1162.04;1155.03;1161.82;1156.28;6826
2015.10.29;16:00:00;1162.07;1158.72;1161.4;1161.85;9172
2015.10.29;20:00:00;1162.53;1157.15;1160.41;1161.4;15761
2015.10.30;00:00:00;1160.75;1150.63;1153.46;1160.4;25840
2015.10.30;04:00:00;1155.2;1146.17;1146.34;1153.54;25922
2015.10.30;08:00:00;1147.59;1144.62;1145.93;1146.44;6854
2015.10.30;12:00:00;1148.07;1144.68;1146.17;1146.95;7474
2015.10.30;16:00:00;1148.81;1145.82;1148.09;1146.21;11505
2015.10.30;20:00:00;1149.97;1146.45;1148.47;1148.09;15631
2015.11.02;00:00:00;1149.2;1140.51;1142.98;1148.42;23432
2015.11.02;04:00:00;1143.54;1139.18;1141.29;1143.08;22897
2015.11.02;08:00:00;1142.22;1140.68;1141.76;1141.29;5689
2015.11.02;12:00:00;1141.93;1134.09;1140.58;1140.84;13545
2015.11.02;16:00:00;1142.87;1139.8;1141.38;1140.58;7284
2015.11.02;20:00:00;1142.36;1136.13;1137.85;1141.38;10031
2015.11.03;00:00:00;1138.97;1133.49;1134.36;1137.86;16336
2015.11.03;04:00:00;1136.75;1132.86;1135.66;1134.36;16331
2015.11.03;08:00:00;1135.99;1132.58;1133.27;1135.76;3984
2015.11.03;12:00:00;1136.06;1132.96;1135.58;1133.17;6042
2015.11.03;16:00:00;1138.19;1134.89;1137.27;1135.58;6170
2015.11.03;20:00:00;1137.83;1130.64;1131.71;1137.26;13097
2015.11.04;00:00:00;1132.74;1122.6;1122.74;1131.71;19343
2015.11.04;04:00:00;1124.7;1114.34;1114.92;1122.69;25404
2015.11.04;08:00:00;1118.54;1114.93;1117.49;1114.93;7074
2015.11.04;12:00:00;1122.72;1117.23;1121.86;1117.4;12013
2015.11.04;16:00:00;1122.59;1119.97;1120.72;1121.87;8933
2015.11.04;20:00:00;1120.7;1116.77;1118.28;1120.69;10331
2015.11.05;00:00:00;1121.27;1115.47;1115.9;1118.27;19917
2015.11.05;04:00:00;1117.62;1106.29;1106.96;1115.86;26077
2015.11.05;08:00:00;1108.69;1106.47;1107.82;1106.91;4583
2015.11.05;12:00:00;1110.44;1107.05;1110.38;1107.15;10005
2015.11.05;16:00:00;1111.55;1108.55;1109.35;1110.38;10508
2015.11.05;20:00:00;1110.39;1106.72;1107.65;1109.35;12920
2015.11.06;00:00:00;1111.03;1105.32;1106.01;1107.67;17359
2015.11.06;04:00:00;1108.18;1104.34;1104.91;1106.04;18185
2015.11.06;08:00:00;1105.32;1102.93;1103.72;1104.9;3412
2015.11.06;12:00:00;1108.5;1103.68;1108.1;1103.68;9968
2015.11.06;16:00:00;1110.32;1107.18;1109.38;1108.1;5206
2015.11.06;20:00:00;1110.01;1107.35;1107.62;1109.29;6982
2015.11.09;00:00:00;1109.23;1085.35;1090.18;1107.61;28970
2015.11.09;04:00:00;1090.52;1086.56;1089.61;1090.14;18373
2015.11.09;08:00:00;1089.79;1087.35;1089.1;1089.59;2812
2015.11.09;12:00:00;1093.8;1088.98;1093.38;1089.04;9253
2015.11.09;16:00:00;1094.42;1092.61;1093.34;1093.42;5985
2015.11.09;20:00:00;1094.89;1091.33;1093.86;1093.38;12199
2015.11.10;00:00:00;1095.62;1088.62;1089.34;1093.84;18472
2015.11.10;04:00:00;1091.14;1088.24;1089.84;1089.34;18641
2015.11.10;08:00:00;1092.45;1089.72;1092.4;1089.81;4021
2015.11.10;12:00:00;1093.65;1090.72;1092.93;1091.37;8619
2015.11.10;16:00:00;1093.55;1091.79;1092.79;1092.93;5533
2015.11.10;20:00:00;1094.75;1089.92;1092.94;1092.7;9374
2015.11.11;00:00:00;1094.5;1085.17;1086.68;1092.97;18844
2015.11.11;04:00:00;1093.16;1086.49;1088.61;1086.67;15555
2015.11.11;08:00:00;1089.87;1087.53;1089.51;1088.66;2253
2015.11.11;12:00:00;1093.26;1088.53;1092.12;1089.13;7301
2015.11.11;16:00:00;1093.98;1091.26;1092.02;1092.16;4618
2015.11.11;20:00:00;1092.88;1088.17;1089.51;1092.02;9985
2015.11.12;00:00:00;1090.02;1085.56;1085.91;1089.5;14557
2015.11.12;04:00:00;1088.7;1084.13;1085.37;1085.91;15264
2015.11.12;08:00:00;1086.31;1084.06;1086.19;1085.35;3518
2015.11.12;12:00:00;1089.3;1085.36;1088.32;1085.64;6606
2015.11.12;16:00:00;1088.92;1087.13;1087.83;1088.34;6946
2015.11.12;20:00:00;1088.56;1086.53;1087.54;1087.82;11647
2015.11.13;00:00:00;1089.54;1073.97;1086.93;1087.54;27201
2015.11.13;04:00:00;1088.09;1077.5;1082.82;1086.93;28378
2015.11.13;08:00:00;1085.24;1081.73;1085.01;1082.82;4854
2015.11.13;12:00:00;1085.14;1079.73;1083.24;1083.73;9493
2015.11.13;16:00:00;1083.92;1081.35;1083.41;1083.21;9683
2015.11.13;20:00:00;1085.21;1082.53;1083.92;1083.31;11835
2015.11.16;00:00:00;1088.49;1079.63;1082.4;1083.92;25814
2015.11.16;04:00:00;1083.45;1080.48;1081.07;1082.39;23125
2015.11.16;08:00:00;1083.63;1081.09;1083.63;1081.09;5868
2015.11.16;12:00:00;1093.51;1085.78;1092.1;1088.28;15485
2015.11.16;16:00:00;1097.97;1091.99;1097.6;1092.06;13739
2015.11.16;20:00:00;1097.83;1090.02;1092.9;1097.56;20016
2015.11.17;00:00:00;1093.26;1084.52;1084.86;1092.85;23927
2015.11.17;04:00:00;1086.71;1082.46;1083.78;1084.96;19200
2015.11.17;08:00:00;1084.1;1081.25;1082.46;1083.77;4479
2015.11.17;12:00:00;1085.14;1081.64;1083.57;1083.28;7049
2015.11.17;16:00:00;1083.7;1077.15;1078.75;1083.54;10277
2015.11.17;20:00:00;1081.77;1077.27;1080.15;1078.83;10827
2015.11.18;00:00:00;1083.23;1077.18;1078.92;1080.18;20441
2015.11.18;04:00:00;1079.37;1065.38;1070.22;1078.84;30155
2015.11.18;08:00:00;1073.65;1068.94;1069.97;1070.23;6469
2015.11.18;12:00:00;1071.98;1065.42;1067.28;1071.05;13432
2015.11.18;16:00:00;1071.83;1064.5;1071.38;1067.28;8865
2015.11.18;20:00:00;1072.53;1069.56;1070.18;1071.22;12180
2015.11.19;00:00:00;1071.78;1066.88;1069.29;1070.18;19432
2015.11.19;04:00:00;1071.46;1066.84;1069.57;1069.29;22557
2015.11.19;08:00:00;1075.39;1066.03;1070.49;1069.57;10842
2015.11.19;12:00:00;1079.15;1069.88;1076.5;1070.02;12373
2015.11.19;16:00:00;1078.74;1075.51;1077.65;1076.5;11840
2015.11.19;20:00:00;1077.79;1072.68;1073.78;1077.65;14833
2015.11.20;00:00:00;1083.85;1069.43;1080.61;1073.84;25373
2015.11.20;04:00:00;1087.33;1078.04;1079.48;1080.56;25234
2015.11.20;08:00:00;1082.89;1078.6;1081.96;1079.48;4985
2015.11.20;12:00:00;1084.2;1080.13;1083.4;1080.61;9713
2015.11.20;16:00:00;1086.43;1082.83;1085.04;1083.4;8709
2015.11.20;20:00:00;1087.97;1079.52;1085.86;1085.12;16105
2015.11.23;00:00:00;1086.76;1080.29;1081.39;1085.84;19471
2015.11.23;04:00:00;1082.49;1075.72;1077.61;1081.33;24440
2015.11.23;08:00:00;1078.81;1075.77;1077.9;1077.63;4832
2015.11.23;12:00:00;1077.02;1067.32;1069.81;1076.69;13934
2015.11.23;16:00:00;1071.96;1068.64;1071.12;1069.79;11727
2015.11.23;20:00:00;1073.08;1067.82;1069.04;1071.14;13310
2015.11.24;00:00:00;1075.09;1066.7;1072.34;1069.04;24070
2015.11.24;04:00:00;1072.43;1067.15;1068.41;1072.43;18735
2015.11.24;08:00:00;1070.11;1067.22;1068.72;1068.44;4468
2015.11.24;12:00:00;1072.08;1068.64;1070.06;1068.91;11403
2015.11.24;16:00:00;1072.37;1070.05;1071.79;1070.06;9226
2015.11.24;20:00:00;1075.1;1071.5;1074.39;1071.87;12791
2015.11.25;00:00:00;1081.03;1072.97;1076.18;1074.56;26063
2015.11.25;04:00:00;1078.12;1072.82;1075.11;1076.18;17635
2015.11.25;08:00:00;1075.84;1074.21;1075.43;1075.07;2939
2015.11.25;12:00:00;1080.23;1074.31;1080.16;1075.13;9680
2015.11.25;16:00:00;1080.72;1077.89;1078.82;1080.17;10005
2015.11.25;20:00:00;1080;1072.05;1072.76;1078.8;12247
2015.11.26;00:00:00;1074.76;1068.15;1069.03;1072.75;17200
2015.11.26;04:00:00;1072.84;1067.76;1070.78;1069.03;14514
2015.11.26;08:00:00;1071.44;1069.78;1071.18;1070.8;2027
2015.11.26;12:00:00;1072.64;1069.56;1072.17;1071.16;9095
2015.11.26;16:00:00;1074.81;1072.02;1072.23;1072.15;9770
2015.11.26;20:00:00;1072.53;1070.21;1072.06;1072.27;8904
2015.11.27;00:00:00;1073.3;1070.36;1070.94;1072.01;11080
2015.11.27;04:00:00;1072;1070.52;1071.76;1070.94;4872
2015.11.27;08:00:00;1073.7;1068.63;1068.93;1071.28;8057
2015.11.27;12:00:00;1069.03;1066.76;1068.85;1068.84;9350
2015.11.27;16:00:00;1069.35;1063.91;1065.17;1068.82;12208
2015.11.27;20:00:00;1066.57;1052.59;1057.82;1065.17;19392
2015.11.30;00:00:00;1058.97;1055.65;1058.96;1057.82;8357
2015.11.30;04:00:00;1058.76;1053.08;1056.31;1057.58;10102
2015.11.30;08:00:00;1057.68;1054.5;1054.91;1056.32;7992
2015.11.30;12:00:00;1057.95;1054.14;1056.21;1054.86;8039
2015.11.30;16:00:00;1062.58;1055.86;1061.32;1056.25;15986
2015.11.30;20:00:00;1066.66;1061.07;1065.99;1061.24;14414
2015.12.01;00:00:00;1069.64;1063.74;1064.5;1066;5030
2015.12.01;04:00:00;1074.56;1063.15;1071.04;1065.01;13389
2015.12.01;08:00:00;1073;1069.93;1072.41;1071.07;10138
2015.12.01;12:00:00;1072.68;1068.28;1069.18;1072.45;12586
2015.12.01;16:00:00;1072.44;1064.2;1065.18;1069.19;17850
2015.12.01;20:00:00;1070.01;1063.73;1067.16;1065.54;17748
2015.12.02;00:00:00;1069.55;1066.72;1069.34;1067.18;4703
2015.12.02;04:00:00;1071.43;1068.05;1069.02;1068.17;5927
2015.12.02;08:00:00;1069.61;1066.89;1067.63;1069.02;5752
2015.12.02;12:00:00;1069.08;1066.11;1067.04;1067.59;12108
2015.12.02;16:00:00;1067.69;1055.34;1056.08;1067.03;19370
2015.12.02;20:00:00;1057.28;1050.51;1055.39;1056.03;18612
2015.12.03;00:00:00;1057.18;1051.56;1053.69;1055.42;5074
2015.12.03;04:00:00;1054.96;1046.29;1052.18;1054.06;9613
2015.12.03;08:00:00;1054.37;1051.06;1053.17;1052.17;11433
2015.12.03;12:00:00;1053.72;1048.84;1050.95;1053.19;12978
2015.12.03;16:00:00;1062.98;1049.92;1055.08;1050.95;38295
2015.12.03;20:00:00;1064.39;1054.47;1062.07;1055.31;24764
2015.12.04;00:00:00;1065.35;1061.14;1062.1;1062.07;9669
2015.12.04;04:00:00;1064.87;1059.83;1061.24;1062.53;12280
2015.12.04;08:00:00;1064.1;1060.82;1062.18;1061.28;12647
2015.12.04;12:00:00;1063.11;1058.07;1061.97;1062.12;17058
2015.12.04;16:00:00;1081.53;1060.54;1079.13;1061.94;36550
2015.12.04;20:00:00;1088.76;1079.09;1082.66;1079.13;31293
2015.12.07;00:00:00;1087.84;1082.21;1085.66;1082.66;4184
2015.12.07;04:00:00;1086.57;1082.53;1084.67;1085.83;11590
2015.12.07;08:00:00;1085.8;1084.05;1085.12;1084.68;6465
2015.12.07;12:00:00;1085.84;1082.14;1083.35;1085.07;14760
2015.12.07;16:00:00;1083.45;1076.21;1076.94;1083.35;19938
2015.12.07;20:00:00;1077.66;1073.74;1074.79;1076.84;22290
2015.12.08;00:00:00;1075.18;1066.24;1070.98;1074.79;6373
2015.12.08;04:00:00;1072.32;1067.68;1070.62;1070.42;12590
2015.12.08;08:00:00;1074.11;1070.43;1073.78;1070.57;12348
2015.12.08;12:00:00;1075.1;1071.55;1071.85;1073.73;15051
2015.12.08;16:00:00;1079;1067.51;1074.38;1071.84;28030
2015.12.08;20:00:00;1076.64;1071.19;1074.08;1074.38;22802
2015.12.09;00:00:00;1074.79;1073;1074.52;1074.07;5120
2015.12.09;04:00:00;1078.32;1073.87;1077.5;1074.65;7478
2015.12.09;08:00:00;1078.5;1076.26;1077.45;1077.45;6823
2015.12.09;12:00:00;1081.38;1073.09;1078.35;1077.45;15645
2015.12.09;16:00:00;1085.28;1077.23;1081.91;1078.36;20141
2015.12.09;20:00:00;1082.11;1069.21;1074.01;1081.91;27052
2015.12.10;00:00:00;1075.19;1072.06;1072.47;1073.96;4763
2015.12.10;04:00:00;1076.37;1071.75;1075.69;1071.93;8872
2015.12.10;08:00:00;1075.99;1072.23;1073.06;1075.67;10796
2015.12.10;12:00:00;1074.95;1071.09;1072.41;1073.04;12824
2015.12.10;16:00:00;1075.49;1069.31;1072.34;1072.43;20862
2015.12.10;20:00:00;1074.36;1070.37;1072.68;1072.32;16342
2015.12.11;00:00:00;1072.69;1071.09;1071.19;1072.68;3031
2015.12.11;04:00:00;1072.84;1066.18;1066.75;1071.52;8611
2015.12.11;08:00:00;1072;1065.74;1071.58;1066.71;9830
2015.12.11;12:00:00;1072.14;1062.4;1064.46;1071.57;13918
2015.12.11;16:00:00;1078.86;1062.32;1074.56;1064.47;26882
2015.12.11;20:00:00;1078;1071.98;1077.54;1074.57;25085
2015.12.14;00:00:00;1079.55;1073.74;1074.59;1077.52;6026
2015.12.14;04:00:00;1076.7;1070.99;1076.17;1073.25;7590
2015.12.14;08:00:00;1077.47;1073.44;1073.67;1076.19;7982
2015.12.14;12:00:00;1074.09;1065.53;1066.29;1073.69;15289
2015.12.14;16:00:00;1074.99;1066.28;1070.12;1066.28;23402
2015.12.14;20:00:00;1071.73;1063.13;1064.44;1070.11;27394
2015.12.15;00:00:00;1067.08;1058.54;1060.07;1064.46;5805
2015.12.15;04:00:00;1066.21;1059.28;1064.48;1059.63;9222
2015.12.15;08:00:00;1064.94;1063.02;1063.88;1064.49;9635
2015.12.15;12:00:00;1068.58;1058.81;1065.66;1063.83;16354
2015.12.15;16:00:00;1067.52;1061.6;1062.38;1065.68;19756
2015.12.15;20:00:00;1066.45;1059.57;1063.35;1062.38;18739
