DATE;TIME;HIGH;LOW;CLOSE;OPEN;VOLUME
2015.04.27;12:00:00;585.05;582.55;582.55;584.8;276
2015.04.27;16:00:00;587.18;582.05;586.18;582.43;652
2015.04.27;20:00:00;589.18;585.8;586.43;586.05;639
2015.04.28;00:00:00;590.05;582.43;586.05;586.18;1512
2015.04.28;04:00:00;588.05;582.18;586.93;586.18;1100
2015.04.28;08:00:00;588.05;586.55;587.68;587.05;238
2015.04.28;12:00:00;588.05;584.55;584.55;587.93;363
2015.04.28;16:00:00;587.05;583.93;586.43;584.43;425
2015.04.28;20:00:00;588.05;582.43;587.05;586.68;1088
2015.04.29;00:00:00;589.93;580.55;585.43;587.18;1702
2015.04.29;04:00:00;587.18;580.93;583.3;585.68;1013
2015.04.29;08:00:00;583.55;582.05;583.3;583.43;288
2015.04.29;12:00:00;584.05;578.3;578.3;584.05;576
2015.04.29;16:00:00;580.93;578.18;580.43;578.43;351
2015.04.29;20:00:00;585.18;579.55;584.3;580.05;702
2015.04.30;00:00:00;589.43;581.8;587.05;584.18;1240
2015.04.30;04:00:00;587.55;582.55;583.43;587.18;626
2015.04.30;08:00:00;583.93;582.18;582.43;583.68;226
2015.04.30;12:00:00;582.55;581.3;581.93;582.3;214
2015.04.30;16:00:00;582.8;580.05;581.43;582.05;489
2015.04.30;20:00:00;582.93;578.93;582.68;581.18;651
2015.05.01;00:00:00;595.68;581.68;595.05;582.8;1576
2015.05.01;04:00:00;598.93;589.43;591.05;595.18;1488
2015.05.01;08:00:00;592.18;590.8;591.05;591.18;264
2015.05.01;12:00:00;591.3;589.55;590.68;590.93;326
2015.05.01;16:00:00;596.43;589.3;594.8;590.55;1002
2015.05.01;20:00:00;597.18;589.93;594.43;594.68;1426
2015.05.04;00:00:00;599.93;591.18;598.43;594.55;1363
2015.05.04;04:00:00;603.05;598.3;602.05;598.3;576
2015.05.04;08:00:00;602.55;601.43;602.18;602.3;213
2015.05.04;12:00:00;602.05;600.68;601.8;601.93;262
2015.05.04;16:00:00;603.43;601.18;602.43;602.05;413
2015.05.04;20:00:00;603.68;599.68;600.68;602.68;601
2015.05.05;00:00:00;601.43;597.93;598.55;600.8;476
2015.05.05;04:00:00;604.93;595.18;604.18;598.68;1401
2015.05.05;08:00:00;604.55;603.3;603.8;604.43;188
2015.05.05;12:00:00;603.68;601.18;601.55;602.93;363
2015.05.05;16:00:00;603.68;601.43;602.68;601.43;326
2015.05.05;20:00:00;605.68;602.18;605.43;602.93;451
2015.05.06;00:00:00;605.93;597.68;602.68;605.3;1389
2015.05.06;04:00:00;603.93;600.93;603.18;602.8;563
2015.05.06;08:00:00;603.8;602.68;602.93;603.05;213
2015.05.06;12:00:00;603.43;602.05;602.68;602.3;239
2015.05.06;16:00:00;603.68;600.3;602.43;602.55;665
2015.05.06;20:00:00;610.93;601.68;610.93;602.18;976
2015.05.07;00:00:00;620.8;609.93;617.68;610.8;1487
2015.05.07;04:00:00;618.93;612.93;613.68;617.93;776
2015.05.07;08:00:00;615.55;613.68;614.8;613.8;275
2015.05.07;12:00:00;619.93;614.93;619.93;615.43;551
2015.05.07;16:00:00;621.18;617.43;620.18;620.18;751
2015.05.07;20:00:00;624.68;619.18;621.93;619.93;901
2015.05.08;00:00:00;627.18;614.68;615.43;621.68;1876
2015.05.08;04:00:00;616.93;611.05;612.93;615.68;902
2015.05.08;08:00:00;613.93;612.18;613.3;613.18;339
2015.05.08;12:00:00;612.68;610.43;610.93;612.18;326
2015.05.08;16:00:00;617.43;610.8;615.68;610.8;839
2015.05.08;20:00:00;618.93;613.93;617.18;615.8;863
2015.05.11;00:00:00;617.68;602.43;603.68;617.3;1689
2015.05.11;04:00:00;604.68;594.43;596.18;603.43;1326
2015.05.11;08:00:00;597.93;596.3;597.8;596.43;190
2015.05.11;12:00:00;598.43;595.93;595.93;597.93;301
2015.05.11;16:00:00;598.68;593.18;596.43;595.8;1038
2015.05.11;20:00:00;599.93;593.8;598.43;596.68;1052
2015.05.12;00:00:00;600.93;586.68;595.93;598.68;2576
2015.05.12;04:00:00;598.3;593.3;595.93;596.05;989
2015.05.12;08:00:00;596.43;595.18;596.05;596.05;251
2015.05.12;12:00:00;596.8;594.18;595.3;595.93;462
2015.05.12;16:00:00;599.05;594.93;598.55;595.18;488
2015.05.12;20:00:00;598.68;590.18;593.18;598.43;1176
2015.05.13;00:00:00;596.18;587.93;590.68;593.3;1389
2015.05.13;04:00:00;595.18;590.43;592.43;590.55;763
2015.05.13;08:00:00;593.68;592.05;592.55;592.3;302
2015.05.13;12:00:00;592.55;591.55;591.68;592.3;139
2015.05.13;16:00:00;595.93;591.05;595.68;591.8;589
2015.05.13;20:00:00;605.68;595.68;605.68;596.05;1038
2015.05.14;00:00:00;610.93;597.18;609.18;605.55;2388
2015.05.14;04:00:00;611.93;604.43;607.18;609.43;1276
2015.05.14;08:00:00;613.43;607.3;613.05;607.3;652
2015.05.14;12:00:00;613.68;611.05;612.05;613.68;364
2015.05.14;16:00:00;614.43;611.8;614.43;612.18;302
2015.05.14;20:00:00;616.68;611.05;613.43;614.18;1052
2015.05.15;00:00:00;618.93;610.93;615.43;613.18;1376
2015.05.15;04:00:00;619.3;609.43;609.43;615.18;1400
2015.05.15;08:00:00;610.43;609.43;610.3;609.55;126
2015.05.15;12:00:00;610.8;609.68;610.43;609.93;175
2015.05.15;16:00:00;611.93;608.3;609.93;610.55;665
2015.05.15;20:00:00;619.93;609.68;618.93;610.18;1176
2015.05.18;00:00:00;619.18;608.68;608.93;619.18;1076
2015.05.18;04:00:00;612.43;606.93;611.68;608.68;801
2015.05.18;08:00:00;612.3;611.43;611.55;611.8;150
2015.05.18;12:00:00;612.43;610.68;611.68;612.05;314
2015.05.18;16:00:00;612.68;607.93;609.93;611.8;764
2015.05.18;20:00:00;611.93;607.93;610.18;609.68;751
2015.05.19;00:00:00;613.43;599.93;612.05;610.43;2539
2015.05.19;04:00:00;614.93;610.18;613.68;612.18;801
2015.05.19;08:00:00;614.18;613.3;613.8;613.55;152
2015.05.19;12:00:00;613.68;612.43;612.8;613.05;226
2015.05.19;16:00:00;619.43;612.55;617.18;612.93;952
2015.05.19;20:00:00;617.93;609.68;615.68;617.43;1476
2015.05.20;00:00:00;616.43;605.93;607.68;615.55;1314
2015.05.20;04:00:00;609.55;605.68;608.8;607.8;675
2015.05.20;08:00:00;608.68;607.68;608.05;608.68;138
2015.05.20;12:00:00;608.68;606.43;607.18;607.18;451
2015.05.20;16:00:00;607.43;601.18;602.55;607.43;763
2015.05.20;20:00:00;603.68;598.68;600.05;602.3;776
2015.05.21;00:00:00;600.18;589.93;590.18;599.93;1076
2015.05.21;04:00:00;590.93;587.55;589.8;590.05;652
2015.05.21;08:00:00;591.55;589.43;591.3;589.68;263
2015.05.21;12:00:00;593.3;590.18;593.05;590.68;388
2015.05.21;16:00:00;595.93;588.93;594.93;593.18;1226
2015.05.21;20:00:00;596.18;592.68;593.68;594.68;601
2015.05.22;00:00:00;594.68;590.18;592.18;593.8;739
2015.05.22;04:00:00;594.43;591.68;592.55;591.93;489
2015.05.22;08:00:00;593.68;592.3;593.55;592.68;190
2015.05.22;12:00:00;595.68;592.8;595.05;593.05;377
2015.05.22;16:00:00;597.93;594.55;596.43;595.18;552
2015.05.22;20:00:00;601.43;594.93;599.68;596.55;988
2015.05.25;00:00:00;610.43;597.43;608.18;599.43;1726
2015.05.25;04:00:00;609.93;603.55;606.18;608.05;1090
2015.05.25;08:00:00;607.3;606.18;606.8;606.3;175
2015.05.25;12:00:00;607.3;605.05;605.43;606.93;301
2015.05.25;16:00:00;607.43;604.18;605.18;605.55;614
2015.05.25;20:00:00;605.68;600.93;602.68;605.05;714
2015.05.26;00:00:00;603.43;595.93;597.68;602.43;1026
2015.05.26;04:00:00;600.05;596.68;598.93;597.8;562
2015.05.26;08:00:00;599.43;598.55;598.93;599.05;165
2015.05.26;12:00:00;599.18;597.55;597.68;599.05;190
2015.05.26;16:00:00;598.68;595.18;595.18;597.55;464
2015.05.26;20:00:00;596.3;590.8;593.55;594.93;963
2015.05.27;00:00:00;605.68;592.93;604.68;593.43;1426
2015.05.27;04:00:00;605.18;599.55;599.55;605.05;577
2015.05.27;08:00:00;602.8;598.8;599.18;602.8;439
2015.05.27;12:00:00;600.3;594.43;595.8;599.05;850
2015.05.27;16:00:00;597.68;594.43;596.43;595.93;601
2015.05.27;20:00:00;596.43;582.43;583.3;596.3;1501
2015.05.28;00:00:00;584.93;581.18;583.8;583.18;689
2015.05.28;04:00:00;584.8;583.55;584.05;584.05;251
2015.05.28;08:00:00;584.93;583.55;584.68;583.68;177
2015.05.28;12:00:00;587.18;584.05;585.05;584.55;577
2015.05.28;16:00:00;588.68;579.93;580.55;584.93;1313
2015.05.28;20:00:00;580.55;572.3;574.18;580.43;1026
2015.05.29;00:00:00;574.43;567.93;569.68;574.05;864
2015.05.29;04:00:00;571.43;568.68;569.8;569.55;526
2015.05.29;08:00:00;572.8;569.8;571.93;570.18;426
2015.05.29;12:00:00;573.8;568.93;572.05;572.18;962
2015.05.29;16:00:00;574.18;569.68;570.05;571.93;713
2015.05.29;20:00:00;573.18;564.55;569.3;570.18;1639
2015.06.01;00:00:00;573.93;567.18;573.55;569.43;939
2015.06.01;04:00:00;575.93;573.55;574.18;573.68;427
2015.06.01;08:00:00;577.18;575.68;576.8;575.93;214
2015.06.01;12:00:00;577.93;574.55;577.43;576.93;627
2015.06.01;16:00:00;581.93;576.93;579.93;577.55;763
2015.06.01;20:00:00;593.93;574.55;591.93;579.55;2639
2015.06.02;00:00:00;601.05;591.55;596.8;592.05;1426
2015.06.02;04:00:00;597.8;596.8;597.55;596.93;139
2015.06.02;08:00:00;595.8;593.93;594.3;595.8;225
2015.06.02;12:00:00;595.68;592.18;593.18;594.43;576
2015.06.02;16:00:00;596.8;590.68;593.93;593.3;1162
2015.06.02;20:00:00;600.68;588.43;591.18;593.68;2201
2015.06.03;00:00:00;593.93;588.8;592.93;591.3;864
2015.06.03;04:00:00;593.68;591.93;592.55;593.43;263
2015.06.03;08:00:00;591.8;590.43;591.55;591.55;275
2015.06.03;12:00:00;597.18;590.8;595.8;591.68;865
2015.06.03;16:00:00;599.18;594.93;596.18;595.68;801
2015.06.03;20:00:00;598.43;590.18;596.18;596.05;1638
2015.06.04;00:00:00;599.18;594.8;598.55;596.05;627
2015.06.04;04:00:00;598.93;595.55;596.3;598.68;439
2015.06.04;08:00:00;597.55;593.43;593.55;596.93;487
2015.06.04;12:00:00;594.93;591.43;592.18;593.68;551
2015.06.04;16:00:00;593.93;581.93;587.93;592.05;1989
2015.06.04;20:00:00;593.55;583.18;584.55;587.68;1762
2015.06.05;00:00:00;584.93;579.43;582.55;584.68;888
2015.06.05;04:00:00;582.43;581.05;582.05;582.3;252
2015.06.05;08:00:00;582.68;580.68;580.8;581.55;326
2015.06.05;12:00:00;581.93;577.68;578.93;580.93;651
2015.06.05;16:00:00;582.93;574.3;580.68;578.68;1527
2015.06.05;20:00:00;582.43;564.68;568.43;580.93;2301
2015.06.08;00:00:00;568.3;564.93;567.18;568.3;563
2015.06.08;04:00:00;567.18;566.18;566.55;567.05;151
2015.06.08;08:00:00;566.93;565.68;566.93;565.68;126
2015.06.08;12:00:00;567.68;561.43;562.3;567.05;776
2015.06.08;16:00:00;572.93;560.68;570.68;562.05;1588
2015.06.08;20:00:00;573.3;559.68;564.93;570.93;2125
2015.06.09;00:00:00;576.05;563.68;573.93;564.8;1562
2015.06.09;04:00:00;574.18;572.93;574.05;573.8;226
2015.06.09;08:00:00;573.3;571.3;571.55;573.18;238
2015.06.09;12:00:00;575.8;571.3;574.18;571.43;626
2015.06.09;16:00:00;576.18;572.18;573.18;574.05;714
2015.06.09;20:00:00;575.05;570.18;571.05;573.3;750
2015.06.10;00:00:00;573.18;569.55;571.93;570.93;627
2015.06.10;04:00:00;572.3;571.18;571.68;572.05;188
2015.06.10;08:00:00;573.18;571.93;572.05;572.55;201
2015.06.10;12:00:00;574.68;572.18;572.93;572.18;426
2015.06.10;16:00:00;585.68;572.68;583.8;573.05;1526
2015.06.10;20:00:00;591.93;581.68;589.18;583.93;1526
2015.06.11;00:00:00;593.18;587.68;587.93;589.3;964
2015.06.11;04:00:00;592.68;587.93;592.3;588.18;539
2015.06.11;08:00:00;595.8;590.8;592.3;594.18;813
2015.06.11;12:00:00;595.93;592.18;594.43;592.18;526
2015.06.11;16:00:00;600.93;594.55;599.3;594.55;802
2015.06.11;20:00:00;601.68;592.18;593.43;599.18;1326
2015.06.12;00:00:00;598.93;592.68;596.93;593.3;888
2015.06.12;04:00:00;597.55;595.05;597.3;596.8;451
2015.06.12;08:00:00;597.8;595.68;596.18;596.3;413
2015.06.12;12:00:00;598.18;595.68;597.43;596.43;401
2015.06.12;16:00:00;600.8;588.93;590.43;597.68;1650
2015.06.12;20:00:00;594.68;587.43;590.18;590.55;1414
2015.06.15;00:00:00;592.8;588.18;589.43;590.05;863
2015.06.15;04:00:00;589.68;588.43;588.43;589.55;139
2015.06.15;08:00:00;589.05;587.43;588.05;589.05;225
2015.06.15;12:00:00;588.18;585.43;586.05;587.93;363
2015.06.15;16:00:00;589.43;583.68;586.43;585.93;1101
2015.06.15;20:00:00;589.43;583.68;585.18;586.18;1051
2015.06.16;00:00:00;588.18;580.18;580.3;585.3;1101
2015.06.16;04:00:00;581.43;580.05;581.3;580.43;190
2015.06.16;08:00:00;579.43;577.93;578.93;578.55;263
2015.06.16;12:00:00;581.43;578.68;580.18;578.8;413
2015.06.16;16:00:00;579.93;572.43;573.18;579.93;826
2015.06.16;20:00:00;579.05;571.05;576.93;572.93;1201
2015.06.17;00:00:00;579.93;575.43;575.55;577.18;738
2015.06.17;04:00:00;576.05;574.93;575.05;575.68;162
2015.06.17;08:00:00;578.55;574.43;577.8;574.43;488
2015.06.17;12:00:00;579.43;575.18;575.93;578.05;639
2015.06.17;16:00:00;577.18;572.93;576.43;576.18;826
2015.06.17;20:00:00;577.93;573.68;577.18;576.68;801
2015.06.18;00:00:00;580.18;574.68;578.93;576.93;901
2015.06.18;04:00:00;579.55;578.18;578.68;579.05;238
2015.06.18;08:00:00;578.8;578.05;578.3;578.3;151
2015.06.18;12:00:00;580.18;578.3;579.93;578.43;227
2015.06.18;16:00:00;593.68;579.68;591.18;580.18;1701
2015.06.18;20:00:00;595.18;575.68;576.18;591.3;2389
2015.06.19;00:00:00;584.93;573.43;583.55;576.05;1551
2015.06.19;04:00:00;584.18;583.05;583.05;583.43;189
2015.06.19;08:00:00;584.68;582.43;583.3;584.05;376
2015.06.19;12:00:00;589.3;581.18;588.68;583.18;1075
2015.06.19;16:00:00;591.55;585.93;586.43;588.55;913
2015.06.19;20:00:00;588.05;581.68;584.18;586.68;1025
2015.06.22;00:00:00;588.18;583.93;585.3;584.3;751
2015.06.22;04:00:00;586.8;585.3;586.43;585.43;201
2015.06.22;08:00:00;586.55;584.93;586.3;586.55;300
2015.06.22;12:00:00;586.8;583.93;584.68;586.18;425
2015.06.22;16:00:00;587.05;574.05;575.68;584.8;1689
2015.06.22;20:00:00;577.18;569.93;570.93;575.43;1001
2015.06.23;00:00:00;574.8;568.18;571.43;571.18;1300
2015.06.23;04:00:00;571.93;571.18;571.55;571.55;151
2015.06.23;08:00:00;572.8;569.18;572.3;569.43;438
2015.06.23;12:00:00;577.93;572.3;576.55;572.43;715
2015.06.23;16:00:00;577.68;574.68;577.43;576.43;501
2015.06.23;20:00:00;577.43;565.68;569.18;577.3;1539
2015.06.24;00:00:00;575.18;568.18;573.18;569.05;988
2015.06.24;04:00:00;574.43;573.3;573.8;573.3;177
2015.06.24;08:00:00;573.68;572.05;572.3;572.8;277
2015.06.24;12:00:00;576.18;572.18;572.93;572.68;776
2015.06.24;16:00:00;578.18;572.68;575.43;573.05;863
2015.06.24;20:00:00;585.18;571.18;584.43;575.68;1926
2015.06.25;00:00:00;588.68;582.93;586.18;584.68;1001
2015.06.25;04:00:00;587.3;585.05;586.05;586.3;426
2015.06.25;08:00:00;588.05;585.18;585.3;587.93;312
2015.06.25;12:00:00;589.18;584.93;586.68;585.18;701
2015.06.25;16:00:00;590.93;583.93;586.8;586.93;1388
2015.06.25;20:00:00;590.68;573.68;575.68;586.93;2276
2015.06.26;00:00:00;577.68;572.05;577.18;575.43;952
2015.06.26;04:00:00;577.55;576.43;576.55;577.3;150
2015.06.26;08:00:00;578.05;576.18;578.05;576.18;188
2015.06.26;12:00:00;578.43;575.68;577.55;577.93;513
2015.06.26;16:00:00;579.93;575.18;575.93;577.68;776
2015.06.26;20:00:00;576.43;568.68;572.55;575.68;1238
2015.06.29;00:00:00;573.55;569.05;572.05;572.43;863
2015.06.29;04:00:00;572.93;571.8;572.68;572.18;177
2015.06.29;08:00:00;573.68;572.3;573.68;572.8;189
2015.06.29;12:00:00;575.43;572.18;573.43;573.8;614
2015.06.29;16:00:00;574.18;569.93;572.43;573.18;776
2015.06.29;20:00:00;577.05;567.68;575.43;572.55;1587
2015.06.30;00:00:00;576.18;572.18;572.8;575.55;526
2015.06.30;04:00:00;572.93;572.43;572.43;572.93;51
2015.06.30;08:00:00;568.68;567.18;567.43;568.05;239
2015.06.30;12:00:00;568.18;563.43;563.43;567.3;564
2015.06.30;16:00:00;565.68;558.68;564.93;563.18;1226
2015.06.30;20:00:00;574.3;562.18;565.43;565.18;2400
2015.07.01;00:00:00;567.55;563.18;564.3;565.3;775
2015.07.01;04:00:00;565.55;564.18;564.68;564.43;250
2015.07.01;08:00:00;565.3;563.05;564.18;565.3;339
2015.07.01;12:00:00;568.68;563.68;568.68;563.93;526
2015.07.01;16:00:00;573.93;566.43;572.68;568.43;1076
2015.07.01;20:00:00;576.18;568.68;575.3;572.8;1251
2015.07.02;00:00:00;582.3;574.43;578.43;575.43;1275
2015.07.02;04:00:00;578.68;575.93;576.8;578.55;376
2015.07.02;08:00:00;576.05;572.93;574.55;576.05;475
2015.07.02;12:00:00;574.43;569.68;571.43;574.3;664
2015.07.02;16:00:00;577.43;571.18;572.8;571.8;1151
2015.07.02;20:00:00;575.93;567.68;570.55;572.68;1438
2015.07.03;00:00:00;570.43;563.43;565.93;570.3;964
2015.07.03;04:00:00;566.93;565.3;565.43;566.05;265
2015.07.03;08:00:00;569.68;567.05;569.05;567.18;340
2015.07.03;12:00:00;571.93;568.8;571.93;568.93;327
2015.07.03;16:00:00;574.18;566.8;572.43;571.68;1402
2015.07.03;20:00:00;578.18;571.68;571.93;572.3;1264
2015.07.06;00:00:00;572.93;566.18;566.43;572.18;776
2015.07.06;04:00:00;566.3;565.18;565.43;565.55;213
2015.07.06;08:00:00;568.3;565.18;567.68;565.8;437
2015.07.06;12:00:00;567.8;564.18;565.93;567.8;538
2015.07.06;16:00:00;566.18;564.93;565.18;565.8;189
2015.07.06;20:00:00;567.68;554.18;555.18;565.43;1676
2015.07.07;00:00:00;557.93;555.05;557.55;555.43;365
2015.07.07;04:00:00;553.43;550.18;552.05;550.43;489
2015.07.07;08:00:00;553.43;550.68;551.18;551.93;476
2015.07.07;12:00:00;551.43;540.43;544.93;550.93;1601
2015.07.07;16:00:00;547.43;537.3;539.18;544.68;1477
2015.07.07;20:00:00;539.68;525.18;529.18;539.05;1914
2015.07.08;00:00:00;529.68;527.8;528.3;529.3;277
2015.07.08;04:00:00;533.05;529.43;531.93;529.55;487
2015.07.08;08:00:00;532.93;530.18;531.68;531.8;539
2015.07.08;12:00:00;534.68;528.93;529.43;531.43;951
2015.07.08;16:00:00;531.43;515.18;529.3;529.55;3226
2015.07.08;20:00:00;535.18;523.18;531.43;529.43;2201
2015.07.09;00:00:00;534.05;528.18;531.8;531.3;1125
2015.07.09;04:00:00;530.93;524.43;525.05;530.93;713
2015.07.09;08:00:00;525.68;520.93;523.3;524.93;788
2015.07.09;12:00:00;532.93;520.18;530.93;523.18;1776
2015.07.09;16:00:00;534.18;522.18;522.18;530.68;1551
2015.07.09;20:00:00;531.3;521.18;531.05;521.93;1113
2015.07.10;00:00:00;531.18;529.8;530.18;530.93;202
2015.07.10;04:00:00;533.43;529.18;533.43;530.43;551
2015.07.10;08:00:00;535.18;531.93;532.43;533.68;526
2015.07.10;12:00:00;538.68;529.18;537.93;532.18;1326
2015.07.10;16:00:00;542.55;535.43;539.68;537.8;1237
2015.07.10;20:00:00;541.18;536.18;537.3;539.43;788
2015.07.13;00:00:00;537.43;535.93;536.3;537.18;213
2015.07.13;04:00:00;540.3;535.43;539.8;535.93;588
2015.07.13;08:00:00;544.68;539.93;543.18;539.93;626
2015.07.13;12:00:00;542.93;536.43;540.05;542.93;1013
2015.07.13;16:00:00;541.18;532.18;537.68;540.18;1551
2015.07.13;20:00:00;541.18;536.18;538.43;537.43;901
2015.07.14;00:00:00;538.93;538.18;538.93;538.3;88
2015.07.14;04:00:00;534.8;531.18;531.3;534.43;412
2015.07.14;08:00:00;533.93;524.55;532.43;531.43;1777
2015.07.14;12:00:00;537.18;526.93;533.68;532.68;1951
2015.07.14;16:00:00;538.93;528.18;537.3;533.93;1814
2015.07.14;20:00:00;540.43;531.93;533.3;537.18;1313
2015.07.15;00:00:00;533.55;532.43;533.05;533.43;187
2015.07.15;04:00:00;531.55;528.43;528.43;531.55;313
2015.07.15;08:00:00;528.43;523.93;524.93;528.3;564
2015.07.15;12:00:00;530.68;522.18;529.93;524.8;1188
2015.07.15;16:00:00;534.18;524.18;534.18;529.68;1551
2015.07.15;20:00:00;535.93;529.43;532.68;534.05;1164
2015.07.16;00:00:00;535.55;532.43;535.3;532.55;350
2015.07.16;04:00:00;535.93;533.3;535.18;533.3;339
2015.07.16;08:00:00;535.68;530.93;531.18;535.05;564
2015.07.16;12:00:00;531.55;525.68;525.93;531.05;663
2015.07.16;16:00:00;527.8;520.18;521.18;525.8;1063
2015.07.16;20:00:00;521.93;515.93;518.05;521.05;901
2015.07.17;00:00:00;519.93;518.05;519.68;518.18;227
2015.07.17;04:00:00;521.93;518.55;521.18;518.68;427
2015.07.17;08:00:00;521.43;515.93;516.93;521.05;689
2015.07.17;12:00:00;521.68;516.18;518.68;517.18;951
2015.07.17;16:00:00;520.68;515.93;518.68;518.8;939
2015.07.17;20:00:00;519.18;514.43;516.3;518.55;726
2015.07.20;00:00:00;516.43;515.55;515.55;516.18;114
2015.07.20;04:00:00;516.93;514.43;515.8;515.05;426
2015.07.20;08:00:00;518.43;515.3;517.93;515.68;402
2015.07.20;12:00:00;518.05;513.93;514.43;517.68;500
2015.07.20;16:00:00;517.43;509.43;511.55;514.3;1326
2015.07.20;20:00:00;515.18;510.18;511.8;511.68;989
2015.07.21;00:00:00;512.18;511.68;511.8;511.68;89
2015.07.21;04:00:00;512.05;510.55;511.05;512.05;201
2015.07.21;08:00:00;513.93;509.93;513.43;511.18;576
2015.07.21;12:00:00;514.18;507.18;509.43;513.68;976
2015.07.21;16:00:00;513.93;506.18;508.55;509.3;1476
2015.07.21;20:00:00;510.68;506.68;507.55;508.43;713
2015.07.22;00:00:00;508.55;507.3;507.93;507.68;226
2015.07.22;04:00:00;508.18;506.43;508.05;506.43;189
2015.07.22;08:00:00;509.68;507.05;507.93;508.18;502
2015.07.22;12:00:00;509.43;505.43;507.93;508.05;789
2015.07.22;16:00:00;515.68;507.55;510.93;507.68;1302
2015.07.22;20:00:00;514.55;509.18;514.05;511.05;775
2015.07.23;00:00:00;514.18;512.68;513.68;513.93;276
2015.07.23;04:00:00;512.68;509.43;510.18;511.68;501
2015.07.23;08:00:00;511.05;508.55;509.68;510.05;464
2015.07.23;12:00:00;511.93;507.93;510.68;509.93;726
2015.07.23;16:00:00;514.68;508.93;512.18;510.43;976
2015.07.23;20:00:00;513.18;508.68;508.93;512.43;551
2015.07.24;00:00:00;510.18;508.8;510.18;508.8;139
2015.07.24;04:00:00;510.05;508.93;509.55;509.55;225
2015.07.24;08:00:00;510.68;507.55;510.3;509.43;540
2015.07.24;12:00:00;510.93;505.68;507.93;510.18;826
2015.07.24;16:00:00;512.68;505.93;508.93;507.68;1226
2015.07.24;20:00:00;509.68;502.68;504.43;509.05;939
2015.07.27;00:00:00;506.68;504.3;506.3;504.3;277
2015.07.27;04:00:00;506.93;505.43;505.8;506.18;263
2015.07.27;08:00:00;506.05;503.55;504.93;505.93;401
2015.07.27;12:00:00;505.43;500.05;502.68;505.18;827
2015.07.27;16:00:00;506.68;499.05;499.93;502.43;1277
2015.07.27;20:00:00;500.93;496.43;499.05;499.8;826
2015.07.28;00:00:00;499.3;497.68;497.93;499.18;200
2015.07.28;04:00:00;502.18;500.93;501.3;501.68;213
2015.07.28;08:00:00;503.55;500.43;500.68;501.18;575
2015.07.28;12:00:00;501.68;493.43;493.68;500.8;939
2015.07.28;16:00:00;495.18;491.43;493.43;493.93;701
2015.07.28;20:00:00;495.18;488.68;488.68;493.3;839
2015.07.29;00:00:00;490.55;487.43;489.68;488.43;500
2015.07.29;04:00:00;489.43;487.68;489.05;487.68;214
2015.07.29;08:00:00;490.43;483.43;483.68;489.18;851
2015.07.29;12:00:00;489.18;483.43;489.05;483.93;639
2015.07.29;16:00:00;500.18;487.43;495.18;488.93;1926
2015.07.29;20:00:00;497.55;492.18;493.18;495.43;850
2015.07.30;00:00:00;493.43;491.18;491.18;492.93;276
2015.07.30;04:00:00;492.68;490.68;491.93;490.68;276
2015.07.30;08:00:00;492.18;487.93;488.43;492.18;476
2015.07.30;12:00:00;492.43;486.18;491.43;488.55;963
2015.07.30;16:00:00;499.93;489.68;496.93;491.18;1476
2015.07.30;20:00:00;498.18;492.18;494.43;497.05;939
2015.07.31;00:00:00;494.8;493.93;493.93;494.3;138
2015.07.31;04:00:00;495.18;493.18;494.68;493.3;263
2015.07.31;08:00:00;495.93;492.68;494.68;494.55;638
2015.07.31;12:00:00;501.18;493.93;497.68;494.93;1176
2015.07.31;16:00:00;499.93;493.93;497.93;497.8;1188
2015.07.31;20:00:00;497.93;492.43;494.18;497.8;739
2015.08.03;00:00:00;495.05;493.68;494.55;494.3;250
2015.08.03;04:00:00;495.05;492.3;493.05;494.05;451
2015.08.03;08:00:00;493.18;488.68;490.93;493.18;676
2015.08.03;12:00:00;492.43;487.93;491.18;490.68;851
2015.08.03;16:00:00;496.43;490.18;490.18;491.3;1139
2015.08.03;20:00:00;492.43;484.68;486.3;490.43;1138
2015.08.04;00:00:00;486.43;484.8;485.8;486.43;264
2015.08.04;04:00:00;487.3;484.93;486.8;485.18;313
2015.08.04;08:00:00;486.93;481.68;482.68;486.93;626
2015.08.04;12:00:00;482.68;477.43;480.18;482.43;826
2015.08.04;16:00:00;483.18;475.68;476.43;479.93;1151
2015.08.04;20:00:00;476.93;469.68;471.93;476.68;976
2015.08.05;00:00:00;472.43;471.18;472.18;471.8;213
2015.08.05;04:00:00;473.68;471.93;472.55;471.93;289
2015.08.05;08:00:00;475.43;471.93;474.43;472.18;476
2015.08.05;12:00:00;480.43;474.18;478.68;474.55;838
2015.08.05;16:00:00;479.18;474.68;474.93;478.93;501
2015.08.05;20:00:00;476.93;473.18;476.68;474.68;551
2015.08.06;00:00:00;477.93;476.68;477.68;476.8;163
2015.08.06;04:00:00;477.93;475.68;477.18;476.3;363
2015.08.06;08:00:00;479.3;476.43;477.68;477.43;550
2015.08.06;12:00:00;477.55;472.43;474.43;477.55;713
2015.08.06;16:00:00;481.18;466.68;468.68;474.18;2351
2015.08.06;20:00:00;472.43;465.93;472.18;468.55;938
2015.08.07;00:00:00;472.3;470.93;471.55;472.3;200
2015.08.07;04:00:00;472.05;470.93;471.8;470.93;138
2015.08.07;08:00:00;472.43;469.43;471.18;471.93;526
2015.08.07;12:00:00;473.05;467.93;468.43;471.3;738
2015.08.07;16:00:00;472.05;466.68;468.43;468.68;1050
2015.08.07;20:00:00;474.18;467.93;473.68;468.68;751
2015.08.10;00:00:00;474.68;473.18;473.18;473.55;264
2015.08.10;04:00:00;474.68;472.43;474.3;472.43;264
2015.08.10;08:00:00;476.18;473.18;475.43;474.43;501
2015.08.10;12:00:00;476.18;472.18;473.18;475.55;564
2015.08.10;16:00:00;475.68;468.93;473.18;473.05;1338
2015.08.10;20:00:00;474.68;468.68;470.43;473.3;914
2015.08.11;00:00:00;470.55;469.8;469.93;470.3;114
2015.08.11;04:00:00;469.68;467.93;468.18;469.05;264
2015.08.11;08:00:00;472.93;468.18;472.68;468.43;526
2015.08.11;12:00:00;479.18;471.93;477.68;472.93;976
2015.08.11;16:00:00;485.43;475.68;484.68;477.93;1276
2015.08.11;20:00:00;488.18;483.43;483.68;484.43;876
2015.08.12;00:00:00;484.8;483.18;483.68;483.8;313
2015.08.12;04:00:00;485.3;482.18;483.18;484.43;500
2015.08.12;08:00:00;483.68;481.68;483.43;482.93;351
2015.08.12;12:00:00;490.68;478.18;478.18;483.18;2001
2015.08.12;16:00:00;478.18;470.18;472.93;477.93;1101
2015.08.12;20:00:00;477.05;471.43;476.93;473.18;750
2015.08.13;00:00:00;477.43;473.68;475.8;477.05;626
2015.08.13;04:00:00;476.93;471.68;472.05;474.8;776
2015.08.13;08:00:00;477.93;471.68;477.93;472.18;676
2015.08.13;12:00:00;483.8;476.18;479.93;478.3;1362
2015.08.13;16:00:00;482.93;474.8;477.68;479.8;1415
2015.08.13;20:00:00;485.43;476.68;483.68;477.43;1126
2015.08.14;00:00:00;483.8;482.43;482.55;483.43;187
2015.08.14;04:00:00;484.18;482.55;483.18;483.55;290
2015.08.14;08:00:00;487.68;483.18;486.3;483.3;601
2015.08.14;12:00:00;487.18;480.43;482.18;486.43;926
2015.08.14;16:00:00;482.93;474.18;475.18;482.3;1039
2015.08.14;20:00:00;477.43;473.68;476.93;474.93;551
2015.08.17;00:00:00;477.43;476.3;476.93;477.05;215
2015.08.17;04:00:00;477.3;475.05;476.3;475.43;364
2015.08.17;08:00:00;478.43;473.68;474.43;476.18;776
2015.08.17;12:00:00;478.18;471.93;477.43;474.18;926
2015.08.17;16:00:00;478.18;472.68;474.8;477.55;826
2015.08.17;20:00:00;474.93;470.43;470.55;474.93;463
2015.08.18;00:00:00;471.68;470.55;471.18;470.68;177
2015.08.18;04:00:00;470.68;469.93;470.3;470.68;113
2015.08.18;08:00:00;471.3;467.05;468.93;470.18;726
2015.08.18;12:00:00;477.18;468.18;473.68;469.05;1338
2015.08.18;16:00:00;477.68;472.93;475.68;473.43;726
2015.08.18;20:00:00;475.93;471.43;471.8;475.8;501
2015.08.19;00:00:00;471.93;470.43;470.8;471.93;188
2015.08.19;04:00:00;470.93;469.55;470.68;469.55;164
2015.08.19;08:00:00;470.55;467.68;468.93;470.55;413
2015.08.19;12:00:00;471.18;466.68;470.93;469.05;713
2015.08.19;16:00:00;472.18;468.43;471.18;470.68;701
2015.08.19;20:00:00;474.68;469.93;470.05;471.43;813
2015.08.20;00:00:00;471.55;469.93;470.93;469.93;225
2015.08.20;04:00:00;471.3;469.55;470.8;469.93;264
2015.08.20;08:00:00;474.43;469.43;474.18;470.93;676
2015.08.20;12:00:00;475.43;472.43;473.68;473.93;576
2015.08.20;16:00:00;474.18;457.68;458.68;473.55;1814
2015.08.20;20:00:00;461.18;456.93;457.93;458.93;751
2015.08.21;00:00:00;459.8;457.93;458.93;458.05;287
2015.08.21;04:00:00;460.43;457.93;458.93;460.05;389
2015.08.21;08:00:00;459.43;457.43;457.43;458.8;264
2015.08.21;12:00:00;459.68;453.43;455.93;457.68;1076
2015.08.21;16:00:00;461.43;453.93;458.93;456.18;1226
2015.08.21;20:00:00;459.68;451.68;451.93;459.18;876
2015.08.24;00:00:00;453.68;451.18;453.43;451.8;338
2015.08.24;04:00:00;453.8;451.05;452.3;453.05;476
2015.08.24;08:00:00;453.93;450.93;451.18;452.18;501
2015.08.24;12:00:00;451.43;448.43;448.93;451.05;389
2015.08.24;16:00:00;448.93;440.68;442.68;448.68;1051
2015.08.24;20:00:00;445.43;440.93;442.18;442.43;876
2015.08.25;00:00:00;442.8;441.8;442.3;442.05;176
2015.08.25;04:00:00;442.68;435.43;437.55;442.68;938
2015.08.25;08:00:00;438.55;432.18;434.55;437.68;962
2015.08.25;12:00:00;435.18;426.68;428.93;434.43;1151
2015.08.25;16:00:00;433.18;422.93;428.43;429.05;1989
2015.08.25;20:00:00;434.05;419.93;422.68;428.55;2238
2015.08.26;00:00:00;423.8;421.55;422.68;422.8;439
2015.08.26;04:00:00;428.68;424.55;428.43;427.05;689
2015.08.26;08:00:00;431.18;424.8;429.43;428.3;1164
2015.08.26;12:00:00;437.18;427.43;433.18;429.3;1563
2015.08.26;16:00:00;435.8;426.68;426.68;433.43;1150
2015.08.26;20:00:00;428.43;422.93;423.93;426.93;801
2015.08.27;00:00:00;428.3;423.43;428.3;424.05;550
2015.08.27;04:00:00;428.18;424.93;426.93;426.43;601
2015.08.27;08:00:00;428.3;422.43;426.8;427.18;1137
2015.08.27;12:00:00;428.18;423.18;424.93;426.68;826
2015.08.27;16:00:00;426.93;419.93;423.68;424.68;1301
2015.08.27;20:00:00;426.68;421.3;425.18;423.55;914
2015.08.28;00:00:00;426.05;424.43;425.93;425.05;237
2015.08.28;04:00:00;429.05;426.05;428.43;426.55;413
2015.08.28;08:00:00;435.18;426.8;434.18;428.3;1089
2015.08.28;12:00:00;439.55;432.18;437.55;433.93;1113
2015.08.28;16:00:00;450.05;433.93;448.68;437.68;2125
2015.08.28;20:00:00;458.18;447.43;456.93;448.43;1301
2015.08.31;00:00:00;459.18;456.3;456.55;456.8;552
2015.08.31;04:00:00;462.8;454.55;460.18;458.93;1526
2015.08.31;08:00:00;464.8;456.18;456.18;460.05;1338
2015.08.31;12:00:00;459.68;450.93;457.68;456.43;1626
2015.08.31;16:00:00;481.8;453.93;478.43;457.55;3487
2015.08.31;20:00:00;487.18;477.55;480.43;478.55;1739
2015.09.01;00:00:00;481.18;478.05;478.18;480.55;390
2015.09.01;04:00:00;482.05;476.55;476.68;481.55;614
2015.09.01;08:00:00;480.43;475.68;475.93;476.55;889
2015.09.01;12:00:00;476.68;471.18;474.93;475.68;1026
2015.09.01;16:00:00;507.68;471.43;504.68;474.68;4251
2015.09.01;20:00:00;518.68;501.43;512.55;504.8;2676
2015.09.02;00:00:00;512.68;504.68;509.93;512.43;1351
2015.09.02;04:00:00;508.3;503.3;505.43;508.3;714
2015.09.02;08:00:00;507.68;498.68;499.18;505.3;1189
2015.09.02;12:00:00;510.18;496.68;500.93;499.3;2538
2015.09.02;16:00:00;502.93;481.43;483.93;501.05;2589
2015.09.02;20:00:00;492.68;476.8;478.55;483.8;2652
2015.09.03;00:00:00;480.18;473.05;474.18;478.43;1002
2015.09.03;04:00:00;477.8;472.93;474.05;473.68;938
2015.09.03;08:00:00;479.18;472.43;474.43;474.18;1326
2015.09.03;12:00:00;480.68;472.43;478.43;474.93;1301
2015.09.03;16:00:00;491.68;470.18;471.93;478.55;3639
2015.09.03;20:00:00;494.43;470.93;489.55;471.68;2914
2015.09.04;00:00:00;491.93;488.8;489.8;489.68;615
2015.09.04;04:00:00;491.18;486.18;488.68;491.05;764
2015.09.04;08:00:00;490.18;486.43;489.18;488.43;676
2015.09.04;12:00:00;491.93;484.93;489.68;488.93;1326
2015.09.04;16:00:00;505.93;487.18;496.18;489.8;3113
2015.09.04;20:00:00;498.55;488.43;493.55;496.05;1775
2015.09.07;00:00:00;494.68;491.55;492.68;493.68;527
2015.09.07;04:00:00;495.68;490.93;491.8;495.68;563
2015.09.07;08:00:00;492.18;485.18;488.18;491.93;1026
2015.09.07;12:00:00;494.18;486.18;493.43;488.43;1101
2015.09.07;16:00:00;496.18;487.43;488.18;493.68;1201
2015.09.07;20:00:00;493.68;484.43;485.43;488.43;1551
2015.09.08;00:00:00;485.68;483.43;483.43;485.55;239
2015.09.08;04:00:00;484.93;480.05;484.18;483.18;877
2015.09.08;08:00:00;484.68;480.43;482.68;484.05;714
2015.09.08;12:00:00;483.93;480.93;481.68;482.55;514
2015.09.08;16:00:00;483.43;473.43;475.3;481.8;1351
2015.09.08;20:00:00;476.18;471.68;473.43;475.43;701
2015.09.09;00:00:00;476.43;473.43;473.8;475.3;451
2015.09.09;04:00:00;478.68;473.43;474.93;473.93;951
2015.09.09;08:00:00;483.93;472.93;482.43;475.18;1476
2015.09.09;12:00:00;487.68;473.18;484.18;482.68;2751
2015.09.09;16:00:00;487.93;480.05;484.93;484.43;1527
2015.09.09;20:00:00;485.05;483.68;484.3;484.8;225
2015.09.10;00:00:00;487.8;482.68;487.43;485.18;800
2015.09.10;04:00:00;488.18;484.43;485.18;487.55;514
2015.09.10;08:00:00;488.68;477.43;477.93;485.3;1514
2015.09.10;12:00:00;485.18;473.93;476.18;477.8;2089
2015.09.10;16:00:00;478.43;468.68;470.43;476.05;1389
2015.09.10;20:00:00;470.68;467.93;468.55;470.3;376
2015.09.11;00:00:00;469.05;463.93;466.18;468.3;813
2015.09.11;04:00:00;471.18;466.05;470.68;466.3;589
2015.09.11;08:00:00;475.43;469.43;471.93;470.93;1101
2015.09.11;12:00:00;481.43;468.43;479.43;472.18;1876
2015.09.11;16:00:00;481.43;475.43;480.05;479.68;1164
2015.09.11;20:00:00;480.43;479.18;479.55;480.18;188
2015.09.14;00:00:00;480.93;478.43;479.43;479.18;476
2015.09.14;04:00:00;481.18;474.18;475.93;479.55;1039
2015.09.14;08:00:00;476.18;470.68;471.43;476.05;639
2015.09.14;12:00:00;476.18;465.8;475.55;471.3;1652
2015.09.14;16:00:00;481.18;472.93;473.68;475.68;1451
2015.09.14;20:00:00;473.93;473.05;473.55;473.55;177
2015.09.15;00:00:00;474.18;469.68;470.43;473.43;601
2015.09.15;04:00:00;472.18;467.55;469.3;470.3;827
2015.09.15;08:00:00;472.55;468.05;469.68;469.43;876
2015.09.15;12:00:00;470.93;460.43;462.18;469.8;1339
2015.09.15;16:00:00;464.18;459.68;460.93;462.3;764
2015.09.15;20:00:00;461.55;460.55;460.55;461.05;151
2015.09.16;00:00:00;463.93;459.93;461.18;463.68;551
2015.09.16;04:00:00;462.43;459.8;461.43;461.3;514
2015.09.16;08:00:00;463.8;459.68;461.68;461.68;825
2015.09.16;12:00:00;463.68;455.68;456.55;461.93;1063
2015.09.16;16:00:00;460.43;455.93;459.93;456.68;576
2015.09.16;20:00:00;461.68;459.43;461.3;459.8;301
2015.09.17;00:00:00;460.55;458.05;458.8;460.18;363
2015.09.17;04:00:00;463.43;458.43;462.18;458.93;676
2015.09.17;08:00:00;465.43;461.93;463.68;461.93;526
2015.09.17;12:00:00;479.18;463.18;475.93;463.93;2001
2015.09.17;16:00:00;476.18;469.93;474.43;475.68;1126
2015.09.17;20:00:00;475.93;474.3;475.43;474.68;252
2015.09.18;00:00:00;476.68;473.93;474.8;476.68;363
2015.09.18;04:00:00;477.43;472.43;472.68;474.93;776
2015.09.18;08:00:00;474.93;466.43;467.93;472.8;1214
2015.09.18;12:00:00;473.93;464.68;465.68;468.18;1601
2015.09.18;16:00:00;473.43;463.68;469.43;465.93;1601
2015.09.18;20:00:00;471.68;468.93;471.43;469.68;376
2015.09.21;00:00:00;470.05;468.68;469.05;469.55;225
2015.09.21;04:00:00;469.93;465.68;469.8;469.18;789
2015.09.21;08:00:00;475.68;467.68;467.68;469.93;1376
2015.09.21;12:00:00;468.18;460.93;462.18;467.43;926
2015.09.21;16:00:00;466.18;455.43;459.18;462.05;1864
2015.09.21;20:00:00;460.05;458.8;459.68;459.43;226
2015.09.22;00:00:00;461.18;457.93;461.05;458.55;401
2015.09.22;04:00:00;464.93;461.05;461.93;461.3;714
2015.09.22;08:00:00;467.18;459.18;466.68;461.68;1101
2015.09.22;12:00:00;467.93;461.68;463.43;466.93;901
2015.09.22;16:00:00;466.55;462.18;465.18;463.68;725
2015.09.22;20:00:00;465.18;463.18;464.43;465.05;339
2015.09.23;00:00:00;463.68;462.43;462.55;463.05;201
2015.09.23;04:00:00;463.8;460.18;460.55;462.68;512
2015.09.23;08:00:00;462.55;457.93;458.93;460.68;750
2015.09.23;12:00:00;463.93;455.93;463.18;459.05;1188
2015.09.23;16:00:00;469.93;460.43;468.68;462.93;1326
2015.09.23;20:00:00;470.3;467.93;469.55;468.8;400
2015.09.24;00:00:00;470.3;466.43;466.68;468.93;550
2015.09.24;04:00:00;472.93;466.3;471.93;466.8;814
2015.09.24;08:00:00;475.18;469.93;472.43;472.05;1013
2015.09.24;12:00:00;481.93;466.93;469.18;472.55;2664
2015.09.24;16:00:00;469.18;460.93;462.55;469.05;1001
2015.09.24;20:00:00;463.43;462.3;463.05;462.68;190
2015.09.25;00:00:00;465.68;463.3;464.68;463.3;339
2015.09.25;04:00:00;466.55;463.43;465.18;464.55;562
2015.09.25;08:00:00;465.93;460.93;461.43;464.68;676
2015.09.25;12:00:00;468.18;459.18;466.18;461.3;1313
2015.09.25;16:00:00;468.05;463.8;467.43;466.3;738
2015.09.25;20:00:00;468.18;466.68;467.93;467.3;238
2015.09.28;00:00:00;467.43;465.93;466.68;466.8;289
2015.09.28;04:00:00;469.18;466.18;466.43;466.8;564
2015.09.28;08:00:00;468.55;464.43;468.43;466.18;600
2015.09.28;12:00:00;473.93;462.18;463.43;468.3;1864
2015.09.28;16:00:00;468.93;462.68;465.93;463.3;988
2015.09.28;20:00:00;466.18;465.18;465.43;466.05;139
2015.09.29;00:00:00;465.55;463.68;464.3;465.55;250
2015.09.29;04:00:00;465.68;463.3;464.18;464.43;452
2015.09.29;08:00:00;465.43;459.18;459.43;463.93;801
2015.09.29;12:00:00;462.18;455.43;457.68;459.3;1189
2015.09.29;16:00:00;458.68;454.43;455.18;457.8;589
2015.09.29;20:00:00;455.68;454.93;455.43;455.3;138
2015.09.30;00:00:00;455.55;454.55;455.43;454.93;151
2015.09.30;04:00:00;457.68;454.93;456.18;455.3;463
2015.09.30;08:00:00;461.43;455.43;460.68;455.93;726
2015.09.30;12:00:00;466.93;458.43;465.18;460.93;1276
2015.09.30;16:00:00;466.3;461.93;463.55;465.05;725
2015.09.30;20:00:00;463.8;461.55;461.55;463.43;263
2015.10.01;00:00:00;462.18;460.05;460.05;462.18;214
2015.10.01;04:00:00;462.18;460.05;462.18;460.18;227
2015.10.01;08:00:00;464.55;460.43;461.55;462.05;775
2015.10.01;12:00:00;468.43;460.68;465.93;461.68;1126
2015.10.01;16:00:00;467.43;462.8;466.68;466.05;864
2015.10.01;20:00:00;466.68;465.93;466.68;466.55;138
2015.10.02;00:00:00;468.18;465.8;467.68;466.55;364
2015.10.02;04:00:00;471.18;467.8;469.68;467.8;489
2015.10.02;08:00:00;475.68;468.05;471.18;469.55;1364
2015.10.02;12:00:00;477.18;461.68;463.55;470.93;2363
2015.10.02;16:00:00;464.43;459.43;462.3;463.43;888
2015.10.02;20:00:00;462.43;461.68;462.18;462.43;126
2015.10.05;00:00:00;463.93;461.93;463.18;462.05;288
2015.10.05;04:00:00;466.18;461.43;463.05;463.05;951
2015.10.05;08:00:00;462.93;457.93;458.55;462.93;563
2015.10.05;12:00:00;459.43;450.8;452.43;458.68;1102
2015.10.05;16:00:00;462.68;451.93;461.18;452.55;1288
2015.10.05;20:00:00;461.05;460.3;460.3;461.05;76
2015.10.06;00:00:00;466.68;463.18;466.43;463.18;376
2015.10.06;04:00:00;468.18;465.68;467.43;466.3;388
2015.10.06;08:00:00;471.18;467.43;468.93;467.93;651
2015.10.06;12:00:00;477.68;466.93;476.93;468.68;1326
2015.10.06;16:00:00;476.93;470.93;473.93;476.68;926
2015.10.06;20:00:00;473.8;472.18;472.18;473.68;175
2015.10.07;00:00:00;473.68;472.3;473.05;473.05;277
2015.10.07;04:00:00;474.05;469.18;469.68;473.18;625
2015.10.07;08:00:00;474.18;469.68;472.93;469.93;601
2015.10.07;12:00:00;491.43;472.43;488.43;473.18;2276
2015.10.07;16:00:00;492.18;484.3;492.18;488.68;1227
2015.10.07;20:00:00;493.68;491.55;492.68;492.05;364
2015.10.08;00:00:00;494.93;491.8;494.3;492.55;452
2015.10.08;04:00:00;496.93;493.05;494.18;494.43;752
2015.10.08;08:00:00;498.43;493.93;496.93;494.43;651
2015.10.08;12:00:00;497.93;483.18;486.93;496.8;1964
2015.10.08;16:00:00;490.68;481.93;484.68;486.68;1551
2015.10.08;20:00:00;484.93;483.18;484.55;484.55;351
2015.10.09;00:00:00;485.55;481.8;482.05;484.68;488
2015.10.09;04:00:00;485.93;481.68;483.43;481.93;701
2015.10.09;08:00:00;485.43;478.43;482.18;483.68;1251
2015.10.09;12:00:00;486.68;481.18;486.68;482.43;676
2015.10.09;16:00:00;492.18;486.3;489.68;486.55;864
2015.10.09;20:00:00;490.18;489.18;489.68;489.8;189
2015.10.12;00:00:00;491.3;489.43;491.3;490.55;300
2015.10.12;04:00:00;494.43;490.43;491.18;491.55;764
2015.10.12;08:00:00;498.68;489.43;495.93;490.93;1351
2015.10.12;12:00:00;497.68;484.43;487.18;495.8;1789
2015.10.12;16:00:00;489.43;482.68;483.68;486.93;1026
2015.10.12;20:00:00;484.43;483.43;484.3;483.8;151
2015.10.13;00:00:00;488.18;485.93;487.8;486.8;351
2015.10.13;04:00:00;489.43;486.43;488.68;487.43;476
2015.10.13;08:00:00;491.93;484.93;487.68;488.8;1289
2015.10.13;12:00:00;487.93;472.93;473.43;487.93;1551
2015.10.13;16:00:00;473.43;460.18;463.93;473.18;1726
2015.10.13;20:00:00;465.18;463.43;465.18;463.8;213
2015.10.14;00:00:00;465.18;463.55;464.68;464.3;289
2015.10.14;04:00:00;467.18;462.43;466.93;464.55;713
2015.10.14;08:00:00;466.93;457.43;460.43;466.68;1276
2015.10.14;12:00:00;461.68;453.43;454.93;460.68;1076
2015.10.14;16:00:00;457.18;449.18;451.18;455.18;1201
2015.10.14;20:00:00;451.93;450.43;451.8;451.43;264
2015.10.15;00:00:00;453.18;451.68;452.55;452.68;288
2015.10.15;04:00:00;453.68;450.43;453.18;452.8;613
2015.10.15;08:00:00;456.43;449.93;455.68;452.93;1026
2015.10.15;12:00:00;457.43;449.93;452.93;455.8;1214
2015.10.15;16:00:00;456.43;452.43;454.05;452.68;664
2015.10.15;20:00:00;454.3;451.93;452.93;453.93;375
2015.10.16;00:00:00;455.68;452.05;455.55;452.68;440
2015.10.16;04:00:00;455.93;452.93;454.43;455.68;476
2015.10.16;08:00:00;457.05;452.68;455.43;454.3;762
2015.10.16;12:00:00;456.68;446.93;448.18;455.68;1201
2015.10.16;16:00:00;458.68;447.68;457.93;448.05;1213
2015.10.16;20:00:00;459.18;457.93;459.18;458.18;151
2015.10.19;00:00:00;459.18;457.55;458.05;458.05;327
2015.10.19;04:00:00;460.68;457.55;459.18;457.93;502
2015.10.19;08:00:00;460.18;455.93;456.18;458.93;576
2015.10.19;12:00:00;461.18;452.18;457.93;456.43;1651
2015.10.19;16:00:00;461.68;456.18;459.43;457.8;938
2015.10.19;20:00:00;460.55;459.3;459.93;459.68;226
2015.10.20;00:00:00;460.05;458.05;458.18;460.05;214
2015.10.20;04:00:00;458.68;455.43;455.43;458.3;364
2015.10.20;08:00:00;455.55;452.18;452.18;455.3;363
2015.10.20;12:00:00;451.93;445.43;447.68;451.93;876
2015.10.20;16:00:00;451.18;444.18;445.93;447.43;1251
2015.10.20;20:00:00;447.8;445.68;447.43;446.05;287
2015.10.21;00:00:00;447.55;445.68;446.3;446.93;312
2015.10.21;04:00:00;447.68;442.68;442.8;446.55;626
2015.10.21;08:00:00;443.18;438.68;440.93;442.93;701
2015.10.21;12:00:00;446.68;438.68;440.68;441.18;1551
2015.10.21;16:00:00;443.68;439.05;442.18;440.43;752
2015.10.21;20:00:00;442.68;440.55;440.55;442.05;277
2015.10.22;00:00:00;442.18;440.55;441.3;440.8;277
2015.10.22;04:00:00;441.93;436.43;439.3;441.43;888
2015.10.22;08:00:00;444.18;438.43;443.93;439.18;676
2015.10.22;12:00:00;445.05;437.43;440.43;443.8;1188
2015.10.22;16:00:00;442.43;438.93;440.93;440.18;626
2015.10.22;20:00:00;441.93;440.93;441.18;441.05;188
2015.10.23;00:00:00;443.3;441.3;442.93;441.3;238
2015.10.23;04:00:00;445.3;442.18;444.68;442.8;437
2015.10.23;08:00:00;449.93;444.55;447.18;444.55;814
2015.10.23;12:00:00;449.43;443.18;445.43;447.3;1064
2015.10.23;16:00:00;447.18;442.43;447.18;445.3;763
2015.10.23;20:00:00;448.43;446.93;447.55;447.05;251
2015.10.25;23:00:00;450.3;448.05;449.55;448.3;326
2015.10.26;00:00:00;451.68;448.43;448.43;449.3;564
2015.10.26;04:00:00;450.68;446.93;449.93;448.3;588
2015.10.26;08:00:00;450.55;441.43;444.05;449.8;1250
2015.10.26;12:00:00;444.93;439.93;441.18;443.93;726
2015.10.26;16:00:00;442.43;441.18;442.43;441.3;138
2015.10.26;20:00:00;442.55;440.3;442.05;441.43;389
2015.10.27;00:00:00;442.55;440.8;442.05;442.18;338
2015.10.27;04:00:00;444.43;439.43;440.3;442.18;813
2015.10.27;08:00:00;441.3;435.43;438.18;440.43;950
2015.10.27;12:00:00;439.93;433.18;433.8;438.3;901
2015.10.27;16:00:00;433.93;432.8;433.68;433.68;227
2015.10.27;20:00:00;433.93;431.55;432.18;433.05;390
2015.10.28;00:00:00;432.93;431.43;432.18;432.05;288
2015.10.28;04:00:00;435.93;430.93;433.68;432.05;838
2015.10.28;08:00:00;433.93;426.93;430.18;433.55;1064
2015.10.28;12:00:00;432.05;428.68;431.43;430.3;562
2015.10.28;16:00:00;432.68;430.68;432.55;431.55;301
2015.10.28;20:00:00;432.68;431.18;432.05;431.3;226
2015.10.29;00:00:00;432.43;430.18;431.43;431.93;401
2015.10.29;04:00:00;437.18;431.18;435.68;431.18;751
2015.10.29;08:00:00;451.93;434.18;449.68;435.55;2138
2015.10.29;12:00:00;451.93;445.93;449.18;449.8;1139
2015.10.29;16:00:00;450.93;448.93;448.93;449.3;364
2015.10.29;20:00:00;450.68;448.05;448.3;450.68;289
2015.10.30;00:00:00;448.8;446.93;447.93;448.18;350
2015.10.30;04:00:00;449.68;444.05;446.8;447.68;1039
2015.10.30;08:00:00;454.18;445.18;452.43;446.68;1226
2015.10.30;12:00:00;453.3;447.8;449.18;452.3;789
2015.10.30;16:00:00;449.05;447.93;449.05;449.05;225
2015.10.30;20:00:00;449.8;448.05;449.18;448.18;251
2015.11.02;00:00:00;449.68;447.18;447.18;449.43;276
2015.11.02;04:00:00;454.43;446.43;454.05;447.05;901
2015.11.02;08:00:00;456.68;449.43;454.55;453.93;1389
2015.11.02;12:00:00;459.68;453.3;455.18;454.68;1227
2015.11.02;16:00:00;455.93;455.18;455.3;455.3;151
2015.11.02;20:00:00;456.55;455.05;456.43;455.43;201
2015.11.03;00:00:00;457.55;452.68;453.68;456.55;688
2015.11.03;04:00:00;453.43;449.68;452.05;453.3;626
2015.11.03;08:00:00;459.18;451.93;453.8;451.93;1264
2015.11.03;12:00:00;455.43;452.55;453.8;453.93;564
2015.11.03;16:00:00;454.3;453.3;453.55;453.93;163
2015.11.03;20:00:00;455.18;454.18;454.8;454.93;188
2015.11.04;00:00:00;455.05;452.43;453.43;454.68;400
2015.11.04;04:00:00;461.18;453.18;459.43;453.18;976
2015.11.04;08:00:00;468.18;456.68;467.43;459.68;1526
2015.11.04;12:00:00;474.43;466.18;470.3;467.55;1376
2015.11.04;16:00:00;470.8;468.43;468.8;470.18;337
2015.11.04;20:00:00;471.3;468.93;469.55;469.05;425
2015.11.05;00:00:00;471.43;467.55;468.18;469.43;652
2015.11.05;04:00:00;475.05;468.3;473.3;468.3;851
2015.11.05;08:00:00;474.93;454.93;457.8;473.18;2463
2015.11.05;12:00:00;457.93;452.68;455.43;457.93;801
2015.11.05;16:00:00;457.05;455.43;456.68;455.55;212
2015.11.05;20:00:00;456.55;454.8;455.43;456.43;251
2015.11.06;00:00:00;456.68;453.68;456.05;455.55;551
2015.11.06;04:00:00;456.93;451.43;452.43;456.18;726
2015.11.06;08:00:00;454.3;447.68;450.18;452.3;1113
2015.11.06;12:00:00;454.43;447.18;448.8;450.3;1301
2015.11.06;16:00:00;449.3;448.43;448.8;448.68;163
2015.11.06;20:00:00;450.8;448.55;450.8;448.55;226
2015.11.09;00:00:00;451.68;448.8;451.18;450.68;527
2015.11.09;04:00:00;456.05;450.68;455.68;451.05;612
2015.11.09;08:00:00;456.05;446.68;448.68;455.55;1188
2015.11.09;12:00:00;455.3;453.3;455.3;453.68;239
2015.11.09;16:00:00;456.18;452.43;455.18;455.43;726
2015.11.09;20:00:00;461.18;454.18;460.93;455.3;838
2015.11.10;00:00:00;461.43;449.68;450.18;461.05;1264
2015.11.10;04:00:00;451.68;448.18;450.18;450.3;689
2015.11.10;08:00:00;450.68;449.55;449.93;450.05;215
2015.11.10;12:00:00;450.18;449.55;449.93;449.55;89
2015.11.10;16:00:00;450.05;446.93;447.18;449.68;375
2015.11.10;20:00:00;450.43;445.68;448.93;447.43;801
2015.11.11;00:00:00;455.18;446.93;451.18;449.18;1451
2015.11.11;04:00:00;452.93;448.93;451.43;451.3;788
2015.11.11;08:00:00;451.43;448.68;448.93;451.3;314
2015.11.11;12:00:00;449.68;448.05;449.55;448.05;177
2015.11.11;16:00:00;450.68;448.68;449.18;449.43;376
2015.11.11;20:00:00;451.18;447.93;449.43;449.3;638
2015.11.12;00:00:00;454.43;439.93;442.43;449.68;2176
2015.11.12;04:00:00;442.43;439.18;441.55;442.3;576
2015.11.12;08:00:00;442.05;441.43;441.93;441.68;100
2015.11.12;12:00:00;443.93;441.68;442.43;441.68;376
2015.11.12;16:00:00;445.18;440.18;445.18;442.55;738
2015.11.12;20:00:00;445.93;439.68;439.93;445.3;714
2015.11.13;00:00:00;440.43;430.18;432.18;440.18;1251
2015.11.13;04:00:00;434.43;429.43;430.3;431.93;838
2015.11.13;08:00:00;431.55;429.68;430.3;430.43;362
2015.11.13;12:00:00;430.55;429.43;430.18;429.68;175
2015.11.13;16:00:00;435.43;429.43;435.18;430.3;713
2015.11.13;20:00:00;436.68;432.43;432.8;434.93;638
2015.11.16;00:00:00;433.68;423.18;427.43;432.68;1576
2015.11.16;04:00:00;427.93;421.18;423.18;427.55;914
2015.11.16;08:00:00;423.8;423.05;423.55;423.3;126
2015.11.16;12:00:00;428.3;424.55;428.18;424.55;388
2015.11.16;16:00:00;428.3;424.68;426.18;428.3;513
2015.11.16;20:00:00;427.68;424.18;426.68;425.93;626
2015.11.17;00:00:00;426.68;413.18;416.93;426.43;1751
2015.11.17;04:00:00;427.18;416.68;426.18;417.05;1188
2015.11.17;08:00:00;426.93;425.3;425.68;426.05;290
2015.11.17;12:00:00;425.3;423.68;424.43;424.68;300
2015.11.17;16:00:00;426.55;422.68;426.43;424.55;587
2015.11.17;20:00:00;430.18;422.43;424.18;426.68;1301
2015.11.18;00:00:00;427.18;418.68;420.43;424.05;1339
2015.11.18;04:00:00;421.68;418.05;419.3;420.18;639
2015.11.18;08:00:00;422.43;418.8;421.8;419.43;490
2015.11.18;12:00:00;422.68;421.3;421.93;422.68;202
2015.11.18;16:00:00;425.93;421.43;424.93;421.8;588
2015.11.18;20:00:00;429.93;423.93;424.68;424.68;1201
2015.11.19;00:00:00;427.3;419.05;419.3;424.43;1138
2015.11.19;04:00:00;425.43;418.43;423.93;419.43;951
2015.11.19;08:00:00;425.05;423.93;424.3;424.05;200
2015.11.19;12:00:00;426.8;424.93;426.3;425.18;263
2015.11.19;16:00:00;428.55;424.93;427.18;426.18;625
2015.11.19;20:00:00;430.43;423.18;423.43;426.93;1101
2015.11.20;00:00:00;427.43;421.93;425.93;423.18;826
2015.11.20;04:00:00;426.68;422.93;423.3;426.05;476
2015.11.20;08:00:00;425.3;423.3;425.3;423.43;214
2015.11.20;12:00:00;425.93;424.43;425.18;425.93;226
2015.11.20;16:00:00;426.55;423.68;426.05;425.43;513
2015.11.20;20:00:00;426.93;421.43;422.68;425.93;776
2015.11.23;00:00:00;425.18;421.55;424.18;422.55;564
2015.11.23;04:00:00;431.55;422.68;423.05;424.3;1650
2015.11.23;08:00:00;423.18;422.43;422.93;422.93;151
2015.11.23;12:00:00;423.55;420.18;421.3;423.55;450
2015.11.23;16:00:00;421.68;416.8;417.68;421.43;602
2015.11.23;20:00:00;433.18;416.43;429.18;417.43;2176
2015.11.24;00:00:00;433.43;422.55;432.8;429.3;1827
2015.11.24;04:00:00;433.43;423.68;425.68;432.68;1251
2015.11.24;08:00:00;428.05;425.55;427.68;425.8;313
2015.11.24;12:00:00;428.3;425.68;425.8;427.43;362
2015.11.24;16:00:00;430.68;425.68;429.43;425.93;651
2015.11.24;20:00:00;431.18;425.18;430.55;429.18;1064
2015.11.25;00:00:00;435.43;428.43;434.18;430.68;1051
2015.11.25;04:00:00;435.18;429.68;431.18;434.05;814
2015.11.25;08:00:00;431.8;430.05;430.93;431.3;314
2015.11.25;12:00:00;432.93;430.68;432.18;431.18;351
2015.11.25;16:00:00;434.18;428.93;429.43;432.3;764
2015.11.25;20:00:00;430.55;424.93;425.93;429.68;750
2015.11.26;00:00:00;429.93;423.43;427.3;425.8;1151
2015.11.26;04:00:00;431.93;427.3;431.05;427.43;565
2015.11.26;08:00:00;431.3;430.68;431.18;430.93;100
2015.11.26;12:00:00;431.93;430.05;431.3;430.55;302
2015.11.26;16:00:00;431.18;426.43;426.8;431.18;513
2015.11.26;20:00:00;429.3;424.43;425.18;426.68;825
2015.11.27;00:00:00;426.68;418.8;422.43;424.93;1327
2015.11.27;04:00:00;425.18;421.55;424.43;422.55;539
2015.11.27;08:00:00;424.3;421.18;421.8;424.05;400
2015.11.27;12:00:00;421.8;418.18;420.8;421.68;637
2015.11.27;16:00:00;423.18;418.43;422.55;420.68;764
2015.11.27;20:00:00;423.55;415.93;416.3;422.43;912
2015.11.30;00:00:00;416.68;414.43;415.68;416.18;401
2015.11.30;04:00:00;421.93;421.05;421.18;421.8;82
2015.11.30;08:00:00;422.18;419.68;421.93;421.3;334
2015.11.30;12:00:00;430.18;421.93;426.43;422.05;665
2015.11.30;16:00:00;430.43;423.43;423.43;426.68;1163
2015.11.30;20:00:00;423.93;411.68;411.93;423.68;1082
2015.12.01;00:00:00;412.68;411.18;412.3;411.68;101
2015.12.01;04:00:00;414.68;411.55;414.43;412.8;106
2015.12.01;08:00:00;417.18;413.43;415.43;414.68;278
2015.12.01;12:00:00;417.68;409.43;411.68;415.55;758
2015.12.01;16:00:00;413.18;405.43;410.43;411.43;1325
2015.12.01;20:00:00;412.43;406.43;407.3;410.68;984
2015.12.02;00:00:00;408.8;406.68;407.3;407.43;81
2015.12.02;04:00:00;408.18;406.68;407.3;407.68;71
2015.12.02;08:00:00;410.93;406.68;409.68;407.18;352
2015.12.02;12:00:00;409.43;405.93;408.43;409.43;602
2015.12.02;16:00:00;410.93;395.93;398.43;408.18;1565
2015.12.02;20:00:00;399.18;390.93;393.55;398.55;1217
2015.12.03;00:00:00;395.3;393.18;393.55;393.68;73
2015.12.03;04:00:00;395.93;393.55;395.93;394.05;87
2015.12.03;08:00:00;398.68;395.93;396.43;396.18;449
2015.12.03;12:00:00;404.43;395.68;401.68;396.68;755
2015.12.03;16:00:00;404.93;395.43;403.68;401.93;1421
2015.12.03;20:00:00;414.93;403.55;405.68;403.55;1520
2015.12.04;00:00:00;407.8;405.68;406.68;405.8;79
2015.12.04;04:00:00;408.43;407.18;408.3;407.68;110
2015.12.04;08:00:00;408.18;404.93;406.68;408.18;242
2015.12.04;12:00:00;412.68;406.3;410.93;406.43;769
2015.12.04;16:00:00;413.43;396.68;403.18;410.68;2455
2015.12.04;20:00:00;404.68;399.55;403.05;402.93;839
2015.12.07;00:00:00;404.3;403.05;403.93;403.18;75
2015.12.07;04:00:00;401.55;399.68;399.93;400.18;54
2015.12.07;08:00:00;402.43;397.93;398.18;399.8;312
2015.12.07;12:00:00;398.43;393.68;393.68;398.43;601
2015.12.07;16:00:00;393.93;380.43;382.68;393.93;1561
2015.12.07;20:00:00;383.68;378.68;380.05;382.43;1107
2015.12.08;00:00:00;380.18;379.43;379.55;380.18;18
2015.12.08;04:00:00;382.18;380.68;381.55;381.43;92
2015.12.08;08:00:00;382.93;380.68;381.18;381.43;266
2015.12.08;12:00:00;382.93;374.68;374.8;381.43;728
2015.12.08;16:00:00;381.68;370.18;375.43;374.68;2468
2015.12.08;20:00:00;378.18;374.18;374.93;375.68;1361
2015.12.09;00:00:00;376.18;374.18;375.8;374.68;89
2015.12.09;04:00:00;379.55;376.18;378.68;376.8;87
2015.12.09;08:00:00;378.93;375.18;375.68;378.43;267
2015.12.09;12:00:00;378.3;374.43;375.93;375.8;537
2015.12.09;16:00:00;381.18;366.93;368.68;375.68;1928
2015.12.09;20:00:00;372.18;365.43;370.93;368.43;1696
2015.12.10;00:00:00;371.68;370.43;371.68;371.05;61
2015.12.10;04:00:00;373.43;371.93;372.93;372.43;93
2015.12.10;08:00:00;373.93;371.55;372.43;372.8;297
2015.12.10;12:00:00;373.43;369.18;372.43;372.68;804
2015.12.10;16:00:00;373.43;363.05;363.43;372.55;2236
2015.12.10;20:00:00;367.43;361.68;361.93;363.55;1092
2015.12.11;00:00:00;362.8;361.18;362.3;362.18;93
2015.12.11;04:00:00;362.3;360.3;360.93;362.18;92
2015.12.11;08:00:00;363.18;360.43;360.68;360.68;294
2015.12.11;12:00:00;362.18;356.68;358.18;360.93;777
2015.12.11;16:00:00;360.3;341.68;345.43;358.05;1502
2015.12.11;20:00:00;346.18;340.43;340.93;345.55;1263
2015.12.14;00:00:00;341.05;338.18;339.68;340.68;56
2015.12.14;04:00:00;341.55;338.68;340.68;341.55;73
2015.12.14;08:00:00;344.68;338.18;338.68;340.43;302
2015.12.14;12:00:00;341.93;328.3;328.68;338.93;692
2015.12.14;16:00:00;336.68;322.93;334.93;328.43;2047
2015.12.14;20:00:00;340.43;333.18;333.43;335.18;1116
2015.12.15;00:00:00;334.68;332.93;334.43;333.18;52
2015.12.15;04:00:00;334.8;332.8;333.3;333.68;64
2015.12.15;08:00:00;336.93;330.68;336.93;333.18;396
2015.12.15;12:00:00;346.18;336.68;343.93;337.18;744
2015.12.15;16:00:00;347.68;337.43;345.93;343.68;1756
2015.12.15;20:00:00;355.43;345.93;352.43;346.18;393
