DATE;TIME;HIGH;LOW;CLOSE;OPEN;VOLUME
2015.04.27;12:00:00;2.6975;2.6808;2.686;2.6953;937
2015.04.27;16:00:00;2.7288;2.6847;2.7195;2.6858;1665
2015.04.27;20:00:00;2.7573;2.7173;2.7377;2.7197;3404
2015.04.28;00:00:00;2.7528;2.7288;2.7327;2.738;2682
2015.04.28;04:00:00;2.738;2.7297;2.7353;2.7323;178
2015.04.28;08:00:00;2.7658;2.7373;2.7605;2.74;977
2015.04.28;12:00:00;2.7645;2.7487;2.7528;2.7613;666
2015.04.28;16:00:00;2.765;2.7425;2.7582;2.753;1032
2015.04.28;20:00:00;2.7745;2.7495;2.7725;2.7585;1371
2015.04.29;00:00:00;2.7848;2.7617;2.773;2.7723;1601
2015.04.29;04:00:00;2.7798;2.7703;2.7785;2.7727;288
2015.04.29;08:00:00;2.7765;2.7602;2.7623;2.775;682
2015.04.29;12:00:00;2.766;2.7498;2.7565;2.762;820
2015.04.29;16:00:00;2.7795;2.7517;2.771;2.7567;657
2015.04.29;20:00:00;2.7783;2.7623;2.7673;2.7693;1506
2015.04.30;00:00:00;2.7902;2.7673;2.7895;2.7675;1826
2015.04.30;04:00:00;2.79;2.7813;2.7838;2.7898;337
2015.04.30;08:00:00;2.7845;2.7682;2.7715;2.783;689
2015.04.30;12:00:00;2.7777;2.769;2.773;2.7718;645
2015.04.30;16:00:00;2.7753;2.7565;2.7715;2.7723;1652
2015.04.30;20:00:00;2.784;2.7608;2.782;2.7727;1896
2015.05.01;00:00:00;2.7998;2.78;2.7922;2.7822;2402
2015.05.01;04:00:00;2.7948;2.7803;2.7887;2.7918;834
2015.05.01;08:00:00;2.7943;2.7838;2.7875;2.7895;756
2015.05.01;12:00:00;2.7993;2.7848;2.7982;2.788;892
2015.05.01;16:00:00;2.8305;2.7878;2.8255;2.7985;2074
2015.05.01;20:00:00;2.8598;2.8233;2.8467;2.8257;3426
2015.05.04;00:00:00;2.8855;2.8478;2.8787;2.8478;3057
2015.05.04;04:00:00;2.8847;2.8685;2.8765;2.879;408
2015.05.04;08:00:00;2.8858;2.8713;2.8828;2.8802;409
2015.05.04;12:00:00;2.8865;2.8713;2.875;2.8835;469
2015.05.04;16:00:00;2.8873;2.8737;2.8825;2.8755;975
2015.05.04;20:00:00;2.9115;2.8805;2.9065;2.8828;2210
2015.05.05;00:00:00;2.9282;2.9012;2.9282;2.9068;2122
2015.05.05;04:00:00;2.9332;2.9245;2.9315;2.9285;293
2015.05.05;08:00:00;2.9282;2.8888;2.9003;2.9278;1914
2015.05.05;12:00:00;2.9048;2.892;2.9;2.9;951
2015.05.05;16:00:00;2.9137;2.8977;2.9075;2.9003;974
2015.05.05;20:00:00;2.9243;2.8985;2.912;2.9078;1346
2015.05.06;00:00:00;2.9198;2.9078;2.9103;2.9122;983
2015.05.06;04:00:00;2.9137;2.9055;2.9055;2.91;245
2015.05.06;08:00:00;2.9145;2.9008;2.9055;2.9077;1110
2015.05.06;12:00:00;2.9118;2.8962;2.9063;2.9048;1006
2015.05.06;16:00:00;2.9335;2.9027;2.9303;2.9068;1466
2015.05.06;20:00:00;2.9375;2.9152;2.9293;2.9305;2463
2015.05.07;00:00:00;2.9518;2.9217;2.9282;2.9285;2887
2015.05.07;04:00:00;2.9288;2.9185;2.924;2.9278;290
2015.05.07;08:00:00;2.9328;2.923;2.9282;2.9273;982
2015.05.07;12:00:00;2.9358;2.9183;2.93;2.928;1073
2015.05.07;16:00:00;2.943;2.9068;2.9125;2.9297;2112
2015.05.07;20:00:00;2.9303;2.9055;2.9297;2.9107;2195
2015.05.08;00:00:00;2.9312;2.8983;2.9198;2.9303;3103
2015.05.08;04:00:00;2.9243;2.9183;2.9223;2.9195;202
2015.05.08;08:00:00;2.9243;2.9078;2.9085;2.923;662
2015.05.08;12:00:00;2.9137;2.9012;2.9128;2.9083;768
2015.05.08;16:00:00;2.9303;2.905;2.9228;2.9115;1461
2015.05.08;20:00:00;2.9335;2.9063;2.9103;2.9225;2488
2015.05.11;00:00:00;2.9255;2.9068;2.9075;2.9105;1935
2015.05.11;04:00:00;2.9158;2.9063;2.9145;2.9072;252
2015.05.11;08:00:00;2.919;2.9078;2.9135;2.9107;789
2015.05.11;12:00:00;2.9198;2.9088;2.911;2.914;799
2015.05.11;16:00:00;2.9288;2.9098;2.915;2.9107;1094
2015.05.11;20:00:00;2.922;2.8843;2.9012;2.9148;3813
2015.05.12;00:00:00;2.9198;2.8973;2.9133;2.9015;2189
2015.05.12;04:00:00;2.9165;2.9105;2.9105;2.9135;212
2015.05.12;08:00:00;2.9252;2.8928;2.8995;2.9243;1259
2015.05.12;12:00:00;2.9008;2.8953;2.9;2.8992;668
2015.05.12;16:00:00;2.919;2.9003;2.9107;2.9003;1376
2015.05.12;20:00:00;2.9133;2.8968;2.9025;2.9113;1830
2015.05.13;00:00:00;2.9063;2.8918;2.9038;2.9027;2002
2015.05.13;04:00:00;2.9098;2.8992;2.9092;2.9033;257
2015.05.13;08:00:00;2.9083;2.8968;2.9018;2.9072;539
2015.05.13;12:00:00;2.9107;2.9;2.91;2.9015;688
2015.05.13;16:00:00;2.9362;2.9053;2.93;2.9098;1898
2015.05.13;20:00:00;2.9412;2.9213;2.9267;2.9303;2521
2015.05.14;00:00:00;2.9373;2.9228;2.9252;2.9263;1831
2015.05.14;04:00:00;2.9285;2.924;2.9255;2.9258;253
2015.05.14;08:00:00;2.9315;2.9228;2.928;2.9238;856
2015.05.14;12:00:00;2.9288;2.9235;2.925;2.9275;798
2015.05.14;16:00:00;2.9432;2.9223;2.9243;2.9248;1837
2015.05.14;20:00:00;2.9412;2.9223;2.9377;2.923;2219
2015.05.15;00:00:00;2.9408;2.9083;2.9263;2.9375;2889
2015.05.15;04:00:00;2.9278;2.9228;2.9272;2.926;193
2015.05.15;08:00:00;2.9297;2.9143;2.9172;2.9288;810
2015.05.15;12:00:00;2.9228;2.9107;2.9198;2.917;918
2015.05.15;16:00:00;2.9315;2.9032;2.9195;2.9193;1309
2015.05.15;20:00:00;2.9347;2.9143;2.9328;2.9208;2280
2015.05.18;00:00:00;2.9338;2.9133;2.9155;2.933;2192
2015.05.18;04:00:00;2.9202;2.9152;2.9158;2.9158;149
2015.05.18;08:00:00;2.9158;2.91;2.9105;2.9152;559
2015.05.18;12:00:00;2.9223;2.9085;2.921;2.9103;771
2015.05.18;16:00:00;2.9273;2.8923;2.8973;2.9213;1647
2015.05.18;20:00:00;2.9135;2.8943;2.9092;2.896;2132
2015.05.19;00:00:00;2.9273;2.9092;2.9183;2.9095;2103
2015.05.19;04:00:00;2.9258;2.9175;2.9255;2.918;186
2015.05.19;08:00:00;2.9433;2.9105;2.923;2.9213;1010
2015.05.19;12:00:00;2.9288;2.92;2.926;2.9228;832
2015.05.19;16:00:00;2.934;2.9078;2.9098;2.9263;1699
2015.05.19;20:00:00;2.9163;2.8893;2.894;2.9092;2147
2015.05.20;00:00:00;2.9092;2.8923;2.9008;2.8938;1510
2015.05.20;04:00:00;2.9042;2.8998;2.9032;2.9005;240
2015.05.20;08:00:00;2.906;2.8983;2.8985;2.9038;659
2015.05.20;12:00:00;2.909;2.8962;2.9057;2.8983;763
2015.05.20;16:00:00;2.9068;2.853;2.857;2.9053;2199
2015.05.20;20:00:00;2.8633;2.8425;2.8438;2.8575;2532
2015.05.21;00:00:00;2.8443;2.8218;2.8293;2.8435;2692
2015.05.21;04:00:00;2.8333;2.8248;2.8333;2.8295;239
2015.05.21;08:00:00;2.8358;2.8287;2.8315;2.834;781
2015.05.21;12:00:00;2.8378;2.8188;2.8283;2.8313;1173
2015.05.21;16:00:00;2.8395;2.8162;2.8263;2.828;2085
2015.05.21;20:00:00;2.8373;2.819;2.834;2.826;1686
2015.05.22;00:00:00;2.8367;2.8182;2.8257;2.8343;1682
2015.05.22;04:00:00;2.83;2.8218;2.8263;2.826;448
2015.05.22;08:00:00;2.8373;2.8242;2.8373;2.8255;880
2015.05.22;12:00:00;2.8475;2.835;2.8445;2.8375;1236
2015.05.22;16:00:00;2.848;2.8318;2.8358;2.844;1378
2015.05.22;20:00:00;2.8538;2.8333;2.8503;2.8355;1760
2015.05.25;00:00:00;2.8562;2.8393;2.847;2.85;1714
2015.05.25;04:00:00;2.8478;2.8435;2.8475;2.8473;182
2015.05.25;08:00:00;2.8487;2.8385;2.8402;2.848;642
2015.05.25;12:00:00;2.851;2.8383;2.8485;2.84;637
2015.05.25;16:00:00;2.8495;2.822;2.828;2.8478;1331
2015.05.25;20:00:00;2.8295;2.7887;2.8023;2.8278;3246
2015.05.26;00:00:00;2.8078;2.7988;2.8053;2.8025;1657
2015.05.26;04:00:00;2.8058;2.7898;2.7898;2.8055;297
2015.05.26;08:00:00;2.8035;2.7898;2.8023;2.7935;1338
2015.05.26;12:00:00;2.8065;2.7985;2.8002;2.802;1082
2015.05.26;16:00:00;2.8078;2.7898;2.805;2.8;800
2015.05.26;20:00:00;2.8278;2.8053;2.8173;2.807;833
2015.05.27;00:00:00;2.8307;2.8152;2.8227;2.817;749
2015.05.27;04:00:00;2.8287;2.8108;2.811;2.8225;1430
2015.05.27;08:00:00;2.8233;2.8102;2.8198;2.8112;1090
2015.05.27;12:00:00;2.8213;2.7898;2.7965;2.8205;2731
2015.05.27;16:00:00;2.7955;2.7738;2.7833;2.795;3159
2015.05.27;20:00:00;2.7835;2.7693;2.7748;2.7835;2450
2015.05.28;00:00:00;2.7762;2.7688;2.7718;2.7742;270
2015.05.28;04:00:00;2.783;2.77;2.7733;2.773;1220
2015.05.28;08:00:00;2.7848;2.7723;2.7825;2.773;1180
2015.05.28;12:00:00;2.7863;2.7712;2.7712;2.7815;1700
2015.05.28;16:00:00;2.7848;2.757;2.7792;2.7715;3109
2015.05.28;20:00:00;2.7818;2.7548;2.7658;2.7795;2610
2015.05.29;00:00:00;2.7673;2.76;2.76;2.766;294
2015.05.29;04:00:00;2.7693;2.7552;2.7658;2.7593;1261
2015.05.29;08:00:00;2.7703;2.7617;2.7628;2.766;1268
2015.05.29;12:00:00;2.7798;2.7615;2.7653;2.7623;2084
2015.05.29;16:00:00;2.7742;2.7585;2.764;2.7655;2865
2015.05.29;20:00:00;2.7718;2.757;2.7665;2.7635;2308
2015.06.01;00:00:00;2.7697;2.7628;2.7643;2.7662;349
2015.06.01;04:00:00;2.7748;2.7613;2.773;2.7647;789
2015.06.01;08:00:00;2.7777;2.77;2.7765;2.7727;910
2015.06.01;12:00:00;2.779;2.7605;2.7653;2.7768;2223
2015.06.01;16:00:00;2.7658;2.7443;2.7487;2.765;2984
2015.06.01;20:00:00;2.7498;2.7213;2.7247;2.7485;3290
2015.06.02;00:00:00;2.7275;2.7213;2.7273;2.7253;324
2015.06.02;04:00:00;2.7348;2.7238;2.7323;2.7258;1214
2015.06.02;08:00:00;2.7355;2.7308;2.7327;2.7325;895
2015.06.02;12:00:00;2.7383;2.7223;2.7228;2.7323;1941
2015.06.02;16:00:00;2.7375;2.7108;2.7315;2.7223;2857
2015.06.02;20:00:00;2.7312;2.715;2.7163;2.7312;2842
2015.06.03;00:00:00;2.7203;2.7063;2.7102;2.7165;286
2015.06.03;04:00:00;2.7223;2.7098;2.7158;2.7108;982
2015.06.03;08:00:00;2.7268;2.715;2.7262;2.7155;925
2015.06.03;12:00:00;2.7338;2.7133;2.7163;2.7253;1445
2015.06.03;16:00:00;2.7413;2.7128;2.7345;2.716;3360
2015.06.03;20:00:00;2.7398;2.7283;2.7353;2.7342;2155
2015.06.04;00:00:00;2.7363;2.7308;2.7333;2.7348;167
2015.06.04;04:00:00;2.7413;2.7323;2.74;2.733;772
2015.06.04;08:00:00;2.7443;2.7373;2.738;2.7398;868
2015.06.04;12:00:00;2.7395;2.7188;2.7217;2.7383;2294
2015.06.04;16:00:00;2.7375;2.7163;2.7288;2.7215;3163
2015.06.04;20:00:00;2.7377;2.719;2.7208;2.7293;1805
2015.06.05;00:00:00;2.7247;2.7208;2.7208;2.7213;142
2015.06.05;04:00:00;2.7273;2.7152;2.7235;2.7218;1000
2015.06.05;08:00:00;2.7243;2.7128;2.7228;2.7228;1083
2015.06.05;12:00:00;2.7255;2.6932;2.6942;2.723;2635
2015.06.05;16:00:00;2.7117;2.6847;2.7087;2.6938;2770
2015.06.05;20:00:00;2.7123;2.6728;2.6803;2.7093;2614
2015.06.08;00:00:00;2.6847;2.6788;2.6838;2.681;268
2015.06.08;04:00:00;2.6865;2.6723;2.678;2.6828;1082
2015.06.08;08:00:00;2.6845;2.676;2.683;2.6778;813
2015.06.08;12:00:00;2.6873;2.6668;2.6782;2.6832;2277
2015.06.08;16:00:00;2.6905;2.6708;2.6793;2.679;3212
2015.06.08;20:00:00;2.7037;2.6788;2.6883;2.679;2558
2015.06.09;00:00:00;2.6953;2.6873;2.6932;2.6885;283
2015.06.09;04:00:00;2.7;2.6903;2.6953;2.6988;723
2015.06.09;08:00:00;2.6992;2.6908;2.6963;2.695;647
2015.06.09;12:00:00;2.6977;2.6818;2.6862;2.6965;1656
2015.06.09;16:00:00;2.7005;2.6782;2.6977;2.6883;1896
2015.06.09;20:00:00;2.7018;2.6888;2.6998;2.6972;1609
2015.06.10;00:00:00;2.7022;2.6963;2.699;2.7003;291
2015.06.10;04:00:00;2.6998;2.6955;2.6975;2.6998;491
2015.06.10;08:00:00;2.7087;2.6972;2.7065;2.698;739
2015.06.10;12:00:00;2.7203;2.6912;2.7117;2.7068;1852
2015.06.10;16:00:00;2.7312;2.7057;2.7253;2.712;2683
2015.06.10;20:00:00;2.7283;2.7043;2.7093;2.7258;1717
2015.06.11;00:00:00;2.7108;2.7068;2.7108;2.709;225
2015.06.11;04:00:00;2.7148;2.7068;2.7148;2.7087;489
2015.06.11;08:00:00;2.7193;2.7137;2.718;2.715;769
2015.06.11;12:00:00;2.7628;2.7085;2.7548;2.7178;2461
2015.06.11;16:00:00;2.7597;2.7395;2.7407;2.7552;2806
2015.06.11;20:00:00;2.7502;2.7293;2.7392;2.7405;2672
2015.06.12;00:00:00;2.7433;2.7355;2.7405;2.7398;273
2015.06.12;04:00:00;2.7453;2.7353;2.742;2.738;612
2015.06.12;08:00:00;2.7422;2.7297;2.7297;2.7418;659
2015.06.12;12:00:00;2.7308;2.6818;2.6868;2.7303;2324
2015.06.12;16:00:00;2.7;2.6773;2.6785;2.6852;2965
2015.06.12;20:00:00;2.6838;2.6555;2.6678;2.678;3024
2015.06.15;00:00:00;2.6713;2.6655;2.6672;2.6683;180
2015.06.15;04:00:00;2.6748;2.6655;2.6683;2.6698;721
2015.06.15;08:00:00;2.673;2.6637;2.6643;2.668;728
2015.06.15;12:00:00;2.6743;2.6557;2.6702;2.6637;2107
2015.06.15;16:00:00;2.6788;2.6613;2.6723;2.6723;2072
2015.06.15;20:00:00;2.6795;2.6648;2.6788;2.672;1595
2015.06.16;00:00:00;2.6795;2.6745;2.6767;2.6782;169
2015.06.16;04:00:00;2.6775;2.6605;2.6633;2.6713;707
2015.06.16;08:00:00;2.6668;2.6447;2.6477;2.6628;829
2015.06.16;12:00:00;2.6508;2.6293;2.6305;2.6475;1949
2015.06.16;16:00:00;2.647;2.6218;2.6343;2.6307;2521
2015.06.16;20:00:00;2.6447;2.6278;2.6418;2.634;2030
2015.06.17;00:00:00;2.6455;2.6415;2.6425;2.642;188
2015.06.17;04:00:00;2.6465;2.639;2.6462;2.6423;660
2015.06.17;08:00:00;2.655;2.6428;2.6448;2.6468;1024
2015.06.17;12:00:00;2.652;2.618;2.6235;2.645;1999
2015.06.17;16:00:00;2.6347;2.6175;2.6185;2.6233;1796
2015.06.17;20:00:00;2.624;2.6113;2.6125;2.6183;1476
2015.06.18;00:00:00;2.6178;2.6123;2.6155;2.6123;125
2015.06.18;04:00:00;2.6258;2.6127;2.623;2.6133;624
2015.06.18;08:00:00;2.6227;2.6138;2.6187;2.6227;695
2015.06.18;12:00:00;2.6278;2.605;2.6215;2.6185;1808
2015.06.18;16:00:00;2.6317;2.612;2.6123;2.6222;1262
2015.06.18;20:00:00;2.6157;2.599;2.608;2.6118;1743
2015.06.19;00:00:00;2.6272;2.6067;2.6145;2.6077;1365
2015.06.19;04:00:00;2.624;2.6127;2.624;2.6148;525
2015.06.19;08:00:00;2.6418;2.6207;2.6347;2.6237;981
2015.06.19;12:00:00;2.6385;2.6172;2.6325;2.635;1694
2015.06.19;16:00:00;2.6323;2.6062;2.6088;2.6323;1964
2015.06.19;20:00:00;2.6252;2.6023;2.6073;2.6085;1950
2015.06.22;00:00:00;2.61;2.6058;2.6068;2.607;235
2015.06.22;04:00:00;2.6187;2.603;2.6077;2.603;766
2015.06.22;08:00:00;2.6157;2.6045;2.612;2.6075;757
2015.06.22;12:00:00;2.6165;2.5698;2.5727;2.6118;2041
2015.06.22;16:00:00;2.585;2.5662;2.5768;2.573;1691
2015.06.22;20:00:00;2.577;2.562;2.5707;2.5765;1445
2015.06.23;00:00:00;2.577;2.5682;2.5742;2.571;274
2015.06.23;04:00:00;2.5763;2.5665;2.5703;2.5718;379
2015.06.23;08:00:00;2.5753;2.5692;2.574;2.57;142
2015.06.23;12:00:00;2.5818;2.5668;2.5785;2.5738;1394
2015.06.23;16:00:00;2.5805;2.5625;2.5692;2.5783;1291
2015.06.23;20:00:00;2.572;2.5612;2.567;2.5695;1126
2015.06.24;00:00:00;2.5757;2.565;2.5725;2.5668;246
2015.06.24;04:00:00;2.6125;2.5662;2.612;2.5662;1411
2015.06.24;08:00:00;2.615;2.6012;2.6077;2.6125;1038
2015.06.24;12:00:00;2.6138;2.5898;2.591;2.6075;1525
2015.06.24;16:00:00;2.619;2.5905;2.6118;2.5907;2161
2015.06.24;20:00:00;2.6275;2.608;2.6115;2.612;1989
2015.06.25;00:00:00;2.6123;2.609;2.6095;2.6113;201
2015.06.25;04:00:00;2.6187;2.6058;2.612;2.6063;585
2015.06.25;08:00:00;2.6205;2.6113;2.6205;2.6113;494
2015.06.25;12:00:00;2.633;2.6118;2.6185;2.62;1448
2015.06.25;16:00:00;2.6432;2.6118;2.642;2.6183;2383
2015.06.25;20:00:00;2.647;2.5973;2.6213;2.6415;3229
2015.06.26;00:00:00;2.623;2.615;2.6175;2.6218;213
2015.06.26;04:00:00;2.6255;2.6115;2.6203;2.6165;628
2015.06.26;08:00:00;2.6237;2.618;2.619;2.62;489
2015.06.26;12:00:00;2.6213;2.5865;2.6012;2.6187;1935
2015.06.26;16:00:00;2.6157;2.5943;2.602;2.6015;2011
2015.06.26;20:00:00;2.6198;2.6008;2.6157;2.6018;1546
2015.06.29;00:00:00;2.6175;2.6113;2.6168;2.6153;179
2015.06.29;04:00:00;2.6237;2.6103;2.6198;2.6163;723
2015.06.29;08:00:00;2.6263;2.6153;2.62;2.6203;793
2015.06.29;12:00:00;2.6443;2.6142;2.6153;2.6203;2128
2015.06.29;16:00:00;2.6335;2.6098;2.6325;2.6157;2365
2015.06.29;20:00:00;2.6388;2.6163;2.6295;2.6328;2455
2015.06.30;00:00:00;2.6367;2.6252;2.6335;2.6298;376
2015.06.30;04:00:00;2.634;2.6157;2.6237;2.6157;1626
2015.06.30;08:00:00;2.6287;2.6142;2.6263;2.624;1643
2015.06.30;12:00:00;2.6492;2.6178;2.6207;2.6265;2601
2015.06.30;16:00:00;2.64;2.6123;2.6325;2.6213;2356
2015.06.30;20:00:00;2.6363;2.6183;2.6293;2.6323;2079
2015.07.01;00:00:00;2.6298;2.6248;2.6288;2.6298;254
2015.07.01;04:00:00;2.6338;2.6215;2.6315;2.6302;1055
2015.07.01;08:00:00;2.6378;2.6227;2.6358;2.6313;1125
2015.07.01;12:00:00;2.6365;2.5913;2.6012;2.6355;2277
2015.07.01;16:00:00;2.6138;2.5878;2.59;2.6008;2758
2015.07.01;20:00:00;2.6245;2.5852;2.6123;2.5898;3044
2015.07.02;00:00:00;2.6193;2.6115;2.6135;2.6125;358
2015.07.02;04:00:00;2.616;2.6058;2.609;2.613;636
2015.07.02;08:00:00;2.6213;2.6085;2.621;2.6092;770
2015.07.02;12:00:00;2.6278;2.602;2.623;2.6213;2042
2015.07.02;16:00:00;2.6237;2.5988;2.609;2.6233;2138
2015.07.02;20:00:00;2.6432;2.6083;2.6252;2.6092;3026
2015.07.03;00:00:00;2.6267;2.6222;2.6248;2.6248;203
2015.07.03;04:00:00;2.6317;2.6218;2.6298;2.6233;699
2015.07.03;08:00:00;2.6332;2.6267;2.628;2.6295;514
2015.07.03;12:00:00;2.642;2.6225;2.6305;2.6278;1541
2015.07.03;16:00:00;2.6347;2.6168;2.6293;2.6313;2023
2015.07.03;20:00:00;2.6397;2.6237;2.6283;2.6287;1968
2015.07.06;00:00:00;2.6332;2.6263;2.6332;2.6278;159
2015.07.06;04:00:00;2.63;2.6207;2.6237;2.629;741
2015.07.06;08:00:00;2.6393;2.6205;2.6347;2.624;908
2015.07.06;12:00:00;2.6432;2.6278;2.6347;2.635;1473
2015.07.06;16:00:00;2.636;2.6118;2.6127;2.636;1839
2015.07.06;20:00:00;2.6172;2.6075;2.6132;2.6123;1280
2015.07.07;00:00:00;2.6053;2.5718;2.5913;2.6;1955
2015.07.07;04:00:00;2.5915;2.5002;2.5108;2.5915;3304
2015.07.07;08:00:00;2.5508;2.5095;2.5353;2.5105;3335
2015.07.07;12:00:00;2.5448;2.5165;2.5178;2.5345;3100
2015.07.07;16:00:00;2.5393;2.5108;2.5218;2.5175;2935
2015.07.07;20:00:00;2.5313;2.5182;2.5305;2.5227;344
2015.07.08;00:00:00;2.5418;2.5233;2.5298;2.533;1336
2015.07.08;04:00:00;2.5328;2.4953;2.4985;2.5295;1839
2015.07.08;08:00:00;2.5078;2.4793;2.4838;2.4983;3250
2015.07.08;12:00:00;2.4873;2.4243;2.4295;2.4848;5770
2015.07.08;16:00:00;2.477;2.3828;2.4468;2.4293;8509
2015.07.08;20:00:00;2.4703;2.4453;2.4573;2.4472;661
2015.07.09;00:00:00;2.4695;2.4168;2.4265;2.458;3754
2015.07.09;04:00:00;2.4472;2.3998;2.403;2.4273;3544
2015.07.09;08:00:00;2.4498;2.3802;2.441;2.4033;4661
2015.07.09;12:00:00;2.5165;2.4282;2.4868;2.4415;6792
2015.07.09;16:00:00;2.5073;2.4823;2.4848;2.4873;5816
2015.07.09;20:00:00;2.4953;2.4743;2.4878;2.4845;655
2015.07.10;00:00:00;2.5155;2.4833;2.5095;2.491;2515
2015.07.10;04:00:00;2.5322;2.5082;2.524;2.5093;3284
2015.07.10;08:00:00;2.5353;2.5052;2.5125;2.5242;2962
2015.07.10;12:00:00;2.592;2.5132;2.546;2.5132;5029
2015.07.10;16:00:00;2.5612;2.5188;2.5437;2.5463;4661
2015.07.10;20:00:00;2.545;2.5378;2.544;2.5435;326
2015.07.13;00:00:00;2.559;2.5402;2.5517;2.5458;1700
2015.07.13;04:00:00;2.5675;2.5313;2.5405;2.552;2536
2015.07.13;08:00:00;2.5437;2.5175;2.533;2.5408;2338
2015.07.13;12:00:00;2.5408;2.5212;2.5273;2.5333;2365
2015.07.13;16:00:00;2.5435;2.5258;2.5338;2.5277;2741
2015.07.13;20:00:00;2.5393;2.5333;2.5385;2.534;259
2015.07.14;00:00:00;2.5315;2.4928;2.5025;2.5265;2505
2015.07.14;04:00:00;2.513;2.4977;2.5017;2.5022;1684
2015.07.14;08:00:00;2.5595;2.493;2.5505;2.5015;3056
2015.07.14;12:00:00;2.5568;2.5275;2.5398;2.5508;3167
2015.07.14;16:00:00;2.548;2.5298;2.5357;2.5395;2782
2015.07.14;20:00:00;2.5408;2.5357;2.538;2.5363;244
2015.07.15;00:00:00;2.5425;2.5342;2.5363;2.5357;869
2015.07.15;04:00:00;2.5408;2.5212;2.5285;2.536;1225
2015.07.15;08:00:00;2.529;2.5088;2.5168;2.5288;1712
2015.07.15;12:00:00;2.5353;2.5052;2.531;2.5175;2562
2015.07.15;16:00:00;2.5368;2.5203;2.534;2.5315;2543
2015.07.15;20:00:00;2.5402;2.5325;2.5383;2.5338;321
2015.07.16;00:00:00;2.5448;2.53;2.536;2.5342;1008
2015.07.16;04:00:00;2.549;2.5235;2.5285;2.537;1265
2015.07.16;08:00:00;2.5698;2.5262;2.5588;2.5283;2379
2015.07.16;12:00:00;2.569;2.5208;2.5285;2.5585;3317
2015.07.16;16:00:00;2.5283;2.5097;2.5138;2.5283;3513
2015.07.16;20:00:00;2.5158;2.498;2.5125;2.514;459
2015.07.17;00:00:00;2.517;2.5037;2.5128;2.5108;1041
2015.07.17;04:00:00;2.5307;2.511;2.5292;2.513;1314
2015.07.17;08:00:00;2.54;2.5273;2.5303;2.529;1511
2015.07.17;12:00:00;2.5298;2.5097;2.518;2.5298;2597
2015.07.17;16:00:00;2.5218;2.5088;2.515;2.5178;1986
2015.07.17;20:00:00;2.5175;2.5128;2.5153;2.5155;211
2015.07.20;00:00:00;2.521;2.5132;2.5208;2.514;498
2015.07.20;04:00:00;2.5292;2.5178;2.5273;2.5212;830
2015.07.20;08:00:00;2.5295;2.4873;2.4935;2.527;1747
2015.07.20;12:00:00;2.5017;2.4728;2.4957;2.4933;3048
2015.07.20;16:00:00;2.5028;2.4833;2.487;2.4955;2428
2015.07.20;20:00:00;2.4918;2.4845;2.4892;2.4875;259
2015.07.21;00:00:00;2.4985;2.4617;2.4665;2.493;2021
2015.07.21;04:00:00;2.482;2.4658;2.479;2.4667;1460
2015.07.21;08:00:00;2.4888;2.4682;2.4768;2.4793;1988
2015.07.21;12:00:00;2.4842;2.4643;2.473;2.4765;2219
2015.07.21;16:00:00;2.4957;2.4693;2.4747;2.4728;2712
2015.07.21;20:00:00;2.4758;2.4645;2.469;2.4743;291
2015.07.22;00:00:00;2.4857;2.4678;2.482;2.4678;909
2015.07.22;04:00:00;2.4895;2.4788;2.484;2.4818;892
2015.07.22;08:00:00;2.5117;2.48;2.5037;2.4838;1670
2015.07.22;12:00:00;2.5045;2.47;2.4768;2.5035;2509
2015.07.22;16:00:00;2.4855;2.469;2.4697;2.4765;2202
2015.07.22;20:00:00;2.4732;2.4693;2.4713;2.47;225
2015.07.23;00:00:00;2.4777;2.4693;2.4697;2.4715;752
2015.07.23;04:00:00;2.4697;2.4267;2.4318;2.4695;2233
2015.07.23;08:00:00;2.4445;2.4232;2.4405;2.432;2285
2015.07.23;12:00:00;2.4423;2.419;2.431;2.4408;2585
2015.07.23;16:00:00;2.4328;2.4195;2.4252;2.4308;2293
2015.07.23;20:00:00;2.4273;2.4228;2.4238;2.4255;236
2015.07.24;00:00:00;2.4332;2.4027;2.4103;2.427;1252
2015.07.24;04:00:00;2.4442;2.4105;2.435;2.4105;2268
2015.07.24;08:00:00;2.4453;2.4243;2.4332;2.4352;1879
2015.07.24;12:00:00;2.434;2.417;2.42;2.433;2088
2015.07.24;16:00:00;2.4235;2.3752;2.3775;2.4198;3700
2015.07.24;20:00:00;2.3778;2.3538;2.3733;2.3778;844
2015.07.27;00:00:00;2.3767;2.3497;2.3558;2.373;2550
2015.07.27;04:00:00;2.3795;2.3535;2.364;2.3555;2129
2015.07.27;08:00:00;2.3845;2.3467;2.3758;2.3642;2697
2015.07.27;12:00:00;2.3807;2.3615;2.367;2.3755;2248
2015.07.27;16:00:00;2.3947;2.3623;2.3813;2.3672;3648
2015.07.27;20:00:00;2.3852;2.3787;2.3832;2.3817;395
2015.07.28;00:00:00;2.3832;2.3663;2.3735;2.3798;1877
2015.07.28;04:00:00;2.3815;2.3715;2.3748;2.3727;1529
2015.07.28;08:00:00;2.3843;2.3508;2.357;2.375;2447
2015.07.28;12:00:00;2.3623;2.3337;2.3512;2.3573;2954
2015.07.28;16:00:00;2.3603;2.3438;2.3495;2.3515;2340
2015.07.28;20:00:00;2.351;2.3365;2.3415;2.349;382
2015.07.29;00:00:00;2.3645;2.3417;2.3577;2.3417;1280
2015.07.29;04:00:00;2.3687;2.354;2.3558;2.3575;1396
2015.07.29;08:00:00;2.3758;2.3533;2.372;2.3555;1263
2015.07.29;12:00:00;2.4122;2.3633;2.4008;2.3718;3090
2015.07.29;16:00:00;2.4057;2.3888;2.4018;2.401;2321
2015.07.29;20:00:00;2.409;2.396;2.4075;2.402;479
2015.07.30;00:00:00;2.4412;2.4068;2.424;2.4085;1941
2015.07.30;04:00:00;2.4258;2.4018;2.414;2.4243;1924
2015.07.30;08:00:00;2.4183;2.401;2.411;2.4137;1967
2015.07.30;12:00:00;2.4103;2.389;2.3915;2.4103;2203
2015.07.30;16:00:00;2.4172;2.3865;2.4068;2.3912;2705
2015.07.30;20:00:00;2.4158;2.3875;2.4063;2.4065;1035
2015.07.31;00:00:00;2.4178;2.4042;2.4068;2.405;1140
2015.07.31;04:00:00;2.4092;2.3932;2.398;2.4063;1519
2015.07.31;08:00:00;2.3998;2.3787;2.3897;2.3983;2040
2015.07.31;12:00:00;2.3908;2.3545;2.3713;2.39;3203
2015.07.31;16:00:00;2.386;2.369;2.3737;2.371;2128
2015.07.31;20:00:00;2.3763;2.3715;2.3745;2.3733;319
2015.08.03;00:00:00;2.3823;2.3703;2.3733;2.3725;1113
2015.08.03;04:00:00;2.3873;2.3713;2.383;2.373;1226
2015.08.03;08:00:00;2.3835;2.3592;2.3638;2.3832;1673
2015.08.03;12:00:00;2.3923;2.3533;2.3778;2.3633;2753
2015.08.03;16:00:00;2.3787;2.3558;2.3573;2.3772;2427
2015.08.03;20:00:00;2.3592;2.3443;2.348;2.3575;445
2015.08.04;00:00:00;2.3588;2.3413;2.3482;2.3525;2273
2015.08.04;04:00:00;2.3533;2.3383;2.3415;2.348;1786
2015.08.04;08:00:00;2.344;2.3175;2.3303;2.3417;2476
2015.08.04;12:00:00;2.3568;2.3268;2.3358;2.3298;2734
2015.08.04;16:00:00;2.3555;2.3333;2.3393;2.336;2742
2015.08.04;20:00:00;2.3443;2.3373;2.3385;2.3395;341
2015.08.05;00:00:00;2.3495;2.333;2.3398;2.3378;1332
2015.08.05;04:00:00;2.3473;2.3238;2.3413;2.34;1682
2015.08.05;08:00:00;2.3707;2.3405;2.363;2.3415;2447
2015.08.05;12:00:00;2.3698;2.3527;2.3642;2.3633;2240
2015.08.05;16:00:00;2.3645;2.3518;2.3523;2.3638;1656
2015.08.05;20:00:00;2.352;2.3387;2.3493;2.3518;411
2015.08.06;00:00:00;2.35;2.3348;2.34;2.3488;1117
2015.08.06;04:00:00;2.3488;2.3378;2.3488;2.3402;1099
2015.08.06;08:00:00;2.3553;2.3393;2.3445;2.3482;1598
2015.08.06;12:00:00;2.3577;2.3333;2.3512;2.345;2277
2015.08.06;16:00:00;2.3497;2.3358;2.3432;2.3497;2685
2015.08.06;20:00:00;2.3533;2.343;2.3497;2.3438;274
2015.08.07;00:00:00;2.3543;2.3432;2.351;2.3473;916
2015.08.07;04:00:00;2.3573;2.349;2.3505;2.3512;989
2015.08.07;08:00:00;2.3543;2.3413;2.3445;2.3508;1316
2015.08.07;12:00:00;2.35;2.3322;2.3482;2.344;1989
2015.08.07;16:00:00;2.3497;2.3343;2.3408;2.3485;1681
2015.08.07;20:00:00;2.3423;2.3373;2.3405;2.3402;296
2015.08.10;00:00:00;2.3413;2.3213;2.3322;2.339;1157
2015.08.10;04:00:00;2.3378;2.3203;2.322;2.3328;1093
2015.08.10;08:00:00;2.3413;2.3093;2.3275;2.3218;2586
2015.08.10;12:00:00;2.3387;2.3153;2.3345;2.3272;2904
2015.08.10;16:00:00;2.3497;2.3257;2.3278;2.3343;2214
2015.08.10;20:00:00;2.328;2.3195;2.3205;2.3272;288
2015.08.11;00:00:00;2.3263;2.304;2.3195;2.3152;1343
2015.08.11;04:00:00;2.3363;2.3165;2.3352;2.3192;960
2015.08.11;08:00:00;2.3497;2.3313;2.3467;2.3358;1565
2015.08.11;12:00:00;2.3598;2.3335;2.3562;2.3473;1931
2015.08.11;16:00:00;2.4072;2.3518;2.3955;2.3558;4232
2015.08.11;20:00:00;2.3968;2.3823;2.3838;2.3962;395
2015.08.12;00:00:00;2.4245;2.3793;2.3813;2.3873;2419
2015.08.12;04:00:00;2.3918;2.3592;2.3598;2.3815;2104
2015.08.12;08:00:00;2.3838;2.3398;2.3428;2.36;2953
2015.08.12;12:00:00;2.3432;2.3097;2.3263;2.3423;3618
2015.08.12;16:00:00;2.3322;2.3162;2.3278;2.3257;2361
2015.08.12;20:00:00;2.344;2.3257;2.335;2.3287;391
2015.08.13;00:00:00;2.3398;2.2902;2.3015;2.3363;2282
2015.08.13;04:00:00;2.3053;2.2887;2.2913;2.3013;1756
2015.08.13;08:00:00;2.335;2.2893;2.317;2.2915;3157
2015.08.13;12:00:00;2.348;2.3135;2.3447;2.3165;3212
2015.08.13;16:00:00;2.3535;2.3413;2.3463;2.3445;2335
2015.08.13;20:00:00;2.3488;2.3398;2.344;2.3458;236
2015.08.14;00:00:00;2.3527;2.3225;2.3307;2.3445;2061
2015.08.14;04:00:00;2.3438;2.3255;2.3423;2.331;1306
2015.08.14;08:00:00;2.3785;2.3352;2.3518;2.3428;2498
2015.08.14;12:00:00;2.3573;2.3337;2.353;2.3512;2286
2015.08.14;16:00:00;2.3613;2.3447;2.3488;2.3527;1751
2015.08.14;20:00:00;2.3538;2.3467;2.3467;2.3493;226
2015.08.17;00:00:00;2.3543;2.3428;2.3432;2.3472;878
2015.08.17;04:00:00;2.3495;2.339;2.3478;2.3423;930
2015.08.17;08:00:00;2.3623;2.3375;2.3458;2.3482;1719
2015.08.17;12:00:00;2.3558;2.3393;2.3545;2.3455;1894
2015.08.17;16:00:00;2.3598;2.3293;2.3467;2.3547;2230
2015.08.17;20:00:00;2.3488;2.3373;2.339;2.3473;208
2015.08.18;00:00:00;2.3443;2.3188;2.3225;2.34;1219
2015.08.18;04:00:00;2.331;2.3215;2.331;2.3222;777
2015.08.18;08:00:00;2.3373;2.3227;2.3293;2.3313;1433
2015.08.18;12:00:00;2.3345;2.3058;2.3085;2.3295;2651
2015.08.18;16:00:00;2.3238;2.3078;2.3218;2.3088;1592
2015.08.18;20:00:00;2.324;2.3142;2.317;2.322;293
2015.08.19;00:00:00;2.3207;2.3112;2.314;2.3153;795
2015.08.19;04:00:00;2.3213;2.3068;2.3158;2.3138;963
2015.08.19;08:00:00;2.317;2.2768;2.2828;2.316;2532
2015.08.19;12:00:00;2.2908;2.2662;2.2708;2.282;2765
2015.08.19;16:00:00;2.2902;2.2613;2.2803;2.2712;2859
2015.08.19;20:00:00;2.2828;2.2777;2.2782;2.28;275
2015.08.20;00:00:00;2.2875;2.2748;2.278;2.2777;1216
2015.08.20;04:00:00;2.281;2.2705;2.2753;2.2783;947
2015.08.20;08:00:00;2.2925;2.2698;2.2712;2.277;2225
2015.08.20;12:00:00;2.2818;2.2645;2.2762;2.271;2587
2015.08.20;16:00:00;2.277;2.2567;2.2718;2.276;2680
2015.08.20;20:00:00;2.2798;2.2647;2.2678;2.2715;566
2015.08.21;00:00:00;2.2753;2.2647;2.2703;2.2662;798
2015.08.21;04:00:00;2.2842;2.2635;2.2805;2.2697;1115
2015.08.21;08:00:00;2.2978;2.2703;2.2928;2.2807;2538
2015.08.21;12:00:00;2.3182;2.2922;2.3123;2.2922;3189
2015.08.21;16:00:00;2.3287;2.2998;2.3147;2.312;2776
2015.08.21;20:00:00;2.3195;2.3123;2.3165;2.3153;413
2015.08.24;00:00:00;2.3203;2.3058;2.3065;2.3168;1175
2015.08.24;04:00:00;2.3135;2.3013;2.3045;2.3073;1341
2015.08.24;08:00:00;2.3123;2.2712;2.286;2.3047;2772
2015.08.24;12:00:00;2.3047;2.2835;2.2943;2.2857;2274
2015.08.24;16:00:00;2.309;2.2918;2.3043;2.2945;2835
2015.08.24;20:00:00;2.3053;2.2922;2.2922;2.304;433
2015.08.25;00:00:00;2.2833;2.2483;2.263;2.2833;2519
2015.08.25;04:00:00;2.2628;2.222;2.247;2.2628;3609
2015.08.25;08:00:00;2.2545;2.2275;2.2392;2.2475;3056
2015.08.25;12:00:00;2.244;2.1988;2.229;2.239;4843
2015.08.25;16:00:00;2.2605;2.2293;2.2422;2.2295;5012
2015.08.25;20:00:00;2.2445;2.2268;2.2312;2.2425;1142
2015.08.26;00:00:00;2.2678;2.2268;2.2613;2.2355;1734
2015.08.26;04:00:00;2.2643;2.243;2.248;2.2617;1788
2015.08.26;08:00:00;2.264;2.2293;2.2615;2.2485;3549
2015.08.26;12:00:00;2.2915;2.2563;2.2695;2.2622;4632
2015.08.26;16:00:00;2.2995;2.2658;2.2922;2.2693;3114
2015.08.26;20:00:00;2.2958;2.2768;2.2875;2.292;696
2015.08.27;00:00:00;2.297;2.2662;2.2705;2.2898;2110
2015.08.27;04:00:00;2.2835;2.2595;2.275;2.2708;2021
2015.08.27;08:00:00;2.2767;2.2348;2.2385;2.2748;2957
2015.08.27;12:00:00;2.2533;2.2312;2.2483;2.2388;3232
2015.08.27;16:00:00;2.2533;2.2208;2.2285;2.2485;3709
2015.08.27;20:00:00;2.2477;2.2268;2.245;2.2288;713
2015.08.28;00:00:00;2.2678;2.2428;2.2662;2.2483;1325
2015.08.28;04:00:00;2.2695;2.256;2.2567;2.2665;1470
2015.08.28;08:00:00;2.2792;2.2552;2.274;2.257;2694
2015.08.28;12:00:00;2.2868;2.2582;2.2815;2.2735;2708
2015.08.28;16:00:00;2.3363;2.2798;2.326;2.2818;4477
2015.08.28;20:00:00;2.3268;2.3123;2.3255;2.3257;707
2015.08.31;00:00:00;2.3413;2.3205;2.329;2.3322;1716
2015.08.31;04:00:00;2.3325;2.3158;2.3203;2.3293;1402
2015.08.31;08:00:00;2.3293;2.3035;2.309;2.3195;2386
2015.08.31;12:00:00;2.3455;2.304;2.343;2.3088;3336
2015.08.31;16:00:00;2.3618;2.3287;2.3345;2.3435;5135
2015.08.31;20:00:00;2.3473;2.3333;2.3453;2.3343;611
2015.09.01;00:00:00;2.3417;2.3177;2.321;2.3352;1268
2015.09.01;04:00:00;2.3298;2.3177;2.3257;2.3213;817
2015.09.01;08:00:00;2.3352;2.307;2.3118;2.3253;1127
2015.09.01;12:00:00;2.316;2.2925;2.2928;2.3123;1849
2015.09.01;16:00:00;2.3398;2.2893;2.3375;2.2922;3545
2015.09.01;20:00:00;2.3393;2.3293;2.3308;2.3378;1358
2015.09.02;00:00:00;2.3358;2.3228;2.327;2.3325;1468
2015.09.02;04:00:00;2.3328;2.3195;2.324;2.3272;1359
2015.09.02;08:00:00;2.327;2.3032;2.3188;2.3235;2303
2015.09.02;12:00:00;2.3207;2.2973;2.3135;2.3192;3290
2015.09.02;16:00:00;2.3142;2.2943;2.297;2.3138;4291
2015.09.02;20:00:00;2.3008;2.2833;2.287;2.2967;1713
2015.09.03;00:00:00;2.3013;2.2862;2.2965;2.2883;1080
2015.09.03;04:00:00;2.3053;2.2908;2.2943;2.2963;1084
2015.09.03;08:00:00;2.3097;2.2945;2.298;2.2945;1633
2015.09.03;12:00:00;2.3425;2.2958;2.3335;2.2978;3157
2015.09.03;16:00:00;2.3387;2.3058;2.3185;2.3337;4543
2015.09.03;20:00:00;2.3278;2.3162;2.3253;2.3182;1219
2015.09.04;00:00:00;2.3328;2.321;2.3218;2.3242;389
2015.09.04;04:00:00;2.3385;2.3203;2.3373;2.3215;476
2015.09.04;08:00:00;2.3772;2.3335;2.3715;2.337;1985
2015.09.04;12:00:00;2.3958;2.3638;2.3923;2.3718;3678
2015.09.04;16:00:00;2.4137;2.3672;2.3672;2.3925;4460
2015.09.04;20:00:00;2.3743;2.3653;2.3718;2.3668;1134
2015.09.07;00:00:00;2.3743;2.3605;2.363;2.3737;439
2015.09.07;04:00:00;2.3655;2.3485;2.3525;2.3627;661
2015.09.07;08:00:00;2.3668;2.3443;2.3445;2.352;1439
2015.09.07;12:00:00;2.3485;2.3017;2.3108;2.3447;3527
2015.09.07;16:00:00;2.3303;2.3073;2.316;2.3105;3006
2015.09.07;20:00:00;2.3177;2.3073;2.3078;2.3162;846
2015.09.08;00:00:00;2.3242;2.303;2.32;2.3148;1283
2015.09.08;04:00:00;2.3242;2.3155;2.3235;2.3195;1052
2015.09.08;08:00:00;2.36;2.3233;2.3512;2.3233;2338
2015.09.08;12:00:00;2.3533;2.334;2.3348;2.3518;1821
2015.09.08;16:00:00;2.339;2.3298;2.3348;2.335;1023
2015.09.08;20:00:00;2.3473;2.3355;2.3415;2.338;846
2015.09.09;00:00:00;2.3458;2.3272;2.3275;2.341;1026
2015.09.09;04:00:00;2.3932;2.3242;2.391;2.3278;3005
2015.09.09;08:00:00;2.4168;2.382;2.414;2.3915;4270
2015.09.09;12:00:00;2.4438;2.402;2.4312;2.4143;5129
2015.09.09;16:00:00;2.4332;2.4248;2.426;2.4308;442
2015.09.09;20:00:00;2.4355;2.421;2.4318;2.4285;1260
2015.09.10;00:00:00;2.4713;2.4303;2.4575;2.4312;2828
2015.09.10;04:00:00;2.4578;2.434;2.4403;2.4572;3167
2015.09.10;08:00:00;2.455;2.4255;2.442;2.4415;3462
2015.09.10;12:00:00;2.4468;2.4293;2.4297;2.4418;3630
2015.09.10;16:00:00;2.4293;2.4148;2.4192;2.4288;1105
2015.09.10;20:00:00;2.4297;2.4195;2.4263;2.4198;948
2015.09.11;00:00:00;2.4388;2.4223;2.4375;2.4258;1178
2015.09.11;04:00:00;2.4682;2.4263;2.4587;2.4377;3177
2015.09.11;08:00:00;2.4623;2.4362;2.4412;2.459;3623
2015.09.11;12:00:00;2.4563;2.4392;2.4485;2.4418;4339
2015.09.11;16:00:00;2.4628;2.4472;2.4478;2.4483;891
2015.09.11;20:00:00;2.458;2.4392;2.4533;2.447;829
2015.09.14;00:00:00;2.46;2.446;2.452;2.4535;1169
2015.09.14;04:00:00;2.4595;2.421;2.425;2.4518;2488
2015.09.14;08:00:00;2.4377;2.4172;2.4325;2.4258;2568
2015.09.14;12:00:00;2.452;2.4267;2.447;2.4323;3032
2015.09.14;16:00:00;2.4557;2.4448;2.4543;2.4468;573
2015.09.14;20:00:00;2.4515;2.4373;2.4495;2.447;1093
2015.09.15;00:00:00;2.4498;2.4202;2.4245;2.4498;1324
2015.09.15;04:00:00;2.4332;2.4092;2.4215;2.424;2171
2015.09.15;08:00:00;2.4282;2.4042;2.4092;2.4217;2503
2015.09.15;12:00:00;2.4185;2.3962;2.4033;2.4085;2918
2015.09.15;16:00:00;2.4098;2.4027;2.4078;2.4038;501
2015.09.15;20:00:00;2.4145;2.4072;2.4122;2.4083;676
2015.09.16;00:00:00;2.4183;2.404;2.4072;2.4128;999
2015.09.16;04:00:00;2.408;2.3843;2.3897;2.407;2175
2015.09.16;08:00:00;2.4187;2.3893;2.416;2.3895;2861
2015.09.16;12:00:00;2.4267;2.4148;2.4208;2.4163;2872
2015.09.16;16:00:00;2.4252;2.4208;2.4237;2.421;359
2015.09.16;20:00:00;2.4282;2.4115;2.414;2.4225;698
2015.09.17;00:00:00;2.4185;2.4088;2.4135;2.4137;996
2015.09.17;04:00:00;2.4412;2.4137;2.437;2.4137;2348
2015.09.17;08:00:00;2.4427;2.4223;2.4263;2.438;2507
2015.09.17;12:00:00;2.4548;2.4245;2.4477;2.4265;3995
2015.09.17;16:00:00;2.452;2.4457;2.449;2.4472;628
2015.09.17;20:00:00;2.47;2.4472;2.4477;2.4493;1962
2015.09.18;00:00:00;2.4578;2.4427;2.4557;2.4472;1295
2015.09.18;04:00:00;2.4598;2.4293;2.4365;2.456;2110
2015.09.18;08:00:00;2.4587;2.43;2.4555;2.4373;2449
2015.09.18;12:00:00;2.4602;2.4453;2.4528;2.4553;3192
2015.09.18;16:00:00;2.489;2.453;2.4585;2.453;2355
2015.09.18;20:00:00;2.465;2.4297;2.4345;2.459;1280
2015.09.21;00:00:00;2.4397;2.4303;2.4325;2.4347;1201
2015.09.21;04:00:00;2.4598;2.4228;2.4513;2.433;2368
2015.09.21;08:00:00;2.4515;2.3735;2.3798;2.4515;4871
2015.09.21;12:00:00;2.391;2.3737;2.3737;2.3795;3861
2015.09.21;16:00:00;2.3778;2.3683;2.3763;2.3733;910
2015.09.21;20:00:00;2.3825;2.3603;2.3763;2.3775;1883
2015.09.22;00:00:00;2.3832;2.3703;2.381;2.3765;1260
2015.09.22;04:00:00;2.4103;2.3767;2.3975;2.3815;2349
2015.09.22;08:00:00;2.4048;2.385;2.4005;2.3977;2563
2015.09.22;12:00:00;2.4008;2.382;2.3843;2.3992;2637
2015.09.22;16:00:00;2.3897;2.3823;2.383;2.384;557
2015.09.22;20:00:00;2.3873;2.377;2.3775;2.3825;1000
2015.09.23;00:00:00;2.3828;2.3722;2.3763;2.3772;1007
2015.09.23;04:00:00;2.3843;2.3248;2.3293;2.3765;3323
2015.09.23;08:00:00;2.3315;2.2902;2.2982;2.3287;4645
2015.09.23;12:00:00;2.3023;2.2818;2.298;2.298;3488
2015.09.23;16:00:00;2.3032;2.2955;2.3005;2.2982;536
2015.09.23;20:00:00;2.3102;2.2887;2.2902;2.3043;1574
2015.09.24;00:00:00;2.3038;2.2872;2.2922;2.2905;1892
2015.09.24;04:00:00;2.321;2.2908;2.3108;2.292;2502
2015.09.24;08:00:00;2.3195;2.2988;2.305;2.3112;2655
2015.09.24;12:00:00;2.3138;2.2885;2.291;2.3053;2809
2015.09.24;16:00:00;2.294;2.2883;2.291;2.2908;717
2015.09.24;20:00:00;2.3038;2.2902;2.3002;2.2935;916
2015.09.25;00:00:00;2.3047;2.2955;2.3015;2.3005;1272
2015.09.25;04:00:00;2.3082;2.2925;2.3055;2.3017;1943
2015.09.25;08:00:00;2.3062;2.2693;2.2875;2.3058;3284
2015.09.25;12:00:00;2.3112;2.2875;2.3;2.2878;4143
2015.09.25;16:00:00;2.3038;2.2952;2.2982;2.2998;816
2015.09.25;20:00:00;2.3088;2.2933;2.308;2.2965;1144
2015.09.28;00:00:00;2.3153;2.2993;2.3125;2.3078;1609
2015.09.28;04:00:00;2.3127;2.29;2.3005;2.3127;2511
2015.09.28;08:00:00;2.3123;2.2773;2.2828;2.3;2410
2015.09.28;12:00:00;2.2848;2.2742;2.2795;2.2833;1904
2015.09.28;16:00:00;2.2813;2.2733;2.2753;2.2798;855
2015.09.28;20:00:00;2.2982;2.2758;2.2838;2.2773;2008
2015.09.29;00:00:00;2.2908;2.2792;2.2895;2.284;1074
2015.09.29;04:00:00;2.2898;2.2567;2.2585;2.2893;2135
2015.09.29;08:00:00;2.258;2.2283;2.2457;2.2575;3374
2015.09.29;12:00:00;2.2498;2.2377;2.245;2.2455;2722
2015.09.29;16:00:00;2.2455;2.2403;2.244;2.2448;612
2015.09.29;20:00:00;2.2443;2.2318;2.2345;2.2433;1424
2015.09.30;00:00:00;2.2377;2.2268;2.2338;2.2342;1470
2015.09.30;04:00:00;2.2575;2.2217;2.2495;2.2333;2987
2015.09.30;08:00:00;2.2653;2.2418;2.2542;2.2498;2502
2015.09.30;12:00:00;2.2573;2.246;2.2528;2.2537;2420
2015.09.30;16:00:00;2.2635;2.2502;2.2542;2.2533;814
2015.09.30;20:00:00;2.2608;2.2498;2.2588;2.2533;1356
2015.10.01;00:00:00;2.2693;2.2557;2.2647;2.259;1513
2015.10.01;04:00:00;2.3047;2.2632;2.2998;2.2645;3042
2015.10.01;08:00:00;2.342;2.2928;2.3378;2.2995;3237
2015.10.01;12:00:00;2.3535;2.3278;2.3343;2.3385;3502
2015.10.01;16:00:00;2.3383;2.3307;2.3365;2.3345;560
2015.10.01;20:00:00;2.3645;2.3272;2.361;2.3328;813
2015.10.02;00:00:00;2.3725;2.3588;2.3638;2.3607;993
2015.10.02;04:00:00;2.37;2.3475;2.3625;2.364;2385
2015.10.02;08:00:00;2.3638;2.3278;2.33;2.3633;2930
2015.10.02;12:00:00;2.3393;2.2933;2.3017;2.3298;3414
2015.10.02;16:00:00;2.3053;2.2978;2.3023;2.3013;796
2015.10.02;20:00:00;2.3153;2.3023;2.304;2.3043;693
2015.10.05;00:00:00;2.3062;2.2967;2.3045;2.3043;625
2015.10.05;04:00:00;2.3203;2.299;2.3147;2.3053;1735
2015.10.05;08:00:00;2.3158;2.2712;2.2748;2.3135;3517
2015.10.05;12:00:00;2.3378;2.2688;2.3333;2.2742;3283
2015.10.05;16:00:00;2.3425;2.3263;2.3403;2.333;722
2015.10.05;20:00:00;2.3558;2.3315;2.3393;2.333;903
2015.10.06;00:00:00;2.3538;2.3383;2.342;2.3395;894
2015.10.06;04:00:00;2.353;2.3298;2.346;2.3423;1728
2015.10.06;08:00:00;2.3693;2.3257;2.3607;2.3455;3161
2015.10.06;12:00:00;2.369;2.3438;2.3547;2.3615;2741
2015.10.06;16:00:00;2.3553;2.3485;2.354;2.3545;321
2015.10.06;20:00:00;2.3533;2.3383;2.3425;2.3523;554
2015.10.07;00:00:00;2.3445;2.3355;2.3358;2.3423;519
2015.10.07;04:00:00;2.3413;2.3213;2.3343;2.336;1650
2015.10.07;08:00:00;2.3722;2.332;2.3687;2.3345;3114
2015.10.07;12:00:00;2.3695;2.3478;2.3535;2.369;2603
2015.10.07;16:00:00;2.3562;2.35;2.3523;2.3533;508
2015.10.07;20:00:00;2.3672;2.3523;2.367;2.3538;423
2015.10.08;00:00:00;2.3698;2.3583;2.3665;2.3672;941
2015.10.08;04:00:00;2.3752;2.3482;2.3683;2.3663;1894
2015.10.08;08:00:00;2.3918;2.3585;2.389;2.369;2813
2015.10.08;12:00:00;2.392;2.3547;2.3648;2.3893;3472
2015.10.08;16:00:00;2.3657;2.3607;2.3627;2.3653;483
2015.10.08;20:00:00;2.3683;2.3343;2.3423;2.3618;2107
2015.10.09;00:00:00;2.3527;2.3398;2.34;2.3425;1276
2015.10.09;04:00:00;2.3478;2.3162;2.327;2.3398;2498
2015.10.09;08:00:00;2.338;2.3142;2.3298;2.3268;2875
2015.10.09;12:00:00;2.3453;2.3233;2.3425;2.3303;2959
2015.10.09;16:00:00;2.3508;2.3398;2.3465;2.3428;770
2015.10.09;20:00:00;2.3623;2.342;2.354;2.3463;1176
2015.10.12;00:00:00;2.4008;2.3533;2.3962;2.3543;3284
2015.10.12;04:00:00;2.4332;2.394;2.4187;2.396;4346
2015.10.12;08:00:00;2.4312;2.3995;2.401;2.4183;4025
2015.10.12;12:00:00;2.414;2.3923;2.4078;2.4012;2974
2015.10.12;16:00:00;2.4178;2.4068;2.4158;2.4075;476
2015.10.12;20:00:00;2.4172;2.3998;2.4075;2.4155;1489
2015.10.13;00:00:00;2.4278;2.4068;2.4255;2.408;2005
2015.10.13;04:00:00;2.4312;2.4193;2.422;2.4252;2233
2015.10.13;08:00:00;2.4325;2.4143;2.4172;2.4217;2602
2015.10.13;12:00:00;2.4208;2.4023;2.4083;2.4168;2161
2015.10.13;16:00:00;2.4098;2.403;2.4055;2.408;284
2015.10.13;20:00:00;2.4098;2.3873;2.3925;2.4057;1349
2015.10.14;00:00:00;2.3958;2.3828;2.3943;2.3932;1362
2015.10.14;04:00:00;2.4042;2.3888;2.3905;2.394;1989
2015.10.14;08:00:00;2.3947;2.3775;2.3945;2.3908;2559
2015.10.14;12:00:00;2.4068;2.3823;2.3835;2.3943;3079
2015.10.14;16:00:00;2.3843;2.3733;2.3733;2.3838;565
2015.10.14;20:00:00;2.3863;2.375;2.3825;2.3783;1449
2015.10.15;00:00:00;2.3962;2.381;2.392;2.3828;1284
2015.10.15;04:00:00;2.3938;2.374;2.3767;2.3918;1718
2015.10.15;08:00:00;2.4045;2.3737;2.4003;2.3763;2787
2015.10.15;12:00:00;2.4128;2.394;2.4103;2.4005;3112
2015.10.15;16:00:00;2.4187;2.4092;2.4135;2.4098;685
2015.10.15;20:00:00;2.4185;2.4072;2.4128;2.4107;1558
2015.10.16;00:00:00;2.4267;2.412;2.417;2.413;1714
2015.10.16;04:00:00;2.4282;2.4118;2.4213;2.4172;2030
2015.10.16;08:00:00;2.431;2.3983;2.404;2.4217;2712
2015.10.16;12:00:00;2.4217;2.3992;2.4205;2.4042;3031
2015.10.16;16:00:00;2.4288;2.4198;2.4275;2.4208;451
2015.10.16;20:00:00;2.4308;2.417;2.4178;2.4263;971
2015.10.19;00:00:00;2.4193;2.4072;2.41;2.4175;997
2015.10.19;04:00:00;2.4128;2.3918;2.394;2.4103;1789
2015.10.19;08:00:00;2.4033;2.3775;2.3943;2.3938;2656
2015.10.19;12:00:00;2.4033;2.3838;2.3943;2.394;2584
2015.10.19;16:00:00;2.4008;2.393;2.398;2.3947;433
2015.10.19;20:00:00;2.4025;2.3758;2.3832;2.3975;1388
2015.10.20;00:00:00;2.3958;2.3823;2.3828;2.3847;1353
2015.10.20;04:00:00;2.3932;2.3807;2.3847;2.3825;1469
2015.10.20;08:00:00;2.3867;2.3527;2.358;2.3845;2685
2015.10.20;12:00:00;2.3657;2.3575;2.3633;2.3575;1912
2015.10.20;16:00:00;2.3638;2.3573;2.3605;2.3638;350
2015.10.20;20:00:00;2.3672;2.3595;2.3618;2.3598;1610
2015.10.21;00:00:00;2.3623;2.3467;2.3527;2.3615;1159
2015.10.21;04:00:00;2.3787;2.347;2.3547;2.3525;2368
2015.10.21;08:00:00;2.3698;2.3497;2.369;2.355;2541
2015.10.21;12:00:00;2.3758;2.3562;2.3607;2.3693;2591
2015.10.21;16:00:00;2.3648;2.3555;2.3558;2.3603;384
2015.10.21;20:00:00;2.361;2.3473;2.3482;2.355;969
2015.10.22;00:00:00;2.3553;2.3408;2.3473;2.3478;1431
2015.10.22;04:00:00;2.3547;2.3328;2.3518;2.347;2360
2015.10.22;08:00:00;2.3562;2.3278;2.331;2.351;2704
2015.10.22;12:00:00;2.3583;2.3268;2.3553;2.3307;3008
2015.10.22;16:00:00;2.3558;2.3512;2.3527;2.3547;404
2015.10.22;20:00:00;2.3607;2.351;2.3565;2.3543;1027
2015.10.23;00:00:00;2.3645;2.3543;2.3568;2.3568;1415
2015.10.23;04:00:00;2.3752;2.3558;2.372;2.3573;1560
2015.10.23;08:00:00;2.3992;2.3695;2.3953;2.3715;3764
2015.10.23;12:00:00;2.4008;2.3718;2.3752;2.3955;2714
2015.10.23;16:00:00;2.3793;2.3737;2.3788;2.3758;383
2015.10.23;20:00:00;2.3878;2.3722;2.38;2.3758;1229
2015.10.25;23:00:00;2.3823;2.367;2.3743;2.3798;2269
2015.10.26;00:00:00;2.3973;2.3727;2.3943;2.374;2402
2015.10.26;04:00:00;2.4137;2.3383;2.3455;2.3938;4311
2015.10.26;08:00:00;2.3607;2.3423;2.3478;2.3453;3951
2015.10.26;12:00:00;2.3482;2.3432;2.346;2.348;344
2015.10.26;16:00:00;2.3525;2.3287;2.3435;2.3453;1499
2015.10.26;20:00:00;2.3553;2.3432;2.3525;2.3438;1008
2015.10.27;00:00:00;2.375;2.3443;2.3743;2.3523;2121
2015.10.27;04:00:00;2.3767;2.3512;2.3547;2.3745;2576
2015.10.27;08:00:00;2.3588;2.3467;2.3493;2.3545;2399
2015.10.27;12:00:00;2.3523;2.3475;2.3475;2.3497;225
2015.10.27;16:00:00;2.352;2.3413;2.3443;2.3467;959
2015.10.27;20:00:00;2.3648;2.3378;2.3633;2.3438;1474
2015.10.28;00:00:00;2.3755;2.361;2.3727;2.3638;1771
2015.10.28;04:00:00;2.3725;2.3583;2.3678;2.3725;1902
2015.10.28;08:00:00;2.373;2.3535;2.3583;2.368;2653
2015.10.28;12:00:00;2.3638;2.3577;2.3633;2.3588;364
2015.10.28;16:00:00;2.3648;2.3503;2.3538;2.3625;1195
2015.10.28;20:00:00;2.3583;2.3473;2.3583;2.3535;1203
2015.10.29;00:00:00;2.3592;2.3378;2.3455;2.3588;1919
2015.10.29;04:00:00;2.3565;2.3218;2.3503;2.3453;2707
2015.10.29;08:00:00;2.3683;2.3458;2.3623;2.3508;3302
2015.10.29;12:00:00;2.3642;2.3383;2.3635;2.3625;1823
2015.10.29;16:00:00;2.3605;2.3432;2.3447;2.36;874
2015.10.29;20:00:00;2.3545;2.3443;2.3527;2.3453;861
2015.10.30;00:00:00;2.3553;2.3313;2.334;2.3525;1874
2015.10.30;04:00:00;2.3378;2.3182;2.3352;2.3343;2877
2015.10.30;08:00:00;2.3432;2.3127;2.3147;2.3355;2546
2015.10.30;12:00:00;2.3222;2.3138;2.317;2.315;373
2015.10.30;16:00:00;2.3248;2.3162;2.3242;2.3188;1071
2015.10.30;20:00:00;2.328;2.3215;2.326;2.3238;820
2015.11.02;00:00:00;2.3333;2.31;2.3127;2.3263;1776
2015.11.02;04:00:00;2.3242;2.3053;2.3153;2.3125;2303
2015.11.02;08:00:00;2.3182;2.3062;2.3112;2.3158;2624
2015.11.02;12:00:00;2.3153;2.308;2.312;2.3108;375
2015.11.02;16:00:00;2.3105;2.285;2.3078;2.3017;2056
2015.11.02;20:00:00;2.316;2.3032;2.3108;2.3082;1092
2015.11.03;00:00:00;2.3188;2.3028;2.3097;2.3102;1448
2015.11.03;04:00:00;2.3147;2.2982;2.3058;2.3093;1923
2015.11.03;08:00:00;2.316;2.3002;2.3097;2.3062;1573
2015.11.03;12:00:00;2.3112;2.3062;2.3083;2.31;226
2015.11.03;16:00:00;2.3213;2.3088;2.319;2.309;739
2015.11.03;20:00:00;2.3222;2.3082;2.3093;2.3188;841
2015.11.04;00:00:00;2.3142;2.3038;2.3118;2.3095;1261
2015.11.04;04:00:00;2.3188;2.2963;2.2988;2.312;1763
2015.11.04;08:00:00;2.338;2.2967;2.3322;2.2993;1726
2015.11.04;12:00:00;2.3363;2.3298;2.3313;2.332;291
2015.11.04;16:00:00;2.3373;2.3182;2.3345;2.3275;1479
2015.11.04;20:00:00;2.3398;2.3283;2.3398;2.3343;1189
2015.11.05;00:00:00;2.3475;2.3352;2.3373;2.3395;1228
2015.11.05;04:00:00;2.3583;2.3278;2.3363;2.3378;2765
2015.11.05;08:00:00;2.3413;2.3127;2.3153;2.3358;2571
2015.11.05;12:00:00;2.3203;2.315;2.318;2.3158;310
2015.11.05;16:00:00;2.3278;2.3142;2.3158;2.315;963
2015.11.05;20:00:00;2.3203;2.3008;2.3025;2.3153;1592
2015.11.06;00:00:00;2.3068;2.2685;2.2693;2.3028;2201
2015.11.06;04:00:00;2.2807;2.2573;2.2803;2.2695;3619
2015.11.06;08:00:00;2.2822;2.2477;2.2508;2.2798;2368
2015.11.06;12:00:00;2.2533;2.2468;2.251;2.251;320
2015.11.06;16:00:00;2.2628;2.2498;2.26;2.2498;1445
2015.11.06;20:00:00;2.2668;2.2575;2.2632;2.2602;1523
2015.11.09;00:00:00;2.2643;2.2413;2.2437;2.263;1698
2015.11.09;04:00:00;2.2552;2.2373;2.2403;2.244;4008
2015.11.09;08:00:00;2.2448;2.2318;2.2363;2.24;2029
2015.11.09;12:00:00;2.2468;2.2258;2.2428;2.2312;1584
2015.11.09;16:00:00;2.245;2.229;2.2312;2.2422;1321
2015.11.09;20:00:00;2.2428;2.2268;2.2375;2.231;1555
2015.11.10;00:00:00;2.2463;2.2318;2.2383;2.2373;2311
2015.11.10;04:00:00;2.2398;2.2247;2.2255;2.2377;1539
2015.11.10;08:00:00;2.2268;2.2223;2.2243;2.2258;203
2015.11.10;12:00:00;2.2277;2.2175;2.2213;2.224;1417
2015.11.10;16:00:00;2.2377;2.2072;2.2268;2.2215;2257
2015.11.10;20:00:00;2.2268;2.2075;2.2083;2.2262;1368
2015.11.11;00:00:00;2.2203;2.2022;2.2135;2.2085;2779
2015.11.11;04:00:00;2.2182;2.2057;2.2163;2.2133;1610
2015.11.11;08:00:00;2.2163;2.2137;2.2148;2.2158;180
2015.11.11;12:00:00;2.223;2.2105;2.2158;2.2153;1995
2015.11.11;16:00:00;2.2188;2.1992;2.1992;2.2152;1260
2015.11.11;20:00:00;2.2193;2.1932;2.2063;2.1998;1658
2015.11.12;00:00:00;2.2178;2.2022;2.2102;2.2053;1701
2015.11.12;04:00:00;2.2217;2.2093;2.2117;2.2108;1477
2015.11.12;08:00:00;2.2133;2.2087;2.212;2.2123;267
2015.11.12;12:00:00;2.2197;2.2083;2.213;2.2098;997
2015.11.12;16:00:00;2.2213;2.2087;2.2155;2.2133;1095
2015.11.12;20:00:00;2.2223;2.1895;2.1912;2.2158;1601
2015.11.13;00:00:00;2.1938;2.1548;2.1773;2.1915;4341
2015.11.13;04:00:00;2.183;2.1598;2.171;2.1767;2411
2015.11.13;08:00:00;2.1708;2.1592;2.1615;2.1708;353
2015.11.13;12:00:00;2.1668;2.1583;2.16;2.1633;963
2015.11.13;16:00:00;2.1618;2.1473;2.1503;2.1598;1477
2015.11.13;20:00:00;2.1678;2.1505;2.1603;2.1508;1145
2015.11.16;00:00:00;2.1652;2.1527;2.1553;2.1595;2539
2015.11.16;04:00:00;2.1672;2.1527;2.1603;2.1545;1621
2015.11.16;08:00:00;2.1622;2.1572;2.1585;2.1598;346
2015.11.16;12:00:00;2.175;2.1483;2.165;2.1628;1052
2015.11.16;16:00:00;2.1672;2.1503;2.1515;2.1648;720
2015.11.16;20:00:00;2.1585;2.1412;2.1468;2.152;819
2015.11.17;00:00:00;2.159;2.118;2.1193;2.147;1642
2015.11.17;04:00:00;2.127;2.112;2.1218;2.1185;1782
2015.11.17;08:00:00;2.1302;2.1207;2.1258;2.122;208
2015.11.17;12:00:00;2.129;2.0765;2.0772;2.129;1623
2015.11.17;16:00:00;2.0978;2.071;2.092;2.0768;2155
2015.11.17;20:00:00;2.1157;2.089;2.1127;2.0915;1193
2015.11.18;00:00:00;2.132;2.1027;2.1215;2.113;1791
2015.11.18;04:00:00;2.123;2.1043;2.1068;2.122;1238
2015.11.18;08:00:00;2.1073;2.097;2.0975;2.1062;236
2015.11.18;12:00:00;2.1035;2.0798;2.0805;2.098;970
2015.11.18;16:00:00;2.1;2.0698;2.0932;2.0808;1307
2015.11.18;20:00:00;2.1055;2.0835;2.1038;2.0935;881
2015.11.19;00:00:00;2.105;2.0748;2.0908;2.104;1554
2015.11.19;04:00:00;2.0955;2.0748;2.0775;2.0905;1212
2015.11.19;08:00:00;2.0807;2.0738;2.0738;2.0765;404
2015.11.19;12:00:00;2.09;2.0722;2.0798;2.0728;800
2015.11.19;16:00:00;2.0863;2.0612;2.086;2.0795;1662
2015.11.19;20:00:00;2.0865;2.0733;2.0795;2.0858;803
2015.11.20;00:00:00;2.0858;2.063;2.0787;2.079;1619
2015.11.20;04:00:00;2.088;2.074;2.0757;2.0785;1271
2015.11.20;08:00:00;2.076;2.072;2.0757;2.075;234
2015.11.20;12:00:00;2.0873;2.0665;2.0735;2.0745;1304
2015.11.20;16:00:00;2.1027;2.07;2.0888;2.0738;1409
2015.11.20;20:00:00;2.105;2.0785;2.1005;2.0895;1279
2015.11.23;00:00:00;2.102;2.0865;2.0925;2.1;1912
2015.11.23;04:00:00;2.0935;2.0502;2.0515;2.093;1827
2015.11.23;08:00:00;2.054;2.0318;2.039;2.0513;319
2015.11.23;12:00:00;2.0532;2.0065;2.0107;2.036;1940
2015.11.23;16:00:00;2.0203;1.9998;2.0085;2.0105;1765
2015.11.23;20:00:00;2.0205;2.0057;2.011;2.0082;921
2015.11.24;00:00:00;2.026;2.0022;2.008;2.0105;2339
2015.11.24;04:00:00;2.0242;2.0057;2.009;2.0078;1229
2015.11.24;08:00:00;2.0145;1.9985;2.0145;2.0093;315
2015.11.24;12:00:00;2.037;2.0065;2.01;2.0168;1399
2015.11.24;16:00:00;2.0413;2.008;2.029;2.0097;1835
2015.11.24;20:00:00;2.0357;2.0233;2.0273;2.0298;940
2015.11.25;00:00:00;2.0795;2.0212;2.0665;2.0268;2560
2015.11.25;04:00:00;2.0793;2.0517;2.0768;2.0673;2050
2015.11.25;08:00:00;2.0765;2.0633;2.064;2.0765;283
2015.11.25;12:00:00;2.0707;2.0595;2.067;2.0623;1314
2015.11.25;16:00:00;2.0727;2.048;2.0647;2.0665;1569
2015.11.25;20:00:00;2.0705;2.0413;2.0413;2.0642;1184
2015.11.26;00:00:00;2.0523;2.0355;2.0452;2.0418;1960
2015.11.26;04:00:00;2.0618;2.0422;2.0437;2.0455;1728
2015.11.26;08:00:00;2.0488;2.0443;2.048;2.0443;198
2015.11.26;12:00:00;2.0865;2.0425;2.0757;2.0458;1832
2015.11.26;16:00:00;2.1298;2.0745;2.0873;2.076;2937
2015.11.26;20:00:00;2.1098;2.0863;2.093;2.0893;1252
2015.11.27;00:00:00;2.0985;2.0725;2.0855;2.0928;1783
2015.11.27;04:00:00;2.0925;2.0787;2.089;2.0852;1008
2015.11.27;08:00:00;2.109;2.0738;2.085;2.0875;1824
2015.11.27;12:00:00;2.0928;2.0748;2.0878;2.0848;1783
2015.11.27;16:00:00;2.0883;2.0757;2.0818;2.0883;1147
2015.11.27;20:00:00;2.0848;2.0608;2.0698;2.0813;1809
2015.11.30;00:00:00;2.0707;2.0508;2.059;2.0692;1116
2015.11.30;04:00:00;2.078;2.039;2.0448;2.078;1762
2015.11.30;08:00:00;2.065;2.0363;2.0538;2.045;1962
2015.11.30;12:00:00;2.0668;2.0478;2.062;2.057;1261
2015.11.30;16:00:00;2.0733;2.0568;2.0642;2.0618;1952
2015.11.30;20:00:00;2.0688;2.0433;2.0515;2.064;1191
2015.12.01;00:00:00;2.0517;2.0413;2.0418;2.0513;196
2015.12.01;04:00:00;2.079;2.04;2.069;2.0443;1650
2015.12.01;08:00:00;2.0718;2.0623;2.0698;2.0688;1458
2015.12.01;12:00:00;2.0733;2.0517;2.0713;2.0703;1279
2015.12.01;16:00:00;2.0742;2.0588;2.0692;2.071;1708
2015.12.01;20:00:00;2.0815;2.0668;2.0692;2.0695;1397
2015.12.02;00:00:00;2.0742;2.0682;2.0682;2.0695;210
2015.12.02;04:00:00;2.0843;2.0625;2.0653;2.0703;1114
2015.12.02;08:00:00;2.0688;2.0602;2.0612;2.065;1395
2015.12.02;12:00:00;2.071;2.052;2.0627;2.061;990
2015.12.02;16:00:00;2.067;2.0482;2.0653;2.0633;1778
2015.12.02;20:00:00;2.0682;2.0258;2.0418;2.0647;1622
2015.12.03;00:00:00;2.0445;2.0383;2.0408;2.0425;251
2015.12.03;04:00:00;2.047;2.0318;2.0393;2.0422;1224
2015.12.03;08:00:00;2.0418;2.0248;2.0255;2.0395;1647
2015.12.03;12:00:00;2.032;2.0218;2.0303;2.0253;872
2015.12.03;16:00:00;2.0562;2.0227;2.0383;2.029;2465
2015.12.03;20:00:00;2.0597;2.0307;2.0528;2.0385;1591
2015.12.04;00:00:00;2.0573;2.0493;2.0538;2.0523;463
2015.12.04;04:00:00;2.0595;2.0378;2.0452;2.0532;1159
2015.12.04;08:00:00;2.0558;2.0433;2.0513;2.0448;1179
2015.12.04;12:00:00;2.0917;2.0458;2.0793;2.051;1188
2015.12.04;16:00:00;2.088;2.0568;2.0727;2.08;2722
2015.12.04;20:00:00;2.0807;2.0692;2.0733;2.0722;1687
2015.12.07;00:00:00;2.0772;2.0727;2.0728;2.0727;139
2015.12.07;04:00:00;2.0902;2.0682;2.0843;2.0742;1187
2015.12.07;08:00:00;2.0858;2.0818;2.0858;2.084;709
2015.12.07;12:00:00;2.0858;2.0653;2.0715;2.0855;940
2015.12.07;16:00:00;2.0733;2.0582;2.0602;2.072;1541
2015.12.07;20:00:00;2.0612;2.0393;2.045;2.0597;1471
2015.12.08;00:00:00;2.0458;2.0405;2.0418;2.0452;255
2015.12.08;04:00:00;2.0502;2.0398;2.0465;2.0402;969
2015.12.08;08:00:00;2.0478;2.039;2.043;2.0467;748
2015.12.08;12:00:00;2.0532;2.0428;2.0452;2.0428;918
2015.12.08;16:00:00;2.07;2.032;2.0618;2.0448;2415
2015.12.08;20:00:00;2.0688;2.0473;2.0553;2.0612;1678
2015.12.09;00:00:00;2.0578;2.0513;2.053;2.0558;293
2015.12.09;04:00:00;2.0682;2.0538;2.062;2.0545;631
2015.12.09;08:00:00;2.0662;2.0588;2.0662;2.0618;891
2015.12.09;12:00:00;2.0867;2.0612;2.07;2.0665;1122
2015.12.09;16:00:00;2.0908;2.0692;2.0837;2.0698;1932
2015.12.09;20:00:00;2.0867;2.0558;2.0653;2.0835;1588
2015.12.10;00:00:00;2.0658;2.0595;2.0608;2.0647;234
2015.12.10;04:00:00;2.0722;2.0597;2.0685;2.0618;756
2015.12.10;08:00:00;2.0703;2.0573;2.058;2.0682;875
2015.12.10;12:00:00;2.0727;2.0568;2.0618;2.0582;811
2015.12.10;16:00:00;2.0668;2.052;2.0633;2.0612;1766
2015.12.10;20:00:00;2.0707;2.0608;2.0662;2.0638;1173
2015.12.11;00:00:00;2.0673;2.0602;2.0612;2.066;165
2015.12.11;04:00:00;2.0653;2.0593;2.0623;2.0633;571
2015.12.11;08:00:00;2.1107;2.0618;2.1103;2.0625;1278
2015.12.11;12:00:00;2.1153;2.1038;2.1038;2.1098;1114
2015.12.11;16:00:00;2.122;2.0997;2.1107;2.1043;1883
2015.12.11;20:00:00;2.1332;2.104;2.1053;2.111;1694
2015.12.14;00:00:00;2.1118;2.1003;2.108;2.1058;256
2015.12.14;04:00:00;2.1227;2.102;2.1203;2.1092;1219
2015.12.14;08:00:00;2.1218;2.1083;2.113;2.1205;1129
2015.12.14;12:00:00;2.1127;2.0898;2.1018;2.1125;962
2015.12.14;16:00:00;2.1103;2.0873;2.1033;2.1015;2057
2015.12.14;20:00:00;2.1092;2.0982;2.1077;2.1027;1606
2015.12.15;00:00:00;2.1123;2.0975;2.1015;2.108;356
2015.12.15;04:00:00;2.113;2.0943;2.0945;2.1027;817
2015.12.15;08:00:00;2.0978;2.0815;2.0818;2.0943;1103
2015.12.15;12:00:00;2.0885;2.0742;2.0803;2.082;1022
2015.12.15;16:00:00;2.0807;2.0568;2.0588;2.0798;1781
2015.12.15;20:00:00;2.059;2.0443;2.0528;2.0582;1075
