DATE;TIME;HIGH;LOW;CLOSE;OPEN;VOLUME
2015.07.02;08:00:00;20308;20248;20293;20268;299
2015.07.02;12:00:00;20490;20278;20490;20288;1013
2015.07.02;16:00:00;20610;20480;20515;20495;1925
2015.07.02;20:00:00;20585;20500;20505;20518;1975
2015.07.03;00:00:00;20555;20465;20545;20503;930
2015.07.03;04:00:00;20593;20500;20578;20550;328
2015.07.03;08:00:00;20583;20508;20548;20573;298
2015.07.03;12:00:00;20565;20473;20540;20553;783
2015.07.03;16:00:00;20545;20490;20510;20543;806
2015.07.03;20:00:00;20508;20445;20460;20505;1562
2015.07.06;00:00:00;20505;20445;20495;20458;637
2015.07.06;04:00:00;20510;20433;20458;20490;377
2015.07.06;08:00:00;20533;20428;20513;20453;390
2015.07.06;12:00:00;20560;20485;20510;20518;734
2015.07.06;16:00:00;20530;20458;20470;20505;624
2015.07.06;20:00:00;20485;20440;20450;20468;623
2015.07.07;00:00:00;20303;20130;20233;20140;567
2015.07.07;04:00:00;20243;19998;20108;20235;880
2015.07.07;08:00:00;20288;20085;20265;20105;2090
2015.07.07;12:00:00;20275;20175;20243;20270;1796
2015.07.07;16:00:00;20365;20225;20235;20245;2120
2015.07.07;20:00:00;20300;20180;20280;20230;792
2015.07.08;00:00:00;20423;20265;20398;20275;351
2015.07.08;04:00:00;20403;20358;20378;20393;311
2015.07.08;08:00:00;20450;20358;20380;20373;1067
2015.07.08;12:00:00;20395;20295;20325;20383;1353
2015.07.08;16:00:00;20320;20080;20230;20320;3976
2015.07.08;20:00:00;20438;20185;20418;20235;2089
2015.07.09;00:00:00;20421;20153;20168;20420;472
2015.07.09;04:00:00;20163;19768;19813;20158;1258
2015.07.09;08:00:00;19883;19440;19600;19818;3207
2015.07.09;12:00:00;19695;19500;19665;19603;2579
2015.07.09;16:00:00;19670;19355;19415;19670;3943
2015.07.09;20:00:00;19440;19205;19293;19420;2332
2015.07.10;00:00:00;19385;19098;19213;19290;968
2015.07.10;04:00:00;19688;19203;19553;19218;2250
2015.07.10;08:00:00;19890;19548;19830;19558;1812
2015.07.10;12:00:00;19855;19775;19840;19828;1387
2015.07.10;16:00:00;19840;19670;19715;19835;2519
2015.07.10;20:00:00;19718;19625;19648;19718;1775
2015.07.13;00:00:00;19923;19623;19758;19650;1370
2015.07.13;04:00:00;19973;19748;19820;19763;1198
2015.07.13;08:00:00;19935;19718;19853;19818;1767
2015.07.13;12:00:00;20020;19840;20015;19850;1390
2015.07.13;16:00:00;20080;19990;20053;20010;2384
2015.07.13;20:00:00;20130;19990;20095;20055;775
2015.07.14;00:00:00;20043;19908;20008;19968;835
2015.07.14;04:00:00;20123;19978;20088;20013;872
2015.07.14;08:00:00;20353;20060;20330;20085;2309
2015.07.14;12:00:00;20355;20268;20330;20325;1215
2015.07.14;16:00:00;20365;20308;20325;20335;1293
2015.07.14;20:00:00;20385;20328;20365;20328;250
2015.07.15;00:00:00;20433;20333;20403;20363;321
2015.07.15;04:00:00;20423;20338;20413;20408;387
2015.07.15;08:00:00;20423;20315;20405;20408;731
2015.07.15;12:00:00;20415;20350;20360;20410;680
2015.07.15;16:00:00;20488;20360;20475;20363;1453
2015.07.15;20:00:00;20515;20465;20500;20470;344
2015.07.16;00:00:00;20503;20428;20443;20499;279
2015.07.16;04:00:00;20478;20393;20448;20438;466
2015.07.16;08:00:00;20498;20423;20470;20443;610
2015.07.16;12:00:00;20518;20460;20505;20473;659
2015.07.16;16:00:00;20610;20505;20585;20508;1187
2015.07.16;20:00:00;20600;20460;20530;20580;922
2015.07.17;00:00:00;20630;20518;20563;20525;433
2015.07.17;04:00:00;20573;20513;20548;20558;440
2015.07.17;08:00:00;20635;20540;20630;20543;777
2015.07.17;12:00:00;20685;20613;20685;20625;518
2015.07.17;16:00:00;20690;20635;20645;20680;1055
2015.07.17;20:00:00;20680;20635;20663;20643;333
2015.07.20;00:00:00;20668;20598;20618;20660;266
2015.07.20;04:00:00;20648;20618;20623;20623;174
2015.07.20;08:00:00;20675;20610;20640;20628;486
2015.07.20;12:00:00;20715;20635;20695;20645;579
2015.07.20;16:00:00;20715;20650;20695;20698;1458
2015.07.20;20:00:00;20710;20690;20700;20700;271
2015.07.21;00:00:00;20728;20678;20678;20698;189
2015.07.21;04:00:00;20733;20668;20728;20683;76
2015.07.21;08:00:00;20780;20700;20765;20725;230
2015.07.21;12:00:00;20770;20725;20760;20768;405
2015.07.21;16:00:00;20805;20730;20780;20765;613
2015.07.21;20:00:00;20805;20760;20768;20783;205
2015.07.22;00:00:00;20770;20723;20733;20765;233
2015.07.22;04:00:00;20770;20708;20768;20728;202
2015.07.22;08:00:00;20843;20768;20785;20773;501
2015.07.22;12:00:00;20793;20745;20760;20790;325
2015.07.22;16:00:00;20765;20610;20618;20755;1087
2015.07.22;20:00:00;20715;20595;20625;20615;755
2015.07.23;00:00:00;20668;20603;20618;20620;368
2015.07.23;04:00:00;20648;20568;20618;20613;322
2015.07.23;08:00:00;20623;20530;20600;20613;679
2015.07.23;12:00:00;20600;20520;20530;20598;567
2015.07.23;16:00:00;20670;20530;20645;20533;1289
2015.07.23;20:00:00;20650;20590;20635;20650;350
2015.07.24;00:00:00;20693;20620;20653;20640;271
2015.07.24;04:00:00;20678;20648;20673;20648;169
2015.07.24;08:00:00;20678;20580;20615;20678;593
2015.07.24;12:00:00;20655;20585;20645;20610;667
2015.07.24;16:00:00;20665;20555;20570;20640;1317
2015.07.24;20:00:00;20595;20505;20585;20565;882
2015.07.27;00:00:00;20623;20570;20593;20580;279
2015.07.27;04:00:00;20603;20518;20553;20588;268
2015.07.27;08:00:00;20585;20515;20565;20548;560
2015.07.27;12:00:00;20570;20520;20528;20568;520
2015.07.27;16:00:00;20560;20410;20410;20530;1248
2015.07.27;20:00:00;20415;20330;20370;20405;848
2015.07.28;00:00:00;20483;20313;20438;20360;551
2015.07.28;04:00:00;20443;20268;20338;20443;515
2015.07.28;08:00:00;20370;20170;20185;20343;1387
2015.07.28;12:00:00;20210;20040;20113;20180;1535
2015.07.28;16:00:00;20190;20050;20120;20110;1768
2015.07.28;20:00:00;20165;20070;20150;20115;596
2015.07.29;00:00:00;20170;20088;20098;20155;411
2015.07.29;04:00:00;20398;20058;20368;20103;933
2015.07.29;08:00:00;20418;20255;20340;20373;1209
2015.07.29;12:00:00;20380;20315;20335;20335;855
2015.07.29;16:00:00;20335;20180;20330;20333;2069
2015.07.29;20:00:00;20365;20315;20330;20325;616
2015.07.30;00:00:00;20365;20228;20238;20335;370
2015.07.30;04:00:00;20313;20193;20283;20243;518
2015.07.30;08:00:00;20385;20258;20330;20288;954
2015.07.30;12:00:00;20345;20270;20275;20333;844
2015.07.30;16:00:00;20400;20278;20380;20280;1388
2015.07.30;20:00:00;20515;20360;20440;20375;802
2015.07.31;00:00:00;20533;20425;20508;20438;355
2015.07.31;04:00:00;20578;20493;20523;20513;368
2015.07.31;08:00:00;20563;20478;20530;20520;893
2015.07.31;12:00:00;20555;20505;20520;20528;1034
2015.07.31;16:00:00;20553;20455;20550;20518;1838
2015.07.31;20:00:00;20560;20515;20535;20555;654
2015.08.03;00:00:00;20545;20458;20513;20534;308
2015.08.03;04:00:00;20548;20498;20533;20508;443
2015.08.03;08:00:00;20590;20518;20565;20538;1056
2015.08.03;12:00:00;20570;20525;20555;20563;1031
2015.08.03;16:00:00;20570;20485;20560;20553;1831
2015.08.03;20:00:00;20595;20505;20575;20558;582
2015.08.04;00:00:00;20565;20378;20438;20553;517
2015.08.04;04:00:00;20548;20428;20533;20443;357
2015.08.04;08:00:00;20550;20470;20490;20525;1149
2015.08.04;12:00:00;20530;20470;20510;20488;765
2015.08.04;16:00:00;20530;20410;20440;20505;1126
2015.08.04;20:00:00;20510;20415;20490;20435;531
2015.08.05;00:00:00;20538;20420;20513;20491;303
2015.08.05;04:00:00;20533;20448;20463;20518;318
2015.08.05;08:00:00;20508;20405;20450;20458;840
2015.08.05;12:00:00;20480;20410;20440;20445;845
2015.08.05;16:00:00;20480;20415;20450;20445;1338
2015.08.05;20:00:00;20555;20445;20520;20445;457
2015.08.06;00:00:00;20523;20463;20478;20519;330
2015.08.06;04:00:00;20708;20473;20633;20483;496
2015.08.06;08:00:00;20663;20585;20640;20628;583
2015.08.06;12:00:00;20720;20625;20700;20645;826
2015.08.06;16:00:00;20815;20700;20785;20703;1494
2015.08.06;20:00:00;20790;20740;20748;20780;628
2015.08.07;00:00:00;20783;20732;20768;20745;294
2015.08.07;04:00:00;20798;20718;20743;20773;345
2015.08.07;08:00:00;20753;20645;20675;20738;616
2015.08.07;12:00:00;20705;20650;20700;20680;648
2015.08.07;16:00:00;20705;20565;20590;20705;1395
2015.08.07;20:00:00;20650;20585;20635;20585;673
2015.08.10;00:00:00;20640;20558;20568;20633;335
2015.08.10;04:00:00;20733;20568;20728;20573;402
2015.08.10;08:00:00;20738;20635;20700;20723;775
2015.08.10;12:00:00;20735;20655;20735;20698;893
2015.08.10;16:00:00;20735;20570;20603;20733;2109
2015.08.10;20:00:00;20645;20560;20625;20600;549
2015.08.11;00:00:00;20688;20590;20668;20633;351
2015.08.11;04:00:00;20798;20668;20788;20673;300
2015.08.11;08:00:00;20800;20730;20785;20780;1123
2015.08.11;12:00:00;20860;20775;20850;20780;840
2015.08.11;16:00:00;20890;20850;20880;20855;885
2015.08.11;20:00:00;20900;20870;20893;20875;243
2015.08.12;00:00:00;20928;20883;20898;20890;318
2015.08.12;04:00:00;20928;20553;20658;20893;953
2015.08.12;08:00:00;20735;20618;20625;20653;945
2015.08.12;12:00:00;20650;20575;20583;20628;1192
2015.08.12;16:00:00;20625;20535;20585;20580;2605
2015.08.12;20:00:00;20635;20560;20635;20580;873
2015.08.13;00:00:00;20673;20590;20643;20637;324
2015.08.13;04:00:00;20688;20278;20318;20638;1206
2015.08.13;08:00:00;20423;20195;20210;20323;1623
2015.08.13;12:00:00;20270;20155;20218;20215;1627
2015.08.13;16:00:00;20235;20035;20145;20215;2586
2015.08.13;20:00:00;20375;20145;20365;20150;1066
2015.08.14;00:00:00;20463;20330;20453;20368;504
2015.08.14;04:00:00;20583;20283;20583;20458;1309
2015.08.14;08:00:00;20655;20548;20630;20588;1168
2015.08.14;12:00:00;20630;20560;20560;20628;870
2015.08.14;16:00:00;20610;20500;20600;20558;2361
2015.08.14;20:00:00;20640;20540;20575;20605;786
2015.08.17;00:00:00;20573;20463;20513;20573;345
2015.08.17;04:00:00;20593;20473;20508;20508;438
2015.08.17;08:00:00;20565;20488;20505;20513;857
2015.08.17;12:00:00;20520;20465;20510;20510;1091
2015.08.17;16:00:00;20555;20495;20545;20513;1605
2015.08.17;20:00:00;20605;20525;20585;20540;462
2015.08.18;00:00:00;20663;20560;20608;20563;367
2015.08.18;04:00:00;20613;20523;20608;20613;407
2015.08.18;08:00:00;20670;20570;20625;20605;1149
2015.08.18;12:00:00;20620;20525;20550;20620;1428
2015.08.18;16:00:00;20650;20545;20630;20545;1299
2015.08.18;20:00:00;20665;20630;20645;20635;328
2015.08.19;00:00:00;20665;20608;20628;20650;258
2015.08.19;04:00:00;20653;20538;20598;20623;367
2015.08.19;08:00:00;20603;20450;20490;20603;1134
2015.08.19;12:00:00;20515;20430;20495;20495;1304
2015.08.19;16:00:00;20520;20460;20485;20500;1802
2015.08.19;20:00:00;20498;20440;20460;20480;648
2015.08.20;00:00:00;20513;20438;20488;20455;273
2015.08.20;04:00:00;20498;20238;20288;20493;748
2015.08.20;08:00:00;20288;20160;20225;20283;1475
2015.08.20;12:00:00;20335;20220;20290;20223;1249
2015.08.20;16:00:00;20300;20160;20190;20295;2668
2015.08.20;20:00:00;20270;20060;20070;20193;2249
2015.08.21;00:00:00;20190;20025;20118;20065;501
2015.08.21;04:00:00;20238;20058;20083;20113;858
2015.08.21;08:00:00;20108;19858;19905;20078;1933
2015.08.21;12:00:00;19955;19855;19910;19903;2047
2015.08.21;16:00:00;19925;19710;19725;19915;3397
2015.08.21;20:00:00;19755;19575;19595;19720;1905
2015.08.24;00:00:00;19698;19580;19668;19590;656
2015.08.24;04:00:00;19668;19483;19508;19663;1548
2015.08.24;08:00:00;19600;19405;19595;19503;1860
2015.08.24;12:00:00;19645;19420;19455;19590;2037
2015.08.24;16:00:00;19480;19015;19020;19460;4938
2015.08.24;20:00:00;19115;18900;18945;19015;3810
2015.08.25;00:00:00;19088;18805;18933;18873;2286
2015.08.25;04:00:00;18930;18480;18568;18930;3833
2015.08.25;08:00:00;18563;18130;18210;18563;4604
2015.08.25;12:00:00;18228;17150;17503;18213;9294
2015.08.25;16:00:00;18340;17480;18145;17505;13766
2015.08.25;20:00:00;18178;17720;17803;18150;6184
2015.08.26;00:00:00;18135;17728;18053;17815;2482
2015.08.26;04:00:00;18840;17968;18373;18055;4977
2015.08.26;08:00:00;18508;17640;18095;18388;7595
2015.08.26;12:00:00;18535;18010;18420;18090;8316
2015.08.26;16:00:00;18510;18203;18215;18418;9630
2015.08.26;20:00:00;18215;17685;17733;18210;6409
2015.08.27;00:00:00;17993;17633;17883;17735;3067
2015.08.27;04:00:00;18303;17663;18248;17878;4642
2015.08.27;08:00:00;18505;18155;18350;18250;5918
2015.08.27;12:00:00;18570;18290;18530;18348;4835
2015.08.27;16:00:00;18555;18115;18265;18535;10027
2015.08.27;20:00:00;18775;18230;18688;18270;6578
2015.08.28;00:00:00;18793;18593;18683;18690;1577
2015.08.28;04:00:00;18798;18473;18498;18680;2723
2015.08.28;08:00:00;18820;18483;18800;18500;3573
2015.08.28;12:00:00;18830;18720;18800;18805;2884
2015.08.28;16:00:00;19055;18745;19050;18805;5339
2015.08.28;20:00:00;19060;18780;19010;19055;5587
2015.08.31;00:00:00;19055;18938;19023;19013;926
2015.08.31;04:00:00;19193;18968;19138;19018;1536
2015.08.31;08:00:00;19190;18980;19010;19143;3078
2015.08.31;12:00:00;19105;18955;19030;19015;3257
2015.08.31;16:00:00;19185;18998;19175;19033;4178
2015.08.31;20:00:00;19185;19083;19160;19180;3090
2015.09.01;00:00:00;19155;18853;18933;19155;1831
2015.09.01;04:00:00;18963;18743;18858;18928;1716
2015.09.01;08:00:00;18950;18810;18890;18855;1848
2015.09.01;12:00:00;18955;18815;18835;18895;2130
2015.09.01;16:00:00;18950;18810;18855;18830;3787
2015.09.01;20:00:00;18880;18765;18790;18858;1578
2015.09.02;00:00:00;18820;18558;18608;18795;1088
2015.09.02;04:00:00;18688;18403;18443;18623;2381
2015.09.02;08:00:00;18463;17790;17845;18448;4978
2015.09.02;12:00:00;18085;17760;17765;17848;5590
2015.09.02;16:00:00;18070;17760;17828;17763;7934
2015.09.02;20:00:00;17910;17725;17763;17825;5625
2015.09.03;00:00:00;18313;17740;18283;17765;1816
2015.09.03;04:00:00;18468;18148;18353;18288;3017
2015.09.03;08:00:00;18413;17980;18055;18355;4407
2015.09.03;12:00:00;18260;18025;18255;18053;4287
2015.09.03;16:00:00;18310;18025;18185;18260;6082
2015.09.03;20:00:00;18325;18140;18300;18188;3375
2015.09.04;00:00:00;18473;18285;18413;18295;1078
2015.09.04;04:00:00;18418;18238;18338;18418;1436
2015.09.04;08:00:00;18333;18163;18273;18333;1996
2015.09.04;12:00:00;18320;18215;18275;18275;2794
2015.09.04;16:00:00;18400;18185;18290;18278;4746
2015.09.04;20:00:00;18315;18183;18208;18285;3779
2015.09.07;00:00:00;18295;17968;17978;18205;1036
2015.09.07;04:00:00;18105;17585;17738;17975;2774
2015.09.07;08:00:00;17880;17590;17635;17743;4331
2015.09.07;12:00:00;17775;17510;17580;17633;4596
2015.09.07;16:00:00;17730;17515;17550;17575;6458
2015.09.07;20:00:00;17660;17495;17623;17555;3092
2015.09.08;00:00:00;17913;17368;17763;17498;2452
2015.09.08;04:00:00;17878;17578;17743;17758;2795
2015.09.08;08:00:00;17855;17690;17728;17745;2454
2015.09.08;12:00:00;17775;17695;17735;17730;1364
2015.09.08;16:00:00;17755;17725;17738;17733;387
2015.09.08;20:00:00;17870;17680;17723;17788;743
2015.09.09;00:00:00;17778;17408;17458;17718;2474
2015.09.09;04:00:00;17823;17275;17770;17463;3726
2015.09.09;08:00:00;17905;17755;17825;17773;2693
2015.09.09;12:00:00;17900;17785;17860;17820;3482
2015.09.09;16:00:00;17960;17845;17900;17858;1578
2015.09.09;20:00:00;18128;17875;18118;17895;967
2015.09.10;00:00:00;18343;18073;18313;18123;2076
2015.09.10;04:00:00;18643;18278;18480;18315;3174
2015.09.10;08:00:00;18565;18440;18560;18483;2044
2015.09.10;12:00:00;18595;18365;18460;18555;4426
2015.09.10;16:00:00;18493;18070;18085;18465;3077
2015.09.10;20:00:00;18173;17950;18053;18088;1511
2015.09.11;00:00:00;18198;17848;18035;18048;2792
2015.09.11;04:00:00;18235;17983;18145;18038;3913
2015.09.11;08:00:00;18275;18010;18045;18143;4184
2015.09.11;12:00:00;18130;17995;18070;18050;5401
2015.09.11;16:00:00;18150;17990;18100;18065;2464
2015.09.11;20:00:00;18223;17935;18088;18105;1410
2015.09.14;00:00:00;18218;18063;18183;18098;1720
2015.09.14;04:00:00;18198;17975;17985;18180;3003
2015.09.14;08:00:00;18030;17950;17960;17990;2314
2015.09.14;12:00:00;18045;17890;18033;17965;4085
2015.09.14;16:00:00;18080;17960;18078;18035;1645
2015.09.14;20:00:00;18265;18028;18080;18077;2162
2015.09.15;00:00:00;18088;17785;17853;18083;2092
2015.09.15;04:00:00;17918;17800;17845;17850;2903
2015.09.15;08:00:00;17885;17780;17785;17850;2828
2015.09.15;12:00:00;17865;17743;17860;17783;3732
2015.09.15;16:00:00;17870;17800;17843;17855;671
2015.09.15;20:00:00;18203;17835;18183;17835;1112
2015.09.16;00:00:00;18190;17860;17943;18178;2382
2015.09.16;04:00:00;18018;17710;17745;17938;2822
2015.09.16;08:00:00;17855;17695;17848;17743;2406
2015.09.16;12:00:00;18020;17825;18015;17850;4623
2015.09.16;16:00:00;18155;18010;18120;18020;1322
2015.09.16;20:00:00;18155;18033;18123;18118;877
2015.09.17;00:00:00;18178;17973;18023;18125;1876
2015.09.17;04:00:00;18230;17973;18165;18018;2360
2015.09.17;08:00:00;18230;18135;18200;18160;2375
2015.09.17;12:00:00;18365;18195;18360;18198;4092
2015.09.17;16:00:00;18360;18255;18345;18355;1323
2015.09.17;20:00:00;18355;18238;18283;18343;737
2015.09.18;00:00:00;18313;18173;18278;18280;1104
2015.09.18;04:00:00;18348;18250;18280;18283;1900
2015.09.18;08:00:00;18345;18273;18315;18285;1193
2015.09.18;12:00:00;18345;18270;18335;18310;2620
2015.09.18;16:00:00;18540;18128;18173;18330;5969
2015.09.18;20:00:00;18235;17933;18003;18170;1193
2015.09.21;00:00:00;18100;17958;18043;18008;1720
2015.09.21;04:00:00;18053;17900;17918;18048;2956
2015.09.21;08:00:00;17930;17695;17700;17915;4032
2015.09.21;12:00:00;17860;17645;17765;17695;6181
2015.09.21;16:00:00;17795;17685;17750;17763;2505
2015.09.21;20:00:00;17820;17663;17698;17773;778
2015.09.22;00:00:00;17770;17643;17755;17708;625
2015.09.22;04:00:00;17910;17715;17870;17753;1798
2015.09.22;08:00:00;18000;17840;17883;17873;1982
2015.09.22;12:00:00;17970;17750;17865;17880;4023
2015.09.22;16:00:00;17955;17850;17943;17860;1872
2015.09.22;20:00:00;17998;17931;17953;17935;242
2015.09.23;00:00:00;17983;17893;17948;17960;399
2015.09.23;04:00:00;17985;17635;17675;17943;1994
2015.09.23;08:00:00;17675;17460;17475;17670;2465
2015.09.23;12:00:00;17620;17405;17405;17480;4131
2015.09.23;16:00:00;17590;17400;17548;17410;2489
2015.09.23;20:00:00;17548;17480;17533;17545;378
2015.09.24;00:00:00;17553;17328;17393;17543;633
2015.09.24;04:00:00;17720;17358;17695;17388;1716
2015.09.24;08:00:00;17698;17580;17615;17693;1729
2015.09.24;12:00:00;17645;17430;17510;17620;3591
2015.09.24;16:00:00;17605;17510;17598;17513;2085
2015.09.24;20:00:00;17698;17530;17580;17595;1013
2015.09.25;00:00:00;17658;17493;17553;17578;1794
2015.09.25;04:00:00;17588;17430;17540;17550;3636
2015.09.25;08:00:00;17565;17215;17265;17543;5630
2015.09.25;12:00:00;17325;17055;17205;17268;6057
2015.09.25;16:00:00;17455;17140;17413;17208;2739
2015.09.25;20:00:00;17690;17383;17548;17410;1626
2015.09.28;00:00:00;17660;17353;17653;17550;2512
2015.09.28;04:00:00;18010;17628;17990;17648;3652
2015.09.28;08:00:00;18005;17905;17975;17993;3775
2015.09.28;12:00:00;17980;17845;17900;17978;4424
2015.09.28;16:00:00;17975;17645;17760;17905;2890
2015.09.28;20:00:00;17840;17583;17683;17745;1751
2015.09.29;00:00:00;17718;17543;17668;17688;1636
2015.09.29;04:00:00;17755;17560;17590;17680;4150
2015.09.29;08:00:00;17625;17500;17508;17593;4212
2015.09.29;12:00:00;17515;17300;17333;17505;5783
2015.09.29;16:00:00;17385;17265;17360;17330;2004
2015.09.29;20:00:00;17390;17128;17138;17358;1205
2015.09.30;00:00:00;17158;16943;16945;17143;2212
2015.09.30;04:00:00;17210;16888;17180;16943;4554
2015.09.30;08:00:00;17205;17105;17205;17183;3276
2015.09.30;12:00:00;17255;17055;17090;17208;6912
2015.09.30;16:00:00;17230;17055;17193;17095;3127
2015.09.30;20:00:00;17308;17165;17265;17190;1883
2015.10.01;00:00:00;17415;17200;17415;17260;1947
2015.10.01;04:00:00;17453;17300;17415;17420;3040
2015.10.01;08:00:00;17445;17355;17385;17420;2519
2015.10.01;12:00:00;17475;17250;17265;17380;5936
2015.10.01;16:00:00;17530;17265;17475;17270;2595
2015.10.01;20:00:00;17500;17380;17448;17473;1041
2015.10.02;00:00:00;17843;17413;17798;17453;1975
2015.10.02;04:00:00;17818;17640;17650;17803;2539
2015.10.02;08:00:00;17680;17515;17530;17648;4013
2015.10.02;12:00:00;17620;17425;17515;17528;7002
2015.10.02;16:00:00;17640;17483;17623;17510;2970
2015.10.02;20:00:00;17668;17523;17643;17643;855
2015.10.05;00:00:00;17768;17570;17658;17648;1580
2015.10.05;04:00:00;17730;17638;17730;17655;2882
2015.10.05;08:00:00;17793;17378;17405;17728;3657
2015.10.05;12:00:00;17720;17235;17680;17403;7674
2015.10.05;16:00:00;17880;17635;17863;17685;3710
2015.10.05;20:00:00;18003;17850;17873;17860;1451
2015.10.06;00:00:00;18073;17873;17988;17875;1086
2015.10.06;04:00:00;18185;17955;18180;17985;3233
2015.10.06;08:00:00;18300;18155;18275;18183;2799
2015.10.06;12:00:00;18395;18235;18375;18278;3883
2015.10.06;16:00:00;18420;18340;18340;18380;846
2015.10.06;20:00:00;18360;18273;18278;18338;589
2015.10.07;00:00:00;18315;18138;18248;18283;1072
2015.10.07;04:00:00;18273;18040;18185;18250;2558
2015.10.07;08:00:00;18250;18160;18230;18188;2171
2015.10.07;12:00:00;18298;18095;18160;18235;5342
2015.10.07;16:00:00;18225;18135;18158;18158;2416
2015.10.07;20:00:00;18203;18123;18153;18178;664
2015.10.08;00:00:00;18343;17983;18278;18148;2017
2015.10.08;04:00:00;18450;18263;18420;18273;2897
2015.10.08;08:00:00;18425;18265;18330;18425;2662
2015.10.08;12:00:00;18415;18200;18255;18333;5996
2015.10.08;16:00:00;18370;18240;18345;18258;2841
2015.10.08;20:00:00;18368;18243;18330;18343;727
2015.10.09;00:00:00;18398;18108;18138;18333;1643
2015.10.09;04:00:00;18168;18010;18050;18143;2661
2015.10.09;08:00:00;18145;18030;18090;18053;2682
2015.10.09;12:00:00;18170;18065;18088;18093;4435
2015.10.09;16:00:00;18300;18075;18270;18090;3143
2015.10.09;20:00:00;18280;18175;18218;18268;806
2015.10.12;00:00:00;18428;18193;18408;18215;1252
2015.10.12;04:00:00;18445;18255;18320;18403;2190
2015.10.12;08:00:00;18400;18305;18370;18323;2129
2015.10.12;12:00:00;18375;18295;18315;18365;4267
2015.10.12;16:00:00;18360;18290;18318;18318;1556
2015.10.12;20:00:00;18318;18203;18318;18303;363
2015.10.13;00:00:00;18338;18265;18308;18323;228
2015.10.13;04:00:00;18420;18295;18350;18310;1459
2015.10.13;08:00:00;18370;18285;18310;18353;1474
2015.10.13;12:00:00;18335;18260;18290;18315;1743
2015.10.13;16:00:00;18355;18290;18340;18295;340
2015.10.13;20:00:00;18358;18290;18315;18348;584
2015.10.14;00:00:00;18348;18223;18243;18313;849
2015.10.14;04:00:00;18268;18078;18120;18238;1951
2015.10.14;08:00:00;18150;18080;18090;18115;1685
2015.10.14;12:00:00;18230;18085;18160;18085;3155
2015.10.14;16:00:00;18175;18070;18085;18155;1519
2015.10.14;20:00:00;18120;17898;17908;18083;705
2015.10.15;00:00:00;17975;17850;17888;17905;1181
2015.10.15;04:00:00;18005;17828;17920;17883;1988
2015.10.15;08:00:00;18015;17905;17910;17918;1937
2015.10.15;12:00:00;17990;17795;17890;17905;3983
2015.10.15;16:00:00;17895;17650;17723;17895;1665
2015.10.15;20:00:00;18008;17700;17963;17720;689
2015.10.16;00:00:00;18170;17968;18128;17968;1021
2015.10.16;04:00:00;18138;17925;18040;18133;2549
2015.10.16;08:00:00;18075;18008;18050;18043;2578
2015.10.16;12:00:00;18075;17960;18030;18048;4611
2015.10.16;16:00:00;18240;18030;18195;18035;1347
2015.10.16;20:00:00;18313;18169;18288;18193;722
2015.10.19;00:00:00;18393;18263;18278;18293;823
2015.10.19;04:00:00;18328;18223;18310;18273;1685
2015.10.19;08:00:00;18325;18240;18270;18313;1722
2015.10.19;12:00:00;18365;18248;18300;18275;4242
2015.10.19;16:00:00;18365;18235;18355;18303;1333
2015.10.19;20:00:00;18353;18073;18140;18353;865
2015.10.20;00:00:00;18308;18103;18148;18165;955
2015.10.20;04:00:00;18230;18095;18195;18140;1699
2015.10.20;08:00:00;18215;18125;18190;18198;2079
2015.10.20;12:00:00;18215;18140;18203;18188;2640
2015.10.20;16:00:00;18275;18190;18265;18205;940
2015.10.20;20:00:00;18263;18183;18193;18263;367
2015.10.21;00:00:00;18225;18143;18218;18188;569
2015.10.21;04:00:00;18265;18155;18163;18220;1761
2015.10.21;08:00:00;18220;18153;18205;18160;1582
2015.10.21;12:00:00;18255;18180;18210;18208;2979
2015.10.21;16:00:00;18235;18180;18190;18208;1280
2015.10.21;20:00:00;18378;18135;18333;18140;528
2015.10.22;00:00:00;18563;18318;18523;18335;598
2015.10.22;04:00:00;18605;18410;18485;18525;1599
2015.10.22;08:00:00;18575;18490;18570;18490;1531
2015.10.22;12:00:00;18580;18490;18550;18568;3954
2015.10.22;16:00:00;18580;18420;18448;18545;2159
2015.10.22;20:00:00;18568;18385;18533;18458;661
2015.10.23;00:00:00;18573;18368;18433;18535;959
2015.10.23;04:00:00;18495;18398;18470;18428;1337
2015.10.23;08:00:00;18635;18460;18610;18473;1744
2015.10.23;12:00:00;18870;18578;18850;18608;3504
2015.10.23;16:00:00;18875;18770;18868;18848;2291
2015.10.23;20:00:00;18930;18803;18863;18865;848
2015.10.25;23:00:00;18918;18813;18843;18865;670
2015.10.26;00:00:00;18878;18745;18765;18848;1751
2015.10.26;04:00:00;19055;18760;19050;18760;2481
2015.10.26;08:00:00;19055;18980;19055;19045;4594
2015.10.26;12:00:00;19175;19040;19105;19050;1523
2015.10.26;16:00:00;19115;19018;19033;19100;831
2015.10.26;20:00:00;19073;18933;18935;19035;519
2015.10.27;00:00:00;18980;18870;18968;18935;1566
2015.10.27;04:00:00;18980;18910;18940;18970;621
2015.10.27;08:00:00;18825;18823;18823;18823;7
