DATE;TIME;HIGH;LOW;CLOSE;OPEN;VOLUME
2015.04.27;12:00:00;20117;20062;20087;20112;973
2015.04.27;16:00:00;20087;20027;20037;20082;983
2015.04.27;20:00:00;20060;20002;20050;20035;411
2015.04.28;00:00:00;20072;19908;20023;20055;452
2015.04.28;04:00:00;20028;19932;19967;20018;430
2015.04.28;08:00:00;20051;19961;20006;19971;662
2015.04.28;12:00:00;20146;20006;20141;20009;520
2015.04.28;16:00:00;20146;20036;20071;20146;813
2015.04.28;20:00:00;20081;20031;20036;20066;478
2015.04.29;00:00:00;20137;20040;20127;20041;276
2015.04.29;04:00:00;20137;20052;20067;20122;320
2015.04.29;08:00:00;20082;19963;20001;20062;856
2015.04.29;12:00:00;20017;19976;20007;19996;571
2015.04.29;16:00:00;20027;19922;20002;20012;1142
2015.04.29;20:00:00;20017;19926;19981;20004;561
2015.04.30;00:00:00;19991;19937;19957;19979;176
2015.04.30;04:00:00;19954;19857;19904;19952;203
2015.04.30;08:00:00;19966;19897;19961;19902;427
2015.04.30;12:00:00;19976;19912;19924;19964;520
2015.04.30;16:00:00;19927;19632;19699;19922;1066
2015.04.30;20:00:00;19846;19657;19791;19697;1049
2015.05.01;00:00:00;19841;19732;19742;19796;514
2015.05.01;04:00:00;19752;19497;19557;19737;930
2015.05.01;08:00:00;19607;19371;19481;19552;1595
2015.05.01;12:00:00;19551;19426;19546;19476;891
2015.05.01;16:00:00;19596;19421;19441;19541;2383
2015.05.01;20:00:00;19481;19316;19399;19436;979
2015.05.04;00:00:00;19546;19396;19467;19396;426
2015.05.04;04:00:00;19497;19397;19447;19462;527
2015.05.04;08:00:00;19606;19427;19524;19442;577
2015.05.04;12:00:00;19561;19526;19551;19526;267
2015.05.04;16:00:00;19671;19554;19666;19556;1130
2015.05.04;20:00:00;19741;19656;19704;19661;184
2015.05.05;00:00:00;19716;19587;19632;19674;252
2015.05.05;04:00:00;19692;19632;19657;19634;131
2015.05.05;08:00:00;19696;19606;19686;19656;548
2015.05.05;12:00:00;19781;19676;19776;19689;402
2015.05.05;16:00:00;19781;19701;19741;19771;939
2015.05.05;20:00:00;19791;19731;19736;19746;264
2015.05.06;00:00:00;19782;19691;19737;19734;177
2015.05.06;04:00:00;19767;19697;19704;19742;127
2015.05.06;08:00:00;19761;19656;19711;19702;403
2015.05.06;12:00:00;19764;19626;19646;19714;610
2015.05.06;16:00:00;19726;19311;19351;19641;2226
2015.05.06;20:00:00;19386;19321;19364;19349;1104
2015.05.07;00:00:00;19421;19356;19357;19361;319
2015.05.07;04:00:00;19447;19347;19432;19362;259
2015.05.07;08:00:00;19439;19261;19401;19427;1058
2015.05.07;12:00:00;19426;19346;19346;19396;944
2015.05.07;16:00:00;19386;19161;19276;19349;1971
2015.05.07;20:00:00;19331;19171;19321;19271;741
2015.05.08;00:00:00;19452;19276;19342;19299;870
2015.05.08;04:00:00;19377;19262;19287;19337;757
2015.05.08;08:00:00;19297;19109;19131;19282;1396
2015.05.08;12:00:00;19231;19031;19206;19134;1697
2015.05.08;16:00:00;19356;19201;19341;19209;1602
2015.05.08;20:00:00;19366;19316;19361;19346;437
2015.05.11;00:00:00;19382;19292;19352;19364;408
2015.05.11;04:00:00;19417;19327;19412;19357;397
2015.05.11;08:00:00;19457;19356;19386;19407;1117
2015.05.11;12:00:00;19541;19381;19489;19391;1255
2015.05.11;16:00:00;19681;19481;19661;19491;1177
2015.05.11;20:00:00;19691;19636;19661;19666;237
2015.05.12;00:00:00;19677;19582;19627;19664;483
2015.05.12;04:00:00;19647;19592;19612;19622;515
2015.05.12;08:00:00;19656;19566;19576;19619;679
2015.05.12;12:00:00;19641;19571;19626;19579;762
2015.05.12;16:00:00;19641;19586;19631;19631;869
2015.05.12;20:00:00;19636;19576;19581;19626;257
2015.05.13;00:00:00;19596;19522;19537;19576;270
2015.05.13;04:00:00;19552;19462;19552;19542;398
2015.05.13;08:00:00;19661;19476;19481;19547;805
2015.05.13;12:00:00;19526;19446;19526;19486;1197
2015.05.13;16:00:00;19556;19471;19521;19521;1475
2015.05.13;20:00:00;19551;19491;19521;19526;708
2015.05.14;00:00:00;19637;19464;19607;19524;333
2015.05.14;04:00:00;19757;19592;19732;19604;540
2015.05.14;08:00:00;19841;19712;19821;19727;628
2015.05.14;12:00:00;19831;19746;19766;19826;784
2015.05.14;16:00:00;19806;19631;19646;19771;1205
2015.05.14;20:00:00;19686;19616;19634;19651;430
2015.05.15;00:00:00;19717;19629;19692;19636;294
2015.05.15;04:00:00;19692;19559;19582;19687;529
2015.05.15;08:00:00;19611;19461;19596;19584;948
2015.05.15;12:00:00;19601;19556;19576;19601;600
2015.05.15;16:00:00;19641;19534;19626;19581;840
2015.05.15;20:00:00;19674;19626;19666;19629;263
2015.05.18;00:00:00;19742;19656;19702;19664;408
2015.05.18;04:00:00;19722;19597;19687;19707;368
2015.05.18;08:00:00;19821;19672;19816;19692;657
2015.05.18;12:00:00;19856;19774;19776;19814;488
2015.05.18;16:00:00;19796;19681;19756;19771;1395
2015.05.18;20:00:00;19786;19726;19779;19751;257
2015.05.19;00:00:00;19847;19731;19827;19776;486
2015.05.19;04:00:00;19877;19802;19872;19822;324
2015.05.19;08:00:00;19921;19826;19876;19871;740
2015.05.19;12:00:00;19926;19836;19916;19874;845
2015.05.19;16:00:00;19936;19881;19936;19919;576
2015.05.19;20:00:00;20011;19916;20001;19931;174
2015.05.20;00:00:00;20009;19937;19982;20006;342
2015.05.20;04:00:00;20072;19972;20057;19977;386
2015.05.20;08:00:00;20101;20006;20096;20072;704
2015.05.20;12:00:00;20121;20076;20116;20091;515
2015.05.20;16:00:00;20181;20086;20166;20111;829
2015.05.20;20:00:00;20184;20111;20141;20171;380
2015.05.21;00:00:00;20207;20106;20182;20136;405
2015.05.21;04:00:00;20258;20151;20246;20187;389
2015.05.21;08:00:00;20276;20150;20155;20241;654
2015.05.21;12:00:00;20215;20150;20185;20158;404
2015.05.21;16:00:00;20250;20180;20245;20190;793
2015.05.21;20:00:00;20285;20220;20278;20243;937
2015.05.22;00:00:00;20283;20205;20266;20280;339
2015.05.22;04:00:00;20316;20221;20221;20261;453
2015.05.22;08:00:00;20236;20145;20173;20223;745
2015.05.22;12:00:00;20190;20133;20185;20175;614
2015.05.22;16:00:00;20235;20170;20220;20183;704
2015.05.22;20:00:00;20255;20200;20230;20225;254
2015.05.25;00:00:00;20247;20156;20181;20235;287
2015.05.25;04:00:00;20256;20121;20226;20176;557
2015.05.25;08:00:00;20295;20221;20270;20228;451
2015.05.25;12:00:00;20330;20245;20330;20275;642
2015.05.25;16:00:00;20370;20310;20370;20325;567
2015.05.25;20:00:00;20375;20345;20348;20365;305
2015.05.26;00:00:00;20401;20310;20391;20363;308
2015.05.26;04:00:00;20416;20326;20401;20396;237
2015.05.26;08:00:00;20465;20400;20415;20400;251
2015.05.26;12:00:00;20430;20410;20420;20413;113
2015.05.26;16:00:00;20438;20408;20408;20418;89
2015.05.26;20:00:00;20456;20373;20421;20415;208
2015.05.27;00:00:00;20446;20381;20436;20426;332
2015.05.27;04:00:00;20555;20430;20495;20441;884
2015.05.27;08:00:00;20535;20475;20535;20500;835
2015.05.27;12:00:00;20540;20315;20330;20540;1545
2015.05.27;16:00:00;20450;20320;20443;20335;635
2015.05.27;20:00:00;20441;20355;20396;20433;370
2015.05.28;00:00:00;20512;20391;20472;20391;434
2015.05.28;04:00:00;20526;20412;20526;20474;811
2015.05.28;08:00:00;20616;20511;20581;20524;986
2015.05.28;12:00:00;20626;20541;20606;20576;1108
2015.05.28;16:00:00;20656;20601;20626;20601;256
2015.05.28;20:00:00;20631;20562;20592;20621;283
2015.05.29;00:00:00;20652;20547;20547;20597;593
2015.05.29;04:00:00;20566;20441;20514;20552;1124
2015.05.29;08:00:00;20551;20471;20476;20516;1031
2015.05.29;12:00:00;20536;20461;20491;20481;1376
2015.05.29;16:00:00;20581;20461;20571;20489;455
2015.05.29;20:00:00;20602;20434;20572;20574;401
2015.06.01;00:00:00;20622;20547;20587;20577;460
2015.06.01;04:00:00;20632;20426;20446;20592;1118
2015.06.01;08:00:00;20486;20418;20456;20444;1237
2015.06.01;12:00:00;20471;20366;20436;20451;1926
2015.06.01;16:00:00;20466;20391;20441;20434;725
2015.06.01;20:00:00;20496;20402;20487;20444;518
2015.06.02;00:00:00;20589;20457;20552;20492;428
2015.06.02;04:00:00;20586;20491;20516;20546;902
2015.06.02;08:00:00;20571;20501;20536;20511;1128
2015.06.02;12:00:00;20621;20516;20616;20541;1344
2015.06.02;16:00:00;20626;20561;20581;20621;156
2015.06.02;20:00:00;20607;20571;20587;20584;285
2015.06.03;00:00:00;20607;20462;20532;20582;402
2015.06.03;04:00:00;20571;20416;20426;20537;896
2015.06.03;08:00:00;20529;20411;20481;20429;1582
2015.06.03;12:00:00;20481;20411;20456;20479;2377
2015.06.03;16:00:00;20466;20391;20411;20461;659
2015.06.03;20:00:00;20477;20387;20442;20414;322
2015.06.04;00:00:00;20502;20422;20472;20447;408
2015.06.04;04:00:00;20506;20417;20491;20467;1014
2015.06.04;08:00:00;20571;20480;20544;20486;1129
2015.06.04;12:00:00;20566;20491;20536;20541;2162
2015.06.04;16:00:00;20596;20521;20566;20531;519
2015.06.04;20:00:00;20575;20502;20502;20569;342
2015.06.05;00:00:00;20542;20507;20517;20507;175
2015.06.05;04:00:00;20507;20346;20396;20507;1378
2015.06.05;08:00:00;20416;20361;20411;20404;1170
2015.06.05;12:00:00;20481;20399;20441;20416;2400
2015.06.05;16:00:00;20451;20391;20426;20439;980
2015.06.05;20:00:00;20456;20362;20397;20416;314
2015.06.08;00:00:00;20407;20352;20387;20392;289
2015.06.08;04:00:00;20501;20387;20466;20392;1301
2015.06.08;08:00:00;20536;20436;20506;20464;1831
2015.06.08;12:00:00;20606;20501;20551;20511;2335
2015.06.08;16:00:00;20596;20546;20571;20546;317
2015.06.08;20:00:00;20571;20352;20387;20566;401
2015.06.09;00:00:00;20472;20377;20447;20392;395
2015.06.09;04:00:00;20446;20366;20406;20446;1197
2015.06.09;08:00:00;20421;20361;20376;20401;1159
2015.06.09;12:00:00;20406;20296;20301;20374;1185
2015.06.09;16:00:00;20331;20266;20271;20299;459
2015.06.09;20:00:00;20321;20251;20297;20279;403
2015.06.10;00:00:00;20327;20272;20282;20292;358
2015.06.10;04:00:00;20277;20006;20006;20277;1418
2015.06.10;08:00:00;20081;19914;20076;20004;1514
2015.06.10;12:00:00;20101;20034;20069;20079;1582
2015.06.10;16:00:00;20126;20036;20076;20071;697
2015.06.10;20:00:00;20192;20042;20162;20079;465
2015.06.11;00:00:00;20252;20002;20082;20167;719
2015.06.11;04:00:00;20159;20026;20076;20077;1581
2015.06.11;08:00:00;20181;20066;20091;20074;1193
2015.06.11;12:00:00;20221;20086;20221;20089;1744
2015.06.11;16:00:00;20221;20091;20094;20216;348
2015.06.11;20:00:00;20277;20066;20277;20079;406
2015.06.12;00:00:00;20354;20274;20339;20274;572
2015.06.12;04:00:00;20522;20309;20499;20342;925
2015.06.12;08:00:00;20539;20469;20479;20502;1069
2015.06.12;12:00:00;20499;20419;20484;20482;1741
2015.06.12;16:00:00;20504;20399;20422;20479;424
2015.06.12;20:00:00;20454;20325;20335;20414;463
2015.06.15;00:00:00;20415;20330;20365;20330;291
2015.06.15;04:00:00;20419;20350;20379;20362;921
2015.06.15;08:00:00;20414;20344;20364;20377;1288
2015.06.15;12:00:00;20369;20244;20312;20359;2120
2015.06.15;16:00:00;20329;20279;20319;20314;394
2015.06.15;20:00:00;20375;20194;20340;20289;413
2015.06.16;00:00:00;20390;20255;20370;20345;300
2015.06.16;04:00:00;20374;20324;20329;20369;729
2015.06.16;08:00:00;20339;20244;20269;20324;1088
2015.06.16;12:00:00;20344;20259;20319;20264;1428
2015.06.16;16:00:00;20359;20313;20334;20324;475
2015.06.16;20:00:00;20362;20290;20305;20337;329
2015.06.17;00:00:00;20305;20220;20265;20300;338
2015.06.17;04:00:00;20275;20114;20159;20260;859
2015.06.17;08:00:00;20184;20114;20179;20157;1174
2015.06.17;12:00:00;20249;20159;20249;20174;1239
2015.06.17;16:00:00;20289;20239;20282;20254;237
2015.06.17;20:00:00;20305;20260;20260;20284;234
2015.06.18;00:00:00;20270;20125;20130;20265;367
2015.06.18;04:00:00;20274;20115;20264;20120;717
2015.06.18;08:00:00;20267;20184;20199;20259;856
2015.06.18;12:00:00;20254;20124;20134;20202;920
2015.06.18;16:00:00;20222;20129;20159;20132;1323
2015.06.18;20:00:00;20209;20055;20080;20162;436
2015.06.19;00:00:00;20100;20002;20045;20075;529
2015.06.19;04:00:00;20055;19919;19942;20050;1108
2015.06.19;08:00:00;19974;19864;19954;19944;1584
2015.06.19;12:00:00;20194;19954;20139;19957;1839
2015.06.19;16:00:00;20154;20094;20114;20144;591
2015.06.19;20:00:00;20179;20055;20110;20117;442
2015.06.22;00:00:00;20175;20080;20145;20115;474
2015.06.22;04:00:00;20219;20130;20184;20150;790
2015.06.22;08:00:00;20209;20164;20169;20182;885
2015.06.22;12:00:00;20169;20099;20124;20164;1524
2015.06.22;16:00:00;20139;20099;20109;20119;347
2015.06.22;20:00:00;20340;20122;20340;20139;469
2015.06.23;00:00:00;20415;20310;20405;20335;232
2015.06.23;04:00:00;20534;20399;20514;20404;767
2015.06.23;08:00:00;20529;20464;20512;20509;1360
2015.06.23;12:00:00;20584;20504;20547;20514;877
2015.06.23;16:00:00;20554;20489;20524;20544;131
2015.06.23;20:00:00;20635;20512;20635;20519;356
2015.06.24;00:00:00;20755;20645;20720;20645;534
2015.06.24;04:00:00;20889;20690;20832;20717;806
2015.06.24;08:00:00;20874;20804;20859;20829;670
2015.06.24;12:00:00;20884;20814;20879;20864;975
2015.06.24;16:00:00;20889;20859;20874;20874;155
2015.06.24;20:00:00;20930;20822;20925;20877;365
2015.06.25;00:00:00;20945;20855;20865;20927;395
2015.06.25;04:00:00;20915;20767;20784;20860;756
2015.06.25;08:00:00;20819;20694;20764;20787;1690
2015.06.25;12:00:00;20829;20734;20749;20767;1363
2015.06.25;16:00:00;20754;20704;20734;20744;481
2015.06.25;20:00:00;20815;20724;20800;20735;293
2015.06.26;00:00:00;20855;20770;20800;20810;324
2015.06.26;04:00:00;20844;20739;20789;20805;672
2015.06.26;08:00:00;20844;20759;20804;20787;1353
2015.06.26;12:00:00;20814;20754;20792;20802;1457
2015.06.26;16:00:00;20794;20709;20722;20789;329
2015.06.26;20:00:00;20767;20663;20673;20710;395
2015.06.29;00:00:00;20780;20643;20748;20678;329
2015.06.29;04:00:00;20763;20667;20712;20753;703
2015.06.29;08:00:00;20827;20707;20822;20715;706
2015.06.29;12:00:00;20872;20807;20832;20817;1096
2015.06.29;16:00:00;20872;20817;20827;20830;608
2015.06.29;20:00:00;20507;20137;20273;20507;1555
2015.06.30;00:00:00;20328;20073;20103;20278;947
2015.06.30;04:00:00;20297;20075;20252;20102;1832
2015.06.30;08:00:00;20307;20187;20282;20257;1828
2015.06.30;12:00:00;20305;20132;20152;20287;2123
2015.06.30;16:00:00;20172;20032;20040;20157;617
2015.06.30;20:00:00;20178;20024;20128;20042;554
2015.07.01;00:00:00;20228;20103;20168;20133;688
2015.07.01;04:00:00;20312;20143;20187;20165;1451
2015.07.01;08:00:00;20362;20190;20342;20190;2219
2015.07.01;12:00:00;20354;20150;20187;20337;2970
2015.07.01;16:00:00;20327;20182;20207;20182;1158
2015.07.01;20:00:00;20282;20175;20253;20202;274
2015.07.02;00:00:00;20298;20238;20283;20258;299
2015.07.02;04:00:00;20482;20268;20482;20278;1005
2015.07.02;08:00:00;20602;20472;20507;20487;1911
2015.07.02;12:00:00;20577;20492;20497;20510;1934
2015.07.02;16:00:00;20547;20457;20537;20492;884
2015.07.02;20:00:00;20583;20492;20568;20540;320
2015.07.03;00:00:00;20573;20498;20538;20563;298
2015.07.03;04:00:00;20557;20463;20532;20543;781
2015.07.03;08:00:00;20537;20482;20502;20535;788
2015.07.03;12:00:00;20500;20437;20452;20497;1537
2015.07.03;16:00:00;20497;20437;20487;20450;610
2015.07.03;20:00:00;20502;20423;20448;20492;350
2015.07.06;00:00:00;20523;20418;20503;20443;390
2015.07.06;04:00:00;20552;20477;20502;20508;691
2015.07.06;08:00:00;20522;20450;20462;20497;621
2015.07.06;12:00:00;20477;20432;20442;20460;623
2015.07.06;16:00:00;20293;20122;20223;20132;567
2015.07.06;20:00:00;20233;19988;20098;20225;880
2015.07.07;00:00:00;20280;20077;20257;20097;2090
2015.07.07;04:00:00;20267;20167;20235;20262;1796
2015.07.07;08:00:00;20357;20217;20227;20237;2123
2015.07.07;12:00:00;20292;20172;20272;20222;787
2015.07.07;16:00:00;20413;20257;20388;20275;349
2015.07.07;20:00:00;20393;20348;20368;20383;311
2015.07.08;00:00:00;20442;20348;20372;20363;1074
2015.07.08;04:00:00;20387;20287;20317;20375;1347
2015.07.08;08:00:00;20312;20072;20222;20312;3954
2015.07.08;12:00:00;20430;20177;20410;20227;2070
2015.07.08;16:00:00;20413;20143;20158;20407;468
2015.07.08;20:00:00;20153;19758;19803;20148;1255
2015.07.09;00:00:00;19873;19432;19592;19808;3191
2015.07.09;04:00:00;19687;19492;19657;19595;2552
2015.07.09;08:00:00;19662;19347;19407;19662;3878
2015.07.09;12:00:00;19432;19197;19285;19412;2297
2015.07.09;16:00:00;19377;19088;19203;19282;957
2015.07.09;20:00:00;19678;19193;19543;19208;2245
2015.07.10;00:00:00;19882;19538;19822;19548;1798
2015.07.10;04:00:00;19847;19767;19832;19820;1380
2015.07.10;08:00:00;19832;19662;19707;19827;2496
2015.07.10;12:00:00;19710;19617;19640;19710;1753
2015.07.10;16:00:00;19915;19615;19748;19642;1359
2015.07.10;20:00:00;19963;19738;19810;19753;1195
2015.07.13;00:00:00;19927;19708;19845;19808;1757
2015.07.13;04:00:00;20012;19832;20007;19842;1378
2015.07.13;08:00:00;20072;19982;20045;20002;2336
2015.07.13;12:00:00;20122;19982;20087;20047;772
2015.07.13;16:00:00;20033;19898;19998;19960;835
2015.07.13;20:00:00;20113;19968;20078;20003;871
2015.07.14;00:00:00;20345;20052;20322;20077;2301
2015.07.14;04:00:00;20347;20260;20322;20317;1215
2015.07.14;08:00:00;20357;20300;20317;20327;1284
2015.07.14;12:00:00;20377;20320;20357;20320;249
2015.07.14;16:00:00;20423;20325;20393;20352;320
2015.07.14;20:00:00;20413;20328;20403;20398;387
2015.07.15;00:00:00;20413;20305;20397;20398;728
2015.07.15;04:00:00;20407;20342;20352;20402;675
2015.07.15;08:00:00;20480;20352;20467;20355;1451
2015.07.15;12:00:00;20507;20457;20492;20462;342
2015.07.15;16:00:00;20495;20418;20433;20491;279
2015.07.15;20:00:00;20468;20383;20438;20428;466
2015.07.16;00:00:00;20490;20413;20462;20433;616
2015.07.16;04:00:00;20510;20452;20497;20465;657
2015.07.16;08:00:00;20602;20497;20577;20500;1185
2015.07.16;12:00:00;20592;20452;20522;20572;913
2015.07.16;16:00:00;20622;20508;20553;20517;431
2015.07.16;20:00:00;20563;20503;20538;20548;440
2015.07.17;00:00:00;20627;20532;20622;20533;775
2015.07.17;04:00:00;20677;20605;20677;20617;515
2015.07.17;08:00:00;20685;20627;20637;20672;1050
2015.07.17;12:00:00;20672;20627;20655;20635;330
2015.07.17;16:00:00;20660;20588;20608;20652;266
2015.07.17;20:00:00;20638;20608;20613;20613;174
2015.07.20;00:00:00;20667;20602;20632;20618;484
2015.07.20;04:00:00;20716;20627;20687;20637;578
2015.07.20;08:00:00;20707;20642;20687;20690;1450
2015.07.20;12:00:00;20702;20682;20692;20692;271
2015.07.20;16:00:00;20718;20668;20668;20690;189
2015.07.20;20:00:00;20723;20658;20718;20673;76
2015.07.21;00:00:00;20772;20692;20757;20717;232
2015.07.21;04:00:00;20762;20717;20752;20760;402
2015.07.21;08:00:00;20797;20722;20772;20757;610
2015.07.21;12:00:00;20797;20752;20760;20775;203
2015.07.21;16:00:00;20762;20713;20723;20757;233
2015.07.21;20:00:00;20760;20698;20758;20718;202
2015.07.22;00:00:00;20833;20758;20777;20763;500
2015.07.22;04:00:00;20785;20737;20752;20782;324
2015.07.22;08:00:00;20757;20602;20610;20747;1086
2015.07.22;12:00:00;20707;20587;20617;20607;745
2015.07.22;16:00:00;20658;20593;20608;20607;357
2015.07.22;20:00:00;20638;20558;20608;20603;322
2015.07.23;00:00:00;20613;20522;20592;20603;681
2015.07.23;04:00:00;20592;20512;20522;20590;565
2015.07.23;08:00:00;20662;20522;20637;20525;1285
2015.07.23;12:00:00;20642;20582;20627;20642;350
2015.07.23;16:00:00;20683;20612;20643;20630;270
2015.07.23;20:00:00;20668;20638;20663;20638;169
2015.07.24;00:00:00;20668;20572;20607;20668;594
2015.07.24;04:00:00;20647;20577;20637;20602;634
2015.07.24;08:00:00;20657;20547;20562;20632;1304
2015.07.24;12:00:00;20587;20497;20577;20557;880
2015.07.24;16:00:00;20613;20562;20583;20575;277
2015.07.24;20:00:00;20593;20508;20543;20578;268
2015.07.27;00:00:00;20577;20507;20557;20538;561
2015.07.27;04:00:00;20562;20512;20520;20560;520
2015.07.27;08:00:00;20552;20402;20402;20522;1245
2015.07.27;12:00:00;20407;20322;20362;20397;839
2015.07.27;16:00:00;20473;20303;20428;20352;547
2015.07.27;20:00:00;20433;20258;20328;20433;515
2015.07.28;00:00:00;20362;20162;20177;20333;1382
2015.07.28;04:00:00;20202;20032;20105;20172;1515
2015.07.28;08:00:00;20182;20042;20112;20102;1744
2015.07.28;12:00:00;20157;20062;20142;20107;592
2015.07.28;16:00:00;20162;20078;20088;20147;406
2015.07.28;20:00:00;20388;20048;20358;20093;926
2015.07.29;00:00:00;20408;20247;20332;20363;1207
2015.07.29;04:00:00;20372;20307;20327;20327;851
2015.07.29;08:00:00;20327;20172;20322;20325;2050
2015.07.29;12:00:00;20357;20307;20322;20317;612
2015.07.29;16:00:00;20356;20217;20227;20321;371
2015.07.29;20:00:00;20302;20182;20272;20232;517
2015.07.30;00:00:00;20376;20247;20321;20277;952
2015.07.30;04:00:00;20336;20261;20266;20324;841
2015.07.30;08:00:00;20391;20269;20371;20271;1359
2015.07.30;12:00:00;20506;20351;20431;20366;792
2015.07.30;16:00:00;20522;20416;20497;20429;355
2015.07.30;20:00:00;20567;20482;20512;20502;368
2015.07.31;00:00:00;20554;20467;20521;20509;886
2015.07.31;04:00:00;20546;20496;20511;20519;1034
2015.07.31;08:00:00;20545;20446;20541;20509;1889
2015.07.31;12:00:00;20551;20506;20526;20546;646
2015.07.31;16:00:00;20536;20447;20502;20525;308
2015.07.31;20:00:00;20537;20487;20522;20497;443
2015.08.03;00:00:00;20581;20507;20556;20527;1054
2015.08.03;04:00:00;20577;20516;20546;20577;1024
2015.08.03;08:00:00;20561;20476;20551;20544;1823
2015.08.03;12:00:00;20586;20496;20566;20549;581
2015.08.03;16:00:00;20556;20367;20427;20544;516
2015.08.03;20:00:00;20537;20417;20522;20432;357
2015.08.04;00:00:00;20560;20461;20481;20516;1142
2015.08.04;04:00:00;20521;20461;20501;20479;763
2015.08.04;08:00:00;20521;20401;20431;20496;1124
2015.08.04;12:00:00;20501;20406;20481;20426;528
2015.08.04;16:00:00;20527;20411;20502;20482;303
2015.08.04;20:00:00;20522;20437;20452;20507;318
2015.08.05;00:00:00;20497;20396;20441;20447;838
2015.08.05;04:00:00;20471;20401;20431;20436;846
2015.08.05;08:00:00;20471;20406;20441;20436;1332
2015.08.05;12:00:00;20546;20436;20511;20436;456
2015.08.05;16:00:00;20513;20452;20467;20510;330
2015.08.05;20:00:00;20697;20462;20622;20472;496
2015.08.06;00:00:00;20652;20576;20631;20617;592
2015.08.06;04:00:00;20715;20616;20691;20636;823
2015.08.06;08:00:00;20807;20691;20776;20694;1490
2015.08.06;12:00:00;20781;20731;20739;20771;624
2015.08.06;16:00:00;20772;20723;20757;20734;291
2015.08.06;20:00:00;20787;20707;20732;20762;345
2015.08.07;00:00:00;20742;20636;20666;20727;617
2015.08.07;04:00:00;20700;20641;20691;20671;647
2015.08.07;08:00:00;20696;20556;20581;20696;1381
2015.08.07;12:00:00;20641;20576;20626;20576;668
2015.08.07;16:00:00;20629;20547;20557;20624;329
2015.08.07;20:00:00;20740;20562;20735;20562;408
2015.08.10;00:00:00;20745;20644;20709;20730;769
2015.08.10;04:00:00;20744;20664;20744;20707;875
2015.08.10;08:00:00;20744;20579;20612;20742;2064
2015.08.10;12:00:00;20654;20569;20634;20609;543
2015.08.10;16:00:00;20695;20599;20675;20642;351
2015.08.10;20:00:00;20805;20675;20795;20680;300
2015.08.11;00:00:00;20809;20739;20794;20789;1118
2015.08.11;04:00:00;20869;20784;20859;20789;840
2015.08.11;08:00:00;20899;20859;20889;20864;880
2015.08.11;12:00:00;20909;20879;20902;20884;239
2015.08.11;16:00:00;20935;20890;20905;20899;315
2015.08.11;20:00:00;20935;20560;20670;20900;948
2015.08.12;00:00:00;20749;20630;20639;20665;943
2015.08.12;04:00:00;20664;20589;20597;20642;1173
2015.08.12;08:00:00;20639;20549;20599;20594;2572
2015.08.12;12:00:00;20649;20574;20649;20594;868
2015.08.12;16:00:00;20685;20604;20655;20651;324
2015.08.12;20:00:00;20700;20290;20330;20650;1206
2015.08.13;00:00:00;20437;20211;20226;20335;1627
2015.08.13;04:00:00;20286;20171;20234;20231;1611
2015.08.13;08:00:00;20251;20051;20161;20231;2574
2015.08.13;12:00:00;20391;20161;20381;20166;1060
2015.08.13;16:00:00;20477;20346;20467;20376;502
2015.08.13;20:00:00;20597;20297;20597;20472;1306
2015.08.14;00:00:00;20671;20562;20646;20602;1167
2015.08.14;04:00:00;20646;20576;20576;20644;855
2015.08.14;08:00:00;20626;20516;20616;20574;2357
2015.08.14;12:00:00;20656;20556;20591;20621;779
2015.08.14;16:00:00;20589;20477;20527;20586;342
2015.08.14;20:00:00;20607;20487;20522;20522;431
2015.08.17;00:00:00;20581;20502;20521;20527;855
2015.08.17;04:00:00;20536;20481;20526;20519;1089
2015.08.17;08:00:00;20571;20511;20561;20529;1567
2015.08.17;12:00:00;20621;20541;20601;20556;459
2015.08.17;16:00:00;20677;20576;20622;20579;354
2015.08.17;20:00:00;20627;20537;20622;20627;406
2015.08.18;00:00:00;20686;20586;20641;20621;1145
2015.08.18;04:00:00;20636;20541;20566;20636;1416
2015.08.18;08:00:00;20666;20561;20646;20561;1289
2015.08.18;12:00:00;20681;20646;20661;20651;326
2015.08.18;16:00:00;20681;20622;20642;20666;258
2015.08.18;20:00:00;20667;20552;20612;20637;365
2015.08.19;00:00:00;20617;20466;20506;20617;1126
2015.08.19;04:00:00;20531;20446;20511;20511;1298
2015.08.19;08:00:00;20536;20476;20501;20516;1786
2015.08.19;12:00:00;20514;20456;20476;20496;642
2015.08.19;16:00:00;20527;20454;20502;20471;273
2015.08.19;20:00:00;20512;20252;20302;20507;747
2015.08.20;00:00:00;20302;20176;20241;20297;1474
2015.08.20;04:00:00;20351;20236;20306;20239;1247
2015.08.20;08:00:00;20316;20176;20206;20311;2652
2015.08.20;12:00:00;20286;20076;20086;20209;2230
2015.08.20;16:00:00;20206;20041;20132;20076;491
2015.08.20;20:00:00;20252;20072;20097;20127;856
2015.08.21;00:00:00;20122;19874;19921;20092;1929
2015.08.21;04:00:00;19971;19871;19926;19919;2038
2015.08.21;08:00:00;19941;19726;19741;19931;3362
2015.08.21;12:00:00;19771;19591;19611;19736;1881
2015.08.21;16:00:00;19712;19596;19682;19606;655
2015.08.21;20:00:00;19682;19497;19522;19677;1546
2015.08.24;00:00:00;19616;19421;19611;19517;1850
2015.08.24;04:00:00;19661;19436;19471;19606;2024
2015.08.24;08:00:00;19496;19031;19036;19476;4910
2015.08.24;12:00:00;19126;18916;18961;19031;3794
2015.08.24;16:00:00;19102;18821;18947;18924;2271
2015.08.24;20:00:00;18944;18494;18582;18944;3819
2015.08.25;00:00:00;18577;18146;18226;18577;4575
2015.08.25;04:00:00;18244;17166;17519;18229;9135
2015.08.25;08:00:00;18356;17496;18161;17521;13609
2015.08.25;12:00:00;18194;17736;17819;18166;6151
2015.08.25;16:00:00;18151;17742;18067;17816;2467
2015.08.25;20:00:00;18854;17982;18387;18069;4946
2015.08.26;00:00:00;18522;17656;18111;18402;7539
2015.08.26;04:00:00;18551;18026;18436;18106;8211
2015.08.26;08:00:00;18526;18219;18231;18434;9475
2015.08.26;12:00:00;18231;17701;17749;18226;6366
2015.08.26;16:00:00;18007;17649;17897;17754;3043
2015.08.26;20:00:00;18317;17677;18262;17892;4624
2015.08.27;00:00:00;18521;18171;18366;18264;5905
2015.08.27;04:00:00;18586;18306;18546;18364;4786
2015.08.27;08:00:00;18571;18131;18281;18551;9900
2015.08.27;12:00:00;18791;18246;18704;18286;6493
2015.08.27;16:00:00;18799;18599;18689;18703;1567
2015.08.27;20:00:00;18804;18479;18504;18686;2704
2015.08.28;00:00:00;18828;18489;18808;18506;3539
2015.08.28;04:00:00;18838;18728;18808;18813;2858
2015.08.28;08:00:00;19063;18753;19058;18813;5288
2015.08.28;12:00:00;19068;18788;19018;19063;5509
2015.08.28;16:00:00;19063;18944;19029;19021;911
2015.08.28;20:00:00;19199;18974;19144;19024;1529
2015.08.31;00:00:00;19198;18983;19018;19149;3079
2015.08.31;04:00:00;19113;18963;19038;19023;3236
2015.08.31;08:00:00;19193;19006;19183;19041;4153
2015.08.31;12:00:00;19193;19091;19168;19188;3078
2015.08.31;16:00:00;19163;18859;18939;19163;1817
2015.08.31;20:00:00;18969;18749;18864;18934;1711
2015.09.01;00:00:00;18958;18818;18898;18863;1783
2015.09.01;04:00:00;18963;18823;18843;18903;2043
2015.09.01;08:00:00;18958;18818;18863;18838;3514
2015.09.01;12:00:00;18888;18773;18798;18866;1562
2015.09.01;16:00:00;18828;18564;18614;18803;1086
2015.09.01;20:00:00;18694;18409;18449;18629;2381
2015.09.02;00:00:00;18469;17798;17853;18454;4936
2015.09.02;04:00:00;18093;17771;17776;17856;5534
2015.09.02;08:00:00;18081;17771;17839;17774;7674
2015.09.02;12:00:00;17921;17736;17774;17836;5577
2015.09.02;16:00:00;18322;17751;18292;17781;1778
2015.09.02;20:00:00;18477;18157;18362;18297;3008
2015.09.03;00:00:00;18422;17989;18066;18364;4372
2015.09.03;04:00:00;18271;18036;18266;18064;4258
2015.09.03;08:00:00;18321;18036;18196;18271;6026
2015.09.03;12:00:00;18336;18151;18311;18199;3344
2015.09.03;16:00:00;18482;18296;18422;18304;1070
2015.09.03;20:00:00;18427;18247;18347;18427;1428
2015.09.04;00:00:00;18342;18172;18284;18342;1995
2015.09.04;04:00:00;18331;18226;18286;18286;2778
2015.09.04;08:00:00;18411;18196;18301;18289;4707
2015.09.04;12:00:00;18326;18194;18219;18296;3760
2015.09.04;16:00:00;18306;17977;17987;18216;1032
2015.09.04;20:00:00;18114;17594;17747;17984;2763
2015.09.07;00:00:00;17891;17601;17646;17752;4320
2015.09.07;04:00:00;17786;17521;17591;17644;4517
2015.09.07;08:00:00;17741;17526;17561;17586;6363
2015.09.07;12:00:00;17671;17506;17634;17566;3065
2015.09.07;16:00:00;18017;17472;17867;17596;2455
2015.09.07;20:00:00;17982;17682;17847;17862;2776
2015.09.08;00:00:00;17961;17796;17834;17851;2445
2015.09.08;04:00:00;17881;17801;17841;17836;1353
2015.09.08;08:00:00;17861;17831;17846;17839;377
2015.09.08;12:00:00;17976;17784;17827;17946;679
2015.09.08;16:00:00;17882;17512;17562;17822;2460
2015.09.08;20:00:00;17929;17381;17876;17567;3679
2015.09.09;00:00:00;18011;17861;17931;17879;2690
2015.09.09;04:00:00;18006;17891;17966;17926;3478
2015.09.09;08:00:00;18066;17951;18006;17964;1585
2015.09.09;12:00:00;18232;17981;18222;18001;967
2015.09.09;16:00:00;18447;18177;18417;18227;2076
2015.09.09;20:00:00;18749;18382;18586;18419;3176
2015.09.10;00:00:00;18671;18546;18666;18589;2041
2015.09.10;04:00:00;18701;18471;18566;18661;4435
2015.09.10;08:00:00;18599;18176;18191;18571;3081
2015.09.10;12:00:00;18279;18056;18157;18199;1509
2015.09.10;16:00:00;18313;17952;18150;18152;2795
2015.09.10;20:00:00;18352;18098;18262;18153;3912
2015.09.11;00:00:00;18392;18127;18162;18260;4174
2015.09.11;04:00:00;18247;18112;18187;18167;5403
2015.09.11;08:00:00;18267;18107;18217;18182;2465
2015.09.11;12:00:00;18338;18052;18203;18230;1401
2015.09.11;16:00:00;18333;18178;18298;18213;1718
2015.09.11;20:00:00;18313;18094;18104;18295;3006
2015.09.14;00:00:00;18149;18069;18079;18109;2317
2015.09.14;04:00:00;18164;18009;18152;18084;4073
2015.09.14;08:00:00;18199;18079;18197;18154;1627
2015.09.14;12:00:00;18384;18145;18200;18196;2156
2015.09.14;16:00:00;18208;17905;17973;18203;2089
2015.09.14;20:00:00;18040;17922;17967;17972;2899
2015.09.15;00:00:00;18007;17902;17907;17972;2823
2015.09.15;04:00:00;17987;17865;17982;17905;3710
2015.09.15;08:00:00;17992;17922;17965;17977;670
2015.09.15;12:00:00;18323;17966;18303;17975;1096
2015.09.15;16:00:00;18310;17980;18063;18298;2382
2015.09.15;20:00:00;18138;17828;17867;18058;2820
2015.09.16;00:00:00;17977;17817;17970;17865;2395
2015.09.16;04:00:00;18142;17947;18137;17972;4615
2015.09.16;08:00:00;18277;18132;18242;18142;1324
2015.09.16;12:00:00;18277;18153;18243;18237;871
2015.09.16;16:00:00;18298;18093;18143;18245;1876
2015.09.16;20:00:00;18352;18093;18287;18138;2365
2015.09.17;00:00:00;18352;18257;18322;18282;2384
2015.09.17;04:00:00;18487;18317;18482;18320;4101
2015.09.17;08:00:00;18482;18377;18467;18477;1322
2015.09.17;12:00:00;18477;18358;18403;18465;735
2015.09.17;16:00:00;18433;18293;18398;18400;1104
2015.09.17;20:00:00;18468;18372;18402;18403;1907
2015.09.18;00:00:00;18467;18395;18437;18407;1190
2015.09.18;04:00:00;18467;18392;18457;18432;2621
2015.09.18;08:00:00;18662;18250;18295;18452;5960
2015.09.18;12:00:00;18357;18053;18123;18297;1191
2015.09.18;16:00:00;18220;18078;18163;18128;1720
2015.09.18;20:00:00;18173;18022;18040;18168;2958
2015.09.21;00:00:00;18052;17817;17822;18037;4027
2015.09.21;04:00:00;17982;17767;17887;17817;6167
2015.09.21;08:00:00;17917;17807;17872;17885;2502
2015.09.21;12:00:00;17942;17783;17818;17895;774
2015.09.21;16:00:00;17890;17763;17875;17828;625
2015.09.21;20:00:00;18032;17837;17992;17872;1800
2015.09.22;00:00:00;18122;17962;18005;17995;1977
2015.09.22;04:00:00;18092;17872;17987;18002;4013
2015.09.22;08:00:00;18077;17972;18065;17982;1859
2015.09.22;12:00:00;18118;18053;18073;18057;242
2015.09.22;16:00:00;18103;18013;18068;18080;399
2015.09.22;20:00:00;18107;17757;17797;18063;1997
2015.09.23;00:00:00;17797;17582;17597;17792;2463
2015.09.23;04:00:00;17742;17527;17527;17602;4124
2015.09.23;08:00:00;17712;17522;17670;17532;2484
2015.09.23;12:00:00;17670;17602;17653;17615;374
2015.09.23;16:00:00;17673;17448;17513;17663;633
2015.09.23;20:00:00;17842;17478;17817;17508;1724
2015.09.24;00:00:00;17820;17702;17737;17815;1729
2015.09.24;04:00:00;17767;17552;17632;17742;3583
2015.09.24;08:00:00;17727;17632;17720;17635;2081
2015.09.24;12:00:00;17818;17652;17700;17657;1011
2015.09.24;16:00:00;17778;17613;17676;17698;1794
2015.09.24;20:00:00;17711;17555;17665;17673;3635
2015.09.25;00:00:00;17690;17340;17390;17668;5627
2015.09.25;04:00:00;17450;17180;17330;17393;6042
2015.09.25;08:00:00;17580;17265;17538;17333;2730
2015.09.25;12:00:00;17813;17508;17671;17508;1618
2015.09.25;16:00:00;17783;17476;17776;17673;2512
2015.09.25;20:00:00;18135;17751;18115;17771;3646
2015.09.28;00:00:00;18130;18030;18100;18118;3773
2015.09.28;04:00:00;18105;17970;18025;18103;4419
2015.09.28;08:00:00;18100;17770;17885;18030;2879
2015.09.28;12:00:00;17885;17626;17726;17798;1746
2015.09.28;16:00:00;17761;17586;17711;17731;1636
2015.09.28;20:00:00;17800;17605;17635;17725;4144
2015.09.29;00:00:00;17670;17545;17553;17638;4218
2015.09.29;04:00:00;17560;17345;17375;17550;5768
2015.09.29;08:00:00;17430;17310;17405;17378;2001
2015.09.29;12:00:00;17435;17171;17181;17403;1205
2015.09.29;16:00:00;17201;16986;16988;17186;2212
2015.09.29;20:00:00;17255;16931;17225;16986;4551
2015.09.30;00:00:00;17250;17150;17250;17228;3271
2015.09.30;04:00:00;17300;17100;17135;17253;6906
2015.09.30;08:00:00;17275;17100;17238;17140;3127
2015.09.30;12:00:00;17351;17208;17310;17235;1873
2015.09.30;16:00:00;17427;17245;17427;17305;1949
2015.09.30;20:00:00;17465;17312;17427;17432;3042
2015.10.01;00:00:00;17457;17367;17397;17432;2519
2015.10.01;04:00:00;17485;17262;17277;17392;5928
2015.10.01;08:00:00;17542;17277;17487;17282;2590
2015.10.01;12:00:00;17512;17390;17458;17500;1036
2015.10.01;16:00:00;17853;17423;17808;17463;1975
2015.10.01;20:00:00;17828;17652;17662;17813;2534
2015.10.02;00:00:00;17692;17527;17542;17660;4016
2015.10.02;04:00:00;17632;17437;17527;17540;6988
2015.10.02;08:00:00;17652;17495;17635;17522;2963
2015.10.02;12:00:00;17679;17533;17653;17655;854
2015.10.02;16:00:00;17778;17580;17668;17658;1580
2015.10.02;20:00:00;17742;17648;17742;17665;2878
2015.10.05;00:00:00;17805;17390;17417;17740;3637
2015.10.05;04:00:00;17732;17247;17692;17415;7668
2015.10.05;08:00:00;17892;17647;17875;17697;3702
2015.10.05;12:00:00;18013;17862;17883;17872;1450
2015.10.05;16:00:00;18083;17883;17998;17885;1086
2015.10.05;20:00:00;18197;17967;18192;17997;3236
2015.10.06;00:00:00;18312;18167;18290;18195;2793
2015.10.06;04:00:00;18407;18247;18387;18287;3871
2015.10.06;08:00:00;18432;18352;18352;18392;844
2015.10.06;12:00:00;18370;18283;18288;18335;588
2015.10.06;16:00:00;18325;18148;18258;18293;1072
2015.10.06;20:00:00;18283;18052;18197;18260;2553
2015.10.07;00:00:00;18262;18172;18242;18200;2169
2015.10.07;04:00:00;18310;18107;18172;18247;5323
2015.10.07;08:00:00;18237;18147;18170;18170;2388
2015.10.07;12:00:00;18213;18135;18162;18167;666
2015.10.07;16:00:00;18352;17992;18287;18157;2017
2015.10.07;20:00:00;18461;18272;18431;18282;2895
2015.10.08;00:00:00;18436;18276;18341;18436;2648
2015.10.08;04:00:00;18426;18211;18266;18344;5990
2015.10.08;08:00:00;18381;18251;18356;18269;2827
2015.10.08;12:00:00;18377;18252;18339;18354;727
2015.10.08;16:00:00;18407;18117;18147;18342;1643
2015.10.08;20:00:00;18177;18021;18061;18152;2670
2015.10.09;00:00:00;18156;18041;18101;18064;2677
2015.10.09;04:00:00;18181;18076;18099;18104;4428
2015.10.09;08:00:00;18311;18086;18281;18101;3133
2015.10.09;12:00:00;18291;18184;18227;18279;806
2015.10.09;16:00:00;18437;18202;18417;18224;1252
2015.10.09;20:00:00;18453;18263;18328;18412;2186
2015.10.12;00:00:00;18408;18313;18378;18331;2119
2015.10.12;04:00:00;18383;18303;18323;18373;4262
2015.10.12;08:00:00;18368;18298;18326;18326;1551
2015.10.12;12:00:00;18324;18209;18324;18313;362
2015.10.12;16:00:00;18344;18271;18314;18329;228
2015.10.12;20:00:00;18428;18303;18358;18318;1459
2015.10.13;00:00:00;18378;18293;18318;18361;1470
2015.10.13;04:00:00;18343;18268;18298;18323;1738
2015.10.13;08:00:00;18363;18298;18348;18303;341
2015.10.13;12:00:00;18364;18298;18321;18356;582
2015.10.13;16:00:00;18350;18225;18245;18319;850
2015.10.13;20:00:00;18270;18082;18124;18240;1950
2015.10.14;00:00:00;18154;18084;18094;18119;1688
2015.10.14;04:00:00;18234;18089;18164;18089;3153
2015.10.14;08:00:00;18179;18074;18089;18159;1511
2015.10.14;12:00:00;18124;17898;17908;18088;705
2015.10.14;16:00:00;17975;17850;17888;17905;1181
2015.10.14;20:00:00;18007;17828;17922;17883;1984
2015.10.15;00:00:00;18017;17907;17912;17920;1937
2015.10.15;04:00:00;17992;17797;17892;17907;3983
2015.10.15;08:00:00;17897;17652;17725;17897;1663
2015.10.15;12:00:00;18008;17702;17963;17710;689
2015.10.15;16:00:00;18169;17968;18127;17968;1018
2015.10.15;20:00:00;18137;17926;18041;18132;2545
2015.10.16;00:00:00;18076;18009;18051;18044;2571
2015.10.16;04:00:00;18076;17961;18031;18049;4609
2015.10.16;08:00:00;18241;18031;18196;18036;1349
2015.10.16;12:00:00;18312;18170;18287;18174;722
2015.10.16;16:00:00;18392;18262;18277;18292;823
2015.10.16;20:00:00;18329;18222;18311;18272;1685
2015.10.19;00:00:00;18326;18241;18271;18314;1719
2015.10.19;04:00:00;18366;18249;18301;18276;4238
2015.10.19;08:00:00;18366;18236;18356;18304;1334
2015.10.19;12:00:00;18354;18072;18139;18354;862
2015.10.19;16:00:00;18307;18102;18147;18164;955
2015.10.19;20:00:00;18231;18096;18196;18141;1696
2015.10.20;00:00:00;18216;18126;18191;18199;2069
2015.10.20;04:00:00;18216;18141;18204;18189;2629
2015.10.20;08:00:00;18276;18191;18266;18206;939
2015.10.20;12:00:00;18261;18182;18192;18236;365
2015.10.20;16:00:00;18225;18142;18218;18187;570
2015.10.20;20:00:00;18267;18157;18165;18220;1751
2015.10.21;00:00:00;18222;18155;18207;18162;1571
2015.10.21;04:00:00;18257;18182;18212;18210;2976
2015.10.21;08:00:00;18237;18182;18192;18210;1265
2015.10.21;12:00:00;18378;18137;18333;18142;526
2015.10.21;16:00:00;18563;18318;18523;18335;598
2015.10.21;20:00:00;18605;18412;18487;18525;1600
2015.10.22;00:00:00;18577;18492;18572;18492;1535
2015.10.22;04:00:00;18582;18492;18552;18570;3952
2015.10.22;08:00:00;18582;18422;18450;18547;2150
2015.10.22;12:00:00;18568;18387;18533;18460;659
2015.10.22;16:00:00;18573;18368;18433;18535;961
2015.10.22;20:00:00;18497;18398;18472;18428;1341
2015.10.23;00:00:00;18637;18462;18612;18475;1740
2015.10.23;04:00:00;18872;18580;18852;18610;3482
2015.10.23;08:00:00;18877;18772;18870;18850;2270
2015.10.23;12:00:00;18932;18803;18863;18867;843
2015.10.23;16:00:00;18918;18813;18843;18865;670
2015.10.23;20:00:00;18878;18747;18767;18848;1756
2015.10.25;23:00:00;19057;18762;19052;18762;2470
2015.10.26;00:00:00;19057;18982;19057;19047;4577
2015.10.26;04:00:00;19177;19042;19107;19052;1510
2015.10.26;08:00:00;19117;19018;19033;19102;827
2015.10.26;12:00:00;19073;18933;18935;19035;519
2015.10.26;16:00:00;18982;18872;18970;18937;1563
2015.10.26;20:00:00;19007;18912;18952;18972;1721
2015.10.27;00:00:00;19027;18907;19002;18947;2839
2015.10.27;04:00:00;19030;18960;18980;19007;583
2015.10.27;08:00:00;19002;18888;18913;18992;600
2015.10.27;12:00:00;18918;18753;18778;18918;965
2015.10.27;16:00:00;18882;18767;18812;18772;1627
2015.10.27;20:00:00;18827;18757;18797;18810;1797
2015.10.28;00:00:00;18847;18757;18810;18792;2789
2015.10.28;04:00:00;18867;18782;18832;18807;851
2015.10.28;08:00:00;18928;18813;18893;18821;638
2015.10.28;12:00:00;18918;18823;18898;18888;563
2015.10.28;16:00:00;18962;18862;18947;18897;1421
2015.10.28;20:00:00;18962;18907;18957;18945;1916
2015.10.29;00:00:00;19047;18932;19040;18960;2039
2015.10.29;04:00:00;19167;18907;19145;19027;3784
2015.10.29;08:00:00;19152;18868;18873;19147;781
2015.10.29;12:00:00;18978;18808;18938;18870;845
2015.10.29;16:00:00;18932;18827;18877;18922;1801
2015.10.29;20:00:00;18937;18847;18912;18875;2132
2015.10.30;00:00:00;18957;18892;18902;18910;3010
2015.10.30;04:00:00;18972;18897;18967;18900;497
2015.10.30;08:00:00;18988;18863;18913;18955;675
2015.10.30;12:00:00;19203;18713;19093;18908;2339
2015.10.30;16:00:00;19090;18950;18955;19087;2197
2015.10.30;20:00:00;19010;18895;18920;18958;2196
2015.11.02;00:00:00;18955;18860;18905;18915;2651
2015.11.02;04:00:00;18920;18820;18850;18900;949
2015.11.02;08:00:00;18851;18700;18723;18813;1090
2015.11.02;12:00:00;18753;18630;18720;18720;1046
2015.11.02;16:00:00;18847;18702;18810;18722;1860
2015.11.02;20:00:00;18850;18792;18837;18807;1361
2015.11.03;00:00:00;18912;18835;18912;18842;1293
2015.11.03;04:00:00;19012;18907;18961;18910;554
2015.11.03;08:00:00;19088;18952;19053;18957;269
2015.11.03;12:00:00;19048;18968;18973;19048;148
2015.11.03;16:00:00;18975;18917;18937;18975;681
2015.11.03;20:00:00;18992;18917;18977;18935;338
2015.11.04;00:00:00;19057;18972;19037;18982;1512
2015.11.04;04:00:00;19107;18997;19016;19042;1289
2015.11.04;08:00:00;19093;18973;19083;19015;689
2015.11.04;12:00:00;19178;18923;18928;19088;926
2015.11.04;16:00:00;19062;18867;19015;18927;1669
2015.11.04;20:00:00;19072;18977;19062;19017;1388
2015.11.05;00:00:00;19122;18992;19087;19060;3443
2015.11.05;04:00:00;19112;19027;19067;19085;1889
2015.11.05;08:00:00;19108;18993;19068;19030;618
2015.11.05;12:00:00;19179;19070;19119;19070;934
2015.11.05;16:00:00;19183;19096;19173;19111;1749
2015.11.05;20:00:00;19338;19163;19248;19168;1673
2015.11.06;00:00:00;19308;19148;19253;19253;3258
2015.11.06;04:00:00;19263;19178;19229;19256;1646
2015.11.06;08:00:00;19249;19163;19199;19203;682
2015.11.06;12:00:00;19289;19169;19269;19194;641
2015.11.06;16:00:00;19293;19218;19238;19266;1632
2015.11.06;20:00:00;19371;19216;19333;19243;2510
2015.11.09;00:00:00;19483;19321;19418;19331;5182
2015.11.09;04:00:00;19488;19413;19476;19413;1502
2015.11.09;08:00:00;19679;19413;19649;19473;1276
2015.11.09;12:00:00;19689;19594;19618;19644;979
2015.11.09;16:00:00;19651;19593;19608;19608;1922
2015.11.09;20:00:00;19623;19533;19533;19603;1758
2015.11.10;00:00:00;19543;19338;19353;19528;3121
2015.11.10;04:00:00;19458;19343;19436;19351;1531
2015.11.10;08:00:00;19574;19401;19514;19426;835
2015.11.10;12:00:00;19674;19499;19664;19509;742
2015.11.10;16:00:00;19763;19558;19588;19658;2086
2015.11.10;20:00:00;19673;19548;19646;19583;1692
2015.11.11;00:00:00;19678;19603;19648;19648;3568
2015.11.11;04:00:00;19713;19618;19658;19646;1844
2015.11.11;08:00:00;19709;19593;19636;19663;698
2015.11.11;12:00:00;19724;19624;19704;19634;888
2015.11.11;16:00:00;19773;19673;19743;19698;1822
2015.11.11;20:00:00;19783;19718;19753;19746;1236
2015.11.12;00:00:00;19768;19678;19743;19756;3141
2015.11.12;04:00:00;19743;19665;19673;19738;1509
2015.11.12;08:00:00;19714;19594;19709;19663;661
2015.11.12;12:00:00;19724;19679;19704;19706;715
2015.11.12;16:00:00;19718;19628;19653;19698;1950
2015.11.12;20:00:00;19668;19568;19598;19651;1921
2015.11.13;00:00:00;19628;19498;19518;19603;4634
2015.11.13;04:00:00;19553;19425;19430;19521;1964
2015.11.13;08:00:00;19584;19379;19544;19461;948
2015.11.13;12:00:00;19601;19504;19584;19539;845
2015.11.13;16:00:00;19628;19533;19553;19583;1895
2015.11.13;20:00:00;19573;19458;19508;19551;2529
2015.11.16;00:00:00;19543;19423;19543;19503;3898
2015.11.16;04:00:00;19558;19393;19398;19541;2151
2015.11.16;08:00:00;19449;19233;19414;19303;1161
2015.11.16;12:00:00;19439;19371;19373;19416;548
2015.11.16;16:00:00;19578;19368;19528;19368;2563
2015.11.16;20:00:00;19578;19488;19548;19531;2369
2015.11.17;00:00:00;19653;19513;19653;19546;3443
2015.11.17;04:00:00;19703;19643;19687;19658;1186
2015.11.17;08:00:00;19709;19629;19674;19661;464
2015.11.17;12:00:00;19729;19654;19654;19679;440
2015.11.17;16:00:00;19728;19623;19718;19648;1641
2015.11.17;20:00:00;19763;19701;19758;19721;1367
2015.11.18;00:00:00;19833;19703;19808;19753;2739
2015.11.18;04:00:00;19883;19773;19822;19803;1927
2015.11.18;08:00:00;19839;19773;19814;19813;594
2015.11.18;12:00:00;19819;19644;19664;19819;525
2015.11.18;16:00:00;19728;19651;19713;19658;1755
2015.11.18;20:00:00;19813;19688;19808;19711;1510
2015.11.19;00:00:00;19823;19768;19808;19813;3507
2015.11.19;04:00:00;19953;19798;19919;19803;2271
2015.11.19;08:00:00;19959;19848;19949;19918;509
2015.11.19;12:00:00;19954;19754;19859;19944;893
2015.11.19;16:00:00;19908;19846;19903;19858;1629
2015.11.19;20:00:00;19923;19878;19888;19906;1415
2015.11.20;00:00:00;19898;19798;19843;19893;3520
2015.11.20;04:00:00;19877;19813;19859;19841;1606
2015.11.20;08:00:00;19841;19709;19769;19821;453
2015.11.20;12:00:00;19844;19744;19844;19764;469
2015.11.20;16:00:00;19936;19843;19873;19843;1836
2015.11.20;20:00:00;19918;19863;19903;19876;1231
2015.11.23;00:00:00;19938;19888;19913;19906;2428
2015.11.23;04:00:00;19943;19883;19918;19918;970
2015.11.23;08:00:00;20023;19911;19984;19923;446
2015.11.23;12:00:00;20024;19964;19998;19989;133
2015.11.23;16:00:00;19998;19898;19928;19996;1327
2015.11.23;20:00:00;19978;19858;19863;19923;1361
2015.11.24;00:00:00;19933;19853;19853;19868;2026
2015.11.24;04:00:00;19868;19796;19836;19856;549
2015.11.24;08:00:00;19904;19834;19839;19843;488
2015.11.24;12:00:00;19954;19829;19929;19834;406
2015.11.24;16:00:00;19973;19818;19883;19928;2210
2015.11.24;20:00:00;19911;19786;19793;19881;1904
2015.11.25;00:00:00;19858;19758;19838;19796;2930
2015.11.25;04:00:00;19933;19833;19883;19836;1617
2015.11.25;08:00:00;19898;19794;19836;19888;554
2015.11.25;12:00:00;19874;19784;19844;19834;420
2015.11.25;16:00:00;19898;19803;19878;19843;1584
2015.11.25;20:00:00;19898;19863;19893;19876;1117
2015.11.26;00:00:00;19933;19878;19928;19888;2192
2015.11.26;04:00:00;19928;19888;19914;19923;357
2015.11.26;08:00:00;19991;19901;19964;19901;425
2015.11.26;12:00:00;19989;19934;19944;19959;342
2015.11.26;16:00:00;19973;19918;19963;19943;1373
2015.11.26;20:00:00;20008;19963;19983;19966;652
2015.11.27;00:00:00;20003;19973;20003;19981;159
2015.11.27;04:00:00;19999;19829;19859;19988;351
2015.11.27;08:00:00;19909;19854;19874;19856;405
2015.11.27;12:00:00;19883;19781;19868;19873;1688
2015.11.27;16:00:00;19888;19853;19863;19863;1074
2015.11.27;20:00:00;19873;19808;19858;19868;1576
2015.11.30;00:00:00;19866;19851;19866;19853;22
2015.11.30;04:00:00;19888;19759;19779;19873;560
2015.11.30;08:00:00;19789;19701;19768;19774;420
2015.11.30;12:00:00;19833;19718;19833;19773;1146
2015.11.30;16:00:00;19873;19778;19793;19838;1075
2015.11.30;20:00:00;19838;19758;19798;19788;1610
2015.12.01;00:00:00;19814;19733;19809;19803;862
2015.12.01;04:00:00;19949;19748;19944;19788;636
2015.12.01;08:00:00;19979;19914;19974;19939;455
2015.12.01;12:00:00;20023;19948;19973;19973;1549
2015.12.01;16:00:00;20008;19963;20003;19978;825
2015.12.01;20:00:00;20003;19923;19931;19998;1784
2015.12.02;00:00:00;19993;19928;19985;19928;531
2015.12.02;04:00:00;19993;19919;19969;19983;398
2015.12.02;08:00:00;19979;19923;19958;19974;418
2015.12.02;12:00:00;19983;19943;19966;19963;1235
2015.12.02;16:00:00;19988;19938;19983;19968;1179
2015.12.02;20:00:00;19993;19923;19928;19988;1512
2015.12.03;00:00:00;19928;19783;19851;19926;1440
2015.12.03;04:00:00;19939;19846;19894;19861;581
2015.12.03;08:00:00;19964;19874;19923;19889;374
2015.12.03;12:00:00;19968;19898;19963;19928;1067
2015.12.03;16:00:00;19968;19778;19803;19968;3857
2015.12.03;20:00:00;19798;19513;19518;19798;4100
2015.12.04;00:00:00;19566;19418;19556;19521;2527
2015.12.04;04:00:00;19644;19499;19499;19538;816
2015.12.04;08:00:00;19514;19428;19443;19494;569
2015.12.04;12:00:00;19573;19423;19538;19441;2631
2015.12.04;16:00:00;19603;19383;19508;19533;3119
2015.12.04;20:00:00;19708;19463;19703;19513;2970
2015.12.07;00:00:00;19738;19663;19718;19698;931
2015.12.07;04:00:00;19804;19688;19789;19716;465
2015.12.07;08:00:00;19804;19669;19753;19794;356
2015.12.07;12:00:00;19798;19698;19776;19751;1697
2015.12.07;16:00:00;19786;19698;19713;19773;1737
2015.12.07;20:00:00;19728;19618;19658;19708;3125
2015.12.08;00:00:00;19745;19643;19730;19656;1587
2015.12.08;04:00:00;19764;19464;19474;19731;758
2015.12.08;08:00:00;19539;19434;19493;19469;534
2015.12.08;12:00:00;19511;19368;19443;19498;1923
2015.12.08;16:00:00;19461;19248;19288;19441;2361
2015.12.08;20:00:00;19403;19238;19363;19286;3528
2015.12.09;00:00:00;19418;19348;19383;19366;1508
2015.12.09;04:00:00;19464;19254;19309;19373;782
2015.12.09;08:00:00;19344;19249;19328;19314;708
2015.12.09;12:00:00;19358;19213;19223;19333;2226
2015.12.09;16:00:00;19298;19108;19228;19228;2814
2015.12.09;20:00:00;19303;18858;18888;19223;3564
2015.12.10;00:00:00;18982;18858;18980;18891;1267
2015.12.10;04:00:00;19114;18963;19069;18973;1005
2015.12.10;08:00:00;19089;18987;19007;19074;537
2015.12.10;12:00:00;19157;18972;19130;19002;1319
2015.12.10;16:00:00;19137;19035;19067;19132;1684
2015.12.10;20:00:00;19142;19037;19092;19070;1771
2015.12.11;00:00:00;19157;19035;19059;19097;800
2015.12.11;04:00:00;19278;18997;19223;19082;927
2015.12.11;08:00:00;19268;19183;19217;19218;589
2015.12.11;12:00:00;19215;19027;19037;19212;1218
2015.12.11;16:00:00;19035;18680;18737;19035;2149
2015.12.11;20:00:00;18847;18607;18682;18732;2533
2015.12.14;00:00:00;18737;18627;18697;18687;957
2015.12.14;04:00:00;18818;18583;18798;18692;1211
2015.12.14;08:00:00;18910;18773;18897;18803;850
2015.12.14;12:00:00;18975;18832;18867;18892;1530
2015.12.14;16:00:00;18872;18642;18730;18865;2158
2015.12.14;20:00:00;18802;18527;18692;18732;2987
2015.12.15;00:00:00;18832;18657;18797;18697;1150
2015.12.15;04:00:00;18887;18683;18748;18802;900
2015.12.15;08:00:00;18768;18548;18617;18753;865
2015.12.15;12:00:00;18732;18512;18702;18612;1328
2015.12.15;16:00:00;18922;18677;18887;18697;1226
2015.12.15;20:00:00;18952;18832;18952;18892;1137
