DATE;TIME;HIGH;LOW;CLOSE;OPEN;VOLUME
2015.04.27;12:00:00;503.3;503.1;503.1;503.2;6
2015.04.27;16:00:00;503.4;503;503.4;503.2;8
2015.04.27;20:00:00;505;498.7;501.3;502.7;1574
2015.04.28;00:00:00;510.5;501.1;510.2;501.2;1456
2015.04.28;04:00:00;510.5;507.5;508.2;510.3;948
2015.04.28;08:00:00;512;507.1;507.7;508.3;496
2015.04.28;12:00:00;508.4;507;507.3;508.1;199
2015.04.28;16:00:00;507.6;506.6;507.2;507.2;235
2015.04.28;20:00:00;508.3;504.6;505.3;507.1;774
2015.04.29;00:00:00;505.4;500.5;502.2;505.2;1708
2015.04.29;04:00:00;502.6;497.9;501.9;502.1;2430
2015.04.29;08:00:00;502.8;500.8;502.5;501.8;487
2015.04.29;12:00:00;502.7;502.1;502.7;502.6;156
2015.04.29;16:00:00;502.6;501.5;501.8;502.6;165
2015.04.29;20:00:00;503.7;499.6;502.1;501.7;1934
2015.04.30;00:00:00;502.3;493.1;494.8;502;2159
2015.04.30;04:00:00;495.6;486.6;488.1;494.7;3400
2015.04.30;08:00:00;491;486.7;489.4;488;1028
2015.04.30;12:00:00;490;488.6;489.7;489.1;224
2015.04.30;16:00:00;490.3;488.3;488.3;489.8;335
2015.04.30;20:00:00;490.7;484.4;489.3;488.4;3046
2015.05.01;00:00:00;491.1;487.1;489.9;489.2;2381
2015.05.01;04:00:00;490;484.7;485.4;489.8;3118
2015.05.01;08:00:00;486.9;482.9;484.9;485.3;1089
2015.05.01;12:00:00;485.6;484.5;485.4;485.2;285
2015.05.01;16:00:00;485.4;484.8;484.9;485.3;120
2015.05.01;20:00:00;486.5;484.7;485.4;485;239
2015.05.04;00:00:00;486.7;485.2;486.3;485.5;325
2015.05.04;04:00:00;489.2;485.7;487.7;486.4;2823
2015.05.04;08:00:00;489.8;487;488.9;487.6;1244
2015.05.04;12:00:00;489;488;488.2;489;172
2015.05.04;16:00:00;488.4;487.9;488.4;488.1;110
2015.05.04;20:00:00;490.3;484;489.5;488.3;2049
2015.05.05;00:00:00;493.2;489.3;491.7;489.3;1385
2015.05.05;04:00:00;492.2;490.4;490.8;491.5;951
2015.05.05;08:00:00;491.4;490.4;490.8;490.7;321
2015.05.05;12:00:00;491;490.3;490.6;490.5;109
2015.05.05;16:00:00;490.7;489.8;490.3;490.7;118
2015.05.05;20:00:00;495;488.6;493.2;490.2;2283
2015.05.06;00:00:00;493.9;488.1;489;493.4;2032
2015.05.06;04:00:00;491.1;481.7;482.8;488.7;2978
2015.05.06;08:00:00;482.8;481.5;482.6;482.7;738
2015.05.06;12:00:00;483.3;482.5;483.1;482.7;146
2015.05.06;16:00:00;485.1;483;484.6;483.2;196
2015.05.06;20:00:00;484.7;478;482.2;484.7;3262
2015.05.07;00:00:00;483.7;480.5;481;482.1;1930
2015.05.07;04:00:00;482.1;476.6;477.2;480.9;3108
2015.05.07;08:00:00;477.3;474.9;476.4;477.1;675
2015.05.07;12:00:00;476.8;475.3;476.5;476.3;257
2015.05.07;16:00:00;477.6;476.3;477.3;476.6;258
2015.05.07;20:00:00;477.4;471.4;472.3;477.4;2840
2015.05.08;00:00:00;479.9;469.5;477;472.4;3049
2015.05.08;04:00:00;479.7;476.2;478.9;476.9;2908
2015.05.08;08:00:00;479.1;477.9;478.6;479;381
2015.05.08;12:00:00;479.5;478.5;479.1;478.7;187
2015.05.08;16:00:00;479.7;479;479.4;479;201
2015.05.08;20:00:00;484;478.9;482.6;479.3;2725
2015.05.11;00:00:00;487.9;481.4;486.4;482.7;2174
2015.05.11;04:00:00;491.8;486.2;491.1;486.5;2160
2015.05.11;08:00:00;491.4;489.9;490.1;491;521
2015.05.11;12:00:00;490.1;488.9;489.3;490;249
2015.05.11;16:00:00;489.8;489.1;489.6;489.2;170
2015.05.11;20:00:00;492.3;489.1;489.6;490.4;2430
2015.05.12;00:00:00;492;489.2;491.6;489.7;1629
2015.05.12;04:00:00;493.5;491.2;492.1;491.5;1334
2015.05.12;08:00:00;492.4;490.2;490.6;492;370
2015.05.12;12:00:00;491.3;490.5;491;490.7;176
2015.05.12;16:00:00;491.2;490.3;491.1;491.1;188
2015.05.12;20:00:00;493.1;486;486.8;491.2;2186
2015.05.13;00:00:00;489.1;485.8;487.9;486.7;2474
2015.05.13;04:00:00;490.5;486.2;488.7;487.6;2484
2015.05.13;08:00:00;489.8;488.4;489.4;488.8;535
2015.05.13;12:00:00;490.1;488.7;489.8;489;233
2015.05.13;16:00:00;490.8;489.7;490.3;489.7;223
2015.05.13;20:00:00;492.6;488.5;491.4;490.4;1811
2015.05.14;00:00:00;492.5;489;489.6;491.5;1778
2015.05.14;04:00:00;490.3;484.5;485.7;489.4;2504
2015.05.14;08:00:00;486.5;485;486.1;485.8;555
2015.05.14;12:00:00;485.5;484.5;484.5;485.1;208
2015.05.14;16:00:00;484.7;484;484.4;484.4;188
2015.05.14;20:00:00;487.2;480.8;486.5;484.5;1867
2015.05.15;00:00:00;489.5;484.9;489.3;486.6;1417
2015.05.15;04:00:00;492;489.1;490.7;489.4;1732
2015.05.15;08:00:00;491.1;489.9;490.6;490.8;619
2015.05.15;12:00:00;491.1;490.2;490.7;490.5;160
2015.05.15;16:00:00;490.8;490.3;490.4;490.8;199
2015.05.15;20:00:00;494.9;490.2;494.7;490.5;1679
2015.05.18;00:00:00;495.4;493.8;494.4;494.6;1708
2015.05.18;04:00:00;494.4;488.9;491.2;494.3;2086
2015.05.18;08:00:00;491.5;490.3;490.7;491.3;213
2015.05.18;12:00:00;490.9;490;490.1;490.8;213
2015.05.18;16:00:00;491.4;490;491.4;490;147
2015.05.18;20:00:00;492.8;488.4;489.3;491.7;2199
2015.05.19;00:00:00;489.2;483.8;487.4;489.2;2201
2015.05.19;04:00:00;490.8;486.9;490.7;487.3;1279
2015.05.19;08:00:00;491.3;490.2;491.2;490.8;216
2015.05.19;12:00:00;491.4;491;491.4;491.3;99
2015.05.19;16:00:00;491.9;491.4;491.8;491.5;124
2015.05.19;20:00:00;499;491.1;498.8;491.7;2353
2015.05.20;00:00:00;499.3;496.7;498.8;498.7;1424
2015.05.20;04:00:00;499.6;497.1;498.7;498.7;1651
2015.05.20;08:00:00;499.5;497.6;497.9;498.6;373
2015.05.20;12:00:00;498.3;497.3;498.3;498;185
2015.05.20;16:00:00;498.7;497;498.4;498.4;242
2015.05.20;20:00:00;500.5;497.7;498.6;498.3;1749
2015.05.21;00:00:00;500.2;498.2;499.8;498.7;1005
2015.05.21;04:00:00;502.9;499.5;501.5;499.9;1123
2015.05.21;08:00:00;502.3;501;501.5;501.4;659
2015.05.21;12:00:00;501.4;499.3;500.7;501.3;326
2015.05.21;16:00:00;500.8;500.2;500.7;500.8;184
2015.05.21;20:00:00;501.8;499.3;501.1;500.8;1311
2015.05.22;00:00:00;501.6;499.7;501;501.2;1081
2015.05.22;04:00:00;502.4;500.1;501.8;501.1;1217
2015.05.22;08:00:00;502.5;501.5;502.1;501.9;275
2015.05.22;12:00:00;502.2;501.4;501.4;501.9;161
2015.05.22;16:00:00;503;501.4;502.6;501.5;215
2015.05.22;20:00:00;502.7;500.4;501;502.5;1036
2015.05.25;00:00:00;502.6;499.7;502.4;501.1;1121
2015.05.25;04:00:00;503.2;501;502.1;502.5;995
2015.05.25;08:00:00;502.8;501.6;502.5;502.2;288
2015.05.25;12:00:00;502.6;501;502.5;502.4;207
2015.05.25;16:00:00;503.4;501.6;503.3;502.6;178
2015.05.25;20:00:00;503.2;500.4;500.5;503.1;353
2015.05.26;00:00:00;500.8;498.4;500.3;500.6;161
2015.05.26;04:00:00;501.5;500.3;501;500.4;219
2015.05.26;08:00:00;501;500.3;500.3;500.9;32
2015.05.26;12:00:00;500.5;499.3;499.9;500.2;204
2015.05.26;16:00:00;500.2;499.2;499.6;500;250
2015.05.26;20:00:00;502.7;497.4;500.2;499.7;2504
2015.05.27;00:00:00;501.9;498.9;500.9;500.3;1406
2015.05.27;04:00:00;501.5;494.9;496.3;500.8;2086
2015.05.27;08:00:00;498.2;495.4;497.9;496.2;516
2015.05.27;12:00:00;498.2;497.2;497.7;498;227
2015.05.27;16:00:00;497.9;497.1;497.3;497.8;212
2015.05.27;20:00:00;498.8;496.5;498.2;497.2;1524
2015.05.28;00:00:00;499.3;497;499;498.3;1422
2015.05.28;04:00:00;504.7;498.7;503.2;498.9;2332
2015.05.28;08:00:00;504.6;503.2;503.4;503.3;418
2015.05.28;12:00:00;503.9;503.4;503.8;503.5;143
2015.05.28;16:00:00;504;503.1;503.1;503.9;199
2015.05.28;20:00:00;504.4;502.3;504.4;503;1513
2015.05.29;00:00:00;504.7;502.7;503.4;504.3;1289
2015.05.29;04:00:00;504.1;499.6;501.6;503.3;1879
2015.05.29;08:00:00;503.2;501.3;503.1;501.7;292
2015.05.29;12:00:00;503.2;502.5;503.2;503.2;101
2015.05.29;16:00:00;503.2;502.4;502.9;503.1;163
2015.05.29;20:00:00;503.1;497.5;499;503;1889
2015.06.01;00:00:00;501.3;496.6;497.7;499.1;1814
2015.06.01;04:00:00;498.6;492.7;495.1;497.6;2925
2015.06.01;08:00:00;495.7;494;495.2;495.2;579
2015.06.01;12:00:00;495.8;494.4;495.6;495;349
2015.06.01;16:00:00;496.7;495.4;496.4;495.5;228
2015.06.01;20:00:00;498.9;491.1;491.7;496.5;2463
2015.06.02;00:00:00;496.3;491.3;492.7;491.8;2059
2015.06.02;04:00:00;493.8;491.5;493.4;492.9;1683
2015.06.02;08:00:00;493.9;492.7;493.6;493.3;271
2015.06.02;12:00:00;494;493.3;493.8;493.5;165
2015.06.02;16:00:00;494.2;492.9;493;493.9;295
2015.06.02;20:00:00;493.9;485.3;486.1;492.9;1876
2015.06.03;00:00:00;490.7;485.6;488.8;486;2550
2015.06.03;04:00:00;488.8;485.5;487.1;488.7;2679
2015.06.03;08:00:00;487.8;485.5;485.7;487.2;407
2015.06.03;12:00:00;486.2;485.6;486.1;485.6;172
2015.06.03;16:00:00;486.2;485.7;486;486.2;179
2015.06.03;20:00:00;488.3;485.1;486.5;485.9;1956
2015.06.04;00:00:00;492.7;486.1;490.7;486.4;2129
2015.06.04;04:00:00;490.9;486;487.2;490.6;2911
2015.06.04;08:00:00;487.5;485.8;486.3;487.1;496
2015.06.04;12:00:00;486.7;485.5;485.6;486.2;162
2015.06.04;16:00:00;486;485;485.7;485.7;219
2015.06.04;20:00:00;486.2;478.2;480.2;485.6;2985
2015.06.05;00:00:00;484.9;479.3;484.3;480.3;2456
2015.06.05;04:00:00;489.5;483.6;483.9;484.2;2948
2015.06.05;08:00:00;483.9;480.9;482.9;483.8;1175
2015.06.05;12:00:00;483.2;482.4;482.9;483;217
2015.06.05;16:00:00;483;482.1;482.4;483;189
2015.06.05;20:00:00;483.3;478.5;479.9;482.5;2658
2015.06.08;00:00:00;480.9;476.8;480;479.8;2597
2015.06.08;04:00:00;482.2;478.5;479.4;480.1;3090
2015.06.08;08:00:00;480.1;479.1;480;479.5;388
2015.06.08;12:00:00;480.6;478.6;479.4;480.1;323
2015.06.08;16:00:00;480.2;478.8;480;479.3;231
2015.06.08;20:00:00;480.8;474.8;476.5;480.2;2923
2015.06.09;00:00:00;477.5;474.6;475.4;476.4;2370
2015.06.09;04:00:00;477.1;472.4;472.6;475.3;1775
2015.06.09;08:00:00;474;471.9;473.2;472.5;475
2015.06.09;12:00:00;474.1;473;474;473;219
2015.06.09;16:00:00;474.1;473;473.7;473.9;221
2015.06.09;20:00:00;475;471.6;472.2;473.6;2086
2015.06.10;00:00:00;474.9;468.5;474.2;472.1;2494
2015.06.10;04:00:00;474.8;470.7;474;474.1;2459
2015.06.10;08:00:00;474.6;472.6;473.5;473.9;473
2015.06.10;12:00:00;474;473;473.9;473.6;194
2015.06.10;16:00:00;474.2;473.5;473.6;473.8;207
2015.06.10;20:00:00;475.5;471.5;474.9;473.5;2302
2015.06.11;00:00:00;478.3;474.4;476.5;474.8;1947
2015.06.11;04:00:00;483.1;475.9;481.3;476.4;2142
2015.06.11;08:00:00;482;480.5;481.5;481.2;509
2015.06.11;12:00:00;481.6;480.3;481.1;481.4;177
2015.06.11;16:00:00;481.1;480.2;480.6;481;111
2015.06.11;20:00:00;484.5;479.3;483.7;480.7;2016
2015.06.12;00:00:00;488;483.7;487.8;483.8;2059
2015.06.12;04:00:00;489.2;482.8;484.8;487.7;2671
2015.06.12;08:00:00;485.7;483.9;484.5;484.7;423
2015.06.12;12:00:00;484.7;483.1;483.6;484.6;138
2015.06.12;16:00:00;483.7;483.1;483.5;483.5;241
2015.06.12;20:00:00;484.5;480.3;481.7;483.6;2186
2015.06.15;00:00:00;483.3;476.9;477.9;481.6;2591
2015.06.15;04:00:00;478.3;473.7;476.1;477.8;3332
2015.06.15;08:00:00;477.9;475.7;477.7;476.2;413
2015.06.15;12:00:00;475.2;473;474.6;474.6;424
2015.06.15;16:00:00;474.6;473.3;474.4;474.5;173
2015.06.15;20:00:00;475;471.5;473.5;474.3;2739
2015.06.16;00:00:00;474.4;470.8;473.5;473.4;2441
2015.06.16;04:00:00;475.4;472.5;473;473.4;1827
2015.06.16;08:00:00;474.3;472.7;473.6;473.1;412
2015.06.16;12:00:00;473.8;472.6;472.8;473.4;138
2015.06.16;16:00:00;473.1;472.4;473;472.9;215
2015.06.16;20:00:00;473.3;466.7;468.8;472.9;2757
2015.06.17;00:00:00;472.3;467;472;468.7;2276
2015.06.17;04:00:00;476.9;471.1;475.3;471.9;2033
2015.06.17;08:00:00;476.2;475.1;476;475.4;324
2015.06.17;12:00:00;476.4;475.8;476.1;476.1;135
2015.06.17;16:00:00;476.6;475.8;476.3;476.2;181
2015.06.17;20:00:00;477.5;471.9;475.9;476.4;2033
2015.06.18;00:00:00;475.8;469.9;472;475.8;2083
2015.06.18;04:00:00;474.6;469.1;469.4;471.9;1978
2015.06.18;08:00:00;471.6;467.9;468.4;469.3;1153
2015.06.18;12:00:00;469.1;468.4;468.5;468.5;164
2015.06.18;16:00:00;468.4;467.5;467.9;468.3;240
2015.06.18;20:00:00;470.4;466.9;467.5;467.8;2166
2015.06.19;00:00:00;469.8;464.3;468.8;467.4;2623
2015.06.19;04:00:00;479;468;475.9;468.9;3081
2015.06.19;08:00:00;476.6;474.2;474.7;475.8;1162
2015.06.19;12:00:00;475;473.6;473.8;474.8;202
2015.06.19;16:00:00;474.1;473.4;473.8;473.7;110
2015.06.19;20:00:00;477.6;471.1;476.6;473.7;1681
2015.06.22;00:00:00;479.7;475.8;476.7;476.5;2615
2015.06.22;04:00:00;476.9;474;475.7;476.8;2492
2015.06.22;08:00:00;476;474.3;474.3;475.6;395
2015.06.22;12:00:00;477.7;476.7;477.6;476.8;272
2015.06.22;16:00:00;480;477.3;480;477.5;113
2015.06.22;20:00:00;489.8;480.1;488.5;481.2;3339
2015.06.23;00:00:00;489.4;484.8;488.1;488.4;2857
2015.06.23;04:00:00;490.1;487.8;488.7;488.2;1999
2015.06.23;08:00:00;489.5;487.8;489.2;488.8;339
2015.06.23;12:00:00;491.8;489.2;491.7;489.3;137
2015.06.23;16:00:00;493;491.6;492.9;491.8;190
2015.06.23;20:00:00;494.3;490.7;493.5;492.8;1871
2015.06.24;00:00:00;496.2;493.2;495.5;493.6;1485
2015.06.24;04:00:00;497.1;494;494.8;495.6;1772
2015.06.24;08:00:00;495.6;493.3;493.8;494.9;442
2015.06.24;12:00:00;494.1;493.2;493.4;494;157
2015.06.24;16:00:00;493.3;492.9;492.9;493.3;97
2015.06.24;20:00:00;495.9;492.9;495.2;493;1765
2015.06.25;00:00:00;495.4;490.7;491.8;495.1;2963
2015.06.25;04:00:00;494.2;491;491.7;491.9;2173
2015.06.25;08:00:00;491.8;489.4;490.6;491.6;754
2015.06.25;12:00:00;491;490;490.7;490.7;195
2015.06.25;16:00:00;491.5;490;491.5;490.6;212
2015.06.25;20:00:00;494.8;488.5;493.3;491.3;2187
2015.06.26;00:00:00;497.2;492.1;493.6;493.1;3348
2015.06.26;04:00:00;493.8;489.2;492.2;493.7;2553
2015.06.26;08:00:00;492.4;490.2;491.2;492.1;430
2015.06.26;12:00:00;492.1;490.8;491.3;491.5;176
2015.06.26;16:00:00;491.9;490.5;491.7;491.2;271
2015.06.26;20:00:00;491.7;487.9;489.2;491.6;1726
2015.06.29;00:00:00;495.1;488.8;494.7;489.1;1871
2015.06.29;04:00:00;496.7;493.3;493.7;494.6;2306
2015.06.29;08:00:00;494.8;493.4;494.8;493.8;799
2015.06.29;12:00:00;494.9;471;475.3;494.9;1493
2015.06.29;16:00:00;477.1;471.8;477.1;475.2;707
2015.06.29;20:00:00;482.7;468.9;480.6;473;4579
2015.06.30;00:00:00;483.5;478.5;482.1;480.5;2585
2015.06.30;04:00:00;483;474.9;475.2;482;2304
2015.06.30;08:00:00;475.4;472.2;474.1;475.1;760
2015.06.30;12:00:00;474.9;473.6;474.3;473.8;340
2015.06.30;16:00:00;475.3;473.1;475.1;474.2;419
2015.06.30;20:00:00;476.5;471;473.7;475;2841
2015.07.01;00:00:00;479.9;473.6;478.6;473.8;3996
2015.07.01;04:00:00;479.7;470.6;472.4;478.7;4141
2015.07.01;08:00:00;476.9;472.1;475;472.5;1776
2015.07.01;12:00:00;475.9;473.7;475.5;474.3;156
2015.07.01;16:00:00;477.7;475.4;476.1;475.4;331
2015.07.01;20:00:00;478.9;473.9;478.6;476;2514
2015.07.02;00:00:00;484.9;477.6;484.1;478.7;3838
2015.07.02;04:00:00;486.2;481;481.1;484.2;2708
2015.07.02;08:00:00;483.1;480.5;483;481;735
2015.07.02;12:00:00;482.9;481.3;481.3;482.6;190
2015.07.02;16:00:00;482.4;481.3;482;481.5;221
2015.07.02;20:00:00;483.4;481.1;481.7;482.1;1711
2015.07.03;00:00:00;481.9;479.7;479.8;481.6;1485
2015.07.03;04:00:00;480.1;476.1;476.8;479.9;2051
2015.07.03;08:00:00;477.8;476.2;477.2;476.7;590
2015.07.03;12:00:00;477.4;476.5;477;477.3;155
2015.07.03;16:00:00;477.7;476.3;477.7;476.9;246
2015.07.03;20:00:00;478.6;475;475.8;477.8;1837
2015.07.06;00:00:00;477.8;474.8;476;475.7;1632
2015.07.06;04:00:00;476.3;471.7;475.1;475.9;2007
2015.07.06;08:00:00;475;472.5;474.8;475;193
2015.07.06;12:00:00;461.2;458.1;460.5;459.2;691
2015.07.06;16:00:00;463.5;459.2;463.5;460.6;603
2015.07.06;20:00:00;471.7;461;470.7;463.4;4323
2015.07.07;00:00:00;471.3;465.7;467.8;470.6;2786
2015.07.07;04:00:00;470.1;464.8;465;467.7;2490
2015.07.07;08:00:00;467.9;464.4;467.8;464.9;961
2015.07.07;12:00:00;469;467;468.3;468;399
2015.07.07;16:00:00;468.6;467.7;468.5;468.2;327
2015.07.07;20:00:00;470.4;463.7;464.9;468.4;2251
2015.07.08;00:00:00;465.3;460.3;462.9;464.8;2018
2015.07.08;04:00:00;463.5;455.9;460.8;462.8;4190
2015.07.08;08:00:00;466.2;459.8;464.4;460.9;1899
2015.07.08;12:00:00;464.7;462.8;463.4;464.7;360
2015.07.08;16:00:00;463.5;460.9;461.1;463.5;1129
2015.07.08;20:00:00;462.4;454.6;457.5;461.2;4163
2015.07.09;00:00:00;461.8;456.6;461;457.6;2984
2015.07.09;04:00:00;460.9;457.9;459.4;460.9;3103
2015.07.09;08:00:00;459.7;456.2;456.7;459.3;1404
2015.07.09;12:00:00;458.8;456.1;458.1;456.8;611
2015.07.09;16:00:00;460.1;457.9;459.8;458.2;1046
2015.07.09;20:00:00;463.9;459.2;463.8;459.9;2183
2015.07.10;00:00:00;470.8;463.4;470.7;463.9;2580
2015.07.10;04:00:00;471.2;467.1;468.8;470.8;3065
2015.07.10;08:00:00;469.1;466;467.9;468.7;1427
2015.07.10;12:00:00;478.7;467.5;476.7;467.8;1245
2015.07.10;16:00:00;479.2;476.5;478.3;476.5;732
2015.07.10;20:00:00;481.6;476;479.5;478.2;3191
2015.07.13;00:00:00;482.7;479.2;482;479.4;1953
2015.07.13;04:00:00;483.5;479.6;482.4;482.1;2516
2015.07.13;08:00:00;484;481.3;482.9;482.5;897
2015.07.13;12:00:00;485.2;475.7;477.4;483;928
2015.07.13;16:00:00;483.5;477.3;481.1;477.5;1039
2015.07.13;20:00:00;489.7;477.9;488.8;479.9;4780
2015.07.14;00:00:00;489.4;487.5;488.9;488.7;1927
2015.07.14;04:00:00;490.2;488.8;488.9;489;1395
2015.07.14;08:00:00;490.4;489;490;489;262
2015.07.14;12:00:00;490.3;489.2;489.6;490.1;178
2015.07.14;16:00:00;489.8;489.2;489.5;489.7;291
2015.07.14;20:00:00;491.1;488.6;490.1;489.6;1568
2015.07.15;00:00:00;491.2;489.8;490.8;490;1156
2015.07.15;04:00:00;493.8;490.6;493.5;490.7;1422
2015.07.15;08:00:00;494.5;493.3;494.3;493.4;439
2015.07.15;12:00:00;494.9;493.1;493.8;494.4;205
2015.07.15;16:00:00;496;493.7;494.7;493.9;471
2015.07.15;20:00:00;495.2;493;494.8;494.8;1398
2015.07.16;00:00:00;496.2;494.3;495.7;494.9;1116
2015.07.16;04:00:00;497.5;495.8;497;495.8;1251
2015.07.16;08:00:00;497.4;494.4;496.8;496.9;802
2015.07.16;12:00:00;502.1;496.2;499.7;497.3;419
2015.07.16;16:00:00;502.4;499.6;501.4;499.8;403
2015.07.16;20:00:00;503.5;498.7;503.2;501.3;1619
2015.07.17;00:00:00;503.3;501.6;502.7;503.3;1199
2015.07.17;04:00:00;503.2;500.2;500.2;502.6;1526
2015.07.17;08:00:00;501.2;499.5;500.3;500.1;518
2015.07.17;12:00:00;500.9;499.8;500;500.1;152
2015.07.17;16:00:00;500.4;499.5;499.9;500.1;109
2015.07.17;20:00:00;501.2;499.4;501;500;1111
2015.07.20;00:00:00;502.2;500.3;501.4;501.1;1273
2015.07.20;04:00:00;501.9;499.5;500.6;501.3;1500
2015.07.20;08:00:00;501.4;500.4;500.8;500.5;290
2015.07.20;12:00:00;505.8;504.3;505.7;504.3;348
2015.07.20;16:00:00;505.9;502.5;502.5;505.8;894
2015.07.20;20:00:00;502.9;500.3;502.7;502.6;944
2015.07.21;00:00:00;502.9;500.6;502;502.8;363
2015.07.21;04:00:00;502;500.9;501.7;501.9;143
2015.07.21;08:00:00;502.4;501.1;502.4;501.6;111
2015.07.21;12:00:00;504.2;501.2;501.6;502.3;1201
2015.07.21;16:00:00;502.7;500.8;501;501.7;908
2015.07.21;20:00:00;501.4;497.4;497.7;500.9;1636
2015.07.22;00:00:00;499;495.2;495.9;497.6;759
2015.07.22;04:00:00;496.7;495.3;496.6;495.6;240
2015.07.22;08:00:00;496.8;496.1;496.4;496.5;252
2015.07.22;12:00:00;497.7;494.1;497.6;496.5;1351
2015.07.22;16:00:00;498;495.2;495.6;497.5;1124
2015.07.22;20:00:00;497.3;494.7;497.2;495.5;1513
2015.07.23;00:00:00;497.6;496.3;497.6;497.1;326
2015.07.23;04:00:00;498.3;497;497.7;497.5;219
2015.07.23;08:00:00;498.3;497.4;498.2;497.6;222
2015.07.23;12:00:00;501.1;495.9;496.9;498;1478
2015.07.23;16:00:00;497.7;495.4;496.1;497;1122
2015.07.23;20:00:00;497.3;493.6;494;496;1676
2015.07.24;00:00:00;495.3;493.1;495.2;494.1;671
2015.07.24;04:00:00;495.5;494.1;494.9;495.3;238
2015.07.24;08:00:00;495.1;493.6;494.2;495;227
2015.07.24;12:00:00;498.4;493;497.8;494.3;1344
2015.07.24;16:00:00;498;493.6;493.9;497.9;954
2015.07.24;20:00:00;494.4;487.9;487.9;493.8;1871
2015.07.27;00:00:00;488.3;486.6;488.3;487.8;506
2015.07.27;04:00:00;488.8;486.7;488.4;487.9;374
2015.07.27;08:00:00;488.7;487.1;488.6;488.3;311
2015.07.27;12:00:00;489;484.2;486.7;488.9;2175
2015.07.27;16:00:00;486.7;481.2;482.4;486.6;2069
2015.07.27;20:00:00;483.8;479.9;480.2;482.3;1746
2015.07.28;00:00:00;481.4;479.7;481.2;480.1;516
2015.07.28;04:00:00;482.1;480.4;480.4;481.1;258
2015.07.28;08:00:00;484.2;480;483.9;480.5;756
2015.07.28;12:00:00;485.4;481.9;484.8;483.8;2027
2015.07.28;16:00:00;487.3;484.5;486.5;484.7;1302
2015.07.28;20:00:00;486.6;482.2;486.1;486.4;2083
2015.07.29;00:00:00;487.5;485.4;486.7;486.2;443
2015.07.29;04:00:00;487.2;486.2;486.8;486.8;146
2015.07.29;08:00:00;486.9;485.6;486.5;486.7;287
2015.07.29;12:00:00;490.4;485.6;487.4;486.4;1840
2015.07.29;16:00:00;488.3;484.6;485;487.5;1579
2015.07.29;20:00:00;489.6;484.9;489;484.9;1687
2015.07.30;00:00:00;491.6;489.1;490.1;489.4;848
2015.07.30;04:00:00;490.4;489.2;490.1;490.2;163
2015.07.30;08:00:00;490.3;489.3;490.1;490.2;264
2015.07.30;12:00:00;493.9;489.8;492.4;490;1852
2015.07.30;16:00:00;495.3;491.7;494.6;492.5;1793
2015.07.30;20:00:00;495.3;491.3;495;494.5;2049
2015.07.31;00:00:00;496.2;494.3;496;495.1;539
2015.07.31;04:00:00;496;495;495.5;495.9;138
2015.07.31;08:00:00;495.7;495.1;495.6;495.6;210
2015.07.31;12:00:00;496.4;493.7;494.6;495.7;1620
2015.07.31;16:00:00;494.8;492.9;494;494.7;1466
2015.07.31;20:00:00;495.8;491.4;495.5;494.1;1950
2015.08.03;00:00:00;496.8;494.6;496.4;495.6;563
2015.08.03;04:00:00;496.1;494.2;494.9;495.9;334
2015.08.03;08:00:00;495.3;494.4;494.6;494.8;257
2015.08.03;12:00:00;499;494;498.3;494.8;2130
2015.08.03;16:00:00;501.3;498.1;500.6;498.2;1487
2015.08.03;20:00:00;500.6;497.2;498.1;500.5;1548
2015.08.04;00:00:00;499.6;497.4;499.2;498;597
2015.08.04;04:00:00;499.1;497.2;498.5;499.1;280
2015.08.04;08:00:00;499.4;498.1;498.6;498.4;229
2015.08.04;12:00:00;500.7;496.6;499.3;498.5;1556
2015.08.04;16:00:00;500.3;497.7;499.2;499.4;1455
2015.08.04;20:00:00;500.2;498.9;499.4;499.3;1701
2015.08.05;00:00:00;501.1;498.9;499.3;499.3;710
2015.08.05;04:00:00;500;496.9;499.7;499;215
2015.08.05;08:00:00;501.1;499.6;500.2;499.6;188
2015.08.05;12:00:00;502.6;499.5;501.6;500.3;1393
2015.08.05;16:00:00;503.2;500.8;501.7;501.7;1334
2015.08.05;20:00:00;503.7;501.6;502.5;501.8;1524
2015.08.06;00:00:00;502.5;500.7;501.4;502.4;658
2015.08.06;04:00:00;500.8;499.8;500.2;500.7;181
2015.08.06;08:00:00;500.3;499.4;499.8;500.3;263
2015.08.06;12:00:00;502.2;499.5;500.6;499.7;1097
2015.08.06;16:00:00;502.9;500.3;502.1;500.7;1018
2015.08.06;20:00:00;502.9;498.6;499.3;502;1891
2015.08.07;00:00:00;500.2;498.8;499.9;499.2;622
2015.08.07;04:00:00;499.5;498.2;498.3;499;176
2015.08.07;08:00:00;499.8;498.3;499.2;498.4;204
2015.08.07;12:00:00;499.8;496.2;498.8;499.3;1247
2015.08.07;16:00:00;499.8;497.2;499.8;498.7;1356
2015.08.07;20:00:00;499.9;495.7;496;499.9;2199
2015.08.10;00:00:00;496.9;495.7;496.3;495.9;675
2015.08.10;04:00:00;497.9;495.4;497.4;496.2;542
2015.08.10;08:00:00;498.2;496.9;497.9;497.5;244
2015.08.10;12:00:00;500.5;491.8;494.8;498.1;2045
2015.08.10;16:00:00;499.7;494.7;498.8;494.9;1688
2015.08.10;20:00:00;501;498.3;500.7;498.9;1203
2015.08.11;00:00:00;501.3;500.3;500.5;500.6;374
2015.08.11;04:00:00;501;500.2;500.7;500.4;236
2015.08.11;08:00:00;500.9;497.4;498.9;500.8;986
2015.08.11;12:00:00;500.3;496.8;497.1;499;1883
2015.08.11;16:00:00;497.7;494.3;494.5;497;1596
2015.08.11;20:00:00;495.8;493.1;493.5;494.4;2400
2015.08.12;00:00:00;494.6;492.8;494.2;493.4;853
2015.08.12;04:00:00;495.6;493.8;495;494.3;254
2015.08.12;08:00:00;495.2;487.7;490;494.9;1384
2015.08.12;12:00:00;491.6;479.3;479.9;490.1;2998
2015.08.12;16:00:00;483.6;479.5;481.3;480;2032
2015.08.12;20:00:00;481.5;474.9;478;481.2;3067
2015.08.13;00:00:00;483.5;478;483.1;478.1;839
2015.08.13;04:00:00;482.5;480.7;482.2;481.9;305
2015.08.13;08:00:00;483.9;478.5;483.2;482.1;1334
2015.08.13;12:00:00;485.8;479.4;483.1;483.3;2453
2015.08.13;16:00:00;483.8;480.7;480.8;483.2;1377
2015.08.13;20:00:00;481.2;475.4;477.6;480.9;2397
2015.08.14;00:00:00;478.5;475.9;476.5;477.5;680
2015.08.14;04:00:00;476.5;475.5;476.3;476.4;174
2015.08.14;08:00:00;477.7;476.3;476.7;476.4;442
2015.08.14;12:00:00;479.5;475.7;476.7;476.8;1730
2015.08.14;16:00:00;477.6;471.6;473.3;476.6;2078
2015.08.14;20:00:00;474.7;472.1;474.4;473.4;2300
2015.08.17;00:00:00;476.9;474.2;476.8;474.3;394
2015.08.17;04:00:00;477.65;475.43;475.48;477;1009
2015.08.17;08:00:00;476.73;474.83;476.11;475.45;1264
2015.08.17;12:00:00;479.05;473.1;475.63;476.01;7368
2015.08.17;16:00:00;475.83;468.88;471.9;475.65;6845
2015.08.17;20:00:00;475.6;471.63;475.05;471.93;4362
2015.08.18;00:00:00;475.45;474.56;474.58;475.1;836
2015.08.18;04:00:00;476.43;474.38;476.26;474.56;679
2015.08.18;08:00:00;476.38;474.68;475.78;476.16;1152
2015.08.18;12:00:00;476.18;473.1;475.38;475.76;5530
2015.08.18;16:00:00;478.38;474.68;478.25;475.4;5636
2015.08.18;20:00:00;480.75;477.78;478.8;478.28;6299
2015.08.19;00:00:00;479.5;478.13;478.73;478.78;1217
2015.08.19;04:00:00;480;478.55;479.51;478.85;571
2015.08.19;08:00:00;479.58;477.56;478.78;479.48;1462
2015.08.19;12:00:00;479.14;472;473.2;478.68;7183
2015.08.19;16:00:00;476.38;472.58;473.3;473.25;5552
2015.08.19;20:00:00;473.65;468.45;470.45;473.23;7060
2015.08.20;00:00:00;472.83;468.16;468.96;470.43;3573
2015.08.20;04:00:00;470.11;468.51;469.58;468.86;819
2015.08.20;08:00:00;470.46;468.76;469.61;469.56;1550
2015.08.20;12:00:00;469.64;462.9;463.8;469.59;7884
2015.08.20;16:00:00;465.1;461.58;464.3;463.83;6827
2015.08.20;20:00:00;464.38;456.65;457.1;464.33;10003
2015.08.21;00:00:00;458;451.82;452.82;457.05;5176
2015.08.21;04:00:00;453.4;452.17;453.1;452.37;1371
2015.08.21;08:00:00;453.2;446.13;447.68;453.07;4508
2015.08.21;12:00:00;456.38;446.84;455.83;447.71;8909
2015.08.21;16:00:00;456.8;451.4;452.15;455.8;9687
2015.08.21;20:00:00;452.3;440.93;440.93;452.18;14317
2015.08.24;00:00:00;443.6;437.43;440.49;440.9;7041
2015.08.24;04:00:00;437.95;433.73;435.45;437.61;6253
2015.08.24;08:00:00;435.7;420.81;428.92;435.48;12991
2015.08.24;12:00:00;432.93;426.55;429.25;429.4;12867
2015.08.24;16:00:00;429.55;400.8;410.58;429.23;19382
2015.08.24;20:00:00;429.78;409.6;423.4;410.6;16054
2015.08.25;00:00:00;424.1;410.81;414.43;423.45;9253
2015.08.25;04:00:00;423.42;411.5;421.42;413.68;6312
2015.08.25;08:00:00;427.93;419.1;427.15;421.5;8462
2015.08.25;12:00:00;433;416.02;430.6;427.18;16752
2015.08.25;16:00:00;440.6;428.9;436.83;430.58;15387
2015.08.25;20:00:00;439.45;432.93;433.93;436.8;14287
2015.08.26;00:00:00;434.1;421.9;426.23;433.9;8754
2015.08.26;04:00:00;430.4;420.05;425.74;427.05;7797
2015.08.26;08:00:00;434.13;422.96;434.08;425.76;8413
2015.08.26;12:00:00;436.89;422.25;428.78;434.06;16063
2015.08.26;16:00:00;438.75;427.48;437.15;428.85;14031
2015.08.26;20:00:00;437.93;425.28;428.03;437.2;15409
2015.08.27;00:00:00;437.09;426.88;435.54;427.83;8636
2015.08.27;04:00:00;438.99;435.64;437.66;435.84;3144
2015.08.27;08:00:00;440.04;435.84;435.99;437.61;4249
2015.08.27;12:00:00;441.23;435.34;441.03;436.04;10945
2015.08.27;16:00:00;442.43;438.4;442.03;441.08;9623
2015.08.27;20:00:00;445.93;440.6;445.65;442.08;11760
2015.08.28;00:00:00;447.27;439.73;446.9;445.68;8393
2015.08.28;04:00:00;448.64;445.64;447.2;446.62;2547
2015.08.28;08:00:00;447.28;442.5;446.2;447.22;3436
2015.08.28;12:00:00;446.85;440.3;441.93;446.23;10217
2015.08.28;16:00:00;444.35;439.9;441.3;441.9;10699
2015.08.28;20:00:00;446.78;440.75;445.93;441.33;10742
2015.08.31;00:00:00;447.27;443.33;446.87;445.9;3566
2015.08.31;04:00:00;445.87;437.88;442.01;445.59;7242
2015.08.31;08:00:00;443.12;439.31;441.67;442.06;4018
2015.08.31;12:00:00;444.23;440.05;443.45;441.52;4183
2015.08.31;16:00:00;445.95;441.25;442.2;443.5;5132
2015.08.31;20:00:00;446.95;441.08;445.13;442.28;6129
2015.09.01;00:00:00;445.58;442.53;444.01;445.23;2295
2015.09.01;04:00:00;444.38;434.87;436.57;444.03;4626
2015.09.01;08:00:00;439.07;432.82;437.49;436.47;7708
2015.09.01;12:00:00;441.35;429.55;430.5;437.46;12157
2015.09.01;16:00:00;437.15;430.18;430.23;430.53;11460
2015.09.01;20:00:00;435.68;429.65;429.95;430.25;14761
2015.09.02;00:00:00;431.58;427;429.68;430;10395
2015.09.02;04:00:00;436.86;427.66;435.84;429.71;4733
2015.09.02;08:00:00;437.26;432.57;436.52;435.86;9236
2015.09.02;12:00:00;437.25;429.2;431.55;436.5;12037
2015.09.02;16:00:00;435.95;430.18;435.8;431.6;9267
2015.09.02;20:00:00;438.38;431.15;434.2;435.83;12436
2015.09.03;00:00:00;437.1;433.5;436.8;434.18;5253
2015.09.03;04:00:00;440.58;435.81;436.66;436.85;2891
2015.09.03;08:00:00;436.89;434.46;436.16;436.69;3956
2015.09.03;12:00:00;441.73;435.21;440.88;436.14;7935
2015.09.03;16:00:00;444.8;438.98;443.68;440.9;9034
2015.09.03;20:00:00;447.8;442.05;443.25;443.63;12231
2015.09.04;00:00:00;443.83;441.16;441.44;443.28;7656
2015.09.04;04:00:00;442.84;436.19;437.79;441.56;2602
2015.09.04;08:00:00;441.19;436.04;436.94;437.76;4298
2015.09.04;12:00:00;440.8;435.95;436.78;436.96;9891
2015.09.04;16:00:00;437.88;430.28;432.05;436.75;10854
2015.09.04;20:00:00;434.75;430.1;431.48;431.95;13659
2015.09.07;00:00:00;434.15;430.05;433.19;431.5;4557
2015.09.07;04:00:00;438.95;428.46;436.56;429.14;7421
2015.09.07;08:00:00;439.06;434.76;435.58;436.58;6303
2015.09.07;12:00:00;439.55;434.53;435.25;435.88;9569
2015.09.07;16:00:00;436.1;434.05;435.2;435.28;4816
2015.09.07;20:00:00;435.95;434.43;434.68;435.23;1930
2015.09.08;00:00:00;435.03;434.53;434.83;434.65;72
2015.09.08;04:00:00;438.34;434.51;437.66;434.73;2565
2015.09.08;08:00:00;438.36;434.56;436.34;437.71;4741
2015.09.08;12:00:00;443.38;434.13;442.98;436.31;6621
2015.09.08;16:00:00;445.23;441.43;442.6;443.03;6767
2015.09.08;20:00:00;443.23;438.7;439.28;442.53;9410
2015.09.09;00:00:00;441.8;438.83;440.61;439.25;2952
2015.09.09;04:00:00;443.43;440.28;443.33;440.63;1811
2015.09.09;08:00:00;445.92;442.09;445.24;443.23;4319
2015.09.09;12:00:00;449.95;444.79;447.23;445.27;8112
2015.09.09;16:00:00;450.68;447.23;450.68;447.28;5651
2015.09.09;20:00:00;451.25;442.7;443.8;450.65;9855
2015.09.10;00:00:00;444.63;437.31;438.66;443.85;7143
2015.09.10;04:00:00;439.27;435.45;436.78;438.68;3333
2015.09.10;08:00:00;441.18;436.25;439.38;436.75;4592
2015.09.10;12:00:00;442.55;438.2;440.18;439.4;8747
2015.09.10;16:00:00;443.15;433.38;434.95;440.13;9504
2015.09.10;20:00:00;439.6;434.45;436.65;434.98;11911
2015.09.11;00:00:00;438.95;435.28;436.51;436.68;4963
2015.09.11;04:00:00;439.16;435.58;437.64;436.66;2149
2015.09.11;08:00:00;440.14;437.56;438.84;437.56;3104
2015.09.11;12:00:00;439.04;430.25;430.8;438.87;8818
2015.09.11;16:00:00;433.55;430.03;430.88;430.83;7332
2015.09.11;20:00:00;433.15;429.4;431.7;430.98;9411
2015.09.14;00:00:00;432.46;430.08;432.03;431.73;2441
2015.09.14;04:00:00;436.33;432.16;434.69;433.03;3184
2015.09.14;08:00:00;434.84;430.96;431.84;434.71;3887
2015.09.14;12:00:00;435.55;429.33;431.53;431.67;8828
2015.09.14;16:00:00;432.73;426.38;427.4;431.5;7394
2015.09.14;20:00:00;430.68;426.65;428.83;427.35;5986
2015.09.15;00:00:00;429.4;427.68;428.6;428.85;1545
2015.09.15;04:00:00;430.64;427.97;430.37;428.55;1548
2015.09.15;08:00:00;430.52;428.52;429.29;430.39;2899
2015.09.15;12:00:00;430.73;425.73;427.15;429.32;6445
2015.09.15;16:00:00;430.43;425.13;428.95;427.1;5792
2015.09.15;20:00:00;434.15;428.5;432.4;429.05;8256
2015.09.16;00:00:00;435.28;432.33;435.06;432.43;3058
2015.09.16;04:00:00;435.24;433.67;434.64;434.86;1262
2015.09.16;08:00:00;434.84;432.14;433.54;434.67;2954
2015.09.16;12:00:00;438.35;432.84;436.88;433.52;6012
2015.09.16;16:00:00;438.73;435.55;437.3;436.83;5723
2015.09.16;20:00:00;439.03;436.1;438.55;437.28;7019
2015.09.17;00:00:00;440.51;437.3;440.29;438.53;2426
2015.09.17;04:00:00;440.55;438.54;438.84;440.11;1134
2015.09.17;08:00:00;439.26;437.84;439.16;438.81;1593
2015.09.17;12:00:00;441.55;437.15;438.1;439.14;5812
2015.09.17;16:00:00;439.4;436.68;437.28;438.08;4271
2015.09.17;20:00:00;438.45;436.33;437.6;437.23;5827
2015.09.18;00:00:00;441.95;432.73;434.58;437.55;7245
2015.09.18;04:00:00;435.83;433.1;434.53;434.68;2164
2015.09.18;08:00:00;436.93;434.13;435.47;434.5;2864
2015.09.18;12:00:00;436.43;430.1;430.53;435.5;8183
2015.09.18;16:00:00;430.93;426.03;426.13;430.58;10510
2015.09.18;20:00:00;429.4;422.65;426.7;426.18;11575
2015.09.21;00:00:00;429.36;425.3;428.93;426.73;4928
2015.09.21;04:00:00;429.76;423.96;424.89;429.11;3084
2015.09.21;08:00:00;427.32;424.04;426.33;424.71;2200
2015.09.21;12:00:00;432.58;425.43;431.28;426.28;9132
2015.09.21;16:00:00;434.95;430.4;431.6;431.33;7805
2015.09.21;20:00:00;434.63;428.88;431.05;431.63;7290
2015.09.22;00:00:00;433.63;430.45;433.46;431;3107
2015.09.22;04:00:00;433.83;432.23;432.43;433.38;988
2015.09.22;08:00:00;432.76;431.18;431.63;432.46;1496
2015.09.22;12:00:00;434;423.08;424.6;431.66;8505
2015.09.22;16:00:00;424.58;419.68;420.75;424.58;11107
2015.09.22;20:00:00;424.13;418.98;419.65;420.9;10497
2015.09.23;00:00:00;422.98;419.55;420.83;419.63;3954
2015.09.23;04:00:00;422.51;419.33;422.26;420.71;1626
2015.09.23;08:00:00;422.76;414.78;415.39;422.18;4181
2015.09.23;12:00:00;425.38;414.91;424.43;415.44;9083
2015.09.23;16:00:00;424.48;420.58;423.5;424.48;7324
2015.09.23;20:00:00;424.05;416.78;417.93;423.55;8167
2015.09.24;00:00:00;419.78;416.98;419.7;417.95;3459
2015.09.24;04:00:00;420.83;417.13;417.28;419;1812
2015.09.24;08:00:00;419.16;414.11;416.82;417.26;3597
2015.09.24;12:00:00;420.58;414.98;418.28;416.84;8910
2015.09.24;16:00:00;418.88;409.78;411.75;418.3;12737
2015.09.24;20:00:00;413.25;406.38;410.65;411.68;10569
2015.09.25;00:00:00;415.95;410.3;414.2;410.6;5329
2015.09.25;04:00:00;416.97;411.72;414.9;413.83;3501
2015.09.25;08:00:00;415.37;412.7;415.2;414.87;3663
2015.09.25;12:00:00;422.73;414.73;422.7;415.22;8789
2015.09.25;16:00:00;424.9;420.58;423.5;422.8;8729
2015.09.25;20:00:00;424.58;421.35;422.85;423.48;10446
2015.09.28;00:00:00;424.23;417.88;418.76;422.9;5688
2015.09.28;04:00:00;418.78;414.93;418.06;418.73;3684
2015.09.28;08:00:00;420.44;417.16;418.65;418.21;1902
2015.09.28;12:00:00;422.88;415.83;416.53;418.8;11066
2015.09.28;16:00:00;417.68;412.58;413.03;416.55;9939
2015.09.28;20:00:00;413.65;409.85;410;413.05;10931
2015.09.29;00:00:00;410.9;408.48;410.21;410.05;4149
2015.09.29;04:00:00;411.73;408.68;409.33;409.78;1868
2015.09.29;08:00:00;410.14;406.94;408.31;409.28;4258
2015.09.29;12:00:00;414.5;404.13;413.33;408.26;9949
2015.09.29;16:00:00;414.43;410.83;413.95;413.3;8556
2015.09.29;20:00:00;414.75;408.6;411.65;413.93;13780
2015.09.30;00:00:00;414.75;410.88;413.43;411.7;5559
2015.09.30;04:00:00;415.5;412.38;415.38;413.23;2079
2015.09.30;08:00:00;418.26;415.33;418.26;415.33;3320
2015.09.30;12:00:00;421.3;417.14;420.35;418.31;7790
2015.09.30;16:00:00;422.78;419.85;421.03;420.3;5622
2015.09.30;20:00:00;421.9;418.2;418.68;421.08;10982
2015.10.01;00:00:00;422.43;418.65;420.74;418.65;5165
2015.10.01;04:00:00;421.87;420.55;421.82;420.59;1307
2015.10.01;08:00:00;428.13;421.57;427.03;421.79;4166
2015.10.01;12:00:00;427.88;425.28;426.48;427.05;7192
2015.10.01;16:00:00;427.6;421.8;422.8;426.53;8850
2015.10.01;20:00:00;424.98;415.98;417.55;422.75;13775
2015.10.02;00:00:00;422.63;416.8;421.87;417.5;5049
2015.10.02;04:00:00;423.11;420.17;421.71;421.79;2722
2015.10.02;08:00:00;422.69;419.75;420.25;421.73;2773
2015.10.02;12:00:00;426.03;419.99;425.95;420.33;6839
2015.10.02;16:00:00;428.78;417.55;419.65;425.98;8125
2015.10.02;20:00:00;425.55;415.03;425.2;419.63;13283
2015.10.05;00:00:00;429.72;425.15;429.44;425.25;4682
2015.10.05;04:00:00;429.48;427.58;427.94;429.42;3114
2015.10.05;08:00:00;431.2;427.98;431.2;428.02;2748
2015.10.05;12:00:00;434.78;428.65;434.68;431.16;8819
2015.10.05;16:00:00;437.8;434.45;436.98;434.65;6542
2015.10.05;20:00:00;439.25;435.73;439.05;436.95;6504
2015.10.06;00:00:00;440.25;438.85;440.01;439.1;1888
2015.10.06;04:00:00;440.11;438.21;438.31;440.05;1601
2015.10.06;08:00:00;439.73;437.23;438.57;438.35;3350
2015.10.06;12:00:00;440.05;434.03;439.1;438.55;7020
2015.10.06;16:00:00;440.73;437.15;440.73;439.13;4628
2015.10.06;20:00:00;442.98;438.55;439.45;440.65;10677
2015.10.07;00:00:00;441.13;437.27;437.83;439.4;3974
2015.10.07;04:00:00;438.67;436.37;438.21;437.75;1402
2015.10.07;08:00:00;441.54;437.77;440.58;438.19;3232
2015.10.07;12:00:00;446.25;440.22;445.2;440.6;6837
2015.10.07;16:00:00;445.4;441.48;442.53;445.23;5475
2015.10.07;20:00:00;445.68;438.95;441.08;442.55;11137
2015.10.08;00:00:00;444.02;440.75;443.88;441.1;4259
2015.10.08;04:00:00;444.08;442.5;442.68;443.48;1252
2015.10.08;08:00:00;442.98;439.4;439.82;442.7;3201
2015.10.08;12:00:00;442.03;438.38;438.8;439.86;8445
2015.10.08;16:00:00;441.73;438.63;439.43;438.83;6984
2015.10.08;20:00:00;443.08;439.28;442.15;439.48;9736
2015.10.09;00:00:00;446.54;441.8;446.02;442.18;5647
2015.10.09;04:00:00;446.28;444.95;445.25;446.28;1175
2015.10.09;08:00:00;447.43;444.71;447.11;445.21;1934
2015.10.09;12:00:00;447.5;442.23;443.15;447.09;6466
2015.10.09;16:00:00;444.98;442.58;442.9;443.13;5383
2015.10.09;20:00:00;443.28;440.03;440.25;442.88;9595
2015.10.12;00:00:00;442.04;439.63;441.72;440.3;2298
2015.10.12;04:00:00;441.74;440.4;441.22;441.74;1396
2015.10.12;08:00:00;442.38;440.9;442.3;441.24;1291
2015.10.12;12:00:00;443.48;438.48;440.08;442.52;7461
2015.10.12;16:00:00;441.05;438.35;439.4;440.1;5974
2015.10.12;20:00:00;440.5;438.68;439.35;439.33;5140
2015.10.13;00:00:00;440.68;439.08;440.3;439.3;1113
2015.10.13;04:00:00;441.04;439.94;440.58;440.42;968
2015.10.13;08:00:00;440.7;439.04;439.5;440.56;1892
2015.10.13;12:00:00;439.78;432.93;434.65;439.48;6700
2015.10.13;16:00:00;435.98;433;433.25;434.6;7257
2015.10.13;20:00:00;439.08;432.85;436.85;433.28;8419
2015.10.14;00:00:00;437.33;434.41;434.77;436.83;3212
2015.10.14;04:00:00;434.87;433.85;434.23;434.74;1244
2015.10.14;08:00:00;435.87;433.71;435.41;434.27;1850
2015.10.14;12:00:00;435.58;431;433.3;435.43;7210
2015.10.14;16:00:00;437.43;432.78;434.65;433.33;6273
2015.10.14;20:00:00;438.2;433.6;436.03;434.63;10389
2015.10.15;00:00:00;436.38;433.75;434.57;436.05;3538
2015.10.15;04:00:00;435.81;434.26;435.41;434.55;1260
2015.10.15;08:00:00;437.59;435.39;437.25;435.39;2274
2015.10.15;12:00:00;443.08;436.77;442.83;437.29;7325
2015.10.15;16:00:00;443.63;441.88;442.8;442.85;6543
2015.10.15;20:00:00;444.83;441.38;443.85;442.78;8982
2015.10.16;00:00:00;447.18;443.85;447.12;443.9;2896
2015.10.16;04:00:00;448.24;446.44;447.16;447.24;1443
2015.10.16;08:00:00;447.6;446.34;446.5;447.14;1302
2015.10.16;12:00:00;448.28;445.33;447.48;446.48;5621
2015.10.16;16:00:00;447.88;445.45;446.98;447.45;5246
2015.10.16;20:00:00;448.1;445.33;447.6;447;7407
2015.10.19;00:00:00;449.14;446.43;448.98;447.65;2269
2015.10.19;04:00:00;449;446.06;446.56;449;1509
2015.10.19;08:00:00;448.14;446.68;448.04;447.16;1814
2015.10.19;12:00:00;451.55;446.58;451.1;448.28;6533
2015.10.19;16:00:00;452.03;447.93;449.7;451.08;5934
2015.10.19;20:00:00;449.98;447.48;448.1;449.73;5649
2015.10.20;00:00:00;449.43;447.39;449.05;448.13;1976
2015.10.20;04:00:00;449.01;448.13;448.39;449.01;701
2015.10.20;08:00:00;448.79;447.99;448.69;448.41;801
2015.10.20;12:00:00;449.63;445.65;445.85;448.67;5522
2015.10.20;16:00:00;446.88;444.73;446.28;445.83;4784
2015.10.20;20:00:00;448.15;445.25;446.9;446.3;5943
2015.10.21;00:00:00;447.93;446.1;446.36;446.85;2628
2015.10.21;04:00:00;447.58;445.36;447.32;446.46;1235
2015.10.21;08:00:00;449.78;446.8;449.36;447.34;1375
2015.10.21;12:00:00;450.38;444.5;446.93;449.34;6511
2015.10.21;16:00:00;451.33;446.88;450.2;446.88;5667
2015.10.21;20:00:00;450.58;447.9;449.35;450.18;7262
2015.10.22;00:00:00;449.35;445.45;446.55;449.3;4128
2015.10.22;04:00:00;447.79;445.93;447.49;446.51;1301
2015.10.22;08:00:00;448.67;447.29;447.81;447.51;1618
2015.10.22;12:00:00;450.63;447.1;449.85;447.73;5186
2015.10.22;16:00:00;455.25;448.83;453.88;449.88;5789
2015.10.22;20:00:00;460.95;453.33;460.6;453.85;8457
2015.10.23;00:00:00;461.9;459.2;461.9;460.65;4165
2015.10.23;04:00:00;463.98;460.98;463.06;461.28;1918
2015.10.23;08:00:00;463.12;462.3;462.76;463.04;1236
2015.10.23;12:00:00;463.58;460.6;462.48;462.7;5461
2015.10.23;16:00:00;468.5;461.93;466.85;462.5;6649
2015.10.23;20:00:00;467.3;464.23;465.95;466.9;9046
2015.10.25;23:00:00;467.3;465.5;465.52;465.9;2486
2015.10.26;00:00:00;465.68;464.32;464.84;465.4;1620
2015.10.26;04:00:00;465.22;464.24;464.28;464.76;1172
2015.10.26;08:00:00;465.59;462.25;464.55;464.26;5891
2015.10.26;12:00:00;466.05;463.43;464.5;464.63;5991
2015.10.26;16:00:00;464.75;461.4;463;464.25;7294
2015.10.26;20:00:00;463.38;462.43;463.1;462.98;1246
2015.10.27;00:00:00;463.02;462.28;462.58;462.9;1013
2015.10.27;04:00:00;462.6;460.76;461.67;462.6;1572
2015.10.27;08:00:00;463.78;460.18;463.63;461.65;5840
2015.10.27;12:00:00;463.65;459.1;460.15;463.6;6131
2015.10.27;16:00:00;461;457.73;458.1;460.05;7070
2015.10.27;20:00:00;459.58;457.65;459.58;458.05;1665
2015.10.28;00:00:00;460;458.32;459.86;459.24;1444
2015.10.28;04:00:00;459.98;458.68;459.22;459.88;1155
2015.10.28;08:00:00;462.05;458.4;461.6;459.24;5579
2015.10.28;12:00:00;461.6;459.23;461.08;461.55;5584
2015.10.28;16:00:00;464.33;461.03;464.13;461.05;6647
2015.10.28;20:00:00;466.7;460.6;466.5;464.1;5834
2015.10.29;00:00:00;465.89;465.03;465.15;465.71;1220
2015.10.29;04:00:00;465.51;464.31;465.31;465.13;1062
2015.10.29;08:00:00;465.63;460.58;462.18;465.25;6730
2015.10.29;12:00:00;463.5;460;461.93;462.15;7007
2015.10.29;16:00:00;463.13;460.13;461.9;461.9;7162
2015.10.29;20:00:00;463.03;461.73;462.75;461.85;1493
2015.10.30;00:00:00;464.31;461.89;464.17;462.47;1721
2015.10.30;04:00:00;465.55;463.45;464.83;464.15;2719
2015.10.30;08:00:00;464.97;461.68;462.2;464.85;5620
2015.10.30;12:00:00;462.48;458.33;458.58;462.23;5983
2015.10.30;16:00:00;463.15;458.05;462.58;458.55;6647
2015.10.30;20:00:00;462.85;460.1;460.33;462.6;1882
2015.11.02;00:00:00;460.11;457.87;458.25;459.93;2101
2015.11.02;04:00:00;458.61;457.61;458.59;458.23;1426
2015.11.02;08:00:00;464.68;456.93;463.5;458.79;6381
2015.11.02;12:00:00;465.15;462.68;464.6;463.48;5108
2015.11.02;16:00:00;465.38;463.28;465.18;464.55;4421
2015.11.02;20:00:00;467.1;465.2;465.46;465.2;1416
2015.11.03;00:00:00;466.64;465.08;466.36;465.86;951
2015.11.03;04:00:00;466.42;465.5;465.56;466.34;688
2015.11.03;08:00:00;466.83;463.9;466.18;465.54;5126
2015.11.03;12:00:00;467.25;464.98;465.45;466.15;4171
2015.11.03;16:00:00;468;465.03;466.98;465.53;4885
2015.11.03;20:00:00;468.35;466.38;466.9;467;2597
2015.11.04;00:00:00;468.24;466.34;468.24;466.72;1134
2015.11.04;04:00:00;468.92;466.8;467.04;468.22;1680
2015.11.04;08:00:00;472.5;466.88;471.85;467.08;6044
2015.11.04;12:00:00;472.85;470.95;471.4;471.83;4402
2015.11.04;16:00:00;471.98;468.03;469.15;471.43;7971
2015.11.04;20:00:00;469.93;468.05;469.13;469.18;3857
2015.11.05;00:00:00;469.01;467.59;468.23;468.77;1143
2015.11.05;04:00:00;469.29;468.23;468.83;468.25;1210
2015.11.05;08:00:00;470.25;465.65;468.4;468.81;6303
2015.11.05;12:00:00;471.03;468.23;469.13;468.43;5924
2015.11.05;16:00:00;469.38;465.23;467.9;469.18;8266
2015.11.05;20:00:00;468;466;467.06;467.93;3026
2015.11.06;00:00:00;467.14;465.92;466.44;467.02;934
2015.11.06;04:00:00;467.66;465.84;467.54;466.42;739
2015.11.06;08:00:00;467.7;465.58;466.13;467.52;5827
2015.11.06;12:00:00;470.1;464.7;469.5;466.15;6190
2015.11.06;16:00:00;472.3;467.25;469.95;469.53;11336
2015.11.06;20:00:00;471.38;469.83;471.16;469.93;2529
2015.11.09;00:00:00;472.24;470.48;471.9;470.58;1808
2015.11.09;04:00:00;471.96;470.74;470.78;471.92;1207
2015.11.09;08:00:00;471.78;468.05;469.13;470.96;7771
2015.11.09;12:00:00;469.98;467.9;468;469.15;5137
2015.11.09;16:00:00;468.3;463.48;464.6;467.95;7117
2015.11.09;20:00:00;466.43;464.38;465.91;464.65;2538
2015.11.10;00:00:00;466.71;464.95;466.41;465.77;1340
2015.11.10;04:00:00;467.61;466.15;466.75;466.43;1233
2015.11.10;08:00:00;467.75;461.3;462.33;466.79;6823
2015.11.10;12:00:00;464.85;460.78;464.55;462.28;5809
2015.11.10;16:00:00;466.13;463.35;465.55;464.58;7399
2015.11.10;20:00:00;466.48;465.03;465.6;465.53;2444
2015.11.11;00:00:00;465.82;465.14;465.68;465.66;1082
2015.11.11;04:00:00;466.76;465.22;466.02;465.66;1278
2015.11.11;08:00:00;469.98;465.5;469.1;466.04;5031
2015.11.11;12:00:00;471.93;468.18;470.88;469.13;4530
2015.11.11;16:00:00;470.93;467.75;469.7;470.9;7532
2015.11.11;20:00:00;469.7;467.09;467.41;469.68;2916
2015.11.12;00:00:00;467.73;465.95;467.59;467.23;1239
2015.11.12;04:00:00;468.03;466.91;468.03;467.53;1044
2015.11.12;08:00:00;470.13;464.35;466.08;468.01;6765
2015.11.12;12:00:00;466.13;462.4;463.1;466.1;5604
2015.11.12;16:00:00;463.13;457.93;459.2;463.05;10634
2015.11.12;20:00:00;459.95;455.6;455.74;459.28;3909
2015.11.13;00:00:00;457.66;455.54;457.46;455.76;1548
2015.11.13;04:00:00;457.56;456;456.32;457.44;1304
2015.11.13;08:00:00;459.08;455.15;456.78;456.34;7165
2015.11.13;12:00:00;457.8;451.63;453;456.8;8946
2015.11.13;16:00:00;455.58;449.28;454.55;452.98;10534
2015.11.13;20:00:00;454.75;451.27;452.15;454.5;4224
2015.11.16;00:00:00;449.71;433.59;446.95;448.05;2690
2015.11.16;04:00:00;448.05;446.37;447.9;446.93;1469
2015.11.16;08:00:00;455.83;446.05;453.75;448.06;10823
2015.11.16;12:00:00;455.2;451.18;453.95;453.73;8228
2015.11.16;16:00:00;458;452.75;458;453.93;7838
2015.11.16;20:00:00;460.26;457.73;459.9;458.2;2187
2015.11.17;00:00:00;460.68;459.3;460.54;459.78;1142
2015.11.17;04:00:00;461.54;460.3;460.44;460.58;1383
2015.11.17;08:00:00;464.03;458.35;463.43;460.4;5641
2015.11.17;12:00:00;465.48;463.38;465.08;463.48;5130
2015.11.17;16:00:00;467.15;463.25;465.75;465.03;7629
2015.11.17;20:00:00;466.28;462.55;464.51;465.73;3884
2015.11.18;00:00:00;464.65;463.15;464.11;464.57;1282
2015.11.18;04:00:00;464.53;462.87;463.31;464.15;1284
2015.11.18;08:00:00;465.1;462.6;463.68;463.25;6452
2015.11.18;12:00:00;466.05;462.93;466.05;463.7;5006
2015.11.18;16:00:00;466.83;464.33;465.88;466.08;7576
2015.11.18;20:00:00;469.2;465.45;468.37;465.9;3815
2015.11.19;00:00:00;469.95;467.51;469.71;467.97;1283
2015.11.19;04:00:00;470.17;468.71;469.87;469.69;1468
2015.11.19;08:00:00;472.18;468.53;472.13;469.83;5686
2015.11.19;12:00:00;472.38;468.98;469.13;472.18;4009
2015.11.19;16:00:00;470.03;467.3;469.1;469.1;7226
2015.11.19;20:00:00;469.35;467.58;468.56;469.08;2343
2015.11.20;00:00:00;468.56;467.46;467.8;468.54;833
2015.11.20;04:00:00;468.46;467.7;468.22;467.78;653
2015.11.20;08:00:00;471.2;466.1;466.65;468.26;6362
2015.11.20;12:00:00;469.63;466.28;469.4;466.63;5396
2015.11.20;16:00:00;470.03;467.58;468.5;469.43;6567
2015.11.20;20:00:00;468.9;467.28;467.84;468.55;2002
2015.11.23;00:00:00;469.2;467.62;468.2;468.12;1479
2015.11.23;04:00:00;468.86;467.98;468.22;468.22;795
2015.11.23;08:00:00;469.03;463.13;465.25;468.4;6818
2015.11.23;12:00:00;467.53;464.15;464.95;465.23;6414
2015.11.23;16:00:00;467.6;464.38;464.38;464.93;4838
2015.11.23;20:00:00;464.4;462.35;463.21;464.35;1817
2015.11.24;00:00:00;464.19;462.79;462.93;463.17;953
2015.11.24;04:00:00;463.45;462.55;462.93;462.97;742
2015.11.24;08:00:00;464.6;456.58;460.03;462.95;7732
2015.11.24;12:00:00;460.55;454.83;455.73;460.05;7499
2015.11.24;16:00:00;462;455.7;461.63;455.7;8353
2015.11.24;20:00:00;463.33;461.58;461.93;461.6;2645
2015.11.25;00:00:00;462.61;461.25;461.63;462.05;985
2015.11.25;04:00:00;462.85;461.47;462.75;461.59;780
2015.11.25;08:00:00;467.8;460.78;466.98;462.73;5763
2015.11.25;12:00:00;469.1;466.53;468.65;467;3947
2015.11.25;16:00:00;469.23;467.13;467.88;468.68;5576
2015.11.25;20:00:00;468;466.71;467.57;467.9;1423
2015.11.26;00:00:00;468.49;467.43;468.27;467.51;625
2015.11.26;04:00:00;468.77;467.73;467.87;468.29;542
2015.11.26;08:00:00;470.93;466.97;470.68;467.91;5185
2015.11.26;12:00:00;472.2;470.28;471.35;470.73;3638
2015.11.26;16:00:00;472.33;471.15;471.48;471.33;2250
2015.11.26;20:00:00;472.03;471.12;471.16;471.6;155
2015.11.27;00:00:00;471.7;470.36;470.6;471.2;701
2015.11.27;04:00:00;470.82;469.96;470.26;470.58;721
2015.11.27;08:00:00;472.73;468.45;472.43;470.24;6590
2015.11.27;12:00:00;474.65;472.33;473.08;472.45;4450
2015.11.27;16:00:00;473.53;470.75;471.15;473.05;5435
2015.11.27;20:00:00;471.45;470.81;470.85;471.13;427
2015.11.30;00:00:00;470.47;469.09;469.73;470.41;1326
2015.11.30;04:00:00;470.51;469.43;470.27;469.71;855
2015.11.30;08:00:00;473.1;468.93;471.05;470.6;6389
2015.11.30;12:00:00;472.85;471;471.23;471.08;4105
2015.11.30;16:00:00;471.38;468.55;470.25;471.18;4425
2015.11.30;20:00:00;470.83;468.55;470.71;470.23;1993
2015.12.01;00:00:00;472.49;470.67;471.73;470.69;1362
2015.12.01;04:00:00;472.55;471.73;472.41;471.75;1255
2015.12.01;08:00:00;472.59;469.2;469.63;472.43;6160
2015.12.01;12:00:00;471.18;467.93;468.98;469.6;4726
2015.12.01;16:00:00;469.28;464.93;467.35;468.95;7311
2015.12.01;20:00:00;468.18;466.48;467.68;467.38;1959
2015.12.02;00:00:00;467.78;467.12;467.66;467.64;737
2015.12.02;04:00:00;468.1;467.38;467.58;467.68;824
2015.12.02;08:00:00;469.78;466.78;467.53;467.54;5770
2015.12.02;12:00:00;469.5;466.13;466.9;467.65;6194
2015.12.02;16:00:00;470.08;466.6;466.95;466.88;6837
2015.12.02;20:00:00;467.08;462.8;465.3;466.93;4211
2015.12.03;00:00:00;465.56;463.56;465.5;465.28;1377
2015.12.03;04:00:00;465.92;464.12;465.8;465.52;1362
2015.12.03;08:00:00;469.53;464.66;468.9;465.82;5987
2015.12.03;12:00:00;471.48;450.38;457.65;468.88;11950
2015.12.03;16:00:00;458.9;444.03;445.28;457.6;12339
2015.12.03;20:00:00;446.18;442.28;445.9;445.25;5982
2015.12.04;00:00:00;447.26;445.74;446.64;445.88;1928
2015.12.04;04:00:00;446.82;445.58;446.08;446.56;1231
2015.12.04;08:00:00;448.88;444.9;445.98;446.06;9123
2015.12.04;12:00:00;449.35;444.85;446;446.03;8977
2015.12.04;16:00:00;449.55;443.28;449.05;445.9;11398
2015.12.04;20:00:00;451.38;449.1;451.14;449.13;4145
2015.12.07;00:00:00;452.62;449.14;449.4;452.44;1749
2015.12.07;04:00:00;451.12;449.02;451.12;449.42;819
2015.12.07;08:00:00;454.13;448.3;453.8;451.32;9538
2015.12.07;12:00:00;454.03;449.8;450.08;453.78;7557
2015.12.07;16:00:00;450.25;446.53;447.7;450.1;9098
2015.12.07;20:00:00;449.39;447.1;448.99;447.75;3291
2015.12.08;00:00:00;449.17;446.45;447.01;448.91;1380
2015.12.08;04:00:00;447.33;445.19;446.19;447.03;1522
2015.12.08;08:00:00;448.1;443.75;444.75;446.17;8903
2015.12.08;12:00:00;446.98;441.08;441.2;444.78;9580
2015.12.08;16:00:00;444.18;438.78;441.2;441.08;10328
2015.12.08;20:00:00;442.5;440.23;441.18;441.25;4154
2015.12.09;00:00:00;443.5;440.74;442.02;441.2;1746
2015.12.09;04:00:00;442.68;441.26;441.84;442.08;1831
2015.12.09;08:00:00;444.03;437.43;439.55;441.82;9804
2015.12.09;12:00:00;442.05;438.18;439.18;439.58;8956
2015.12.09;16:00:00;444.9;435.25;435.63;439.15;10528
2015.12.09;20:00:00;437.95;434.68;436.92;435.65;6918
2015.12.10;00:00:00;438.64;436.8;438.5;436.9;1548
2015.12.10;04:00:00;438.62;437.28;437.44;438.48;1264
2015.12.10;08:00:00;439.9;435.53;437.85;437.36;3829
2015.12.10;12:00:00;441;436.7;436.83;437.83;9409
2015.12.10;16:00:00;439.68;436.2;437.43;436.85;12013
2015.12.10;20:00:00;439.03;435.55;436.53;437.45;3918
2015.12.11;00:00:00;438.31;436.27;437.75;436.49;1629
2015.12.11;04:00:00;437.79;436.77;437.49;437.71;1288
2015.12.11;08:00:00;438;432.83;434.38;437.53;7777
2015.12.11;12:00:00;435.1;429.35;431.23;434.35;10961
2015.12.11;16:00:00;431.3;426.2;427.85;431.25;13866
2015.12.11;20:00:00;429.2;426.3;427.15;427.88;4561
2015.12.14;00:00:00;429.25;426.13;428.29;426.83;2587
2015.12.14;04:00:00;429.59;427.89;428.53;428.27;1598
2015.12.14;08:00:00;433.83;428.89;431.5;428.91;9524
2015.12.14;12:00:00;431.78;422.7;426;431.48;11799
2015.12.14;16:00:00;427.4;419.3;422.93;426.05;13348
2015.12.14;20:00:00;425.85;422.35;424.69;422.95;3580
2015.12.15;00:00:00;426.91;424.67;425.19;424.71;1530
2015.12.15;04:00:00;425.99;424.39;424.43;425.21;1342
2015.12.15;08:00:00;428.88;422.9;428.18;424.41;7554
2015.12.15;12:00:00;430.28;426.23;430.13;428.15;8370
2015.12.15;16:00:00;435.38;429.93;434.78;430.15;8998
2015.12.15;20:00:00;434.75;434.75;434.75;434.75;1
