DATE;TIME;HIGH;LOW;CLOSE;OPEN;VOLUME
2015.04.27;12:00:00;2.558;2.545;2.55;2.557;20
2015.04.27;16:00:00;2.572;2.546;2.569;2.55;34
2015.04.27;20:00:00;2.58;2.561;2.577;2.567;29
2015.04.28;00:00:00;2.579;2.541;2.543;2.577;43
2015.04.28;04:00:00;2.559;2.537;2.552;2.542;35
2015.04.28;08:00:00;2.501;2.493;2.498;2.494;13
2015.04.28;12:00:00;2.505;2.494;2.499;2.497;21
2015.04.28;16:00:00;2.513;2.498;2.509;2.499;21
2015.04.28;20:00:00;2.511;2.464;2.473;2.509;59
2015.04.29;00:00:00;2.498;2.47;2.484;2.475;48
2015.04.29;04:00:00;2.499;2.478;2.488;2.483;38
2015.04.29;08:00:00;2.491;2.478;2.481;2.486;22
2015.04.29;12:00:00;2.48;2.475;2.479;2.48;10
2015.04.29;16:00:00;2.48;2.475;2.475;2.478;8
2015.04.29;20:00:00;2.527;2.472;2.522;2.475;64
2015.04.30;00:00:00;2.524;2.491;2.517;2.522;62
2015.04.30;04:00:00;2.523;2.509;2.513;2.516;26
2015.04.30;08:00:00;2.515;2.495;2.506;2.514;33
2015.04.30;12:00:00;2.506;2.494;2.499;2.506;18
2015.04.30;16:00:00;2.516;2.497;2.512;2.498;25
2015.04.30;20:00:00;2.554;2.503;2.549;2.513;67
2015.05.01;00:00:00;2.594;2.55;2.573;2.55;66
2015.05.01;04:00:00;2.592;2.569;2.569;2.572;44
2015.05.01;08:00:00;2.579;2.572;2.574;2.573;14
2015.05.01;12:00:00;2.576;2.573;2.575;2.575;7
2015.05.01;16:00:00;2.582;2.558;2.559;2.575;33
2015.05.01;20:00:00;2.571;2.543;2.552;2.558;51
2015.05.04;00:00:00;2.75;2.54;2.732;2.553;242
2015.05.04;04:00:00;2.742;2.707;2.713;2.733;51
2015.05.04;08:00:00;2.72;2.703;2.708;2.72;23
2015.05.04;12:00:00;2.713;2.703;2.703;2.707;17
2015.05.04;16:00:00;2.705;2.698;2.701;2.703;13
2015.05.04;20:00:00;2.752;2.697;2.728;2.701;84
2015.05.05;00:00:00;2.781;2.728;2.769;2.728;66
2015.05.05;04:00:00;2.772;2.751;2.756;2.77;29
2015.05.05;08:00:00;2.75;2.721;2.75;2.721;30
2015.05.05;12:00:00;2.758;2.75;2.757;2.751;11
2015.05.05;16:00:00;2.758;2.733;2.737;2.757;31
2015.05.05;20:00:00;2.773;2.731;2.739;2.738;84
2015.05.06;00:00:00;2.799;2.738;2.796;2.739;66
2015.05.06;04:00:00;2.806;2.788;2.796;2.796;37
2015.05.06;08:00:00;2.793;2.779;2.787;2.791;25
2015.05.06;12:00:00;2.794;2.782;2.782;2.788;19
2015.05.06;16:00:00;2.789;2.78;2.784;2.783;18
2015.05.06;20:00:00;2.801;2.765;2.781;2.783;71
2015.05.07;00:00:00;2.803;2.749;2.767;2.782;94
2015.05.07;04:00:00;2.775;2.76;2.766;2.766;31
2015.05.07;08:00:00;2.78;2.764;2.773;2.772;32
2015.05.07;12:00:00;2.774;2.757;2.76;2.772;23
2015.05.07;16:00:00;2.768;2.74;2.748;2.76;45
2015.05.07;20:00:00;2.78;2.73;2.776;2.748;73
2015.05.08;00:00:00;2.804;2.763;2.763;2.775;71
2015.05.08;04:00:00;2.768;2.749;2.756;2.762;33
2015.05.08;08:00:00;2.759;2.745;2.748;2.755;22
2015.05.08;12:00:00;2.753;2.746;2.748;2.749;14
2015.05.08;16:00:00;2.765;2.744;2.761;2.747;29
2015.05.08;20:00:00;2.795;2.761;2.79;2.761;40
2015.05.11;00:00:00;2.802;2.694;2.71;2.79;137
2015.05.11;04:00:00;2.728;2.706;2.721;2.709;33
2015.05.11;08:00:00;2.721;2.709;2.71;2.718;17
2015.05.11;12:00:00;2.716;2.708;2.712;2.709;14
2015.05.11;16:00:00;2.734;2.709;2.72;2.712;43
2015.05.11;20:00:00;2.86;2.72;2.833;2.72;168
2015.05.12;00:00:00;2.856;2.811;2.847;2.834;78
2015.05.12;04:00:00;2.87;2.84;2.851;2.847;57
2015.05.12;08:00:00;2.915;2.888;2.89;2.897;48
2015.05.12;12:00:00;2.892;2.876;2.881;2.891;23
2015.05.12;16:00:00;2.887;2.867;2.868;2.88;29
2015.05.12;20:00:00;2.881;2.811;2.865;2.867;139
2015.05.13;00:00:00;2.869;2.792;2.8;2.863;92
2015.05.13;04:00:00;2.803;2.78;2.792;2.8;39
2015.05.13;08:00:00;2.802;2.791;2.794;2.801;16
2015.05.13;12:00:00;2.797;2.772;2.777;2.794;34
2015.05.13;16:00:00;2.807;2.77;2.796;2.778;57
2015.05.13;20:00:00;2.879;2.787;2.867;2.795;113
2015.05.14;00:00:00;2.913;2.868;2.887;2.868;72
2015.05.14;04:00:00;2.89;2.864;2.874;2.888;39
2015.05.14;08:00:00;2.892;2.868;2.884;2.873;38
2015.05.14;12:00:00;2.893;2.883;2.893;2.885;13
2015.05.14;16:00:00;2.892;2.866;2.866;2.892;27
2015.05.14;20:00:00;2.904;2.839;2.877;2.867;121
2015.05.15;00:00:00;2.954;2.87;2.911;2.877;135
2015.05.15;04:00:00;2.923;2.902;2.915;2.911;39
2015.05.15;08:00:00;2.927;2.915;2.92;2.919;24
2015.05.15;12:00:00;2.933;2.917;2.917;2.922;28
2015.05.15;16:00:00;2.924;2.916;2.921;2.918;14
2015.05.15;20:00:00;2.921;2.871;2.885;2.92;66
2015.05.18;00:00:00;3;2.874;2.991;2.884;146
2015.05.18;04:00:00;2.998;2.971;2.993;2.992;54
2015.05.18;08:00:00;3;2.987;2.992;3;19
2015.05.18;12:00:00;2.992;2.983;2.984;2.992;11
2015.05.18;16:00:00;2.99;2.977;2.985;2.985;27
2015.05.18;20:00:00;2.998;2.962;2.986;2.984;71
2015.05.19;00:00:00;3.018;2.954;3.009;2.985;105
2015.05.19;04:00:00;3.012;2.992;2.999;3.01;30
2015.05.19;08:00:00;3.057;3.005;3.047;3.005;63
2015.05.19;12:00:00;3.059;3.04;3.058;3.046;27
2015.05.19;16:00:00;3.059;3.035;3.037;3.058;28
2015.05.19;20:00:00;3.082;3.019;3.044;3.038;121
2015.05.20;00:00:00;3.054;3.021;3.032;3.045;54
2015.05.20;04:00:00;3.06;3.03;3.056;3.032;37
2015.05.20;08:00:00;3.055;3.038;3.048;3.052;31
2015.05.20;12:00:00;3.057;3.044;3.055;3.048;20
2015.05.20;16:00:00;3.063;3.049;3.058;3.055;26
2015.05.20;20:00:00;3.128;3.056;3.123;3.057;79
2015.05.21;00:00:00;3.133;2.967;3.017;3.123;227
2015.05.21;04:00:00;3.018;2.971;2.987;3.018;64
2015.05.21;08:00:00;2.998;2.984;2.987;2.988;28
2015.05.21;12:00:00;2.991;2.973;2.977;2.986;28
2015.05.21;16:00:00;3.012;2.974;3.011;2.977;43
2015.05.21;20:00:00;3.046;2.994;3.001;3.012;94
2015.05.22;00:00:00;3.026;2.934;2.947;3.001;131
2015.05.22;04:00:00;2.969;2.928;2.968;2.946;61
2015.05.22;08:00:00;2.971;2.956;2.961;2.958;28
2015.05.22;12:00:00;2.963;2.948;2.952;2.961;22
2015.05.22;16:00:00;2.978;2.951;2.968;2.951;38
2015.05.22;20:00:00;2.996;2.966;2.981;2.969;49
2015.05.25;00:00:00;3.05;2.972;2.993;2.982;146
2015.05.25;04:00:00;3.002;2.962;2.999;2.994;76
2015.05.25;08:00:00;2.998;2.985;2.986;2.991;22
2015.05.25;12:00:00;2.986;2.981;2.983;2.984;10
2015.05.25;16:00:00;2.992;2.974;2.978;2.981;34
2015.05.25;20:00:00;2.98;2.929;2.951;2.976;78
2015.05.26;00:00:00;2.953;2.907;2.917;2.952;58
2015.05.26;04:00:00;2.921;2.896;2.901;2.916;36
2015.05.26;08:00:00;2.891;2.851;2.855;2.888;48
2015.05.26;12:00:00;2.864;2.853;2.864;2.855;14
2015.05.26;16:00:00;2.87;2.865;2.868;2.865;8
2015.05.26;20:00:00;2.868;2.851;2.855;2.867;23
2015.05.27;00:00:00;2.861;2.852;2.852;2.854;17
2015.05.27;04:00:00;2.861;2.851;2.856;2.855;20
2015.05.27;08:00:00;2.857;2.852;2.856;2.856;11
2015.05.27;12:00:00;2.862;2.852;2.852;2.856;17
2015.05.27;16:00:00;2.855;2.812;2.827;2.851;63
2015.05.27;20:00:00;2.835;2.801;2.816;2.826;59
2015.05.28;00:00:00;2.839;2.809;2.836;2.816;41
2015.05.28;04:00:00;2.848;2.83;2.831;2.835;33
2015.05.28;08:00:00;2.837;2.831;2.833;2.831;11
2015.05.28;12:00:00;2.849;2.831;2.842;2.834;29
2015.05.28;16:00:00;2.897;2.816;2.828;2.842;149
2015.05.28;20:00:00;2.844;2.805;2.828;2.829;78
2015.05.29;00:00:00;2.834;2.813;2.82;2.828;35
2015.05.29;04:00:00;2.827;2.819;2.822;2.821;16
2015.05.29;08:00:00;2.823;2.818;2.819;2.822;8
2015.05.29;12:00:00;2.827;2.809;2.816;2.818;35
2015.05.29;16:00:00;2.821;2.759;2.77;2.815;80
2015.05.29;20:00:00;2.78;2.688;2.694;2.771;108
2015.06.01;00:00:00;2.705;2.685;2.697;2.693;37
2015.06.01;04:00:00;2.701;2.691;2.697;2.7;18
2015.06.01;08:00:00;2.698;2.692;2.696;2.697;12
2015.06.01;12:00:00;2.699;2.688;2.691;2.695;19
2015.06.01;16:00:00;2.703;2.645;2.647;2.692;72
2015.06.01;20:00:00;2.656;2.624;2.625;2.647;43
2015.06.02;00:00:00;2.638;2.615;2.626;2.625;46
2015.06.02;04:00:00;2.601;2.586;2.599;2.595;27
2015.06.02;08:00:00;2.602;2.592;2.602;2.6;19
2015.06.02;12:00:00;2.632;2.602;2.618;2.602;45
2015.06.02;16:00:00;2.642;2.606;2.628;2.618;63
2015.06.02;20:00:00;2.653;2.617;2.641;2.626;58
2015.06.03;00:00:00;2.646;2.629;2.634;2.641;28
2015.06.03;04:00:00;2.634;2.63;2.632;2.634;7
2015.06.03;08:00:00;2.635;2.632;2.632;2.633;6
2015.06.03;12:00:00;2.641;2.628;2.634;2.633;26
2015.06.03;16:00:00;2.647;2.612;2.616;2.635;52
2015.06.03;20:00:00;2.676;2.582;2.662;2.617;144
2015.06.04;00:00:00;2.705;2.66;2.686;2.661;66
2015.06.04;04:00:00;2.686;2.666;2.67;2.686;25
2015.06.04;08:00:00;2.675;2.666;2.673;2.671;17
2015.06.04;12:00:00;2.676;2.666;2.67;2.672;19
2015.06.04;16:00:00;2.706;2.634;2.634;2.671;108
2015.06.04;20:00:00;2.651;2.608;2.612;2.635;64
2015.06.05;00:00:00;2.625;2.609;2.622;2.611;22
2015.06.05;04:00:00;2.625;2.617;2.618;2.625;10
2015.06.05;08:00:00;2.622;2.615;2.62;2.617;12
2015.06.05;12:00:00;2.643;2.618;2.638;2.62;33
2015.06.05;16:00:00;2.657;2.586;2.594;2.639;98
2015.06.05;20:00:00;2.649;2.549;2.593;2.595;199
2015.06.08;00:00:00;2.621;2.59;2.613;2.592;42
2015.06.08;04:00:00;2.613;2.608;2.609;2.611;9
2015.06.08;08:00:00;2.612;2.608;2.609;2.61;8
2015.06.08;12:00:00;2.622;2.608;2.608;2.608;29
2015.06.08;16:00:00;2.625;2.564;2.579;2.608;94
2015.06.08;20:00:00;2.595;2.567;2.573;2.581;49
2015.06.09;00:00:00;2.581;2.567;2.575;2.572;26
2015.06.09;04:00:00;2.622;2.607;2.619;2.622;28
2015.06.09;08:00:00;2.621;2.615;2.62;2.617;10
2015.06.09;12:00:00;2.621;2.613;2.615;2.619;13
2015.06.09;16:00:00;2.669;2.616;2.665;2.616;58
2015.06.09;20:00:00;2.694;2.645;2.676;2.667;90
2015.06.10;00:00:00;2.695;2.656;2.693;2.675;61
2015.06.10;04:00:00;2.697;2.679;2.684;2.687;34
2015.06.10;08:00:00;2.69;2.681;2.684;2.684;19
2015.06.10;12:00:00;2.703;2.68;2.703;2.683;27
2015.06.10;16:00:00;2.801;2.698;2.798;2.706;115
2015.06.10;20:00:00;2.831;2.792;2.823;2.799;55
2015.06.11;00:00:00;2.831;2.807;2.808;2.824;33
2015.06.11;04:00:00;2.826;2.81;2.821;2.81;22
2015.06.11;08:00:00;2.853;2.82;2.845;2.82;42
2015.06.11;12:00:00;2.847;2.81;2.821;2.846;50
2015.06.11;16:00:00;2.902;2.809;2.817;2.822;182
2015.06.11;20:00:00;2.886;2.813;2.872;2.818;93
2015.06.12;00:00:00;2.897;2.867;2.891;2.873;43
2015.06.12;04:00:00;2.892;2.867;2.873;2.888;36
2015.06.12;08:00:00;2.877;2.864;2.868;2.873;22
2015.06.12;12:00:00;2.895;2.862;2.868;2.869;66
2015.06.12;16:00:00;2.886;2.846;2.856;2.869;68
2015.06.12;20:00:00;2.893;2.8;2.823;2.855;155
2015.06.15;00:00:00;2.833;2.797;2.799;2.825;47
2015.06.15;04:00:00;2.809;2.794;2.801;2.797;27
2015.06.15;08:00:00;2.8;2.771;2.775;2.8;34
2015.06.15;12:00:00;2.796;2.77;2.775;2.776;52
2015.06.15;16:00:00;2.798;2.749;2.792;2.776;83
2015.06.15;20:00:00;2.801;2.727;2.729;2.793;85
2015.06.16;00:00:00;2.744;2.727;2.742;2.728;21
2015.06.16;04:00:00;2.824;2.771;2.813;2.771;65
2015.06.16;08:00:00;2.817;2.8;2.816;2.813;32
2015.06.16;12:00:00;2.836;2.813;2.813;2.817;43
2015.06.16;16:00:00;2.856;2.779;2.853;2.812;114
2015.06.16;20:00:00;2.896;2.847;2.892;2.854;61
2015.06.17;00:00:00;2.92;2.876;2.914;2.89;65
2015.06.17;04:00:00;2.926;2.908;2.919;2.91;28
2015.06.17;08:00:00;2.924;2.917;2.922;2.919;12
2015.06.17;12:00:00;2.925;2.894;2.895;2.92;38
2015.06.17;16:00:00;2.929;2.858;2.864;2.894;113
2015.06.17;20:00:00;2.905;2.834;2.884;2.864;123
2015.06.18;00:00:00;2.916;2.881;2.909;2.884;46
2015.06.18;04:00:00;2.916;2.902;2.914;2.902;17
2015.06.18;08:00:00;2.914;2.906;2.912;2.913;16
2015.06.18;12:00:00;2.914;2.897;2.912;2.912;35
2015.06.18;16:00:00;2.956;2.874;2.946;2.912;131
2015.06.18;20:00:00;2.955;2.849;2.874;2.947;140
2015.06.19;00:00:00;2.888;2.854;2.857;2.874;52
2015.06.19;04:00:00;2.868;2.857;2.857;2.858;22
2015.06.19;08:00:00;2.86;2.855;2.858;2.857;10
2015.06.19;12:00:00;2.86;2.827;2.833;2.858;42
2015.06.19;16:00:00;2.855;2.824;2.851;2.833;45
2015.06.19;20:00:00;2.879;2.781;2.789;2.852;134
2015.06.22;00:00:00;2.799;2.781;2.788;2.79;35
2015.06.22;04:00:00;2.789;2.767;2.77;2.777;38
2015.06.22;08:00:00;2.776;2.767;2.776;2.77;13
2015.06.22;12:00:00;2.8;2.768;2.796;2.776;45
2015.06.22;16:00:00;2.804;2.744;2.777;2.795;103
2015.06.22;20:00:00;2.84;2.76;2.828;2.777;110
2015.06.23;00:00:00;2.835;2.815;2.817;2.826;32
2015.06.23;04:00:00;2.757;2.739;2.755;2.742;24
2015.06.23;08:00:00;2.758;2.754;2.754;2.755;8
2015.06.23;12:00:00;2.758;2.743;2.747;2.75;28
2015.06.23;16:00:00;2.755;2.721;2.743;2.747;65
2015.06.23;20:00:00;2.754;2.73;2.734;2.744;39
2015.06.24;00:00:00;2.752;2.73;2.747;2.735;33
2015.06.24;04:00:00;2.756;2.731;2.732;2.755;28
2015.06.24;08:00:00;2.738;2.731;2.736;2.731;10
2015.06.24;12:00:00;2.742;2.727;2.737;2.735;29
2015.06.24;16:00:00;2.806;2.728;2.772;2.738;123
2015.06.24;20:00:00;2.789;2.731;2.732;2.773;76
2015.06.25;00:00:00;2.739;2.717;2.729;2.731;43
2015.06.25;04:00:00;2.734;2.725;2.728;2.729;18
2015.06.25;08:00:00;2.728;2.721;2.726;2.727;14
2015.06.25;12:00:00;2.769;2.716;2.761;2.725;71
2015.06.25;16:00:00;2.785;2.737;2.743;2.76;80
2015.06.25;20:00:00;2.763;2.731;2.755;2.745;55
2015.06.26;00:00:00;2.777;2.752;2.77;2.755;36
2015.06.26;04:00:00;2.774;2.755;2.767;2.768;38
2015.06.26;08:00:00;2.783;2.756;2.761;2.764;52
2015.06.26;12:00:00;2.8;2.757;2.79;2.762;59
2015.06.26;16:00:00;2.82;2.777;2.81;2.79;67
2015.06.26;20:00:00;2.851;2.783;2.842;2.811;106
2015.06.29;00:00:00;2.851;2.837;2.842;2.841;28
2015.06.29;04:00:00;2.848;2.834;2.839;2.845;23
2015.06.29;08:00:00;2.84;2.838;2.838;2.839;4
2015.06.29;12:00:00;2.845;2.837;2.839;2.839;17
2015.06.29;16:00:00;2.84;2.772;2.78;2.84;77
2015.06.29;20:00:00;2.809;2.752;2.762;2.78;97
2015.06.30;00:00:00;2.776;2.749;2.752;2.762;45
2015.06.30;04:00:00;2.742;2.721;2.725;2.738;30
2015.06.30;08:00:00;2.732;2.718;2.719;2.726;22
2015.06.30;12:00:00;2.739;2.719;2.723;2.719;37
2015.06.30;16:00:00;2.813;2.723;2.789;2.723;115
2015.06.30;20:00:00;2.824;2.749;2.804;2.79;137
2015.07.01;00:00:00;2.811;2.78;2.787;2.806;44
2015.07.01;04:00:00;2.791;2.773;2.779;2.789;27
2015.07.01;08:00:00;2.781;2.769;2.78;2.779;24
2015.07.01;12:00:00;2.784;2.76;2.764;2.781;32
2015.07.01;16:00:00;2.805;2.735;2.743;2.763;121
2015.07.01;20:00:00;2.804;2.739;2.797;2.744;78
2015.07.02;00:00:00;2.819;2.797;2.804;2.798;39
2015.07.02;04:00:00;2.818;2.797;2.812;2.803;34
2015.07.02;08:00:00;2.815;2.796;2.806;2.812;33
2015.07.02;12:00:00;2.804;2.771;2.774;2.804;37
2015.07.02;16:00:00;2.837;2.764;2.767;2.774;140
2015.07.02;20:00:00;2.798;2.743;2.756;2.766;101
2015.07.03;00:00:00;2.787;2.749;2.786;2.755;46
2015.07.03;04:00:00;2.792;2.778;2.792;2.778;15
2015.07.03;08:00:00;2.797;2.79;2.796;2.793;12
2015.07.03;12:00:00;2.825;2.79;2.823;2.795;43
2015.07.03;16:00:00;2.825;2.79;2.814;2.824;61
2015.07.03;20:00:00;2.867;2.797;2.821;2.814;134
2015.07.06;00:00:00;2.827;2.798;2.816;2.822;53
2015.07.06;04:00:00;2.829;2.811;2.82;2.819;36
2015.07.06;08:00:00;2.824;2.82;2.821;2.82;8
2015.07.06;12:00:00;2.838;2.819;2.825;2.822;36
2015.07.06;16:00:00;2.827;2.773;2.773;2.824;58
2015.07.06;20:00:00;2.779;2.744;2.762;2.772;61
2015.07.07;00:00:00;2.765;2.753;2.755;2.754;24
2015.07.07;04:00:00;2.755;2.732;2.732;2.754;25
2015.07.07;08:00:00;2.748;2.719;2.724;2.733;50
2015.07.07;12:00:00;2.75;2.714;2.743;2.725;55
2015.07.07;16:00:00;2.766;2.738;2.74;2.743;54
2015.07.07;20:00:00;2.75;2.733;2.738;2.739;34
2015.07.08;00:00:00;2.751;2.736;2.75;2.74;21
2015.07.08;04:00:00;2.759;2.748;2.755;2.75;18
2015.07.08;08:00:00;2.758;2.736;2.745;2.755;35
2015.07.08;12:00:00;2.782;2.692;2.697;2.746;132
2015.07.08;16:00:00;2.709;2.672;2.697;2.696;74
2015.07.08;20:00:00;2.711;2.694;2.708;2.696;23
2015.07.09;00:00:00;2.721;2.699;2.7;2.711;34
2015.07.09;04:00:00;2.7;2.682;2.69;2.699;28
2015.07.09;08:00:00;2.724;2.69;2.716;2.69;43
2015.07.09;12:00:00;2.738;2.697;2.708;2.715;76
2015.07.09;16:00:00;2.72;2.666;2.671;2.707;73
2015.07.09;20:00:00;2.675;2.659;2.668;2.67;31
2015.07.10;00:00:00;2.67;2.663;2.667;2.667;15
2015.07.10;04:00:00;2.679;2.667;2.676;2.667;16
2015.07.10;08:00:00;2.681;2.662;2.665;2.675;29
2015.07.10;12:00:00;2.685;2.656;2.679;2.666;46
2015.07.10;16:00:00;2.707;2.63;2.702;2.678;131
2015.07.10;20:00:00;2.72;2.701;2.712;2.703;30
2015.07.13;00:00:00;2.721;2.706;2.716;2.712;27
2015.07.13;04:00:00;2.727;2.715;2.725;2.717;17
2015.07.13;08:00:00;2.728;2.718;2.722;2.726;17
2015.07.13;12:00:00;2.773;2.714;2.756;2.723;86
2015.07.13;16:00:00;2.788;2.748;2.763;2.754;72
2015.07.13;20:00:00;2.764;2.742;2.755;2.762;38
2015.07.14;00:00:00;2.8;2.786;2.786;2.799;16
2015.07.14;04:00:00;2.793;2.778;2.783;2.787;27
2015.07.14;08:00:00;2.792;2.772;2.785;2.784;40
2015.07.14;12:00:00;2.837;2.77;2.821;2.786;100
2015.07.14;16:00:00;2.865;2.82;2.837;2.82;74
2015.07.14;20:00:00;2.854;2.825;2.848;2.838;49
2015.07.15;00:00:00;2.859;2.851;2.854;2.851;14
2015.07.15;04:00:00;2.862;2.851;2.851;2.855;19
2015.07.15;08:00:00;2.859;2.837;2.859;2.852;38
2015.07.15;12:00:00;2.915;2.846;2.861;2.859;137
2015.07.15;16:00:00;2.874;2.806;2.843;2.863;117
2015.07.15;20:00:00;2.845;2.813;2.826;2.842;49
2015.07.16;00:00:00;2.836;2.821;2.825;2.828;28
2015.07.16;04:00:00;2.826;2.816;2.823;2.825;19
2015.07.16;08:00:00;2.842;2.815;2.837;2.823;41
2015.07.16;12:00:00;2.897;2.835;2.875;2.839;89
2015.07.16;16:00:00;2.911;2.857;2.89;2.874;93
2015.07.16;20:00:00;2.905;2.878;2.897;2.89;48
2015.07.17;00:00:00;2.907;2.895;2.899;2.897;23
2015.07.17;04:00:00;2.912;2.899;2.91;2.9;17
2015.07.17;08:00:00;2.911;2.888;2.892;2.91;29
2015.07.17;12:00:00;2.908;2.869;2.876;2.893;62
2015.07.17;16:00:00;2.9;2.825;2.834;2.876;109
2015.07.17;20:00:00;2.847;2.829;2.844;2.834;27
2015.07.20;00:00:00;2.868;2.84;2.864;2.841;34
2015.07.20;04:00:00;2.87;2.842;2.845;2.865;37
2015.07.20;08:00:00;2.869;2.829;2.868;2.844;57
2015.07.20;12:00:00;2.879;2.809;2.841;2.868;114
2015.07.20;16:00:00;2.852;2.819;2.833;2.84;60
2015.07.20;20:00:00;2.869;2.832;2.865;2.833;43
2015.07.21;00:00:00;2.839;2.811;2.816;2.825;48
2015.07.21;04:00:00;2.819;2.813;2.816;2.816;13
2015.07.21;08:00:00;2.82;2.811;2.818;2.817;18
2015.07.21;12:00:00;2.842;2.777;2.79;2.82;101
2015.07.21;16:00:00;2.863;2.786;2.811;2.789;133
2015.07.21;20:00:00;2.822;2.8;2.817;2.809;37
2015.07.22;00:00:00;2.825;2.812;2.817;2.823;21
2015.07.22;04:00:00;2.823;2.817;2.822;2.817;8
2015.07.22;08:00:00;2.835;2.817;2.829;2.823;31
2015.07.22;12:00:00;2.873;2.828;2.861;2.828;58
2015.07.22;16:00:00;2.873;2.849;2.865;2.86;44
2015.07.22;20:00:00;2.881;2.864;2.874;2.866;27
2015.07.23;00:00:00;2.879;2.87;2.87;2.877;12
2015.07.23;04:00:00;2.873;2.863;2.869;2.871;19
2015.07.23;08:00:00;2.876;2.854;2.858;2.87;33
2015.07.23;12:00:00;2.903;2.844;2.862;2.857;114
2015.07.23;16:00:00;2.889;2.835;2.887;2.862;84
2015.07.23;20:00:00;2.894;2.87;2.883;2.888;44
2015.07.24;00:00:00;2.888;2.876;2.882;2.886;21
2015.07.24;04:00:00;2.883;2.866;2.87;2.882;23
2015.07.24;08:00:00;2.887;2.869;2.879;2.87;28
2015.07.24;12:00:00;2.905;2.869;2.9;2.875;48
2015.07.24;16:00:00;2.938;2.807;2.809;2.9;172
2015.07.24;20:00:00;2.818;2.788;2.792;2.808;45
2015.07.27;00:00:00;2.799;2.785;2.789;2.793;25
2015.07.27;04:00:00;2.8;2.778;2.789;2.787;43
2015.07.27;08:00:00;2.8;2.764;2.768;2.789;52
2015.07.27;12:00:00;2.785;2.759;2.771;2.769;51
2015.07.27;16:00:00;2.79;2.759;2.766;2.771;58
2015.07.27;20:00:00;2.773;2.755;2.764;2.767;34
2015.07.28;00:00:00;2.733;2.718;2.729;2.728;30
2015.07.28;04:00:00;2.737;2.729;2.737;2.73;10
2015.07.28;08:00:00;2.751;2.736;2.745;2.737;23
2015.07.28;12:00:00;2.798;2.734;2.796;2.744;77
2015.07.28;16:00:00;2.799;2.766;2.779;2.795;51
2015.07.28;20:00:00;2.781;2.765;2.778;2.78;31
2015.07.29;00:00:00;2.778;2.764;2.765;2.775;19
2015.07.29;04:00:00;2.778;2.764;2.771;2.765;23
2015.07.29;08:00:00;2.786;2.758;2.781;2.772;48
2015.07.29;12:00:00;2.803;2.767;2.797;2.782;58
2015.07.29;16:00:00;2.829;2.768;2.794;2.798;119
2015.07.29;20:00:00;2.814;2.785;2.81;2.793;42
2015.07.30;00:00:00;2.821;2.805;2.814;2.81;29
2015.07.30;04:00:00;2.821;2.808;2.819;2.814;22
2015.07.30;08:00:00;2.838;2.809;2.835;2.819;43
2015.07.30;12:00:00;2.847;2.804;2.831;2.836;82
2015.07.30;16:00:00;2.851;2.815;2.841;2.83;62
2015.07.30;20:00:00;2.848;2.836;2.84;2.841;24
2015.07.31;00:00:00;2.864;2.838;2.855;2.838;36
2015.07.31;04:00:00;2.861;2.851;2.853;2.857;17
2015.07.31;08:00:00;2.861;2.825;2.831;2.854;50
2015.07.31;12:00:00;2.838;2.787;2.794;2.831;66
2015.07.31;16:00:00;2.817;2.75;2.756;2.793;98
2015.07.31;20:00:00;2.764;2.746;2.764;2.757;30
2015.08.03;00:00:00;2.771;2.756;2.757;2.765;23
2015.08.03;04:00:00;2.767;2.757;2.758;2.757;20
2015.08.03;08:00:00;2.767;2.755;2.763;2.759;21
2015.08.03;12:00:00;2.769;2.737;2.755;2.763;57
2015.08.03;16:00:00;2.754;2.695;2.695;2.754;60
2015.08.03;20:00:00;2.705;2.689;2.695;2.696;32
2015.08.04;00:00:00;2.727;2.702;2.724;2.708;35
2015.08.04;04:00:00;2.734;2.719;2.733;2.723;21
2015.08.04;08:00:00;2.747;2.732;2.743;2.734;22
2015.08.04;12:00:00;2.768;2.708;2.708;2.744;85
2015.08.04;16:00:00;2.727;2.69;2.718;2.708;65
2015.08.04;20:00:00;2.746;2.719;2.735;2.719;39
2015.08.05;00:00:00;2.746;2.735;2.746;2.74;17
2015.08.05;04:00:00;2.766;2.747;2.765;2.747;21
2015.08.05;08:00:00;2.776;2.757;2.774;2.765;30
2015.08.05;12:00:00;2.803;2.767;2.787;2.773;59
2015.08.05;16:00:00;2.794;2.76;2.765;2.786;48
2015.08.05;20:00:00;2.799;2.758;2.796;2.765;52
2015.08.06;00:00:00;2.799;2.784;2.797;2.792;26
2015.08.06;04:00:00;2.798;2.794;2.794;2.795;8
2015.08.06;08:00:00;2.809;2.794;2.807;2.794;18
2015.08.06;12:00:00;2.845;2.795;2.831;2.808;78
2015.08.06;16:00:00;2.833;2.785;2.788;2.831;54
2015.08.06;20:00:00;2.79;2.763;2.766;2.788;33
2015.08.07;00:00:00;2.769;2.762;2.763;2.765;13
2015.08.07;04:00:00;2.762;2.748;2.748;2.762;15
2015.08.07;08:00:00;2.752;2.742;2.747;2.747;21
2015.08.07;12:00:00;2.759;2.713;2.72;2.748;65
2015.08.07;16:00:00;2.819;2.717;2.803;2.719;121
2015.08.07;20:00:00;2.804;2.786;2.788;2.804;21
2015.08.10;00:00:00;2.806;2.785;2.794;2.788;37
2015.08.10;04:00:00;2.805;2.795;2.801;2.795;15
2015.08.10;08:00:00;2.802;2.791;2.797;2.8;20
2015.08.10;12:00:00;2.804;2.766;2.787;2.798;66
2015.08.10;16:00:00;2.799;2.743;2.784;2.786;111
2015.08.10;20:00:00;2.79;2.766;2.769;2.783;35
2015.08.11;00:00:00;2.824;2.813;2.823;2.818;18
2015.08.11;04:00:00;2.823;2.819;2.821;2.823;7
2015.08.11;08:00:00;2.822;2.809;2.813;2.822;18
2015.08.11;12:00:00;2.834;2.8;2.805;2.812;62
2015.08.11;16:00:00;2.832;2.805;2.83;2.806;31
2015.08.11;20:00:00;2.83;2.819;2.819;2.83;12
2015.08.12;00:00:00;2.818;2.804;2.813;2.817;25
2015.08.12;04:00:00;2.815;2.804;2.804;2.813;14
2015.08.12;08:00:00;2.823;2.788;2.788;2.805;54
2015.08.12;12:00:00;2.82;2.786;2.801;2.787;55
2015.08.12;16:00:00;2.826;2.779;2.82;2.799;74
2015.08.12;20:00:00;2.843;2.81;2.838;2.821;50
2015.08.13;00:00:00;2.85;2.834;2.846;2.837;24
2015.08.13;04:00:00;2.846;2.836;2.838;2.846;13
2015.08.13;08:00:00;2.856;2.836;2.853;2.839;27
2015.08.13;12:00:00;2.882;2.84;2.875;2.854;64
2015.08.13;16:00:00;2.909;2.871;2.9;2.874;51
2015.08.13;20:00:00;2.916;2.894;2.904;2.899;40
2015.08.14;00:00:00;2.914;2.901;2.906;2.904;25
2015.08.14;04:00:00;2.909;2.902;2.906;2.906;15
2015.08.14;08:00:00;2.907;2.889;2.895;2.905;27
2015.08.14;12:00:00;2.907;2.875;2.901;2.892;56
2015.08.14;16:00:00;2.907;2.778;2.786;2.9;145
2015.08.14;20:00:00;2.793;2.768;2.788;2.785;48
2015.08.17;00:00:00;2.793;2.783;2.787;2.792;16
2015.08.17;04:00:00;2.799;2.786;2.799;2.787;15
2015.08.17;08:00:00;2.802;2.789;2.791;2.797;21
2015.08.17;12:00:00;2.818;2.773;2.789;2.792;88
2015.08.17;16:00:00;2.798;2.766;2.783;2.79;58
2015.08.17;20:00:00;2.794;2.776;2.79;2.784;31
2015.08.18;00:00:00;2.759;2.748;2.756;2.756;23
2015.08.18;04:00:00;2.763;2.756;2.762;2.757;10
2015.08.18;08:00:00;2.769;2.75;2.75;2.762;27
2015.08.18;12:00:00;2.759;2.715;2.723;2.751;61
2015.08.18;16:00:00;2.726;2.701;2.704;2.723;32
2015.08.18;20:00:00;2.721;2.703;2.712;2.703;28
2015.08.19;00:00:00;2.715;2.707;2.708;2.71;15
2015.08.19;04:00:00;2.713;2.707;2.707;2.708;12
2015.08.19;08:00:00;2.717;2.687;2.692;2.706;47
2015.08.19;12:00:00;2.708;2.663;2.684;2.691;84
2015.08.19;16:00:00;2.697;2.68;2.682;2.685;32
2015.08.19;20:00:00;2.706;2.679;2.699;2.682;38
2015.08.20;00:00:00;2.698;2.688;2.692;2.697;16
2015.08.20;04:00:00;2.696;2.681;2.682;2.691;22
2015.08.20;08:00:00;2.701;2.682;2.697;2.683;25
2015.08.20;12:00:00;2.721;2.683;2.698;2.698;77
2015.08.20;16:00:00;2.706;2.677;2.695;2.696;58
2015.08.20;20:00:00;2.702;2.688;2.69;2.695;24
2015.08.21;00:00:00;2.696;2.688;2.693;2.691;15
2015.08.21;04:00:00;2.695;2.688;2.695;2.693;13
2015.08.21;08:00:00;2.695;2.676;2.68;2.694;25
2015.08.21;12:00:00;2.707;2.678;2.701;2.678;36
2015.08.21;16:00:00;2.77;2.7;2.748;2.7;93
2015.08.21;20:00:00;2.749;2.727;2.739;2.745;39
2015.08.24;00:00:00;2.742;2.733;2.737;2.736;18
2015.08.24;04:00:00;2.736;2.717;2.724;2.736;27
2015.08.24;08:00:00;2.73;2.701;2.728;2.73;57
2015.08.24;12:00:00;2.727;2.689;2.698;2.727;48
2015.08.24;16:00:00;2.7;2.653;2.664;2.697;62
2015.08.24;20:00:00;2.672;2.656;2.671;2.663;25
2015.08.25;00:00:00;2.661;2.646;2.646;2.653;24
2015.08.25;04:00:00;2.646;2.636;2.641;2.645;17
2015.08.25;08:00:00;2.649;2.633;2.642;2.641;32
2015.08.25;12:00:00;2.678;2.625;2.675;2.642;74
2015.08.25;16:00:00;2.697;2.647;2.648;2.674;75
2015.08.25;20:00:00;2.657;2.636;2.647;2.647;43
2015.08.26;00:00:00;2.653;2.64;2.643;2.646;24
2015.08.26;04:00:00;2.649;2.639;2.639;2.644;16
2015.08.26;08:00:00;2.657;2.637;2.655;2.642;28
2015.08.26;12:00:00;2.689;2.65;2.661;2.654;72
2015.08.26;16:00:00;2.667;2.64;2.645;2.661;39
2015.08.26;20:00:00;2.686;2.643;2.678;2.644;53
2015.08.27;00:00:00;2.683;2.667;2.668;2.679;22
2015.08.27;04:00:00;2.676;2.667;2.67;2.669;18
2015.08.27;08:00:00;2.685;2.671;2.685;2.671;15
2015.08.27;12:00:00;2.707;2.68;2.688;2.684;51
2015.08.27;16:00:00;2.694;2.672;2.677;2.689;33
2015.08.27;20:00:00;2.692;2.667;2.669;2.678;42
2015.08.28;00:00:00;2.677;2.666;2.677;2.673;19
2015.08.28;04:00:00;2.681;2.655;2.656;2.676;33
2015.08.28;08:00:00;2.679;2.648;2.676;2.655;42
2015.08.28;12:00:00;2.691;2.652;2.666;2.676;69
2015.08.28;16:00:00;2.692;2.625;2.653;2.666;122
2015.08.28;20:00:00;2.661;2.643;2.656;2.652;33
2015.08.31;00:00:00;2.659;2.647;2.654;2.658;21
2015.08.31;04:00:00;2.659;2.654;2.656;2.654;9
2015.08.31;08:00:00;2.672;2.656;2.667;2.656;22
2015.08.31;12:00:00;2.706;2.665;2.681;2.669;71
2015.08.31;16:00:00;2.705;2.678;2.696;2.68;39
2015.08.31;20:00:00;2.705;2.692;2.703;2.695;19
2015.09.01;00:00:00;2.664;2.648;2.658;2.664;27
2015.09.01;04:00:00;2.659;2.646;2.646;2.659;14
2015.09.01;08:00:00;2.648;2.638;2.639;2.645;15
2015.09.01;12:00:00;2.652;2.626;2.641;2.64;52
2015.09.01;16:00:00;2.669;2.629;2.66;2.642;63
2015.09.01;20:00:00;2.674;2.648;2.667;2.66;46
2015.09.02;00:00:00;2.672;2.663;2.67;2.667;16
2015.09.02;04:00:00;2.676;2.663;2.667;2.67;24
2015.09.02;08:00:00;2.686;2.661;2.683;2.667;35
2015.09.02;12:00:00;2.703;2.677;2.683;2.684;52
2015.09.02;16:00:00;2.688;2.653;2.679;2.683;67
2015.09.02;20:00:00;2.693;2.667;2.67;2.68;43
2015.09.03;00:00:00;2.675;2.653;2.656;2.668;33
2015.09.03;04:00:00;2.655;2.649;2.652;2.653;12
2015.09.03;08:00:00;2.656;2.646;2.654;2.652;19
2015.09.03;12:00:00;2.663;2.64;2.649;2.652;44
2015.09.03;16:00:00;2.651;2.633;2.639;2.649;27
2015.09.03;20:00:00;2.64;2.615;2.619;2.64;30
2015.09.04;00:00:00;2.631;2.616;2.63;2.621;22
2015.09.04;04:00:00;2.632;2.621;2.625;2.631;17
2015.09.04;08:00:00;2.637;2.624;2.636;2.626;17
2015.09.04;12:00:00;2.641;2.616;2.634;2.637;48
2015.09.04;16:00:00;2.717;2.623;2.697;2.634;126
2015.09.04;20:00:00;2.717;2.691;2.691;2.696;48
2015.09.07;00:00:00;2.699;2.686;2.694;2.693;26
2015.09.07;04:00:00;2.694;2.684;2.684;2.694;11
2015.09.07;08:00:00;2.691;2.683;2.686;2.683;14
2015.09.07;12:00:00;2.69;2.658;2.672;2.687;50
2015.09.07;16:00:00;2.681;2.631;2.64;2.671;70
2015.09.07;20:00:00;2.646;2.633;2.639;2.641;25
2015.09.08;00:00:00;2.652;2.624;2.645;2.632;44
2015.09.08;04:00:00;2.653;2.645;2.651;2.645;11
2015.09.08;08:00:00;2.656;2.646;2.655;2.652;18
2015.09.08;12:00:00;2.684;2.651;2.652;2.655;64
2015.09.08;16:00:00;2.652;2.634;2.635;2.651;21
2015.09.08;20:00:00;2.65;2.633;2.647;2.633;21
2015.09.09;00:00:00;2.653;2.644;2.648;2.646;17
2015.09.09;04:00:00;2.677;2.647;2.676;2.649;34
2015.09.09;08:00:00;2.701;2.66;2.696;2.678;65
2015.09.09;12:00:00;2.704;2.682;2.704;2.697;38
2015.09.09;16:00:00;2.704;2.674;2.675;2.703;33
2015.09.09;20:00:00;2.68;2.674;2.674;2.676;11
2015.09.10;00:00:00;2.68;2.674;2.676;2.676;13
2015.09.10;04:00:00;2.68;2.668;2.679;2.677;23
2015.09.10;08:00:00;2.689;2.643;2.647;2.679;61
2015.09.10;12:00:00;2.657;2.624;2.628;2.648;47
2015.09.10;16:00:00;2.647;2.625;2.644;2.629;30
2015.09.10;20:00:00;2.657;2.639;2.655;2.643;25
2015.09.11;00:00:00;2.658;2.651;2.658;2.656;13
2015.09.11;04:00:00;2.666;2.652;2.662;2.659;26
2015.09.11;08:00:00;2.677;2.643;2.647;2.661;55
2015.09.11;12:00:00;2.716;2.647;2.67;2.648;117
2015.09.11;16:00:00;2.68;2.657;2.657;2.671;33
2015.09.11;20:00:00;2.663;2.652;2.662;2.658;19
2015.09.14;00:00:00;2.671;2.66;2.665;2.662;20
2015.09.14;04:00:00;2.664;2.653;2.654;2.664;13
2015.09.14;08:00:00;2.69;2.643;2.687;2.649;57
2015.09.14;12:00:00;2.699;2.671;2.685;2.687;55
2015.09.14;16:00:00;2.685;2.673;2.674;2.684;15
2015.09.14;20:00:00;2.78;2.754;2.768;2.754;39
2015.09.15;00:00:00;2.774;2.767;2.77;2.767;12
2015.09.15;04:00:00;2.772;2.767;2.771;2.77;10
2015.09.15;08:00:00;2.779;2.749;2.772;2.772;61
2015.09.15;12:00:00;2.82;2.762;2.81;2.771;78
2015.09.15;16:00:00;2.822;2.803;2.812;2.81;37
2015.09.15;20:00:00;2.824;2.807;2.819;2.815;31
2015.09.16;00:00:00;2.823;2.814;2.817;2.819;17
2015.09.16;04:00:00;2.823;2.813;2.823;2.818;16
2015.09.16;08:00:00;2.841;2.797;2.807;2.823;73
2015.09.16;12:00:00;2.819;2.788;2.791;2.808;46
2015.09.16;16:00:00;2.793;2.776;2.787;2.79;32
2015.09.16;20:00:00;2.791;2.787;2.79;2.788;7
2015.09.17;00:00:00;2.788;2.779;2.785;2.788;16
2015.09.17;04:00:00;2.786;2.778;2.78;2.785;12
2015.09.17;08:00:00;2.781;2.739;2.744;2.78;49
2015.09.17;12:00:00;2.755;2.719;2.725;2.745;53
2015.09.17;16:00:00;2.732;2.72;2.731;2.724;18
2015.09.17;20:00:00;2.734;2.714;2.719;2.73;30
2015.09.18;00:00:00;2.724;2.717;2.723;2.721;13
2015.09.18;04:00:00;2.729;2.721;2.728;2.724;13
2015.09.18;08:00:00;2.733;2.71;2.727;2.729;45
2015.09.18;12:00:00;2.735;2.683;2.708;2.728;85
2015.09.18;16:00:00;2.715;2.701;2.703;2.709;23
2015.09.18;20:00:00;2.707;2.699;2.705;2.703;15
2015.09.21;00:00:00;2.708;2.704;2.706;2.706;9
2015.09.21;04:00:00;2.72;2.702;2.719;2.705;23
2015.09.21;08:00:00;2.726;2.669;2.679;2.72;74
2015.09.21;12:00:00;2.693;2.665;2.666;2.679;44
2015.09.21;16:00:00;2.666;2.657;2.658;2.665;12
2015.09.21;20:00:00;2.641;2.628;2.634;2.638;23
2015.09.22;00:00:00;2.635;2.629;2.634;2.633;12
2015.09.22;04:00:00;2.638;2.631;2.635;2.634;14
2015.09.22;08:00:00;2.635;2.605;2.615;2.634;42
2015.09.22;12:00:00;2.646;2.613;2.631;2.614;50
2015.09.22;16:00:00;2.631;2.615;2.625;2.631;27
2015.09.22;20:00:00;2.625;2.619;2.622;2.623;12
2015.09.23;00:00:00;2.626;2.614;2.626;2.623;22
2015.09.23;04:00:00;2.636;2.62;2.633;2.625;25
2015.09.23;08:00:00;2.649;2.621;2.633;2.632;56
2015.09.23;12:00:00;2.639;2.619;2.63;2.634;37
2015.09.23;16:00:00;2.632;2.619;2.62;2.629;18
2015.09.23;20:00:00;2.623;2.614;2.617;2.618;18
2015.09.24;00:00:00;2.625;2.617;2.624;2.617;10
2015.09.24;04:00:00;2.628;2.623;2.626;2.624;9
2015.09.24;08:00:00;2.641;2.613;2.631;2.625;51
2015.09.24;12:00:00;2.646;2.614;2.623;2.63;58
2015.09.24;16:00:00;2.626;2.61;2.62;2.622;31
2015.09.24;20:00:00;2.624;2.617;2.622;2.617;10
2015.09.25;00:00:00;2.622;2.619;2.621;2.621;7
2015.09.25;04:00:00;2.621;2.605;2.609;2.62;22
2015.09.25;08:00:00;2.628;2.607;2.611;2.609;41
2015.09.25;12:00:00;2.641;2.577;2.634;2.612;107
2015.09.25;16:00:00;2.66;2.634;2.649;2.635;39
2015.09.25;20:00:00;2.653;2.646;2.651;2.653;13
2015.09.28;00:00:00;2.666;2.65;2.665;2.652;20
2015.09.28;04:00:00;2.669;2.65;2.659;2.663;35
2015.09.28;08:00:00;2.658;2.595;2.597;2.658;66
2015.09.28;12:00:00;2.621;2.583;2.606;2.598;69
2015.09.28;16:00:00;2.618;2.597;2.607;2.607;43
2015.09.28;20:00:00;2.675;2.653;2.657;2.657;45
2015.09.29;00:00:00;2.668;2.657;2.661;2.658;20
2015.09.29;04:00:00;2.675;2.661;2.674;2.661;16
2015.09.29;08:00:00;2.702;2.672;2.672;2.675;58
2015.09.29;12:00:00;2.679;2.638;2.656;2.673;66
2015.09.29;16:00:00;2.655;2.63;2.65;2.655;46
2015.09.29;20:00:00;2.654;2.641;2.653;2.652;26
2015.09.30;00:00:00;2.654;2.641;2.649;2.653;23
2015.09.30;04:00:00;2.654;2.624;2.626;2.65;37
2015.09.30;08:00:00;2.628;2.59;2.607;2.625;59
2015.09.30;12:00:00;2.61;2.566;2.576;2.606;59
2015.09.30;16:00:00;2.58;2.564;2.569;2.574;28
2015.09.30;20:00:00;2.571;2.565;2.569;2.566;10
2015.10.01;00:00:00;2.582;2.569;2.581;2.57;16
2015.10.01;04:00:00;2.592;2.569;2.591;2.58;36
2015.10.01;08:00:00;2.594;2.537;2.541;2.592;64
2015.10.01;12:00:00;2.544;2.494;2.505;2.54;66
2015.10.01;16:00:00;2.521;2.501;2.504;2.506;39
2015.10.01;20:00:00;2.517;2.497;2.513;2.503;31
2015.10.02;00:00:00;2.523;2.51;2.518;2.513;22
2015.10.02;04:00:00;2.519;2.502;2.51;2.517;28
2015.10.02;08:00:00;2.513;2.459;2.46;2.51;59
2015.10.02;12:00:00;2.489;2.424;2.424;2.459;96
2015.10.02;16:00:00;2.429;2.404;2.414;2.425;40
2015.10.02;20:00:00;2.418;2.401;2.403;2.412;26
2015.10.05;00:00:00;2.407;2.401;2.403;2.403;13
2015.10.05;04:00:00;2.412;2.401;2.401;2.404;20
2015.10.05;08:00:00;2.431;2.386;2.416;2.4;75
2015.10.05;12:00:00;2.446;2.407;2.436;2.418;61
2015.10.05;16:00:00;2.454;2.427;2.451;2.435;39
2015.10.05;20:00:00;2.454;2.434;2.449;2.434;26
2015.10.06;00:00:00;2.451;2.446;2.446;2.45;7
2015.10.06;04:00:00;2.451;2.444;2.446;2.446;15
2015.10.06;08:00:00;2.464;2.411;2.461;2.446;92
2015.10.06;12:00:00;2.473;2.43;2.435;2.46;62
2015.10.06;16:00:00;2.445;2.425;2.438;2.437;40
2015.10.06;20:00:00;2.447;2.439;2.44;2.442;15
2015.10.07;00:00:00;2.453;2.439;2.451;2.441;19
2015.10.07;04:00:00;2.47;2.439;2.463;2.451;51
2015.10.07;08:00:00;2.467;2.419;2.432;2.465;64
2015.10.07;12:00:00;2.468;2.429;2.449;2.431;61
2015.10.07;16:00:00;2.462;2.445;2.459;2.448;24
2015.10.07;20:00:00;2.459;2.438;2.44;2.459;24
2015.10.08;00:00:00;2.443;2.438;2.44;2.441;10
2015.10.08;04:00:00;2.453;2.44;2.452;2.441;16
2015.10.08;08:00:00;2.513;2.445;2.505;2.451;83
2015.10.08;12:00:00;2.51;2.461;2.475;2.506;68
2015.10.08;16:00:00;2.479;2.455;2.455;2.474;30
2015.10.08;20:00:00;2.466;2.452;2.459;2.454;24
2015.10.09;00:00:00;2.464;2.457;2.46;2.458;13
2015.10.09;04:00:00;2.461;2.445;2.453;2.459;27
2015.10.09;08:00:00;2.483;2.435;2.474;2.451;74
2015.10.09;12:00:00;2.51;2.468;2.478;2.474;81
2015.10.09;16:00:00;2.486;2.468;2.47;2.479;28
2015.10.09;20:00:00;2.474;2.458;2.466;2.469;30
2015.10.12;00:00:00;2.471;2.454;2.469;2.466;32
2015.10.12;04:00:00;2.477;2.461;2.476;2.464;21
2015.10.12;08:00:00;2.493;2.459;2.484;2.476;61
2015.10.12;12:00:00;2.504;2.472;2.498;2.485;52
2015.10.12;16:00:00;2.504;2.482;2.501;2.497;41
2015.10.12;20:00:00;2.538;2.494;2.511;2.503;81
2015.10.13;00:00:00;2.52;2.51;2.52;2.513;14
2015.10.13;04:00:00;2.523;2.508;2.51;2.519;22
2015.10.13;08:00:00;2.527;2.495;2.507;2.509;63
2015.10.13;12:00:00;2.528;2.492;2.519;2.506;60
2015.10.13;16:00:00;2.531;2.516;2.525;2.521;27
2015.10.13;20:00:00;2.536;2.523;2.533;2.524;18
2015.10.14;00:00:00;2.534;2.519;2.519;2.534;16
2015.10.14;04:00:00;2.523;2.5;2.5;2.52;27
2015.10.14;08:00:00;2.536;2.486;2.53;2.498;69
2015.10.14;12:00:00;2.535;2.469;2.484;2.529;88
2015.10.14;16:00:00;2.491;2.475;2.48;2.485;28
2015.10.14;20:00:00;2.481;2.471;2.478;2.481;18
2015.10.15;00:00:00;2.486;2.474;2.474;2.479;20
2015.10.15;04:00:00;2.476;2.46;2.463;2.473;23
2015.10.15;08:00:00;2.505;2.456;2.493;2.462;68
2015.10.15;12:00:00;2.518;2.475;2.491;2.492;86
2015.10.15;16:00:00;2.522;2.484;2.52;2.49;47
2015.10.15;20:00:00;2.526;2.509;2.518;2.517;34
2015.10.16;00:00:00;2.519;2.499;2.504;2.519;26
2015.10.16;04:00:00;2.52;2.5;2.514;2.503;30
2015.10.16;08:00:00;2.558;2.506;2.545;2.513;73
2015.10.16;12:00:00;2.559;2.436;2.446;2.546;147
2015.10.16;16:00:00;2.45;2.432;2.433;2.447;23
2015.10.16;20:00:00;2.449;2.435;2.443;2.436;22
2015.10.19;00:00:00;2.447;2.426;2.426;2.443;26
2015.10.19;04:00:00;2.43;2.41;2.412;2.425;28
2015.10.19;08:00:00;2.432;2.392;2.417;2.412;76
2015.10.19;12:00:00;2.419;2.398;2.41;2.416;37
2015.10.19;16:00:00;2.417;2.403;2.406;2.409;26
2015.10.19;20:00:00;2.675;2.645;2.649;2.661;49
2015.10.20;00:00:00;2.654;2.648;2.648;2.65;11
2015.10.20;04:00:00;2.656;2.643;2.653;2.649;23
2015.10.20;08:00:00;2.665;2.644;2.651;2.652;42
2015.10.20;12:00:00;2.67;2.643;2.645;2.652;48
2015.10.20;16:00:00;2.657;2.633;2.653;2.644;40
2015.10.20;20:00:00;2.657;2.64;2.648;2.643;30
2015.10.21;00:00:00;2.666;2.636;2.661;2.647;47
2015.10.21;04:00:00;2.669;2.655;2.657;2.661;25
2015.10.21;08:00:00;2.68;2.657;2.668;2.657;36
2015.10.21;12:00:00;2.678;2.642;2.642;2.669;46
2015.10.21;16:00:00;2.675;2.643;2.666;2.643;42
2015.10.21;20:00:00;2.671;2.661;2.663;2.671;13
2015.10.22;00:00:00;2.665;2.649;2.65;2.662;21
2015.10.22;04:00:00;2.653;2.616;2.62;2.651;44
2015.10.22;08:00:00;2.631;2.584;2.592;2.618;69
2015.10.22;12:00:00;2.591;2.566;2.583;2.591;43
2015.10.22;16:00:00;2.589;2.575;2.581;2.584;26
2015.10.22;20:00:00;2.591;2.573;2.576;2.575;36
2015.10.23;00:00:00;2.578;2.567;2.572;2.575;20
2015.10.23;04:00:00;2.591;2.57;2.59;2.572;25
2015.10.23;08:00:00;2.592;2.575;2.589;2.591;33
2015.10.23;12:00:00;2.607;2.538;2.563;2.59;112
2015.10.23;16:00:00;2.569;2.551;2.553;2.564;26
2015.10.23;20:00:00;2.553;2.541;2.544;2.549;20
2015.10.25;23:00:00;2.551;2.54;2.546;2.544;21
2015.10.26;00:00:00;2.551;2.54;2.541;2.547;17
2015.10.26;04:00:00;2.55;2.499;2.505;2.541;67
2015.10.26;08:00:00;2.518;2.474;2.482;2.504;67
2015.10.26;12:00:00;2.484;2.466;2.467;2.483;21
2015.10.26;16:00:00;2.431;2.413;2.426;2.431;32
2015.10.26;20:00:00;2.427;2.404;2.407;2.426;28
2015.10.27;00:00:00;2.419;2.399;2.401;2.407;35
2015.10.27;04:00:00;2.418;2.387;2.399;2.401;61
2015.10.27;08:00:00;2.399;2.325;2.332;2.398;83
2015.10.27;12:00:00;2.359;2.332;2.351;2.334;38
2015.10.27;16:00:00;2.351;2.341;2.35;2.343;14
2015.10.27;20:00:00;2.352;2.329;2.34;2.35;37
2015.10.28;00:00:00;2.341;2.313;2.317;2.341;33
2015.10.28;04:00:00;2.372;2.308;2.366;2.316;79
2015.10.28;08:00:00;2.399;2.334;2.336;2.367;100
2015.10.28;12:00:00;2.358;2.334;2.352;2.335;32
2015.10.28;16:00:00;2.358;2.348;2.353;2.349;17
2015.10.28;20:00:00;2.356;2.347;2.353;2.353;19
2015.10.29;00:00:00;2.358;2.324;2.324;2.352;41
2015.10.29;04:00:00;2.359;2.269;2.28;2.323;138
2015.10.29;08:00:00;2.294;2.246;2.273;2.281;89
2015.10.29;12:00:00;2.289;2.256;2.286;2.273;54
2015.10.29;16:00:00;2.285;2.279;2.281;2.284;10
2015.10.29;20:00:00;2.291;2.275;2.29;2.284;27
2015.10.30;00:00:00;2.298;2.284;2.294;2.29;25
2015.10.30;04:00:00;2.337;2.289;2.324;2.292;65
2015.10.30;08:00:00;2.354;2.229;2.24;2.325;166
2015.10.30;12:00:00;2.25;2.218;2.23;2.241;54
2015.10.30;16:00:00;2.241;2.208;2.234;2.231;64
2015.10.30;20:00:00;2.275;2.231;2.245;2.233;77
2015.11.02;00:00:00;2.248;2.216;2.221;2.246;40
2015.11.02;04:00:00;2.249;2.171;2.215;2.221;151
2015.11.02;08:00:00;2.307;2.211;2.293;2.216;116
2015.11.02;12:00:00;2.318;2.284;2.287;2.294;62
2015.11.02;16:00:00;2.258;2.237;2.242;2.25;35
2015.11.02;20:00:00;2.242;2.235;2.235;2.241;9
2015.11.03;00:00:00;2.242;2.218;2.229;2.234;44
2015.11.03;04:00:00;2.246;2.214;2.237;2.228;56
2015.11.03;08:00:00;2.258;2.221;2.222;2.236;61
2015.11.03;12:00:00;2.241;2.221;2.239;2.221;23
2015.11.03;16:00:00;2.247;2.228;2.242;2.237;34
2015.11.03;20:00:00;2.252;2.24;2.249;2.241;17
2015.11.04;00:00:00;2.275;2.241;2.246;2.25;65
2015.11.04;04:00:00;2.27;2.219;2.262;2.246;87
2015.11.04;08:00:00;2.272;2.222;2.244;2.263;82
2015.11.04;12:00:00;2.259;2.228;2.258;2.245;50
2015.11.04;16:00:00;2.259;2.244;2.248;2.259;20
2015.11.04;20:00:00;2.259;2.247;2.257;2.248;16
2015.11.05;00:00:00;2.269;2.245;2.267;2.257;39
2015.11.05;04:00:00;2.299;2.251;2.293;2.268;72
2015.11.05;08:00:00;2.295;2.241;2.244;2.294;59
2015.11.05;12:00:00;2.257;2.238;2.253;2.243;29
2015.11.05;16:00:00;2.254;2.246;2.248;2.249;16
2015.11.05;20:00:00;2.25;2.242;2.243;2.247;13
2015.11.06;00:00:00;2.246;2.232;2.239;2.243;25
2015.11.06;04:00:00;2.31;2.234;2.303;2.236;86
2015.11.06;08:00:00;2.365;2.293;2.346;2.303;102
2015.11.06;12:00:00;2.361;2.335;2.358;2.347;42
2015.11.06;16:00:00;2.36;2.341;2.351;2.347;35
2015.11.06;20:00:00;2.358;2.34;2.346;2.352;31
2015.11.09;00:00:00;2.355;2.34;2.341;2.345;27
2015.11.09;04:00:00;2.373;2.3;2.301;2.34;108
2015.11.09;08:00:00;2.38;2.301;2.349;2.302;112
2015.11.09;12:00:00;2.369;2.352;2.357;2.356;34
2015.11.09;16:00:00;2.362;2.333;2.334;2.357;36
2015.11.09;20:00:00;2.35;2.316;2.321;2.335;55
2015.11.10;00:00:00;2.353;2.277;2.279;2.32;112
2015.11.10;04:00:00;2.294;2.257;2.285;2.28;70
2015.11.10;08:00:00;2.296;2.278;2.289;2.284;32
2015.11.10;12:00:00;2.299;2.288;2.295;2.288;16
2015.11.10;16:00:00;2.304;2.288;2.293;2.296;30
2015.11.10;20:00:00;2.317;2.287;2.305;2.299;55
2015.11.11;00:00:00;2.341;2.276;2.327;2.307;111
2015.11.11;04:00:00;2.347;2.301;2.309;2.326;76
2015.11.11;08:00:00;2.318;2.299;2.312;2.31;37
2015.11.11;12:00:00;2.317;2.308;2.314;2.314;19
2015.11.11;16:00:00;2.316;2.304;2.305;2.313;17
2015.11.11;20:00:00;2.314;2.282;2.288;2.304;49
2015.11.12;00:00:00;2.332;2.267;2.3;2.287;118
2015.11.12;04:00:00;2.314;2.247;2.25;2.301;84
2015.11.12;08:00:00;2.259;2.232;2.253;2.251;53
2015.11.12;12:00:00;2.258;2.242;2.249;2.248;32
2015.11.12;16:00:00;2.264;2.242;2.248;2.25;43
2015.11.12;20:00:00;2.277;2.247;2.27;2.249;40
2015.11.13;00:00:00;2.295;2.216;2.259;2.274;144
2015.11.13;04:00:00;2.272;2.235;2.248;2.26;63
2015.11.13;08:00:00;2.275;2.23;2.274;2.249;66
2015.11.13;12:00:00;2.29;2.268;2.289;2.268;24
2015.11.13;16:00:00;2.291;2.268;2.271;2.289;29
2015.11.13;20:00:00;2.305;2.269;2.291;2.271;53
2015.11.16;00:00:00;2.305;2.273;2.299;2.292;58
2015.11.16;04:00:00;2.357;2.285;2.329;2.299;115
2015.11.16;08:00:00;2.373;2.328;2.364;2.328;55
2015.11.16;12:00:00;2.442;2.413;2.421;2.431;49
2015.11.16;16:00:00;2.426;2.402;2.403;2.422;30
2015.11.16;20:00:00;2.421;2.4;2.419;2.406;30
2015.11.17;00:00:00;2.42;2.345;2.352;2.418;85
2015.11.17;04:00:00;2.403;2.343;2.36;2.353;114
2015.11.17;08:00:00;2.373;2.313;2.315;2.359;77
2015.11.17;12:00:00;2.329;2.311;2.316;2.315;36
2015.11.17;16:00:00;2.323;2.294;2.3;2.316;43
2015.11.17;20:00:00;2.301;2.283;2.292;2.301;28
2015.11.18;00:00:00;2.303;2.267;2.293;2.292;72
2015.11.18;04:00:00;2.378;2.294;2.349;2.294;114
2015.11.18;08:00:00;2.364;2.34;2.353;2.349;45
2015.11.18;12:00:00;2.379;2.35;2.362;2.351;48
2015.11.18;16:00:00;2.384;2.349;2.365;2.362;68
2015.11.18;20:00:00;2.392;2.366;2.385;2.366;34
2015.11.19;00:00:00;2.388;2.332;2.336;2.385;64
2015.11.19;04:00:00;2.343;2.311;2.331;2.337;59
2015.11.19;08:00:00;2.336;2.31;2.315;2.331;37
2015.11.19;12:00:00;2.473;2.462;2.466;2.471;191
2015.11.19;16:00:00;2.467;2.453;2.457;2.465;252
2015.11.19;20:00:00;2.475;2.451;2.466;2.457;411
2015.11.20;00:00:00;2.469;2.445;2.462;2.466;990
2015.11.20;04:00:00;2.492;2.428;2.434;2.462;1844
2015.11.20;08:00:00;2.436;2.377;2.384;2.435;719
2015.11.20;12:00:00;2.394;2.381;2.393;2.383;210
2015.11.20;16:00:00;2.393;2.353;2.355;2.392;537
2015.11.20;20:00:00;2.373;2.352;2.364;2.355;525
2015.11.23;00:00:00;2.365;2.295;2.3;2.363;1514
2015.11.23;04:00:00;2.321;2.272;2.272;2.299;1678
2015.11.23;08:00:00;2.288;2.261;2.27;2.274;691
2015.11.23;12:00:00;2.252;2.231;2.232;2.252;492
2015.11.23;16:00:00;2.238;2.226;2.231;2.233;336
2015.11.23;20:00:00;2.242;2.223;2.23;2.231;536
2015.11.24;00:00:00;2.305;2.212;2.277;2.23;1923
2015.11.24;04:00:00;2.318;2.273;2.307;2.278;1333
2015.11.24;08:00:00;2.333;2.306;2.308;2.308;593
2015.11.24;12:00:00;2.324;2.267;2.295;2.312;669
2015.11.24;16:00:00;2.298;2.259;2.259;2.296;329
2015.11.24;20:00:00;2.279;2.258;2.262;2.26;612
2015.11.25;00:00:00;2.271;2.241;2.266;2.261;1496
2015.11.25;04:00:00;2.319;2.257;2.305;2.266;1605
2015.11.25;08:00:00;2.315;2.29;2.293;2.306;784
2015.11.25;12:00:00;2.309;2.293;2.304;2.295;289
2015.11.25;16:00:00;2.303;2.255;2.264;2.303;703
2015.11.25;20:00:00;2.285;2.256;2.258;2.264;604
2015.11.26;00:00:00;2.306;2.253;2.266;2.257;1234
2015.11.26;04:00:00;2.329;2.264;2.299;2.266;1579
2015.11.26;08:00:00;2.301;2.273;2.275;2.301;657
2015.11.26;12:00:00;2.287;2.267;2.268;2.278;314
2015.11.26;16:00:00;2.272;2.245;2.245;2.267;446
2015.11.26;20:00:00;2.26;2.246;2.259;2.246;375
2015.11.27;00:00:00;2.259;2.234;2.239;2.259;330
2015.11.27;04:00:00;2.242;2.225;2.228;2.239;365
2015.11.27;08:00:00;2.236;2.209;2.223;2.234;358
2015.11.27;12:00:00;2.226;2.215;2.216;2.224;226
2015.11.27;16:00:00;2.241;2.215;2.229;2.217;474
2015.11.27;20:00:00;2.23;2.201;2.203;2.227;902
2015.11.30;00:00:00;2.215;2.188;2.205;2.202;751
2015.11.30;04:00:00;2.195;2.161;2.193;2.166;297
2015.11.30;08:00:00;2.21;2.193;2.207;2.194;441
2015.11.30;12:00:00;2.217;2.193;2.201;2.207;337
2015.11.30;16:00:00;2.224;2.178;2.208;2.202;1174
2015.11.30;20:00:00;2.231;2.203;2.222;2.209;860
2015.12.01;00:00:00;2.227;2.209;2.213;2.221;360
2015.12.01;04:00:00;2.219;2.195;2.205;2.213;359
2015.12.01;08:00:00;2.239;2.201;2.238;2.205;476
2015.12.01;12:00:00;2.24;2.208;2.21;2.239;524
2015.12.01;16:00:00;2.24;2.197;2.235;2.211;951
2015.12.01;20:00:00;2.235;2.176;2.216;2.234;1144
2015.12.02;00:00:00;2.22;2.201;2.205;2.214;483
2015.12.02;04:00:00;2.207;2.194;2.198;2.204;472
2015.12.02;08:00:00;2.205;2.19;2.193;2.198;240
2015.12.02;12:00:00;2.194;2.178;2.182;2.193;309
2015.12.02;16:00:00;2.196;2.163;2.173;2.181;926
2015.12.02;20:00:00;2.172;2.138;2.14;2.172;1132
2015.12.03;00:00:00;2.168;2.135;2.158;2.141;472
2015.12.03;04:00:00;2.165;2.151;2.155;2.156;168
2015.12.03;08:00:00;2.159;2.138;2.138;2.156;316
2015.12.03;12:00:00;2.147;2.134;2.144;2.139;456
2015.12.03;16:00:00;2.158;2.115;2.137;2.143;955
2015.12.03;20:00:00;2.18;2.128;2.157;2.136;1480
2015.12.04;00:00:00;2.181;2.147;2.175;2.156;549
2015.12.04;04:00:00;2.186;2.167;2.175;2.181;354
2015.12.04;08:00:00;2.178;2.165;2.167;2.177;221
2015.12.04;12:00:00;2.193;2.166;2.184;2.166;441
2015.12.04;16:00:00;2.184;2.152;2.167;2.182;1017
2015.12.04;20:00:00;2.177;2.15;2.168;2.167;871
2015.12.07;00:00:00;2.172;2.16;2.165;2.167;401
2015.12.07;04:00:00;2.144;2.088;2.113;2.142;667
2015.12.07;08:00:00;2.122;2.111;2.113;2.113;196
2015.12.07;12:00:00;2.118;2.105;2.106;2.114;503
2015.12.07;16:00:00;2.122;2.093;2.097;2.106;928
2015.12.07;20:00:00;2.101;2.043;2.055;2.097;1345
2015.12.08;00:00:00;2.061;2.045;2.054;2.057;452
2015.12.08;04:00:00;2.061;2.042;2.05;2.051;516
2015.12.08;08:00:00;2.057;2.022;2.043;2.051;1185
2015.12.08;12:00:00;2.054;2.035;2.052;2.043;749
2015.12.08;16:00:00;2.049;1.997;2.028;2.048;1531
2015.12.08;20:00:00;2.067;2.016;2.058;2.027;1427
2015.12.09;00:00:00;2.075;2.044;2.06;2.059;477
2015.12.09;04:00:00;2.068;2.056;2.057;2.058;122
2015.12.09;08:00:00;2.07;2.055;2.061;2.058;352
2015.12.09;12:00:00;2.093;2.055;2.092;2.059;658
2015.12.09;16:00:00;2.099;2.066;2.075;2.091;1017
2015.12.09;20:00:00;2.088;2.031;2.044;2.075;1399
2015.12.10;00:00:00;2.048;2.032;2.047;2.043;495
2015.12.10;04:00:00;2.055;2.035;2.042;2.046;1238
2015.12.10;08:00:00;2.054;2.042;2.046;2.042;366
2015.12.10;12:00:00;2.049;2.032;2.034;2.047;587
2015.12.10;16:00:00;2.05;2.018;2.028;2.033;1108
2015.12.10;20:00:00;2.08;1.99;2.001;2.029;1695
2015.12.11;00:00:00;2.005;1.982;1.984;2;525
2015.12.11;04:00:00;1.986;1.969;1.974;1.985;331
2015.12.11;08:00:00;1.979;1.974;1.978;1.974;262
2015.12.11;12:00:00;1.979;1.966;1.967;1.978;325
2015.12.11;16:00:00;1.981;1.942;1.949;1.966;1235
2015.12.11;20:00:00;1.993;1.947;1.966;1.948;1265
2015.12.14;00:00:00;1.974;1.956;1.961;1.967;409
2015.12.14;04:00:00;1.902;1.897;1.9;1.898;186
2015.12.14;08:00:00;1.901;1.891;1.891;1.899;137
2015.12.14;12:00:00;1.896;1.874;1.877;1.892;444
2015.12.14;16:00:00;1.885;1.85;1.853;1.878;1020
2015.12.14;20:00:00;1.873;1.845;1.864;1.854;867
2015.12.15;00:00:00;1.885;1.863;1.884;1.863;397
2015.12.15;04:00:00;1.886;1.88;1.884;1.883;82
2015.12.15;08:00:00;1.885;1.86;1.86;1.883;410
2015.12.15;12:00:00;1.872;1.86;1.862;1.86;480
2015.12.15;16:00:00;1.863;1.816;1.819;1.863;1245
2015.12.15;20:00:00;1.825;1.802;1.816;1.819;878
