DATE;TIME;HIGH;LOW;CLOSE;OPEN;VOLUME
2015.04.27;12:00:00;0.7278;0.72569;0.72699;0.72611;28326
2015.04.27;16:00:00;0.72981;0.72605;0.72772;0.72698;36282
2015.04.27;20:00:00;0.73093;0.7274;0.72944;0.72773;18111
2015.04.28;00:00:00;0.7301;0.72786;0.7288;0.72935;8801
2015.04.28;04:00:00;0.72922;0.7273;0.72756;0.72881;13424
2015.04.28;08:00:00;0.73324;0.72725;0.73301;0.72757;29892
2015.04.28;12:00:00;0.73663;0.73231;0.73609;0.733;35468
2015.04.28;16:00:00;0.73859;0.73408;0.73754;0.73612;39974
2015.04.28;20:00:00;0.73815;0.73533;0.73533;0.73752;18193
2015.04.29;00:00:00;0.73894;0.73414;0.73668;0.73415;9221
2015.04.29;04:00:00;0.7367;0.73469;0.73557;0.73661;14486
2015.04.29;08:00:00;0.73731;0.73419;0.73439;0.73558;30147
2015.04.29;12:00:00;0.73507;0.72977;0.73202;0.7344;36773
2015.04.29;16:00:00;0.73252;0.72092;0.72469;0.73201;51663
2015.04.29;20:00:00;0.72512;0.7194;0.7194;0.72468;27910
2015.04.30;00:00:00;0.72055;0.71362;0.71582;0.72015;11476
2015.04.30;04:00:00;0.71705;0.71524;0.71576;0.71584;16485
2015.04.30;08:00:00;0.71625;0.71;0.71216;0.71576;38531
2015.04.30;12:00:00;0.71623;0.7094;0.71323;0.71215;38318
2015.04.30;16:00:00;0.71707;0.71212;0.71393;0.71323;45538
2015.04.30;20:00:00;0.71548;0.7093;0.70935;0.71395;21080
2015.05.01;00:00:00;0.71061;0.70875;0.70935;0.70935;8699
2015.05.01;04:00:00;0.71017;0.70684;0.70781;0.70933;12069
2015.05.01;08:00:00;0.70867;0.70534;0.70614;0.70781;21072
2015.05.01;12:00:00;0.70746;0.70337;0.70419;0.70615;25930
2015.05.01;16:00:00;0.70507;0.70105;0.70336;0.70419;37793
2015.05.01;20:00:00;0.70424;0.70195;0.7027;0.70338;12326
2015.05.04;00:00:00;0.70319;0.70075;0.70091;0.70175;8379
2015.05.04;04:00:00;0.70282;0.70053;0.70261;0.7009;11177
2015.05.04;08:00:00;0.70682;0.7024;0.70606;0.70257;22624
2015.05.04;12:00:00;0.70653;0.70223;0.7025;0.70606;24257
2015.05.04;16:00:00;0.70524;0.70217;0.70387;0.70251;26136
2015.05.04;20:00:00;0.70406;0.70221;0.70305;0.70389;11477
2015.05.05;00:00:00;0.70472;0.7025;0.70392;0.7031;7608
2015.05.05;04:00:00;0.70653;0.70346;0.70563;0.70392;17187
2015.05.05;08:00:00;0.70705;0.70339;0.7037;0.70561;31923
2015.05.05;12:00:00;0.70374;0.69791;0.70002;0.70371;34054
2015.05.05;16:00:00;0.70103;0.69672;0.69973;0.70004;40391
2015.05.05;20:00:00;0.7008;0.69931;0.6996;0.69975;13000
2015.05.06;00:00:00;0.70078;0.69269;0.69309;0.69962;11624
2015.05.06;04:00:00;0.69366;0.69128;0.69199;0.69308;18394
2015.05.06;08:00:00;0.69374;0.69097;0.69247;0.69199;34634
2015.05.06;12:00:00;0.69336;0.68876;0.69167;0.69249;37680
2015.05.06;16:00:00;0.69303;0.68635;0.68751;0.69164;44201
2015.05.06;20:00:00;0.68871;0.68539;0.686;0.68752;17871
2015.05.07;00:00:00;0.68719;0.68548;0.68701;0.68605;11933
2015.05.07;04:00:00;0.68967;0.68615;0.68736;0.68702;18644
2015.05.07;08:00:00;0.68784;0.68107;0.68167;0.68736;33672
2015.05.07;12:00:00;0.68636;0.67744;0.68385;0.68166;41964
2015.05.07;16:00:00;0.68597;0.68178;0.68586;0.68384;37545
2015.05.07;20:00:00;0.6866;0.68485;0.6859;0.68585;17386
2015.05.08;00:00:00;0.68754;0.68476;0.68645;0.6859;11386
2015.05.08;04:00:00;0.68855;0.6842;0.68777;0.68645;22620
2015.05.08;08:00:00;0.68901;0.68389;0.68506;0.68776;31418
2015.05.08;12:00:00;0.69044;0.68421;0.69009;0.68506;34816
2015.05.08;16:00:00;0.69683;0.68818;0.69619;0.69009;40927
2015.05.08;20:00:00;0.69777;0.69469;0.6972;0.69618;13191
2015.05.11;00:00:00;0.69587;0.68982;0.69064;0.69587;10096
2015.05.11;04:00:00;0.69168;0.68891;0.68925;0.69064;17496
2015.05.11;08:00:00;0.68996;0.68629;0.68711;0.68926;28400
2015.05.11;12:00:00;0.68956;0.68641;0.68904;0.6871;26819
2015.05.11;16:00:00;0.68938;0.68522;0.68649;0.68906;32352
2015.05.11;20:00:00;0.68752;0.68455;0.6846;0.68649;12211
2015.05.12;00:00:00;0.68633;0.6846;0.68542;0.6846;8724
2015.05.12;04:00:00;0.68758;0.68517;0.68653;0.68544;15089
2015.05.12;08:00:00;0.68724;0.68002;0.6809;0.68654;34413
2015.05.12;12:00:00;0.68322;0.67799;0.6825;0.68088;36968
2015.05.12;16:00:00;0.68336;0.67938;0.68289;0.68253;32805
2015.05.12;20:00:00;0.68478;0.68211;0.6831;0.68288;14446
2015.05.13;00:00:00;0.68846;0.67908;0.68599;0.68312;12212
2015.05.13;04:00:00;0.68792;0.68349;0.68467;0.68599;19934
2015.05.13;08:00:00;0.6891;0.68355;0.68835;0.68465;28809
2015.05.13;12:00:00;0.69189;0.68735;0.68994;0.68835;37437
2015.05.13;16:00:00;0.69013;0.68494;0.6855;0.68993;40435
2015.05.13;20:00:00;0.6863;0.68452;0.68535;0.68547;14776
2015.05.14;00:00:00;0.69303;0.68522;0.69163;0.68538;12203
2015.05.14;04:00:00;0.69262;0.68887;0.68916;0.69162;16564
2015.05.14;08:00:00;0.69063;0.68412;0.68427;0.68917;34891
2015.05.14;12:00:00;0.68578;0.68047;0.68538;0.68427;35877
2015.05.14;16:00:00;0.68888;0.68472;0.68553;0.68539;37721
2015.05.14;20:00:00;0.68563;0.68318;0.6833;0.68551;12200
2015.05.15;00:00:00;0.6844;0.68039;0.68113;0.68335;8497
2015.05.15;04:00:00;0.68265;0.68077;0.68199;0.68112;11705
2015.05.15;08:00:00;0.68322;0.6803;0.68285;0.68198;30975
2015.05.15;12:00:00;0.68776;0.68252;0.68713;0.68286;28156
2015.05.15;16:00:00;0.6881;0.68469;0.6863;0.68712;36786
2015.05.15;20:00:00;0.68675;0.68146;0.68405;0.68628;12524
2015.05.18;00:00:00;0.68253;0.68015;0.68187;0.6802;7020
2015.05.18;04:00:00;0.68274;0.68083;0.68156;0.68185;10463
2015.05.18;08:00:00;0.68355;0.68132;0.68224;0.68155;24476
2015.05.18;12:00:00;0.68357;0.6797;0.67986;0.68225;27097
2015.05.18;16:00:00;0.68329;0.67939;0.68234;0.67987;29959
2015.05.18;20:00:00;0.68423;0.6812;0.68395;0.68234;15427
2015.05.19;00:00:00;0.68499;0.68201;0.68317;0.684;8194
2015.05.19;04:00:00;0.68843;0.6819;0.68752;0.68317;17309
2015.05.19;08:00:00;0.692;0.68533;0.69088;0.68752;39129
2015.05.19;12:00:00;0.69107;0.68846;0.69093;0.69099;32254
2015.05.19;16:00:00;0.69098;0.6871;0.68719;0.69092;33334
2015.05.19;20:00:00;0.68925;0.68706;0.6876;0.68721;11917
2015.05.20;00:00:00;0.68974;0.6873;0.6888;0.68765;10068
2015.05.20;04:00:00;0.69012;0.68855;0.68944;0.6888;11991
2015.05.20;08:00:00;0.69038;0.68687;0.6874;0.6894;33288
2015.05.20;12:00:00;0.68912;0.68659;0.68696;0.68744;31603
2015.05.20;16:00:00;0.68754;0.68353;0.68441;0.68696;36141
2015.05.20;20:00:00;0.68564;0.68237;0.68401;0.6844;28175
2015.05.21;00:00:00;0.6843;0.68298;0.68345;0.6841;8277
2015.05.21;04:00:00;0.68542;0.68295;0.68535;0.68344;16228
2015.05.21;08:00:00;0.68643;0.68188;0.68315;0.68534;33308
2015.05.21;12:00:00;0.68351;0.68027;0.68291;0.68316;31237
2015.05.21;16:00:00;0.68455;0.68223;0.68351;0.68291;35475
2015.05.21;20:00:00;0.68784;0.68342;0.6876;0.6835;13039
2015.05.22;00:00:00;0.69081;0.68673;0.69081;0.6876;12076
2015.05.22;04:00:00;0.69194;0.68986;0.69042;0.69079;15459
2015.05.22;08:00:00;0.69071;0.68681;0.68687;0.69043;24746
2015.05.22;12:00:00;0.68945;0.68408;0.68862;0.68688;31081
2015.05.22;16:00:00;0.69078;0.68778;0.68929;0.68862;36281
2015.05.22;20:00:00;0.69041;0.68571;0.68674;0.68922;13755
2015.05.25;00:00:00;0.69036;0.68803;0.68837;0.68905;11162
2015.05.25;04:00:00;0.68933;0.68788;0.68866;0.68837;14893
2015.05.25;08:00:00;0.68947;0.68688;0.68887;0.68867;17513
2015.05.25;12:00:00;0.68973;0.68784;0.68867;0.68887;10967
2015.05.25;16:00:00;0.69109;0.68852;0.6906;0.68866;7750
2015.05.25;20:00:00;0.69126;0.68991;0.68991;0.69054;8487
2015.05.26;00:00:00;0.69165;0.6899;0.6914;0.68991;8226
2015.05.26;04:00:00;0.69305;0.69105;0.69276;0.69141;14049
2015.05.26;08:00:00;0.69325;0.69044;0.69145;0.69277;34578
2015.05.26;12:00:00;0.69206;0.68863;0.68871;0.69144;33891
2015.05.26;16:00:00;0.68992;0.686;0.68698;0.68876;37975
2015.05.26;20:00:00;0.68927;0.68686;0.68858;0.68701;14309
2015.05.27;00:00:00;0.69032;0.68818;0.68973;0.68855;6506
2015.05.27;04:00:00;0.69088;0.68766;0.68974;0.68973;14616
2015.05.27;08:00:00;0.68996;0.68585;0.6867;0.68972;27124
2015.05.27;12:00:00;0.68827;0.68584;0.6879;0.68669;35919
2015.05.27;16:00:00;0.69004;0.686;0.68605;0.68791;39782
2015.05.27;20:00:00;0.68955;0.68503;0.68888;0.68605;16107
2015.05.28;00:00:00;0.6905;0.68705;0.68822;0.68895;7900
2015.05.28;04:00:00;0.68899;0.68577;0.68629;0.68822;20478
2015.05.28;08:00:00;0.68831;0.68422;0.68491;0.6863;36843
2015.05.28;12:00:00;0.68581;0.67817;0.67868;0.6849;39259
2015.05.28;16:00:00;0.67925;0.67503;0.67636;0.6787;39532
2015.05.28;20:00:00;0.67798;0.67514;0.67669;0.67635;18889
2015.05.29;00:00:00;0.67788;0.6746;0.67573;0.67625;8951
2015.05.29;04:00:00;0.67593;0.67145;0.67262;0.67593;16370
2015.05.29;08:00:00;0.67519;0.67058;0.67171;0.67261;29933
2015.05.29;12:00:00;0.67229;0.6675;0.66889;0.67173;35171
2015.05.29;16:00:00;0.67165;0.66618;0.66879;0.66889;37673
2015.05.29;20:00:00;0.66881;0.66613;0.66725;0.66881;13164
2015.06.01;00:00:00;0.66879;0.66385;0.6676;0.6646;7198
2015.06.01;04:00:00;0.66967;0.6676;0.66938;0.6676;12490
2015.06.01;08:00:00;0.67409;0.66896;0.67301;0.66937;27038
2015.06.01;12:00:00;0.67419;0.67131;0.67366;0.67304;28158
2015.06.01;16:00:00;0.67364;0.67033;0.6706;0.6736;37556
2015.06.01;20:00:00;0.6709;0.66973;0.66973;0.67055;15086
2015.06.02;00:00:00;0.67205;0.66936;0.67167;0.66975;8276
2015.06.02;04:00:00;0.67227;0.67037;0.67167;0.67166;15573
2015.06.02;08:00:00;0.67289;0.66821;0.66826;0.67168;31095
2015.06.02;12:00:00;0.67117;0.66689;0.66923;0.66822;42183
2015.06.02;16:00:00;0.67076;0.6668;0.67022;0.66924;47189
2015.06.02;20:00:00;0.67132;0.66895;0.66946;0.67022;17209
2015.06.03;00:00:00;0.66984;0.66802;0.66888;0.66951;9369
2015.06.03;04:00:00;0.67096;0.66786;0.6687;0.66888;18051
2015.06.03;08:00:00;0.67113;0.66719;0.66799;0.6687;32975
2015.06.03;12:00:00;0.67145;0.66716;0.66942;0.66801;34666
2015.06.03;16:00:00;0.67114;0.66577;0.66686;0.66943;41976
2015.06.03;20:00:00;0.66858;0.66668;0.66722;0.66686;13644
2015.06.04;00:00:00;0.66853;0.66707;0.66836;0.66709;7907
2015.06.04;04:00:00;0.66881;0.66561;0.66606;0.66836;16061
2015.06.04;08:00:00;0.66781;0.66314;0.66494;0.66606;38754
2015.06.04;12:00:00;0.66642;0.66338;0.66585;0.66496;36641
2015.06.04;16:00:00;0.66714;0.66361;0.66463;0.66587;33425
2015.06.04;20:00:00;0.66534;0.66324;0.66505;0.66465;14840
2015.06.05;00:00:00;0.66674;0.66349;0.66594;0.66505;11998
2015.06.05;04:00:00;0.66771;0.66585;0.66655;0.66594;13140
2015.06.05;08:00:00;0.66714;0.66248;0.66453;0.66656;30529
2015.06.05;12:00:00;0.6671;0.66055;0.66599;0.66453;31061
2015.06.05;16:00:00;0.66791;0.66261;0.66271;0.666;42927
2015.06.05;20:00:00;0.66336;0.6602;0.6617;0.66273;13239
2015.06.08;00:00:00;0.66323;0.66196;0.66309;0.6625;7108
2015.06.08;04:00:00;0.66413;0.66277;0.66364;0.66308;11283
2015.06.08;08:00:00;0.66475;0.66105;0.6632;0.66365;29902
2015.06.08;12:00:00;0.66491;0.66234;0.66409;0.66319;22904
2015.06.08;16:00:00;0.66551;0.66088;0.66107;0.6641;26316
2015.06.08;20:00:00;0.66455;0.6599;0.66203;0.66108;18777
2015.06.09;00:00:00;0.66234;0.65835;0.66036;0.6596;10197
2015.06.09;04:00:00;0.66076;0.65801;0.65867;0.66038;14269
2015.06.09;08:00:00;0.65976;0.65645;0.6591;0.65866;32260
2015.06.09;12:00:00;0.66613;0.65905;0.66418;0.65909;34702
2015.06.09;16:00:00;0.66555;0.66211;0.66382;0.66419;33585
2015.06.09;20:00:00;0.66515;0.66318;0.66319;0.66383;10667
2015.06.10;00:00:00;0.66505;0.66319;0.6644;0.66334;8557
2015.06.10;04:00:00;0.66564;0.66208;0.66471;0.66439;16493
2015.06.10;08:00:00;0.66857;0.66322;0.66638;0.66473;38811
2015.06.10;12:00:00;0.67057;0.66611;0.66713;0.66639;34870
2015.06.10;16:00:00;0.67061;0.66629;0.67019;0.66713;38658
2015.06.10;20:00:00;0.67112;0.6686;0.6687;0.67019;15109
2015.06.11;00:00:00;0.65935;0.6527;0.65491;0.65761;11702
2015.06.11;04:00:00;0.65714;0.6541;0.65455;0.65492;15289
2015.06.11;08:00:00;0.65793;0.65228;0.65649;0.65456;31728
2015.06.11;12:00:00;0.65711;0.65383;0.65585;0.65648;33895
2015.06.11;16:00:00;0.65688;0.65283;0.65458;0.65585;32658
2015.06.11;20:00:00;0.65533;0.65355;0.65355;0.65458;11885
2015.06.12;00:00:00;0.6557;0.65319;0.65462;0.65352;7738
2015.06.12;04:00:00;0.65526;0.65333;0.65426;0.65461;13384
2015.06.12;08:00:00;0.65441;0.64985;0.65203;0.65425;27962
2015.06.12;12:00:00;0.65299;0.64815;0.64826;0.65202;31604
2015.06.12;16:00:00;0.64829;0.6453;0.64763;0.64826;32825
2015.06.12;20:00:00;0.64897;0.64725;0.64795;0.64765;11116
2015.06.15;00:00:00;0.65094;0.64846;0.64961;0.6492;5903
2015.06.15;04:00:00;0.65084;0.64899;0.64907;0.64963;12098
2015.06.15;08:00:00;0.65111;0.64794;0.64842;0.64906;25908
2015.06.15;12:00:00;0.65557;0.64775;0.65514;0.64842;25277
2015.06.15;16:00:00;0.65696;0.65354;0.65381;0.65511;23068
2015.06.15;20:00:00;0.65381;0.64874;0.65002;0.65381;13046
2015.06.16;00:00:00;0.6514;0.64973;0.6505;0.65006;6144
2015.06.16;04:00:00;0.65197;0.64944;0.64959;0.65049;11033
2015.06.16;08:00:00;0.64986;0.64773;0.64925;0.6496;21001
2015.06.16;12:00:00;0.65184;0.64903;0.65158;0.64925;19776
2015.06.16;16:00:00;0.65213;0.64939;0.65141;0.65159;19146
2015.06.16;20:00:00;0.65164;0.6506;0.6506;0.65142;8254
2015.06.17;00:00:00;0.65147;0.65017;0.65053;0.65055;5913
2015.06.17;04:00:00;0.65067;0.6481;0.6484;0.65053;9122
2015.06.17;08:00:00;0.64922;0.64078;0.64135;0.64838;23712
2015.06.17;12:00:00;0.64407;0.64122;0.64248;0.6414;23640
2015.06.17;16:00:00;0.64352;0.6397;0.64035;0.64247;21404
2015.06.17;20:00:00;0.64569;0.638;0.64342;0.64037;31317
2015.06.18;00:00:00;0.64425;0.63347;0.63458;0.64335;13621
2015.06.18;04:00:00;0.63586;0.63375;0.6343;0.6346;13173
2015.06.18;08:00:00;0.63618;0.63388;0.6357;0.63429;28454
2015.06.18;12:00:00;0.63948;0.63485;0.63766;0.6357;31854
2015.06.18;16:00:00;0.64007;0.6359;0.6393;0.63766;30362
2015.06.18;20:00:00;0.6397;0.63766;0.63769;0.6393;14563
2015.06.19;00:00:00;0.63869;0.63655;0.63777;0.63756;7000
2015.06.19;04:00:00;0.63893;0.63723;0.63753;0.63777;11742
2015.06.19;08:00:00;0.63831;0.63671;0.63693;0.63752;24916
2015.06.19;12:00:00;0.63817;0.63563;0.63661;0.63694;22620
2015.06.19;16:00:00;0.63747;0.63352;0.63436;0.63663;21992
2015.06.19;20:00:00;0.63487;0.63211;0.63385;0.63438;10568
2015.06.22;00:00:00;0.63359;0.63218;0.63299;0.63256;4137
2015.06.22;04:00:00;0.63458;0.63264;0.63387;0.63298;8766
2015.06.22;08:00:00;0.63582;0.63378;0.63436;0.63389;21721
2015.06.22;12:00:00;0.63454;0.6314;0.6329;0.63437;23777
2015.06.22;16:00:00;0.63456;0.63045;0.6323;0.6329;28475
2015.06.22;20:00:00;0.63325;0.63175;0.632;0.63229;10423
2015.06.23;00:00:00;0.63335;0.63178;0.63282;0.63195;5526
2015.06.23;04:00:00;0.63609;0.63265;0.63518;0.63282;13880
2015.06.23;08:00:00;0.63674;0.63457;0.63569;0.63519;23596
2015.06.23;12:00:00;0.63945;0.63507;0.6392;0.6357;26634
2015.06.23;16:00:00;0.64032;0.63874;0.63888;0.6392;28238
2015.06.23;20:00:00;0.64037;0.63852;0.6393;0.63888;10305
2015.06.24;00:00:00;0.64132;0.63881;0.6404;0.63944;4998
2015.06.24;04:00:00;0.64088;0.63985;0.63996;0.64039;8088
2015.06.24;08:00:00;0.6407;0.6379;0.64041;0.63997;23550
2015.06.24;12:00:00;0.64211;0.63978;0.64199;0.64041;28359
2015.06.24;16:00:00;0.64474;0.64033;0.6438;0.64199;27017
2015.06.24;20:00:00;0.64469;0.64235;0.64245;0.64382;11064
2015.06.25;00:00:00;0.64449;0.64189;0.64446;0.64245;4935
2015.06.25;04:00:00;0.64594;0.6443;0.64547;0.64447;9446
2015.06.25;08:00:00;0.64671;0.6432;0.64559;0.6455;19505
2015.06.25;12:00:00;0.65044;0.64559;0.6484;0.64561;26595
2015.06.25;16:00:00;0.64908;0.64561;0.64647;0.64839;18002
2015.06.25;20:00:00;0.64733;0.64596;0.64625;0.64646;11046
2015.06.26;00:00:00;0.64647;0.64237;0.64473;0.6461;5796
2015.06.26;04:00:00;0.64537;0.6439;0.64444;0.64472;9081
2015.06.26;08:00:00;0.64525;0.64093;0.64096;0.64444;15509
2015.06.26;12:00:00;0.64137;0.6385;0.63958;0.64097;20095
2015.06.26;16:00:00;0.64007;0.63669;0.6388;0.63957;25844
2015.06.26;20:00:00;0.64088;0.6365;0.63715;0.6387;9234
2015.06.29;00:00:00;0.6421;0.63778;0.64031;0.64085;14137
2015.06.29;04:00:00;0.64415;0.6403;0.64119;0.64033;9324
2015.06.29;08:00:00;0.64361;0.63933;0.63964;0.64117;31694
2015.06.29;12:00:00;0.64026;0.63706;0.63741;0.63962;23960
2015.06.29;16:00:00;0.63768;0.63207;0.63513;0.63738;26903
2015.06.29;20:00:00;0.63746;0.633;0.63305;0.63514;12252
2015.06.30;00:00:00;0.63398;0.6319;0.63319;0.633;4709
2015.06.30;04:00:00;0.63427;0.62986;0.63333;0.63329;11264
2015.06.30;08:00:00;0.63494;0.63001;0.63012;0.63333;23551
2015.06.30;12:00:00;0.6305;0.6273;0.6303;0.63009;27477
2015.06.30;16:00:00;0.63499;0.6295;0.63313;0.6303;27716
2015.06.30;20:00:00;0.63379;0.63213;0.6322;0.63314;8442
2015.07.01;00:00:00;0.63495;0.63221;0.63394;0.63221;10955
2015.07.01;04:00:00;0.63691;0.63353;0.63581;0.6337;7921
2015.07.01;08:00:00;0.6386;0.63526;0.63592;0.63578;18438
2015.07.01;12:00:00;0.63877;0.63495;0.63665;0.6359;22214
2015.07.01;16:00:00;0.63943;0.63463;0.6387;0.63665;21918
2015.07.01;20:00:00;0.64006;0.63791;0.63791;0.63871;7968
2015.07.02;00:00:00;0.63838;0.63473;0.63609;0.63783;6554
2015.07.02;04:00:00;0.63614;0.63372;0.63385;0.63609;8724
2015.07.02;08:00:00;0.63402;0.63186;0.63265;0.63386;22500
2015.07.02;12:00:00;0.63537;0.62775;0.63225;0.63264;29922
2015.07.02;16:00:00;0.6357;0.63179;0.63568;0.63227;28600
2015.07.02;20:00:00;0.63568;0.6334;0.63345;0.63568;8912
2015.07.03;00:00:00;0.63461;0.63335;0.6341;0.63345;5128
2015.07.03;04:00:00;0.63455;0.63203;0.63361;0.6341;8923
2015.07.03;08:00:00;0.63361;0.62901;0.63007;0.63358;17458
2015.07.03;12:00:00;0.63171;0.62925;0.63006;0.62977;21074
2015.07.03;16:00:00;0.6305;0.62772;0.63014;0.63007;19559
2015.07.03;20:00:00;0.63079;0.62545;0.62545;0.6301;4142
2015.07.06;00:00:00;0.63138;0.62661;0.63066;0.62765;9907
2015.07.06;04:00:00;0.63129;0.62933;0.6298;0.63062;8943
2015.07.06;08:00:00;0.63208;0.62904;0.6312;0.62984;24698
2015.07.06;12:00:00;0.63407;0.63077;0.63399;0.63119;22519
2015.07.06;16:00:00;0.6348;0.63046;0.63077;0.63401;25535
2015.07.06;20:00:00;0.63126;0.62927;0.62945;0.63075;6035
2015.07.07;00:00:00;0.62987;0.62802;0.62899;0.62945;5926
2015.07.07;04:00:00;0.6305;0.62823;0.62852;0.629;12458
2015.07.07;08:00:00;0.62974;0.62553;0.62792;0.62852;22170
2015.07.07;12:00:00;0.63037;0.62713;0.62983;0.62792;31094
2015.07.07;16:00:00;0.63217;0.62804;0.63165;0.62981;32975
2015.07.07;20:00:00;0.63177;0.62832;0.62886;0.63168;11617
2015.07.08;00:00:00;0.63107;0.62775;0.63009;0.6281;8312
2015.07.08;04:00:00;0.6301;0.62717;0.62791;0.63007;16253
2015.07.08;08:00:00;0.629;0.62655;0.62865;0.62791;22200
2015.07.08;12:00:00;0.63742;0.62842;0.63556;0.62863;29984
2015.07.08;16:00:00;0.63899;0.63517;0.63717;0.63552;36105
2015.07.08;20:00:00;0.63797;0.63517;0.63519;0.63717;12066
2015.07.09;00:00:00;0.63626;0.63306;0.63345;0.63525;6449
2015.07.09;04:00:00;0.63834;0.63341;0.63594;0.63342;10967
2015.07.09;08:00:00;0.63896;0.63482;0.63791;0.63597;24995
2015.07.09;12:00:00;0.6415;0.63667;0.64083;0.63791;35545
2015.07.09;16:00:00;0.64112;0.63634;0.63711;0.64081;28959
2015.07.09;20:00:00;0.6392;0.63673;0.63839;0.6371;8893
2015.07.10;00:00:00;0.64165;0.6382;0.63911;0.63843;5255
2015.07.10;04:00:00;0.64041;0.63835;0.63973;0.63912;7500
2015.07.10;08:00:00;0.64029;0.63359;0.63476;0.63972;22051
2015.07.10;12:00:00;0.63514;0.63037;0.631;0.63473;29057
2015.07.10;16:00:00;0.63162;0.62757;0.62985;0.63099;26088
2015.07.10;20:00:00;0.63206;0.62745;0.62985;0.62985;6761
2015.07.13;00:00:00;0.63156;0.62785;0.63089;0.6302;3509
2015.07.13;04:00:00;0.63419;0.63047;0.63295;0.63086;7569
2015.07.13;08:00:00;0.6354;0.63091;0.63512;0.63293;26162
2015.07.13;12:00:00;0.63603;0.63383;0.63551;0.63515;28231
2015.07.13;16:00:00;0.63592;0.63343;0.63557;0.63551;24257
2015.07.13;20:00:00;0.63611;0.63458;0.63536;0.63556;6466
2015.07.14;00:00:00;0.63601;0.6336;0.63582;0.63541;5527
2015.07.14;04:00:00;0.6363;0.63418;0.63429;0.6358;6261
2015.07.14;08:00:00;0.63615;0.63007;0.63043;0.63426;19095
2015.07.14;12:00:00;0.6341;0.629;0.63268;0.63042;27522
2015.07.14;16:00:00;0.63496;0.6323;0.63432;0.63265;23880
2015.07.14;20:00:00;0.6345;0.63326;0.63375;0.63432;4555
2015.07.15;00:00:00;0.63443;0.63255;0.6334;0.6339;6654
2015.07.15;04:00:00;0.6353;0.63321;0.63365;0.6334;8050
2015.07.15;08:00:00;0.63428;0.63199;0.63303;0.63367;19745
2015.07.15;12:00:00;0.63498;0.63279;0.63396;0.63302;23278
2015.07.15;16:00:00;0.63485;0.62643;0.62795;0.63398;30109
2015.07.15;20:00:00;0.62911;0.62655;0.62661;0.62792;7603
2015.07.16;00:00:00;0.62804;0.62418;0.62427;0.62674;6953
2015.07.16;04:00:00;0.62446;0.62019;0.6212;0.62427;10188
2015.07.16;08:00:00;0.62484;0.61968;0.62281;0.62119;22365
2015.07.16;12:00:00;0.6251;0.62221;0.62505;0.62276;24510
2015.07.16;16:00:00;0.62562;0.62294;0.62472;0.62505;21960
2015.07.16;20:00:00;0.62504;0.62269;0.62327;0.62475;4726
2015.07.17;00:00:00;0.62454;0.62245;0.62384;0.6228;6433
2015.07.17;04:00:00;0.62555;0.62387;0.62544;0.62389;6548
2015.07.17;08:00:00;0.62613;0.62401;0.62524;0.62543;14713
2015.07.17;12:00:00;0.62848;0.62515;0.62703;0.62525;20046
2015.07.17;16:00:00;0.62805;0.62605;0.62648;0.62703;19199
2015.07.17;20:00:00;0.62765;0.6258;0.62665;0.62648;4290
2015.07.20;00:00:00;0.62712;0.6251;0.62664;0.626;2940
2015.07.20;04:00:00;0.63205;0.62592;0.63151;0.62663;7327
2015.07.20;08:00:00;0.63497;0.63066;0.63205;0.63154;16923
2015.07.20;12:00:00;0.63404;0.6316;0.63297;0.63208;24797
2015.07.20;16:00:00;0.63305;0.63049;0.63234;0.63298;16089
2015.07.20;20:00:00;0.63379;0.63221;0.63252;0.63238;5801
2015.07.21;00:00:00;0.63469;0.63182;0.634;0.63271;4608
2015.07.21;04:00:00;0.63627;0.63382;0.63545;0.63397;12232
2015.07.21;08:00:00;0.63702;0.63435;0.63507;0.63548;21201
2015.07.21;12:00:00;0.63599;0.63315;0.63367;0.63507;23666
2015.07.21;16:00:00;0.63669;0.63272;0.63601;0.63367;28844
2015.07.21;20:00:00;0.6363;0.63408;0.63414;0.63603;9926
2015.07.22;00:00:00;0.63555;0.63334;0.63441;0.63427;4242
2015.07.22;04:00:00;0.63574;0.63245;0.63351;0.63441;9974
2015.07.22;08:00:00;0.63448;0.63206;0.63378;0.63351;14160
2015.07.22;12:00:00;0.63508;0.63177;0.63316;0.63379;17146
2015.07.22;16:00:00;0.63323;0.63067;0.63167;0.63317;17998
2015.07.22;20:00:00;0.63293;0.6276;0.62787;0.63169;5027
2015.07.23;00:00:00;0.63823;0.62672;0.63412;0.62751;7927
2015.07.23;04:00:00;0.63619;0.63376;0.6353;0.63414;6815
2015.07.23;08:00:00;0.63927;0.63495;0.63827;0.6353;17236
2015.07.23;12:00:00;0.63838;0.63612;0.63623;0.6383;17148
2015.07.23;16:00:00;0.63718;0.63482;0.63513;0.63621;18007
2015.07.23;20:00:00;0.63592;0.63268;0.63308;0.63513;6271
2015.07.24;00:00:00;0.63539;0.63216;0.63411;0.63266;4378
2015.07.24;04:00:00;0.63522;0.63;0.6322;0.63414;9078
2015.07.24;08:00:00;0.63303;0.63082;0.63211;0.63222;11498
2015.07.24;12:00:00;0.63219;0.62989;0.63171;0.6321;12659
2015.07.24;16:00:00;0.6337;0.62997;0.63272;0.63171;19265
2015.07.24;20:00:00;0.633;0.63127;0.63243;0.63275;5331
2015.07.27;00:00:00;0.63321;0.631;0.6322;0.63117;5847
2015.07.27;04:00:00;0.63411;0.63219;0.63229;0.63219;8838
2015.07.27;08:00:00;0.6337;0.62946;0.63222;0.63229;15799
2015.07.27;12:00:00;0.63382;0.63101;0.63268;0.63222;16169
2015.07.27;16:00:00;0.63767;0.63252;0.6363;0.63269;21424
2015.07.27;20:00:00;0.63701;0.63502;0.63505;0.6363;5319
2015.07.28;00:00:00;0.63871;0.63386;0.63785;0.63449;6581
2015.07.28;04:00:00;0.64158;0.63628;0.64085;0.63785;7499
2015.07.28;08:00:00;0.64328;0.64008;0.64279;0.64086;14360
2015.07.28;12:00:00;0.64459;0.64175;0.64448;0.64278;14973
2015.07.28;16:00:00;0.6452;0.64259;0.64391;0.64448;17127
2015.07.28;20:00:00;0.64442;0.64171;0.64347;0.64395;8167
2015.07.29;00:00:00;0.64808;0.6402;0.64467;0.64134;8117
2015.07.29;04:00:00;0.64532;0.64399;0.64465;0.64454;10908
2015.07.29;08:00:00;0.64603;0.64187;0.64292;0.64462;15107
2015.07.29;12:00:00;0.64328;0.6409;0.64176;0.64292;16305
2015.07.29;16:00:00;0.6442;0.64166;0.64376;0.64173;17732
2015.07.29;20:00:00;0.64635;0.64272;0.64428;0.64375;16402
2015.07.30;00:00:00;0.64522;0.64175;0.64268;0.64335;7006
2015.07.30;04:00:00;0.64372;0.6412;0.64284;0.64268;8547
2015.07.30;08:00:00;0.64342;0.64087;0.64335;0.64284;13140
2015.07.30;12:00:00;0.64416;0.63903;0.63998;0.64335;17809
2015.07.30;16:00:00;0.6406;0.63729;0.63968;0.63995;24871
2015.07.30;20:00:00;0.64031;0.63905;0.63911;0.63965;9120
2015.07.31;00:00:00;0.641;0.63809;0.63852;0.63935;7304
2015.07.31;04:00:00;0.63846;0.63557;0.63637;0.63846;6979
2015.07.31;08:00:00;0.63734;0.63038;0.6307;0.63638;15270
2015.07.31;12:00:00;0.63465;0.62803;0.63216;0.63076;19691
2015.07.31;16:00:00;0.63941;0.63185;0.63793;0.63216;28038
2015.07.31;20:00:00;0.63797;0.63538;0.63589;0.6379;9587
2015.08.03;00:00:00;0.63826;0.63519;0.63576;0.6375;4752
2015.08.03;04:00:00;0.63659;0.63507;0.63577;0.63579;10447
2015.08.03;08:00:00;0.63775;0.63513;0.63725;0.63577;12075
2015.08.03;12:00:00;0.63803;0.63637;0.63724;0.63722;18104
2015.08.03;16:00:00;0.63929;0.63719;0.63809;0.63724;20777
2015.08.03;20:00:00;0.63934;0.63505;0.63506;0.63808;8158
2015.08.04;00:00:00;0.63661;0.63415;0.63619;0.63506;5736
2015.08.04;04:00:00;0.63691;0.63532;0.63575;0.63624;10040
2015.08.04;08:00:00;0.63907;0.63546;0.63897;0.63574;17404
2015.08.04;12:00:00;0.6409;0.63765;0.63867;0.63897;17551
2015.08.04;16:00:00;0.64161;0.63838;0.64004;0.6387;20561
2015.08.04;20:00:00;0.64014;0.63747;0.63901;0.64006;10125
2015.08.05;00:00:00;0.6401;0.63758;0.6394;0.63897;7816
2015.08.05;04:00:00;0.63942;0.6374;0.63777;0.63939;10953
2015.08.05;08:00:00;0.64029;0.63752;0.64014;0.63776;17648
2015.08.05;12:00:00;0.64197;0.63896;0.64177;0.64014;22195
2015.08.05;16:00:00;0.6418;0.6378;0.63812;0.64176;25066
2015.08.05;20:00:00;0.63827;0.6355;0.63664;0.6381;6156
2015.08.06;00:00:00;0.63925;0.63655;0.63898;0.63674;4648
2015.08.06;04:00:00;0.64026;0.63804;0.63966;0.63898;9621
2015.08.06;08:00:00;0.64264;0.63914;0.6423;0.63964;15972
2015.08.06;12:00:00;0.64325;0.64129;0.64283;0.64229;18839
2015.08.06;16:00:00;0.64288;0.64113;0.6415;0.64283;18281
2015.08.06;20:00:00;0.64268;0.64136;0.64184;0.64153;8300
2015.08.07;00:00:00;0.64275;0.64128;0.64173;0.64187;6570
2015.08.07;04:00:00;0.64434;0.64032;0.64283;0.64176;9957
2015.08.07;08:00:00;0.64444;0.64239;0.64439;0.64282;13376
2015.08.07;12:00:00;0.64654;0.64227;0.6451;0.64438;19411
2015.08.07;16:00:00;0.64939;0.64485;0.64786;0.6451;29959
2015.08.07;20:00:00;0.65205;0.64773;0.65135;0.64788;6998
2015.08.10;00:00:00;0.65014;0.64864;0.64958;0.64875;5210
2015.08.10;04:00:00;0.65121;0.649;0.64949;0.64961;8663
2015.08.10;08:00:00;0.64993;0.64455;0.64478;0.64947;14107
2015.08.10;12:00:00;0.64864;0.64462;0.64802;0.64478;14032
2015.08.10;16:00:00;0.6511;0.64788;0.65016;0.64802;21908
2015.08.10;20:00:00;0.65101;0.64921;0.65027;0.65018;9627
2015.08.11;00:00:00;0.65135;0.64915;0.65067;0.65033;7941
2015.08.11;04:00:00;0.65091;0.64353;0.64494;0.65064;16130
2015.08.11;08:00:00;0.64586;0.64277;0.64366;0.64494;18178
2015.08.11;12:00:00;0.64541;0.64273;0.64312;0.64363;17937
2015.08.11;16:00:00;0.64637;0.64104;0.6454;0.64313;28401
2015.08.11;20:00:00;0.6464;0.64469;0.645;0.64543;7260
2015.08.12;00:00:00;0.64769;0.64495;0.64659;0.64505;8076
2015.08.12;04:00:00;0.64727;0.63805;0.63904;0.6466;13751
2015.08.12;08:00:00;0.64768;0.63884;0.64248;0.63902;27254
2015.08.12;12:00:00;0.64545;0.64011;0.64183;0.64251;24306
2015.08.12;16:00:00;0.64421;0.63978;0.64396;0.64183;27467
2015.08.12;20:00:00;0.64569;0.64267;0.64485;0.64397;9258
2015.08.13;00:00:00;0.64584;0.6429;0.64409;0.64506;6145
2015.08.13;04:00:00;0.64738;0.64218;0.6457;0.64408;10759
2015.08.13;08:00:00;0.6468;0.6419;0.64231;0.64572;15556
2015.08.13;12:00:00;0.64392;0.63928;0.64139;0.64229;18419
2015.08.13;16:00:00;0.64171;0.63905;0.64134;0.64139;23730
2015.08.13;20:00:00;0.64231;0.64046;0.64061;0.64134;10415
2015.08.14;00:00:00;0.64132;0.63787;0.63831;0.64065;8143
2015.08.14;04:00:00;0.63882;0.63586;0.6369;0.6383;13354
2015.08.14;08:00:00;0.63945;0.6369;0.6379;0.6369;17492
2015.08.14;12:00:00;0.63932;0.63701;0.63702;0.63788;18113
2015.08.14;16:00:00;0.64051;0.63698;0.6396;0.63701;21417
2015.08.14;20:00:00;0.63984;0.63735;0.63735;0.6396;5486
2015.08.17;00:00:00;0.63909;0.63744;0.63776;0.63744;4533
2015.08.17;04:00:00;0.63945;0.63776;0.63911;0.63776;8372
2015.08.17;08:00:00;0.64098;0.63807;0.63916;0.63911;15532
2015.08.17;12:00:00;0.6408;0.63803;0.64038;0.63916;15226
2015.08.17;16:00:00;0.64332;0.64014;0.64224;0.64041;19646
2015.08.17;20:00:00;0.64298;0.64121;0.64242;0.64224;7507
2015.08.18;00:00:00;0.64368;0.64225;0.64352;0.64242;9402
2015.08.18;04:00:00;0.64578;0.6434;0.64513;0.64351;13332
2015.08.18;08:00:00;0.64589;0.64141;0.64166;0.64514;16623
2015.08.18;12:00:00;0.64371;0.64112;0.64181;0.64166;17926
2015.08.18;16:00:00;0.64467;0.64127;0.64276;0.64181;19477
2015.08.18;20:00:00;0.64492;0.64204;0.64433;0.64274;5412
2015.08.19;00:00:00;0.6446;0.64274;0.6431;0.64431;6809
2015.08.19;04:00:00;0.64365;0.64187;0.64238;0.64312;13695
2015.08.19;08:00:00;0.64358;0.64106;0.6412;0.64238;17401
2015.08.19;12:00:00;0.64249;0.63887;0.63917;0.64121;20078
2015.08.19;16:00:00;0.63934;0.63574;0.63675;0.63917;21247
2015.08.19;20:00:00;0.63949;0.63634;0.63665;0.63674;15039
2015.08.20;00:00:00;0.63747;0.63568;0.63726;0.63689;7903
2015.08.20;04:00:00;0.63925;0.63665;0.63877;0.63726;12402
2015.08.20;08:00:00;0.63913;0.63299;0.63333;0.63879;21733
2015.08.20;12:00:00;0.6389;0.63304;0.63741;0.63333;20077
2015.08.20;16:00:00;0.63901;0.63586;0.63761;0.63742;26404
2015.08.20;20:00:00;0.63831;0.6344;0.63465;0.63761;11157
2015.08.21;00:00:00;0.63591;0.63402;0.6351;0.6346;8444
2015.08.21;04:00:00;0.63533;0.63215;0.63315;0.6351;14301
2015.08.21;08:00:00;0.63518;0.63169;0.63404;0.63313;18465
2015.08.21;12:00:00;0.63687;0.63362;0.6364;0.63406;23112
2015.08.21;16:00:00;0.63852;0.63432;0.63478;0.63643;30935
2015.08.21;20:00:00;0.63515;0.63188;0.63195;0.63478;13732
2015.08.24;00:00:00;0.63251;0.62442;0.62641;0.6295;13204
2015.08.24;04:00:00;0.62677;0.61649;0.62091;0.62642;22089
2015.08.24;08:00:00;0.62561;0.6204;0.62199;0.62092;22473
2015.08.24;12:00:00;0.62242;0.61252;0.61293;0.62199;27986
2015.08.24;16:00:00;0.61345;0.56036;0.6116;0.61293;50024
2015.08.24;20:00:00;0.61498;0.60197;0.60232;0.61157;17641
2015.08.25;00:00:00;0.6066;0.59916;0.60507;0.60235;9761
2015.08.25;04:00:00;0.61201;0.60373;0.60692;0.60512;12282
2015.08.25;08:00:00;0.61397;0.60392;0.61016;0.60694;26506
2015.08.25;12:00:00;0.61836;0.6093;0.61481;0.61015;25199
2015.08.25;16:00:00;0.6197;0.61412;0.61764;0.6148;23337
2015.08.25;20:00:00;0.61765;0.60666;0.60666;0.61764;10680
2015.08.26;00:00:00;0.61005;0.60656;0.60874;0.60666;7873
2015.08.26;04:00:00;0.61318;0.60793;0.61271;0.60874;16663
2015.08.26;08:00:00;0.61496;0.61052;0.61176;0.61272;16758
2015.08.26;12:00:00;0.61584;0.61027;0.61333;0.61176;20746
2015.08.26;16:00:00;0.61362;0.60679;0.60884;0.61333;24651
2015.08.26;20:00:00;0.61488;0.6082;0.61333;0.60887;8949
2015.08.27;00:00:00;0.61552;0.61265;0.61336;0.61345;9479
2015.08.27;04:00:00;0.61601;0.61255;0.61284;0.61337;6697
2015.08.27;08:00:00;0.61823;0.61229;0.61577;0.61284;15152
2015.08.27;12:00:00;0.61852;0.61518;0.61814;0.61578;14453
2015.08.27;16:00:00;0.62518;0.61755;0.62297;0.61813;23924
2015.08.27;20:00:00;0.62482;0.62084;0.62428;0.62297;8925
2015.08.28;00:00:00;0.62758;0.62384;0.62701;0.62434;5754
2015.08.28;04:00:00;0.62809;0.62406;0.62462;0.62703;5608
2015.08.28;08:00:00;0.62462;0.62059;0.62224;0.62462;14861
2015.08.28;12:00:00;0.62263;0.6174;0.61843;0.62226;14573
2015.08.28;16:00:00;0.62159;0.6182;0.62084;0.61843;17159
2015.08.28;20:00:00;0.62258;0.61848;0.62188;0.6208;9764
2015.08.31;00:00:00;0.62258;0.61809;0.61897;0.62059;5384
2015.08.31;04:00:00;0.6189;0.61494;0.61629;0.6189;8756
2015.08.31;08:00:00;0.61826;0.61566;0.61816;0.61632;9718
2015.08.31;12:00:00;0.61868;0.6146;0.61506;0.61818;9882
2015.08.31;16:00:00;0.61634;0.61156;0.61479;0.61505;17306
2015.08.31;20:00:00;0.61487;0.61046;0.61265;0.61479;10209
2015.09.01;00:00:00;0.61445;0.6112;0.61169;0.61273;5838
2015.09.01;04:00:00;0.61431;0.61091;0.61303;0.61176;9200
2015.09.01;08:00:00;0.61372;0.60676;0.6081;0.61302;23649
2015.09.01;12:00:00;0.61232;0.60696;0.60959;0.60809;21677
2015.09.01;16:00:00;0.61225;0.60801;0.60996;0.6096;20886
2015.09.01;20:00:00;0.61023;0.60612;0.60618;0.60996;12054
2015.09.02;00:00:00;0.61037;0.60544;0.61037;0.60594;6773
2015.09.02;04:00:00;0.61257;0.60731;0.61178;0.61034;10820
2015.09.02;08:00:00;0.61384;0.60835;0.61016;0.6118;15573
2015.09.02;12:00:00;0.61424;0.60889;0.61389;0.61017;15792
2015.09.02;16:00:00;0.61663;0.61319;0.61532;0.61389;20519
2015.09.02;20:00:00;0.61633;0.61374;0.61473;0.61529;4544
2015.09.03;00:00:00;0.61805;0.61394;0.61739;0.61394;5401
2015.09.03;04:00:00;0.61743;0.61447;0.6148;0.61738;11018
2015.09.03;08:00:00;0.61661;0.61321;0.61495;0.6148;13886
2015.09.03;12:00:00;0.62004;0.61454;0.61931;0.61494;19198
2015.09.03;16:00:00;0.62531;0.61911;0.62392;0.61928;21797
2015.09.03;20:00:00;0.6246;0.62114;0.62224;0.62392;15109
2015.09.04;00:00:00;0.62283;0.62062;0.62147;0.62229;4777
2015.09.04;04:00:00;0.62188;0.61611;0.61789;0.62147;10220
2015.09.04;08:00:00;0.62137;0.61701;0.6203;0.61788;19044
2015.09.04;12:00:00;0.62089;0.61461;0.61707;0.62031;18240
2015.09.04;16:00:00;0.61831;0.61089;0.61192;0.61708;17770
2015.09.04;20:00:00;0.61319;0.60975;0.60989;0.61189;6421
2015.09.07;00:00:00;0.6119;0.60811;0.60953;0.61169;5988
2015.09.07;04:00:00;0.61169;0.6083;0.60967;0.60952;8225
2015.09.07;08:00:00;0.61178;0.60887;0.60934;0.60969;11345
2015.09.07;12:00:00;0.61146;0.60806;0.61073;0.60935;13670
2015.09.07;16:00:00;0.61117;0.60849;0.61019;0.61074;8491
2015.09.07;20:00:00;0.61057;0.60927;0.60954;0.61023;6627
2015.09.08;00:00:00;0.61199;0.60949;0.61004;0.60954;4161
2015.09.08;04:00:00;0.61201;0.60834;0.60942;0.61005;9005
2015.09.08;08:00:00;0.61418;0.60881;0.61281;0.60944;15475
2015.09.08;12:00:00;0.61673;0.61228;0.61584;0.61281;14359
2015.09.08;16:00:00;0.62204;0.61567;0.62113;0.61583;18900
2015.09.08;20:00:00;0.62291;0.62007;0.62027;0.62116;6308
2015.09.09;00:00:00;0.62533;0.61993;0.62526;0.62007;8047
2015.09.09;04:00:00;0.62696;0.62394;0.62429;0.62526;9398
2015.09.09;08:00:00;0.62713;0.61757;0.61927;0.6243;16955
2015.09.09;12:00:00;0.62687;0.61852;0.62622;0.61927;16987
2015.09.09;16:00:00;0.62903;0.62411;0.62502;0.62621;18169
2015.09.09;20:00:00;0.62566;0.62101;0.62101;0.62504;8022
2015.09.10;00:00:00;0.62156;0.60879;0.61093;0.62156;10278
2015.09.10;04:00:00;0.61486;0.60937;0.61278;0.61096;9916
2015.09.10;08:00:00;0.61865;0.61054;0.61445;0.61281;19994
2015.09.10;12:00:00;0.61712;0.61195;0.6127;0.61445;17459
2015.09.10;16:00:00;0.61416;0.61047;0.61204;0.6127;18330
2015.09.10;20:00:00;0.6136;0.61144;0.61149;0.61207;5895
2015.09.11;00:00:00;0.61475;0.61095;0.614;0.61153;8363
2015.09.11;04:00:00;0.61469;0.61296;0.61367;0.614;7510
2015.09.11;08:00:00;0.61418;0.6107;0.6115;0.61366;13852
2015.09.11;12:00:00;0.61601;0.61127;0.6155;0.61152;13837
2015.09.11;16:00:00;0.61583;0.61235;0.61524;0.61549;17503
2015.09.11;20:00:00;0.61547;0.61106;0.61171;0.6152;6309
2015.09.14;00:00:00;0.61426;0.61077;0.61342;0.61079;4764
2015.09.14;04:00:00;0.61422;0.60995;0.61105;0.61339;6133
2015.09.14;08:00:00;0.61476;0.6104;0.61355;0.61106;11836
2015.09.14;12:00:00;0.61432;0.6112;0.61218;0.61356;10774
2015.09.14;16:00:00;0.61493;0.6108;0.61264;0.61216;15103
2015.09.14;20:00:00;0.61314;0.61198;0.61235;0.61264;4898
2015.09.15;00:00:00;0.61411;0.61201;0.61271;0.61234;5541
2015.09.15;04:00:00;0.61294;0.61036;0.61067;0.61268;7115
2015.09.15;08:00:00;0.61308;0.60967;0.61291;0.61064;12855
2015.09.15;12:00:00;0.61492;0.61194;0.61394;0.61289;10710
2015.09.15;16:00:00;0.61598;0.61174;0.61511;0.61395;12959
2015.09.15;20:00:00;0.62018;0.61504;0.61864;0.61511;8556
2015.09.16;00:00:00;0.61914;0.61775;0.61899;0.61869;4409
2015.09.16;04:00:00;0.6198;0.61658;0.617;0.61903;7070
2015.09.16;08:00:00;0.62045;0.61688;0.61811;0.61696;12896
2015.09.16;12:00:00;0.61928;0.6144;0.61473;0.61812;13503
2015.09.16;16:00:00;0.61706;0.61322;0.61466;0.61473;16200
2015.09.16;20:00:00;0.61852;0.6144;0.61784;0.61466;5695
2015.09.17;00:00:00;0.61862;0.61444;0.61534;0.61789;6824
2015.09.17;04:00:00;0.61895;0.61429;0.61744;0.61534;6402
2015.09.17;08:00:00;0.61817;0.61314;0.61431;0.61745;11241
2015.09.17;12:00:00;0.6152;0.6128;0.61299;0.61431;10061
2015.09.17;16:00:00;0.61419;0.61196;0.61379;0.613;13479
2015.09.17;20:00:00;0.61991;0.60848;0.60851;0.6138;31040
2015.09.18;00:00:00;0.61415;0.60807;0.6101;0.60844;8460
2015.09.18;04:00:00;0.61212;0.60939;0.61153;0.61011;7381
2015.09.18;08:00:00;0.61518;0.61107;0.61428;0.61152;16955
2015.09.18;12:00:00;0.61685;0.61229;0.61594;0.61429;20657
2015.09.18;16:00:00;0.6172;0.61344;0.61701;0.61591;18255
2015.09.18;20:00:00;0.62114;0.61571;0.61571;0.617;9705
2015.09.21;00:00:00;0.61999;0.61749;0.61775;0.61808;6265
2015.09.21;04:00:00;0.61852;0.61499;0.61515;0.61774;9524
2015.09.21;08:00:00;0.61588;0.61162;0.61352;0.61519;12602
2015.09.21;12:00:00;0.61651;0.61266;0.61544;0.61352;12599
2015.09.21;16:00:00;0.61604;0.611;0.61138;0.61545;17072
2015.09.21;20:00:00;0.61405;0.61084;0.61319;0.61136;10943
2015.09.22;00:00:00;0.61515;0.61276;0.61455;0.61333;6305
2015.09.22;04:00:00;0.61484;0.61263;0.61364;0.61455;6534
2015.09.22;08:00:00;0.61683;0.61344;0.61418;0.61366;13375
2015.09.22;12:00:00;0.61557;0.6117;0.61226;0.61418;15881
2015.09.22;16:00:00;0.61251;0.61001;0.61176;0.61226;17115
2015.09.22;20:00:00;0.61379;0.61177;0.61307;0.61177;5501
2015.09.23;00:00:00;0.61441;0.61187;0.61439;0.61304;6054
2015.09.23;04:00:00;0.61474;0.60924;0.60982;0.61436;7791
2015.09.23;08:00:00;0.61397;0.60939;0.61367;0.60981;14143
2015.09.23;12:00:00;0.61506;0.61227;0.6135;0.61367;13456
2015.09.23;16:00:00;0.6146;0.60966;0.61139;0.61352;20483
2015.09.23;20:00:00;0.61444;0.60957;0.61369;0.61144;11138
2015.09.24;00:00:00;0.61619;0.61279;0.61489;0.61374;6743
2015.09.24;04:00:00;0.6175;0.614;0.61517;0.61489;7562
2015.09.24;08:00:00;0.61592;0.61223;0.61341;0.61518;15788
2015.09.24;12:00:00;0.61412;0.61012;0.6111;0.61338;20135
2015.09.24;16:00:00;0.61871;0.61034;0.61715;0.61112;20953
2015.09.24;20:00:00;0.62185;0.6164;0.61918;0.61717;8933
2015.09.25;00:00:00;0.62134;0.61356;0.61891;0.61906;8516
2015.09.25;04:00:00;0.62057;0.61798;0.62051;0.61891;7633
2015.09.25;08:00:00;0.62279;0.61934;0.62124;0.62048;14767
2015.09.25;12:00:00;0.62128;0.61635;0.62066;0.62121;15396
2015.09.25;16:00:00;0.62479;0.61849;0.62404;0.62066;19583
2015.09.25;20:00:00;0.62572;0.6228;0.62409;0.62399;5734
2015.09.28;00:00:00;0.62464;0.62057;0.62437;0.62057;6144
2015.09.28;04:00:00;0.6269;0.62379;0.62562;0.62437;5664
2015.09.28;08:00:00;0.62764;0.6225;0.62431;0.6256;13418
2015.09.28;12:00:00;0.62474;0.62039;0.62118;0.62431;13705
2015.09.28;16:00:00;0.62128;0.61649;0.61707;0.6212;21406
2015.09.28;20:00:00;0.61748;0.61536;0.61574;0.61705;9451
2015.09.29;00:00:00;0.61589;0.61249;0.61291;0.61569;5128
2015.09.29;04:00:00;0.61359;0.61149;0.61233;0.61294;6335
2015.09.29;08:00:00;0.61693;0.61025;0.61585;0.61234;16621
2015.09.29;12:00:00;0.61938;0.61429;0.61859;0.61582;14072
2015.09.29;16:00:00;0.6215;0.61529;0.61579;0.61859;21086
2015.09.29;20:00:00;0.61734;0.61519;0.61624;0.61579;11617
2015.09.30;00:00:00;0.61894;0.61469;0.61877;0.61629;4275
2015.09.30;04:00:00;0.61932;0.61723;0.61881;0.61879;6606
2015.09.30;08:00:00;0.62224;0.61865;0.62124;0.61883;15914
2015.09.30;12:00:00;0.62202;0.61976;0.6211;0.62126;13402
2015.09.30;16:00:00;0.62521;0.62102;0.62247;0.6211;24145
2015.09.30;20:00:00;0.6235;0.62194;0.62219;0.62247;9752
2015.10.01;00:00:00;0.62334;0.62168;0.62313;0.62224;4593
2015.10.01;04:00:00;0.62664;0.6231;0.62568;0.62311;8980
2015.10.01;08:00:00;0.6276;0.62415;0.62728;0.62569;12375
2015.10.01;12:00:00;0.63044;0.62664;0.62682;0.6273;16775
2015.10.01;16:00:00;0.62896;0.62297;0.6251;0.62685;20438
2015.10.01;20:00:00;0.62621;0.62419;0.62459;0.62512;9766
2015.10.02;00:00:00;0.62612;0.62414;0.62544;0.62454;6741
2015.10.02;04:00:00;0.62696;0.62354;0.62516;0.62547;7220
2015.10.02;08:00:00;0.62739;0.625;0.6271;0.62517;10827
2015.10.02;12:00:00;0.6277;0.61969;0.62095;0.6271;17856
2015.10.02;16:00:00;0.62464;0.61804;0.62292;0.62095;28860
2015.10.02;20:00:00;0.62636;0.6228;0.62589;0.6229;8944
2015.10.05;00:00:00;0.62733;0.62529;0.62638;0.6266;4093
2015.10.05;04:00:00;0.62798;0.62575;0.62707;0.62634;6982
2015.10.05;08:00:00;0.63274;0.6268;0.6314;0.62711;16833
2015.10.05;12:00:00;0.63428;0.63133;0.63345;0.6314;19135
2015.10.05;16:00:00;0.63464;0.63211;0.63284;0.63345;21821
2015.10.05;20:00:00;0.63574;0.63243;0.63243;0.63284;9964
2015.10.06;00:00:00;0.63364;0.63204;0.63252;0.63222;6401
2015.10.06;04:00:00;0.63544;0.63231;0.63465;0.63253;9522
2015.10.06;08:00:00;0.63467;0.63187;0.63313;0.63465;15566
2015.10.06;12:00:00;0.63358;0.63018;0.63133;0.63313;16265
2015.10.06;16:00:00;0.63342;0.62954;0.63326;0.63134;19780
2015.10.06;20:00:00;0.63368;0.63137;0.63219;0.63325;8418
2015.10.07;00:00:00;0.63319;0.63159;0.63236;0.63219;5478
2015.10.07;04:00:00;0.63712;0.63227;0.63627;0.63238;7793
2015.10.07;08:00:00;0.64157;0.63605;0.63869;0.63625;15176
2015.10.07;12:00:00;0.64219;0.63859;0.64021;0.63869;16696
2015.10.07;16:00:00;0.64612;0.64023;0.64374;0.64023;22879
2015.10.07;20:00:00;0.64488;0.64118;0.64309;0.64375;10794
2015.10.08;00:00:00;0.64475;0.64245;0.6435;0.64309;5643
2015.10.08;04:00:00;0.64479;0.64021;0.64099;0.64352;7200
2015.10.08;08:00:00;0.64113;0.6375;0.63874;0.64102;13742
2015.10.08;12:00:00;0.64234;0.63807;0.64106;0.63875;15676
2015.10.08;16:00:00;0.64259;0.63895;0.64156;0.64109;17396
2015.10.08;20:00:00;0.64567;0.64049;0.64339;0.64156;12861
2015.10.09;00:00:00;0.6447;0.64085;0.64376;0.64335;8518
2015.10.09;04:00:00;0.64535;0.64373;0.64463;0.64375;7217
2015.10.09;08:00:00;0.64682;0.64306;0.6458;0.64462;17284
2015.10.09;12:00:00;0.64635;0.64152;0.64171;0.64578;19206
2015.10.09;16:00:00;0.64538;0.6417;0.6432;0.6417;20854
2015.10.09;20:00:00;0.64389;0.63973;0.64329;0.64319;5185
2015.10.12;00:00:00;0.64265;0.64054;0.64182;0.64104;9950
2015.10.12;04:00:00;0.64404;0.64182;0.64396;0.64182;7769
2015.10.12;08:00:00;0.64734;0.64334;0.64591;0.64397;15271
2015.10.12;12:00:00;0.647;0.64407;0.6462;0.64592;15993
2015.10.12;16:00:00;0.64781;0.64522;0.64661;0.6462;20902
2015.10.12;20:00:00;0.64726;0.64568;0.64634;0.64662;12790
2015.10.13;00:00:00;0.64671;0.64348;0.64417;0.64639;8464
2015.10.13;04:00:00;0.64499;0.64131;0.64288;0.64416;10812
2015.10.13;08:00:00;0.64345;0.63954;0.64158;0.64288;17445
2015.10.13;12:00:00;0.64385;0.63977;0.64054;0.6416;19549
2015.10.13;16:00:00;0.64279;0.63749;0.63992;0.64054;23932
2015.10.13;20:00:00;0.64004;0.63344;0.63564;0.63991;13907
2015.10.14;00:00:00;0.63751;0.63354;0.63672;0.63569;9931
2015.10.14;04:00:00;0.63969;0.63633;0.6393;0.63671;9795
2015.10.14;08:00:00;0.64532;0.63833;0.64482;0.63929;19122
2015.10.14;12:00:00;0.64623;0.64015;0.64489;0.6448;19508
2015.10.14;16:00:00;0.64714;0.64229;0.64289;0.64484;26143
2015.10.14;20:00:00;0.64607;0.64155;0.64399;0.64289;15344
2015.10.15;00:00:00;0.64979;0.64383;0.64632;0.64399;9167
2015.10.15;04:00:00;0.64836;0.64632;0.64733;0.64632;10536
2015.10.15;08:00:00;0.65467;0.64669;0.65174;0.64733;20373
2015.10.15;12:00:00;0.65372;0.64949;0.65182;0.65173;24209
2015.10.15;16:00:00;0.65469;0.6499;0.65176;0.65184;30067
2015.10.15;20:00:00;0.65299;0.65034;0.65034;0.65173;11517
2015.10.16;00:00:00;0.65494;0.64844;0.64959;0.65044;10103
2015.10.16;04:00:00;0.65071;0.64899;0.64927;0.6496;10832
2015.10.16;08:00:00;0.65128;0.64807;0.64867;0.64926;17738
2015.10.16;12:00:00;0.64973;0.6447;0.64715;0.64866;22872
2015.10.16;16:00:00;0.64847;0.64598;0.64645;0.64717;25100
2015.10.16;20:00:00;0.65004;0.64642;0.64817;0.64647;10803
2015.10.19;00:00:00;0.64927;0.64619;0.64626;0.64739;4366
2015.10.19;04:00:00;0.65015;0.64625;0.64845;0.64625;7413
2015.10.19;08:00:00;0.64985;0.64731;0.64921;0.64844;11874
2015.10.19;12:00:00;0.65198;0.64828;0.64943;0.64924;13710
2015.10.19;16:00:00;0.65119;0.64915;0.65008;0.64941;15748
2015.10.19;20:00:00;0.65023;0.64838;0.64895;0.65009;7324
2015.10.20;00:00:00;0.65143;0.64799;0.64938;0.64902;5043
2015.10.20;04:00:00;0.65083;0.64871;0.65001;0.64936;5421
2015.10.20;08:00:00;0.65261;0.64863;0.64877;0.65002;10639
2015.10.20;12:00:00;0.65061;0.64817;0.64829;0.64876;13820
2015.10.20;16:00:00;0.64906;0.64328;0.64502;0.6483;14737
2015.10.20;20:00:00;0.64613;0.64388;0.64534;0.64499;6106
2015.10.21;00:00:00;0.64604;0.64471;0.64488;0.64534;4947
2015.10.21;04:00:00;0.64521;0.64361;0.64361;0.64488;6409
2015.10.21;08:00:00;0.64374;0.63944;0.64186;0.64361;15377
2015.10.21;12:00:00;0.64667;0.64182;0.64202;0.64193;11846
2015.10.21;16:00:00;0.6447;0.64202;0.64395;0.64203;16022
2015.10.21;20:00:00;0.64565;0.64282;0.64304;0.64397;8885
2015.10.22;00:00:00;0.64546;0.64266;0.64513;0.64299;4901
2015.10.22;04:00:00;0.65055;0.64499;0.64839;0.64515;7048
2015.10.22;08:00:00;0.65;0.64704;0.64987;0.64837;11388
2015.10.22;12:00:00;0.65619;0.64954;0.65555;0.6499;15380
2015.10.22;16:00:00;0.66178;0.65524;0.65841;0.65553;21217
2015.10.22;20:00:00;0.66115;0.65802;0.66064;0.65843;7579
2015.10.23;00:00:00;0.66536;0.65898;0.66447;0.66069;8278
2015.10.23;04:00:00;0.66588;0.66407;0.66539;0.66442;7816
2015.10.23;08:00:00;0.66811;0.66171;0.66323;0.66539;14176
2015.10.23;12:00:00;0.66515;0.65962;0.66059;0.66325;15778
2015.10.23;16:00:00;0.66062;0.65747;0.65991;0.6606;15028
2015.10.23;20:00:00;0.66159;0.65883;0.65964;0.65988;4026
2015.10.25;23:00:00;0.66146;0.65929;0.66039;0.65969;543
2015.10.26;00:00:00;0.66144;0.65962;0.66105;0.66039;3925
2015.10.26;04:00:00;0.66307;0.66049;0.66212;0.66106;7220
2015.10.26;08:00:00;0.66309;0.65945;0.66215;0.66212;12877
2015.10.26;12:00:00;0.66669;0.6616;0.66526;0.66214;13612
2015.10.26;16:00:00;0.66773;0.66429;0.66656;0.66535;15754
2015.10.26;20:00:00;0.66773;0.65948;0.66536;0.66659;9615
2015.10.27;00:00:00;0.66686;0.66514;0.66559;0.66536;8488
2015.10.27;04:00:00;0.66554;0.66373;0.66475;0.66554;6857
2015.10.27;08:00:00;0.66746;0.66419;0.66698;0.66476;13928
2015.10.27;12:00:00;0.67021;0.66612;0.66809;0.667;17077
2015.10.27;16:00:00;0.66997;0.66729;0.66834;0.66822;17910
2015.10.27;20:00:00;0.66881;0.66619;0.66713;0.66827;9360
2015.10.28;00:00:00;0.66854;0.66428;0.66459;0.66714;14453
2015.10.28;04:00:00;0.66495;0.66239;0.66275;0.66456;8050
2015.10.28;08:00:00;0.66447;0.66182;0.66182;0.66274;13849
2015.10.28;12:00:00;0.66198;0.65944;0.66007;0.66181;15956
2015.10.28;16:00:00;0.66274;0.6593;0.65967;0.6601;14293
2015.10.28;20:00:00;0.66759;0.65655;0.66409;0.65979;22298
2015.10.29;00:00:00;0.66515;0.66317;0.66384;0.66404;12416
2015.10.29;04:00:00;0.66387;0.66051;0.66197;0.66383;7396
2015.10.29;08:00:00;0.66318;0.66009;0.66076;0.66198;17558
2015.10.29;12:00:00;0.66396;0.6598;0.6614;0.66059;19121
2015.10.29;16:00:00;0.66302;0.66038;0.66193;0.6614;16421
2015.10.29;20:00:00;0.66298;0.66126;0.66157;0.6619;10212
2015.10.30;00:00:00;0.66637;0.66129;0.66546;0.66159;9810
2015.10.30;04:00:00;0.66835;0.66504;0.66749;0.66546;17279
2015.10.30;08:00:00;0.66942;0.6662;0.66639;0.6675;14792
2015.10.30;12:00:00;0.66781;0.66494;0.66508;0.66644;17773
2015.10.30;16:00:00;0.66987;0.66444;0.6687;0.66508;18993
2015.10.30;20:00:00;0.67023;0.66754;0.66834;0.66867;4780
2015.11.02;00:00:00;0.66921;0.66295;0.66884;0.66295;13530
2015.11.02;04:00:00;0.66973;0.66739;0.66779;0.66884;6734
2015.11.02;08:00:00;0.6682;0.66504;0.66555;0.66775;15877
2015.11.02;12:00:00;0.66637;0.66438;0.66523;0.66556;13764
2015.11.02;16:00:00;0.66664;0.66385;0.66454;0.66523;15006
2015.11.02;20:00:00;0.66544;0.66306;0.66474;0.66446;8581
2015.11.03;00:00:00;0.66886;0.66424;0.66759;0.66474;15266
2015.11.03;04:00:00;0.66882;0.66447;0.66524;0.66758;10786
2015.11.03;08:00:00;0.66558;0.66252;0.66364;0.66524;13239
2015.11.03;12:00:00;0.66476;0.66067;0.66175;0.66372;14399
2015.11.03;16:00:00;0.66321;0.65948;0.66303;0.66174;20199
2015.11.03;20:00:00;0.66419;0.65894;0.65969;0.66304;8971
2015.11.04;00:00:00;0.66069;0.65744;0.6592;0.65974;11510
2015.11.04;04:00:00;0.66082;0.65845;0.65916;0.65923;10218
2015.11.04;08:00:00;0.6614;0.65639;0.65773;0.65916;15113
2015.11.04;12:00:00;0.65775;0.65252;0.65256;0.65772;16047
2015.11.04;16:00:00;0.65536;0.65217;0.65534;0.65256;21211
2015.11.04;20:00:00;0.6553;0.65341;0.65424;0.6553;7252
2015.11.05;00:00:00;0.65509;0.65361;0.65389;0.65424;9726
2015.11.05;04:00:00;0.6555;0.65354;0.65532;0.65389;6679
2015.11.05;08:00:00;0.65814;0.65475;0.6579;0.65533;15698
2015.11.05;12:00:00;0.6608;0.65749;0.66046;0.65787;19421
2015.11.05;16:00:00;0.66154;0.65869;0.6603;0.66047;16344
2015.11.05;20:00:00;0.66029;0.65722;0.65754;0.66026;10428
2015.11.06;00:00:00;0.65825;0.65649;0.65759;0.65759;7817
2015.11.06;04:00:00;0.65793;0.657;0.65779;0.65758;8716
2015.11.06;08:00:00;0.65836;0.65589;0.65729;0.65774;12424
2015.11.06;12:00:00;0.66011;0.65409;0.65552;0.65732;17163
2015.11.06;16:00:00;0.65628;0.65299;0.65504;0.65553;22298
2015.11.06;20:00:00;0.65619;0.65474;0.65494;0.65507;9849
2015.11.09;00:00:00;0.65775;0.65454;0.65774;0.65458;9323
2015.11.09;04:00:00;0.65916;0.65709;0.65865;0.65775;7232
2015.11.09;08:00:00;0.65866;0.65455;0.65556;0.65866;12538
2015.11.09;12:00:00;0.65823;0.65534;0.65648;0.65554;14111
2015.11.09;16:00:00;0.65704;0.65325;0.65509;0.65649;22176
2015.11.09;20:00:00;0.65696;0.65459;0.65519;0.65507;4459
2015.11.10;00:00:00;0.65613;0.65404;0.65522;0.65519;6415
2015.11.10;04:00:00;0.65602;0.65475;0.65565;0.65522;5808
2015.11.10;08:00:00;0.65717;0.65379;0.65583;0.65564;11537
2015.11.10;12:00:00;0.65823;0.65549;0.65739;0.65583;16119
2015.11.10;16:00:00;0.6582;0.65623;0.65793;0.65741;18120
2015.11.10;20:00:00;0.65894;0.65514;0.65664;0.65794;6644
2015.11.11;00:00:00;0.66028;0.65639;0.65927;0.65649;7841
2015.11.11;04:00:00;0.66084;0.65831;0.66011;0.65927;6986
2015.11.11;08:00:00;0.66032;0.65734;0.65799;0.66011;11585
2015.11.11;12:00:00;0.66034;0.65757;0.65997;0.65801;13643
2015.11.11;16:00:00;0.66065;0.65739;0.6587;0.65995;13638
2015.11.11;20:00:00;0.65878;0.65763;0.65804;0.6587;6747
2015.11.12;00:00:00;0.65974;0.65699;0.65784;0.6581;11493
2015.11.12;04:00:00;0.65847;0.65591;0.65658;0.65784;6777
2015.11.12;08:00:00;0.66031;0.65641;0.65733;0.65658;15507
2015.11.12;12:00:00;0.65816;0.65402;0.65472;0.65733;14869
2015.11.12;16:00:00;0.65509;0.65235;0.65324;0.65469;24817
2015.11.12;20:00:00;0.65486;0.65293;0.65369;0.65326;11067
2015.11.13;00:00:00;0.65519;0.65374;0.65492;0.65374;8560
2015.11.13;04:00:00;0.65589;0.65433;0.65497;0.65492;6612
2015.11.13;08:00:00;0.65553;0.65355;0.65429;0.655;13969
2015.11.13;12:00:00;0.65544;0.65359;0.65456;0.65432;18178
2015.11.13;16:00:00;0.65851;0.65407;0.65798;0.65458;21564
2015.11.13;20:00:00;0.65873;0.65698;0.65713;0.658;6026
2015.11.16;00:00:00;0.65883;0.65601;0.65739;0.65854;8706
2015.11.16;04:00:00;0.65798;0.6566;0.65777;0.6574;3342
2015.11.16;08:00:00;0.65813;0.65568;0.65583;0.65779;13187
2015.11.16;12:00:00;0.65593;0.65104;0.65208;0.65583;15934
2015.11.16;16:00:00;0.65544;0.65146;0.65499;0.65208;18740
2015.11.16;20:00:00;0.65608;0.65474;0.65499;0.65499;5813
2015.11.17;00:00:00;0.65559;0.65283;0.65431;0.65499;7257
2015.11.17;04:00:00;0.65429;0.65225;0.65265;0.65429;6065
2015.11.17;08:00:00;0.65506;0.65241;0.65419;0.65265;11933
2015.11.17;12:00:00;0.65711;0.65364;0.65615;0.65417;17143
2015.11.17;16:00:00;0.65679;0.65464;0.65644;0.65615;23671
2015.11.17;20:00:00;0.65675;0.65569;0.65614;0.65647;8845
2015.11.18;00:00:00;0.65701;0.65557;0.65573;0.65624;6396
2015.11.18;04:00:00;0.65872;0.65572;0.65869;0.65572;6257
2015.11.18;08:00:00;0.65881;0.65627;0.65665;0.65871;15026
2015.11.18;12:00:00;0.65754;0.65577;0.65709;0.65664;17010
2015.11.18;16:00:00;0.65752;0.65514;0.65629;0.65708;23440
2015.11.18;20:00:00;0.65987;0.65562;0.65944;0.65631;17662
2015.11.19;00:00:00;0.66437;0.65879;0.66397;0.65959;11626
2015.11.19;04:00:00;0.66453;0.66269;0.66376;0.66398;9514
2015.11.19;08:00:00;0.66458;0.66276;0.66352;0.66366;17145
2015.11.19;12:00:00;0.66479;0.66214;0.66347;0.66351;19094
2015.11.19;16:00:00;0.66778;0.66329;0.6663;0.66346;27628
2015.11.19;20:00:00;0.66656;0.66331;0.66459;0.6663;9167
2015.11.20;00:00:00;0.6663;0.66404;0.66621;0.66464;10172
2015.11.20;04:00:00;0.66929;0.66585;0.6672;0.66621;8055
2015.11.20;08:00:00;0.66732;0.66557;0.66597;0.6672;21987
2015.11.20;12:00:00;0.66734;0.66475;0.66694;0.66599;18362
2015.11.20;16:00:00;0.6685;0.66655;0.668;0.66696;24851
2015.11.20;20:00:00;0.67014;0.66769;0.66794;0.66798;9816
2015.11.23;00:00:00;0.66861;0.66474;0.6656;0.66593;8177
2015.11.23;04:00:00;0.6656;0.66391;0.66464;0.6656;8489
2015.11.23;08:00:00;0.66514;0.66222;0.66268;0.66463;15780
2015.11.23;12:00:00;0.66504;0.66229;0.66394;0.66267;20453
2015.11.23;16:00:00;0.66444;0.66259;0.66369;0.66394;25039
2015.11.23;20:00:00;0.66417;0.66295;0.66329;0.66367;7569
2015.11.24;00:00:00;0.66484;0.66232;0.66414;0.66324;8512
2015.11.24;04:00:00;0.66468;0.66321;0.66393;0.66413;7176
2015.11.24;08:00:00;0.66508;0.6628;0.66384;0.66391;18372
2015.11.24;12:00:00;0.66402;0.6611;0.66245;0.66384;22225
2015.11.24;16:00:00;0.66491;0.66245;0.6643;0.66245;26500
2015.11.24;20:00:00;0.6665;0.66356;0.66594;0.66437;10376
2015.11.25;00:00:00;0.66786;0.66563;0.6672;0.66594;9301
2015.11.25;04:00:00;0.6686;0.66688;0.66838;0.66719;8860
2015.11.25;08:00:00;0.66881;0.6659;0.6682;0.66837;23233
2015.11.25;12:00:00;0.67111;0.66817;0.66964;0.66819;27492
2015.11.25;16:00:00;0.67219;0.66949;0.67075;0.6696;27531
2015.11.25;20:00:00;0.67266;0.67014;0.67144;0.67077;8400
2015.11.26;00:00:00;0.67314;0.67015;0.67293;0.67124;8866
2015.11.26;04:00:00;0.67406;0.67244;0.67331;0.67293;6536
2015.11.26;08:00:00;0.67425;0.67202;0.6721;0.67334;15311
2015.11.26;12:00:00;0.6735;0.67076;0.67291;0.67209;15919
2015.11.26;16:00:00;0.67337;0.67213;0.67236;0.67292;13692
2015.11.26;20:00:00;0.67318;0.67197;0.67259;0.67236;11065
2015.11.27;00:00:00;0.67338;0.67077;0.67247;0.67264;9862
2015.11.27;04:00:00;0.67278;0.67173;0.67264;0.67251;6679
2015.11.27;08:00:00;0.67295;0.66876;0.67261;0.67265;18232
2015.11.27;12:00:00;0.67443;0.67197;0.67298;0.67259;22145
2015.11.27;16:00:00;0.67334;0.67159;0.67272;0.67298;19670
2015.11.27;20:00:00;0.67322;0.67118;0.67193;0.67269;7407
2015.11.30;00:00:00;0.67289;0.671;0.67187;0.67209;7574
2015.11.30;04:00:00;0.67502;0.67156;0.67471;0.67187;7506
2015.11.30;08:00:00;0.67605;0.67441;0.67494;0.67469;15960
2015.11.30;12:00:00;0.67777;0.67445;0.67767;0.67493;19027
2015.11.30;16:00:00;0.67801;0.675;0.67549;0.67767;24811
2015.11.30;20:00:00;0.67746;0.67524;0.67689;0.67549;10640
2015.12.01;00:00:00;0.68235;0.67667;0.6812;0.67694;9944
2015.12.01;04:00:00;0.68201;0.67936;0.67992;0.68121;11819
2015.12.01;08:00:00;0.68486;0.67969;0.68431;0.67992;21081
2015.12.01;12:00:00;0.6845;0.68243;0.68399;0.68431;18850
2015.12.01;16:00:00;0.68748;0.68254;0.68665;0.68402;30414
2015.12.01;20:00:00;0.68685;0.68409;0.68424;0.6867;12701
2015.12.02;00:00:00;0.68547;0.6829;0.68343;0.68424;11424
2015.12.02;04:00:00;0.68426;0.6831;0.68375;0.68343;9884
2015.12.02;08:00:00;0.68436;0.68287;0.68401;0.68373;20181
2015.12.02;12:00:00;0.68569;0.6818;0.68207;0.68401;23885
2015.12.02;16:00:00;0.685;0.67736;0.67851;0.68205;32583
2015.12.02;20:00:00;0.67891;0.67542;0.67549;0.6785;17158
2015.12.03;00:00:00;0.6769;0.67508;0.67615;0.67545;11625
2015.12.03;04:00:00;0.67921;0.67591;0.67869;0.67615;10857
2015.12.03;08:00:00;0.68219;0.67806;0.68125;0.67869;21298
2015.12.03;12:00:00;0.68262;0.66751;0.67057;0.68123;34846
2015.12.03;16:00:00;0.67326;0.6612;0.66419;0.67054;39375
2015.12.03;20:00:00;0.66533;0.66011;0.66399;0.66418;23986
2015.12.04;00:00:00;0.66444;0.66044;0.6632;0.66404;11806
2015.12.04;04:00:00;0.66369;0.66202;0.66309;0.66319;12614
2015.12.04;08:00:00;0.66818;0.66292;0.66729;0.66309;28249
2015.12.04;12:00:00;0.66855;0.66329;0.66788;0.66731;32050
2015.12.04;16:00:00;0.67613;0.6664;0.67423;0.66789;48298
2015.12.04;20:00:00;0.6752;0.67094;0.67159;0.67423;16051
2015.12.07;00:00:00;0.67208;0.66884;0.66962;0.67166;11670
2015.12.07;04:00:00;0.66963;0.6678;0.66852;0.66961;10627
2015.12.07;08:00:00;0.66961;0.66762;0.66818;0.66851;19683
2015.12.07;12:00:00;0.6685;0.66542;0.66617;0.66815;21018
2015.12.07;16:00:00;0.66721;0.66459;0.66503;0.66615;30012
2015.12.07;20:00:00;0.66557;0.66262;0.66404;0.66503;14688
2015.12.08;00:00:00;0.66487;0.66323;0.66369;0.66404;7004
2015.12.08;04:00:00;0.6641;0.66216;0.66262;0.66369;11711
2015.12.08;08:00:00;0.66513;0.66139;0.66156;0.66263;20966
2015.12.08;12:00:00;0.66237;0.65716;0.65754;0.6616;24686
2015.12.08;16:00:00;0.66044;0.65713;0.65852;0.65755;24878
2015.12.08;20:00:00;0.65975;0.65744;0.6589;0.65862;11776
2015.12.09;00:00:00;0.66072;0.65747;0.65861;0.65885;6096
2015.12.09;04:00:00;0.65862;0.6569;0.65754;0.65861;9678
2015.12.09;08:00:00;0.65989;0.65364;0.65516;0.65752;19130
2015.12.09;12:00:00;0.65674;0.65393;0.6556;0.65515;21226
2015.12.09;16:00:00;0.6579;0.65258;0.65314;0.65558;38084
2015.12.09;20:00:00;0.66457;0.64567;0.65989;0.65315;28820
2015.12.10;00:00:00;0.66708;0.65989;0.6634;0.65989;12377
2015.12.10;04:00:00;0.66347;0.66189;0.66264;0.66343;9106
2015.12.10;08:00:00;0.66602;0.6621;0.66402;0.66264;19681
2015.12.10;12:00:00;0.66721;0.66375;0.66575;0.66403;23920
2015.12.10;16:00:00;0.66977;0.66572;0.66861;0.66574;27274
2015.12.10;20:00:00;0.66888;0.66543;0.66674;0.66858;10697
2015.12.11;00:00:00;0.66803;0.66528;0.66623;0.66669;6319
2015.12.11;04:00:00;0.66694;0.66573;0.66622;0.6662;7943
2015.12.11;08:00:00;0.66929;0.66494;0.66621;0.66623;16668
2015.12.11;12:00:00;0.66744;0.66356;0.66494;0.66621;27439
2015.12.11;16:00:00;0.66509;0.65719;0.65934;0.66493;38883
2015.12.11;20:00:00;0.66082;0.65826;0.65899;0.65936;14513
2015.12.14;00:00:00;0.6612;0.65869;0.65969;0.66018;8387
2015.12.14;04:00:00;0.66116;0.65862;0.66054;0.65968;8903
2015.12.14;08:00:00;0.66331;0.6602;0.66256;0.66055;16751
2015.12.14;12:00:00;0.66423;0.66031;0.66373;0.66256;27230
2015.12.14;16:00:00;0.66711;0.66077;0.66688;0.66374;37696
2015.12.14;20:00:00;0.66707;0.66501;0.66524;0.66692;14762
2015.12.15;00:00:00;0.66883;0.66479;0.66738;0.66526;11070
2015.12.15;04:00:00;0.66893;0.66703;0.6679;0.6674;9412
2015.12.15;08:00:00;0.6694;0.66657;0.66711;0.6679;20496
2015.12.15;12:00:00;0.66974;0.66642;0.6692;0.6671;29841
2015.12.15;16:00:00;0.66963;0.66694;0.6686;0.66921;34278
2015.12.15;20:00:00;0.66876;0.66847;0.6685;0.66857;21
