DATE;TIME;HIGH;LOW;CLOSE;OPEN;VOLUME
2015.04.27;12:00:00;0.92566;0.92251;0.92415;0.92469;25074
2015.04.27;16:00:00;0.92651;0.92193;0.92542;0.92416;34880
2015.04.27;20:00:00;0.92574;0.92311;0.92345;0.92543;18426
2015.04.28;00:00:00;0.92405;0.92174;0.92313;0.9233;9735
2015.04.28;04:00:00;0.9239;0.92216;0.92237;0.92313;12913
2015.04.28;08:00:00;0.92772;0.92234;0.92745;0.92236;26899
2015.04.28;12:00:00;0.92805;0.92547;0.92691;0.9275;31460
2015.04.28;16:00:00;0.93082;0.92665;0.92871;0.92692;39616
2015.04.28;20:00:00;0.92959;0.92676;0.92683;0.92872;20359
2015.04.29;00:00:00;0.93059;0.92532;0.92858;0.92536;11970
2015.04.29;04:00:00;0.92862;0.9254;0.92587;0.92848;14795
2015.04.29;08:00:00;0.92737;0.92553;0.92598;0.92586;26168
2015.04.29;12:00:00;0.928;0.92321;0.92463;0.92598;33974
2015.04.29;16:00:00;0.92584;0.92243;0.9253;0.92464;51050
2015.04.29;20:00:00;0.92779;0.92146;0.92146;0.92529;31842
2015.04.30;00:00:00;0.92218;0.91202;0.91579;0.92176;13933
2015.04.30;04:00:00;0.91686;0.91556;0.91605;0.9158;15367
2015.04.30;08:00:00;0.91632;0.91257;0.915;0.91605;35456
2015.04.30;12:00:00;0.91733;0.91102;0.91456;0.91504;35877
2015.04.30;16:00:00;0.92359;0.91404;0.92025;0.91456;45100
2015.04.30;20:00:00;0.9239;0.91815;0.91891;0.92027;23301
2015.05.01;00:00:00;0.91992;0.91674;0.91836;0.91896;10241
2015.05.01;04:00:00;0.91944;0.91559;0.91679;0.91835;12740
2015.05.01;08:00:00;0.91819;0.91525;0.91683;0.91679;19916
2015.05.01;12:00:00;0.91918;0.91607;0.91799;0.91683;23973
2015.05.01;16:00:00;0.92033;0.91478;0.91633;0.91797;38416
2015.05.01;20:00:00;0.91776;0.91448;0.91687;0.91632;14192
2015.05.04;00:00:00;0.91617;0.91361;0.91391;0.91454;9052
2015.05.04;04:00:00;0.91648;0.91367;0.9158;0.91392;12209
2015.05.04;08:00:00;0.91699;0.91418;0.91515;0.91576;19301
2015.05.04;12:00:00;0.91553;0.91068;0.9113;0.91515;20757
2015.05.04;16:00:00;0.91407;0.91083;0.91153;0.91132;23739
2015.05.04;20:00:00;0.91256;0.9093;0.91076;0.91153;11459
2015.05.05;00:00:00;0.91295;0.91007;0.91242;0.91086;9701
2015.05.05;04:00:00;0.91494;0.91111;0.9139;0.9124;17447
2015.05.05;08:00:00;0.91486;0.9089;0.90946;0.9139;27437
2015.05.05;12:00:00;0.90985;0.90531;0.90643;0.90946;28682
2015.05.05;16:00:00;0.91095;0.90331;0.9108;0.90641;38157
2015.05.05;20:00:00;0.91315;0.91083;0.91157;0.91083;14585
2015.05.06;00:00:00;0.91286;0.90243;0.90317;0.91155;15616
2015.05.06;04:00:00;0.90326;0.89916;0.90039;0.90315;18916
2015.05.06;08:00:00;0.90419;0.89913;0.90077;0.90039;29225
2015.05.06;12:00:00;0.90288;0.89836;0.90258;0.90076;31155
2015.05.06;16:00:00;0.9032;0.90033;0.90165;0.90261;41789
2015.05.06;20:00:00;0.90453;0.90137;0.90255;0.9016;19403
2015.05.07;00:00:00;0.90361;0.90061;0.90326;0.90257;15490
2015.05.07;04:00:00;0.90612;0.90209;0.90313;0.90326;20288
2015.05.07;08:00:00;0.90529;0.90198;0.9023;0.90313;27289
2015.05.07;12:00:00;0.90507;0.90038;0.90229;0.9023;30592
2015.05.07;16:00:00;0.90514;0.90207;0.90397;0.90227;33715
2015.05.07;20:00:00;0.90478;0.90154;0.90289;0.90397;18543
2015.05.08;00:00:00;0.9037;0.89969;0.90106;0.90282;13113
2015.05.08;04:00:00;0.90273;0.89859;0.90249;0.90104;19681
2015.05.08;08:00:00;0.90285;0.8982;0.89897;0.90248;25166
2015.05.08;12:00:00;0.90398;0.89771;0.90365;0.89896;30999
2015.05.08;16:00:00;0.90647;0.90202;0.90556;0.90364;38943
2015.05.08;20:00:00;0.90574;0.90241;0.90391;0.90557;14265
2015.05.11;00:00:00;0.90223;0.89517;0.89601;0.90216;10462
2015.05.11;04:00:00;0.89671;0.8942;0.89514;0.89602;17864
2015.05.11;08:00:00;0.89744;0.8939;0.89589;0.8951;22348
2015.05.11;12:00:00;0.89677;0.89142;0.89202;0.89587;21947
2015.05.11;16:00:00;0.8927;0.88723;0.88937;0.89203;30459
2015.05.11;20:00:00;0.88954;0.88676;0.887;0.88938;12917
2015.05.12;00:00:00;0.88842;0.88678;0.8873;0.88711;8856
2015.05.12;04:00:00;0.89054;0.88705;0.88965;0.8873;14581
2015.05.12;08:00:00;0.89072;0.88744;0.88802;0.88966;28972
2015.05.12;12:00:00;0.89075;0.88572;0.88582;0.88801;31402
2015.05.12;16:00:00;0.88734;0.88215;0.88225;0.88586;30329
2015.05.12;20:00:00;0.88516;0.88207;0.88413;0.88225;15912
2015.05.13;00:00:00;0.89039;0.87883;0.88764;0.8842;13964
2015.05.13;04:00:00;0.88953;0.88422;0.88813;0.88766;18631
2015.05.13;08:00:00;0.89134;0.88716;0.88926;0.88815;24143
2015.05.13;12:00:00;0.89567;0.88922;0.89459;0.8893;31838
2015.05.13;16:00:00;0.89586;0.89258;0.89285;0.89461;35196
2015.05.13;20:00:00;0.89505;0.8926;0.89413;0.89285;14578
2015.05.14;00:00:00;0.90388;0.89373;0.90172;0.89406;13565
2015.05.14;04:00:00;0.90255;0.89825;0.89843;0.90173;16651
2015.05.14;08:00:00;0.9014;0.8946;0.89539;0.89844;29660
2015.05.14;12:00:00;0.89892;0.894;0.89768;0.89539;28069
2015.05.14;16:00:00;0.90046;0.89707;0.90044;0.89766;30863
2015.05.14;20:00:00;0.90062;0.89741;0.89771;0.90043;12654
2015.05.15;00:00:00;0.89896;0.89351;0.89426;0.89766;11107
2015.05.15;04:00:00;0.89734;0.89404;0.89624;0.89428;11147
2015.05.15;08:00:00;0.89646;0.89384;0.89419;0.89622;23550
2015.05.15;12:00:00;0.89572;0.89356;0.89511;0.8942;19828
2015.05.15;16:00:00;0.89958;0.89509;0.89928;0.89512;32025
2015.05.15;20:00:00;0.90133;0.89543;0.89746;0.89929;12786
2015.05.18;00:00:00;0.89573;0.89377;0.89448;0.89403;7478
2015.05.18;04:00:00;0.89527;0.89315;0.89434;0.89448;10976
2015.05.18;08:00:00;0.89521;0.89214;0.89344;0.89431;20743
2015.05.18;12:00:00;0.89471;0.89297;0.89375;0.89344;20214
2015.05.18;16:00:00;0.89949;0.89358;0.8973;0.89375;26874
2015.05.18;20:00:00;0.89825;0.89532;0.89796;0.89731;13585
2015.05.19;00:00:00;0.8996;0.89479;0.89691;0.89801;9821
2015.05.19;04:00:00;0.90196;0.89412;0.90038;0.8969;17883
2015.05.19;08:00:00;0.90344;0.89837;0.90332;0.90038;30992
2015.05.19;12:00:00;0.90411;0.89854;0.90049;0.90334;25869
2015.05.19;16:00:00;0.90237;0.89715;0.89739;0.90046;31230
2015.05.19;20:00:00;0.8985;0.89667;0.89776;0.8974;13325
2015.05.20;00:00:00;0.90028;0.89718;0.89933;0.89781;11608
2015.05.20;04:00:00;0.90052;0.89904;0.89973;0.89932;12446
2015.05.20;08:00:00;0.90052;0.89631;0.89639;0.89973;28427
2015.05.20;12:00:00;0.89779;0.8952;0.89647;0.89639;24020
2015.05.20;16:00:00;0.89647;0.89041;0.89136;0.89644;30122
2015.05.20;20:00:00;0.89325;0.88947;0.89149;0.89136;28040
2015.05.21;00:00:00;0.89171;0.89015;0.89154;0.89151;9302
2015.05.21;04:00:00;0.89409;0.89091;0.89402;0.89154;16330
2015.05.21;08:00:00;0.89427;0.89081;0.8919;0.89401;24472
2015.05.21;12:00:00;0.89374;0.89107;0.89314;0.89189;23048
2015.05.21;16:00:00;0.89483;0.89202;0.89272;0.89315;33725
2015.05.21;20:00:00;0.89617;0.89228;0.89561;0.89273;13593
2015.05.22;00:00:00;0.89938;0.89498;0.89937;0.89573;14751
2015.05.22;04:00:00;0.90062;0.89786;0.89955;0.89935;16799
2015.05.22;08:00:00;0.90008;0.89811;0.89921;0.89949;18884
2015.05.22;12:00:00;0.89925;0.89562;0.89651;0.89922;27163
2015.05.22;16:00:00;0.9001;0.89596;0.89977;0.89651;31812
2015.05.22;20:00:00;0.90052;0.89531;0.89582;0.89971;14640
2015.05.25;00:00:00;0.89907;0.89651;0.89682;0.89733;8487
2015.05.25;04:00:00;0.89795;0.89669;0.89782;0.89683;15204
2015.05.25;08:00:00;0.89885;0.89688;0.898;0.89783;16997
2015.05.25;12:00:00;0.89905;0.89674;0.89866;0.89798;10359
2015.05.25;16:00:00;0.90018;0.89845;0.89964;0.89867;9299
2015.05.25;20:00:00;0.90041;0.89936;0.89936;0.89961;9116
2015.05.26;00:00:00;0.90099;0.8992;0.90004;0.89934;9408
2015.05.26;04:00:00;0.90088;0.89928;0.90019;0.90007;12201
2015.05.26;08:00:00;0.90036;0.89683;0.89888;0.90018;28498
2015.05.26;12:00:00;0.90242;0.89883;0.89987;0.89888;28300
2015.05.26;16:00:00;0.90244;0.89781;0.89932;0.89991;38120
2015.05.26;20:00:00;0.89972;0.89703;0.89821;0.89932;15780
2015.05.27;00:00:00;0.90068;0.89765;0.90002;0.89819;7936
2015.05.27;04:00:00;0.90176;0.89747;0.901;0.90002;16176
2015.05.27;08:00:00;0.90184;0.89839;0.90014;0.901;25468
2015.05.27;12:00:00;0.90144;0.8986;0.89989;0.90014;33360
2015.05.27;16:00:00;0.90292;0.8991;0.90138;0.89991;39449
2015.05.27;20:00:00;0.90493;0.89891;0.90406;0.90138;17586
2015.05.28;00:00:00;0.90539;0.90128;0.90307;0.90406;9390
2015.05.28;04:00:00;0.90409;0.90015;0.90298;0.90309;21152
2015.05.28;08:00:00;0.90474;0.90145;0.9031;0.90299;32965
2015.05.28;12:00:00;0.90441;0.89204;0.89383;0.90308;36201
2015.05.28;16:00:00;0.89524;0.89104;0.89248;0.89381;39290
2015.05.28;20:00:00;0.89331;0.89072;0.89195;0.89247;20785
2015.05.29;00:00:00;0.89344;0.88961;0.89026;0.89189;10441
2015.05.29;04:00:00;0.89034;0.88583;0.88692;0.89034;16664
2015.05.29;08:00:00;0.88796;0.8843;0.88507;0.88693;26057
2015.05.29;12:00:00;0.89133;0.88438;0.88942;0.88506;30794
2015.05.29;16:00:00;0.89163;0.88471;0.88498;0.88939;37719
2015.05.29;20:00:00;0.88571;0.88169;0.88434;0.88496;14154
2015.06.01;00:00:00;0.88499;0.88006;0.88331;0.88081;7464
2015.06.01;04:00:00;0.88542;0.88299;0.88493;0.88331;12912
2015.06.01;08:00:00;0.88889;0.88446;0.88759;0.88491;23358
2015.06.01;12:00:00;0.89187;0.88699;0.89182;0.88755;24582
2015.06.01;16:00:00;0.89202;0.889;0.88921;0.89183;32389
2015.06.01;20:00:00;0.88955;0.88673;0.88682;0.8892;15770
2015.06.02;00:00:00;0.8907;0.88684;0.89029;0.88684;11207
2015.06.02;04:00:00;0.89102;0.88878;0.88997;0.89028;17410
2015.06.02;08:00:00;0.89154;0.88758;0.88849;0.88996;27671
2015.06.02;12:00:00;0.89128;0.88792;0.88995;0.88848;32649
2015.06.02;16:00:00;0.89397;0.88828;0.88992;0.88996;44620
2015.06.02;20:00:00;0.89165;0.88963;0.89003;0.88992;18262
2015.06.03;00:00:00;0.8907;0.88806;0.88934;0.89;13392
2015.06.03;04:00:00;0.89067;0.88782;0.88876;0.88934;15995
2015.06.03;08:00:00;0.8907;0.88738;0.8883;0.88876;27626
2015.06.03;12:00:00;0.8906;0.88755;0.88996;0.8883;28235
2015.06.03;16:00:00;0.89285;0.88822;0.88866;0.88996;39369
2015.06.03;20:00:00;0.89115;0.8886;0.89004;0.88866;15199
2015.06.04;00:00:00;0.8913;0.88984;0.89103;0.88989;9085
2015.06.04;04:00:00;0.89179;0.88745;0.88819;0.89103;16525
2015.06.04;08:00:00;0.8922;0.88779;0.89079;0.88822;31747
2015.06.04;12:00:00;0.89109;0.8879;0.88997;0.89074;27563
2015.06.04;16:00:00;0.89154;0.886;0.88872;0.88996;31461
2015.06.04;20:00:00;0.89107;0.88785;0.8908;0.88872;16080
2015.06.05;00:00:00;0.8913;0.88896;0.88999;0.89086;12373
2015.06.05;04:00:00;0.89248;0.88986;0.89164;0.88997;13599
2015.06.05;08:00:00;0.89289;0.89087;0.8926;0.89166;22031
2015.06.05;12:00:00;0.89342;0.87847;0.8814;0.89261;27697
2015.06.05;16:00:00;0.884;0.87817;0.88005;0.88141;39942
2015.06.05;20:00:00;0.88028;0.87531;0.87586;0.88004;14449
2015.06.08;00:00:00;0.87826;0.87509;0.87791;0.87541;7086
2015.06.08;04:00:00;0.87922;0.8774;0.87843;0.87792;11332
2015.06.08;08:00:00;0.87959;0.87684;0.87816;0.87845;24916
2015.06.08;12:00:00;0.88041;0.87801;0.87927;0.87816;20213
2015.06.08;16:00:00;0.88287;0.87899;0.88177;0.87928;25540
2015.06.08;20:00:00;0.88743;0.88177;0.88611;0.88177;19574
2015.06.09;00:00:00;0.88662;0.88212;0.88379;0.88302;10493
2015.06.09;04:00:00;0.88458;0.88061;0.88118;0.8838;14705
2015.06.09;08:00:00;0.88276;0.88066;0.88188;0.88118;27988
2015.06.09;12:00:00;0.88611;0.87937;0.88024;0.88191;32100
2015.06.09;16:00:00;0.88218;0.87691;0.87914;0.88026;33404
2015.06.09;20:00:00;0.88135;0.87859;0.87935;0.87914;12670
2015.06.10;00:00:00;0.88279;0.87902;0.88192;0.87963;10757
2015.06.10;04:00:00;0.88288;0.87766;0.8809;0.88192;17630
2015.06.10;08:00:00;0.88625;0.87952;0.88004;0.88091;37702
2015.06.10;12:00:00;0.88275;0.87841;0.87874;0.88004;31307
2015.06.10;16:00:00;0.88416;0.87807;0.88378;0.87873;37663
2015.06.10;20:00:00;0.88493;0.87995;0.88069;0.88379;17154
2015.06.11;00:00:00;0.86819;0.86009;0.86253;0.86678;15273
2015.06.11;04:00:00;0.86513;0.86086;0.86146;0.86253;16404
2015.06.11;08:00:00;0.86415;0.85944;0.86354;0.86145;28380
2015.06.11;12:00:00;0.86455;0.85981;0.86281;0.86354;30920
2015.06.11;16:00:00;0.86318;0.8585;0.86149;0.86283;31908
2015.06.11;20:00:00;0.86257;0.86004;0.86131;0.86148;14593
2015.06.12;00:00:00;0.86378;0.86099;0.86206;0.86129;9413
2015.06.12;04:00:00;0.86266;0.8603;0.86063;0.86206;11653
2015.06.12;08:00:00;0.86107;0.85706;0.85755;0.86062;23043
2015.06.12;12:00:00;0.86001;0.85672;0.85829;0.85754;27443
2015.06.12;16:00:00;0.86113;0.85658;0.86053;0.85826;30243
2015.06.12;20:00:00;0.86144;0.85855;0.85941;0.86052;11158
2015.06.15;00:00:00;0.86135;0.85873;0.85946;0.85986;6706
2015.06.15;04:00:00;0.86067;0.85819;0.85921;0.85948;12568
2015.06.15;08:00:00;0.86046;0.85875;0.85989;0.8592;22758
2015.06.15;12:00:00;0.86432;0.85891;0.86395;0.85989;21553
2015.06.15;16:00:00;0.86464;0.86137;0.8618;0.86395;21470
2015.06.15;20:00:00;0.86241;0.86028;0.86219;0.86184;14268
2015.06.16;00:00:00;0.86286;0.86078;0.86129;0.86216;7607
2015.06.16;04:00:00;0.86321;0.86026;0.86031;0.86128;11957
2015.06.16;08:00:00;0.86135;0.85994;0.86025;0.86029;18869
2015.06.16;12:00:00;0.86234;0.86003;0.86217;0.86027;17079
2015.06.16;16:00:00;0.8626;0.85976;0.86156;0.86215;19301
2015.06.16;20:00:00;0.86162;0.85821;0.85842;0.86158;11018
2015.06.17;00:00:00;0.85923;0.85711;0.85836;0.85829;7675
2015.06.17;04:00:00;0.85855;0.85618;0.85638;0.85835;10039
2015.06.17;08:00:00;0.85741;0.85353;0.85398;0.85638;19886
2015.06.17;12:00:00;0.85497;0.85191;0.85361;0.85398;19933
2015.06.17;16:00:00;0.85377;0.84976;0.85137;0.85364;20182
2015.06.17;20:00:00;0.85691;0.84763;0.85373;0.85137;32963
2015.06.18;00:00:00;0.85479;0.84137;0.84362;0.85373;13903
2015.06.18;04:00:00;0.84483;0.84226;0.84291;0.84362;13641
2015.06.18;08:00:00;0.84488;0.84146;0.84334;0.8429;24492
2015.06.18;12:00:00;0.84699;0.84252;0.84478;0.84335;28426
2015.06.18;16:00:00;0.84745;0.8439;0.8468;0.84478;29716
2015.06.18;20:00:00;0.84897;0.84608;0.8461;0.84677;16237
2015.06.19;00:00:00;0.84767;0.84514;0.84648;0.84605;8069
2015.06.19;04:00:00;0.84792;0.84582;0.8461;0.84649;12165
2015.06.19;08:00:00;0.84652;0.84312;0.84343;0.8461;21777
2015.06.19;12:00:00;0.84753;0.843;0.84708;0.84345;20737
2015.06.19;16:00:00;0.84839;0.84573;0.84632;0.84708;20723
2015.06.19;20:00:00;0.84764;0.84505;0.84726;0.84632;10978
2015.06.22;00:00:00;0.84731;0.84528;0.84661;0.84595;5815
2015.06.22;04:00:00;0.84798;0.8465;0.84735;0.84661;9428
2015.06.22;08:00:00;0.84822;0.84493;0.84543;0.84735;18673
2015.06.22;12:00:00;0.8455;0.84047;0.84343;0.84544;21924
2015.06.22;16:00:00;0.84649;0.84249;0.84586;0.84342;26348
2015.06.22;20:00:00;0.84657;0.84416;0.84416;0.84585;12793
2015.06.23;00:00:00;0.84645;0.84392;0.84574;0.84413;7479
2015.06.23;04:00:00;0.84647;0.84365;0.84515;0.84573;13839
2015.06.23;08:00:00;0.84671;0.84422;0.84432;0.84517;20890
2015.06.23;12:00:00;0.84465;0.84108;0.84182;0.84431;22382
2015.06.23;16:00:00;0.84475;0.84167;0.84302;0.84181;25782
2015.06.23;20:00:00;0.84521;0.84295;0.84416;0.84302;13196
2015.06.24;00:00:00;0.84654;0.84409;0.84513;0.84421;7217
2015.06.24;04:00:00;0.84628;0.84483;0.8454;0.84513;11241
2015.06.24;08:00:00;0.84693;0.84484;0.84585;0.84538;21734
2015.06.24;12:00:00;0.84829;0.84509;0.84817;0.84585;23067
2015.06.24;16:00:00;0.85362;0.84808;0.85281;0.84818;29230
2015.06.24;20:00:00;0.85549;0.85226;0.85226;0.8528;14244
2015.06.25;00:00:00;0.85512;0.85161;0.85504;0.85231;8539
2015.06.25;04:00:00;0.85652;0.85454;0.85583;0.85505;12889
2015.06.25;08:00:00;0.85672;0.8534;0.85349;0.85588;17575
2015.06.25;12:00:00;0.85601;0.8529;0.85542;0.85349;22328
2015.06.25;16:00:00;0.85542;0.85209;0.85265;0.85542;17974
2015.06.25;20:00:00;0.85307;0.85027;0.85068;0.85265;14789
2015.06.26;00:00:00;0.85133;0.846;0.84973;0.85063;9516
2015.06.26;04:00:00;0.85093;0.84909;0.84959;0.84971;12443
2015.06.26;08:00:00;0.85022;0.84852;0.84871;0.8496;14108
2015.06.26;12:00:00;0.84928;0.84576;0.84631;0.84872;17157
2015.06.26;16:00:00;0.84804;0.84277;0.84306;0.84632;23621
2015.06.26;20:00:00;0.84331;0.84067;0.84166;0.84311;9623
2015.06.29;00:00:00;0.84352;0.83726;0.84279;0.84276;12729
2015.06.29;04:00:00;0.8474;0.84235;0.84246;0.84282;14350
2015.06.29;08:00:00;0.84439;0.84071;0.84162;0.84247;29727
2015.06.29;12:00:00;0.84641;0.84132;0.84476;0.84162;21732
2015.06.29;16:00:00;0.84999;0.84231;0.84961;0.84477;28097
2015.06.29;20:00:00;0.85161;0.84881;0.84911;0.84958;17463
2015.06.30;00:00:00;0.84956;0.84715;0.84882;0.84916;8014
2015.06.30;04:00:00;0.84928;0.84273;0.8438;0.84885;16540
2015.06.30;08:00:00;0.8446;0.83874;0.83876;0.84381;23828
2015.06.30;12:00:00;0.84216;0.83549;0.84173;0.83879;27905
2015.06.30;16:00:00;0.84632;0.84133;0.84516;0.84173;29183
2015.06.30;20:00:00;0.84667;0.84446;0.84452;0.8452;12662
2015.07.01;00:00:00;0.84782;0.84428;0.84739;0.84441;9573
2015.07.01;04:00:00;0.85049;0.84659;0.84927;0.84739;10307
2015.07.01;08:00:00;0.85134;0.84674;0.84743;0.84926;16777
2015.07.01;12:00:00;0.84889;0.84545;0.84788;0.84741;19290
2015.07.01;16:00:00;0.84896;0.84537;0.8482;0.84789;23584
2015.07.01;20:00:00;0.84974;0.84722;0.84722;0.84819;12090
2015.07.02;00:00:00;0.84775;0.84274;0.8447;0.84712;8488
2015.07.02;04:00:00;0.8448;0.84295;0.84341;0.8447;11840
2015.07.02;08:00:00;0.84344;0.84027;0.84321;0.84342;20056
2015.07.02;12:00:00;0.84445;0.84023;0.84261;0.8432;25828
2015.07.02;16:00:00;0.84649;0.84228;0.84433;0.84266;25137
2015.07.02;20:00:00;0.84456;0.84201;0.84211;0.84432;12642
2015.07.03;00:00:00;0.84416;0.84181;0.84333;0.84211;7211
2015.07.03;04:00:00;0.84466;0.84168;0.84409;0.84333;13227
2015.07.03;08:00:00;0.84409;0.83927;0.84005;0.84409;17378
2015.07.03;12:00:00;0.84239;0.8394;0.84141;0.83988;19149
2015.07.03;16:00:00;0.84234;0.83963;0.84074;0.84142;16094
2015.07.03;20:00:00;0.84164;0.83841;0.83921;0.84081;5812
2015.07.06;00:00:00;0.84355;0.83721;0.84272;0.83931;7012
2015.07.06;04:00:00;0.84378;0.84093;0.84139;0.8427;10253
2015.07.06;08:00:00;0.84518;0.8405;0.84174;0.84137;22919
2015.07.06;12:00:00;0.84721;0.84138;0.84694;0.84173;20911
2015.07.06;16:00:00;0.84824;0.84533;0.8454;0.84696;25944
2015.07.06;20:00:00;0.84697;0.8448;0.84536;0.8454;11642
2015.07.07;00:00:00;0.84547;0.84283;0.84428;0.84531;8621
2015.07.07;04:00:00;0.84543;0.84277;0.84296;0.84429;14155
2015.07.07;08:00:00;0.84393;0.84028;0.84136;0.84296;23223
2015.07.07;12:00:00;0.84549;0.84111;0.84374;0.84136;27155
2015.07.07;16:00:00;0.84979;0.84348;0.84841;0.84371;33175
2015.07.07;20:00:00;0.8485;0.84395;0.84415;0.84842;18547
2015.07.08;00:00:00;0.84805;0.84376;0.84711;0.84401;11620
2015.07.08;04:00:00;0.84715;0.84411;0.84502;0.8471;21414
2015.07.08;08:00:00;0.84933;0.84462;0.84886;0.845;24772
2015.07.08;12:00:00;0.85438;0.84846;0.85394;0.84886;26452
2015.07.08;16:00:00;0.8587;0.85294;0.85737;0.85394;34006
2015.07.08;20:00:00;0.85844;0.85588;0.85696;0.85739;16385
2015.07.09;00:00:00;0.85768;0.85309;0.85322;0.85691;8256
2015.07.09;04:00:00;0.85854;0.85317;0.85586;0.85322;16883
2015.07.09;08:00:00;0.8568;0.85438;0.85476;0.85587;25891
2015.07.09;12:00:00;0.85608;0.85281;0.85504;0.85476;25612
2015.07.09;16:00:00;0.85786;0.85443;0.85493;0.85502;27871
2015.07.09;20:00:00;0.85649;0.85449;0.85608;0.85491;15463
2015.07.10;00:00:00;0.85998;0.85539;0.85761;0.85602;7381
2015.07.10;04:00:00;0.85926;0.85581;0.85746;0.8576;12918
2015.07.10;08:00:00;0.85932;0.85618;0.85813;0.85745;23289
2015.07.10;12:00:00;0.85907;0.85455;0.85532;0.85811;26332
2015.07.10;16:00:00;0.85562;0.85018;0.85069;0.85532;28248
2015.07.10;20:00:00;0.85244;0.84876;0.85041;0.85072;10954
2015.07.13;00:00:00;0.85276;0.85026;0.85273;0.85026;4322
2015.07.13;04:00:00;0.85622;0.8525;0.85481;0.85274;13252
2015.07.13;08:00:00;0.85589;0.85185;0.85354;0.8548;29021
2015.07.13;12:00:00;0.85469;0.85109;0.85376;0.85354;23848
2015.07.13;16:00:00;0.85595;0.85283;0.85404;0.85376;26256
2015.07.13;20:00:00;0.85443;0.85156;0.85218;0.85403;13774
2015.07.14;00:00:00;0.85262;0.85005;0.85185;0.85214;9494
2015.07.14;04:00:00;0.85286;0.85055;0.85062;0.85184;11119
2015.07.14;08:00:00;0.85561;0.85029;0.85487;0.85062;23049
2015.07.14;12:00:00;0.85797;0.85289;0.85606;0.85487;25320
2015.07.14;16:00:00;0.85795;0.85249;0.85493;0.85603;24137
2015.07.14;20:00:00;0.85531;0.85355;0.85374;0.85493;9726
2015.07.15;00:00:00;0.85459;0.85263;0.85322;0.85374;9744
2015.07.15;04:00:00;0.85531;0.85287;0.85364;0.85317;11331
2015.07.15;08:00:00;0.85441;0.85233;0.85347;0.85365;20649
2015.07.15;12:00:00;0.85401;0.85157;0.8533;0.85348;20677
2015.07.15;16:00:00;0.85736;0.84846;0.85366;0.8533;39520
2015.07.15;20:00:00;0.85425;0.85051;0.85051;0.85364;16045
2015.07.16;00:00:00;0.85248;0.84751;0.84783;0.85044;11902
2015.07.16;04:00:00;0.84794;0.84123;0.84258;0.84783;14405
2015.07.16;08:00:00;0.84539;0.84041;0.84365;0.84261;24085
2015.07.16;12:00:00;0.84494;0.84226;0.84364;0.84357;24836
2015.07.16;16:00:00;0.84628;0.84337;0.84462;0.84368;24675
2015.07.16;20:00:00;0.84538;0.84309;0.84341;0.84462;12057
2015.07.17;00:00:00;0.84623;0.84285;0.84548;0.84311;10092
2015.07.17;04:00:00;0.8474;0.84535;0.84721;0.84548;10323
2015.07.17;08:00:00;0.84851;0.84579;0.84775;0.8472;19582
2015.07.17;12:00:00;0.85073;0.84747;0.84857;0.84775;22064
2015.07.17;16:00:00;0.84925;0.84725;0.84766;0.84856;24277
2015.07.17;20:00:00;0.8479;0.84541;0.84566;0.84767;9065
2015.07.20;00:00:00;0.84679;0.84451;0.84633;0.84511;2965
2015.07.20;04:00:00;0.85239;0.84507;0.85181;0.84634;11567
2015.07.20;08:00:00;0.85538;0.85142;0.85272;0.85182;25023
2015.07.20;12:00:00;0.85525;0.85243;0.85398;0.85272;26165
2015.07.20;16:00:00;0.85403;0.85141;0.8528;0.85398;23611
2015.07.20;20:00:00;0.85476;0.85251;0.85251;0.85283;12819
2015.07.21;00:00:00;0.85617;0.85181;0.85536;0.8527;7585
2015.07.21;04:00:00;0.85807;0.85492;0.85671;0.85533;14079
2015.07.21;08:00:00;0.85916;0.85633;0.85855;0.85671;24653
2015.07.21;12:00:00;0.85952;0.85579;0.85668;0.85857;26198
2015.07.21;16:00:00;0.86141;0.85626;0.85982;0.8567;34187
2015.07.21;20:00:00;0.86065;0.85709;0.85709;0.85982;14363
2015.07.22;00:00:00;0.85889;0.85646;0.8576;0.85719;7013
2015.07.22;04:00:00;0.85964;0.85586;0.8571;0.85759;15700
2015.07.22;08:00:00;0.85904;0.85594;0.85823;0.8571;19230
2015.07.22;12:00:00;0.85887;0.85446;0.85781;0.85825;20296
2015.07.22;16:00:00;0.85823;0.855;0.85569;0.85784;25172
2015.07.22;20:00:00;0.85886;0.85478;0.85496;0.85569;11412
2015.07.23;00:00:00;0.86662;0.85336;0.86174;0.85456;13108
2015.07.23;04:00:00;0.86481;0.86144;0.86364;0.86175;11598
2015.07.23;08:00:00;0.86935;0.86316;0.86775;0.86368;21165
2015.07.23;12:00:00;0.86801;0.86339;0.86412;0.86776;21922
2015.07.23;16:00:00;0.86592;0.86186;0.86501;0.86412;26439
2015.07.23;20:00:00;0.86506;0.86066;0.86071;0.86502;10456
2015.07.24;00:00:00;0.8625;0.85948;0.8611;0.86068;6877
2015.07.24;04:00:00;0.86155;0.85601;0.8575;0.86114;12587
2015.07.24;08:00:00;0.85964;0.8562;0.85622;0.8575;13643
2015.07.24;12:00:00;0.85986;0.85581;0.85976;0.85622;19873
2015.07.24;16:00:00;0.86116;0.85784;0.86073;0.85975;25032
2015.07.24;20:00:00;0.86095;0.85632;0.85731;0.8607;8379
2015.07.27;00:00:00;0.85818;0.85563;0.85772;0.85616;7756
2015.07.27;04:00:00;0.85993;0.8577;0.85815;0.85772;10482
2015.07.27;08:00:00;0.86017;0.85761;0.85911;0.85815;21229
2015.07.27;12:00:00;0.86239;0.85794;0.86138;0.85912;22207
2015.07.27;16:00:00;0.86419;0.86067;0.86364;0.86138;26378
2015.07.27;20:00:00;0.86367;0.8604;0.86051;0.86364;8870
2015.07.28;00:00:00;0.86527;0.85993;0.86523;0.86047;9509
2015.07.28;04:00:00;0.86815;0.86301;0.86718;0.86523;14434
2015.07.28;08:00:00;0.86922;0.86549;0.86757;0.86718;20206
2015.07.28;12:00:00;0.86888;0.86623;0.86725;0.86757;22224
2015.07.28;16:00:00;0.86937;0.86387;0.86455;0.86727;28007
2015.07.28;20:00:00;0.86561;0.86239;0.86413;0.86455;14680
2015.07.29;00:00:00;0.87114;0.86031;0.86765;0.86131;10127
2015.07.29;04:00:00;0.86839;0.86681;0.86715;0.86755;13546
2015.07.29;08:00:00;0.86845;0.86457;0.86527;0.86713;23421
2015.07.29;12:00:00;0.86584;0.86288;0.86503;0.86526;22804
2015.07.29;16:00:00;0.86619;0.86051;0.86265;0.86504;28316
2015.07.29;20:00:00;0.86526;0.86161;0.86213;0.86262;25168
2015.07.30;00:00:00;0.86314;0.85865;0.85987;0.86186;10018
2015.07.30;04:00:00;0.86103;0.85757;0.86004;0.85987;13561
2015.07.30;08:00:00;0.86058;0.85855;0.86008;0.86004;23880
2015.07.30;12:00:00;0.86056;0.8559;0.85677;0.86013;29354
2015.07.30;16:00:00;0.85945;0.85567;0.85725;0.85677;32801
2015.07.30;20:00:00;0.85945;0.85682;0.85773;0.85725;19328
2015.07.31;00:00:00;0.86023;0.85726;0.85773;0.85769;9777
2015.07.31;04:00:00;0.85767;0.85382;0.85588;0.85767;14118
2015.07.31;08:00:00;0.85656;0.85287;0.85346;0.8559;24280
2015.07.31;12:00:00;0.86184;0.85162;0.85867;0.85345;32103
2015.07.31;16:00:00;0.86487;0.8585;0.8615;0.85866;41284
2015.07.31;20:00:00;0.86349;0.86111;0.86248;0.86149;18666
2015.08.03;00:00:00;0.86428;0.86167;0.86359;0.86423;6719
2015.08.03;04:00:00;0.86486;0.86283;0.86422;0.8636;14196
2015.08.03;08:00:00;0.86769;0.86382;0.8668;0.86422;21118
2015.08.03;12:00:00;0.86811;0.86507;0.86677;0.8668;30264
2015.08.03;16:00:00;0.86854;0.86599;0.8676;0.86679;29967
2015.08.03;20:00:00;0.86758;0.86248;0.86248;0.86757;14102
2015.08.04;00:00:00;0.86455;0.86154;0.86391;0.86248;10528
2015.08.04;04:00:00;0.86516;0.86283;0.86325;0.86395;16514
2015.08.04;08:00:00;0.86644;0.86294;0.86635;0.86325;27449
2015.08.04;12:00:00;0.86846;0.86444;0.86471;0.86635;25954
2015.08.04;16:00:00;0.86605;0.86311;0.86425;0.86473;30231
2015.08.04;20:00:00;0.86433;0.86013;0.86202;0.86425;20006
2015.08.05;00:00:00;0.86343;0.86018;0.8628;0.86194;12957
2015.08.05;04:00:00;0.86285;0.86007;0.861;0.8628;16401
2015.08.05;08:00:00;0.86224;0.86049;0.86158;0.86099;23840
2015.08.05;12:00:00;0.86382;0.85992;0.86076;0.86157;31347
2015.08.05;16:00:00;0.86088;0.85731;0.85774;0.86076;33418
2015.08.05;20:00:00;0.85899;0.85609;0.85735;0.85774;12544
2015.08.06;00:00:00;0.86034;0.85721;0.85937;0.85731;7578
2015.08.06;04:00:00;0.86122;0.85864;0.86067;0.85937;14028
2015.08.06;08:00:00;0.86221;0.85934;0.86044;0.86067;21628
2015.08.06;12:00:00;0.86204;0.85949;0.86084;0.86044;28542
2015.08.06;16:00:00;0.86196;0.85958;0.85962;0.86084;28267
2015.08.06;20:00:00;0.85984;0.85816;0.85826;0.85959;17122
2015.08.07;00:00:00;0.85937;0.85761;0.85888;0.85836;11174
2015.08.07;04:00:00;0.8613;0.85645;0.85997;0.85888;15282
2015.08.07;08:00:00;0.861;0.85921;0.8601;0.85997;20132
2015.08.07;12:00:00;0.86224;0.85751;0.8607;0.86007;27923
2015.08.07;16:00:00;0.86692;0.85994;0.86676;0.86069;37011
2015.08.07;20:00:00;0.87075;0.86629;0.86963;0.86678;13939
2015.08.10;00:00:00;0.86891;0.86678;0.86837;0.86716;5309
2015.08.10;04:00:00;0.87052;0.86792;0.86869;0.86839;10070
2015.08.10;08:00:00;0.8692;0.86504;0.86521;0.86868;18933
2015.08.10;12:00:00;0.86544;0.86225;0.86314;0.86521;20857
2015.08.10;16:00:00;0.86414;0.85953;0.8613;0.86314;30200
2015.08.10;20:00:00;0.86217;0.85915;0.85987;0.86131;17553
2015.08.11;00:00:00;0.86199;0.85877;0.86159;0.85963;7581
2015.08.11;04:00:00;0.86195;0.85522;0.85658;0.86155;22149
2015.08.11;08:00:00;0.85716;0.85256;0.85363;0.85657;25494
2015.08.11;12:00:00;0.85765;0.85356;0.85746;0.85364;27048
2015.08.11;16:00:00;0.85933;0.8559;0.85701;0.85747;35783
2015.08.11;20:00:00;0.85787;0.85602;0.85644;0.85703;14622
2015.08.12;00:00:00;0.85886;0.8563;0.85695;0.85643;11525
2015.08.12;04:00:00;0.85776;0.85045;0.85224;0.85698;18912
2015.08.12;08:00:00;0.86024;0.85215;0.85799;0.85224;31405
2015.08.12;12:00:00;0.85987;0.85587;0.85587;0.85801;33029
2015.08.12;16:00:00;0.86207;0.85557;0.86059;0.85588;35539
2015.08.12;20:00:00;0.8609;0.85835;0.85846;0.86062;14254
2015.08.13;00:00:00;0.8599;0.85674;0.85794;0.85839;9417
2015.08.13;04:00:00;0.86078;0.85651;0.85817;0.85792;13359
2015.08.13;08:00:00;0.85867;0.85406;0.85429;0.85819;21393
2015.08.13;12:00:00;0.85709;0.85401;0.85656;0.85428;23998
2015.08.13;16:00:00;0.85921;0.85526;0.85785;0.85655;28717
2015.08.13;20:00:00;0.85949;0.85724;0.85742;0.85782;17370
2015.08.14;00:00:00;0.85856;0.85443;0.8551;0.85745;13331
2015.08.14;04:00:00;0.85523;0.85148;0.85348;0.8551;19108
2015.08.14;08:00:00;0.8559;0.85243;0.85459;0.85346;22309
2015.08.14;12:00:00;0.85736;0.85438;0.85548;0.85458;23728
2015.08.14;16:00:00;0.85693;0.85438;0.85568;0.85547;28204
2015.08.14;20:00:00;0.85654;0.85452;0.85552;0.85565;9051
2015.08.17;00:00:00;0.85705;0.85528;0.85557;0.85536;5618
2015.08.17;04:00:00;0.85718;0.85557;0.85704;0.85557;9626
2015.08.17;08:00:00;0.86004;0.85673;0.8599;0.85704;18135
2015.08.17;12:00:00;0.86179;0.85834;0.86149;0.8599;20935
2015.08.17;16:00:00;0.86254;0.86036;0.86053;0.8615;28890
2015.08.17;20:00:00;0.86074;0.85885;0.85887;0.86053;17087
2015.08.18;00:00:00;0.86182;0.85882;0.86145;0.85882;10651
2015.08.18;04:00:00;0.86447;0.8614;0.86354;0.86143;19952
2015.08.18;08:00:00;0.86461;0.86201;0.86276;0.86352;20656
2015.08.18;12:00:00;0.86285;0.8592;0.85936;0.86276;23646
2015.08.18;16:00:00;0.86244;0.85824;0.86024;0.85937;26040
2015.08.18;20:00:00;0.86177;0.85891;0.86143;0.86023;14041
2015.08.19;00:00:00;0.86145;0.85877;0.85922;0.86145;9151
2015.08.19;04:00:00;0.85979;0.85796;0.85872;0.85919;18287
2015.08.19;08:00:00;0.86058;0.8583;0.85885;0.85874;19506
2015.08.19;12:00:00;0.86049;0.85762;0.85921;0.8589;23281
2015.08.19;16:00:00;0.86571;0.85839;0.86501;0.85922;29659
2015.08.19;20:00:00;0.8675;0.86234;0.86601;0.86501;24671
2015.08.20;00:00:00;0.86632;0.8643;0.86573;0.86606;8972
2015.08.20;04:00:00;0.86737;0.86468;0.86673;0.86574;15648
2015.08.20;08:00:00;0.86863;0.86548;0.86669;0.86674;25842
2015.08.20;12:00:00;0.86869;0.86489;0.86514;0.86669;24440
2015.08.20;16:00:00;0.86884;0.86489;0.86786;0.86516;33139
2015.08.20;20:00:00;0.869;0.86636;0.86663;0.86789;16485
2015.08.21;00:00:00;0.86798;0.86514;0.86601;0.86685;11632
2015.08.21;04:00:00;0.86778;0.86498;0.86714;0.86603;17354
2015.08.21;08:00:00;0.86868;0.8658;0.86715;0.86714;21188
2015.08.21;12:00:00;0.87409;0.86703;0.87284;0.86714;27050
2015.08.21;16:00:00;0.88279;0.87279;0.88197;0.87285;40433
2015.08.21;20:00:00;0.88287;0.87931;0.88083;0.88198;23299
2015.08.24;00:00:00;0.88096;0.87387;0.87527;0.87635;14405
2015.08.24;04:00:00;0.87731;0.87137;0.87265;0.87526;20842
2015.08.24;08:00:00;0.87602;0.87147;0.87246;0.87263;26504
2015.08.24;12:00:00;0.87326;0.86814;0.86894;0.87244;34066
2015.08.24;16:00:00;0.86949;0.80859;0.86026;0.86894;55762
2015.08.24;20:00:00;0.86473;0.85859;0.86051;0.86026;22953
2015.08.25;00:00:00;0.86337;0.85445;0.86084;0.86061;13053
2015.08.25;04:00:00;0.86643;0.85925;0.86099;0.86089;16237
2015.08.25;08:00:00;0.86314;0.85846;0.85914;0.86101;24937
2015.08.25;12:00:00;0.86407;0.85726;0.86273;0.85916;26270
2015.08.25;16:00:00;0.86892;0.86165;0.86851;0.86272;21704
2015.08.25;20:00:00;0.86857;0.86233;0.86243;0.86852;11437
2015.08.26;00:00:00;0.86548;0.86179;0.86394;0.86233;9548
2015.08.26;04:00:00;0.86694;0.86266;0.86429;0.86394;16695
2015.08.26;08:00:00;0.866;0.86141;0.86216;0.86429;18019
2015.08.26;12:00:00;0.8647;0.85922;0.86111;0.86218;21037
2015.08.26;16:00:00;0.8616;0.85255;0.85502;0.86109;27324
2015.08.26;20:00:00;0.85853;0.85449;0.85468;0.85499;15057
2015.08.27;00:00:00;0.85896;0.85453;0.85707;0.85468;9911
2015.08.27;04:00:00;0.85876;0.85499;0.85523;0.85706;9536
2015.08.27;08:00:00;0.85768;0.85344;0.85369;0.85523;17548
2015.08.27;12:00:00;0.85722;0.85114;0.85411;0.85371;18190
2015.08.27;16:00:00;0.85893;0.85149;0.85264;0.85412;29214
2015.08.27;20:00:00;0.85571;0.85221;0.853;0.85261;13464
2015.08.28;00:00:00;0.85644;0.85273;0.85577;0.85293;7831
2015.08.28;04:00:00;0.85696;0.85302;0.85367;0.85577;9151
2015.08.28;08:00:00;0.85638;0.85215;0.85616;0.85368;15996
2015.08.28;12:00:00;0.85698;0.8536;0.85543;0.85615;17557
2015.08.28;16:00:00;0.85744;0.85153;0.85269;0.85542;29907
2015.08.28;20:00:00;0.85478;0.852;0.85258;0.85269;14168
2015.08.31;00:00:00;0.85567;0.85085;0.85368;0.85318;5474
2015.08.31;04:00:00;0.85363;0.84843;0.85;0.85363;10880
2015.08.31;08:00:00;0.8511;0.84925;0.85076;0.85002;12199
2015.08.31;12:00:00;0.85085;0.84673;0.84793;0.85078;9346
2015.08.31;16:00:00;0.85007;0.83858;0.8402;0.84792;22020
2015.08.31;20:00:00;0.84022;0.83079;0.83249;0.8402;15975
2015.09.01;00:00:00;0.83622;0.83205;0.8346;0.83246;8153
2015.09.01;04:00:00;0.83939;0.83408;0.83799;0.83464;12114
2015.09.01;08:00:00;0.84133;0.83512;0.83527;0.83795;25271
2015.09.01;12:00:00;0.83863;0.83184;0.83481;0.83526;32202
2015.09.01;16:00:00;0.83727;0.83211;0.8351;0.83484;32855
2015.09.01;20:00:00;0.83904;0.83467;0.83892;0.83511;21008
2015.09.02;00:00:00;0.84;0.83608;0.83997;0.83906;10120
2015.09.02;04:00:00;0.84196;0.8376;0.84139;0.83997;13477
2015.09.02;08:00:00;0.84223;0.83829;0.83909;0.84135;16741
2015.09.02;12:00:00;0.84058;0.83858;0.83878;0.83908;19109
2015.09.02;16:00:00;0.84574;0.83774;0.84244;0.83877;34913
2015.09.02;20:00:00;0.84348;0.84082;0.84199;0.84244;17312
2015.09.03;00:00:00;0.84539;0.84144;0.84494;0.84193;6808
2015.09.03;04:00:00;0.84504;0.8408;0.84134;0.84494;12129
2015.09.03;08:00:00;0.84314;0.83996;0.84178;0.84132;14858
2015.09.03;12:00:00;0.8444;0.84072;0.84261;0.84177;20635
2015.09.03;16:00:00;0.84547;0.83951;0.84434;0.84262;28772
2015.09.03;20:00:00;0.84561;0.84263;0.84263;0.84436;15342
2015.09.04;00:00:00;0.84368;0.84072;0.84319;0.84273;6273
2015.09.04;04:00:00;0.8433;0.83952;0.84066;0.8432;11289
2015.09.04;08:00:00;0.84224;0.83946;0.84212;0.84067;15024
2015.09.04;12:00:00;0.84339;0.83584;0.83656;0.84214;16045
2015.09.04;16:00:00;0.83752;0.83234;0.83391;0.83659;20185
2015.09.04;20:00:00;0.83514;0.83183;0.83358;0.83391;6700
2015.09.07;00:00:00;0.83573;0.8318;0.83339;0.83453;7167
2015.09.07;04:00:00;0.83404;0.8305;0.83138;0.83336;10473
2015.09.07;08:00:00;0.83299;0.83053;0.83079;0.83139;12272
2015.09.07;12:00:00;0.83269;0.83032;0.83171;0.83078;11729
2015.09.07;16:00:00;0.83266;0.83027;0.83235;0.8317;10766
2015.09.07;20:00:00;0.83336;0.83138;0.83228;0.8324;9096
2015.09.08;00:00:00;0.83436;0.83204;0.83252;0.83228;5943
2015.09.08;04:00:00;0.83567;0.83252;0.8343;0.83254;10608
2015.09.08;08:00:00;0.8367;0.83344;0.83358;0.83429;13462
2015.09.08;12:00:00;0.83381;0.83058;0.83324;0.83358;14299
2015.09.08;16:00:00;0.83838;0.83308;0.83829;0.83322;21422
2015.09.08;20:00:00;0.83949;0.83621;0.83719;0.83832;7346
2015.09.09;00:00:00;0.84277;0.83683;0.84225;0.83698;8575
2015.09.09;04:00:00;0.84365;0.84049;0.84088;0.84228;11733
2015.09.09;08:00:00;0.84319;0.84035;0.84146;0.84089;14256
2015.09.09;12:00:00;0.84807;0.84007;0.84693;0.84143;17238
2015.09.09;16:00:00;0.8491;0.84192;0.84618;0.84688;18831
2015.09.09;20:00:00;0.84884;0.84472;0.84566;0.84618;9043
2015.09.10;00:00:00;0.8464;0.83058;0.8332;0.84633;13649
2015.09.10;04:00:00;0.83381;0.82996;0.83043;0.83321;11252
2015.09.10;08:00:00;0.83568;0.82895;0.83171;0.83043;21301
2015.09.10;12:00:00;0.83473;0.83139;0.83334;0.83171;17668
2015.09.10;16:00:00;0.83497;0.83032;0.83181;0.83334;21542
2015.09.10;20:00:00;0.83437;0.83128;0.83293;0.83179;8608
2015.09.11;00:00:00;0.83558;0.83133;0.83518;0.83296;9958
2015.09.11;04:00:00;0.83529;0.83277;0.83344;0.83521;6841
2015.09.11;08:00:00;0.83653;0.83297;0.83312;0.83344;14312
2015.09.11;12:00:00;0.83533;0.83142;0.83425;0.83312;15163
2015.09.11;16:00:00;0.83814;0.83412;0.83722;0.83426;19052
2015.09.11;20:00:00;0.83846;0.83673;0.83718;0.83722;6033
2015.09.14;00:00:00;0.83961;0.83527;0.83845;0.83528;5803
2015.09.14;04:00:00;0.83894;0.8347;0.83612;0.83846;9383
2015.09.14;08:00:00;0.83806;0.83565;0.83754;0.83611;12139
2015.09.14;12:00:00;0.83909;0.83463;0.83517;0.83755;11616
2015.09.14;16:00:00;0.84068;0.83381;0.84059;0.83515;16154
2015.09.14;20:00:00;0.84078;0.83854;0.83902;0.84059;7895
2015.09.15;00:00:00;0.8403;0.83814;0.83874;0.83903;6639
2015.09.15;04:00:00;0.83918;0.83634;0.83679;0.83874;10407
2015.09.15;08:00:00;0.83761;0.83528;0.83737;0.83679;14600
2015.09.15;12:00:00;0.83979;0.83729;0.83867;0.83737;13416
2015.09.15;16:00:00;0.83868;0.83449;0.83753;0.83867;14245
2015.09.15;20:00:00;0.84328;0.83711;0.84163;0.83753;10030
2015.09.16;00:00:00;0.84247;0.83988;0.84092;0.84158;7211
2015.09.16;04:00:00;0.84234;0.83954;0.84012;0.84092;8384
2015.09.16;08:00:00;0.84237;0.83984;0.84034;0.84012;11880
2015.09.16;12:00:00;0.8409;0.83769;0.83805;0.84037;11226
2015.09.16;16:00:00;0.84213;0.83443;0.83672;0.83804;18430
2015.09.16;20:00:00;0.83978;0.83583;0.83828;0.83672;8271
2015.09.17;00:00:00;0.83953;0.83433;0.83581;0.83828;9805
2015.09.17;04:00:00;0.83986;0.83531;0.83826;0.83578;8389
2015.09.17;08:00:00;0.83906;0.83639;0.83745;0.83823;9955
2015.09.17;12:00:00;0.83788;0.83536;0.8359;0.83747;9662
2015.09.17;16:00:00;0.83605;0.83275;0.83327;0.8359;14377
2015.09.17;20:00:00;0.84331;0.83298;0.83617;0.83327;29020
2015.09.18;00:00:00;0.84098;0.83444;0.83684;0.83612;9408
2015.09.18;04:00:00;0.83953;0.83643;0.83873;0.83687;8369
2015.09.18;08:00:00;0.84037;0.83723;0.83947;0.83872;16765
2015.09.18;12:00:00;0.8407;0.83648;0.84031;0.83948;19815
2015.09.18;16:00:00;0.84418;0.839;0.84398;0.84031;20277
2015.09.18;20:00:00;0.84668;0.84334;0.84568;0.84393;11762
2015.09.21;00:00:00;0.84575;0.84304;0.84334;0.84523;10055
2015.09.21;04:00:00;0.84395;0.83968;0.83992;0.84335;11652
2015.09.21;08:00:00;0.83995;0.83782;0.83863;0.83992;11448
2015.09.21;12:00:00;0.83947;0.83643;0.83814;0.83863;11618
2015.09.21;16:00:00;0.8386;0.83446;0.83669;0.83814;17889
2015.09.21;20:00:00;0.83763;0.83489;0.8367;0.83668;13236
2015.09.22;00:00:00;0.83844;0.83594;0.83749;0.8367;7898
2015.09.22;04:00:00;0.83778;0.83478;0.83608;0.8375;7453
2015.09.22;08:00:00;0.83814;0.83543;0.83728;0.83607;11470
2015.09.22;12:00:00;0.83856;0.83428;0.83506;0.83728;15524
2015.09.22;16:00:00;0.83538;0.83266;0.83442;0.83508;17168
2015.09.22;20:00:00;0.8353;0.83307;0.83466;0.83443;7824
2015.09.23;00:00:00;0.83585;0.83325;0.83575;0.83469;7628
2015.09.23;04:00:00;0.83633;0.83099;0.83204;0.83574;9460
2015.09.23;08:00:00;0.83257;0.83067;0.83183;0.83204;11150
2015.09.23;12:00:00;0.83702;0.8313;0.83553;0.83182;12066
2015.09.23;16:00:00;0.83584;0.83063;0.83458;0.83553;22287
2015.09.23;20:00:00;0.83593;0.83184;0.83543;0.83455;8984
2015.09.24;00:00:00;0.83853;0.83453;0.83703;0.83548;8197
2015.09.24;04:00:00;0.83929;0.83591;0.83734;0.83704;9778
2015.09.24;08:00:00;0.83914;0.83644;0.83767;0.83734;14760
2015.09.24;12:00:00;0.84357;0.83735;0.84344;0.83766;17840
2015.09.24;16:00:00;0.85013;0.84283;0.84688;0.84346;25172
2015.09.24;20:00:00;0.84828;0.84436;0.84491;0.84688;11421
2015.09.25;00:00:00;0.84637;0.8391;0.84408;0.84489;9236
2015.09.25;04:00:00;0.84512;0.8429;0.84448;0.84408;8445
2015.09.25;08:00:00;0.8455;0.84271;0.84334;0.84448;13894
2015.09.25;12:00:00;0.84567;0.84183;0.84495;0.84334;15657
2015.09.25;16:00:00;0.85027;0.84428;0.84988;0.84498;20154
2015.09.25;20:00:00;0.85106;0.84838;0.85018;0.84988;5264
2015.09.28;00:00:00;0.85042;0.84694;0.85025;0.84694;7760
2015.09.28;04:00:00;0.85293;0.84958;0.85074;0.85025;7327
2015.09.28;08:00:00;0.85257;0.8486;0.85008;0.85074;12825
2015.09.28;12:00:00;0.85084;0.84581;0.84608;0.85003;12975
2015.09.28;16:00:00;0.84829;0.84381;0.84672;0.84608;21072
2015.09.28;20:00:00;0.84789;0.84581;0.84743;0.84672;9256
2015.09.29;00:00:00;0.84763;0.8435;0.84402;0.84738;6537
2015.09.29;04:00:00;0.84589;0.8429;0.84486;0.84402;8734
2015.09.29;08:00:00;0.85092;0.84438;0.85031;0.84486;15671
2015.09.29;12:00:00;0.85256;0.8489;0.85179;0.85028;11689
2015.09.29;16:00:00;0.85604;0.8517;0.85354;0.85183;22521
2015.09.29;20:00:00;0.8539;0.85108;0.85143;0.85356;12900
2015.09.30;00:00:00;0.8558;0.85059;0.85561;0.85148;6839
2015.09.30;04:00:00;0.85575;0.85361;0.85463;0.85563;9334
2015.09.30;08:00:00;0.85689;0.85345;0.85536;0.85464;14524
2015.09.30;12:00:00;0.8561;0.8521;0.85434;0.85534;12898
2015.09.30;16:00:00;0.85822;0.85371;0.85558;0.85433;22969
2015.09.30;20:00:00;0.85589;0.85115;0.85148;0.85555;11634
2015.10.01;00:00:00;0.85299;0.85033;0.85198;0.85153;6927
2015.10.01;04:00:00;0.85414;0.85089;0.85238;0.85193;11316
2015.10.01;08:00:00;0.85297;0.84973;0.85259;0.85239;13605
2015.10.01;12:00:00;0.85566;0.85081;0.8509;0.85259;17076
2015.10.01;16:00:00;0.85117;0.84703;0.84917;0.8509;24135
2015.10.01;20:00:00;0.84998;0.84783;0.84828;0.8492;11729
2015.10.02;00:00:00;0.84863;0.8468;0.84778;0.84828;7460
2015.10.02;04:00:00;0.84916;0.84508;0.84635;0.84782;8319
2015.10.02;08:00:00;0.84928;0.84622;0.84898;0.84634;10364
2015.10.02;12:00:00;0.852;0.84541;0.84833;0.84898;16117
2015.10.02;16:00:00;0.85114;0.84622;0.84789;0.84828;27280
2015.10.02;20:00:00;0.84933;0.8467;0.84773;0.84786;8619
2015.10.05;00:00:00;0.85011;0.84759;0.84863;0.84831;5440
2015.10.05;04:00:00;0.85056;0.84785;0.84903;0.84863;10639
2015.10.05;08:00:00;0.85459;0.84888;0.85269;0.84905;17272
2015.10.05;12:00:00;0.85456;0.85125;0.85243;0.85268;19297
2015.10.05;16:00:00;0.85268;0.84989;0.85013;0.8524;24567
2015.10.05;20:00:00;0.85268;0.84854;0.8486;0.85015;9862
2015.10.06;00:00:00;0.84971;0.84813;0.84854;0.84866;8391
2015.10.06;04:00:00;0.85176;0.84793;0.84958;0.84851;11410
2015.10.06;08:00:00;0.85119;0.84785;0.85018;0.84959;16307
2015.10.06;12:00:00;0.85127;0.84858;0.84996;0.85018;17361
2015.10.06;16:00:00;0.85364;0.84808;0.853;0.84995;23481
2015.10.06;20:00:00;0.85432;0.85128;0.85258;0.85303;9911
2015.10.07;00:00:00;0.85354;0.85169;0.85326;0.85263;8445
2015.10.07;04:00:00;0.85869;0.85294;0.85716;0.85326;11363
2015.10.07;08:00:00;0.86169;0.85688;0.85943;0.85715;16486
2015.10.07;12:00:00;0.86335;0.8594;0.86198;0.85943;16579
2015.10.07;16:00:00;0.86452;0.86063;0.86325;0.86197;27764
2015.10.07;20:00:00;0.86446;0.86179;0.86288;0.86328;11516
2015.10.08;00:00:00;0.86508;0.8625;0.8635;0.86283;8713
2015.10.08;04:00:00;0.86507;0.86048;0.8615;0.8635;10823
2015.10.08;08:00:00;0.86228;0.86048;0.86155;0.8615;14969
2015.10.08;12:00:00;0.86293;0.86033;0.86243;0.86156;17825
2015.10.08;16:00:00;0.86545;0.8617;0.86427;0.86243;22119
2015.10.08;20:00:00;0.86992;0.86238;0.86736;0.86427;16311
2015.10.09;00:00:00;0.86828;0.86538;0.86603;0.86728;11982
2015.10.09;04:00:00;0.86668;0.86518;0.86533;0.866;10233
2015.10.09;08:00:00;0.87079;0.86521;0.86744;0.86534;17848
2015.10.09;12:00:00;0.86837;0.86453;0.86735;0.86745;20443
2015.10.09;16:00:00;0.86912;0.86518;0.86648;0.86737;23608
2015.10.09;20:00:00;0.86748;0.86566;0.86623;0.86645;6807
2015.10.12;00:00:00;0.86561;0.86426;0.86442;0.8653;7383
2015.10.12;04:00:00;0.86605;0.8641;0.86569;0.8644;7513
2015.10.12;08:00:00;0.86934;0.86479;0.86852;0.86571;12052
2015.10.12;12:00:00;0.87067;0.8675;0.87039;0.86855;13789
2015.10.12;16:00:00;0.87343;0.86976;0.87281;0.87043;15657
2015.10.12;20:00:00;0.87434;0.87244;0.87273;0.87281;11155
2015.10.13;00:00:00;0.87293;0.86973;0.87088;0.87263;8515
2015.10.13;04:00:00;0.87129;0.86879;0.87111;0.87086;10837
2015.10.13;08:00:00;0.87282;0.86964;0.87126;0.87108;13162
2015.10.13;12:00:00;0.87597;0.87119;0.87338;0.87128;17992
2015.10.13;16:00:00;0.87353;0.86723;0.86891;0.87338;19780
2015.10.13;20:00:00;0.86924;0.86163;0.86543;0.86891;13113
2015.10.14;00:00:00;0.86658;0.86213;0.86589;0.86558;11161
2015.10.14;04:00:00;0.86921;0.86568;0.86871;0.8659;10872
2015.10.14;08:00:00;0.87639;0.86731;0.87608;0.8687;17182
2015.10.14;12:00:00;0.88054;0.87364;0.88032;0.87608;17657
2015.10.14;16:00:00;0.88075;0.87643;0.87665;0.88031;25429
2015.10.14;20:00:00;0.87985;0.87618;0.87793;0.87666;13097
2015.10.15;00:00:00;0.88363;0.87746;0.88013;0.87783;8727
2015.10.15;04:00:00;0.88203;0.87975;0.88109;0.88016;10626
2015.10.15;08:00:00;0.88771;0.88057;0.88463;0.88106;17442
2015.10.15;12:00:00;0.88658;0.88113;0.88326;0.88463;19239
2015.10.15;16:00:00;0.88598;0.88238;0.88262;0.88331;23466
2015.10.15;20:00:00;0.88296;0.87898;0.88098;0.88259;8161
2015.10.16;00:00:00;0.88528;0.87693;0.8789;0.88103;13531
2015.10.16;04:00:00;0.88075;0.87806;0.87879;0.87889;11531
2015.10.16;08:00:00;0.87995;0.87626;0.87687;0.87879;14728
2015.10.16;12:00:00;0.87869;0.87503;0.87659;0.87689;17219
2015.10.16;16:00:00;0.87947;0.87601;0.87906;0.87658;17584
2015.10.16;20:00:00;0.88034;0.87854;0.87887;0.87904;9270
2015.10.19;00:00:00;0.87948;0.87663;0.87693;0.87689;6750
2015.10.19;04:00:00;0.88003;0.87689;0.87848;0.87695;9071
2015.10.19;08:00:00;0.88039;0.87813;0.87975;0.87847;11245
2015.10.19;12:00:00;0.88058;0.87798;0.88033;0.87978;13283
2015.10.19;16:00:00;0.88471;0.88002;0.88387;0.88033;19570
2015.10.19;20:00:00;0.88564;0.8832;0.88366;0.88388;8180
2015.10.20;00:00:00;0.88705;0.88268;0.88513;0.88346;9393
2015.10.20;04:00:00;0.88797;0.88505;0.88638;0.88515;8246
2015.10.20;08:00:00;0.88956;0.88455;0.88901;0.88639;13050
2015.10.20;12:00:00;0.89011;0.88453;0.88463;0.889;14488
2015.10.20;16:00:00;0.8848;0.87295;0.87618;0.88464;18860
2015.10.20;20:00:00;0.87709;0.87511;0.87618;0.87618;8561
2015.10.21;00:00:00;0.87729;0.87528;0.87545;0.87618;6468
2015.10.21;04:00:00;0.87634;0.87389;0.87396;0.87544;9257
2015.10.21;08:00:00;0.87488;0.87118;0.87468;0.87396;17722
2015.10.21;12:00:00;0.87597;0.87398;0.87439;0.87468;13816
2015.10.21;16:00:00;0.88309;0.8741;0.88255;0.87438;25544
2015.10.21;20:00:00;0.88431;0.88048;0.88088;0.88259;11015
2015.10.22;00:00:00;0.88372;0.88013;0.88348;0.88083;8433
2015.10.22;04:00:00;0.88925;0.88343;0.88687;0.88348;10765
2015.10.22;08:00:00;0.888;0.88573;0.88739;0.88689;13090
2015.10.22;12:00:00;0.88988;0.88653;0.88814;0.88743;19668
2015.10.22;16:00:00;0.89363;0.88753;0.88846;0.88816;28816
2015.10.22;20:00:00;0.89043;0.88703;0.88878;0.88845;16080
2015.10.23;00:00:00;0.89476;0.88691;0.89356;0.88878;10496
2015.10.23;04:00:00;0.8951;0.89286;0.89472;0.89357;11921
2015.10.23;08:00:00;0.89642;0.89065;0.89263;0.89471;21157
2015.10.23;12:00:00;0.89273;0.88669;0.88981;0.89261;22872
2015.10.23;16:00:00;0.89043;0.88758;0.88827;0.88984;26146
2015.10.23;20:00:00;0.89043;0.88698;0.88814;0.88826;14423
2015.10.25;23:00:00;0.88967;0.88625;0.88796;0.88731;1047
2015.10.26;00:00:00;0.89043;0.88713;0.89033;0.88804;6784
2015.10.26;04:00:00;0.8932;0.89034;0.89214;0.89035;10499
2015.10.26;08:00:00;0.89283;0.88793;0.88801;0.89215;18100
2015.10.26;12:00:00;0.89216;0.88794;0.89108;0.88799;18998
2015.10.26;16:00:00;0.89303;0.89086;0.89114;0.89135;20820
2015.10.26;20:00:00;0.89377;0.8861;0.89124;0.89114;13634
2015.10.27;00:00:00;0.89302;0.89089;0.89138;0.89124;10060
2015.10.27;04:00:00;0.89243;0.89095;0.89238;0.89138;8047
2015.10.27;08:00:00;0.89441;0.89172;0.89389;0.89238;16494
2015.10.27;12:00:00;0.90003;0.89343;0.89757;0.89389;22740
2015.10.27;16:00:00;0.90067;0.89751;0.89848;0.89796;27988
2015.10.27;20:00:00;0.89923;0.89583;0.89753;0.89847;14629
2015.10.28;00:00:00;0.89904;0.89348;0.89381;0.89753;21818
2015.10.28;04:00:00;0.89434;0.89138;0.89159;0.89379;11663
2015.10.28;08:00:00;0.89302;0.88977;0.89047;0.89158;19015
2015.10.28;12:00:00;0.89079;0.88554;0.88562;0.89047;22092
2015.10.28;16:00:00;0.88595;0.87976;0.87976;0.88565;26291
2015.10.28;20:00:00;0.88625;0.87318;0.88181;0.87952;28931
2015.10.29;00:00:00;0.88245;0.88026;0.88093;0.88183;12878
2015.10.29;04:00:00;0.88195;0.87815;0.88037;0.88092;8652
2015.10.29;08:00:00;0.8828;0.87925;0.88179;0.88034;22817
2015.10.29;12:00:00;0.8862;0.87999;0.88064;0.88158;27129
2015.10.29;16:00:00;0.88115;0.87798;0.87949;0.8807;25145
2015.10.29;20:00:00;0.88153;0.87898;0.88073;0.87928;16298
2015.10.30;00:00:00;0.88586;0.88033;0.88485;0.88086;14004
2015.10.30;04:00:00;0.88843;0.88433;0.88761;0.88483;23682
2015.10.30;08:00:00;0.89023;0.88679;0.88743;0.8876;20639
2015.10.30;12:00:00;0.88893;0.88383;0.88625;0.88743;24226
2015.10.30;16:00:00;0.88921;0.88295;0.88603;0.88618;30841
2015.10.30;20:00:00;0.88726;0.88343;0.88428;0.88609;12485
2015.11.02;00:00:00;0.88638;0.87946;0.88623;0.87946;19027
2015.11.02;04:00:00;0.88655;0.88409;0.88483;0.88618;8763
2015.11.02;08:00:00;0.88547;0.88253;0.88298;0.88482;23606
2015.11.02;12:00:00;0.88532;0.88273;0.88443;0.88305;19651
2015.11.02;16:00:00;0.88515;0.88199;0.88265;0.88442;20646
2015.11.02;20:00:00;0.88323;0.88089;0.88283;0.88263;15146
2015.11.03;00:00:00;0.88667;0.88204;0.88516;0.88278;19009
2015.11.03;04:00:00;0.88669;0.88128;0.88203;0.88515;15969
2015.11.03;08:00:00;0.8831;0.88003;0.88059;0.88203;18546
2015.11.03;12:00:00;0.88123;0.87678;0.87778;0.88056;19669
2015.11.03;16:00:00;0.87779;0.87386;0.87448;0.87778;30538
2015.11.03;20:00:00;0.8755;0.86873;0.86998;0.87453;18862
2015.11.04;00:00:00;0.87093;0.86651;0.86811;0.87003;14624
2015.11.04;04:00:00;0.86951;0.86725;0.86783;0.86809;13352
2015.11.04;08:00:00;0.87008;0.86628;0.86768;0.86782;18810
2015.11.04;12:00:00;0.86814;0.86197;0.86271;0.86763;19204
2015.11.04;16:00:00;0.86789;0.86205;0.8678;0.86272;28036
2015.11.04;20:00:00;0.86807;0.86543;0.86643;0.86772;15452
2015.11.05;00:00:00;0.86809;0.86581;0.86702;0.86643;13839
2015.11.05;04:00:00;0.86872;0.86633;0.86842;0.86701;10096
2015.11.05;08:00:00;0.86928;0.86648;0.86916;0.86843;18998
2015.11.05;12:00:00;0.87373;0.86889;0.87308;0.86913;22406
2015.11.05;16:00:00;0.87459;0.87059;0.87132;0.87308;24252
2015.11.05;20:00:00;0.8722;0.86959;0.87043;0.87132;19787
2015.11.06;00:00:00;0.87083;0.86828;0.86973;0.87053;12695
2015.11.06;04:00:00;0.87029;0.86918;0.87003;0.86973;12009
2015.11.06;08:00:00;0.87142;0.86764;0.86997;0.86998;19008
2015.11.06;12:00:00;0.87488;0.86398;0.86521;0.86995;23711
2015.11.06;16:00:00;0.86724;0.86429;0.86691;0.86521;34498
2015.11.06;20:00:00;0.86766;0.86536;0.86738;0.86691;14093
2015.11.09;00:00:00;0.86978;0.86612;0.86959;0.86612;10867
2015.11.09;04:00:00;0.87174;0.86906;0.87117;0.86959;10720
2015.11.09;08:00:00;0.8713;0.86772;0.86798;0.87118;15723
2015.11.09;12:00:00;0.8707;0.86665;0.86809;0.86798;17200
2015.11.09;16:00:00;0.86837;0.86573;0.86774;0.86811;27026
2015.11.09;20:00:00;0.86948;0.86703;0.86773;0.86769;9513
2015.11.10;00:00:00;0.86783;0.86547;0.86631;0.86763;8565
2015.11.10;04:00:00;0.86673;0.86576;0.86633;0.86631;7064
2015.11.10;08:00:00;0.86858;0.86508;0.86762;0.86632;12448
2015.11.10;12:00:00;0.86936;0.86668;0.8674;0.86763;15779
2015.11.10;16:00:00;0.86753;0.86467;0.86562;0.86739;20015
2015.11.10;20:00:00;0.86883;0.86404;0.86628;0.86572;10486
2015.11.11;00:00:00;0.87097;0.86603;0.87001;0.86623;10098
2015.11.11;04:00:00;0.87226;0.86899;0.87166;0.87001;7890
2015.11.11;08:00:00;0.87194;0.86861;0.86889;0.87166;11909
2015.11.11;12:00:00;0.87097;0.86853;0.87055;0.8689;13096
2015.11.11;16:00:00;0.87063;0.86763;0.87003;0.87052;16617
2015.11.11;20:00:00;0.87029;0.86884;0.86898;0.87006;9056
2015.11.12;00:00:00;0.87094;0.86806;0.8682;0.86912;15454
2015.11.12;04:00:00;0.86929;0.86659;0.86733;0.8682;9997
2015.11.12;08:00:00;0.87014;0.86699;0.86899;0.86733;14176
2015.11.12;12:00:00;0.87011;0.86704;0.86817;0.86899;16207
2015.11.12;16:00:00;0.87008;0.86678;0.86837;0.86818;28491
2015.11.12;20:00:00;0.86948;0.86748;0.86908;0.86839;12031
2015.11.13;00:00:00;0.86998;0.86818;0.86926;0.86913;9497
2015.11.13;04:00:00;0.87051;0.86873;0.86987;0.86924;8274
2015.11.13;08:00:00;0.87016;0.86632;0.86723;0.86988;13001
2015.11.13;12:00:00;0.8696;0.86684;0.8683;0.86723;18021
2015.11.13;16:00:00;0.87078;0.86788;0.8695;0.86829;23430
2015.11.13;20:00:00;0.87097;0.86933;0.87068;0.86949;8684
2015.11.16;00:00:00;0.87151;0.86827;0.86914;0.87041;9973
2015.11.16;04:00:00;0.86992;0.86879;0.86942;0.86917;4455
2015.11.16;08:00:00;0.87011;0.86699;0.86707;0.86936;13993
2015.11.16;12:00:00;0.86744;0.86213;0.86434;0.86707;18603
2015.11.16;16:00:00;0.86715;0.86389;0.86578;0.86433;21272
2015.11.16;20:00:00;0.86611;0.86481;0.86498;0.86578;9399
2015.11.17;00:00:00;0.86588;0.86168;0.86352;0.86498;9560
2015.11.17;04:00:00;0.86352;0.86061;0.86075;0.86352;9112
2015.11.17;08:00:00;0.86221;0.86009;0.86121;0.86074;14216
2015.11.17;12:00:00;0.86359;0.86035;0.86095;0.86117;20288
2015.11.17;16:00:00;0.8622;0.85946;0.86088;0.86096;32114
2015.11.17;20:00:00;0.86202;0.86038;0.86168;0.86093;15814
2015.11.18;00:00:00;0.86294;0.86103;0.86159;0.86168;8066
2015.11.18;04:00:00;0.86393;0.8607;0.86389;0.86163;7525
2015.11.18;08:00:00;0.8639;0.86178;0.86208;0.86389;15637
2015.11.18;12:00:00;0.86275;0.86104;0.86173;0.86208;18893
2015.11.18;16:00:00;0.86185;0.85823;0.86046;0.86172;29572
2015.11.18;20:00:00;0.86141;0.8587;0.86053;0.8605;22339
2015.11.19;00:00:00;0.86802;0.85999;0.86655;0.86073;14836
2015.11.19;04:00:00;0.8673;0.86484;0.86642;0.86653;13922
2015.11.19;08:00:00;0.86712;0.8634;0.86366;0.86631;20254
2015.11.19;12:00:00;0.86619;0.86234;0.8659;0.86366;22304
2015.11.19;16:00:00;0.87408;0.86551;0.87217;0.86592;36226
2015.11.19;20:00:00;0.87274;0.87096;0.87198;0.87214;15973
2015.11.20;00:00:00;0.87343;0.87125;0.87336;0.87203;11278
2015.11.20;04:00:00;0.87753;0.87318;0.87569;0.87336;12538
2015.11.20;08:00:00;0.87602;0.87343;0.87359;0.87569;20476
2015.11.20;12:00:00;0.87465;0.87221;0.87412;0.87361;19285
2015.11.20;16:00:00;0.8756;0.87175;0.87402;0.87412;30377
2015.11.20;20:00:00;0.87748;0.87359;0.87573;0.87402;16790
2015.11.23;00:00:00;0.87536;0.87139;0.87276;0.87318;9852
2015.11.23;04:00:00;0.87297;0.87096;0.87259;0.87274;9500
2015.11.23;08:00:00;0.87352;0.87084;0.87197;0.87258;18140
2015.11.23;12:00:00;0.87338;0.86827;0.87138;0.87194;29149
2015.11.23;16:00:00;0.87193;0.8681;0.86958;0.87138;32467
2015.11.23;20:00:00;0.87145;0.86913;0.87098;0.86958;14797
2015.11.24;00:00:00;0.87198;0.86909;0.87125;0.87098;9500
2015.11.24;04:00:00;0.8717;0.86958;0.87025;0.87127;8979
2015.11.24;08:00:00;0.87111;0.86908;0.87045;0.87022;20317
2015.11.24;12:00:00;0.87087;0.86831;0.87047;0.87043;25007
2015.11.24;16:00:00;0.87195;0.86893;0.87019;0.87047;32466
2015.11.24;20:00:00;0.87243;0.86911;0.87173;0.87021;17511
2015.11.25;00:00:00;0.87361;0.87127;0.87315;0.87188;11517
2015.11.25;04:00:00;0.87419;0.87283;0.8735;0.87314;10742
2015.11.25;08:00:00;0.87404;0.87178;0.87271;0.87351;21557
2015.11.25;12:00:00;0.8746;0.87137;0.87297;0.87267;27064
2015.11.25;16:00:00;0.87459;0.87177;0.87395;0.87296;31654
2015.11.25;20:00:00;0.8749;0.87335;0.87388;0.87398;15742
2015.11.26;00:00:00;0.87539;0.87265;0.87512;0.87378;9574
2015.11.26;04:00:00;0.87641;0.87441;0.87605;0.87512;9023
2015.11.26;08:00:00;0.87731;0.87495;0.87504;0.87606;17051
2015.11.26;12:00:00;0.87514;0.87333;0.87437;0.87505;18401
2015.11.26;16:00:00;0.87498;0.87303;0.87329;0.87438;15442
2015.11.26;20:00:00;0.87368;0.87248;0.87296;0.87327;13785
2015.11.27;00:00:00;0.87435;0.87126;0.87378;0.87284;12686
2015.11.27;04:00:00;0.8744;0.87318;0.87435;0.87378;7576
2015.11.27;08:00:00;0.87452;0.87001;0.87107;0.87437;19688
2015.11.27;12:00:00;0.87214;0.87036;0.87195;0.87106;20394
2015.11.27;16:00:00;0.87348;0.87139;0.87319;0.87194;23591
2015.11.27;20:00:00;0.87439;0.87241;0.87312;0.87319;9907
2015.11.30;00:00:00;0.87331;0.87098;0.87215;0.87295;9498
2015.11.30;04:00:00;0.87606;0.87201;0.87596;0.87215;9572
2015.11.30;08:00:00;0.8774;0.8757;0.87696;0.87598;16426
2015.11.30;12:00:00;0.87824;0.87548;0.87811;0.87696;21164
2015.11.30;16:00:00;0.87873;0.87578;0.87798;0.87812;28233
2015.11.30;20:00:00;0.87953;0.87763;0.87928;0.87798;17120
2015.12.01;00:00:00;0.88504;0.8775;0.88383;0.87943;12488
2015.12.01;04:00:00;0.88562;0.88272;0.88459;0.88383;15328
2015.12.01;08:00:00;0.88856;0.88442;0.88707;0.88458;21715
2015.12.01;12:00:00;0.89018;0.88463;0.88965;0.88707;24259
2015.12.01;16:00:00;0.89285;0.88722;0.89222;0.88965;38468
2015.12.01;20:00:00;0.89407;0.89115;0.89115;0.89222;20627
2015.12.02;00:00:00;0.89195;0.88902;0.8897;0.89108;15405
2015.12.02;04:00:00;0.89138;0.88956;0.89053;0.8897;12399
2015.12.02;08:00:00;0.89169;0.89043;0.89129;0.89053;21035
2015.12.02;12:00:00;0.89134;0.88873;0.89021;0.89128;24642
2015.12.02;16:00:00;0.89148;0.8848;0.88584;0.89021;38013
2015.12.02;20:00:00;0.88785;0.88526;0.88538;0.88583;22796
2015.12.03;00:00:00;0.88661;0.88449;0.88608;0.88541;13977
2015.12.03;04:00:00;0.88776;0.88485;0.88564;0.88603;17758
2015.12.03;08:00:00;0.88783;0.88511;0.8869;0.88564;24042
2015.12.03;12:00:00;0.88874;0.8829;0.88713;0.88689;34127
2015.12.03;16:00:00;0.8907;0.8845;0.89039;0.88718;40933
2015.12.03;20:00:00;0.89468;0.88903;0.89278;0.89038;29269
2015.12.04;00:00:00;0.89293;0.88732;0.8913;0.89283;12813
2015.12.04;04:00:00;0.89358;0.89057;0.8927;0.89131;14847
2015.12.04;08:00:00;0.89525;0.89066;0.89082;0.89273;25393
2015.12.04;12:00:00;0.89632;0.88803;0.89581;0.89083;31113
2015.12.04;16:00:00;0.90418;0.89357;0.90237;0.89581;54481
2015.12.04;20:00:00;0.90305;0.90053;0.90123;0.90237;20972
2015.12.07;00:00:00;0.90123;0.89791;0.89877;0.90074;13825
2015.12.07;04:00:00;0.89883;0.89615;0.89694;0.89876;13282
2015.12.07;08:00:00;0.89809;0.8954;0.89558;0.89693;17041
2015.12.07;12:00:00;0.89705;0.8946;0.89678;0.89558;24038
2015.12.07;16:00:00;0.89833;0.89595;0.89809;0.89678;34546
2015.12.07;20:00:00;0.89875;0.89529;0.89653;0.8982;17673
2015.12.08;00:00:00;0.89759;0.89566;0.89658;0.89648;9186
2015.12.08;04:00:00;0.89744;0.8957;0.89691;0.89658;15161
2015.12.08;08:00:00;0.89968;0.89663;0.89739;0.8969;22391
2015.12.08;12:00:00;0.90167;0.89627;0.90142;0.89742;28101
2015.12.08;16:00:00;0.90317;0.89974;0.90196;0.90143;35327
2015.12.08;20:00:00;0.90372;0.90023;0.90227;0.90198;18025
2015.12.09;00:00:00;0.90431;0.90017;0.90066;0.90231;9344
2015.12.09;04:00:00;0.90071;0.89892;0.89916;0.90063;12183
2015.12.09;08:00:00;0.90151;0.89636;0.89778;0.89914;16702
2015.12.09;12:00:00;0.90263;0.89606;0.90167;0.89777;20284
2015.12.09;16:00:00;0.90236;0.89834;0.90208;0.90168;43529
2015.12.09;20:00:00;0.91709;0.8929;0.91213;0.90208;31233
2015.12.10;00:00:00;0.91898;0.91121;0.91368;0.91218;16517
2015.12.10;04:00:00;0.91392;0.91186;0.9123;0.91371;11360
2015.12.10;08:00:00;0.91574;0.91138;0.91139;0.91231;20177
2015.12.10;12:00:00;0.91767;0.91098;0.91767;0.91139;27139
2015.12.10;16:00:00;0.92133;0.91688;0.92065;0.91767;33282
2015.12.10;20:00:00;0.92112;0.91773;0.91988;0.92069;18912
2015.12.11;00:00:00;0.92173;0.91829;0.91957;0.91993;9088
2015.12.11;04:00:00;0.92103;0.91931;0.92028;0.91955;10175
2015.12.11;08:00:00;0.9243;0.92013;0.92134;0.92029;17153
2015.12.11;12:00:00;0.92191;0.91871;0.92078;0.92134;23776
2015.12.11;16:00:00;0.92211;0.91799;0.92198;0.9208;35680
2015.12.11;20:00:00;0.92385;0.92078;0.92303;0.92197;17150
2015.12.14;00:00:00;0.92286;0.91951;0.92084;0.92099;11280
2015.12.14;04:00:00;0.92163;0.91979;0.92032;0.92084;12485
2015.12.14;08:00:00;0.9228;0.91934;0.92255;0.92034;17485
2015.12.14;12:00:00;0.92963;0.9222;0.92601;0.92256;30846
2015.12.14;16:00:00;0.93243;0.92457;0.93095;0.92602;44243
2015.12.14;20:00:00;0.93123;0.92713;0.92738;0.93098;18689
2015.12.15;00:00:00;0.93213;0.92678;0.9311;0.92738;12472
2015.12.15;04:00:00;0.93337;0.92982;0.93219;0.93111;12949
2015.12.15;08:00:00;0.93481;0.92891;0.92969;0.93218;24518
2015.12.15;12:00:00;0.93217;0.92842;0.9298;0.92971;32409
2015.12.15;16:00:00;0.92988;0.9237;0.92413;0.92981;38240
2015.12.15;20:00:00;0.92433;0.92404;0.92411;0.92406;25
