DATE;TIME;HIGH;LOW;CLOSE;OPEN;VOLUME
2015.04.27;12:00:00;90.768;90.49;90.673;90.534;24004
2015.04.27;16:00:00;91.194;90.674;90.944;90.674;30267
2015.04.27;20:00:00;91.061;90.85;90.955;90.945;15812
2015.04.28;00:00:00;91.016;90.761;90.92;90.937;11037
2015.04.28;04:00:00;90.954;90.727;90.727;90.922;13803
2015.04.28;08:00:00;91.285;90.699;91.262;90.727;25481
2015.04.28;12:00:00;91.536;91.127;91.454;91.257;28429
2015.04.28;16:00:00;91.962;91.43;91.856;91.454;34717
2015.04.28;20:00:00;91.903;91.583;91.583;91.856;16784
2015.04.29;00:00:00;91.923;91.522;91.643;91.522;12427
2015.04.29;04:00:00;91.663;91.356;91.419;91.636;14779
2015.04.29;08:00:00;91.867;91.411;91.807;91.418;25106
2015.04.29;12:00:00;91.87;91.452;91.71;91.804;32465
2015.04.29;16:00:00;92.042;91.592;91.742;91.711;47702
2015.04.29;20:00:00;91.833;91.192;91.192;91.742;30294
2015.04.30;00:00:00;91.303;90.405;90.677;91.287;16519
2015.04.30;04:00:00;90.767;90.241;90.342;90.68;22035
2015.04.30;08:00:00;90.6;89.94;90.436;90.342;36911
2015.04.30;12:00:00;90.67;90.331;90.611;90.438;33667
2015.04.30;16:00:00;91.123;90.536;91.038;90.609;42201
2015.04.30;20:00:00;91.191;90.828;90.851;91.037;20013
2015.05.01;00:00:00;91.011;90.711;90.915;90.845;10860
2015.05.01;04:00:00;91.005;90.558;90.724;90.915;10716
2015.05.01;08:00:00;90.954;90.638;90.782;90.725;17573
2015.05.01;12:00:00;90.994;90.606;90.747;90.781;21734
2015.05.01;16:00:00;90.832;90.222;90.458;90.747;34518
2015.05.01;20:00:00;90.651;90.35;90.57;90.457;12303
2015.05.04;00:00:00;90.591;90.16;90.219;90.443;8923
2015.05.04;04:00:00;90.422;90.178;90.351;90.22;12270
2015.05.04;08:00:00;90.552;90.314;90.507;90.351;17119
2015.05.04;12:00:00;90.591;90.435;90.499;90.505;16876
2015.05.04;16:00:00;90.698;90.404;90.422;90.5;19059
2015.05.04;20:00:00;90.536;90.32;90.488;90.423;9327
2015.05.05;00:00:00;90.63;90.392;90.552;90.488;9008
2015.05.05;04:00:00;90.741;90.328;90.566;90.55;15949
2015.05.05;08:00:00;90.699;90.248;90.291;90.564;26856
2015.05.05;12:00:00;90.46;90.176;90.313;90.292;28167
2015.05.05;16:00:00;90.767;90.212;90.683;90.315;37145
2015.05.05;20:00:00;90.737;90.499;90.531;90.685;13188
2015.05.06;00:00:00;90.676;89.602;89.67;90.533;14783
2015.05.06;04:00:00;89.887;89.477;89.727;89.672;16792
2015.05.06;08:00:00;89.945;89.501;89.699;89.727;30362
2015.05.06;12:00:00;89.946;89.557;89.896;89.698;32182
2015.05.06;16:00:00;90.026;89.55;89.623;89.895;38880
2015.05.06;20:00:00;89.807;89.352;89.51;89.626;18103
2015.05.07;00:00:00;89.646;89.335;89.51;89.51;16120
2015.05.07;04:00:00;89.936;89.428;89.59;89.51;22217
2015.05.07;08:00:00;89.801;89.095;89.207;89.59;31317
2015.05.07;12:00:00;89.365;88.855;89.153;89.208;31478
2015.05.07;16:00:00;89.195;88.759;89.127;89.154;32905
2015.05.07;20:00:00;89.243;89.025;89.161;89.126;15559
2015.05.08;00:00:00;89.284;88.962;89.189;89.161;13621
2015.05.08;04:00:00;89.416;88.989;89.375;89.187;21312
2015.05.08;08:00:00;89.426;89.074;89.249;89.374;25633
2015.05.08;12:00:00;89.569;89.005;89.512;89.25;29023
2015.05.08;16:00:00;89.716;89.248;89.641;89.51;38802
2015.05.08;20:00:00;89.734;89.402;89.663;89.642;11448
2015.05.11;00:00:00;89.39;88.625;88.693;89.39;13410
2015.05.11;04:00:00;88.813;88.422;88.523;88.694;19105
2015.05.11;08:00:00;88.78;88.394;88.553;88.526;22052
2015.05.11;12:00:00;88.59;88.359;88.418;88.553;18474
2015.05.11;16:00:00;88.452;88.103;88.223;88.418;25014
2015.05.11;20:00:00;88.356;88.031;88.034;88.222;9870
2015.05.12;00:00:00;88.22;87.997;88.059;88.035;10983
2015.05.12;04:00:00;88.541;88.029;88.454;88.06;15971
2015.05.12;08:00:00;88.572;88.27;88.404;88.454;29313
2015.05.12;12:00:00;88.721;88.262;88.457;88.399;30775
2015.05.12;16:00:00;88.536;88.178;88.248;88.46;28204
2015.05.12;20:00:00;88.439;88.066;88.203;88.249;13431
2015.05.13;00:00:00;88.891;87.586;88.557;88.203;17670
2015.05.13;04:00:00;88.78;88.171;88.576;88.559;20800
2015.05.13;08:00:00;89.074;88.489;88.902;88.572;23487
2015.05.13;12:00:00;89.514;88.875;89.36;88.905;29480
2015.05.13;16:00:00;89.447;88.944;89.074;89.36;34350
2015.05.13;20:00:00;89.198;88.893;89.132;89.073;12764
2015.05.14;00:00:00;90.089;89.069;89.946;89.134;15998
2015.05.14;04:00:00;90.067;89.676;89.732;89.946;19106
2015.05.14;08:00:00;89.996;89.182;89.276;89.732;30318
2015.05.14;12:00:00;89.651;89.233;89.586;89.276;26512
2015.05.14;16:00:00;89.753;89.267;89.383;89.586;28804
2015.05.14;20:00:00;89.452;89.25;89.311;89.381;11274
2015.05.15;00:00:00;89.407;88.938;89.017;89.296;12889
2015.05.15;04:00:00;89.292;88.994;89.204;89.018;16119
2015.05.15;08:00:00;89.297;88.968;88.972;89.204;27556
2015.05.15;12:00:00;89.263;88.961;89.08;88.973;23688
2015.05.15;16:00:00;89.386;88.931;89.282;89.078;32013
2015.05.15;20:00:00;89.385;88.995;89.186;89.282;10788
2015.05.18;00:00:00;88.985;88.773;88.945;88.773;9542
2015.05.18;04:00:00;88.984;88.755;88.926;88.943;13046
2015.05.18;08:00:00;89.101;88.694;88.79;88.925;21971
2015.05.18;12:00:00;88.886;88.551;88.559;88.79;21166
2015.05.18;16:00:00;88.717;88.447;88.573;88.559;25687
2015.05.18;20:00:00;88.631;88.402;88.612;88.577;13404
2015.05.19;00:00:00;88.794;88.341;88.429;88.628;12591
2015.05.19;04:00:00;89.111;88.275;89;88.428;17913
2015.05.19;08:00:00;89.256;88.665;89.006;89;30425
2015.05.19;12:00:00;89.011;88.728;88.777;89.006;26322
2015.05.19;16:00:00;88.842;88.513;88.525;88.777;32304
2015.05.19;20:00:00;88.766;88.501;88.603;88.523;13530
2015.05.20;00:00:00;88.857;88.552;88.839;88.6;14697
2015.05.20;04:00:00;89.096;88.812;89.011;88.838;15388
2015.05.20;08:00:00;89.065;88.638;88.642;89.011;30567
2015.05.20;12:00:00;88.867;88.578;88.762;88.644;24589
2015.05.20;16:00:00;88.779;88.33;88.544;88.758;30143
2015.05.20;20:00:00;88.747;88.407;88.632;88.545;26145
2015.05.21;00:00:00;88.675;88.428;88.516;88.632;11598
2015.05.21;04:00:00;88.8;88.497;88.792;88.517;19725
2015.05.21;08:00:00;88.818;88.466;88.559;88.792;27163
2015.05.21;12:00:00;88.601;88.385;88.493;88.558;26420
2015.05.21;16:00:00;88.653;88.406;88.597;88.492;32242
2015.05.21;20:00:00;88.95;88.545;88.929;88.596;13661
2015.05.22;00:00:00;89.24;88.813;89.231;88.929;19483
2015.05.22;04:00:00;89.379;89.113;89.203;89.232;21577
2015.05.22;08:00:00;89.237;88.96;89.022;89.194;20811
2015.05.22;12:00:00;89.071;88.78;88.874;89.023;28697
2015.05.22;16:00:00;88.925;88.668;88.866;88.871;32968
2015.05.22;20:00:00;88.923;88.652;88.675;88.861;12744
2015.05.25;00:00:00;88.887;88.698;88.741;88.76;12477
2015.05.25;04:00:00;88.892;88.742;88.881;88.742;16634
2015.05.25;08:00:00;88.909;88.772;88.835;88.882;21387
2015.05.25;12:00:00;88.88;88.731;88.754;88.835;11363
2015.05.25;16:00:00;88.851;88.746;88.788;88.753;8533
2015.05.25;20:00:00;88.85;88.769;88.813;88.787;9294
2015.05.26;00:00:00;88.961;88.783;88.906;88.81;12012
2015.05.26;04:00:00;89.14;88.899;89.103;88.906;15653
2015.05.26;08:00:00;89.412;89.065;89.304;89.104;34486
2015.05.26;12:00:00;89.612;89.304;89.389;89.304;32094
2015.05.26;16:00:00;89.527;88.906;88.926;89.387;37351
2015.05.26;20:00:00;89.058;88.863;88.928;88.926;15619
2015.05.27;00:00:00;89.166;88.909;89.099;88.923;11032
2015.05.27;04:00:00;89.285;88.904;89.276;89.099;19389
2015.05.27;08:00:00;89.316;89.005;89.168;89.276;29524
2015.05.27;12:00:00;89.472;89.147;89.275;89.168;36523
2015.05.27;16:00:00;89.623;89.231;89.413;89.276;37786
2015.05.27;20:00:00;89.818;89.228;89.798;89.413;18600
2015.05.28;00:00:00;89.928;89.491;89.706;89.8;14253
2015.05.28;04:00:00;89.895;89.422;89.759;89.704;28067
2015.05.28;08:00:00;89.872;89.538;89.695;89.76;38370
2015.05.28;12:00:00;89.836;88.749;88.804;89.695;36665
2015.05.28;16:00:00;88.975;88.637;88.683;88.806;36700
2015.05.28;20:00:00;89.036;88.619;88.927;88.684;19476
2015.05.29;00:00:00;89.025;88.636;88.714;88.924;15755
2015.05.29;04:00:00;88.738;88.27;88.402;88.738;20455
2015.05.29;08:00:00;88.57;87.964;88.08;88.401;30220
2015.05.29;12:00:00;88.35;88.054;88.182;88.08;32282
2015.05.29;16:00:00;88.404;87.856;88.122;88.181;37803
2015.05.29;20:00:00;88.216;87.959;88.181;88.122;11915
2015.06.01;00:00:00;88.21;87.805;88.04;87.847;10835
2015.06.01;04:00:00;88.208;88.018;88.113;88.042;15933
2015.06.01;08:00:00;88.379;88.07;88.214;88.112;25166
2015.06.01;12:00:00;88.517;88.142;88.48;88.215;26843
2015.06.01;16:00:00;88.654;88.262;88.476;88.483;33666
2015.06.01;20:00:00;88.558;88.367;88.374;88.474;15055
2015.06.02;00:00:00;88.735;88.371;88.71;88.371;17167
2015.06.02;04:00:00;88.797;88.522;88.659;88.709;25476
2015.06.02;08:00:00;88.851;88.389;88.422;88.659;33596
2015.06.02;12:00:00;88.906;88.412;88.768;88.42;37857
2015.06.02;16:00:00;89.184;88.675;89.115;88.769;44961
2015.06.02;20:00:00;89.255;89.002;89.098;89.115;18334
2015.06.03;00:00:00;89.144;88.773;88.931;89.098;16561
2015.06.03;04:00:00;89.096;88.761;88.84;88.932;20810
2015.06.03;08:00:00;89.091;88.752;88.821;88.841;32463
2015.06.03;12:00:00;88.886;88.671;88.744;88.821;31815
2015.06.03;16:00:00;89.151;88.664;88.768;88.746;38814
2015.06.03;20:00:00;88.927;88.683;88.817;88.769;14455
2015.06.04;00:00:00;88.987;88.793;88.962;88.817;12500
2015.06.04;04:00:00;89.062;88.681;88.755;88.962;19852
2015.06.04;08:00:00;88.77;88.421;88.712;88.757;37819
2015.06.04;12:00:00;88.776;88.502;88.771;88.713;33341
2015.06.04;16:00:00;88.868;88.453;88.72;88.771;33970
2015.06.04;20:00:00;88.729;88.379;88.639;88.72;16984
2015.06.05;00:00:00;88.683;88.477;88.655;88.639;17198
2015.06.05;04:00:00;88.887;88.643;88.838;88.655;17557
2015.06.05;08:00:00;88.937;88.763;88.913;88.837;27191
2015.06.05;12:00:00;89.176;88.388;88.499;88.914;30527
2015.06.05;16:00:00;88.61;88.32;88.506;88.499;40546
2015.06.05;20:00:00;88.562;88.366;88.495;88.505;12288
2015.06.08;00:00:00;88.589;88.385;88.418;88.403;10499
2015.06.08;04:00:00;88.486;88.316;88.465;88.418;15140
2015.06.08;08:00:00;88.573;88.356;88.46;88.466;29323
2015.06.08;12:00:00;88.749;88.445;88.666;88.461;22494
2015.06.08;16:00:00;88.793;88.574;88.676;88.666;25444
2015.06.08;20:00:00;89.086;88.67;88.899;88.676;21560
2015.06.09;00:00:00;88.983;88.643;88.705;88.899;15216
2015.06.09;04:00:00;88.808;88.48;88.548;88.705;19435
2015.06.09;08:00:00;88.562;88.27;88.342;88.547;32703
2015.06.09;12:00:00;88.947;88.323;88.574;88.343;35017
2015.06.09;16:00:00;88.86;88.475;88.629;88.574;32599
2015.06.09;20:00:00;88.824;88.617;88.641;88.629;12847
2015.06.10;00:00:00;88.945;88.622;88.884;88.646;16770
2015.06.10;04:00:00;88.992;87.808;87.982;88.884;27883
2015.06.10;08:00:00;88.67;87.762;88.193;87.982;45116
2015.06.10;12:00:00;88.811;88.179;88.192;88.19;33447
2015.06.10;16:00:00;88.498;88.173;88.362;88.192;34866
2015.06.10;20:00:00;88.425;88.191;88.247;88.361;18564
2015.06.11;00:00:00;86.853;86.029;86.443;86.7;19658
2015.06.11;04:00:00;86.663;86.3;86.471;86.442;19462
2015.06.11;08:00:00;86.772;86.251;86.719;86.472;33561
2015.06.11;12:00:00;86.769;86.424;86.648;86.72;32475
2015.06.11;16:00:00;86.685;86.28;86.448;86.648;31155
2015.06.11;20:00:00;86.665;86.402;86.489;86.448;14682
2015.06.12;00:00:00;86.772;86.487;86.608;86.489;15879
2015.06.12;04:00:00;86.718;86.39;86.457;86.608;17056
2015.06.12;08:00:00;86.524;86.011;86.105;86.455;26575
2015.06.12;12:00:00;86.404;86.053;86.18;86.103;28192
2015.06.12;16:00:00;86.282;85.882;86.245;86.178;32136
2015.06.12;20:00:00;86.363;86.112;86.162;86.244;10861
2015.06.15;00:00:00;86.236;85.969;86.137;86.028;11106
2015.06.15;04:00:00;86.174;85.966;86.019;86.14;17600
2015.06.15;08:00:00;86.279;85.976;86.071;86.021;27106
2015.06.15;12:00:00;86.429;85.981;86.349;86.072;23723
2015.06.15;16:00:00;86.475;86.227;86.453;86.349;22480
2015.06.15;20:00:00;86.474;86.221;86.345;86.453;15913
2015.06.16;00:00:00;86.477;86.257;86.272;86.346;13250
2015.06.16;04:00:00;86.558;86.27;86.345;86.272;19672
2015.06.16;08:00:00;86.412;86.12;86.188;86.344;22137
2015.06.16;12:00:00;86.296;86.106;86.275;86.185;19470
2015.06.16;16:00:00;86.325;86.081;86.175;86.276;17545
2015.06.16;20:00:00;86.256;86.111;86.162;86.178;9008
2015.06.17;00:00:00;86.265;86.072;86.191;86.162;14770
2015.06.17;04:00:00;86.207;85.955;86.002;86.189;16817
2015.06.17;08:00:00;86.159;85.756;85.796;86.001;25413
2015.06.17;12:00:00;85.982;85.732;85.925;85.797;22083
2015.06.17;16:00:00;85.984;85.77;85.878;85.927;20448
2015.06.17;20:00:00;86.418;85.544;86.2;85.878;33072
2015.06.18;00:00:00;86.264;84.99;85.112;86.181;19472
2015.06.18;04:00:00;85.143;84.778;84.863;85.112;19874
2015.06.18;08:00:00;85.149;84.701;85.055;84.861;29821
2015.06.18;12:00:00;85.522;84.918;85.357;85.056;30250
2015.06.18;16:00:00;85.545;85.169;85.203;85.358;27816
2015.06.18;20:00:00;85.302;85.104;85.138;85.203;18278
2015.06.19;00:00:00;85.287;85.04;85.145;85.132;14026
2015.06.19;04:00:00;85.31;85.076;85.121;85.147;18653
2015.06.19;08:00:00;85.185;84.828;84.906;85.122;26690
2015.06.19;12:00:00;85.014;84.806;84.818;84.907;22452
2015.06.19;16:00:00;84.821;84.521;84.521;84.818;21912
2015.06.19;20:00:00;84.773;84.506;84.752;84.519;11527
2015.06.22;00:00:00;84.908;84.611;84.649;84.859;11528
2015.06.22;04:00:00;84.918;84.649;84.871;84.649;15464
2015.06.22;08:00:00;85.105;84.826;84.835;84.872;22258
2015.06.22;12:00:00;84.87;84.694;84.79;84.836;23171
2015.06.22;16:00:00;84.929;84.623;84.717;84.79;26655
2015.06.22;20:00:00;84.787;84.641;84.651;84.716;12976
2015.06.23;00:00:00;84.799;84.607;84.733;84.648;13079
2015.06.23;04:00:00;84.87;84.558;84.762;84.733;19053
2015.06.23;08:00:00;84.869;84.631;84.645;84.763;23206
2015.06.23;12:00:00;84.743;84.542;84.611;84.645;23846
2015.06.23;16:00:00;84.883;84.579;84.666;84.611;26267
2015.06.23;20:00:00;84.942;84.659;84.904;84.666;14645
2015.06.24;00:00:00;85.061;84.824;84.95;84.89;13619
2015.06.24;04:00:00;85.085;84.911;85.005;84.95;16539
2015.06.24;08:00:00;85.379;84.973;85.272;85.006;25352
2015.06.24;12:00:00;85.322;85.057;85.271;85.272;25855
2015.06.24;16:00:00;85.455;85.096;85.374;85.27;28149
2015.06.24;20:00:00;85.509;85.221;85.289;85.373;16426
2015.06.25;00:00:00;85.503;85.198;85.503;85.231;14295
2015.06.25;04:00:00;85.664;85.393;85.502;85.502;18575
2015.06.25;08:00:00;85.553;85.236;85.267;85.5;20905
2015.06.25;12:00:00;85.471;85.121;85.423;85.268;27145
2015.06.25;16:00:00;85.494;85.342;85.357;85.422;20268
2015.06.25;20:00:00;85.426;85.292;85.314;85.357;14771
2015.06.26;00:00:00;85.393;84.856;85.09;85.307;14113
2015.06.26;04:00:00;85.097;84.926;84.954;85.089;19728
2015.06.26;08:00:00;84.989;84.768;84.811;84.954;18469
2015.06.26;12:00:00;84.83;84.665;84.718;84.811;19975
2015.06.26;16:00:00;84.849;84.505;84.627;84.718;25529
2015.06.26;20:00:00;84.765;84.547;84.665;84.627;12186
2015.06.29;00:00:00;84.089;82.838;83.977;83.768;23167
2015.06.29;04:00:00;84.529;83.74;83.777;83.978;24256
2015.06.29;08:00:00;84.086;83.499;83.952;83.779;34614
2015.06.29;12:00:00;84.116;83.818;83.964;83.952;22723
2015.06.29;16:00:00;84;83.501;83.983;83.965;32217
2015.06.29;20:00:00;84.261;83.908;83.913;83.983;18858
2015.06.30;00:00:00;83.947;83.653;83.716;83.913;13416
2015.06.30;04:00:00;83.759;83.097;83.238;83.717;24565
2015.06.30;08:00:00;83.418;82.557;82.568;83.239;29184
2015.06.30;12:00:00;82.95;82.487;82.947;82.569;27844
2015.06.30;16:00:00;82.988;82.565;82.691;82.947;29554
2015.06.30;20:00:00;82.952;82.622;82.834;82.691;18763
2015.07.01;00:00:00;83.226;82.799;83.127;82.817;19116
2015.07.01;04:00:00;83.396;83.068;83.229;83.133;15211
2015.07.01;08:00:00;83.513;83.109;83.279;83.229;20361
2015.07.01;12:00:00;83.459;83.035;83.178;83.283;24356
2015.07.01;16:00:00;83.218;82.875;83.069;83.18;24956
2015.07.01;20:00:00;83.153;82.897;82.897;83.068;13491
2015.07.02;00:00:00;82.944;82.563;82.764;82.896;15615
2015.07.02;04:00:00;82.813;82.617;82.666;82.764;17332
2015.07.02;08:00:00;82.674;82.351;82.516;82.665;22266
2015.07.02;12:00:00;82.663;82.215;82.503;82.516;24883
2015.07.02;16:00:00;82.873;82.464;82.864;82.503;25083
2015.07.02;20:00:00;82.864;82.616;82.661;82.864;16345
2015.07.03;00:00:00;82.811;82.603;82.681;82.644;15255
2015.07.03;04:00:00;82.757;82.443;82.757;82.681;17765
2015.07.03;08:00:00;82.765;82.214;82.318;82.755;18921
2015.07.03;12:00:00;82.431;82.061;82.101;82.282;19331
2015.07.03;16:00:00;82.154;81.862;82.089;82.102;15971
2015.07.03;20:00:00;82.224;81.96;82.053;82.086;7750
2015.07.06;00:00:00;82.035;81.04;81.923;81.185;13943
2015.07.06;04:00:00;82.138;81.571;81.618;81.923;15998
2015.07.06;08:00:00;82.211;81.446;81.939;81.619;26131
2015.07.06;12:00:00;82.219;81.903;82.188;81.939;20557
2015.07.06;16:00:00;82.414;82.036;82.06;82.188;25131
2015.07.06;20:00:00;82.069;81.76;81.937;82.062;11999
2015.07.07;00:00:00;81.939;81.694;81.896;81.926;13602
2015.07.07;04:00:00;81.987;81.656;81.698;81.895;20530
2015.07.07;08:00:00;81.824;81.246;81.298;81.7;24878
2015.07.07;12:00:00;81.404;81.074;81.177;81.298;26756
2015.07.07;16:00:00;81.414;81.012;81.355;81.177;30306
2015.07.07;20:00:00;81.816;81.307;81.428;81.354;16963
2015.07.08;00:00:00;81.683;81.311;81.434;81.43;17371
2015.07.08;04:00:00;81.434;80.814;81.004;81.434;31920
2015.07.08;08:00:00;81.135;80.652;81.127;81.004;33049
2015.07.08;12:00:00;81.651;81.122;81.278;81.13;27519
2015.07.08;16:00:00;81.433;81.116;81.195;81.277;39058
2015.07.08;20:00:00;81.339;81.02;81.184;81.196;21230
2015.07.09;00:00:00;81.241;80.773;80.877;81.183;14656
2015.07.09;04:00:00;81.84;80.873;81.685;80.877;25463
2015.07.09;08:00:00;81.988;81.431;81.549;81.684;29562
2015.07.09;12:00:00;81.956;81.365;81.889;81.55;25986
2015.07.09;16:00:00;81.926;81.487;81.533;81.888;26279
2015.07.09;20:00:00;81.785;81.452;81.765;81.533;15828
2015.07.10;00:00:00;82.44;81.693;82.141;81.762;17206
2015.07.10;04:00:00;82.543;82.132;82.329;82.141;21095
2015.07.10;08:00:00;82.619;82.215;82.415;82.328;25671
2015.07.10;12:00:00;82.783;82.378;82.523;82.414;23521
2015.07.10;16:00:00;82.564;82.053;82.171;82.524;24937
2015.07.10;20:00:00;82.568;82.094;82.39;82.172;11765
2015.07.13;00:00:00;82.336;81.798;82.293;81.803;11889
2015.07.13;04:00:00;82.841;82.178;82.504;82.293;21928
2015.07.13;08:00:00;83.004;82.479;82.756;82.504;37694
2015.07.13;12:00:00;82.942;82.587;82.763;82.756;25673
2015.07.13;16:00:00;82.762;82.442;82.687;82.761;25454
2015.07.13;20:00:00;82.694;82.491;82.58;82.687;18271
2015.07.14;00:00:00;82.676;82.396;82.605;82.573;14850
2015.07.14;04:00:00;82.655;82.422;82.432;82.604;15320
2015.07.14;08:00:00;82.561;82.237;82.484;82.432;25524
2015.07.14;12:00:00;82.9;82.343;82.623;82.484;23439
2015.07.14;16:00:00;82.816;82.595;82.76;82.623;21160
2015.07.14;20:00:00;82.79;82.657;82.783;82.763;9175
2015.07.15;00:00:00;82.825;82.525;82.612;82.783;18164
2015.07.15;04:00:00;82.967;82.588;82.743;82.612;17853
2015.07.15;08:00:00;82.779;82.605;82.678;82.741;23935
2015.07.15;12:00:00;82.752;82.564;82.586;82.679;20207
2015.07.15;16:00:00;82.627;81.536;81.702;82.589;29836
2015.07.15;20:00:00;81.793;81.505;81.526;81.704;15336
2015.07.16;00:00:00;81.723;81.172;81.188;81.523;16493
2015.07.16;04:00:00;81.193;80.54;80.681;81.188;20088
2015.07.16;08:00:00;80.967;80.439;80.874;80.681;25242
2015.07.16;12:00:00;81.021;80.769;80.98;80.867;23691
2015.07.16;16:00:00;81.175;80.898;80.916;80.981;23410
2015.07.16;20:00:00;80.987;80.738;80.828;80.917;11989
2015.07.17;00:00:00;81.023;80.756;80.944;80.801;18608
2015.07.17;04:00:00;81.153;80.937;81.128;80.945;15666
2015.07.17;08:00:00;81.15;80.899;81.018;81.125;21803
2015.07.17;12:00:00;81.294;80.989;81.074;81.018;17891
2015.07.17;16:00:00;81.185;80.845;80.946;81.072;18856
2015.07.17;20:00:00;80.993;80.853;80.859;80.95;9192
2015.07.20;00:00:00;80.975;80.747;80.904;80.765;8199
2015.07.20;04:00:00;81.511;80.751;81.446;80.902;19325
2015.07.20;08:00:00;81.896;81.44;81.656;81.446;26340
2015.07.20;12:00:00;81.857;81.607;81.71;81.656;19747
2015.07.20;16:00:00;81.786;81.367;81.597;81.707;17104
2015.07.20;20:00:00;81.741;81.536;81.55;81.597;14824
2015.07.21;00:00:00;81.954;81.428;81.871;81.507;13641
2015.07.21;04:00:00;82.118;81.832;81.988;81.867;23593
2015.07.21;08:00:00;82.307;81.924;82.16;81.988;29893
2015.07.21;12:00:00;82.29;81.954;82.018;82.164;23668
2015.07.21;16:00:00;82.492;82.007;82.315;82.016;30292
2015.07.21;20:00:00;82.321;82.012;82.012;82.315;17355
2015.07.22;00:00:00;82.177;81.94;82.042;82.022;15642
2015.07.22;04:00:00;82.132;81.674;81.835;82.042;25907
2015.07.22;08:00:00;81.994;81.643;81.844;81.835;23627
2015.07.22;12:00:00;81.929;81.408;81.558;81.844;17504
2015.07.22;16:00:00;81.637;81.391;81.566;81.558;20886
2015.07.22;20:00:00;81.707;81.339;81.339;81.566;13234
2015.07.23;00:00:00;82.443;81.319;82.001;81.424;19398
2015.07.23;04:00:00;82.28;81.977;82.214;82;18836
2015.07.23;08:00:00;82.854;82.168;82.81;82.215;25715
2015.07.23;12:00:00;82.825;82.408;82.443;82.812;19205
2015.07.23;16:00:00;82.487;82.146;82.198;82.443;22431
2015.07.23;20:00:00;82.224;81.799;81.844;82.198;15067
2015.07.24;00:00:00;82.035;81.73;81.997;81.847;15064
2015.07.24;04:00:00;82.055;81.321;81.55;82.001;20467
2015.07.24;08:00:00;81.778;81.445;81.515;81.552;19209
2015.07.24;12:00:00;81.592;81.306;81.484;81.515;16545
2015.07.24;16:00:00;81.527;81.285;81.367;81.484;21063
2015.07.24;20:00:00;81.417;81.202;81.398;81.368;7664
2015.07.27;00:00:00;81.462;81.212;81.359;81.233;14043
2015.07.27;04:00:00;81.598;81.31;81.321;81.357;19727
2015.07.27;08:00:00;81.663;81.279;81.62;81.321;24675
2015.07.27;12:00:00;81.62;81.326;81.401;81.619;20208
2015.07.27;16:00:00;81.754;81.4;81.647;81.403;24407
2015.07.27;20:00:00;81.647;81.33;81.371;81.647;10110
2015.07.28;00:00:00;81.841;81.312;81.751;81.369;14347
2015.07.28;04:00:00;82.445;81.52;82.358;81.75;25054
2015.07.28;08:00:00;82.477;82.19;82.466;82.359;24472
2015.07.28;12:00:00;82.633;82.34;82.551;82.466;20040
2015.07.28;16:00:00;82.849;82.373;82.627;82.551;22868
2015.07.28;20:00:00;82.81;82.406;82.639;82.63;14406
2015.07.29;00:00:00;83.26;82.254;82.89;82.488;16571
2015.07.29;04:00:00;82.928;82.709;82.713;82.891;20986
2015.07.29;08:00:00;82.909;82.466;82.632;82.712;22786
2015.07.29;12:00:00;82.695;82.447;82.571;82.632;17656
2015.07.29;16:00:00;82.889;82.568;82.814;82.57;22455
2015.07.29;20:00:00;83.088;82.562;82.566;82.814;24113
2015.07.30;00:00:00;82.646;82.222;82.36;82.57;14753
2015.07.30;04:00:00;82.507;82.188;82.37;82.361;21073
2015.07.30;08:00:00;82.418;82.128;82.362;82.37;21754
2015.07.30;12:00:00;82.38;81.908;82.091;82.362;23033
2015.07.30;16:00:00;82.118;81.68;81.98;82.092;28204
2015.07.30;20:00:00;82.033;81.89;81.93;81.979;18481
2015.07.31;00:00:00;82.147;81.819;81.849;81.927;16948
2015.07.31;04:00:00;81.844;81.466;81.645;81.844;21215
2015.07.31;08:00:00;81.745;81.312;81.34;81.645;25143
2015.07.31;12:00:00;82.047;81.224;81.699;81.343;25919
2015.07.31;16:00:00;82.445;81.688;81.91;81.701;33158
2015.07.31;20:00:00;81.924;81.583;81.648;81.91;14529
2015.08.03;00:00:00;81.828;81.543;81.663;81.798;11996
2015.08.03;04:00:00;81.787;81.537;81.718;81.661;19709
2015.08.03;08:00:00;81.874;81.603;81.823;81.718;19898
2015.08.03;12:00:00;81.919;81.755;81.843;81.822;21278
2015.08.03;16:00:00;82.006;81.659;81.714;81.844;25255
2015.08.03;20:00:00;81.766;81.304;81.372;81.715;14475
2015.08.04;00:00:00;81.43;81.208;81.353;81.367;17651
2015.08.04;04:00:00;81.504;81.242;81.334;81.354;23194
2015.08.04;08:00:00;81.902;81.322;81.888;81.336;27073
2015.08.04;12:00:00;81.975;81.639;81.67;81.886;21529
2015.08.04;16:00:00;81.863;81.515;81.614;81.676;23940
2015.08.04;20:00:00;81.615;81.086;81.295;81.615;18496
2015.08.05;00:00:00;81.431;81.126;81.305;81.295;17560
2015.08.05;04:00:00;81.308;81.109;81.155;81.305;21721
2015.08.05;08:00:00;81.313;81.088;81.287;81.157;24454
2015.08.05;12:00:00;81.524;81.16;81.471;81.286;23335
2015.08.05;16:00:00;81.604;81.186;81.241;81.471;30398
2015.08.05;20:00:00;81.314;81.032;81.252;81.239;15040
2015.08.06;00:00:00;81.576;81.2;81.504;81.241;16047
2015.08.06;04:00:00;81.614;81.363;81.596;81.504;21274
2015.08.06;08:00:00;81.742;81.452;81.545;81.594;21276
2015.08.06;12:00:00;81.69;81.47;81.612;81.541;21284
2015.08.06;16:00:00;81.672;81.473;81.573;81.612;22069
2015.08.06;20:00:00;81.747;81.548;81.706;81.573;16083
2015.08.07;00:00:00;81.759;81.576;81.659;81.676;13221
2015.08.07;04:00:00;81.962;81.455;81.803;81.66;21180
2015.08.07;08:00:00;81.918;81.742;81.818;81.803;19219
2015.08.07;12:00:00;82.101;81.61;81.63;81.818;21840
2015.08.07;16:00:00;82.19;81.546;81.982;81.633;33484
2015.08.07;20:00:00;82.382;81.966;82.252;81.981;12205
2015.08.10;00:00:00;82.211;81.986;82.125;82.082;14144
2015.08.10;04:00:00;82.339;82.098;82.229;82.125;19666
2015.08.10;08:00:00;82.276;81.842;81.884;82.231;20585
2015.08.10;12:00:00;82.044;81.79;81.91;81.884;17126
2015.08.10;16:00:00;82.464;81.861;82.435;81.91;24004
2015.08.10;20:00:00;82.515;82.306;82.437;82.434;18775
2015.08.11;00:00:00;82.625;82.235;82.562;82.437;16899
2015.08.11;04:00:00;82.588;81.549;81.717;82.562;29052
2015.08.11;08:00:00;82.061;81.632;81.79;81.717;29991
2015.08.11;12:00:00;81.907;81.678;81.855;81.79;21986
2015.08.11;16:00:00;81.886;81.435;81.674;81.854;30296
2015.08.11;20:00:00;81.867;81.572;81.735;81.677;12847
2015.08.12;00:00:00;81.998;81.73;81.887;81.738;15409
2015.08.12;04:00:00;82.021;80.96;81.192;81.887;26867
2015.08.12;08:00:00;82.01;81.189;81.717;81.195;33331
2015.08.12;12:00:00;82.325;81.633;81.784;81.72;29352
2015.08.12;16:00:00;82.329;81.7;82.246;81.782;33046
2015.08.12;20:00:00;82.278;82;82.173;82.247;13926
2015.08.13;00:00:00;82.296;81.954;82.133;82.173;13569
2015.08.13;04:00:00;82.489;81.927;82.271;82.131;19238
2015.08.13;08:00:00;82.373;81.82;81.874;82.274;20469
2015.08.13;12:00:00;81.931;81.549;81.703;81.874;19810
2015.08.13;16:00:00;81.778;81.508;81.636;81.704;27087
2015.08.13;20:00:00;81.861;81.583;81.721;81.636;21632
2015.08.14;00:00:00;81.769;81.352;81.441;81.734;18953
2015.08.14;04:00:00;81.502;81.079;81.25;81.44;23202
2015.08.14;08:00:00;81.415;81.123;81.279;81.252;23310
2015.08.14;12:00:00;81.52;81.231;81.288;81.28;21240
2015.08.14;16:00:00;81.607;81.276;81.4;81.29;25650
2015.08.14;20:00:00;81.408;81.189;81.2;81.4;9190
2015.08.17;00:00:00;81.352;81.146;81.203;81.146;10173
2015.08.17;04:00:00;81.388;81.203;81.313;81.203;15309
2015.08.17;08:00:00;81.546;81.272;81.517;81.312;18399
2015.08.17;12:00:00;81.685;81.397;81.634;81.518;17270
2015.08.17;16:00:00;81.835;81.573;81.794;81.634;21852
2015.08.17;20:00:00;81.842;81.685;81.727;81.794;17206
2015.08.18;00:00:00;81.879;81.688;81.863;81.727;18018
2015.08.18;04:00:00;82.159;81.856;82.044;81.862;26740
2015.08.18;08:00:00;82.118;81.649;81.756;82.046;23368
2015.08.18;12:00:00;81.832;81.638;81.656;81.756;21261
2015.08.18;16:00:00;82.076;81.583;81.867;81.656;23314
2015.08.18;20:00:00;82.114;81.763;82.1;81.866;15256
2015.08.19;00:00:00;82.103;81.805;81.86;82.103;18958
2015.08.19;04:00:00;81.946;81.68;81.794;81.86;29456
2015.08.19;08:00:00;82.009;81.741;81.825;81.796;25363
2015.08.19;12:00:00;81.921;81.646;81.711;81.821;20704
2015.08.19;16:00:00;81.723;81.373;81.506;81.71;27143
2015.08.19;20:00:00;82.068;81.486;81.684;81.506;26324
2015.08.20;00:00:00;81.883;81.625;81.825;81.682;18436
2015.08.20;04:00:00;82.04;81.769;81.961;81.825;20923
2015.08.20;08:00:00;82.032;81.485;81.519;81.963;26767
2015.08.20;12:00:00;82.029;81.473;81.882;81.521;22871
2015.08.20;16:00:00;82.014;81.757;81.82;81.883;31628
2015.08.20;20:00:00;81.963;81.717;81.723;81.82;21524
2015.08.21;00:00:00;81.853;81.651;81.742;81.732;15082
2015.08.21;04:00:00;81.785;81.277;81.429;81.742;26984
2015.08.21;08:00:00;81.633;81.272;81.506;81.43;26466
2015.08.21;12:00:00;81.892;81.503;81.793;81.504;26710
2015.08.21;16:00:00;81.95;81.65;81.659;81.792;41523
2015.08.21;20:00:00;81.817;81.503;81.546;81.659;27537
2015.08.24;00:00:00;81.528;80.127;80.499;81.069;22965
2015.08.24;04:00:00;80.527;79.418;79.811;80.496;36267
2015.08.24;08:00:00;80.1;79.372;79.515;79.809;35762
2015.08.24;12:00:00;79.614;78.461;78.474;79.516;39355
2015.08.24;16:00:00;78.49;70.965;77.696;78.475;62302
2015.08.24;20:00:00;78.151;76.678;76.691;77.696;30938
2015.08.25;00:00:00;77.215;76.128;77.119;76.689;17016
2015.08.25;04:00:00;78.462;76.952;77.687;77.119;27484
2015.08.25;08:00:00;78.148;77.07;77.592;77.686;37646
2015.08.25;12:00:00;78.77;77.462;78.358;77.593;36757
2015.08.25;16:00:00;78.432;78.006;78.23;78.357;31961
2015.08.25;20:00:00;78.231;76.862;76.882;78.23;19640
2015.08.26;00:00:00;77.404;76.613;77.121;76.867;20876
2015.08.26;04:00:00;77.756;76.849;77.653;77.105;24520
2015.08.26;08:00:00;77.93;77.355;77.557;77.653;29445
2015.08.26;12:00:00;77.942;77.36;77.648;77.559;29345
2015.08.26;16:00:00;77.67;76.28;76.659;77.646;41176
2015.08.26;20:00:00;77.278;76.584;77.154;76.659;22306
2015.08.27;00:00:00;77.585;77.083;77.367;77.123;19369
2015.08.27;04:00:00;77.796;77.154;77.179;77.368;20480
2015.08.27;08:00:00;78.097;77.074;77.713;77.181;26658
2015.08.27;12:00:00;78.08;77.409;77.751;77.711;22646
2015.08.27;16:00:00;78.485;77.694;78.333;77.751;32857
2015.08.27;20:00:00;78.362;77.692;78.239;78.333;22073
2015.08.28;00:00:00;78.713;78.188;78.638;78.227;13984
2015.08.28;04:00:00;78.842;78.227;78.357;78.638;15498
2015.08.28;08:00:00;78.369;78.02;78.181;78.357;20590
2015.08.28;12:00:00;78.23;77.725;77.742;78.181;21554
2015.08.28;16:00:00;78.383;77.741;78.357;77.741;27275
2015.08.28;20:00:00;78.624;78.121;78.566;78.357;13318
2015.08.31;00:00:00;78.624;77.96;78.166;78.599;14629
2015.08.31;04:00:00;78.162;77.626;77.769;78.162;20699
2015.08.31;08:00:00;77.885;77.65;77.817;77.769;20254
2015.08.31;12:00:00;77.835;77.358;77.408;77.817;15050
2015.08.31;16:00:00;77.471;76.617;77.113;77.41;21399
2015.08.31;20:00:00;77.127;76.582;76.81;77.116;17882
2015.09.01;00:00:00;77.126;76.735;76.805;76.808;16053
2015.09.01;04:00:00;77.204;76.72;76.975;76.814;19009
2015.09.01;08:00:00;77.095;75.698;75.727;76.977;37359
2015.09.01;12:00:00;76.376;75.619;75.898;75.725;36248
2015.09.01;16:00:00;76.28;75.812;75.926;75.902;36290
2015.09.01;20:00:00;76.012;75.454;75.534;75.927;23528
2015.09.02;00:00:00;76.367;75.423;76.362;75.578;18869
2015.09.02;04:00:00;76.584;75.947;76.472;76.362;25769
2015.09.02;08:00:00;76.558;75.776;75.939;76.473;31901
2015.09.02;12:00:00;76.374;75.798;76.332;75.938;25495
2015.09.02;16:00:00;76.427;76.013;76.282;76.332;28527
2015.09.02;20:00:00;76.444;76.125;76.357;76.279;13199
2015.09.03;00:00:00;76.879;76.321;76.819;76.347;16745
2015.09.03;04:00:00;76.817;76.394;76.442;76.817;24591
2015.09.03;08:00:00;76.531;76.177;76.335;76.441;23521
2015.09.03;12:00:00;76.471;76.189;76.349;76.335;24926
2015.09.03;16:00:00;77.042;76.154;76.807;76.35;29598
2015.09.03;20:00:00;76.87;76.552;76.799;76.807;22407
2015.09.04;00:00:00;76.865;76.473;76.496;76.802;18521
2015.09.04;04:00:00;76.589;75.645;75.854;76.496;22051
2015.09.04;08:00:00;76.122;75.61;75.862;75.852;32834
2015.09.04;12:00:00;76.036;75.071;75.433;75.861;26778
2015.09.04;16:00:00;75.568;74.56;74.807;75.433;31151
2015.09.04;20:00:00;75.004;74.691;74.735;74.807;12422
2015.09.07;00:00:00;75.068;74.431;74.782;74.897;13446
2015.09.07;04:00:00;75.13;74.652;74.853;74.782;18106
2015.09.07;08:00:00;75.028;74.707;74.715;74.856;19797
2015.09.07;12:00:00;74.871;74.611;74.768;74.715;15139
2015.09.07;16:00:00;74.8;74.517;74.644;74.767;9786
2015.09.07;20:00:00;74.715;74.57;74.628;74.647;13712
2015.09.08;00:00:00;74.916;74.626;74.74;74.626;9917
2015.09.08;04:00:00;74.962;74.489;74.734;74.742;21467
2015.09.08;08:00:00;75.695;74.653;75.363;74.734;27682
2015.09.08;12:00:00;75.631;75.225;75.605;75.362;21072
2015.09.08;16:00:00;76.103;75.592;75.952;75.605;26105
2015.09.08;20:00:00;76.16;75.909;75.964;75.954;12128
2015.09.09;00:00:00;76.859;75.929;76.802;75.933;14279
2015.09.09;04:00:00;77.075;76.573;76.614;76.802;19818
2015.09.09;08:00:00;76.986;76.511;76.643;76.615;24818
2015.09.09;12:00:00;77.482;76.529;77.409;76.641;22825
2015.09.09;16:00:00;77.797;77.258;77.467;77.408;30201
2015.09.09;20:00:00;77.476;76.835;76.934;77.466;21641
2015.09.10;00:00:00;76.931;75.101;75.444;76.931;20807
2015.09.10;04:00:00;76.118;75.088;75.616;75.447;20908
2015.09.10;08:00:00;76.6;75.495;76.111;75.616;32153
2015.09.10;12:00:00;76.548;75.73;75.853;76.11;29220
2015.09.10;16:00:00;76.147;75.611;75.901;75.852;31743
2015.09.10;20:00:00;76.165;75.819;75.828;75.901;14202
2015.09.11;00:00:00;76.383;75.823;76.221;75.823;15042
2015.09.11;04:00:00;76.298;76.031;76.189;76.222;10617
2015.09.11;08:00:00;76.203;75.673;75.704;76.189;21687
2015.09.11;12:00:00;76.008;75.661;75.908;75.704;19385
2015.09.11;16:00:00;76.282;75.796;76.243;75.906;23464
2015.09.11;20:00:00;76.277;76.048;76.123;76.24;8472
2015.09.14;00:00:00;76.538;75.963;76.42;75.981;9575
2015.09.14;04:00:00;76.532;75.79;75.976;76.422;15913
2015.09.14;08:00:00;76.144;75.872;76.024;75.976;20813
2015.09.14;12:00:00;76.223;75.776;75.846;76.024;15987
2015.09.14;16:00:00;76.092;75.666;76.004;75.846;19463
2015.09.14;20:00:00;76.084;75.879;76.053;76.005;7321
2015.09.15;00:00:00;76.38;76.002;76.338;76.053;11140
2015.09.15;04:00:00;76.38;75.685;75.701;76.338;16633
2015.09.15;08:00:00;75.776;75.312;75.582;75.7;22687
2015.09.15;12:00:00;75.897;75.561;75.836;75.582;17733
2015.09.15;16:00:00;76.051;75.59;76.026;75.836;20716
2015.09.15;20:00:00;76.683;76.002;76.498;76.026;12386
2015.09.16;00:00:00;76.59;76.321;76.457;76.498;10203
2015.09.16;04:00:00;76.561;76.252;76.3;76.457;12923
2015.09.16;08:00:00;76.72;76.234;76.489;76.3;19426
2015.09.16;12:00:00;76.551;76.335;76.468;76.489;17453
2015.09.16;16:00:00;76.844;76.332;76.648;76.468;20948
2015.09.16;20:00:00;76.819;76.538;76.696;76.645;10585
2015.09.17;00:00:00;76.828;76.321;76.451;76.696;11450
2015.09.17;04:00:00;76.872;76.35;76.785;76.451;13386
2015.09.17;08:00:00;76.91;76.641;76.717;76.788;16682
2015.09.17;12:00:00;76.745;76.569;76.586;76.717;12072
2015.09.17;16:00:00;76.607;76.284;76.369;76.587;16112
2015.09.17;20:00:00;77.49;76.041;76.104;76.371;35001
2015.09.18;00:00:00;76.734;75.947;76.06;76.104;14903
2015.09.18;04:00:00;76.456;75.976;76.278;76.059;16715
2015.09.18;08:00:00;76.704;76.176;76.494;76.276;26267
2015.09.18;12:00:00;77.056;76.343;76.965;76.496;25959
2015.09.18;16:00:00;77.008;76.698;76.895;76.965;25027
2015.09.18;20:00:00;76.966;76.549;76.699;76.893;11827
2015.09.21;00:00:00;76.776;76.391;76.436;76.739;8541
2015.09.21;04:00:00;76.577;76.116;76.135;76.438;13056
2015.09.21;08:00:00;76.448;76.077;76.346;76.135;19629
2015.09.21;12:00:00;76.594;76.293;76.387;76.345;17582
2015.09.21;16:00:00;76.421;75.878;75.94;76.387;21833
2015.09.21;20:00:00;76.189;75.925;76.104;75.939;14271
2015.09.22;00:00:00;76.276;76.047;76.146;76.109;9912
2015.09.22;04:00:00;76.174;75.906;76.069;76.147;9922
2015.09.22;08:00:00;76.26;75.666;75.797;76.068;20608
2015.09.22;12:00:00;75.91;75.334;75.387;75.795;22494
2015.09.22;16:00:00;75.54;75.216;75.403;75.389;22110
2015.09.22;20:00:00;75.649;75.339;75.568;75.405;10691
2015.09.23;00:00:00;75.691;75.392;75.691;75.569;8636
2015.09.23;04:00:00;75.755;74.869;74.962;75.691;14463
2015.09.23;08:00:00;75.509;74.86;75.447;74.962;20923
2015.09.23;12:00:00;75.746;75.317;75.466;75.445;18957
2015.09.23;16:00:00;75.671;74.862;75.179;75.465;26994
2015.09.23;20:00:00;75.459;74.955;75.427;75.179;14905
2015.09.24;00:00:00;75.745;75.276;75.481;75.434;12303
2015.09.24;04:00:00;75.779;75.266;75.484;75.48;18274
2015.09.24;08:00:00;75.631;75.284;75.445;75.486;23095
2015.09.24;12:00:00;75.508;74.932;75.196;75.443;26248
2015.09.24;16:00:00;76.086;75.089;75.837;75.196;29875
2015.09.24;20:00:00;76.489;75.745;76.25;75.837;15767
2015.09.25;00:00:00;76.405;75.686;76.104;76.25;16109
2015.09.25;04:00:00;76.262;75.819;76.188;76.105;19490
2015.09.25;08:00:00;76.551;76.113;76.542;76.188;24604
2015.09.25;12:00:00;76.794;76.276;76.707;76.541;21917
2015.09.25;16:00:00;77.061;76.552;77.007;76.709;26101
2015.09.25;20:00:00;77.191;76.694;76.942;77.009;10897
2015.09.28;00:00:00;76.882;76.498;76.826;76.599;12448
2015.09.28;04:00:00;77.028;76.722;76.851;76.826;13499
2015.09.28;08:00:00;77.008;76.566;76.673;76.851;23493
2015.09.28;12:00:00;76.689;76.12;76.197;76.673;19842
2015.09.28;16:00:00;76.203;75.825;75.991;76.197;28761
2015.09.28;20:00:00;76.042;75.764;75.853;75.991;15981
2015.09.29;00:00:00;75.878;75.296;75.392;75.85;11439
2015.09.29;04:00:00;75.547;75.199;75.327;75.393;16813
2015.09.29;08:00:00;76.15;75.165;76.055;75.327;28105
2015.09.29;12:00:00;76.351;75.832;76.344;76.055;20540
2015.09.29;16:00:00;76.793;75.867;75.939;76.344;32012
2015.09.29;20:00:00;76.165;75.848;75.962;75.939;15046
2015.09.30;00:00:00;76.472;75.882;76.448;75.964;10351
2015.09.30;04:00:00;76.454;76.152;76.399;76.448;15753
2015.09.30;08:00:00;76.833;76.293;76.752;76.397;21545
2015.09.30;12:00:00;76.86;76.428;76.532;76.75;17877
2015.09.30;16:00:00;76.93;76.377;76.423;76.532;27057
2015.09.30;20:00:00;76.711;76.421;76.673;76.421;11695
2015.10.01;00:00:00;76.753;76.499;76.735;76.673;10068
2015.10.01;04:00:00;77.262;76.672;77.1;76.732;19897
2015.10.01;08:00:00;77.18;76.832;77.081;77.101;19726
2015.10.01;12:00:00;77.415;76.77;76.794;77.078;24125
2015.10.01;16:00:00;77.077;76.456;76.654;76.795;28448
2015.10.01;20:00:00;76.848;76.559;76.669;76.652;13443
2015.10.02;00:00:00;76.851;76.604;76.794;76.673;9200
2015.10.02;04:00:00;76.984;76.567;76.683;76.797;14567
2015.10.02;08:00:00;77.109;76.684;77.06;76.685;16499
2015.10.02;12:00:00;77.163;76.407;76.581;77.059;20969
2015.10.02;16:00:00;76.975;76.149;76.928;76.579;39470
2015.10.02;20:00:00;77.401;76.848;77.252;76.928;15529
2015.10.05;00:00:00;77.559;77.189;77.394;77.411;9565
2015.10.05;04:00:00;77.688;77.319;77.543;77.393;14969
2015.10.05;08:00:00;78.338;77.476;78.188;77.541;23092
2015.10.05;12:00:00;78.529;78.056;78.12;78.189;22465
2015.10.05;16:00:00;78.316;77.987;78.177;78.122;23909
2015.10.05;20:00:00;78.468;78.123;78.127;78.177;13550
2015.10.06;00:00:00;78.254;78.063;78.098;78.134;10494
2015.10.06;04:00:00;78.471;78.07;78.35;78.099;16167
2015.10.06;08:00:00;78.35;77.961;78.209;78.35;20847
2015.10.06;12:00:00;78.234;77.93;78.012;78.209;18638
2015.10.06;16:00:00;78.673;77.983;78.668;78.016;25965
2015.10.06;20:00:00;78.797;78.533;78.636;78.67;13512
2015.10.07;00:00:00;78.705;78.562;78.669;78.638;10509
2015.10.07;04:00:00;79.172;78.638;79.052;78.67;20794
2015.10.07;08:00:00;79.55;79.044;79.276;79.051;22864
2015.10.07;12:00:00;79.792;79.213;79.491;79.276;18760
2015.10.07;16:00:00;79.773;79.208;79.358;79.492;26525
2015.10.07;20:00:00;79.558;79.117;79.306;79.357;14161
2015.10.08;00:00:00;79.506;79.162;79.382;79.305;9192
2015.10.08;04:00:00;79.593;78.932;79.039;79.382;16820
2015.10.08;08:00:00;79.219;78.885;79.02;79.039;20897
2015.10.08;12:00:00;79.368;78.998;79.185;79.02;19414
2015.10.08;16:00:00;79.669;79.091;79.592;79.185;20634
2015.10.08;20:00:00;80.212;79.453;79.923;79.593;16656
2015.10.09;00:00:00;80.056;79.77;79.921;79.904;11161
2015.10.09;04:00:00;80.167;79.895;80.081;79.923;13798
2015.10.09;08:00:00;80.68;80.062;80.542;80.081;22870
2015.10.09;12:00:00;80.829;80.413;80.439;80.542;22606
2015.10.09;16:00:00;80.693;80.344;80.61;80.439;23196
2015.10.09;20:00:00;80.635;80.415;80.433;80.611;7777
2015.10.12;00:00:00;80.379;80.151;80.262;80.242;6449
2015.10.12;04:00:00;80.6;80.217;80.519;80.262;6786
2015.10.12;08:00:00;80.976;80.428;80.768;80.52;13645
2015.10.12;12:00:00;80.897;80.552;80.796;80.769;13337
2015.10.12;16:00:00;80.895;80.704;80.736;80.796;16961
2015.10.12;20:00:00;80.767;80.523;80.596;80.736;7432
2015.10.13;00:00:00;80.603;80.06;80.152;80.603;8751
2015.10.13;04:00:00;80.245;79.757;80.02;80.152;13325
2015.10.13;08:00:00;80.219;79.841;79.952;80.019;16444
2015.10.13;12:00:00;80.321;79.857;80.03;79.951;18122
2015.10.13;16:00:00;80.256;79.642;80.03;80.03;19930
2015.10.13;20:00:00;80.047;79.245;79.486;80.031;12439
2015.10.14;00:00:00;79.666;79.237;79.476;79.488;11943
2015.10.14;04:00:00;79.945;79.454;79.885;79.477;13071
2015.10.14;08:00:00;80.751;79.698;80.538;79.884;21374
2015.10.14;12:00:00;80.967;80.263;80.771;80.537;20595
2015.10.14;16:00:00;80.98;80.487;80.554;80.77;25779
2015.10.14;20:00:00;80.885;80.342;80.656;80.558;17379
2015.10.15;00:00:00;81.406;80.581;80.998;80.647;11177
2015.10.15;04:00:00;81.334;80.99;81.179;80.998;14714
2015.10.15;08:00:00;81.574;80.99;81.279;81.178;25015
2015.10.15;12:00:00;81.421;80.852;81.035;81.281;24196
2015.10.15;16:00:00;81.401;80.911;81.279;81.033;27378
2015.10.15;20:00:00;81.535;81.253;81.422;81.277;11397
2015.10.16;00:00:00;81.909;81.139;81.319;81.415;14449
2015.10.16;04:00:00;81.538;81.275;81.306;81.318;13283
2015.10.16;08:00:00;81.437;80.914;80.98;81.307;17796
2015.10.16;12:00:00;81.129;80.714;80.943;80.98;19806
2015.10.16;16:00:00;81.32;80.864;81.2;80.942;23978
2015.10.16;20:00:00;81.455;81.17;81.285;81.202;10358
2015.10.19;00:00:00;81.318;80.907;80.947;81.155;6751
2015.10.19;04:00:00;81.383;80.824;81.178;80.947;13263
2015.10.19;08:00:00;81.339;80.97;81.32;81.176;15819
2015.10.19;12:00:00;81.446;81.035;81.119;81.321;16651
2015.10.19;16:00:00;81.334;81.104;81.205;81.117;17471
2015.10.19;20:00:00;81.232;81.083;81.118;81.206;9553
2015.10.20;00:00:00;81.438;81.045;81.21;81.114;7550
2015.10.20;04:00:00;81.353;81.118;81.265;81.212;7888
2015.10.20;08:00:00;81.805;81.153;81.557;81.263;14720
2015.10.20;12:00:00;81.874;81.461;81.574;81.555;15009
2015.10.20;16:00:00;81.636;80.838;80.931;81.574;19301
2015.10.20;20:00:00;81.027;80.741;80.9;80.931;9221
2015.10.21;00:00:00;81.027;80.822;80.912;80.897;8340
2015.10.21;04:00:00;81.009;80.77;80.834;80.912;9159
2015.10.21;08:00:00;80.865;80.242;80.697;80.834;19001
2015.10.21;12:00:00;80.856;80.518;80.554;80.701;14572
2015.10.21;16:00:00;80.845;80.473;80.733;80.554;21080
2015.10.21;20:00:00;80.832;80.37;80.403;80.735;12901
2015.10.22;00:00:00;80.698;80.34;80.603;80.397;8062
2015.10.22;04:00:00;81.299;80.603;80.871;80.603;13082
2015.10.22;08:00:00;81.04;80.813;81.025;80.87;16578
2015.10.22;12:00:00;81.3;80.932;81.239;81.026;19586
2015.10.22;16:00:00;82.027;81.188;81.844;81.241;26713
2015.10.22;20:00:00;82.047;81.588;81.955;81.844;13608
2015.10.23;00:00:00;82.668;81.797;82.515;81.949;13479
2015.10.23;04:00:00;82.618;82.346;82.512;82.518;14966
2015.10.23;08:00:00;82.665;81.952;82.118;82.513;21435
2015.10.23;12:00:00;82.244;81.655;81.915;82.12;22292
2015.10.23;16:00:00;81.954;81.477;81.8;81.916;23408
2015.10.23;20:00:00;82.024;81.719;81.931;81.8;12132
2015.10.25;23:00:00;82.093;81.781;81.949;81.781;1075
2015.10.26;00:00:00;81.959;81.727;81.927;81.947;14474
2015.10.26;04:00:00;82.251;81.907;82.126;81.925;10230
2015.10.26;08:00:00;82.175;81.683;81.855;82.126;17246
2015.10.26;12:00:00;82.047;81.798;81.905;81.855;18069
2015.10.26;16:00:00;82.244;81.834;82.073;81.888;21188
2015.10.26;20:00:00;82.2;81.545;81.949;82.049;17801
2015.10.27;00:00:00;82.155;81.787;81.829;81.948;13839
2015.10.27;04:00:00;81.829;81.562;81.76;81.829;12128
2015.10.27;08:00:00;81.892;81.509;81.682;81.759;18528
2015.10.27;12:00:00;81.904;81.585;81.675;81.682;21899
2015.10.27;16:00:00;81.837;81.532;81.587;81.677;23351
2015.10.27;20:00:00;81.624;81.323;81.461;81.589;17884
2015.10.28;00:00:00;81.63;81.097;81.137;81.459;19455
2015.10.28;04:00:00;81.141;80.884;80.905;81.136;14016
2015.10.28;08:00:00;81.108;80.905;80.972;80.905;15701
2015.10.28;12:00:00;81.025;80.7;80.783;80.972;18064
2015.10.28;16:00:00;81.097;80.623;80.943;80.781;22211
2015.10.28;20:00:00;81.273;80.215;80.921;80.943;30188
2015.10.29;00:00:00;81;80.479;80.559;80.927;18880
2015.10.29;04:00:00;80.638;80.254;80.484;80.56;11684
2015.10.29;08:00:00;80.646;80.296;80.606;80.484;21768
2015.10.29;12:00:00;81.112;80.545;80.854;80.585;24408
2015.10.29;16:00:00;81.064;80.749;80.918;80.854;23058
2015.10.29;20:00:00;81.091;80.865;80.99;80.889;18685
2015.10.30;00:00:00;81.489;80.91;81.326;80.993;16576
2015.10.30;04:00:00;81.777;81.03;81.679;81.328;27550
2015.10.30;08:00:00;81.72;81.333;81.337;81.682;24580
2015.10.30;12:00:00;81.373;81.092;81.141;81.338;23904
2015.10.30;16:00:00;81.931;81.121;81.788;81.141;27356
2015.10.30;20:00:00;81.884;81.578;81.578;81.788;11509
2015.11.02;00:00:00;81.702;80.966;81.663;80.978;23413
2015.11.02;04:00:00;81.673;81.354;81.455;81.664;11782
2015.11.02;08:00:00;81.566;81.225;81.254;81.457;20616
2015.11.02;12:00:00;81.441;81.189;81.389;81.254;14826
2015.11.02;16:00:00;81.595;81.303;81.341;81.388;19681
2015.11.02;20:00:00;81.435;81.176;81.415;81.342;21641
2015.11.03;00:00:00;81.856;81.306;81.691;81.413;19535
2015.11.03;04:00:00;81.815;81.262;81.354;81.693;15965
2015.11.03;08:00:00;81.418;81.033;81.085;81.354;15568
2015.11.03;12:00:00;81.218;80.702;80.837;81.086;16169
2015.11.03;16:00:00;81.049;80.602;81.001;80.837;24879
2015.11.03;20:00:00;81.171;80.529;80.646;81.003;19616
2015.11.04;00:00:00;80.734;80.366;80.69;80.644;19813
2015.11.04;04:00:00;80.799;80.406;80.521;80.69;17645
2015.11.04;08:00:00;80.698;80.378;80.529;80.521;18350
2015.11.04;12:00:00;80.538;79.934;79.944;80.528;18031
2015.11.04;16:00:00;80.194;79.886;80.114;79.944;32724
2015.11.04;20:00:00;80.162;79.908;80.108;80.108;18969
2015.11.05;00:00:00;80.176;79.967;80.005;80.098;19243
2015.11.05;04:00:00;80.159;79.967;80.152;80.003;14931
2015.11.05;08:00:00;80.492;80.045;80.467;80.151;19684
2015.11.05;12:00:00;80.778;80.423;80.732;80.467;23094
2015.11.05;16:00:00;80.837;80.416;80.656;80.733;28350
2015.11.05;20:00:00;80.662;80.4;80.473;80.658;20759
2015.11.06;00:00:00;80.509;80.255;80.419;80.473;21117
2015.11.06;04:00:00;80.51;80.353;80.474;80.419;14982
2015.11.06;08:00:00;80.649;80.327;80.502;80.474;17289
2015.11.06;12:00:00;80.743;79.96;80.051;80.504;21840
2015.11.06;16:00:00;80.303;79.934;80.24;80.05;37187
2015.11.06;20:00:00;80.368;80.167;80.285;80.24;14858
2015.11.09;00:00:00;80.78;80.265;80.776;80.265;15165
2015.11.09;04:00:00;80.973;80.702;80.892;80.774;12456
2015.11.09;08:00:00;80.914;80.682;80.721;80.893;16660
2015.11.09;12:00:00;81.051;80.601;80.666;80.721;17207
2015.11.09;16:00:00;80.733;80.367;80.464;80.666;25332
2015.11.09;20:00:00;80.649;80.368;80.441;80.462;12518
2015.11.10;00:00:00;80.517;80.279;80.422;80.434;13788
2015.11.10;04:00:00;80.488;80.368;80.443;80.423;10623
2015.11.10;08:00:00;80.587;80.336;80.501;80.444;16334
2015.11.10;12:00:00;80.692;80.457;80.49;80.5;18045
2015.11.10;16:00:00;80.533;80.37;80.463;80.491;21912
2015.11.10;20:00:00;80.681;80.204;80.361;80.464;13688
2015.11.11;00:00:00;80.73;80.345;80.649;80.345;14949
2015.11.11;04:00:00;80.934;80.575;80.83;80.649;13099
2015.11.11;08:00:00;80.85;80.598;80.611;80.831;15179
2015.11.11;12:00:00;80.78;80.556;80.756;80.611;14843
2015.11.11;16:00:00;80.857;80.461;80.568;80.756;18107
2015.11.11;20:00:00;80.613;80.465;80.531;80.572;11890
2015.11.12;00:00:00;80.776;80.396;80.697;80.529;21829
2015.11.12;04:00:00;80.763;80.385;80.458;80.697;13388
2015.11.12;08:00:00;80.673;80.297;80.52;80.458;16198
2015.11.12;12:00:00;80.575;80.073;80.188;80.521;16810
2015.11.12;16:00:00;80.326;79.911;80.109;80.188;31208
2015.11.12;20:00:00;80.229;80.071;80.165;80.113;16036
2015.11.13;00:00:00;80.288;80.085;80.259;80.165;15358
2015.11.13;04:00:00;80.35;80.144;80.226;80.258;12279
2015.11.13;08:00:00;80.252;79.94;80.028;80.228;15169
2015.11.13;12:00:00;80.191;79.997;80.002;80.03;17954
2015.11.13;16:00:00;80.245;79.824;80.151;80.003;22083
2015.11.13;20:00:00;80.224;80.1;80.118;80.153;11109
2015.11.16;00:00:00;80.107;79.772;79.962;79.98;15694
2015.11.16;04:00:00;80.017;79.887;79.969;79.962;6904
2015.11.16;08:00:00;80.311;79.967;80.115;79.969;17831
2015.11.16;12:00:00;80.137;79.636;79.644;80.117;20042
2015.11.16;16:00:00;79.997;79.6;79.95;79.646;21431
2015.11.16;20:00:00;80.089;79.914;79.927;79.951;11051
2015.11.17;00:00:00;80.056;79.689;79.881;79.924;12858
2015.11.17;04:00:00;79.883;79.616;79.642;79.882;12482
2015.11.17;08:00:00;79.804;79.533;79.743;79.642;15861
2015.11.17;12:00:00;79.972;79.691;79.815;79.742;18939
2015.11.17;16:00:00;79.896;79.67;79.797;79.812;24566
2015.11.17;20:00:00;79.879;79.706;79.845;79.799;16458
2015.11.18;00:00:00;79.956;79.786;79.797;79.847;12307
2015.11.18;04:00:00;79.958;79.704;79.951;79.8;10786
2015.11.18;08:00:00;79.978;79.798;79.86;79.951;15684
2015.11.18;12:00:00;79.946;79.697;79.774;79.86;16492
2015.11.18;16:00:00;79.789;79.465;79.545;79.775;22881
2015.11.18;20:00:00;79.988;79.451;79.966;79.548;20623
2015.11.19;00:00:00;80.765;79.877;80.637;79.978;17839
2015.11.19;04:00:00;80.698;80.339;80.569;80.637;17959
2015.11.19;08:00:00;80.621;80.22;80.276;80.557;19066
2015.11.19;12:00:00;80.356;80.138;80.191;80.276;18036
2015.11.19;16:00:00;80.838;80.191;80.639;80.191;27489
2015.11.19;20:00:00;80.673;80.473;80.645;80.639;10478
2015.11.20;00:00:00;80.776;80.533;80.763;80.627;13756
2015.11.20;04:00:00;81.154;80.74;80.89;80.762;12666
2015.11.20;08:00:00;80.907;80.587;80.61;80.89;21409
2015.11.20;12:00:00;80.753;80.469;80.738;80.612;16391
2015.11.20;16:00:00;80.835;80.472;80.503;80.738;23193
2015.11.20;20:00:00;80.783;80.5;80.558;80.502;11019
2015.11.23;00:00:00;80.608;80.193;80.291;80.447;12667
2015.11.23;04:00:00;80.297;80.127;80.261;80.291;10144
2015.11.23;08:00:00;80.286;80.08;80.138;80.262;15877
2015.11.23;12:00:00;80.259;79.967;80.134;80.135;18390
2015.11.23;16:00:00;80.163;79.959;80.021;80.134;23139
2015.11.23;20:00:00;80.078;79.959;80.047;80.019;9385
2015.11.24;00:00:00;80.191;79.938;80.115;80.043;13755
2015.11.24;04:00:00;80.168;79.958;80.003;80.114;11252
2015.11.24;08:00:00;80.152;79.833;79.909;80.002;19459
2015.11.24;12:00:00;79.941;79.662;79.796;79.91;20352
2015.11.24;16:00:00;80.132;79.795;80.074;79.797;25026
2015.11.24;20:00:00;80.342;80.01;80.285;80.081;13368
2015.11.25;00:00:00;80.437;80.257;80.374;80.31;15872
2015.11.25;04:00:00;80.52;80.353;80.466;80.374;12445
2015.11.25;08:00:00;80.477;80.244;80.308;80.465;20829
2015.11.25;12:00:00;80.589;80.291;80.513;80.308;22860
2015.11.25;16:00:00;80.703;80.438;80.592;80.513;24483
2015.11.25;20:00:00;80.759;80.578;80.708;80.592;11967
2015.11.26;00:00:00;80.788;80.493;80.766;80.711;12888
2015.11.26;04:00:00;80.845;80.679;80.746;80.765;10585
2015.11.26;08:00:00;80.839;80.58;80.592;80.748;15719
2015.11.26;12:00:00;80.598;80.442;80.545;80.592;13215
2015.11.26;16:00:00;80.581;80.485;80.555;80.546;11013
2015.11.26;20:00:00;80.6;80.492;80.492;80.555;12186
2015.11.27;00:00:00;80.675;80.383;80.57;80.492;14264
2015.11.27;04:00:00;80.579;80.47;80.512;80.572;10947
2015.11.27;08:00:00;80.515;79.961;80.094;80.512;19521
2015.11.27;12:00:00;80.204;80.026;80.129;80.094;14708
2015.11.27;16:00:00;80.321;80.018;80.266;80.131;15898
2015.11.27;20:00:00;80.33;80.102;80.117;80.265;11904
2015.11.30;00:00:00;80.258;79.965;80.019;80.231;12357
2015.11.30;04:00:00;80.393;79.986;80.365;80.019;12936
2015.11.30;08:00:00;80.664;80.327;80.605;80.363;16387
2015.11.30;12:00:00;80.88;80.528;80.877;80.605;15573
2015.11.30;16:00:00;81.247;80.836;80.974;80.877;21044
2015.11.30;20:00:00;81.116;80.91;81.016;80.976;12642
2015.12.01;00:00:00;81.692;80.998;81.566;81.016;16328
2015.12.01;04:00:00;81.625;81.292;81.48;81.566;19057
2015.12.01;08:00:00;81.994;81.47;81.913;81.482;20442
2015.12.01;12:00:00;81.943;81.739;81.881;81.913;16556
2015.12.01;16:00:00;82.063;81.75;81.985;81.88;28709
2015.12.01;20:00:00;82.128;81.951;81.977;81.985;15382
2015.12.02;00:00:00;82.081;81.753;81.84;81.976;17784
2015.12.02;04:00:00;82.013;81.823;81.958;81.84;14352
2015.12.02;08:00:00;82.144;81.94;82.088;81.959;19418
2015.12.02;12:00:00;82.094;81.836;81.919;82.092;19410
2015.12.02;16:00:00;82.126;81.747;81.877;81.919;28951
2015.12.02;20:00:00;81.979;81.665;81.771;81.876;19157
2015.12.03;00:00:00;81.893;81.718;81.824;81.77;16512
2015.12.03;04:00:00;82.165;81.784;82.096;81.824;16189
2015.12.03;08:00:00;82.279;82.047;82.186;82.096;20234
2015.12.03;12:00:00;82.271;81.637;82;82.186;31059
2015.12.03;16:00:00;82.075;81.378;81.714;82;35291
2015.12.03;20:00:00;82.141;81.545;81.967;81.713;25926
2015.12.04;00:00:00;82.04;81.597;81.914;81.969;17303
2015.12.04;04:00:00;82;81.748;81.954;81.915;16593
2015.12.04;08:00:00;82.243;81.923;81.985;81.956;24287
2015.12.04;12:00:00;82.307;81.817;82.262;81.986;27877
2015.12.04;16:00:00;83.355;82.069;83.023;82.263;47012
2015.12.04;20:00:00;83.122;82.919;83.044;83.026;16330
2015.12.07;00:00:00;83.047;82.643;82.744;82.988;18224
2015.12.07;04:00:00;82.749;82.452;82.538;82.743;14516
2015.12.07;08:00:00;82.631;82.326;82.328;82.537;16799
2015.12.07;12:00:00;82.403;82.001;82.08;82.328;17697
2015.12.07;16:00:00;82.128;81.812;81.866;82.081;27625
2015.12.07;20:00:00;81.986;81.73;81.938;81.874;15191
2015.12.08;00:00:00;82.015;81.703;81.787;81.937;12304
2015.12.08;04:00:00;81.854;81.564;81.66;81.786;14443
2015.12.08;08:00:00;81.952;81.544;81.632;81.658;19954
2015.12.08;12:00:00;81.703;81.253;81.309;81.635;22730
2015.12.08;16:00:00;81.688;81.26;81.613;81.308;25509
2015.12.08;20:00:00;81.772;81.494;81.656;81.613;13179
2015.12.09;00:00:00;81.851;81.467;81.523;81.652;13690
2015.12.09;04:00:00;81.523;81.258;81.322;81.523;15683
2015.12.09;08:00:00;81.595;80.871;81.069;81.322;19213
2015.12.09;12:00:00;81.241;81;81.092;81.07;21041
2015.12.09;16:00:00;81.24;80.437;80.523;81.09;38584
2015.12.09;20:00:00;82.002;79.61;81.573;80.524;33358
2015.12.10;00:00:00;82.364;81.568;81.903;81.576;22651
2015.12.10;04:00:00;81.974;81.736;81.871;81.902;14067
2015.12.10;08:00:00;82.251;81.775;81.819;81.875;19338
2015.12.10;12:00:00;82.124;81.775;82.021;81.82;24294
2015.12.10;16:00:00;82.28;82.023;82.137;82.025;28063
2015.12.10;20:00:00;82.18;81.898;82.069;82.137;17841
2015.12.11;00:00:00;82.378;81.912;82.284;82.071;16216
2015.12.11;04:00:00;82.411;82.222;82.299;82.286;12892
2015.12.11;08:00:00;82.641;82.132;82.2;82.298;17525
2015.12.11;12:00:00;82.201;81.611;81.846;82.199;26348
2015.12.11;16:00:00;81.881;80.976;81.039;81.845;38645
2015.12.11;20:00:00;81.212;80.973;81.012;81.039;18975
2015.12.14;00:00:00;81.336;80.934;81.036;81.325;16086
2015.12.14;04:00:00;81.301;80.907;81.262;81.036;17167
2015.12.14;08:00:00;81.586;81.215;81.442;81.263;18403
2015.12.14;12:00:00;81.806;81.261;81.711;81.442;26184
2015.12.14;16:00:00;81.877;81.401;81.796;81.712;40066
2015.12.14;20:00:00;81.838;81.667;81.744;81.799;18868
2015.12.15;00:00:00;82.265;81.71;82.117;81.744;16278
2015.12.15;04:00:00;82.284;82.079;82.156;82.116;14335
2015.12.15;08:00:00;82.412;81.98;82.119;82.158;20401
2015.12.15;12:00:00;82.373;81.968;82.222;82.117;25195
2015.12.15;16:00:00;82.248;81.991;82.122;82.222;31298
2015.12.15;20:00:00;82.13;82.102;82.111;82.115;23
