DATE;TIME;HIGH;LOW;CLOSE;OPEN;VOLUME
2015.04.27;12:00:00;0.76103;0.75907;0.7597;0.75973;16111
2015.04.27;16:00:00;0.76645;0.75967;0.76477;0.75971;20463
2015.04.27;20:00:00;0.76529;0.76326;0.7643;0.76478;12441
2015.04.28;00:00:00;0.76449;0.76217;0.76323;0.76411;9267
2015.04.28;04:00:00;0.76395;0.76187;0.76187;0.76323;9377
2015.04.28;08:00:00;0.76702;0.76154;0.76681;0.76184;17306
2015.04.28;12:00:00;0.76974;0.76581;0.76839;0.76681;19915
2015.04.28;16:00:00;0.774;0.76808;0.77245;0.76839;24709
2015.04.28;20:00:00;0.77297;0.77114;0.77114;0.77243;13870
2015.04.29;00:00:00;0.77353;0.77025;0.77156;0.77028;10447
2015.04.29;04:00:00;0.77165;0.76857;0.76919;0.7715;12337
2015.04.29;08:00:00;0.77156;0.76906;0.77037;0.7692;16925
2015.04.29;12:00:00;0.77242;0.76702;0.76945;0.77037;19997
2015.04.29;16:00:00;0.77432;0.76854;0.77287;0.76942;33263
2015.04.29;20:00:00;0.77391;0.76768;0.76798;0.77285;22997
2015.04.30;00:00:00;0.76758;0.75918;0.76229;0.76752;11776
2015.04.30;04:00:00;0.7634;0.76115;0.76178;0.76231;11705
2015.04.30;08:00:00;0.76244;0.75739;0.76097;0.76178;23264
2015.04.30;12:00:00;0.76209;0.75835;0.75978;0.76097;21910
2015.04.30;16:00:00;0.76237;0.75782;0.76114;0.75977;27291
2015.04.30;20:00:00;0.76395;0.76069;0.7616;0.76116;13609
2015.05.01;00:00:00;0.76253;0.75946;0.76;0.76152;8704
2015.05.01;04:00:00;0.76074;0.75679;0.75858;0.75999;8477
2015.05.01;08:00:00;0.75973;0.7567;0.75808;0.75858;12758
2015.05.01;12:00:00;0.75987;0.7565;0.75699;0.75821;15091
2015.05.01;16:00:00;0.75802;0.75053;0.75237;0.75702;23416
2015.05.01;20:00:00;0.75399;0.75152;0.75392;0.75239;7937
2015.05.04;00:00:00;0.75384;0.75069;0.751;0.75244;9033
2015.05.04;04:00:00;0.75301;0.75079;0.75259;0.75099;9749
2015.05.04;08:00:00;0.75436;0.75196;0.75366;0.75256;12222
2015.05.04;12:00:00;0.75413;0.75227;0.75373;0.75365;11364
2015.05.04;16:00:00;0.75564;0.75228;0.75276;0.75373;11521
2015.05.04;20:00:00;0.7537;0.75197;0.75341;0.75275;6261
2015.05.05;00:00:00;0.75451;0.75275;0.7538;0.75357;9627
2015.05.05;04:00:00;0.7554;0.75198;0.75438;0.75378;13834
2015.05.05;08:00:00;0.75561;0.75046;0.75079;0.75435;18835
2015.05.05;12:00:00;0.75279;0.74887;0.75209;0.7508;17620
2015.05.05;16:00:00;0.75765;0.75013;0.75671;0.75209;23537
2015.05.05;20:00:00;0.75756;0.75511;0.75551;0.75674;8516
2015.05.06;00:00:00;0.75683;0.74678;0.74751;0.75551;13695
2015.05.06;04:00:00;0.74969;0.7458;0.7483;0.74751;13738
2015.05.06;08:00:00;0.75136;0.7468;0.74907;0.74832;20023
2015.05.06;12:00:00;0.75246;0.74763;0.75185;0.74908;20290
2015.05.06;16:00:00;0.75505;0.74918;0.74938;0.75188;24484
2015.05.06;20:00:00;0.75143;0.74919;0.74944;0.7494;12638
2015.05.07;00:00:00;0.75041;0.74826;0.7497;0.74945;13291
2015.05.07;04:00:00;0.7527;0.74846;0.74998;0.74969;15995
2015.05.07;08:00:00;0.75185;0.74686;0.74765;0.74998;19283
2015.05.07;12:00:00;0.74953;0.74559;0.7472;0.74766;19019
2015.05.07;16:00:00;0.74771;0.74243;0.74397;0.74718;20153
2015.05.07;20:00:00;0.74499;0.74322;0.74472;0.74398;12181
2015.05.08;00:00:00;0.74598;0.74314;0.74432;0.74472;10092
2015.05.08;04:00:00;0.74609;0.74203;0.74562;0.74433;15408
2015.05.08;08:00:00;0.74609;0.74206;0.74333;0.74562;16720
2015.05.08;12:00:00;0.74819;0.74201;0.74753;0.74334;20048
2015.05.08;16:00:00;0.74997;0.74446;0.7488;0.74752;24628
2015.05.08;20:00:00;0.74962;0.74618;0.74882;0.7488;8424
2015.05.11;00:00:00;0.7471;0.74009;0.7407;0.7471;10313
2015.05.11;04:00:00;0.74134;0.7373;0.73839;0.74071;13698
2015.05.11;08:00:00;0.74049;0.737;0.7384;0.73838;14294
2015.05.11;12:00:00;0.73889;0.73677;0.73743;0.73834;12320
2015.05.11;16:00:00;0.73813;0.73384;0.73488;0.73744;16683
2015.05.11;20:00:00;0.73603;0.73314;0.73323;0.73488;7360
2015.05.12;00:00:00;0.73449;0.73271;0.73311;0.73323;8015
2015.05.12;04:00:00;0.73688;0.73282;0.73598;0.73311;11049
2015.05.12;08:00:00;0.73711;0.7353;0.73654;0.736;20070
2015.05.12;12:00:00;0.7401;0.73583;0.73644;0.73652;19794
2015.05.12;16:00:00;0.73788;0.73472;0.73655;0.73645;16887
2015.05.12;20:00:00;0.73758;0.73439;0.73589;0.73657;9674
2015.05.13;00:00:00;0.74206;0.73166;0.73937;0.73593;14381
2015.05.13;04:00:00;0.74082;0.73601;0.73899;0.73938;14406
2015.05.13;08:00:00;0.74376;0.73819;0.74218;0.73896;16223
2015.05.13;12:00:00;0.75028;0.74191;0.7487;0.74218;20320
2015.05.13;16:00:00;0.7505;0.74672;0.74805;0.7487;21334
2015.05.13;20:00:00;0.7486;0.7465;0.74812;0.74805;8112
2015.05.14;00:00:00;0.75621;0.74745;0.75417;0.74812;13612
2015.05.14;04:00:00;0.75569;0.75251;0.75297;0.75417;12985
2015.05.14;08:00:00;0.7563;0.74792;0.74902;0.75298;21588
2015.05.14;12:00:00;0.75299;0.7485;0.75224;0.74902;18959
2015.05.14;16:00:00;0.75428;0.74887;0.75037;0.75223;19140
2015.05.14;20:00:00;0.75058;0.74874;0.74959;0.75034;7223
2015.05.15;00:00:00;0.75012;0.74524;0.74592;0.74958;10740
2015.05.15;04:00:00;0.74785;0.7453;0.74728;0.74593;10565
2015.05.15;08:00:00;0.74756;0.74445;0.7445;0.74729;18459
2015.05.15;12:00:00;0.74489;0.7429;0.74332;0.7445;13666
2015.05.15;16:00:00;0.74896;0.74289;0.74782;0.74329;19742
2015.05.15;20:00:00;0.7493;0.74534;0.74691;0.74781;8207
2015.05.18;00:00:00;0.74571;0.74317;0.74348;0.7445;6727
2015.05.18;04:00:00;0.74385;0.74158;0.74338;0.74346;8250
2015.05.18;08:00:00;0.74472;0.74108;0.74198;0.74339;14031
2015.05.18;12:00:00;0.74286;0.73975;0.73979;0.742;13865
2015.05.18;16:00:00;0.74039;0.73802;0.73899;0.73982;15674
2015.05.18;20:00:00;0.73945;0.73704;0.7386;0.73906;9468
2015.05.19;00:00:00;0.73998;0.73655;0.7376;0.73888;9902
2015.05.19;04:00:00;0.74305;0.7358;0.74201;0.73762;14190
2015.05.19;08:00:00;0.74432;0.73876;0.74166;0.74199;21193
2015.05.19;12:00:00;0.74166;0.73665;0.73713;0.74166;17480
2015.05.19;16:00:00;0.738;0.73392;0.73412;0.73712;17603
2015.05.19;20:00:00;0.73533;0.73363;0.7342;0.7341;8225
2015.05.20;00:00:00;0.73585;0.73387;0.73501;0.73421;11904
2015.05.20;04:00:00;0.73707;0.73468;0.73588;0.735;9938
2015.05.20;08:00:00;0.73671;0.73258;0.73323;0.73586;21379
2015.05.20;12:00:00;0.73574;0.73235;0.73468;0.73324;15749
2015.05.20;16:00:00;0.7347;0.72899;0.7304;0.73466;18120
2015.05.20;20:00:00;0.73334;0.72807;0.73056;0.73038;19112
2015.05.21;00:00:00;0.73132;0.72945;0.7311;0.73055;8273
2015.05.21;04:00:00;0.73366;0.73033;0.73358;0.73111;14827
2015.05.21;08:00:00;0.7339;0.73124;0.73279;0.73358;18093
2015.05.21;12:00:00;0.73282;0.72914;0.72998;0.73277;15496
2015.05.21;16:00:00;0.73233;0.72973;0.73188;0.72997;21511
2015.05.21;20:00:00;0.73476;0.73158;0.73466;0.73187;8712
2015.05.22;00:00:00;0.73773;0.73384;0.73771;0.73469;14912
2015.05.22;04:00:00;0.7394;0.737;0.73838;0.7377;13941
2015.05.22;08:00:00;0.7393;0.73636;0.73707;0.73838;16822
2015.05.22;12:00:00;0.73741;0.73119;0.73162;0.73706;18172
2015.05.22;16:00:00;0.73204;0.73003;0.73134;0.73159;20939
2015.05.22;20:00:00;0.73226;0.72958;0.7304;0.73133;8557
2015.05.25;00:00:00;0.73154;0.72915;0.72923;0.73069;8860
2015.05.25;04:00:00;0.73069;0.72924;0.7306;0.72924;11909
2015.05.25;08:00:00;0.73132;0.72994;0.73049;0.73061;15632
2015.05.25;12:00:00;0.7313;0.72988;0.7307;0.73048;7558
2015.05.25;16:00:00;0.7315;0.73045;0.73086;0.7307;4940
2015.05.25;20:00:00;0.73131;0.7306;0.73072;0.73085;10166
2015.05.26;00:00:00;0.73201;0.72969;0.7305;0.73071;7767
2015.05.26;04:00:00;0.73211;0.73002;0.73128;0.73051;9350
2015.05.26;08:00:00;0.73161;0.72659;0.72742;0.73128;20375
2015.05.26;12:00:00;0.72986;0.72541;0.72552;0.72742;18799
2015.05.26;16:00:00;0.72735;0.72243;0.72353;0.72549;23453
2015.05.26;20:00:00;0.72406;0.72204;0.72246;0.72351;10766
2015.05.27;00:00:00;0.725;0.72241;0.72427;0.72243;6348
2015.05.27;04:00:00;0.72553;0.72159;0.72522;0.72426;13355
2015.05.27;08:00:00;0.72675;0.72346;0.72466;0.72523;18005
2015.05.27;12:00:00;0.72503;0.72128;0.72147;0.72467;20692
2015.05.27;16:00:00;0.72555;0.72112;0.72184;0.72148;23986
2015.05.27;20:00:00;0.72642;0.72123;0.72642;0.72185;11472
2015.05.28;00:00:00;0.72707;0.7234;0.72533;0.72642;11150
2015.05.28;04:00:00;0.72642;0.72281;0.72423;0.72534;18593
2015.05.28;08:00:00;0.72652;0.72306;0.7241;0.72424;25705
2015.05.28;12:00:00;0.72463;0.71425;0.7154;0.72408;25912
2015.05.28;16:00:00;0.71658;0.71278;0.71618;0.71539;25428
2015.05.28;20:00:00;0.71856;0.71593;0.71751;0.71619;12573
2015.05.29;00:00:00;0.71934;0.71609;0.71673;0.71749;11169
2015.05.29;04:00:00;0.7162;0.71366;0.71433;0.71612;14639
2015.05.29;08:00:00;0.71518;0.71061;0.71133;0.71432;19896
2015.05.29;12:00:00;0.71332;0.71072;0.71098;0.71133;21171
2015.05.29;16:00:00;0.71372;0.70799;0.71007;0.71097;23764
2015.05.29;20:00:00;0.7114;0.70883;0.71047;0.7101;7208
2015.06.01;00:00:00;0.7104;0.70762;0.70874;0.7081;6144
2015.06.01;04:00:00;0.71114;0.7084;0.71038;0.70874;12617
2015.06.01;08:00:00;0.71235;0.7094;0.71089;0.71037;17136
2015.06.01;12:00:00;0.71431;0.71021;0.71379;0.71091;15983
2015.06.01;16:00:00;0.71488;0.70821;0.70857;0.71384;20325
2015.06.01;20:00:00;0.70965;0.70814;0.70835;0.70856;9562
2015.06.02;00:00:00;0.71102;0.70854;0.71077;0.70889;12021
2015.06.02;04:00:00;0.71203;0.70961;0.71141;0.71076;15773
2015.06.02;08:00:00;0.71326;0.70972;0.71017;0.71141;20242
2015.06.02;12:00:00;0.71288;0.70921;0.71196;0.71017;23481
2015.06.02;16:00:00;0.71947;0.71189;0.71858;0.71198;29993
2015.06.02;20:00:00;0.71999;0.71708;0.71799;0.71858;11606
2015.06.03;00:00:00;0.71815;0.71514;0.7163;0.71799;11982
2015.06.03;04:00:00;0.71917;0.71522;0.71687;0.7163;14068
2015.06.03;08:00:00;0.71884;0.7141;0.71444;0.71687;20276
2015.06.03;12:00:00;0.71497;0.71161;0.7122;0.71445;20175
2015.06.03;16:00:00;0.7183;0.71199;0.71372;0.71221;24534
2015.06.03;20:00:00;0.7156;0.71334;0.715;0.71373;9050
2015.06.04;00:00:00;0.71574;0.71437;0.71548;0.715;8571
2015.06.04;04:00:00;0.71621;0.71247;0.713;0.71549;12757
2015.06.04;08:00:00;0.71667;0.71175;0.71517;0.713;23032
2015.06.04;12:00:00;0.71556;0.71333;0.71404;0.71518;18910
2015.06.04;16:00:00;0.7144;0.71021;0.71251;0.71405;18619
2015.06.04;20:00:00;0.71291;0.71053;0.71282;0.71251;8782
2015.06.05;00:00:00;0.71308;0.71112;0.71224;0.71288;11786
2015.06.05;04:00:00;0.71432;0.71208;0.71396;0.71224;11992
2015.06.05;08:00:00;0.71439;0.712;0.71272;0.71397;15080
2015.06.05;12:00:00;0.71486;0.70348;0.70443;0.71272;17761
2015.06.05;16:00:00;0.70635;0.70234;0.70518;0.70441;24511
2015.06.05;20:00:00;0.70579;0.70366;0.70483;0.70518;7063
2015.06.08;00:00:00;0.70506;0.70391;0.70409;0.70391;7797
2015.06.08;04:00:00;0.70559;0.70389;0.70509;0.70409;8819
2015.06.08;08:00:00;0.70749;0.70422;0.7056;0.70507;17055
2015.06.08;12:00:00;0.70877;0.70549;0.70871;0.7056;12433
2015.06.08;16:00:00;0.71028;0.70751;0.7091;0.7087;13125
2015.06.08;20:00:00;0.7156;0.70903;0.71422;0.70911;12536
2015.06.09;00:00:00;0.71434;0.71185;0.71188;0.71385;10115
2015.06.09;04:00:00;0.7136;0.71041;0.71089;0.71192;10758
2015.06.09;08:00:00;0.71219;0.70856;0.71088;0.71089;18602
2015.06.09;12:00:00;0.71783;0.71089;0.71266;0.71089;20736
2015.06.09;16:00:00;0.71547;0.71124;0.7131;0.71266;19436
2015.06.09;20:00:00;0.71433;0.71288;0.71301;0.71311;7572
2015.06.10;00:00:00;0.71571;0.71294;0.71451;0.71305;14428
2015.06.10;04:00:00;0.71566;0.71061;0.71535;0.7145;19564
2015.06.10;08:00:00;0.72312;0.71414;0.71906;0.71535;30193
2015.06.10;12:00:00;0.72233;0.71728;0.71874;0.71907;20107
2015.06.10;16:00:00;0.72181;0.71843;0.71977;0.71875;21599
2015.06.10;20:00:00;0.72105;0.71918;0.72104;0.71976;12469
2015.06.11;00:00:00;0.70807;0.70141;0.70267;0.70682;14202
2015.06.11;04:00:00;0.70534;0.70091;0.70181;0.70267;11948
2015.06.11;08:00:00;0.70255;0.69967;0.7018;0.70181;22047
2015.06.11;12:00:00;0.70364;0.69652;0.70172;0.70181;20094
2015.06.11;16:00:00;0.70186;0.69763;0.69925;0.7017;19620
2015.06.11;20:00:00;0.70246;0.69905;0.70098;0.69924;9749
2015.06.12;00:00:00;0.70262;0.70028;0.70151;0.70098;11788
2015.06.12;04:00:00;0.70227;0.7001;0.7004;0.70151;13970
2015.06.12;08:00:00;0.70115;0.69546;0.69591;0.70039;18893
2015.06.12;12:00:00;0.69852;0.69523;0.6967;0.6959;17486
2015.06.12;16:00:00;0.69956;0.69416;0.69916;0.69668;19499
2015.06.12;20:00:00;0.69977;0.69784;0.69801;0.69915;6705
2015.06.15;00:00:00;0.69966;0.69702;0.69766;0.69846;8285
2015.06.15;04:00:00;0.69812;0.69582;0.69679;0.69767;14319
2015.06.15;08:00:00;0.69869;0.69615;0.69689;0.69678;18749
2015.06.15;12:00:00;0.70055;0.69617;0.69977;0.6969;13768
2015.06.15;16:00:00;0.70081;0.69822;0.7004;0.69979;12423
2015.06.15;20:00:00;0.70061;0.69858;0.6997;0.70042;12476
2015.06.16;00:00:00;0.70071;0.69865;0.69906;0.69971;12097
2015.06.16;04:00:00;0.70082;0.6986;0.69878;0.69905;14081
2015.06.16;08:00:00;0.69917;0.69708;0.69745;0.69878;14664
2015.06.16;12:00:00;0.69918;0.69721;0.69914;0.69744;10720
2015.06.16;16:00:00;0.70011;0.69749;0.69839;0.69916;9994
2015.06.16;20:00:00;0.69911;0.69792;0.69858;0.69841;6565
2015.06.17;00:00:00;0.69943;0.69761;0.69838;0.69858;12632
2015.06.17;04:00:00;0.69853;0.69631;0.69655;0.69837;13728
2015.06.17;08:00:00;0.69755;0.69245;0.6927;0.69655;17440
2015.06.17;12:00:00;0.69383;0.69182;0.69312;0.6927;13268
2015.06.17;16:00:00;0.69352;0.69033;0.69137;0.69311;10713
2015.06.17;20:00:00;0.70109;0.68784;0.69851;0.69137;23408
2015.06.18;00:00:00;0.69907;0.68789;0.68967;0.69852;15796
2015.06.18;04:00:00;0.69094;0.68887;0.68943;0.68968;13522
2015.06.18;08:00:00;0.69391;0.68887;0.69265;0.68943;17460
2015.06.18;12:00:00;0.6981;0.69192;0.69569;0.69266;18810
2015.06.18;16:00:00;0.69717;0.692;0.69261;0.6957;15382
2015.06.18;20:00:00;0.69428;0.69175;0.69252;0.69261;14170
2015.06.19;00:00:00;0.69373;0.69105;0.69296;0.69252;11724
2015.06.19;04:00:00;0.6937;0.69154;0.69179;0.69295;15157
2015.06.19;08:00:00;0.69219;0.68959;0.69033;0.69179;17773
2015.06.19;12:00:00;0.69076;0.68888;0.68953;0.69035;12716
2015.06.19;16:00:00;0.69138;0.68887;0.68928;0.68953;11330
2015.06.19;20:00:00;0.69083;0.68912;0.69077;0.68927;7619
2015.06.22;00:00:00;0.69072;0.68929;0.69;0.69001;7718
2015.06.22;04:00:00;0.69216;0.68999;0.69152;0.69002;12900
2015.06.22;08:00:00;0.69285;0.6891;0.68963;0.69152;16016
2015.06.22;12:00:00;0.68983;0.68698;0.68902;0.68964;13158
2015.06.22;16:00:00;0.68973;0.68618;0.68709;0.68902;14406
2015.06.22;20:00:00;0.68726;0.68611;0.6862;0.68708;11642
2015.06.23;00:00:00;0.68729;0.68588;0.6864;0.68619;11496
2015.06.23;04:00:00;0.68717;0.68356;0.68499;0.68639;14433
2015.06.23;08:00:00;0.68684;0.684;0.68457;0.68498;15832
2015.06.23;12:00:00;0.68505;0.68164;0.68193;0.68457;14018
2015.06.23;16:00:00;0.68581;0.68137;0.68362;0.68193;15253
2015.06.23;20:00:00;0.68569;0.68355;0.68511;0.68361;12552
2015.06.24;00:00:00;0.68724;0.68448;0.68572;0.68509;12082
2015.06.24;04:00:00;0.6868;0.68518;0.68528;0.68572;13974
2015.06.24;08:00:00;0.68974;0.68519;0.68844;0.68528;18121
2015.06.24;12:00:00;0.68874;0.68686;0.68766;0.68845;14357
2015.06.24;16:00:00;0.68874;0.68486;0.68833;0.68767;15819
2015.06.24;20:00:00;0.69063;0.68821;0.68877;0.68833;12818
2015.06.25;00:00:00;0.69034;0.68759;0.69032;0.68874;13268
2015.06.25;04:00:00;0.69229;0.68953;0.69162;0.69032;15187
2015.06.25;08:00:00;0.69197;0.68883;0.6893;0.69163;14670
2015.06.25;12:00:00;0.6916;0.68918;0.69112;0.6893;14165
2015.06.25;16:00:00;0.69186;0.69025;0.69067;0.69111;9045
2015.06.25;20:00:00;0.69143;0.69;0.69014;0.69067;13725
2015.06.26;00:00:00;0.69071;0.68619;0.68879;0.69017;12301
2015.06.26;04:00:00;0.68952;0.68818;0.68852;0.68878;16362
2015.06.26;08:00:00;0.68895;0.68708;0.68729;0.68853;12523
2015.06.26;12:00:00;0.68743;0.68398;0.68434;0.68729;10859
2015.06.26;16:00:00;0.68531;0.68166;0.68329;0.68435;14265
2015.06.26;20:00:00;0.68443;0.68248;0.68358;0.68328;8783
2015.06.29;00:00:00;0.68407;0.67835;0.68304;0.68287;14471
2015.06.29;04:00:00;0.6866;0.6829;0.68319;0.68306;18542
2015.06.29;08:00:00;0.68507;0.6818;0.68279;0.6832;24041
2015.06.29;12:00:00;0.68499;0.68207;0.68371;0.68278;13216
2015.06.29;16:00:00;0.68582;0.6807;0.68582;0.68372;17478
2015.06.29;20:00:00;0.68811;0.68475;0.68487;0.68582;13941
2015.06.30;00:00:00;0.68513;0.68304;0.68367;0.68487;9831
2015.06.30;04:00:00;0.68405;0.67961;0.68078;0.68378;20501
2015.06.30;08:00:00;0.68184;0.67652;0.6766;0.68079;20538
2015.06.30;12:00:00;0.67788;0.67462;0.6777;0.67662;17227
2015.06.30;16:00:00;0.67847;0.67553;0.67722;0.6777;15694
2015.06.30;20:00:00;0.67811;0.67622;0.6763;0.67722;11869
2015.07.01;00:00:00;0.67953;0.67622;0.6785;0.67622;19228
2015.07.01;04:00:00;0.68093;0.678;0.67949;0.67853;14523
2015.07.01;08:00:00;0.68072;0.6773;0.67813;0.67949;14501
2015.07.01;12:00:00;0.67876;0.67505;0.67622;0.67814;12700
2015.07.01;16:00:00;0.67634;0.67281;0.67521;0.67622;13833
2015.07.01;20:00:00;0.67522;0.67324;0.67324;0.67521;10383
2015.07.02;00:00:00;0.67353;0.66928;0.6709;0.67313;14467
2015.07.02;04:00:00;0.67111;0.66978;0.67022;0.67089;15983
2015.07.02;08:00:00;0.67024;0.6669;0.66816;0.67023;17256
2015.07.02;12:00:00;0.67139;0.66572;0.67019;0.66815;16438
2015.07.02;16:00:00;0.6733;0.66984;0.673;0.67019;13398
2015.07.02;20:00:00;0.67332;0.67125;0.67193;0.673;14696
2015.07.03;00:00:00;0.67306;0.67157;0.67239;0.67193;14654
2015.07.03;04:00:00;0.67294;0.67025;0.67237;0.6724;16332
2015.07.03;08:00:00;0.67239;0.66825;0.66901;0.67237;14166
2015.07.03;12:00:00;0.67061;0.6683;0.66869;0.66884;12797
2015.07.03;16:00:00;0.66958;0.66756;0.66845;0.66871;9134
2015.07.03;20:00:00;0.6697;0.66773;0.66856;0.66843;6268
2015.07.06;00:00:00;0.66972;0.66497;0.66885;0.66658;9815
2015.07.06;04:00:00;0.66989;0.6669;0.66725;0.66884;12550
2015.07.06;08:00:00;0.67103;0.66643;0.66855;0.66725;18868
2015.07.06;12:00:00;0.67048;0.66796;0.67014;0.66854;13147
2015.07.06;16:00:00;0.67135;0.66921;0.6697;0.67015;13709
2015.07.06;20:00:00;0.67001;0.66769;0.66856;0.66971;7345
2015.07.07;00:00:00;0.66864;0.66659;0.66695;0.66856;13849
2015.07.07;04:00:00;0.66822;0.66569;0.66608;0.66694;21024
2015.07.07;08:00:00;0.66688;0.66194;0.66286;0.66608;18754
2015.07.07;12:00:00;0.66429;0.6623;0.66284;0.66285;17282
2015.07.07;16:00:00;0.66706;0.66215;0.6654;0.66284;17699
2015.07.07;20:00:00;0.66758;0.66427;0.66469;0.6654;11834
2015.07.08;00:00:00;0.66704;0.66403;0.66572;0.66469;17125
2015.07.08;04:00:00;0.66578;0.66203;0.66425;0.66572;26999
2015.07.08;08:00:00;0.6672;0.66309;0.6671;0.66423;22656
2015.07.08;12:00:00;0.67188;0.66703;0.66943;0.66708;17293
2015.07.08;16:00:00;0.6749;0.66912;0.67249;0.66943;20209
2015.07.08;20:00:00;0.67415;0.67174;0.67267;0.6725;11598
2015.07.09;00:00:00;0.67327;0.66974;0.67006;0.67267;9399
2015.07.09;04:00:00;0.67531;0.67003;0.67323;0.67005;17654
2015.07.09;08:00:00;0.67505;0.67124;0.67177;0.67321;19718
2015.07.09;12:00:00;0.67534;0.67026;0.67401;0.67178;17053
2015.07.09;16:00:00;0.67502;0.67182;0.67209;0.67401;13729
2015.07.09;20:00:00;0.67473;0.67163;0.67412;0.67209;9667
2015.07.10;00:00:00;0.67694;0.67332;0.67493;0.6741;12574
2015.07.10;04:00:00;0.67665;0.67461;0.67613;0.67493;14296
2015.07.10;08:00:00;0.67674;0.6744;0.67485;0.67613;16883
2015.07.10;12:00:00;0.67652;0.6737;0.67398;0.67485;16108
2015.07.10;16:00:00;0.67426;0.66857;0.66901;0.67398;13575
2015.07.10;20:00:00;0.67232;0.66826;0.67196;0.66899;6318
2015.07.13;00:00:00;0.67176;0.66952;0.67175;0.66965;9667
2015.07.13;04:00:00;0.67515;0.67123;0.673;0.67174;18024
2015.07.13;08:00:00;0.67462;0.66886;0.67035;0.67301;24886
2015.07.13;12:00:00;0.672;0.66965;0.67063;0.67036;13651
2015.07.13;16:00:00;0.67063;0.66793;0.67025;0.67063;12429
2015.07.13;20:00:00;0.67031;0.66843;0.6692;0.67025;16331
2015.07.14;00:00:00;0.66931;0.66664;0.66799;0.66917;13794
2015.07.14;04:00:00;0.66899;0.66733;0.66739;0.66799;13133
2015.07.14;08:00:00;0.66935;0.66689;0.66819;0.66739;18307
2015.07.14;12:00:00;0.67417;0.66718;0.67132;0.6682;16753
2015.07.14;16:00:00;0.67275;0.6696;0.67095;0.67134;11739
2015.07.14;20:00:00;0.6712;0.67016;0.67099;0.67095;5918
2015.07.15;00:00:00;0.67139;0.66937;0.6699;0.6709;17586
2015.07.15;04:00:00;0.67222;0.66971;0.67046;0.66989;17217
2015.07.15;08:00:00;0.67062;0.6684;0.6691;0.67044;17131
2015.07.15;12:00:00;0.67023;0.66691;0.6674;0.66912;13700
2015.07.15;16:00:00;0.66741;0.65815;0.65953;0.6674;21358
2015.07.15;20:00:00;0.66038;0.65865;0.65886;0.65952;12975
2015.07.16;00:00:00;0.66009;0.65529;0.6554;0.65879;14996
2015.07.16;04:00:00;0.65551;0.65056;0.65166;0.65538;20338
2015.07.16;08:00:00;0.65396;0.64969;0.65266;0.65167;20311
2015.07.16;12:00:00;0.6533;0.6513;0.65244;0.6526;15566
2015.07.16;16:00:00;0.65494;0.65189;0.65226;0.65244;14369
2015.07.16;20:00:00;0.65303;0.65052;0.65116;0.65226;12347
2015.07.17;00:00:00;0.65263;0.65062;0.6518;0.65116;17341
2015.07.17;04:00:00;0.65414;0.65168;0.65401;0.65179;15305
2015.07.17;08:00:00;0.65445;0.6528;0.65309;0.654;16594
2015.07.17;12:00:00;0.65549;0.65256;0.65343;0.65309;14867
2015.07.17;16:00:00;0.65438;0.65193;0.65268;0.65342;13469
2015.07.17;20:00:00;0.65294;0.65166;0.6518;0.65269;7623
2015.07.20;00:00:00;0.65247;0.65083;0.65189;0.65147;7503
2015.07.20;04:00:00;0.65664;0.65034;0.65608;0.65189;19231
2015.07.20;08:00:00;0.65993;0.65602;0.65709;0.6561;25496
2015.07.20;12:00:00;0.65882;0.65647;0.65745;0.65711;21636
2015.07.20;16:00:00;0.65835;0.65435;0.65657;0.65745;16789
2015.07.20;20:00:00;0.65763;0.65618;0.65618;0.65659;12781
2015.07.21;00:00:00;0.65902;0.65566;0.65838;0.65637;14578
2015.07.21;04:00:00;0.66047;0.65804;0.65888;0.65837;23726
2015.07.21;08:00:00;0.66165;0.65837;0.66095;0.65888;29705
2015.07.21;12:00:00;0.66168;0.659;0.65956;0.66094;28446
2015.07.21;16:00:00;0.66529;0.65948;0.66491;0.65956;27004
2015.07.21;20:00:00;0.66511;0.66202;0.66207;0.6649;14037
2015.07.22;00:00:00;0.66344;0.66154;0.66254;0.66227;14346
2015.07.22;04:00:00;0.66431;0.66012;0.6616;0.66254;25075
2015.07.22;08:00:00;0.66292;0.66016;0.66136;0.6616;22403
2015.07.22;12:00:00;0.66188;0.6576;0.65884;0.66137;17799
2015.07.22;16:00:00;0.65917;0.65586;0.65742;0.65881;18581
2015.07.22;20:00:00;0.65871;0.65666;0.65671;0.65743;10886
2015.07.23;00:00:00;0.66513;0.65633;0.66086;0.65649;18217
2015.07.23;04:00:00;0.66383;0.66066;0.66291;0.6609;18205
2015.07.23;08:00:00;0.66939;0.66251;0.66903;0.66292;23399
2015.07.23;12:00:00;0.66917;0.66424;0.66447;0.66906;17296
2015.07.23;16:00:00;0.66526;0.66282;0.66404;0.66446;17618
2015.07.23;20:00:00;0.66432;0.66034;0.66052;0.66403;12398
2015.07.24;00:00:00;0.6623;0.65961;0.66139;0.6605;13565
2015.07.24;04:00:00;0.66188;0.65615;0.65807;0.66145;18878
2015.07.24;08:00:00;0.6601;0.65728;0.65754;0.65808;16772
2015.07.24;12:00:00;0.65825;0.65536;0.65752;0.65754;14851
2015.07.24;16:00:00;0.65931;0.65628;0.6576;0.65751;16315
2015.07.24;20:00:00;0.65792;0.65608;0.65732;0.65761;6585
2015.07.27;00:00:00;0.65833;0.65654;0.65799;0.65658;12912
2015.07.27;04:00:00;0.66028;0.65794;0.65849;0.65799;17335
2015.07.27;08:00:00;0.66167;0.65841;0.66099;0.65849;19732
2015.07.27;12:00:00;0.66185;0.65991;0.66094;0.661;16952
2015.07.27;16:00:00;0.66381;0.66086;0.66269;0.66092;17124
2015.07.27;20:00:00;0.6628;0.66012;0.66028;0.66269;7396
2015.07.28;00:00:00;0.66417;0.65984;0.66403;0.66029;13428
2015.07.28;04:00:00;0.6674;0.6622;0.66682;0.66403;21230
2015.07.28;08:00:00;0.66732;0.66516;0.66661;0.66682;19344
2015.07.28;12:00:00;0.66812;0.66544;0.66716;0.66659;17864
2015.07.28;16:00:00;0.6707;0.66615;0.66858;0.66716;18031
2015.07.28;20:00:00;0.67021;0.66693;0.66888;0.66858;12165
2015.07.29;00:00:00;0.67371;0.6657;0.67099;0.66851;15537
2015.07.29;04:00:00;0.67165;0.66992;0.66999;0.6709;18977
2015.07.29;08:00:00;0.67113;0.6671;0.66848;0.66997;17923
2015.07.29;12:00:00;0.66918;0.66675;0.66779;0.66847;15117
2015.07.29;16:00:00;0.66973;0.66703;0.66893;0.66778;18082
2015.07.29;20:00:00;0.67209;0.66608;0.66639;0.66891;19244
2015.07.30;00:00:00;0.66676;0.66267;0.66394;0.66636;12763
2015.07.30;04:00:00;0.66501;0.66193;0.66377;0.66395;18806
2015.07.30;08:00:00;0.66416;0.66117;0.66321;0.66377;18215
2015.07.30;12:00:00;0.66338;0.65789;0.66019;0.66322;18532
2015.07.30;16:00:00;0.6604;0.65649;0.65933;0.66019;20635
2015.07.30;20:00:00;0.66077;0.65862;0.66003;0.65932;15676
2015.07.31;00:00:00;0.66156;0.65959;0.65989;0.66006;14482
2015.07.31;04:00:00;0.65985;0.65674;0.65859;0.65985;20326
2015.07.31;08:00:00;0.65911;0.65443;0.65479;0.6586;20532
2015.07.31;12:00:00;0.66295;0.65338;0.65986;0.65479;21847
2015.07.31;16:00:00;0.66722;0.6598;0.66071;0.65985;26802
2015.07.31;20:00:00;0.66088;0.65818;0.65913;0.66072;11305
2015.08.03;00:00:00;0.6606;0.65706;0.65843;0.66018;11198
2015.08.03;04:00:00;0.65949;0.65773;0.65891;0.65844;18571
2015.08.03;08:00:00;0.6601;0.65779;0.65898;0.65892;16966
2015.08.03;12:00:00;0.65993;0.65807;0.65898;0.65898;19337
2015.08.03;16:00:00;0.66121;0.65879;0.65972;0.659;19456
2015.08.03;20:00:00;0.66015;0.6556;0.65621;0.65971;11709
2015.08.04;00:00:00;0.65692;0.65483;0.65592;0.65606;17973
2015.08.04;04:00:00;0.65716;0.65514;0.65598;0.65592;22501
2015.08.04;08:00:00;0.6608;0.65572;0.6606;0.65598;22250
2015.08.04;12:00:00;0.6615;0.65838;0.65877;0.6606;18688
2015.08.04;16:00:00;0.6603;0.6575;0.65837;0.65876;20062
2015.08.04;20:00:00;0.65838;0.65237;0.65364;0.65838;14576
2015.08.05;00:00:00;0.65479;0.65234;0.65402;0.65366;16288
2015.08.05;04:00:00;0.65405;0.65169;0.65245;0.65403;18851
2015.08.05;08:00:00;0.65369;0.65172;0.65351;0.65247;19644
2015.08.05;12:00:00;0.65643;0.65227;0.6556;0.6535;19042
2015.08.05;16:00:00;0.6556;0.6503;0.65054;0.6556;19979
2015.08.05;20:00:00;0.6519;0.64899;0.65092;0.65052;13468
2015.08.06;00:00:00;0.65356;0.65048;0.65303;0.65096;14640
2015.08.06;04:00:00;0.65436;0.65207;0.65386;0.65304;18860
2015.08.06;08:00:00;0.65519;0.65211;0.65308;0.65385;16785
2015.08.06;12:00:00;0.65441;0.65231;0.65337;0.65309;16108
2015.08.06;16:00:00;0.65538;0.65293;0.65471;0.65337;15433
2015.08.06;20:00:00;0.65566;0.65404;0.65507;0.65473;15047
2015.08.07;00:00:00;0.6556;0.65397;0.65473;0.65507;14684
2015.08.07;04:00:00;0.65674;0.65277;0.65552;0.65474;20265
2015.08.07;08:00:00;0.6567;0.65504;0.65576;0.65552;17668
2015.08.07;12:00:00;0.65868;0.6529;0.65294;0.65576;17741
2015.08.07;16:00:00;0.66092;0.65292;0.6598;0.65293;25902
2015.08.07;20:00:00;0.66359;0.65965;0.66182;0.65979;12229
2015.08.10;00:00:00;0.66142;0.65987;0.66024;0.66113;13456
2015.08.10;04:00:00;0.66255;0.65997;0.66109;0.66026;19218
2015.08.10;08:00:00;0.66149;0.65646;0.65678;0.66108;15041
2015.08.10;12:00:00;0.6584;0.65552;0.65701;0.65677;12873
2015.08.10;16:00:00;0.66222;0.65647;0.66182;0.65701;18279
2015.08.10;20:00:00;0.6623;0.66083;0.66164;0.66183;20765
2015.08.11;00:00:00;0.66315;0.66018;0.66262;0.66164;18898
2015.08.11;04:00:00;0.66277;0.65361;0.65519;0.66262;28911
2015.08.11;08:00:00;0.65773;0.65403;0.65542;0.6552;26716
2015.08.11;12:00:00;0.65601;0.654;0.65555;0.65534;16986
2015.08.11;16:00:00;0.65594;0.65209;0.65278;0.65555;20427
2015.08.11;20:00:00;0.65434;0.65186;0.65335;0.65283;11104
2015.08.12;00:00:00;0.65563;0.65332;0.65459;0.65335;17913
2015.08.12;04:00:00;0.6556;0.64663;0.64856;0.6546;26602
2015.08.12;08:00:00;0.65901;0.6485;0.65563;0.64857;26319
2015.08.12;12:00:00;0.66384;0.65484;0.65878;0.65566;21764
2015.08.12;16:00:00;0.66484;0.65757;0.66352;0.65876;25205
2015.08.12;20:00:00;0.66377;0.66031;0.66163;0.66355;11617
2015.08.13;00:00:00;0.66257;0.65939;0.66071;0.66163;11240
2015.08.13;04:00:00;0.66399;0.65865;0.66101;0.66068;17689
2015.08.13;08:00:00;0.66213;0.65691;0.65726;0.661;18394
2015.08.13;12:00:00;0.65797;0.65492;0.65638;0.65725;16139
2015.08.13;16:00:00;0.65722;0.65528;0.65621;0.65639;22227
2015.08.13;20:00:00;0.65829;0.65556;0.65688;0.65621;23718
2015.08.14;00:00:00;0.65715;0.6539;0.65473;0.65688;21211
2015.08.14;04:00:00;0.65508;0.65129;0.65321;0.65472;24996
2015.08.14;08:00:00;0.65502;0.65228;0.65405;0.65322;22737
2015.08.14;12:00:00;0.65638;0.65349;0.65422;0.65404;18706
2015.08.14;16:00:00;0.65701;0.65407;0.65545;0.65423;20685
2015.08.14;20:00:00;0.65545;0.65317;0.65322;0.65544;11743
2015.08.17;00:00:00;0.65475;0.65268;0.65282;0.65343;12128
2015.08.17;04:00:00;0.65443;0.65282;0.6538;0.65282;19390
2015.08.17;08:00:00;0.6552;0.65337;0.65493;0.6538;16736
2015.08.17;12:00:00;0.65723;0.65359;0.65668;0.65493;16061
2015.08.17;16:00:00;0.65827;0.65614;0.65776;0.65668;19575
2015.08.17;20:00:00;0.65807;0.6567;0.65707;0.65778;23768
2015.08.18;00:00:00;0.65805;0.65684;0.65775;0.65705;21838
2015.08.18;04:00:00;0.66037;0.65773;0.65901;0.65774;30471
2015.08.18;08:00:00;0.65972;0.65718;0.65771;0.65902;19486
2015.08.18;12:00:00;0.65865;0.65626;0.65642;0.65771;15513
2015.08.18;16:00:00;0.65974;0.65552;0.65826;0.65641;17675
2015.08.18;20:00:00;0.6601;0.65736;0.66;0.65824;15652
2015.08.19;00:00:00;0.66004;0.65773;0.65836;0.66002;20044
2015.08.19;04:00:00;0.65904;0.65735;0.65787;0.65836;30646
2015.08.19;08:00:00;0.65988;0.65776;0.65858;0.65787;21494
2015.08.19;12:00:00;0.65969;0.65627;0.65698;0.65864;15712
2015.08.19;16:00:00;0.65758;0.65484;0.65699;0.65698;19093
2015.08.19;20:00:00;0.66221;0.65602;0.65999;0.65699;24656
2015.08.20;00:00:00;0.66104;0.65898;0.66069;0.65993;17341
2015.08.20;04:00:00;0.66188;0.65961;0.66129;0.66069;25569
2015.08.20;08:00:00;0.66152;0.65784;0.658;0.66128;22831
2015.08.20;12:00:00;0.6619;0.65774;0.66073;0.65799;17315
2015.08.20;16:00:00;0.66384;0.66008;0.6628;0.66073;22483
2015.08.20;20:00:00;0.66454;0.662;0.66242;0.66279;18384
2015.08.21;00:00:00;0.66348;0.6614;0.66217;0.66266;15442
2015.08.21;04:00:00;0.66269;0.66056;0.66238;0.66217;23472
2015.08.21;08:00:00;0.66406;0.66098;0.66286;0.66239;20652
2015.08.21;12:00:00;0.66836;0.66273;0.66707;0.6629;19872
2015.08.21;16:00:00;0.6707;0.66703;0.67027;0.66708;27734
2015.08.21;20:00:00;0.6703;0.66796;0.66815;0.67028;15941
2015.08.24;00:00:00;0.66848;0.66049;0.66174;0.66577;19069
2015.08.24;04:00:00;0.66275;0.65748;0.65896;0.66174;26466
2015.08.24;08:00:00;0.66255;0.65868;0.65889;0.65895;21453
2015.08.24;12:00:00;0.65983;0.65492;0.65597;0.65891;21823
2015.08.24;16:00:00;0.65701;0.61348;0.65193;0.65597;40333
2015.08.24;20:00:00;0.65529;0.64745;0.6477;0.65193;20935
2015.08.25;00:00:00;0.64992;0.64279;0.64863;0.64796;12359
2015.08.25;04:00:00;0.65381;0.64731;0.64964;0.64868;15720
2015.08.25;08:00:00;0.65256;0.64781;0.64981;0.64965;19149
2015.08.25;12:00:00;0.65601;0.64864;0.65343;0.64981;21585
2015.08.25;16:00:00;0.65479;0.65084;0.65238;0.65342;18636
2015.08.25;20:00:00;0.65237;0.64684;0.64721;0.65237;13861
2015.08.26;00:00:00;0.64949;0.64623;0.64782;0.64716;15185
2015.08.26;04:00:00;0.65091;0.6468;0.64944;0.64783;18921
2015.08.26;08:00:00;0.65112;0.64841;0.64912;0.64944;17054
2015.08.26;12:00:00;0.65121;0.64731;0.64837;0.64911;16914
2015.08.26;16:00:00;0.64838;0.6408;0.64232;0.64836;19542
2015.08.26;20:00:00;0.64401;0.64138;0.64365;0.64232;11976
2015.08.27;00:00:00;0.64626;0.643;0.64481;0.64352;15477
2015.08.27;04:00:00;0.64703;0.64341;0.64362;0.64481;16063
2015.08.27;08:00:00;0.6483;0.64293;0.64564;0.64362;17037
2015.08.27;12:00:00;0.6489;0.64319;0.64498;0.64566;13883
2015.08.27;16:00:00;0.64784;0.64466;0.64622;0.64497;20345
2015.08.27;20:00:00;0.64724;0.64411;0.64655;0.64622;16693
2015.08.28;00:00:00;0.64952;0.64599;0.64898;0.64645;13642
2015.08.28;04:00:00;0.65038;0.64694;0.6473;0.64899;10521
2015.08.28;08:00:00;0.64783;0.64605;0.64726;0.64731;12439
2015.08.28;12:00:00;0.64739;0.6435;0.64376;0.64726;14836
2015.08.28;16:00:00;0.6472;0.64347;0.6456;0.64376;19167
2015.08.28;20:00:00;0.64669;0.64479;0.64567;0.6456;9151
2015.08.31;00:00:00;0.6466;0.64299;0.64511;0.64597;13376
2015.08.31;04:00:00;0.64506;0.64069;0.6424;0.64506;18048
2015.08.31;08:00:00;0.6428;0.64081;0.64174;0.64241;13406
2015.08.31;12:00:00;0.64183;0.63798;0.63826;0.64175;9316
2015.08.31;16:00:00;0.63893;0.63231;0.63602;0.63827;14762
2015.08.31;20:00:00;0.63615;0.6319;0.63366;0.63603;16874
2015.09.01;00:00:00;0.6363;0.63332;0.63495;0.63364;11675
2015.09.01;04:00:00;0.63874;0.63456;0.63738;0.63499;11418
2015.09.01;08:00:00;0.63856;0.632;0.63223;0.63737;21124
2015.09.01;12:00:00;0.63596;0.63152;0.63425;0.63223;21276
2015.09.01;16:00:00;0.6353;0.63215;0.63389;0.63424;19567
2015.09.01;20:00:00;0.63456;0.63241;0.63278;0.63389;13438
2015.09.02;00:00:00;0.6346;0.63106;0.63455;0.63278;12573
2015.09.02;04:00:00;0.63664;0.63247;0.63621;0.63458;15291
2015.09.02;08:00:00;0.63675;0.63298;0.63371;0.63621;18125
2015.09.02;12:00:00;0.63503;0.63221;0.6346;0.63371;15902
2015.09.02;16:00:00;0.63607;0.63347;0.63495;0.6346;19064
2015.09.02;20:00:00;0.63569;0.63326;0.63463;0.63493;12635
2015.09.03;00:00:00;0.63723;0.63428;0.63688;0.63457;16499
2015.09.03;04:00:00;0.63696;0.63386;0.63423;0.63688;21747
2015.09.03;08:00:00;0.63571;0.63288;0.63462;0.63424;17840
2015.09.03;12:00:00;0.6357;0.63402;0.63518;0.63462;16996
2015.09.03;16:00:00;0.64134;0.63478;0.64009;0.63518;19752
2015.09.03;20:00:00;0.64051;0.63857;0.63967;0.64009;16021
2015.09.04;00:00:00;0.63976;0.63774;0.63857;0.63967;17020
2015.09.04;04:00:00;0.63906;0.63497;0.636;0.63865;15707
2015.09.04;08:00:00;0.63749;0.63519;0.63716;0.63602;20088
2015.09.04;12:00:00;0.63983;0.6316;0.63351;0.63718;15682
2015.09.04;16:00:00;0.63362;0.62685;0.62912;0.6335;17237
2015.09.04;20:00:00;0.6303;0.62742;0.62747;0.62909;7229
2015.09.07;00:00:00;0.63001;0.62641;0.62775;0.62983;11417
2015.09.07;04:00:00;0.6287;0.62589;0.6268;0.62775;9613
2015.09.07;08:00:00;0.62852;0.62612;0.62644;0.6268;14662
2015.09.07;12:00:00;0.62722;0.62514;0.62616;0.62645;10910
2015.09.07;16:00:00;0.62661;0.62428;0.62556;0.62615;7226
2015.09.07;20:00:00;0.62633;0.62483;0.62577;0.62559;20609
2015.09.08;00:00:00;0.62754;0.62575;0.62597;0.62576;8529
2015.09.08;04:00:00;0.62846;0.62581;0.62774;0.62599;11112
2015.09.08;08:00:00;0.63007;0.62734;0.6284;0.62774;12038
2015.09.08;12:00:00;0.63032;0.62658;0.63003;0.6284;9291
2015.09.08;16:00:00;0.63521;0.62996;0.634;0.63004;14822
2015.09.08;20:00:00;0.63544;0.6336;0.63407;0.634;9177
2015.09.09;00:00:00;0.63881;0.63367;0.63858;0.63391;9216
2015.09.09;04:00:00;0.64005;0.63681;0.63718;0.63858;10573
2015.09.09;08:00:00;0.63894;0.63553;0.63645;0.63716;11174
2015.09.09;12:00:00;0.6404;0.63561;0.63979;0.63645;12929
2015.09.09;16:00:00;0.6424;0.63875;0.63985;0.63979;16955
2015.09.09;20:00:00;0.64041;0.63797;0.63861;0.63985;11434
2015.09.10;00:00:00;0.63912;0.62548;0.62743;0.63912;15687
2015.09.10;04:00:00;0.62866;0.62554;0.62696;0.62743;11204
2015.09.10;08:00:00;0.63368;0.6258;0.62973;0.62697;19352
2015.09.10;12:00:00;0.6315;0.62782;0.6282;0.62975;16782
2015.09.10;16:00:00;0.63066;0.62658;0.62938;0.62819;18561
2015.09.10;20:00:00;0.63142;0.62868;0.62868;0.62941;9882
2015.09.11;00:00:00;0.6318;0.62857;0.63107;0.6287;10242
2015.09.11;04:00:00;0.6314;0.62971;0.63061;0.63109;7094
2015.09.11;08:00:00;0.63132;0.62821;0.62837;0.6306;11289
2015.09.11;12:00:00;0.62964;0.62817;0.62925;0.62838;10923
2015.09.11;16:00:00;0.63217;0.62868;0.63187;0.62925;12087
2015.09.11;20:00:00;0.63256;0.63103;0.63133;0.63187;5619
2015.09.14;00:00:00;0.63428;0.63044;0.63348;0.6305;6786
2015.09.14;04:00:00;0.63429;0.63017;0.63139;0.63347;7349
2015.09.14;08:00:00;0.63333;0.63076;0.63276;0.63139;10976
2015.09.14;12:00:00;0.63352;0.62969;0.6306;0.63276;9244
2015.09.14;16:00:00;0.63372;0.63005;0.6334;0.63059;10635
2015.09.14;20:00:00;0.63345;0.63235;0.63257;0.6334;5569
2015.09.15;00:00:00;0.63409;0.63241;0.63296;0.63257;7591
2015.09.15;04:00:00;0.63331;0.63094;0.63112;0.63296;7259
2015.09.15;08:00:00;0.6324;0.62988;0.63234;0.63111;9503
2015.09.15;12:00:00;0.63393;0.63208;0.63288;0.63234;8965
2015.09.15;16:00:00;0.63318;0.6292;0.6317;0.63287;10443
2015.09.15;20:00:00;0.63671;0.63152;0.63533;0.6317;10179
2015.09.16;00:00:00;0.63593;0.63426;0.63519;0.63535;7334
2015.09.16;04:00:00;0.63634;0.63435;0.63482;0.6352;6837
2015.09.16;08:00:00;0.6376;0.63453;0.63564;0.63482;11406
2015.09.16;12:00:00;0.63583;0.63332;0.63424;0.63564;8329
2015.09.16;16:00:00;0.63774;0.6332;0.63519;0.63419;13030
2015.09.16;20:00:00;0.63707;0.63452;0.63644;0.63519;7243
2015.09.17;00:00:00;0.63727;0.6331;0.63441;0.63643;9041
2015.09.17;04:00:00;0.63767;0.63387;0.63625;0.63442;8600
2015.09.17;08:00:00;0.63694;0.6342;0.63498;0.63624;9842
2015.09.17;12:00:00;0.63509;0.63314;0.63366;0.63498;8820
2015.09.17;16:00:00;0.63385;0.63102;0.63157;0.63367;11770
2015.09.17;20:00:00;0.64445;0.63133;0.6343;0.63157;29069
2015.09.18;00:00:00;0.6386;0.63381;0.6351;0.63497;10851
2015.09.18;04:00:00;0.63732;0.63479;0.63673;0.63511;7219
2015.09.18;08:00:00;0.64225;0.63619;0.64163;0.63671;16240
2015.09.18;12:00:00;0.64557;0.64089;0.64499;0.64163;17118
2015.09.18;16:00:00;0.64522;0.64038;0.6418;0.64498;18113
2015.09.18;20:00:00;0.64239;0.63826;0.63976;0.6418;9551
2015.09.21;00:00:00;0.63992;0.63773;0.63812;0.63896;5470
2015.09.21;04:00:00;0.63883;0.63559;0.63572;0.63814;7968
2015.09.21;08:00:00;0.63613;0.63358;0.63481;0.63573;10435
2015.09.21;12:00:00;0.63602;0.63416;0.63432;0.6348;10062
2015.09.21;16:00:00;0.63461;0.6298;0.6314;0.63432;13970
2015.09.21;20:00:00;0.63213;0.63067;0.6316;0.63139;10310
2015.09.22;00:00:00;0.63309;0.63113;0.63235;0.63171;8274
2015.09.22;04:00:00;0.63285;0.63062;0.63167;0.63236;7405
2015.09.22;08:00:00;0.633;0.63097;0.63205;0.63167;12270
2015.09.22;12:00:00;0.63297;0.62884;0.62902;0.63205;14140
2015.09.22;16:00:00;0.62941;0.62705;0.62859;0.62904;13424
2015.09.22;20:00:00;0.62969;0.62833;0.62896;0.62862;6914
2015.09.23;00:00:00;0.62943;0.62801;0.62941;0.62895;6280
2015.09.23;04:00:00;0.62997;0.62543;0.62603;0.62941;8693
2015.09.23;08:00:00;0.62785;0.62539;0.62739;0.62603;10941
2015.09.23;12:00:00;0.6304;0.6268;0.62783;0.62741;10299
2015.09.23;16:00:00;0.62941;0.62351;0.62551;0.62783;17594
2015.09.23;20:00:00;0.62739;0.62385;0.62719;0.62551;8837
2015.09.24;00:00:00;0.62958;0.62617;0.62822;0.62727;8613
2015.09.24;04:00:00;0.63072;0.62767;0.62892;0.62823;9047
2015.09.24;08:00:00;0.62985;0.62767;0.62835;0.62893;11536
2015.09.24;12:00:00;0.63016;0.62668;0.62917;0.62833;13409
2015.09.24;16:00:00;0.63654;0.62879;0.63418;0.62915;19884
2015.09.24;20:00:00;0.63726;0.63363;0.63512;0.63418;11256
2015.09.25;00:00:00;0.63514;0.62922;0.63257;0.63512;11710
2015.09.25;04:00:00;0.63382;0.63167;0.63375;0.63257;9606
2015.09.25;08:00:00;0.63483;0.63167;0.63236;0.63375;11882
2015.09.25;12:00:00;0.63474;0.63086;0.6341;0.63235;12661
2015.09.25;16:00:00;0.6383;0.63383;0.63784;0.6341;16241
2015.09.25;20:00:00;0.63889;0.6365;0.63804;0.63785;5727
2015.09.28;00:00:00;0.63812;0.63559;0.63788;0.63559;7241
2015.09.28;04:00:00;0.64011;0.63752;0.63882;0.63791;7727
2015.09.28;08:00:00;0.63976;0.63637;0.63757;0.63882;11889
2015.09.28;12:00:00;0.63858;0.63304;0.63367;0.63755;10915
2015.09.28;16:00:00;0.63503;0.63252;0.63436;0.63367;16884
2015.09.28;20:00:00;0.63443;0.63239;0.6327;0.63435;8396
2015.09.29;00:00:00;0.6327;0.62947;0.62983;0.63266;5570
2015.09.29;04:00:00;0.63105;0.62875;0.63031;0.62984;7562
2015.09.29;08:00:00;0.63479;0.6298;0.63417;0.6303;12815
2015.09.29;12:00:00;0.63649;0.63272;0.63615;0.63418;10634
2015.09.29;16:00:00;0.63922;0.63414;0.63452;0.63615;17672
2015.09.29;20:00:00;0.6355;0.63383;0.63446;0.63453;9474
2015.09.30;00:00:00;0.6375;0.63375;0.63719;0.63446;6989
2015.09.30;04:00:00;0.63777;0.6358;0.63734;0.6372;8222
2015.09.30;08:00:00;0.6392;0.63615;0.63839;0.63734;12060
2015.09.30;12:00:00;0.63895;0.63575;0.63717;0.63838;10199
2015.09.30;16:00:00;0.64058;0.63716;0.63869;0.63718;15360
2015.09.30;20:00:00;0.6398;0.638;0.63964;0.6387;8374
2015.10.01;00:00:00;0.64028;0.63848;0.64017;0.63968;5460
2015.10.01;04:00:00;0.64277;0.63973;0.6413;0.64012;9623
2015.10.01;08:00:00;0.6424;0.63938;0.64198;0.64131;10809
2015.10.01;12:00:00;0.64484;0.64143;0.64144;0.64201;12107
2015.10.01;16:00:00;0.64309;0.63942;0.64018;0.64144;14621
2015.10.01;20:00:00;0.64114;0.63943;0.63969;0.64015;7515
2015.10.02;00:00:00;0.64089;0.63902;0.64042;0.63966;4784
2015.10.02;04:00:00;0.64186;0.63825;0.63942;0.64042;7176
2015.10.02;08:00:00;0.64176;0.63938;0.64149;0.63944;6802
2015.10.02;12:00:00;0.64541;0.63982;0.64257;0.64148;11498
2015.10.02;16:00:00;0.64439;0.63979;0.64227;0.64256;19901
2015.10.02;20:00:00;0.64465;0.64166;0.64451;0.64226;7673
2015.10.05;00:00:00;0.64593;0.64361;0.64494;0.64529;5286
2015.10.05;04:00:00;0.64714;0.64443;0.6462;0.64494;7576
2015.10.05;08:00:00;0.65192;0.64609;0.65059;0.64621;12914
2015.10.05;12:00:00;0.653;0.64929;0.64982;0.65056;14230
2015.10.05;16:00:00;0.65094;0.64877;0.64902;0.64983;17439
2015.10.05;20:00:00;0.65143;0.64864;0.64864;0.64902;10184
2015.10.06;00:00:00;0.6495;0.64817;0.64835;0.64868;6890
2015.10.06;04:00:00;0.65144;0.64772;0.65023;0.64836;10407
2015.10.06;08:00:00;0.65061;0.64832;0.64982;0.65022;12020
2015.10.06;12:00:00;0.65006;0.64775;0.64802;0.64985;12567
2015.10.06;16:00:00;0.65421;0.64792;0.65415;0.64804;20370
2015.10.06;20:00:00;0.6555;0.65314;0.65422;0.65417;9360
2015.10.07;00:00:00;0.65466;0.65344;0.65387;0.6542;4651
2015.10.07;04:00:00;0.65961;0.65371;0.65846;0.65387;10248
2015.10.07;08:00:00;0.66292;0.65819;0.6604;0.65847;14379
2015.10.07;12:00:00;0.66429;0.6601;0.66244;0.6604;12826
2015.10.07;16:00:00;0.66461;0.66112;0.6617;0.66245;19167
2015.10.07;20:00:00;0.66308;0.65982;0.66088;0.66169;10631
2015.10.08;00:00:00;0.66276;0.66021;0.66148;0.66084;6915
2015.10.08;04:00:00;0.66278;0.65842;0.65943;0.66149;10252
2015.10.08;08:00:00;0.66143;0.65869;0.65978;0.65943;11028
2015.10.08;12:00:00;0.66241;0.65907;0.66061;0.65979;11863
2015.10.08;16:00:00;0.66433;0.65948;0.66379;0.6606;13579
2015.10.08;20:00:00;0.66974;0.66278;0.66649;0.66379;14246
2015.10.09;00:00:00;0.66749;0.66544;0.66644;0.66642;8285
2015.10.09;04:00:00;0.66822;0.66635;0.66756;0.66644;6958
2015.10.09;08:00:00;0.67172;0.66743;0.67006;0.66758;15338
2015.10.09;12:00:00;0.67202;0.66869;0.66903;0.67007;16157
2015.10.09;16:00:00;0.67075;0.66829;0.67029;0.66905;17595
2015.10.09;20:00:00;0.67044;0.66884;0.66919;0.67032;5862
2015.10.12;00:00:00;0.66899;0.66709;0.6682;0.66775;5327
2015.10.12;04:00:00;0.67055;0.66797;0.67017;0.66822;5571
2015.10.12;08:00:00;0.67372;0.66934;0.67216;0.67018;9305
2015.10.12;12:00:00;0.67354;0.67062;0.6726;0.67217;9607
2015.10.12;16:00:00;0.67389;0.67232;0.67325;0.67261;13102
2015.10.12;20:00:00;0.67355;0.67102;0.67154;0.67327;6650
2015.10.13;00:00:00;0.67155;0.66742;0.66818;0.67155;7803
2015.10.13;04:00:00;0.66918;0.66549;0.66772;0.66819;9438
2015.10.13;08:00:00;0.66962;0.66726;0.66803;0.66771;10668
2015.10.13;12:00:00;0.67086;0.66743;0.66924;0.66804;12558
2015.10.13;16:00:00;0.66968;0.66538;0.66828;0.66924;17296
2015.10.13;20:00:00;0.6684;0.66177;0.66385;0.66829;10450
2015.10.14;00:00:00;0.66574;0.66172;0.66506;0.66385;10480
2015.10.14;04:00:00;0.66792;0.66479;0.66767;0.66506;9136
2015.10.14;08:00:00;0.67485;0.66644;0.6742;0.66769;15922
2015.10.14;12:00:00;0.6788;0.67174;0.67712;0.6742;15862
2015.10.14;16:00:00;0.67797;0.67545;0.67596;0.67705;19856
2015.10.14;20:00:00;0.68137;0.67548;0.67876;0.67597;14281
2015.10.15;00:00:00;0.68451;0.67848;0.68095;0.67871;10384
2015.10.15;04:00:00;0.68364;0.68072;0.68209;0.68095;11309
2015.10.15;08:00:00;0.68959;0.68181;0.68653;0.68208;16811
2015.10.15;12:00:00;0.68798;0.68084;0.68328;0.68653;15110
2015.10.15;16:00:00;0.68745;0.6821;0.6865;0.68328;19812
2015.10.15;20:00:00;0.68677;0.68418;0.68497;0.68646;7901
2015.10.16;00:00:00;0.68917;0.68184;0.68298;0.68495;12718
2015.10.16;04:00:00;0.68401;0.68214;0.68254;0.68299;9527
2015.10.16;08:00:00;0.68397;0.6794;0.67977;0.68247;10460
2015.10.16;12:00:00;0.68104;0.67832;0.67955;0.67977;13713
2015.10.16;16:00:00;0.68151;0.67881;0.68011;0.67956;14653
2015.10.16;20:00:00;0.68208;0.68002;0.68061;0.6801;7393
2015.10.19;00:00:00;0.6812;0.67835;0.67852;0.67981;6411
2015.10.19;04:00:00;0.68112;0.67813;0.67969;0.67854;8385
2015.10.19;08:00:00;0.68161;0.67891;0.68121;0.6797;8856
2015.10.19;12:00:00;0.68189;0.67939;0.6802;0.6812;10067
2015.10.19;16:00:00;0.68081;0.67956;0.6798;0.68021;9322
2015.10.19;20:00:00;0.68007;0.67842;0.67891;0.67981;6046
2015.10.20;00:00:00;0.68149;0.67825;0.67962;0.6787;4999
2015.10.20;04:00:00;0.6808;0.67883;0.68006;0.67963;5173
2015.10.20;08:00:00;0.6837;0.67948;0.68247;0.68006;7912
2015.10.20;12:00:00;0.68446;0.68101;0.68134;0.68247;8572
2015.10.20;16:00:00;0.68165;0.67429;0.67533;0.68134;13356
2015.10.20;20:00:00;0.67599;0.67338;0.67512;0.67531;6401
2015.10.21;00:00:00;0.67576;0.67445;0.67484;0.67506;5129
2015.10.21;04:00:00;0.67536;0.67367;0.67385;0.67485;5424
2015.10.21;08:00:00;0.67402;0.66971;0.67252;0.67386;12486
2015.10.21;12:00:00;0.67367;0.67091;0.67121;0.67252;8903
2015.10.21;16:00:00;0.67419;0.67099;0.67302;0.67124;15091
2015.10.21;20:00:00;0.67397;0.67021;0.67048;0.67303;10073
2015.10.22;00:00:00;0.67304;0.67002;0.6725;0.67043;4909
2015.10.22;04:00:00;0.67828;0.6725;0.67578;0.6725;8291
2015.10.22;08:00:00;0.67685;0.67483;0.67676;0.6758;10514
2015.10.22;12:00:00;0.67883;0.67484;0.67629;0.67677;16677
2015.10.22;16:00:00;0.682;0.67597;0.67837;0.6763;19154
2015.10.22;20:00:00;0.67965;0.67634;0.67912;0.67836;8971
2015.10.23;00:00:00;0.68359;0.67751;0.68261;0.67907;9275
2015.10.23;04:00:00;0.68456;0.68229;0.68388;0.68261;7550
2015.10.23;08:00:00;0.6864;0.68097;0.68231;0.68389;14108
2015.10.23;12:00:00;0.68235;0.67598;0.67709;0.68234;18857
2015.10.23;16:00:00;0.6771;0.67336;0.67459;0.6771;22198
2015.10.23;20:00:00;0.67565;0.67359;0.67467;0.67459;9347
2015.10.25;23:00:00;0.6757;0.67372;0.67458;0.67402;3126
2015.10.26;00:00:00;0.67635;0.67389;0.6761;0.6746;16737
2015.10.26;04:00:00;0.67912;0.67603;0.67821;0.6761;13514
2015.10.26;08:00:00;0.67855;0.67565;0.67599;0.67821;14518
2015.10.26;12:00:00;0.67859;0.67581;0.67798;0.67597;14291
2015.10.26;16:00:00;0.68043;0.67778;0.67839;0.67799;18094
2015.10.26;20:00:00;0.67898;0.6739;0.67731;0.6784;20436
2015.10.27;00:00:00;0.67863;0.67697;0.67746;0.6773;14303
2015.10.27;04:00:00;0.67788;0.67649;0.67786;0.67745;12192
2015.10.27;08:00:00;0.67844;0.67704;0.67805;0.67787;13187
2015.10.27;12:00:00;0.6812;0.67742;0.67884;0.67805;16739
2015.10.27;16:00:00;0.68006;0.67716;0.67783;0.67884;19805
2015.10.27;20:00:00;0.67802;0.67549;0.67665;0.67789;17960
2015.10.28;00:00:00;0.6775;0.67327;0.67359;0.67663;20378
2015.10.28;04:00:00;0.67399;0.67173;0.67203;0.67359;14225
2015.10.28;08:00:00;0.6735;0.67201;0.67266;0.67203;12972
2015.10.28;12:00:00;0.67315;0.67063;0.67098;0.67265;15312
2015.10.28;16:00:00;0.67325;0.66983;0.67182;0.67099;20160
2015.10.28;20:00:00;0.67189;0.66202;0.66825;0.67185;31779
2015.10.29;00:00:00;0.66884;0.66693;0.66737;0.66825;16573
2015.10.29;04:00:00;0.66798;0.66469;0.66636;0.66736;11805
2015.10.29;08:00:00;0.66768;0.66495;0.66752;0.66634;16708
2015.10.29;12:00:00;0.67122;0.66693;0.66801;0.66731;19477
2015.10.29;16:00:00;0.6701;0.66713;0.66825;0.66801;19319
2015.10.29;20:00:00;0.66961;0.66801;0.66911;0.66821;19126
2015.10.30;00:00:00;0.67369;0.66884;0.6725;0.66917;19996
2015.10.30;04:00:00;0.67562;0.67212;0.67427;0.67251;22213
2015.10.30;08:00:00;0.67691;0.67399;0.67531;0.67428;16674
2015.10.30;12:00:00;0.67635;0.67205;0.67332;0.67531;19108
2015.10.30;16:00:00;0.67907;0.67309;0.67771;0.67333;25962
2015.10.30;20:00:00;0.67851;0.67645;0.67674;0.6777;12103
2015.11.02;00:00:00;0.67841;0.67296;0.67811;0.67309;23286
2015.11.02;04:00:00;0.67845;0.67617;0.677;0.67811;12633
2015.11.02;08:00:00;0.67757;0.67323;0.67348;0.677;15852
2015.11.02;12:00:00;0.67546;0.67326;0.67545;0.67348;11901
2015.11.02;16:00:00;0.67681;0.67338;0.67403;0.67545;16511
2015.11.02;20:00:00;0.67441;0.67232;0.67425;0.67402;23913
2015.11.03;00:00:00;0.6778;0.6734;0.67651;0.67425;21100
2015.11.03;04:00:00;0.67778;0.67351;0.67416;0.67653;19252
2015.11.03;08:00:00;0.67504;0.67099;0.67146;0.67417;14163
2015.11.03;12:00:00;0.67218;0.66673;0.66786;0.67146;12626
2015.11.03;16:00:00;0.66963;0.66499;0.6692;0.66787;20808
2015.11.03;20:00:00;0.67055;0.66532;0.6662;0.66921;19252
2015.11.04;00:00:00;0.6666;0.66313;0.66501;0.6662;17533
2015.11.04;04:00:00;0.66632;0.6641;0.6649;0.66499;16301
2015.11.04;08:00:00;0.66655;0.66264;0.66371;0.66489;14326
2015.11.04;12:00:00;0.66461;0.65862;0.65863;0.6637;14103
2015.11.04;16:00:00;0.65981;0.65731;0.65903;0.65863;26008
2015.11.04;20:00:00;0.65957;0.65721;0.65902;0.65898;18055
2015.11.05;00:00:00;0.65967;0.65794;0.6588;0.65904;19364
2015.11.05;04:00:00;0.66007;0.65835;0.65991;0.65879;13425
2015.11.05;08:00:00;0.66063;0.65826;0.66017;0.65991;13461
2015.11.05;12:00:00;0.66404;0.66;0.66348;0.66014;15027
2015.11.05;16:00:00;0.66413;0.66138;0.66231;0.66347;20669
2015.11.05;20:00:00;0.66263;0.66044;0.66094;0.6623;22862
2015.11.06;00:00:00;0.66154;0.65963;0.66096;0.661;22163
2015.11.06;04:00:00;0.66141;0.66043;0.66075;0.66097;17524
2015.11.06;08:00:00;0.66148;0.65896;0.66036;0.66072;14642
2015.11.06;12:00:00;0.66242;0.65143;0.65191;0.66039;16813
2015.11.06;16:00:00;0.65314;0.64973;0.65141;0.65192;30140
2015.11.06;20:00:00;0.65238;0.65042;0.65186;0.65141;13890
2015.11.09;00:00:00;0.65432;0.65144;0.6543;0.65144;14269
2015.11.09;04:00:00;0.65647;0.65391;0.6562;0.65432;12679
2015.11.09;08:00:00;0.65642;0.65307;0.65342;0.65619;10452
2015.11.09;12:00:00;0.65656;0.65259;0.65311;0.65343;10757
2015.11.09;16:00:00;0.65404;0.65202;0.65352;0.65311;16113
2015.11.09;20:00:00;0.65489;0.65299;0.65312;0.65353;9336
2015.11.10;00:00:00;0.65409;0.65196;0.65268;0.65307;10452
2015.11.10;04:00:00;0.65332;0.65247;0.65295;0.65266;9371
2015.11.10;08:00:00;0.65435;0.65162;0.65376;0.65295;11188
2015.11.10;12:00:00;0.65548;0.65236;0.65282;0.65374;13166
2015.11.10;16:00:00;0.65354;0.65146;0.65351;0.6528;19570
2015.11.10;20:00:00;0.65482;0.65077;0.65262;0.65356;13973
2015.11.11;00:00:00;0.65733;0.65251;0.65658;0.65262;14689
2015.11.11;04:00:00;0.65869;0.65589;0.65777;0.65658;11817
2015.11.11;08:00:00;0.65789;0.65468;0.65501;0.65778;11548
2015.11.11;12:00:00;0.65672;0.65417;0.65665;0.65498;11315
2015.11.11;16:00:00;0.65729;0.65456;0.6553;0.65665;14056
2015.11.11;20:00:00;0.65588;0.65474;0.65556;0.65534;11948
2015.11.12;00:00:00;0.65779;0.65482;0.65618;0.6555;22459
2015.11.12;04:00:00;0.6569;0.65392;0.65465;0.65618;11126
2015.11.12;08:00:00;0.65615;0.65343;0.65453;0.65467;12317
2015.11.12;12:00:00;0.65542;0.65144;0.65192;0.65451;12212
2015.11.12;16:00:00;0.6545;0.6499;0.65256;0.65193;24347
2015.11.12;20:00:00;0.65461;0.65217;0.6541;0.65258;16875
2015.11.13;00:00:00;0.65473;0.65345;0.65414;0.65411;11418
2015.11.13;04:00:00;0.65525;0.65371;0.65407;0.65413;9588
2015.11.13;08:00:00;0.6541;0.65141;0.65218;0.65408;10347
2015.11.13;12:00:00;0.65486;0.6517;0.65177;0.65218;13153
2015.11.13;16:00:00;0.65289;0.6508;0.65222;0.65178;15268
2015.11.13;20:00:00;0.65384;0.65216;0.65324;0.65221;9556
2015.11.16;00:00:00;0.65462;0.65182;0.65262;0.65437;13164
2015.11.16;04:00:00;0.65327;0.65243;0.65324;0.65262;5258
2015.11.16;08:00:00;0.65423;0.65152;0.65176;0.65326;10531
2015.11.16;12:00:00;0.65186;0.64735;0.6479;0.65177;15925
2015.11.16;16:00:00;0.6495;0.6468;0.64907;0.6479;16387
2015.11.16;20:00:00;0.64988;0.64877;0.64895;0.64908;11651
2015.11.17;00:00:00;0.64952;0.64618;0.64767;0.64893;10209
2015.11.17;04:00:00;0.64764;0.64512;0.64549;0.64764;10306
2015.11.17;08:00:00;0.64735;0.64514;0.64706;0.64547;11630
2015.11.17;12:00:00;0.6491;0.64656;0.64691;0.64707;13918
2015.11.17;16:00:00;0.64806;0.64545;0.64671;0.6469;21218
2015.11.17;20:00:00;0.64732;0.64603;0.64686;0.64669;14259
2015.11.18;00:00:00;0.64791;0.64634;0.64642;0.64693;9302
2015.11.18;04:00:00;0.64874;0.64585;0.64873;0.64643;9400
2015.11.18;08:00:00;0.64888;0.6472;0.64783;0.64873;11617
2015.11.18;12:00:00;0.64812;0.64546;0.64628;0.64786;12888
2015.11.18;16:00:00;0.64646;0.64303;0.64413;0.64628;18311
2015.11.18;20:00:00;0.64716;0.64277;0.64693;0.64421;20885
2015.11.19;00:00:00;0.65449;0.64637;0.65331;0.64704;15980
2015.11.19;04:00:00;0.65409;0.65168;0.65362;0.65333;13946
2015.11.19;08:00:00;0.65419;0.65123;0.65159;0.65352;14536
2015.11.19;12:00:00;0.65318;0.6505;0.65135;0.65158;13233
2015.11.19;16:00:00;0.65916;0.6513;0.65651;0.65138;22777
2015.11.19;20:00:00;0.65685;0.65512;0.65645;0.6565;13119
2015.11.20;00:00:00;0.65697;0.65501;0.65687;0.65647;14265
2015.11.20;04:00:00;0.66043;0.65668;0.65883;0.65685;14165
2015.11.20;08:00:00;0.65912;0.65586;0.65673;0.65883;17057
2015.11.20;12:00:00;0.65773;0.6551;0.65757;0.65675;13308
2015.11.20;16:00:00;0.65854;0.65532;0.65561;0.65756;18385
2015.11.20;20:00:00;0.65777;0.65554;0.65608;0.6556;10449
2015.11.23;00:00:00;0.656;0.6515;0.65224;0.6555;12457
2015.11.23;04:00:00;0.65226;0.65017;0.65132;0.65225;11684
2015.11.23;08:00:00;0.65227;0.6501;0.65077;0.65133;14224
2015.11.23;12:00:00;0.65184;0.64921;0.65151;0.65075;14596
2015.11.23;16:00:00;0.65193;0.65028;0.65116;0.65152;18965
2015.11.23;20:00:00;0.65203;0.65079;0.65159;0.65119;9899
2015.11.24;00:00:00;0.65355;0.65034;0.65287;0.6516;11868
2015.11.24;04:00:00;0.65321;0.65153;0.65214;0.65288;10384
2015.11.24;08:00:00;0.65321;0.65138;0.65201;0.65212;13311
2015.11.24;12:00:00;0.65213;0.65018;0.6518;0.65199;14090
2015.11.24;16:00:00;0.65448;0.65177;0.65407;0.65181;16837
2015.11.24;20:00:00;0.65576;0.6537;0.65526;0.65415;10999
2015.11.25;00:00:00;0.65726;0.65492;0.65679;0.65542;14655
2015.11.25;04:00:00;0.6579;0.65674;0.65758;0.65678;13290
2015.11.25;08:00:00;0.65789;0.65476;0.65529;0.65758;14195
2015.11.25;12:00:00;0.65662;0.65453;0.65532;0.65528;15146
2015.11.25;16:00:00;0.65792;0.65467;0.65699;0.65533;17766
2015.11.25;20:00:00;0.65811;0.65687;0.65768;0.65701;10532
2015.11.26;00:00:00;0.65869;0.65616;0.65851;0.65764;12519
2015.11.26;04:00:00;0.65955;0.65791;0.65885;0.65852;11336
2015.11.26;08:00:00;0.65948;0.65729;0.65732;0.65886;11498
2015.11.26;12:00:00;0.65753;0.65637;0.65726;0.65731;8471
2015.11.26;16:00:00;0.65757;0.65664;0.65719;0.65729;8142
2015.11.26;20:00:00;0.65749;0.65663;0.65676;0.65723;14303
2015.11.27;00:00:00;0.65771;0.65555;0.657;0.65676;15833
2015.11.27;04:00:00;0.65732;0.6565;0.65707;0.65699;10091
2015.11.27;08:00:00;0.65742;0.65288;0.65339;0.65706;12967
2015.11.27;12:00:00;0.65427;0.65257;0.65317;0.65339;9307
2015.11.27;16:00:00;0.65393;0.65196;0.65352;0.65318;12139
2015.11.27;20:00:00;0.65405;0.65267;0.6531;0.6535;14397
2015.11.30;00:00:00;0.65351;0.65132;0.65183;0.65247;10301
2015.11.30;04:00:00;0.65505;0.65167;0.65472;0.65183;11093
2015.11.30;08:00:00;0.65623;0.65429;0.65495;0.65473;9667
2015.11.30;12:00:00;0.65731;0.65421;0.65725;0.65496;10686
2015.11.30;16:00:00;0.65897;0.657;0.65759;0.65726;15311
2015.11.30;20:00:00;0.65887;0.65739;0.65816;0.65761;11812
2015.12.01;00:00:00;0.66354;0.65801;0.66264;0.65816;15105
2015.12.01;04:00:00;0.66456;0.66175;0.66286;0.66265;17108
2015.12.01;08:00:00;0.66661;0.66255;0.66546;0.66286;15639
2015.12.01;12:00:00;0.66547;0.66379;0.665;0.66546;12785
2015.12.01;16:00:00;0.66788;0.66431;0.66702;0.66499;23600
2015.12.01;20:00:00;0.6687;0.66686;0.66732;0.66702;15107
2015.12.02;00:00:00;0.66789;0.66521;0.66578;0.66732;17055
2015.12.02;04:00:00;0.6666;0.66552;0.66595;0.66579;13852
2015.12.02;08:00:00;0.66739;0.66586;0.66671;0.66594;14159
2015.12.02;12:00:00;0.66672;0.66397;0.66411;0.66672;14843
2015.12.02;16:00:00;0.66566;0.66121;0.66292;0.66411;25092
2015.12.02;20:00:00;0.66464;0.66257;0.66355;0.66294;17544
2015.12.03;00:00:00;0.66443;0.6627;0.66387;0.6636;14878
2015.12.03;04:00:00;0.66575;0.66345;0.66518;0.66386;14465
2015.12.03;08:00:00;0.66613;0.66462;0.66566;0.66518;16313
2015.12.03;12:00:00;0.667;0.66315;0.66602;0.66565;24138
2015.12.03;16:00:00;0.66628;0.66064;0.66568;0.66603;28405
2015.12.03;20:00:00;0.67045;0.66565;0.66854;0.66566;23050
2015.12.04;00:00:00;0.66952;0.66517;0.6677;0.66853;14413
2015.12.04;04:00:00;0.66927;0.66683;0.66849;0.6677;12557
2015.12.04;08:00:00;0.66996;0.66732;0.66793;0.66849;18163
2015.12.04;12:00:00;0.66981;0.66337;0.66947;0.66793;19698
2015.12.04;16:00:00;0.67863;0.66812;0.674;0.66945;37509
2015.12.04;20:00:00;0.67471;0.67341;0.67455;0.67401;13936
2015.12.07;00:00:00;0.67407;0.67077;0.67141;0.67371;14965
2015.12.07;04:00:00;0.67145;0.66891;0.66957;0.6714;13670
2015.12.07;08:00:00;0.6703;0.66709;0.6671;0.66957;11452
2015.12.07;12:00:00;0.66772;0.6644;0.66503;0.6671;13812
2015.12.07;16:00:00;0.66563;0.66368;0.66428;0.66503;21195
2015.12.07;20:00:00;0.66498;0.66259;0.66421;0.66428;13791
2015.12.08;00:00:00;0.66489;0.66304;0.66389;0.6642;9938
2015.12.08;04:00:00;0.66461;0.66259;0.66347;0.66388;12618
2015.12.08;08:00:00;0.66569;0.66285;0.66329;0.66346;15275
2015.12.08;12:00:00;0.66344;0.66103;0.66205;0.66328;16500
2015.12.08;16:00:00;0.66469;0.66186;0.66382;0.66204;18908
2015.12.08;20:00:00;0.66502;0.66252;0.66415;0.66382;10110
2015.12.09;00:00:00;0.66592;0.66302;0.66346;0.66415;12001
2015.12.09;04:00:00;0.66349;0.66211;0.66261;0.66347;10695
2015.12.09;08:00:00;0.66436;0.65927;0.66075;0.66262;11299
2015.12.09;12:00:00;0.66559;0.66026;0.66417;0.66073;12871
2015.12.09;16:00:00;0.66618;0.66179;0.66334;0.66417;26319
2015.12.09;20:00:00;0.6758;0.65718;0.67177;0.66336;24195
2015.12.10;00:00:00;0.67808;0.67151;0.67391;0.67177;18096
2015.12.10;04:00:00;0.67399;0.67254;0.67298;0.67393;13891
2015.12.10;08:00:00;0.67551;0.67207;0.67208;0.67296;15027
2015.12.10;12:00:00;0.67662;0.67183;0.67622;0.67209;16392
2015.12.10;16:00:00;0.6775;0.67509;0.67633;0.67624;19062
2015.12.10;20:00:00;0.67664;0.67368;0.67521;0.67637;15410
2015.12.11;00:00:00;0.6761;0.67334;0.67397;0.67524;12801
2015.12.11;04:00:00;0.67474;0.67361;0.67427;0.67397;11198
2015.12.11;08:00:00;0.67804;0.67388;0.67415;0.67428;12601
2015.12.11;12:00:00;0.67497;0.67211;0.67361;0.67416;15862
2015.12.11;16:00:00;0.67396;0.67015;0.67084;0.67364;22012
2015.12.11;20:00:00;0.67207;0.67046;0.67099;0.67084;11241
2015.12.14;00:00:00;0.67187;0.66947;0.67001;0.67132;10564
2015.12.14;04:00:00;0.67091;0.66899;0.67061;0.67001;13407
2015.12.14;08:00:00;0.67266;0.67025;0.67248;0.67061;11213
2015.12.14;12:00:00;0.67663;0.67188;0.67624;0.67248;13776
2015.12.14;16:00:00;0.67884;0.67399;0.67771;0.67624;20789
2015.12.14;20:00:00;0.67779;0.67532;0.67539;0.67774;12479
2015.12.15;00:00:00;0.67947;0.67536;0.67891;0.67539;14291
2015.12.15;04:00:00;0.68093;0.67829;0.68006;0.67893;12494
2015.12.15;08:00:00;0.68244;0.67864;0.67896;0.68005;15000
2015.12.15;12:00:00;0.68056;0.67704;0.67814;0.67896;16740
2015.12.15;16:00:00;0.67815;0.67396;0.6745;0.67814;21327
2015.12.15;20:00:00;0.67456;0.67439;0.67441;0.67445;17
