DATE;TIME;HIGH;LOW;CLOSE;OPEN;VOLUME
2015.04.27;12:00:00;57.49;57.31;57.42;57.47;32
2015.04.27;16:00:00;57.91;57.32;57.59;57.41;101
2015.04.27;20:00:00;57.85;56.68;56.9;57.58;167
2015.04.28;00:00:00;57.37;56.48;56.76;56.89;166
2015.04.28;04:00:00;57.29;56.7;57.26;56.78;71
2015.04.28;08:00:00;57.41;57.07;57.09;57.28;50
2015.04.28;12:00:00;57.12;56.84;57.02;57.09;50
2015.04.28;16:00:00;57.28;56.69;56.79;57.01;97
2015.04.28;20:00:00;57.68;56.7;57.37;56.79;139
2015.04.29;00:00:00;57.85;56.54;56.68;57.55;176
2015.04.29;04:00:00;57.01;56.51;56.63;56.7;94
2015.04.29;08:00:00;56.75;56.05;56.17;56.62;96
2015.04.29;12:00:00;56.3;56.1;56.22;56.15;34
2015.04.29;16:00:00;56.87;56.22;56.79;56.23;75
2015.04.29;20:00:00;57.23;56.53;57.15;56.8;106
2015.04.30;00:00:00;57.8;56.76;57.14;57.16;207
2015.04.30;04:00:00;57.28;56.82;56.9;57.15;68
2015.04.30;08:00:00;56.94;56.77;56.82;56.9;27
2015.04.30;12:00:00;56.92;56.79;56.9;56.81;18
2015.04.30;16:00:00;56.93;56.52;56.7;56.9;63
2015.04.30;20:00:00;57.33;56.6;57.29;56.69;87
2015.05.01;00:00:00;59.31;57.15;58.9;57.28;271
2015.05.01;04:00:00;58.93;58.3;58.51;58.89;89
2015.05.01;08:00:00;58.68;58.35;58.59;58.51;59
2015.05.01;12:00:00;58.71;58.48;58.52;58.58;41
2015.05.01;16:00:00;59.36;58.42;58.89;58.53;153
2015.05.01;20:00:00;59.26;58.4;58.68;58.88;153
2015.05.04;00:00:00;59.61;58.45;59.45;58.73;161
2015.05.04;04:00:00;59.8;59.32;59.75;59.43;65
2015.05.04;08:00:00;59.85;59.51;59.67;59.76;60
2015.05.04;12:00:00;59.79;59.56;59.7;59.66;43
2015.05.04;16:00:00;59.85;59.4;59.57;59.73;75
2015.05.04;20:00:00;59.61;58.82;58.96;59.58;97
2015.05.05;00:00:00;59.13;58.31;58.75;58.95;145
2015.05.05;04:00:00;59.36;58.67;59.17;58.76;98
2015.05.05;08:00:00;60.48;59.92;59.95;60.45;63
2015.05.05;12:00:00;60.34;59.92;60.26;59.94;53
2015.05.05;16:00:00;60.64;60.18;60.62;60.27;58
2015.05.05;20:00:00;60.86;59.88;60.03;60.61;139
2015.05.06;00:00:00;60.27;59.68;59.98;60.07;110
2015.05.06;04:00:00;60.26;59.96;60.18;59.97;40
2015.05.06;08:00:00;60.21;59.98;60.05;60.15;37
2015.05.06;12:00:00;60.16;60;60.11;60.05;27
2015.05.06;16:00:00;60.59;59.87;60.51;60.12;106
2015.05.06;20:00:00;61.93;60.52;61.76;60.52;159
2015.05.07;00:00:00;62.18;61.47;61.65;61.75;133
2015.05.07;04:00:00;61.85;61.42;61.68;61.64;83
2015.05.07;08:00:00;61.97;61.66;61.9;61.79;52
2015.05.07;12:00:00;62.69;61.9;62.41;61.9;108
2015.05.07;16:00:00;63.07;62.25;62.98;62.42;109
2015.05.07;20:00:00;63.15;62.63;63.09;62.97;93
2015.05.08;00:00:00;63.59;61.68;61.94;63.08;269
2015.05.08;04:00:00;62.08;61.6;61.7;61.95;72
2015.05.08;08:00:00;61.71;61.32;61.42;61.68;53
2015.05.08;12:00:00;61.7;61.28;61.67;61.42;60
2015.05.08;16:00:00;62.37;61.56;62.2;61.66;109
2015.05.08;20:00:00;62.26;60.65;60.81;62.19;185
2015.05.11;00:00:00;61;59.73;59.77;60.85;147
2015.05.11;04:00:00;60.05;59.49;59.9;59.75;98
2015.05.11;08:00:00;60.03;59.76;59.78;59.81;52
2015.05.11;12:00:00;59.88;59.48;59.54;59.79;56
2015.05.11;16:00:00;60.14;59.26;59.86;59.55;146
2015.05.11;20:00:00;60.79;59.28;59.52;59.85;270
2015.05.12;00:00:00;60.57;59.08;60.18;59.5;231
2015.05.12;04:00:00;60.43;60.04;60.33;60.2;66
2015.05.12;08:00:00;60.35;60.1;60.3;60.35;46
2015.05.12;12:00:00;60.37;60.04;60.27;60.3;64
2015.05.12;16:00:00;60.57;59.79;59.92;60.28;121
2015.05.12;20:00:00;60.76;59.81;60.48;59.92;135
2015.05.13;00:00:00;60.52;59.68;60.2;60.49;140
2015.05.13;04:00:00;60.35;60.04;60.32;60.21;52
2015.05.13;08:00:00;60.29;60.08;60.13;60.24;32
2015.05.13;12:00:00;60.22;60.09;60.15;60.11;23
2015.05.13;16:00:00;61.27;60.08;61.23;60.13;129
2015.05.13;20:00:00;61.5;60.5;60.75;61.24;152
2015.05.14;00:00:00;62.15;60.64;61.27;60.76;252
2015.05.14;04:00:00;62.25;61.2;62.07;61.28;132
2015.05.14;08:00:00;62.48;61.99;62.05;62.1;94
2015.05.14;12:00:00;62.3;62.01;62.24;62.05;40
2015.05.14;16:00:00;62.45;61.99;62.23;62.23;93
2015.05.14;20:00:00;62.58;61.96;62.27;62.22;120
2015.05.15;00:00:00;62.7;61.5;61.83;62.28;196
2015.05.15;04:00:00;61.84;60.98;61;61.81;92
2015.05.15;08:00:00;61.18;60.88;61.12;61.11;60
2015.05.15;12:00:00;61.38;61.06;61.31;61.12;46
2015.05.15;16:00:00;61.5;60.96;61.37;61.32;104
2015.05.15;20:00:00;61.7;61.09;61.61;61.36;98
2015.05.18;00:00:00;61.78;60.36;60.57;61.72;170
2015.05.18;04:00:00;60.97;60.57;60.64;60.58;75
2015.05.18;08:00:00;60.76;60.56;60.65;60.63;39
2015.05.18;12:00:00;60.76;60.56;60.62;60.65;38
2015.05.18;16:00:00;60.8;60.29;60.5;60.63;90
2015.05.18;20:00:00;60.62;59.31;59.62;60.5;175
2015.05.19;00:00:00;60.65;59.56;60.64;59.61;116
2015.05.19;04:00:00;60.77;60.29;60.75;60.65;87
2015.05.19;08:00:00;60.76;60.57;60.65;60.6;34
2015.05.19;12:00:00;60.75;60.53;60.69;60.66;42
2015.05.19;16:00:00;61.68;60.63;60.72;60.68;207
2015.05.19;20:00:00;61.42;60.39;60.57;60.72;192
2015.05.20;00:00:00;60.76;60.03;60.15;60.56;106
2015.05.20;04:00:00;60.52;59.84;60.34;60.14;117
2015.05.20;08:00:00;60.39;60.22;60.24;60.29;30
2015.05.20;12:00:00;60.32;60.17;60.25;60.23;29
2015.05.20;16:00:00;60.29;59.41;59.7;60.25;122
2015.05.20;20:00:00;59.92;58.88;59.04;59.69;144
2015.05.21;00:00:00;59.06;57.98;58.12;59.06;123
2015.05.21;04:00:00;58.32;57.93;58.25;58.14;68
2015.05.21;08:00:00;58.48;58.28;58.44;58.3;27
2015.05.21;12:00:00;58.65;58.36;58.36;58.46;49
2015.05.21;16:00:00;58.87;58.08;58.51;58.36;144
2015.05.21;20:00:00;58.87;58.34;58.68;58.52;91
2015.05.22;00:00:00;59.01;58.15;58.87;58.69;155
2015.05.22;04:00:00;59.01;58.62;58.74;58.88;65
2015.05.22;08:00:00;58.91;58.68;58.9;58.79;36
2015.05.22;12:00:00;59.22;58.87;59.15;58.9;46
2015.05.22;16:00:00;59.68;59.06;59.58;59.16;83
2015.05.22;20:00:00;60.12;59.32;59.93;59.57;125
2015.05.25;00:00:00;60.92;59.89;60.29;59.94;172
2015.05.25;04:00:00;60.84;60.26;60.62;60.31;86
2015.05.25;08:00:00;60.77;60.61;60.62;60.63;32
2015.05.25;12:00:00;60.63;60.49;60.56;60.63;22
2015.05.25;16:00:00;60.74;60.26;60.4;60.56;81
2015.05.25;20:00:00;60.47;59.34;60.06;60.41;192
2015.05.26;00:00:00;60.12;59.54;59.87;60.09;95
2015.05.26;04:00:00;59.93;59.6;59.87;59.86;66
2015.05.26;08:00:00;60.03;59.72;59.85;60.03;45
2015.05.26;12:00:00;59.87;59.66;59.7;59.85;28
2015.05.26;16:00:00;59.94;59.08;59.24;59.71;126
2015.05.26;20:00:00;59.54;59.13;59.37;59.25;71
2015.05.27;00:00:00;60.22;59.23;59.72;59.39;166
2015.05.27;04:00:00;59.91;59.72;59.73;59.81;31
2015.05.27;08:00:00;59.89;59.68;59.84;59.72;31
2015.05.27;12:00:00;59.89;59.13;59.34;59.85;102
2015.05.27;16:00:00;59.48;58.33;58.76;59.33;174
2015.05.27;20:00:00;58.77;57.71;58.07;58.75;145
2015.05.28;00:00:00;58.39;57.9;58.32;58.06;73
2015.05.28;04:00:00;58.47;58.24;58.33;58.29;43
2015.05.28;08:00:00;58.65;58.27;58.57;58.33;53
2015.05.28;12:00:00;58.92;58.35;58.51;58.59;107
2015.05.28;16:00:00;58.53;57.42;58.09;58.51;181
2015.05.28;20:00:00;58.34;57.58;57.65;58.11;107
2015.05.29;00:00:00;57.76;57.36;57.63;57.64;80
2015.05.29;04:00:00;57.84;57.54;57.8;57.59;40
2015.05.29;08:00:00;57.81;57.63;57.73;57.8;30
2015.05.29;12:00:00;57.99;57.41;57.7;57.74;113
2015.05.29;16:00:00;57.82;56.73;56.82;57.72;129
2015.05.29;20:00:00;57.4;56.5;57.17;56.78;142
2015.06.01;00:00:00;58.03;56.93;57.95;57.15;141
2015.06.01;04:00:00;58.4;57.9;58.3;57.94;65
2015.06.01;08:00:00;58.4;58.17;58.19;58.29;37
2015.06.01;12:00:00;58.53;58.03;58.28;58.19;92
2015.06.01;16:00:00;58.69;57.7;58.51;58.28;176
2015.06.01;20:00:00;60.58;58.34;60.48;58.52;253
2015.06.02;00:00:00;60.68;59.97;60.27;60.5;120
2015.06.02;04:00:00;60.29;59.72;59.84;60.24;75
2015.06.02;08:00:00;59.93;59.75;59.77;59.82;32
2015.06.02;12:00:00;59.99;59.5;59.55;59.78;76
2015.06.02;16:00:00;60.43;59.43;60.34;59.55;122
2015.06.02;20:00:00;60.58;59.32;59.83;60.51;185
2015.06.03;00:00:00;60.38;59.76;60.2;59.84;89
2015.06.03;04:00:00;60.29;60.07;60.1;60.16;39
2015.06.03;08:00:00;60.23;60.09;60.18;60.1;21
2015.06.03;12:00:00;61.13;60.1;60.79;60.17;145
2015.06.03;16:00:00;61.2;60.3;60.56;60.79;158
2015.06.03;20:00:00;61.55;60.39;61.29;60.57;161
2015.06.04;00:00:00;61.43;60.91;61;61.31;74
2015.06.04;04:00:00;60.99;60.85;60.95;60.99;25
2015.06.04;08:00:00;60.96;60.76;60.82;60.96;27
2015.06.04;12:00:00;60.86;59.67;59.93;60.81;151
2015.06.04;16:00:00;60.92;59.79;60.78;59.92;141
2015.06.04;20:00:00;61.3;59.33;59.64;60.77;282
2015.06.05;00:00:00;59.83;59.53;59.57;59.65;53
2015.06.05;04:00:00;59.7;59.49;59.57;59.55;41
2015.06.05;08:00:00;59.63;59.46;59.56;59.55;34
2015.06.05;12:00:00;59.83;59.04;59.82;59.57;134
2015.06.05;16:00:00;59.91;58.53;58.55;59.82;150
2015.06.05;20:00:00;58.81;57.82;58.08;58.54;153
2015.06.08;00:00:00;58.24;57.89;57.94;58.07;58
2015.06.08;04:00:00;57.97;57.85;57.95;57.95;25
2015.06.08;08:00:00;58.12;57.94;57.98;57.95;34
2015.06.08;12:00:00;58.1;57.23;57.56;57.99;132
2015.06.08;16:00:00;58.63;56.83;57.58;57.55;358
2015.06.08;20:00:00;58.45;57.57;58.37;57.57;97
2015.06.09;00:00:00;59.2;58.15;58.93;58.38;156
2015.06.09;04:00:00;58.91;58.52;58.65;58.91;53
2015.06.09;08:00:00;58.66;58.47;58.65;58.64;38
2015.06.09;12:00:00;59.1;58.51;58.74;58.66;111
2015.06.09;16:00:00;58.96;58.29;58.77;58.73;131
2015.06.09;20:00:00;58.87;57.84;58.15;58.81;141
2015.06.10;00:00:00;58.36;58.06;58.23;58.16;54
2015.06.10;04:00:00;58.46;58.21;58.45;58.27;33
2015.06.10;08:00:00;58.47;58.31;58.43;58.43;33
2015.06.10;12:00:00;58.94;58.21;58.81;58.42;108
2015.06.10;16:00:00;59.98;58.73;59.89;58.82;144
2015.06.10;20:00:00;60.23;59.7;60.03;59.9;94
2015.06.11;00:00:00;60.63;59.85;60.49;60.01;109
2015.06.11;04:00:00;60.69;60.42;60.68;60.56;43
2015.06.11;08:00:00;61.11;60.64;61.06;60.67;56
2015.06.11;12:00:00;61.72;60.81;61.36;61.05;152
2015.06.11;16:00:00;61.81;61.11;61.34;61.36;139
2015.06.11;20:00:00;61.59;60.47;60.73;61.33;165
2015.06.12;00:00:00;61.48;60.72;61.1;60.75;118
2015.06.12;04:00:00;61.18;61.02;61.08;61.12;29
2015.06.12;08:00:00;61.24;61.06;61.19;61.07;25
2015.06.12;12:00:00;61.5;60.7;60.87;61.2;128
2015.06.12;16:00:00;61.22;60.44;60.84;60.88;153
2015.06.12;20:00:00;60.93;60.2;60.62;60.83;126
2015.06.15;00:00:00;60.93;60.51;60.54;60.61;78
2015.06.15;04:00:00;60.6;60.37;60.45;60.53;39
2015.06.15;08:00:00;60.55;60.28;60.29;60.46;38
2015.06.15;12:00:00;60.36;59.81;59.97;60.3;78
2015.06.15;16:00:00;60.4;59.84;60.29;59.97;81
2015.06.15;20:00:00;60.39;59.72;60.23;60.28;130
2015.06.16;00:00:00;60.33;59.87;60;60.22;71
2015.06.16;04:00:00;60.31;60.04;60.1;60.28;37
2015.06.16;08:00:00;60.2;60.08;60.18;60.08;15
2015.06.16;12:00:00;60.38;59.62;59.64;60.17;100
2015.06.16;16:00:00;59.87;59.18;59.8;59.62;121
2015.06.16;20:00:00;60.23;59.56;60.04;59.76;107
2015.06.17;00:00:00;60.2;59.93;60.05;60.05;55
2015.06.17;04:00:00;60.55;59.93;60.43;59.99;81
2015.06.17;08:00:00;60.64;60.39;60.62;60.44;33
2015.06.17;12:00:00;60.79;59.99;60.15;60.61;115
2015.06.17;16:00:00;60.43;59.86;60.22;60.16;109
2015.06.17;20:00:00;60.64;60.03;60.43;60.2;100
2015.06.18;00:00:00;60.7;60.32;60.46;60.42;73
2015.06.18;04:00:00;60.58;60.42;60.56;60.48;25
2015.06.18;08:00:00;60.57;60.45;60.48;60.56;17
2015.06.18;12:00:00;61.43;60.46;61.41;60.49;103
2015.06.18;16:00:00;61.78;61.18;61.43;61.42;120
2015.06.18;20:00:00;61.61;59.34;59.54;61.44;265
2015.06.19;00:00:00;60.4;59.47;60.15;59.53;125
2015.06.19;04:00:00;60.22;60.03;60.09;60.03;33
2015.06.19;08:00:00;60.14;59.9;60;60.08;41
2015.06.19;12:00:00;61.28;59.65;61.24;60.01;204
2015.06.19;16:00:00;61.25;60.14;60.22;61.24;121
2015.06.19;20:00:00;60.98;60.22;60.95;60.25;83
2015.06.22;00:00:00;60.98;60.69;60.79;60.97;41
2015.06.22;04:00:00;60.9;60.65;60.73;60.83;41
2015.06.22;08:00:00;60.87;60.53;60.63;60.72;60
2015.06.22;12:00:00;60.89;60.02;60.18;60.64;129
2015.06.22;16:00:00;60.22;59.58;59.86;60.17;98
2015.06.22;20:00:00;60.01;59.23;59.8;59.84;153
2015.06.23;00:00:00;60.04;59.73;59.73;59.81;55
2015.06.23;04:00:00;59.83;59.52;59.8;59.72;55
2015.06.23;08:00:00;60;59.75;59.99;59.79;31
2015.06.23;12:00:00;60.61;59.88;60.39;60;108
2015.06.23;16:00:00;60.52;59.32;59.65;60.4;166
2015.06.23;20:00:00;59.83;59.26;59.68;59.72;111
2015.06.24;00:00:00;60.41;59.62;60.23;59.67;103
2015.06.24;04:00:00;60.24;60.12;60.19;60.18;24
2015.06.24;08:00:00;60.32;59.94;60.31;60.2;66
2015.06.24;12:00:00;60.49;59.84;60.24;60.37;118
2015.06.24;16:00:00;60.28;59.54;59.86;60.24;111
2015.06.24;20:00:00;61.34;59.68;61.18;59.85;200
2015.06.25;00:00:00;61.33;60.9;61.1;61.15;82
2015.06.25;04:00:00;61.19;61.08;61.11;61.12;22
2015.06.25;08:00:00;61.13;60.96;60.98;61.1;23
2015.06.25;12:00:00;61.54;60.98;61.46;60.99;66
2015.06.25;16:00:00;61.5;60.59;61.15;61.45;153
2015.06.25;20:00:00;61.48;59.79;60.01;61.14;226
2015.06.26;00:00:00;60.37;60.03;60.18;60.03;54
2015.06.26;04:00:00;60.22;60.09;60.18;60.18;27
2015.06.26;08:00:00;60.28;60.09;60.15;60.18;36
2015.06.26;12:00:00;60.43;60.04;60.11;60.15;75
2015.06.26;16:00:00;60.17;59.65;59.83;60.12;76
2015.06.26;20:00:00;59.93;59.42;59.76;59.79;100
2015.06.29;00:00:00;59.81;59.58;59.62;59.77;32
2015.06.29;04:00:00;59.69;59.57;59.64;59.63;24
2015.06.29;08:00:00;59.82;59.58;59.75;59.63;37
2015.06.29;12:00:00;59.77;59.33;59.43;59.74;58
2015.06.29;16:00:00;59.57;58.76;58.93;59.42;114
2015.06.29;20:00:00;59.93;58.84;59.76;58.92;135
2015.06.30;00:00:00;59.87;59.51;59.61;59.78;56
2015.06.30;04:00:00;58.96;58.61;58.78;58.82;67
2015.06.30;08:00:00;58.8;58.54;58.59;58.79;33
2015.06.30;12:00:00;58.76;58.24;58.3;58.6;75
2015.06.30;16:00:00;59.24;58.02;58.64;58.29;210
2015.06.30;20:00:00;58.84;58.23;58.37;58.63;97
2015.07.01;00:00:00;58.59;58.13;58.25;58.39;79
2015.07.01;04:00:00;58.33;58.09;58.12;58.25;36
2015.07.01;08:00:00;58.3;57.93;58.22;58.11;64
2015.07.01;12:00:00;58.7;58.05;58.66;58.21;86
2015.07.01;16:00:00;59.09;58.44;58.88;58.66;109
2015.07.01;20:00:00;59.29;58.59;59.26;58.87;102
2015.07.02;00:00:00;59.67;58.84;59.07;59.27;147
2015.07.02;04:00:00;59.07;58.73;58.74;59.05;38
2015.07.02;08:00:00;58.81;58.59;58.6;58.73;32
2015.07.02;12:00:00;58.93;58.25;58.71;58.59;125
2015.07.02;16:00:00;58.8;58.15;58.25;58.71;85
2015.07.02;20:00:00;58.37;56.84;57.04;58.24;187
2015.07.03;00:00:00;57.18;56.67;56.84;57.03;84
2015.07.03;04:00:00;57.04;56.84;57.03;56.85;23
2015.07.03;08:00:00;57.09;56.91;57.05;57.02;34
2015.07.03;12:00:00;57.22;56.77;56.94;57.05;80
2015.07.03;16:00:00;57.57;56.85;57.51;56.95;89
2015.07.03;20:00:00;57.93;57;57.26;57.56;157
2015.07.06;00:00:00;57.26;56.48;56.48;57.25;80
2015.07.06;04:00:00;56.68;56.39;56.67;56.39;31
2015.07.06;08:00:00;56.74;56.56;56.61;56.66;32
2015.07.06;12:00:00;56.69;56.46;56.53;56.61;39
2015.07.06;16:00:00;56.76;56.42;56.5;56.52;67
2015.07.06;20:00:00;56.51;55.4;55.57;56.51;129
2015.07.07;00:00:00;55.31;54.51;55.07;54.88;142
2015.07.07;04:00:00;55.08;54.68;54.7;55.06;45
2015.07.07;08:00:00;55.16;54.34;54.46;54.7;141
2015.07.07;12:00:00;54.7;53.89;54.23;54.46;140
2015.07.07;16:00:00;54.45;53.15;53.2;54.25;156
2015.07.07;20:00:00;53.2;52.39;52.65;53.19;109
2015.07.08;00:00:00;53.07;52.69;53;52.72;49
2015.07.08;04:00:00;53.09;52.81;52.83;53.01;39
2015.07.08;08:00:00;53.31;52.76;53.28;52.83;66
2015.07.08;12:00:00;53.36;51.24;51.28;53.27;226
2015.07.08;16:00:00;52.66;50.57;51.93;51.26;352
2015.07.08;20:00:00;53.41;51.76;52.93;51.94;232
2015.07.09;00:00:00;52.92;52.03;52.04;52.88;95
2015.07.09;04:00:00;52.27;51.79;51.82;52.03;76
2015.07.09;08:00:00;52.53;51.45;52.47;51.82;152
2015.07.09;12:00:00;52.83;52.05;52.61;52.47;143
2015.07.09;16:00:00;52.72;50.9;51.39;52.6;244
2015.07.09;20:00:00;51.87;51.12;51.78;51.38;111
2015.07.10;00:00:00;51.96;51.54;51.79;51.8;84
2015.07.10;04:00:00;52.56;51.79;52.51;51.8;84
2015.07.10;08:00:00;52.64;52.07;52.13;52.5;78
2015.07.10;12:00:00;53.52;52.12;52.93;52.12;200
2015.07.10;16:00:00;53.18;52.28;52.97;52.9;174
2015.07.10;20:00:00;53;52.47;52.56;52.95;68
2015.07.13;00:00:00;52.95;52.46;52.9;52.46;55
2015.07.13;04:00:00;53.37;52.89;53.33;52.91;55
2015.07.13;08:00:00;53.79;52.85;53.1;53.32;167
2015.07.13;12:00:00;53.34;52.48;52.81;53.12;142
2015.07.13;16:00:00;53.11;51.95;52.39;52.82;190
2015.07.13;20:00:00;52.86;52.33;52.78;52.4;69
2015.07.14;00:00:00;52.72;52.25;52.27;52.6;62
2015.07.14;04:00:00;52.43;52.11;52.17;52.26;56
2015.07.14;08:00:00;52.58;51.73;52.56;52.18;133
2015.07.14;12:00:00;53.14;52.1;52.57;52.58;208
2015.07.14;16:00:00;53.63;52.2;53.09;52.56;234
2015.07.14;20:00:00;53.12;52.48;52.48;53.08;69
2015.07.15;00:00:00;52.52;51.97;52.1;52.46;75
2015.07.15;04:00:00;52.29;51.88;51.93;52.09;67
2015.07.15;08:00:00;51.98;51.38;51.68;51.94;95
2015.07.15;12:00:00;52.96;51.54;52.72;51.68;181
2015.07.15;16:00:00;53.73;52.52;53.24;52.73;192
2015.07.15;20:00:00;53.83;53.09;53.76;53.23;96
2015.07.16;00:00:00;53.91;53.55;53.75;53.85;63
2015.07.16;04:00:00;53.8;53.53;53.57;53.76;36
2015.07.16;08:00:00;53.62;52.92;52.94;53.56;79
2015.07.16;12:00:00;53.22;52.32;52.57;52.93;145
2015.07.16;16:00:00;53.23;51.79;52.16;52.59;246
2015.07.16;20:00:00;52.25;51.56;51.95;52.17;117
2015.07.17;00:00:00;52.12;51.75;52.08;51.93;60
2015.07.17;04:00:00;52.4;52.07;52.11;52.07;63
2015.07.17;08:00:00;52.51;51.76;52.33;52.12;130
2015.07.17;12:00:00;52.45;51.81;51.96;52.32;93
2015.07.17;16:00:00;51.97;51.4;51.5;51.89;76
2015.07.17;20:00:00;51.61;51.14;51.21;51.51;65
2015.07.20;00:00:00;51.53;51.18;51.4;51.2;51
2015.07.20;04:00:00;51.45;51.1;51.25;51.4;56
2015.07.20;08:00:00;51.37;51;51.07;51.25;57
2015.07.20;12:00:00;51.45;50.59;50.69;51.07;135
2015.07.20;16:00:00;51.23;50.48;50.77;50.68;142
2015.07.20;20:00:00;51.29;50.76;51.1;50.78;75
2015.07.21;00:00:00;51.29;51;51.15;51.09;53
2015.07.21;04:00:00;51.19;50.86;51.09;51.16;60
2015.07.21;08:00:00;51.54;51.02;51.08;51.08;105
2015.07.21;12:00:00;51.34;50.57;50.62;51.07;110
2015.07.21;16:00:00;51.04;50.26;50.39;50.59;137
2015.07.21;20:00:00;50.54;50.14;50.22;50.38;65
2015.07.22;00:00:00;50.35;50.2;50.22;50.23;30
2015.07.22;04:00:00;50.3;50.19;50.19;50.21;21
2015.07.22;08:00:00;50.52;50.06;50.29;50.2;84
2015.07.22;12:00:00;51.2;50.28;51.2;50.28;93
2015.07.22;16:00:00;51.38;50.45;50.5;51.19;118
2015.07.22;20:00:00;50.92;50.5;50.61;50.51;75
2015.07.23;00:00:00;50.67;50.27;50.28;50.66;43
2015.07.23;04:00:00;50.3;50.02;50.11;50.28;40
2015.07.23;08:00:00;50.35;50.05;50.28;50.12;45
2015.07.23;12:00:00;50.34;49.73;50.03;50.28;98
2015.07.23;16:00:00;50.55;49.68;49.87;50.02;160
2015.07.23;20:00:00;49.89;49.02;49.17;49.88;104
2015.07.24;00:00:00;49.27;49.17;49.24;49.2;17
2015.07.24;04:00:00;49.32;49.19;49.23;49.23;27
2015.07.24;08:00:00;49.48;49.11;49.28;49.24;71
2015.07.24;12:00:00;49.6;49.09;49.44;49.27;86
2015.07.24;16:00:00;49.54;48.19;48.45;49.45;171
2015.07.24;20:00:00;48.89;48.23;48.82;48.46;97
2015.07.27;00:00:00;48.89;48.65;48.79;48.77;47
2015.07.27;04:00:00;48.82;48.62;48.73;48.77;37
2015.07.27;08:00:00;48.76;48.49;48.59;48.72;42
2015.07.27;12:00:00;49;48.36;48.42;48.59;112
2015.07.27;16:00:00;48.65;47.72;48.18;48.41;164
2015.07.27;20:00:00;48.37;47.9;48.03;48.2;78
2015.07.28;00:00:00;48.6;48.28;48.48;48.28;45
2015.07.28;04:00:00;48.53;48.26;48.41;48.47;49
2015.07.28;08:00:00;48.66;48.23;48.32;48.4;79
2015.07.28;12:00:00;48.37;47.65;47.97;48.32;110
2015.07.28;16:00:00;48.29;47.75;48.12;47.96;93
2015.07.28;20:00:00;48.14;47.33;47.38;48.11;90
2015.07.29;00:00:00;47.58;47.35;47.35;47.42;40
2015.07.29;04:00:00;47.73;47.35;47.59;47.35;53
2015.07.29;08:00:00;47.63;47.09;47.5;47.6;99
2015.07.29;12:00:00;48.06;47.36;47.7;47.5;121
2015.07.29;16:00:00;48.84;47.5;48.32;47.69;206
2015.07.29;20:00:00;48.76;48.07;48.16;48.31;124
2015.07.30;00:00:00;48.36;48.04;48.31;48.15;49
2015.07.30;04:00:00;48.31;48.12;48.24;48.3;33
2015.07.30;08:00:00;48.32;47.78;48.19;48.23;105
2015.07.30;12:00:00;48.23;47.79;48.07;48.19;77
2015.07.30;16:00:00;49.89;47.98;49.36;48.06;253
2015.07.30;20:00:00;49.78;48.92;49.24;49.37;160
2015.07.31;00:00:00;49.37;49.12;49.33;49.21;39
2015.07.31;04:00:00;49.34;49.08;49.1;49.32;31
2015.07.31;08:00:00;49.52;49;49.49;49.09;65
2015.07.31;12:00:00;49.69;48.95;49.03;49.48;104
2015.07.31;16:00:00;49.62;48.81;48.89;49.09;143
2015.07.31;20:00:00;49.02;48.71;48.81;48.9;54
2015.08.03;00:00:00;48.93;48.51;48.63;48.81;67
2015.08.03;04:00:00;48.64;48.49;48.54;48.63;22
2015.08.03;08:00:00;48.55;47.76;47.97;48.55;101
2015.08.03;12:00:00;49.01;47.87;48.64;47.96;161
2015.08.03;16:00:00;48.64;47.53;47.82;48.63;142
2015.08.03;20:00:00;48.07;47.08;47.17;47.83;133
2015.08.04;00:00:00;47.31;46.73;47.18;47.31;104
2015.08.04;04:00:00;47.31;46.98;47.01;47.18;50
2015.08.04;08:00:00;47.15;46.64;46.8;47.01;82
2015.08.04;12:00:00;46.91;46.23;46.4;46.8;97
2015.08.04;16:00:00;46.91;45.47;45.65;46.42;212
2015.08.04;20:00:00;45.89;45.46;45.65;45.66;86
2015.08.05;00:00:00;45.87;45.66;45.86;45.77;34
2015.08.05;04:00:00;45.95;45.8;45.93;45.86;24
2015.08.05;08:00:00;46.39;45.82;46.32;45.93;76
2015.08.05;12:00:00;46.57;46.03;46.46;46.33;96
2015.08.05;16:00:00;46.57;46.02;46.13;46.47;77
2015.08.05;20:00:00;46.41;45.79;46.32;46.12;105
2015.08.06;00:00:00;46.35;46.2;46.32;46.35;28
2015.08.06;04:00:00;46.49;46.28;46.47;46.32;28
2015.08.06;08:00:00;46.68;46.16;46.31;46.47;89
2015.08.06;12:00:00;46.85;46.24;46.62;46.31;92
2015.08.06;16:00:00;47.05;45.22;45.48;46.63;252
2015.08.06;20:00:00;45.64;45.34;45.5;45.47;58
2015.08.07;00:00:00;45.66;45.51;45.61;45.56;26
2015.08.07;04:00:00;45.64;45.53;45.58;45.62;19
2015.08.07;08:00:00;45.6;45.23;45.31;45.59;47
2015.08.07;12:00:00;45.33;44.89;45.01;45.3;60
2015.08.07;16:00:00;45.25;44.62;44.83;45.02;108
2015.08.07;20:00:00;45.23;44.72;45.2;44.84;67
2015.08.10;00:00:00;45.25;45.11;45.17;45.18;28
2015.08.10;04:00:00;45.34;45.13;45.24;45.15;34
2015.08.10;08:00:00;45.54;45.08;45.08;45.23;78
2015.08.10;12:00:00;45.18;44.5;44.62;45.09;90
2015.08.10;16:00:00;44.89;44.37;44.57;44.61;101
2015.08.10;20:00:00;44.56;44.17;44.25;44.56;48
2015.08.11;00:00:00;44.25;43.84;44.13;44.25;71
2015.08.11;04:00:00;44.16;44.02;44.06;44.12;23
2015.08.11;08:00:00;44.37;44.04;44.3;44.06;43
2015.08.11;12:00:00;44.76;44.09;44.56;44.3;109
2015.08.11;16:00:00;45.53;44.41;45.3;44.55;150
2015.08.11;20:00:00;45.67;45.27;45.49;45.29;61
2015.08.12;00:00:00;45.48;45.24;45.24;45.46;27
2015.08.12;04:00:00;45.4;45.12;45.3;45.23;50
2015.08.12;08:00:00;45.98;45.03;45.03;45.29;165
2015.08.12;12:00:00;45.04;43.95;43.98;45.03;114
2015.08.12;16:00:00;44.22;43.65;43.66;44;81
2015.08.12;20:00:00;44.19;43.51;43.94;43.67;110
2015.08.13;00:00:00;44.32;43.72;43.72;44.06;87
2015.08.13;04:00:00;43.84;43.52;43.71;43.72;64
2015.08.13;08:00:00;44.43;43.53;44.33;43.72;120
2015.08.13;12:00:00;44.61;43.95;44.37;44.33;129
2015.08.13;16:00:00;44.39;43.57;43.95;44.38;122
2015.08.13;20:00:00;44.29;43.85;43.98;43.94;85
2015.08.14;00:00:00;44.16;43.9;44;44.01;52
2015.08.14;04:00:00;44.28;43.96;44.24;44.01;42
2015.08.14;08:00:00;44.45;44.04;44.1;44.24;69
2015.08.14;12:00:00;44.23;43.18;43.26;44.09;128
2015.08.14;16:00:00;43.22;42.68;42.82;43.19;72
2015.08.14;20:00:00;43.02;42.65;42.93;42.83;65
2015.08.17;00:00:00;42.98;42.08;42.82;42.97;166
2015.08.17;04:00:00;42.9;42.66;42.8;42.82;47
2015.08.17;08:00:00;42.96;42.62;42.72;42.8;61
2015.08.17;12:00:00;43.52;42.66;43.26;42.71;118
2015.08.17;16:00:00;43.34;42.87;43.31;43.25;89
2015.08.17;20:00:00;43.37;42.64;42.69;43.29;87
2015.08.18;00:00:00;42.82;42.47;42.51;42.82;40
2015.08.18;04:00:00;42.61;42.43;42.54;42.5;33
2015.08.18;08:00:00;42.73;42.24;42.67;42.55;87
2015.08.18;12:00:00;42.92;42.35;42.69;42.68;114
2015.08.18;16:00:00;43.2;42.51;42.98;42.7;111
2015.08.18;20:00:00;43.13;42.26;42.37;43;112
2015.08.19;00:00:00;42.45;42.28;42.35;42.37;33
2015.08.19;04:00:00;42.35;42.21;42.26;42.35;20
2015.08.19;08:00:00;42.28;41.92;42.13;42.25;61
2015.08.19;12:00:00;42.65;42.05;42.48;42.14;87
2015.08.19;16:00:00;43;42.22;42.89;42.49;117
2015.08.19;20:00:00;43.36;42.73;42.82;42.88;121
2015.08.20;00:00:00;42.92;42.76;42.87;42.85;31
2015.08.20;04:00:00;42.99;42.74;42.75;42.88;38
2015.08.20;08:00:00;43.14;42.59;42.9;42.74;95
2015.08.20;12:00:00;43.01;42.51;42.65;42.9;76
2015.08.20;16:00:00;42.73;40.95;41.01;42.67;191
2015.08.20;20:00:00;41.61;40.78;40.89;41;156
2015.08.21;00:00:00;41.14;40.88;40.91;40.95;49
2015.08.21;04:00:00;41.08;40.83;41.01;40.91;41
2015.08.21;08:00:00;41.09;40.48;40.62;41.01;84
2015.08.21;12:00:00;41.48;40.58;41.27;40.63;117
2015.08.21;16:00:00;41.79;40.9;41.73;41.26;132
2015.08.21;20:00:00;41.78;40.67;40.94;41.75;142
2015.08.24;00:00:00;41.26;40.86;40.87;41.01;67
2015.08.24;04:00:00;40.91;40.63;40.76;40.86;47
2015.08.24;08:00:00;41.19;40.69;41.02;40.76;75
2015.08.24;12:00:00;41.37;40.63;41.08;41.01;142
2015.08.24;16:00:00;41.12;39.84;40.14;41.09;162
2015.08.24;20:00:00;40.59;40.09;40.2;40.13;94
2015.08.25;00:00:00;40.45;39.48;39.63;40.27;131
2015.08.25;04:00:00;39.72;38.98;39.36;39.63;122
2015.08.25;08:00:00;39.37;38.67;38.89;39.35;95
2015.08.25;12:00:00;39.18;37.74;38.37;38.88;238
2015.08.25;16:00:00;39.48;38.28;38.89;38.34;186
2015.08.25;20:00:00;38.93;37.81;38.04;38.9;139
2015.08.26;00:00:00;38.59;38.14;38.49;38.16;58
2015.08.26;04:00:00;39.07;38.48;38.79;38.49;89
2015.08.26;08:00:00;39.79;38.59;39.64;38.78;155
2015.08.26;12:00:00;39.87;39.12;39.29;39.64;116
2015.08.26;16:00:00;39.62;38.84;38.89;39.3;116
2015.08.26;20:00:00;39.63;38.78;39.61;38.9;100
2015.08.27;00:00:00;39.75;39.02;39.28;39.66;109
2015.08.27;04:00:00;39.69;39.11;39.58;39.29;88
2015.08.27;08:00:00;39.63;39.21;39.3;39.59;56
2015.08.27;12:00:00;39.82;39.01;39.2;39.29;154
2015.08.27;16:00:00;39.62;38.57;38.92;39.18;185
2015.08.27;20:00:00;39.07;38.51;38.85;38.93;105
2015.08.28;00:00:00;39.51;38.92;39.45;38.93;67
2015.08.28;04:00:00;39.54;39.35;39.44;39.44;39
2015.08.28;08:00:00;40.35;39.34;40.31;39.43;115
2015.08.28;12:00:00;40.45;39.78;40.2;40.3;125
2015.08.28;16:00:00;42.29;40.17;42.17;40.21;229
2015.08.28;20:00:00;42.82;41.81;42.76;42.15;142
2015.08.31;00:00:00;43.43;42.35;42.97;42.65;185
2015.08.31;04:00:00;43.34;42.81;43.29;43;78
2015.08.31;08:00:00;43.43;41.76;42.43;43.28;250
2015.08.31;12:00:00;42.86;41.8;42.82;42.44;175
2015.08.31;16:00:00;45.87;42.73;45.12;42.81;398
2015.08.31;20:00:00;45.56;44.89;45.21;45.11;125
2015.09.01;00:00:00;45.24;44.38;44.46;44.98;121
2015.09.01;04:00:00;44.72;44.29;44.6;44.47;74
2015.09.01;08:00:00;44.83;44.1;44.28;44.58;117
2015.09.01;12:00:00;45;43.59;43.65;44.27;221
2015.09.01;16:00:00;48.87;43.62;48.87;43.67;531
2015.09.01;20:00:00;49.29;47.95;48.13;48.9;192
2015.09.02;00:00:00;48.16;47.21;47.43;48.07;127
2015.09.02;04:00:00;48;47.42;47.71;47.42;88
2015.09.02;08:00:00;48.35;47;48.23;47.7;218
2015.09.02;12:00:00;48.83;46.76;47.18;48.24;309
2015.09.02;16:00:00;47.23;45.2;45.95;47.19;283
2015.09.02;20:00:00;46.95;44.13;44.16;45.93;388
2015.09.03;00:00:00;44.74;43.84;44.31;44.23;173
2015.09.03;04:00:00;44.52;44.02;44.3;44.3;101
2015.09.03;08:00:00;44.92;44.23;44.34;44.31;136
2015.09.03;12:00:00;46.29;44.15;45.29;44.35;335
2015.09.03;16:00:00;45.89;43.2;45.32;45.32;539
2015.09.03;20:00:00;46.73;45.12;46.02;45.31;252
2015.09.04;00:00:00;46.31;45.75;45.79;46.08;84
2015.09.04;04:00:00;46.32;45.64;46.02;45.78;113
2015.09.04;08:00:00;46.55;45.83;46.14;46.01;132
2015.09.04;12:00:00;47.33;45.66;47.21;46.13;227
2015.09.04;16:00:00;48.4;46.15;46.17;47.22;346
2015.09.04;20:00:00;46.91;45.92;46.64;46.18;153
2015.09.07;00:00:00;46.82;46.41;46.6;46.66;77
2015.09.07;04:00:00;46.6;46.05;46.19;46.6;70
2015.09.07;08:00:00;46.68;45.81;46.34;46.18;159
2015.09.07;12:00:00;47.18;45.78;46.04;46.33;252
2015.09.07;16:00:00;46.82;45.92;46.34;46.08;155
2015.09.07;20:00:00;46.58;45.64;45.66;46.35;120
2015.09.08;00:00:00;45.86;45.13;45.73;45.79;141
2015.09.08;04:00:00;45.89;45.49;45.65;45.74;72
2015.09.08;08:00:00;45.82;45.35;45.56;45.65;86
2015.09.08;12:00:00;45.57;45.06;45.23;45.57;69
2015.09.08;16:00:00;45.34;44.31;44.43;45.22;128
2015.09.08;20:00:00;44.73;44.12;44.58;44.23;88
2015.09.09;00:00:00;44.75;44.16;44.3;44.57;92
2015.09.09;04:00:00;45.27;44.23;45.07;44.31;133
2015.09.09;08:00:00;45.84;44.79;44.87;45.08;190
2015.09.09;12:00:00;46.38;44.51;45.92;44.88;271
2015.09.09;16:00:00;46.2;45.64;45.71;45.93;91
2015.09.09;20:00:00;46.03;45.5;46.02;45.74;79
2015.09.10;00:00:00;46.23;45.95;45.99;46.02;54
2015.09.10;04:00:00;46.19;45.57;45.72;45.99;98
2015.09.10;08:00:00;45.93;45.11;45.31;45.73;123
2015.09.10;12:00:00;45.62;44.57;44.59;45.29;141
2015.09.10;16:00:00;44.65;44.03;44.09;44.61;73
2015.09.10;20:00:00;44.21;44.02;44.08;44.11;36
2015.09.11;00:00:00;44.13;43.36;43.94;44.07;142
2015.09.11;04:00:00;44.92;43.88;44.66;43.95;138
2015.09.11;08:00:00;44.88;44.03;44.26;44.65;132
2015.09.11;12:00:00;45.9;44.34;45.56;44.36;193
2015.09.11;16:00:00;46.01;45.48;45.68;45.57;96
2015.09.11;20:00:00;45.72;45.45;45.65;45.66;54
2015.09.14;00:00:00;45.84;45.56;45.6;45.64;53
2015.09.14;04:00:00;45.72;44.74;45.04;45.59;142
2015.09.14;08:00:00;45.11;44.4;44.57;45.05;95
2015.09.14;12:00:00;45.45;44.15;45.17;44.56;200
2015.09.14;16:00:00;45.23;44.54;44.74;45.15;98
2015.09.14;20:00:00;45.46;45.25;45.42;45.3;31
2015.09.15;00:00:00;45.42;44.9;45;45.41;64
2015.09.15;04:00:00;45.19;44.75;44.99;45;88
2015.09.15;08:00:00;45.18;44.32;44.47;45;120
2015.09.15;12:00:00;44.9;44.08;44.46;44.5;161
2015.09.15;16:00:00;44.67;44.29;44.52;44.47;72
2015.09.15;20:00:00;44.85;44.48;44.76;44.53;52
2015.09.16;00:00:00;44.79;44.46;44.55;44.76;46
2015.09.16;04:00:00;44.96;44.48;44.75;44.56;78
2015.09.16;08:00:00;45.26;44.59;45.12;44.74;97
2015.09.16;12:00:00;45.39;44.48;44.58;45.14;127
2015.09.16;16:00:00;45.6;44.34;45.51;44.57;159
2015.09.16;20:00:00;45.51;45.3;45.34;45.51;26
2015.09.17;00:00:00;45.35;45.18;45.28;45.35;28
2015.09.17;04:00:00;45.96;45.22;45.72;45.27;104
2015.09.17;08:00:00;46.33;45.51;46.18;45.71;118
2015.09.17;12:00:00;47.72;45.82;47.01;46.19;299
2015.09.17;16:00:00;47.62;46.92;47.49;47.02;94
2015.09.17;20:00:00;47.9;47.43;47.49;47.49;95
2015.09.18;00:00:00;47.6;47.32;47.53;47.49;53
2015.09.18;04:00:00;47.74;46.68;46.89;47.53;149
2015.09.18;08:00:00;48.01;46.72;47.7;46.88;177
2015.09.18;12:00:00;48.04;46.79;47;47.69;182
2015.09.18;16:00:00;47.84;46.82;47.15;46.99;189
2015.09.18;20:00:00;47.17;46.88;46.99;47.16;42
2015.09.21;00:00:00;47.08;46.96;46.96;47;21
2015.09.21;04:00:00;47.31;46.45;47.21;46.96;148
2015.09.21;08:00:00;47.24;45.39;45.51;47.22;200
2015.09.21;12:00:00;46.31;45.23;45.23;45.52;188
2015.09.21;16:00:00;45.32;44.59;45.21;45.22;146
2015.09.21;20:00:00;45.3;45.01;45.14;45.26;47
2015.09.22;00:00:00;45.64;45.1;45.58;45.13;64
2015.09.22;04:00:00;45.9;45.35;45.64;45.58;105
2015.09.22;08:00:00;46.37;45.57;45.98;45.64;127
2015.09.22;12:00:00;46.7;45.83;46.48;45.97;124
2015.09.22;16:00:00;47;46.43;46.68;46.47;94
2015.09.22;20:00:00;46.71;46.35;46.43;46.66;50
2015.09.23;00:00:00;46.53;46.22;46.29;46.43;49
2015.09.23;04:00:00;46.33;45.56;45.96;46.3;121
2015.09.23;08:00:00;45.97;45.35;45.92;45.97;120
2015.09.23;12:00:00;46.31;45.37;45.82;45.9;181
2015.09.23;16:00:00;46.62;45.7;46.53;45.81;113
2015.09.23;20:00:00;46.61;46.2;46.23;46.5;56
2015.09.24;00:00:00;46.28;46.1;46.16;46.21;32
2015.09.24;04:00:00;46.91;46.13;46.66;46.15;106
2015.09.24;08:00:00;46.83;46.22;46.48;46.67;104
2015.09.24;12:00:00;47.13;44.51;44.79;46.5;354
2015.09.24;16:00:00;45.15;44.4;44.59;44.78;132
2015.09.24;20:00:00;44.95;44.51;44.9;44.6;59
2015.09.25;00:00:00;44.92;44.72;44.76;44.89;28
2015.09.25;04:00:00;45.1;44.68;44.89;44.77;73
2015.09.25;08:00:00;44.97;43.69;44.33;44.89;201
2015.09.25;12:00:00;45.12;44.23;44.7;44.34;143
2015.09.25;16:00:00;45.15;44.56;45.04;44.69;84
2015.09.25;20:00:00;45.05;44.83;44.92;45.03;34
2015.09.28;00:00:00;45.37;44.87;45.32;44.91;60
2015.09.28;04:00:00;45.46;45;45.38;45.31;86
2015.09.28;08:00:00;46.33;45.09;46.23;45.39;165
2015.09.28;12:00:00;46.29;45.15;45.65;46.25;169
2015.09.28;16:00:00;45.73;45.3;45.32;45.67;52
2015.09.28;20:00:00;45.46;45.12;45.21;45.35;55
2015.09.29;00:00:00;45.33;45.15;45.19;45.2;36
2015.09.29;04:00:00;45.46;45.03;45.11;45.18;80
2015.09.29;08:00:00;45.12;44.52;44.84;45.1;95
2015.09.29;12:00:00;45.31;44.31;44.48;44.87;162
2015.09.29;16:00:00;44.6;44.29;44.46;44.49;60
2015.09.29;20:00:00;44.55;44.33;44.49;44.47;43
2015.09.30;00:00:00;44.52;44.36;44.41;44.48;26
2015.09.30;04:00:00;44.86;44.34;44.84;44.4;61
2015.09.30;08:00:00;45.28;44.7;45.04;44.83;96
2015.09.30;12:00:00;45.68;44.95;45.59;45.05;93
2015.09.30;16:00:00;45.59;44.77;44.83;45.58;90
2015.09.30;20:00:00;44.91;44.66;44.74;44.89;36
2015.10.01;00:00:00;44.9;44.68;44.84;44.73;34
2015.10.01;04:00:00;45.16;44.75;45;44.85;68
2015.10.01;08:00:00;45.45;44.87;45.34;45.01;84
2015.10.01;12:00:00;45.82;44.73;45.08;45.36;191
2015.10.01;16:00:00;45.45;44.75;45.3;45.06;117
2015.10.01;20:00:00;45.72;45.2;45.64;45.34;75
2015.10.02;00:00:00;45.77;45.6;45.71;45.65;29
2015.10.02;04:00:00;46.29;45.59;46.24;45.73;90
2015.10.02;08:00:00;47.06;45.68;46.69;46.23;231
2015.10.02;12:00:00;46.79;44.79;45.18;46.7;249
2015.10.02;16:00:00;45.26;44.62;44.99;45.2;108
2015.10.02;20:00:00;45.33;45.01;45.31;45.05;39
2015.10.05;00:00:00;45.33;45.17;45.3;45.3;33
2015.10.05;04:00:00;45.71;45.21;45.33;45.31;99
2015.10.05;08:00:00;45.34;44.08;44.4;45.34;159
2015.10.05;12:00:00;45.65;43.97;45.35;44.39;241
2015.10.05;16:00:00;45.79;45.26;45.61;45.34;80
2015.10.05;20:00:00;45.72;45.19;45.57;45.63;101
2015.10.06;00:00:00;45.91;45.57;45.77;45.57;49
2015.10.06;04:00:00;46.22;45.63;46.15;45.78;82
2015.10.06;08:00:00;46.7;45.78;46.42;46.16;159
2015.10.06;12:00:00;46.89;46.12;46.25;46.41;139
2015.10.06;16:00:00;46.4;46.04;46.18;46.26;65
2015.10.06;20:00:00;46.36;46.08;46.2;46.17;54
2015.10.07;00:00:00;46.38;46.18;46.32;46.19;28
2015.10.07;04:00:00;46.35;45.71;46.07;46.33;103
2015.10.07;08:00:00;47.36;45.87;47.26;46.08;181
2015.10.07;12:00:00;48.59;47.01;47.83;47.27;261
2015.10.07;16:00:00;49.04;47.82;49.02;47.82;125
2015.10.07;20:00:00;49.32;48.68;48.97;48.96;128
2015.10.08;00:00:00;49.53;48.95;49.52;48.96;61
2015.10.08;04:00:00;49.67;49.11;49.41;49.51;103
2015.10.08;08:00:00;49.61;48.9;49.41;49.4;142
2015.10.08;12:00:00;49.65;47.82;48.4;49.4;267
2015.10.08;16:00:00;48.64;47.68;48.11;48.41;163
2015.10.08;20:00:00;48.35;47.88;47.96;48.08;83
2015.10.09;00:00:00;48.08;47.75;47.87;47.97;57
2015.10.09;04:00:00;48.3;47.79;47.94;47.86;95
2015.10.09;08:00:00;48.66;47.81;48.27;47.94;138
2015.10.09;12:00:00;49.66;48.12;49.5;48.26;185
2015.10.09;16:00:00;50.02;49.29;49.65;49.49;131
2015.10.09;20:00:00;49.69;49.51;49.59;49.68;28
2015.10.12;00:00:00;50.56;49.59;50.37;49.6;118
2015.10.12;04:00:00;50.45;49.87;50.38;50.36;115
2015.10.12;08:00:00;50.89;49.63;50.04;50.38;219
2015.10.12;12:00:00;50.15;49.21;49.31;50.02;118
2015.10.12;16:00:00;49.71;49.16;49.48;49.3;93
2015.10.12;20:00:00;49.89;49.46;49.81;49.49;55
2015.10.13;00:00:00;50.1;49.79;49.96;49.81;48
2015.10.13;04:00:00;50.11;49.78;49.86;49.97;56
2015.10.13;08:00:00;49.88;48.62;48.65;49.87;131
2015.10.13;12:00:00;48.94;47.23;47.34;48.6;217
2015.10.13;16:00:00;47.45;47.04;47.43;47.33;73
2015.10.13;20:00:00;47.7;47.37;47.53;47.45;59
2015.10.14;00:00:00;47.57;47.36;47.41;47.55;29
2015.10.14;04:00:00;47.82;46.59;46.92;47.4;199
2015.10.14;08:00:00;47.62;46.71;47.54;46.91;120
2015.10.14;12:00:00;48.43;47.05;47.07;47.55;229
2015.10.14;16:00:00;47.15;46.44;46.56;47.05;94
2015.10.14;20:00:00;46.8;46.57;46.69;46.65;43
2015.10.15;00:00:00;46.94;46.42;46.81;46.7;94
2015.10.15;04:00:00;46.87;46.33;46.45;46.8;74
2015.10.15;08:00:00;46.88;46.01;46.6;46.44;159
2015.10.15;12:00:00;46.82;45.94;46.82;46.62;157
2015.10.15;16:00:00;46.91;45.98;46.24;46.8;131
2015.10.15;20:00:00;46.42;46.09;46.35;46.26;58
2015.10.16;00:00:00;46.59;46.32;46.44;46.34;45
2015.10.16;04:00:00;46.97;46.28;46.51;46.45;3824
2015.10.16;08:00:00;46.8;46.14;46.36;46.51;5292
2015.10.16;12:00:00;46.9;45.78;46.43;46.37;7094
2015.10.16;16:00:00;47.5;46.32;47.35;46.42;3350
2015.10.16;20:00:00;47.53;47.25;47.46;47.36;1212
2015.10.19;00:00:00;47.55;47.28;47.53;47.47;1248
2015.10.19;04:00:00;47.69;47.34;47.49;47.54;3937
2015.10.19;08:00:00;47.94;47.05;47.26;47.48;5370
2015.10.19;12:00:00;47.79;46.64;47.64;47.28;5243
2015.10.19;16:00:00;47.91;47.4;47.69;47.65;2124
2015.10.19;20:00:00;47.89;47.42;47.49;47.71;1394
2015.10.20;00:00:00;47.67;47.31;47.38;47.52;1292
2015.10.20;04:00:00;47.59;47.08;47.15;47.37;6050
2015.10.20;08:00:00;47.28;46.35;46.87;47.15;4055
2015.10.20;12:00:00;47.02;46.38;46.57;46.88;5047
2015.10.20;16:00:00;46.6;46.23;46.55;46.55;2257
2015.10.20;20:00:00;46.67;46.42;46.43;46.56;883
2015.10.21;00:00:00;46.51;46.32;46.41;46.44;1099
2015.10.21;04:00:00;46.66;46.13;46.41;46.41;4092
2015.10.21;08:00:00;46.6;46.18;46.54;46.41;3879
2015.10.21;12:00:00;46.91;45.71;45.8;46.52;4086
2015.10.21;16:00:00;46.35;45.77;45.9;45.79;2149
2015.10.21;20:00:00;46;45.84;45.89;45.87;859
2015.10.22;00:00:00;46.06;45.88;45.94;45.88;971
2015.10.22;04:00:00;45.99;45.31;45.59;45.95;3822
2015.10.22;08:00:00;45.82;45.13;45.21;45.58;3709
2015.10.22;12:00:00;45.88;44.86;45.3;45.2;6259
2015.10.22;16:00:00;45.35;45.02;45.22;45.29;2485
2015.10.22;20:00:00;45.41;45.22;45.38;45.25;867
2015.10.23;00:00:00;45.53;45.34;45.42;45.39;1026
2015.10.23;04:00:00;45.69;45.25;45.64;45.41;2617
2015.10.23;08:00:00;46.08;45.55;45.95;45.64;4760
2015.10.23;12:00:00;46.09;44.93;44.96;45.96;4507
2015.10.23;16:00:00;45.52;44.9;45.45;44.97;2644
2015.10.23;20:00:00;45.58;45.21;45.52;45.42;917
2015.10.25;23:00:00;45.66;45.43;45.55;45.51;829
2015.10.26;00:00:00;45.73;45.31;45.58;45.54;3042
2015.10.26;04:00:00;45.72;44.21;44.46;45.57;6035
2015.10.26;08:00:00;45.02;44.37;44.6;44.44;5341
2015.10.26;12:00:00;44.9;44.52;44.72;44.62;2251
2015.10.26;16:00:00;44.76;44.42;44.61;44.72;864
2015.10.26;20:00:00;44.78;44.59;44.7;44.61;761
2015.10.27;00:00:00;44.92;44.54;44.88;44.71;2421
2015.10.27;04:00:00;44.91;43.94;43.96;44.88;4039
2015.10.27;08:00:00;44.33;43.84;43.93;43.94;4040
2015.10.27;12:00:00;44.15;43.63;43.71;43.94;1907
2015.10.27;16:00:00;43.89;43.68;43.76;43.77;945
2015.10.27;20:00:00;43.76;43.32;43.48;43.75;1362
2015.10.28;00:00:00;43.73;43.33;43.58;43.49;2046
2015.10.28;04:00:00;43.64;42.74;42.87;43.57;3771
2015.10.28;08:00:00;43.33;42.59;43.04;42.86;4010
2015.10.28;12:00:00;43.45;42.88;43.38;43.02;2239
2015.10.28;16:00:00;43.46;43.22;43.26;43.41;1001
2015.10.28;20:00:00;43.27;43.19;43.24;43.25;456
2015.10.29;00:00:00;43.65;43.05;43.43;43.23;2474
2015.10.29;04:00:00;43.96;43.38;43.93;43.42;3667
2015.10.29;08:00:00;45.99;43.91;45.95;43.91;6812
2015.10.29;12:00:00;46.2;45.4;46.15;45.97;4694
2015.10.29;16:00:00;46.15;45.75;45.79;46.05;869
2015.10.29;20:00:00;45.83;45.65;45.69;45.78;828
2015.10.30;00:00:00;45.72;45.23;45.44;45.68;3757
2015.10.30;04:00:00;46.51;45.15;46.32;45.43;6887
2015.10.30;08:00:00;46.74;45.63;46.02;46.33;6198
2015.10.30;12:00:00;46.18;45.69;45.74;46.01;2452
2015.10.30;16:00:00;45.87;45.62;45.81;45.73;905
2015.10.30;20:00:00;45.92;45.77;45.78;45.81;844
2015.11.02;00:00:00;45.99;45.47;45.9;45.79;3518
2015.11.02;04:00:00;46.37;45.62;45.69;45.91;5712
2015.11.02;08:00:00;46.79;45.6;46.66;45.7;5468
2015.11.02;12:00:00;47.02;46.26;46.38;46.68;2558
2015.11.02;16:00:00;47.31;47.03;47.28;47.24;987
2015.11.02;20:00:00;47.33;47.21;47.27;47.27;559
2015.11.03;00:00:00;47.46;46.64;46.64;47.26;2638
2015.11.03;04:00:00;47.29;46.44;47.21;46.64;3242
2015.11.03;08:00:00;47.58;46.75;46.87;47.22;2991
2015.11.03;12:00:00;47.12;46.82;46.95;46.88;1143
2015.11.03;16:00:00;47.23;46.96;47.09;47.02;789
2015.11.03;20:00:00;47.21;47.01;47.07;47.09;579
2015.11.04;00:00:00;47.48;46.84;47.38;47.08;2292
2015.11.04;04:00:00;48.13;47.19;47.78;47.38;3006
2015.11.04;08:00:00;49.16;47.66;48.9;47.79;3564
2015.11.04;12:00:00;49.21;48.49;48.55;48.89;1847
2015.11.04;16:00:00;48.81;48.5;48.77;48.57;1154
2015.11.04;20:00:00;48.84;48.54;48.72;48.77;865
2015.11.05;00:00:00;48.96;48.32;48.87;48.72;2821
2015.11.05;04:00:00;49.16;48.22;48.41;48.87;3498
2015.11.05;08:00:00;48.71;47.05;47.26;48.4;4071
2015.11.05;12:00:00;47.46;47.16;47.43;47.24;1488
2015.11.05;16:00:00;47.49;47.28;47.4;47.44;965
2015.11.05;20:00:00;47.41;47.2;47.24;47.4;613
2015.11.06;00:00:00;47.51;47.08;47.23;47.24;2783
2015.11.06;04:00:00;47.39;46.66;47.27;47.24;3248
2015.11.06;08:00:00;47.15;46.47;46.79;47.15;3290
2015.11.06;12:00:00;46.91;46.16;46.37;46.8;1479
2015.11.06;16:00:00;46.5;46.24;46.32;46.41;756
2015.11.06;20:00:00;46.57;46.31;46.54;46.31;538
2015.11.09;00:00:00;46.65;46.29;46.56;46.53;2073
2015.11.09;04:00:00;46.69;45.65;45.85;46.57;3514
2015.11.09;08:00:00;45.87;45.34;45.41;45.87;2729
2015.11.09;12:00:00;45.83;45.35;45.8;45.61;1314
2015.11.09;16:00:00;45.93;45.76;45.77;45.81;598
2015.11.09;20:00:00;45.8;45.54;45.64;45.77;1989
2015.11.10;00:00:00;46.26;45.29;45.65;45.64;3562
2015.11.10;04:00:00;45.58;44.87;45.09;45.58;3221
2015.11.10;08:00:00;45.37;44.96;45.32;45.08;1400
2015.11.10;12:00:00;45.39;45.26;45.36;45.3;619
2015.11.10;16:00:00;45.45;45.28;45.35;45.37;472
2015.11.10;20:00:00;45.39;45.06;45.25;45.34;2133
2015.11.11;00:00:00;45.91;44.82;45.71;45.24;3427
2015.11.11;04:00:00;45.87;45.3;45.52;45.73;3101
2015.11.11;08:00:00;45.61;44.85;44.89;45.49;1441
2015.11.11;12:00:00;45.02;44.83;45;44.89;959
2015.11.11;16:00:00;45.06;44.95;44.96;45;557
2015.11.11;20:00:00;45.09;44.88;44.93;44.96;1880
2015.11.12;00:00:00;45.38;44.7;44.8;44.94;3157
2015.11.12;04:00:00;44.9;44.05;44.08;44.81;2993
2015.11.12;08:00:00;44.34;43.91;44.24;44.07;1242
2015.11.12;12:00:00;44.53;44.21;44.42;44.22;993
2015.11.12;16:00:00;44.45;44.36;44.37;44.42;555
2015.11.12;20:00:00;44.48;44.06;44.06;44.36;2351
2015.11.13;00:00:00;44.19;43.02;43.69;44.07;3552
2015.11.13;04:00:00;43.89;42.91;43.24;43.66;3557
2015.11.13;08:00:00;43.3;42.84;42.89;43.27;1462
2015.11.13;12:00:00;43.06;42.69;42.85;42.91;1150
2015.11.13;16:00:00;42.99;42.78;42.94;42.86;566
2015.11.13;20:00:00;43.33;42.92;43.22;42.94;2143
2015.11.16;00:00:00;43.5;42.13;42.15;43.21;3354
2015.11.16;04:00:00;42.24;41.54;41.8;42.14;2999
2015.11.16;08:00:00;42.27;41.75;41.96;41.82;1483
2015.11.16;12:00:00;42.31;41.82;42.29;41.99;1247
2015.11.16;16:00:00;42.36;42.1;42.17;42.29;753
2015.11.16;20:00:00;42.57;42;42.52;42.16;2568
2015.11.17;00:00:00;43.02;41.58;41.6;42.51;4304
2015.11.17;04:00:00;43.07;41.21;43.05;41.59;3925
2015.11.17;08:00:00;43.22;42.69;43.09;43.07;1873
2015.11.17;12:00:00;42.99;42.73;42.74;42.99;1079
2015.11.17;16:00:00;42.87;42.69;42.75;42.74;1082
2015.11.17;20:00:00;43.1;42.57;42.65;42.76;2825
2015.11.18;00:00:00;42.82;41.78;42.06;42.66;4119
2015.11.18;04:00:00;42.54;41.63;41.94;42.07;3338
2015.11.18;08:00:00;42.16;41.62;42.13;41.93;1466
2015.11.18;12:00:00;42.15;41.92;42.04;42.14;919
2015.11.18;16:00:00;42.06;41.95;42.02;42.05;736
2015.11.18;20:00:00;42.56;42;42.36;42.02;2529
2015.11.19;00:00:00;42.63;41.96;42.23;42.35;3162
2015.11.19;04:00:00;42.48;41.29;41.77;42.21;3272
2015.11.19;08:00:00;42.19;41.71;41.97;41.76;1508
2015.11.19;12:00:00;42.35;41.99;42.24;42.04;898
2015.11.19;16:00:00;42.33;42.19;42.24;42.24;613
2015.11.19;20:00:00;42.27;41.96;42.15;42.25;1486
2015.11.20;00:00:00;42.32;41.24;41.8;42.16;3134
2015.11.20;04:00:00;41.88;41.4;41.6;41.71;2235
2015.11.20;08:00:00;41.89;41.55;41.84;41.62;950
2015.11.20;12:00:00;41.98;41.84;41.94;41.85;612
2015.11.20;16:00:00;41.97;41.85;41.89;41.95;324
2015.11.20;20:00:00;42.04;41.69;41.93;41.88;1655
2015.11.23;00:00:00;41.98;41.35;41.77;41.92;2518
2015.11.23;04:00:00;42.73;41.41;42.41;41.79;2466
2015.11.23;08:00:00;42.46;41.45;41.45;42.43;1390
2015.11.23;12:00:00;41.64;40.95;41.08;41.48;1031
2015.11.23;16:00:00;41.13;40.6;40.73;41.08;752
2015.11.23;20:00:00;40.77;40.48;40.61;40.73;1531
2015.11.24;00:00:00;42.73;40.4;41.48;40.6;4874
2015.11.24;04:00:00;42.59;41.46;41.71;41.49;3005
2015.11.24;08:00:00;42.06;41.58;42;41.68;1069
2015.11.24;12:00:00;42.16;41.86;41.9;42.03;880
2015.11.24;16:00:00;42.1;41.88;42.06;41.9;516
2015.11.24;20:00:00;42.5;42.02;42.06;42.07;2605
2015.11.25;00:00:00;43.44;41.86;43.21;42.04;3472
2015.11.25;04:00:00;43.32;42.46;42.82;43.23;2686
2015.11.25;08:00:00;42.96;42.57;42.61;42.83;1200
2015.11.25;12:00:00;42.85;42.63;42.83;42.65;674
2015.11.25;16:00:00;43.14;42.75;42.97;42.84;1109
2015.11.25;20:00:00;43.02;42.18;42.35;42.98;2438
2015.11.26;00:00:00;42.42;41.71;41.91;42.33;2753
2015.11.26;04:00:00;42.95;41.87;42.69;41.9;2781
2015.11.26;08:00:00;43.21;42.6;43.19;42.71;1043
2015.11.26;12:00:00;43.24;42.97;43.14;43.24;872
2015.11.26;16:00:00;43.28;43.05;43.05;43.14;815
2015.11.26;20:00:00;43.17;42.69;43.05;43.05;2064
2015.11.27;00:00:00;43.17;42.61;42.65;43.06;1760
2015.11.27;04:00:00;42.83;42.29;42.49;42.6;1121
2015.11.27;08:00:00;42.73;42.45;42.55;42.5;991
2015.11.27;12:00:00;42.56;42.34;42.36;42.55;677
2015.11.27;16:00:00;42.37;41.91;42.03;42.37;1657
2015.11.27;20:00:00;42.39;41.9;41.94;42.04;2321
2015.11.30;00:00:00;42.21;41.66;41.82;41.91;1517
2015.11.30;04:00:00;41.91;41.77;41.82;41.8;683
2015.11.30;08:00:00;41.84;41.6;41.61;41.81;536
2015.11.30;12:00:00;42.26;41.49;42.2;41.62;1775
2015.11.30;16:00:00;42.55;41.8;42.3;42.19;2713
2015.11.30;20:00:00;42.6;41.65;41.69;42.29;2005
2015.12.01;00:00:00;41.9;41.52;41.67;41.71;1078
2015.12.01;04:00:00;41.95;41.64;41.88;41.72;697
2015.12.01;08:00:00;42.01;41.86;41.94;41.89;387
2015.12.01;12:00:00;42.17;41.53;41.74;41.93;2050
2015.12.01;16:00:00;42.02;41.16;41.94;41.73;2704
2015.12.01;20:00:00;42.01;41.29;41.6;41.96;2246
2015.12.02;00:00:00;42.21;41.49;41.64;41.62;1350
2015.12.02;04:00:00;41.75;41.59;41.63;41.67;677
2015.12.02;08:00:00;41.66;41.51;41.52;41.63;666
2015.12.02;12:00:00;41.69;41.34;41.36;41.53;1775
2015.12.02;16:00:00;41.42;40.9;41.05;41.36;2027
2015.12.02;20:00:00;41.94;40.02;40.08;41.07;2708
2015.12.03;00:00:00;40.27;39.85;40.09;40.04;1290
2015.12.03;04:00:00;40.24;40.07;40.12;40.14;682
2015.12.03;08:00:00;40.63;40.06;40.44;40.13;1166
2015.12.03;12:00:00;40.71;40.22;40.7;40.45;2189
2015.12.03;16:00:00;40.85;40.27;40.27;40.71;3000
2015.12.03;20:00:00;41.76;40.1;41.21;40.29;2949
2015.12.04;00:00:00;41.55;41.01;41.26;41.19;1379
2015.12.04;04:00:00;41.41;41.21;41.24;41.28;849
2015.12.04;08:00:00;41.41;41.15;41.19;41.23;471
2015.12.04;12:00:00;41.71;41.09;41.61;41.18;1784
2015.12.04;16:00:00;41.98;39.6;39.91;41.62;3895
2015.12.04;20:00:00;40.68;39.71;39.94;39.88;2906
2015.12.07;00:00:00;40.14;39.72;40.11;39.96;1047
2015.12.07;04:00:00;40.11;39.38;39.55;40.09;1256
2015.12.07;08:00:00;39.65;39.48;39.6;39.54;376
2015.12.07;12:00:00;39.73;39.33;39.42;39.6;1761
2015.12.07;16:00:00;39.45;38.46;38.5;39.43;2649
2015.12.07;20:00:00;38.5;37.5;37.86;38.49;2486
2015.12.08;00:00:00;37.9;37.52;37.62;37.87;1270
2015.12.08;04:00:00;37.86;37.62;37.76;37.67;876
2015.12.08;08:00:00;37.82;37.63;37.68;37.75;408
2015.12.08;12:00:00;38.01;37.68;37.9;37.69;1628
2015.12.08;16:00:00;38.07;36.63;37.24;37.89;3432
2015.12.08;20:00:00;38.57;37.22;37.61;37.23;3177
2015.12.09;00:00:00;38;37.44;37.83;37.63;1340
2015.12.09;04:00:00;38.18;37.81;38.09;37.85;515
2015.12.09;08:00:00;38.36;38.07;38.26;38.1;409
2015.12.09;12:00:00;38.34;37.77;37.99;38.25;1399
2015.12.09;16:00:00;38.15;37.51;38.08;37.98;2428
2015.12.09;20:00:00;38.97;36.86;37.24;38.07;3882
2015.12.10;00:00:00;37.41;36.96;37.18;37.22;1266
2015.12.10;04:00:00;37.52;37.25;37.38;37.25;585
2015.12.10;08:00:00;37.47;37.36;37.44;37.39;253
2015.12.10;12:00:00;37.52;37.01;37.11;37.43;1402
2015.12.10;16:00:00;37.44;36.52;36.93;37.12;3319
2015.12.10;20:00:00;37.19;36.63;36.8;36.91;2643
2015.12.11;00:00:00;36.88;36.37;36.53;36.79;1000
2015.12.11;04:00:00;36.67;36.42;36.44;36.62;411
2015.12.11;08:00:00;36.63;36.39;36.62;36.43;372
2015.12.11;12:00:00;36.82;36.11;36.2;36.61;1862
2015.12.11;16:00:00;36.54;35.77;35.86;36.19;2448
2015.12.11;20:00:00;36.16;35.36;35.63;35.85;2968
2015.12.14;00:00:00;35.77;35.15;35.33;35.61;980
2015.12.14;04:00:00;35.67;35.26;35.35;35.39;773
2015.12.14;08:00:00;35.51;35.34;35.46;35.36;331
2015.12.14;12:00:00;35.55;35.18;35.31;35.46;1628
2015.12.14;16:00:00;35.69;34.52;35.22;35.3;3867
2015.12.14;20:00:00;36.68;35.18;36.18;35.21;3786
2015.12.15;00:00:00;36.58;36.15;36.23;36.19;1085
2015.12.15;04:00:00;36.38;36.12;36.33;36.31;657
2015.12.15;08:00:00;36.34;36.16;36.22;36.32;289
2015.12.15;12:00:00;37.08;36.02;36.82;36.23;2617
2015.12.15;16:00:00;37.36;36.07;36.96;36.81;3586
2015.12.15;20:00:00;37.86;36.58;37.64;36.94;2386
