DATE;TIME;HIGH;LOW;CLOSE;OPEN;VOLUME
2015.04.27;12:00:00;0;0;0;0;0
2015.04.27;16:00:00;0;0;0;0;0
2015.04.27;20:00:00;0;0;0;0;0
2015.04.28;00:00:00;0;0;0;0;0
2015.04.28;04:00:00;0;0;0;0;0
2015.04.28;08:00:00;0;0;0;0;0
2015.04.28;12:00:00;0;0;0;0;0
2015.04.28;16:00:00;0;0;0;0;0
2015.04.28;20:00:00;0;0;0;0;0
2015.04.29;00:00:00;0;0;0;0;0
2015.04.29;04:00:00;0;0;0;0;0
2015.04.29;08:00:00;0;0;0;0;0
2015.04.29;12:00:00;0;0;0;0;0
2015.04.29;16:00:00;0;0;0;0;0
2015.04.29;20:00:00;0;0;0;0;0
2015.04.30;00:00:00;0;0;0;0;0
2015.04.30;04:00:00;0;0;0;0;0
2015.04.30;08:00:00;0;0;0;0;0
2015.04.30;12:00:00;0;0;0;0;0
2015.04.30;16:00:00;0;0;0;0;0
2015.04.30;20:00:00;0;0;0;0;0
2015.05.01;00:00:00;0;0;0;0;0
2015.05.01;04:00:00;0;0;0;0;0
2015.05.01;08:00:00;0;0;0;0;0
2015.05.01;12:00:00;0;0;0;0;0
2015.05.01;16:00:00;0;0;0;0;0
2015.05.01;20:00:00;0;0;0;0;0
2015.05.04;00:00:00;0;0;0;0;0
2015.05.04;04:00:00;0;0;0;0;0
2015.05.04;08:00:00;0;0;0;0;0
2015.05.04;12:00:00;0;0;0;0;0
2015.05.04;16:00:00;0;0;0;0;0
2015.05.04;20:00:00;0;0;0;0;0
2015.05.05;00:00:00;0;0;0;0;0
2015.05.05;04:00:00;0;0;0;0;0
2015.05.05;08:00:00;0;0;0;0;0
2015.05.05;12:00:00;0;0;0;0;0
2015.05.05;16:00:00;0;0;0;0;0
2015.05.05;20:00:00;0;0;0;0;0
2015.05.06;00:00:00;0;0;0;0;0
2015.05.06;04:00:00;0;0;0;0;0
2015.05.06;08:00:00;0;0;0;0;0
2015.05.06;12:00:00;0;0;0;0;0
2015.05.06;16:00:00;0;0;0;0;0
2015.05.06;20:00:00;0;0;0;0;0
2015.05.07;00:00:00;0;0;0;0;0
2015.05.07;04:00:00;0;0;0;0;0
2015.05.07;08:00:00;0;0;0;0;0
2015.05.07;12:00:00;0;0;0;0;0
2015.05.07;16:00:00;0;0;0;0;0
2015.05.07;20:00:00;0;0;0;0;0
2015.05.08;00:00:00;0;0;0;0;0
2015.05.08;04:00:00;0;0;0;0;0
2015.05.08;08:00:00;0;0;0;0;0
2015.05.08;12:00:00;0;0;0;0;0
2015.05.08;16:00:00;0;0;0;0;0
2015.05.08;20:00:00;0;0;0;0;0
2015.05.11;00:00:00;0;0;0;0;0
2015.05.11;04:00:00;0;0;0;0;0
2015.05.11;08:00:00;0;0;0;0;0
2015.05.11;12:00:00;0;0;0;0;0
2015.05.11;16:00:00;0;0;0;0;0
2015.05.11;20:00:00;0;0;0;0;0
2015.05.12;00:00:00;0;0;0;0;0
2015.05.12;04:00:00;0;0;0;0;0
2015.05.12;08:00:00;0;0;0;0;0
2015.05.12;12:00:00;0;0;0;0;0
2015.05.12;16:00:00;0;0;0;0;0
2015.05.12;20:00:00;0;0;0;0;0
2015.05.13;00:00:00;0;0;0;0;0
2015.05.13;04:00:00;0;0;0;0;0
2015.05.13;08:00:00;0;0;0;0;0
2015.05.13;12:00:00;0;0;0;0;0
2015.05.13;16:00:00;0;0;0;0;0
2015.05.13;20:00:00;0;0;0;0;0
2015.05.14;00:00:00;0;0;0;0;0
2015.05.14;04:00:00;0;0;0;0;0
2015.05.14;08:00:00;0;0;0;0;0
2015.05.14;12:00:00;0;0;0;0;0
2015.05.14;16:00:00;0;0;0;0;0
2015.05.14;20:00:00;0;0;0;0;0
2015.05.15;00:00:00;0;0;0;0;0
2015.05.15;04:00:00;0;0;0;0;0
2015.05.15;08:00:00;0;0;0;0;0
2015.05.15;12:00:00;0;0;0;0;0
2015.05.15;16:00:00;0;0;0;0;0
2015.05.15;20:00:00;0;0;0;0;0
2015.05.18;00:00:00;0;0;0;0;0
2015.05.18;04:00:00;0;0;0;0;0
2015.05.18;08:00:00;0;0;0;0;0
2015.05.18;12:00:00;0;0;0;0;0
2015.05.18;16:00:00;0;0;0;0;0
2015.05.18;20:00:00;0;0;0;0;0
2015.05.19;00:00:00;0;0;0;0;0
2015.05.19;04:00:00;0;0;0;0;0
2015.05.19;08:00:00;0;0;0;0;0
2015.05.19;12:00:00;0;0;0;0;0
2015.05.19;16:00:00;0;0;0;0;0
2015.05.19;20:00:00;0;0;0;0;0
2015.05.20;00:00:00;0;0;0;0;0
2015.05.20;04:00:00;0;0;0;0;0
2015.05.20;08:00:00;0;0;0;0;0
2015.05.20;12:00:00;0;0;0;0;0
2015.05.20;16:00:00;0;0;0;0;0
2015.05.20;20:00:00;0;0;0;0;0
2015.05.21;00:00:00;0;0;0;0;0
2015.05.21;04:00:00;0;0;0;0;0
2015.05.21;08:00:00;0;0;0;0;0
2015.05.21;12:00:00;0;0;0;0;0
2015.05.21;16:00:00;0;0;0;0;0
2015.05.21;20:00:00;0;0;0;0;0
2015.05.22;00:00:00;0;0;0;0;0
2015.05.22;04:00:00;0;0;0;0;0
2015.05.22;08:00:00;0;0;0;0;0
2015.05.22;12:00:00;0;0;0;0;0
2015.05.22;16:00:00;0;0;0;0;0
2015.05.22;20:00:00;0;0;0;0;0
2015.05.25;00:00:00;0;0;0;0;0
2015.05.25;04:00:00;0;0;0;0;0
2015.05.25;08:00:00;0;0;0;0;0
2015.05.25;12:00:00;0;0;0;0;0
2015.05.25;16:00:00;0;0;0;0;0
2015.05.25;20:00:00;0;0;0;0;0
2015.05.26;00:00:00;0;0;0;0;0
2015.05.26;04:00:00;0;0;0;0;0
2015.05.26;08:00:00;0;0;0;0;0
2015.05.26;12:00:00;0;0;0;0;0
2015.05.26;16:00:00;0;0;0;0;0
2015.05.26;20:00:00;0;0;0;0;0
2015.05.27;00:00:00;0;0;0;0;0
2015.05.27;04:00:00;0;0;0;0;0
2015.05.27;08:00:00;0;0;0;0;0
2015.05.27;12:00:00;0;0;0;0;0
2015.05.27;16:00:00;0;0;0;0;0
2015.05.27;20:00:00;0;0;0;0;0
2015.05.28;00:00:00;0;0;0;0;0
2015.05.28;04:00:00;0;0;0;0;0
2015.05.28;08:00:00;0;0;0;0;0
2015.05.28;12:00:00;0;0;0;0;0
2015.05.28;16:00:00;0;0;0;0;0
2015.05.28;20:00:00;0;0;0;0;0
2015.05.29;00:00:00;0;0;0;0;0
2015.05.29;04:00:00;0;0;0;0;0
2015.05.29;08:00:00;0;0;0;0;0
2015.05.29;12:00:00;0;0;0;0;0
2015.05.29;16:00:00;0;0;0;0;0
2015.05.29;20:00:00;0;0;0;0;0
2015.06.01;00:00:00;0;0;0;0;0
2015.06.01;04:00:00;0;0;0;0;0
2015.06.01;08:00:00;0;0;0;0;0
2015.06.01;12:00:00;0;0;0;0;0
2015.06.01;16:00:00;0;0;0;0;0
2015.06.01;20:00:00;0;0;0;0;0
2015.06.02;00:00:00;0;0;0;0;0
2015.06.02;04:00:00;0;0;0;0;0
2015.06.02;08:00:00;0;0;0;0;0
2015.06.02;12:00:00;0;0;0;0;0
2015.06.02;16:00:00;0;0;0;0;0
2015.06.02;20:00:00;0;0;0;0;0
2015.06.03;00:00:00;0;0;0;0;0
2015.06.03;04:00:00;0;0;0;0;0
2015.06.03;08:00:00;0;0;0;0;0
2015.06.03;12:00:00;0;0;0;0;0
2015.06.03;16:00:00;0;0;0;0;0
2015.06.03;20:00:00;0;0;0;0;0
2015.06.04;00:00:00;0;0;0;0;0
2015.06.04;04:00:00;0;0;0;0;0
2015.06.04;08:00:00;0;0;0;0;0
2015.06.04;12:00:00;0;0;0;0;0
2015.06.04;16:00:00;0;0;0;0;0
2015.06.04;20:00:00;0;0;0;0;0
2015.06.05;00:00:00;0;0;0;0;0
2015.06.05;04:00:00;0;0;0;0;0
2015.06.05;08:00:00;0;0;0;0;0
2015.06.05;12:00:00;0;0;0;0;0
2015.06.05;16:00:00;0;0;0;0;0
2015.06.05;20:00:00;0;0;0;0;0
2015.06.08;00:00:00;0;0;0;0;0
2015.06.08;04:00:00;0;0;0;0;0
2015.06.08;08:00:00;0;0;0;0;0
2015.06.08;12:00:00;0;0;0;0;0
2015.06.08;16:00:00;0;0;0;0;0
2015.06.08;20:00:00;0;0;0;0;0
2015.06.09;00:00:00;0;0;0;0;0
2015.06.09;04:00:00;0;0;0;0;0
2015.06.09;08:00:00;0;0;0;0;0
2015.06.09;12:00:00;0;0;0;0;0
2015.06.09;16:00:00;0;0;0;0;0
2015.06.09;20:00:00;0;0;0;0;0
2015.06.10;00:00:00;0;0;0;0;0
2015.06.10;04:00:00;0;0;0;0;0
2015.06.10;08:00:00;0;0;0;0;0
2015.06.10;12:00:00;0;0;0;0;0
2015.06.10;16:00:00;0;0;0;0;0
2015.06.10;20:00:00;0;0;0;0;0
2015.06.11;00:00:00;0;0;0;0;0
2015.06.11;04:00:00;0;0;0;0;0
2015.06.11;08:00:00;0;0;0;0;0
2015.06.11;12:00:00;0;0;0;0;0
2015.06.11;16:00:00;0;0;0;0;0
2015.06.11;20:00:00;0;0;0;0;0
2015.06.12;00:00:00;0;0;0;0;0
2015.06.12;04:00:00;0;0;0;0;0
2015.06.12;08:00:00;0;0;0;0;0
2015.06.12;12:00:00;0;0;0;0;0
2015.06.12;16:00:00;0;0;0;0;0
2015.06.12;20:00:00;0;0;0;0;0
2015.06.15;00:00:00;0;0;0;0;0
2015.06.15;04:00:00;0;0;0;0;0
2015.06.15;08:00:00;0;0;0;0;0
2015.06.15;12:00:00;0;0;0;0;0
2015.06.15;16:00:00;0;0;0;0;0
2015.06.15;20:00:00;0;0;0;0;0
2015.06.16;00:00:00;0;0;0;0;0
2015.06.16;04:00:00;0;0;0;0;0
2015.06.16;08:00:00;0;0;0;0;0
2015.06.16;12:00:00;0;0;0;0;0
2015.06.16;16:00:00;0;0;0;0;0
2015.06.16;20:00:00;0;0;0;0;0
2015.06.17;00:00:00;0;0;0;0;0
2015.06.17;04:00:00;0;0;0;0;0
2015.06.17;08:00:00;0;0;0;0;0
2015.06.17;12:00:00;0;0;0;0;0
2015.06.17;16:00:00;0;0;0;0;0
2015.06.17;20:00:00;0;0;0;0;0
2015.06.18;00:00:00;0;0;0;0;0
2015.06.18;04:00:00;0;0;0;0;0
2015.06.18;08:00:00;0;0;0;0;0
2015.06.18;12:00:00;0;0;0;0;0
2015.06.18;16:00:00;0;0;0;0;0
2015.06.18;20:00:00;0;0;0;0;0
2015.06.19;00:00:00;0;0;0;0;0
2015.06.19;04:00:00;0;0;0;0;0
2015.06.19;08:00:00;0;0;0;0;0
2015.06.19;12:00:00;0;0;0;0;0
2015.06.19;16:00:00;0;0;0;0;0
2015.06.19;20:00:00;0;0;0;0;0
2015.06.22;00:00:00;0;0;0;0;0
2015.06.22;04:00:00;0;0;0;0;0
2015.06.22;08:00:00;0;0;0;0;0
2015.06.22;12:00:00;0;0;0;0;0
2015.06.22;16:00:00;0;0;0;0;0
2015.06.22;20:00:00;0;0;0;0;0
2015.06.23;00:00:00;0;0;0;0;0
2015.06.23;04:00:00;0;0;0;0;0
2015.06.23;08:00:00;0;0;0;0;0
2015.06.23;12:00:00;0;0;0;0;0
2015.06.23;16:00:00;0;0;0;0;0
2015.06.23;20:00:00;0;0;0;0;0
2015.06.24;00:00:00;0;0;0;0;0
2015.06.24;04:00:00;0;0;0;0;0
2015.06.24;08:00:00;0;0;0;0;0
2015.06.24;12:00:00;0;0;0;0;0
2015.06.24;16:00:00;0;0;0;0;0
2015.06.24;20:00:00;0;0;0;0;0
2015.06.25;00:00:00;0;0;0;0;0
2015.06.25;04:00:00;0;0;0;0;0
2015.06.25;08:00:00;0;0;0;0;0
2015.06.25;12:00:00;0;0;0;0;0
2015.06.25;16:00:00;0;0;0;0;0
2015.06.25;20:00:00;0;0;0;0;0
2015.06.26;00:00:00;0;0;0;0;0
2015.06.26;04:00:00;0;0;0;0;0
2015.06.26;08:00:00;0;0;0;0;0
2015.06.26;12:00:00;0;0;0;0;0
2015.06.26;16:00:00;0;0;0;0;0
2015.06.26;20:00:00;0;0;0;0;0
2015.06.29;00:00:00;0;0;0;0;0
2015.06.29;04:00:00;0;0;0;0;0
2015.06.29;08:00:00;0;0;0;0;0
2015.06.29;12:00:00;0;0;0;0;0
2015.06.29;16:00:00;0;0;0;0;0
2015.06.29;20:00:00;0;0;0;0;0
2015.06.30;00:00:00;0;0;0;0;0
2015.06.30;04:00:00;0;0;0;0;0
2015.06.30;08:00:00;0;0;0;0;0
2015.06.30;12:00:00;0;0;0;0;0
2015.06.30;16:00:00;0;0;0;0;0
2015.06.30;20:00:00;0;0;0;0;0
2015.07.01;00:00:00;0;0;0;0;0
2015.07.01;04:00:00;0;0;0;0;0
2015.07.01;08:00:00;0;0;0;0;0
2015.07.01;12:00:00;0;0;0;0;0
2015.07.01;16:00:00;0;0;0;0;0
2015.07.01;20:00:00;0;0;0;0;0
2015.07.02;00:00:00;0;0;0;0;0
2015.07.02;04:00:00;0;0;0;0;0
2015.07.02;08:00:00;0;0;0;0;0
2015.07.02;12:00:00;0;0;0;0;0
2015.07.02;16:00:00;0;0;0;0;0
2015.07.02;20:00:00;0;0;0;0;0
2015.07.03;00:00:00;0;0;0;0;0
2015.07.03;04:00:00;0;0;0;0;0
2015.07.03;08:00:00;0;0;0;0;0
2015.07.03;12:00:00;0;0;0;0;0
2015.07.03;16:00:00;0;0;0;0;0
2015.07.03;20:00:00;0;0;0;0;0
2015.07.06;00:00:00;0;0;0;0;0
2015.07.06;04:00:00;0;0;0;0;0
2015.07.06;08:00:00;0;0;0;0;0
2015.07.06;12:00:00;0;0;0;0;0
2015.07.06;16:00:00;0;0;0;0;0
2015.07.06;20:00:00;0;0;0;0;0
2015.07.07;00:00:00;0;0;0;0;0
2015.07.07;04:00:00;0;0;0;0;0
2015.07.07;08:00:00;0;0;0;0;0
2015.07.07;12:00:00;0;0;0;0;0
2015.07.07;16:00:00;0;0;0;0;0
2015.07.07;20:00:00;0;0;0;0;0
2015.07.08;00:00:00;0;0;0;0;0
2015.07.08;04:00:00;0;0;0;0;0
2015.07.08;08:00:00;0;0;0;0;0
2015.07.08;12:00:00;0;0;0;0;0
2015.07.08;16:00:00;0;0;0;0;0
2015.07.08;20:00:00;0;0;0;0;0
2015.07.09;00:00:00;0;0;0;0;0
2015.07.09;04:00:00;0;0;0;0;0
2015.07.09;08:00:00;0;0;0;0;0
2015.07.09;12:00:00;0;0;0;0;0
2015.07.09;16:00:00;0;0;0;0;0
2015.07.09;20:00:00;0;0;0;0;0
2015.07.10;00:00:00;0;0;0;0;0
2015.07.10;04:00:00;0;0;0;0;0
2015.07.10;08:00:00;0;0;0;0;0
2015.07.10;12:00:00;0;0;0;0;0
2015.07.10;16:00:00;0;0;0;0;0
2015.07.10;20:00:00;0;0;0;0;0
2015.07.13;00:00:00;0;0;0;0;0
2015.07.13;04:00:00;0;0;0;0;0
2015.07.13;08:00:00;0;0;0;0;0
2015.07.13;12:00:00;0;0;0;0;0
2015.07.13;16:00:00;0;0;0;0;0
2015.07.13;20:00:00;0;0;0;0;0
2015.07.14;00:00:00;0;0;0;0;0
2015.07.14;04:00:00;0;0;0;0;0
2015.07.14;08:00:00;0;0;0;0;0
2015.07.14;12:00:00;0;0;0;0;0
2015.07.14;16:00:00;0;0;0;0;0
2015.07.14;20:00:00;0;0;0;0;0
2015.07.15;00:00:00;0;0;0;0;0
2015.07.15;04:00:00;0;0;0;0;0
2015.07.15;08:00:00;0;0;0;0;0
2015.07.15;12:00:00;0;0;0;0;0
2015.07.15;16:00:00;0;0;0;0;0
2015.07.15;20:00:00;0;0;0;0;0
2015.07.16;00:00:00;0;0;0;0;0
2015.07.16;04:00:00;0;0;0;0;0
2015.07.16;08:00:00;0;0;0;0;0
2015.07.16;12:00:00;0;0;0;0;0
2015.07.16;16:00:00;0;0;0;0;0
2015.07.16;20:00:00;0;0;0;0;0
2015.07.17;00:00:00;0;0;0;0;0
2015.07.17;04:00:00;0;0;0;0;0
2015.07.17;08:00:00;0;0;0;0;0
2015.07.17;12:00:00;0;0;0;0;0
2015.07.17;16:00:00;0;0;0;0;0
2015.07.17;20:00:00;0;0;0;0;0
2015.07.20;00:00:00;0;0;0;0;0
2015.07.20;04:00:00;0;0;0;0;0
2015.07.20;08:00:00;0;0;0;0;0
2015.07.20;12:00:00;0;0;0;0;0
2015.07.20;16:00:00;0;0;0;0;0
2015.07.20;20:00:00;0;0;0;0;0
2015.07.21;00:00:00;0;0;0;0;0
2015.07.21;04:00:00;0;0;0;0;0
2015.07.21;08:00:00;0;0;0;0;0
2015.07.21;12:00:00;0;0;0;0;0
2015.07.21;16:00:00;0;0;0;0;0
2015.07.21;20:00:00;0;0;0;0;0
2015.07.22;00:00:00;0;0;0;0;0
2015.07.22;04:00:00;0;0;0;0;0
2015.07.22;08:00:00;0;0;0;0;0
2015.07.22;12:00:00;0;0;0;0;0
2015.07.22;16:00:00;0;0;0;0;0
2015.07.22;20:00:00;0;0;0;0;0
2015.07.23;00:00:00;0;0;0;0;0
2015.07.23;04:00:00;0;0;0;0;0
2015.07.23;08:00:00;0;0;0;0;0
2015.07.23;12:00:00;0;0;0;0;0
2015.07.23;16:00:00;0;0;0;0;0
2015.07.23;20:00:00;0;0;0;0;0
2015.07.24;00:00:00;0;0;0;0;0
2015.07.24;04:00:00;0;0;0;0;0
2015.07.24;08:00:00;0;0;0;0;0
2015.07.24;12:00:00;0;0;0;0;0
2015.07.24;16:00:00;0;0;0;0;0
2015.07.24;20:00:00;0;0;0;0;0
2015.07.27;00:00:00;0;0;0;0;0
2015.07.27;04:00:00;0;0;0;0;0
2015.07.27;08:00:00;0;0;0;0;0
2015.07.27;12:00:00;0;0;0;0;0
2015.07.27;16:00:00;0;0;0;0;0
2015.07.27;20:00:00;0;0;0;0;0
2015.07.28;00:00:00;0;0;0;0;0
2015.07.28;04:00:00;0;0;0;0;0
2015.07.28;08:00:00;0;0;0;0;0
2015.07.28;12:00:00;0;0;0;0;0
2015.07.28;16:00:00;0;0;0;0;0
2015.07.28;20:00:00;0;0;0;0;0
2015.07.29;00:00:00;0;0;0;0;0
2015.07.29;04:00:00;0;0;0;0;0
2015.07.29;08:00:00;0;0;0;0;0
2015.07.29;12:00:00;0;0;0;0;0
2015.07.29;16:00:00;0;0;0;0;0
2015.07.29;20:00:00;0;0;0;0;0
2015.07.30;00:00:00;0;0;0;0;0
2015.07.30;04:00:00;0;0;0;0;0
2015.07.30;08:00:00;0;0;0;0;0
2015.07.30;12:00:00;0;0;0;0;0
2015.07.30;16:00:00;0;0;0;0;0
2015.07.30;20:00:00;0;0;0;0;0
2015.07.31;00:00:00;57.4;53.93;55.85;55.51;661
2015.07.31;04:00:00;59.21;54.59;56.12;55.72;885
2015.07.31;08:00:00;58.99;54.26;55.11;56.14;844
2015.07.31;12:00:00;58.37;54.4;57.85;55.29;539
2015.07.31;16:00:00;58.5;55.11;55.36;57.77;438
2015.07.31;20:00:00;57.52;55.05;56.82;55.32;345
2015.08.03;00:00:00;57.11;55.06;55.46;56.72;285
2015.08.03;04:00:00;56.55;54.49;55.07;55.85;335
2015.08.03;08:00:00;55.7;52.86;53.72;55.06;435
2015.08.03;12:00:00;54.28;52.67;53.88;53.7;305
2015.08.03;16:00:00;53.89;52.49;53.19;53.82;218
2015.08.03;20:00:00;53.92;52;52.61;53.88;258
2015.08.04;00:00:00;52.64;49.66;49.94;52.6;331
2015.08.04;04:00:00;50.33;47.53;47.97;49.95;363
2015.08.04;08:00:00;49.28;46.81;48.72;47.92;415
2015.08.04;12:00:00;49.61;47.71;48.88;48.74;367
2015.08.04;16:00:00;49.58;47.14;48.14;48.91;412
2015.08.04;20:00:00;48.14;45.64;45.69;48.11;259
2015.08.05;00:00:00;46.75;44.18;46.1;45.64;469
2015.08.05;04:00:00;49.36;45.61;49.09;46.73;515
2015.08.05;08:00:00;51.69;46.55;46.64;48.94;799
2015.08.05;12:00:00;49.3;46.39;48.91;46.74;366
2015.08.05;16:00:00;49.17;47.78;48.07;49.17;169
2015.08.05;20:00:00;48.21;46.38;46.61;47.93;235
2015.08.06;00:00:00;48.17;46.53;47.3;46.62;261
2015.08.06;04:00:00;49.05;45.85;46.5;47.32;559
2015.08.06;08:00:00;47.72;45.25;45.28;46.6;363
2015.08.06;12:00:00;46.33;44.33;45.06;45.21;386
2015.08.06;16:00:00;46.52;44.78;45.75;45.11;285
2015.08.06;20:00:00;45.81;44.08;44.35;45.81;201
2015.08.07;00:00:00;44.94;43.56;44.57;44.41;261
2015.08.07;04:00:00;48.32;44.28;47.67;44.56;498
2015.08.07;08:00:00;50.23;46.64;49.78;47.54;495
2015.08.07;12:00:00;54.19;49.67;51.53;49.77;729
2015.08.07;16:00:00;52.53;47.92;48.67;51.64;626
2015.08.07;20:00:00;52.05;47.36;50.89;48.63;713
2015.08.10;00:00:00;53.12;50.69;52.11;50.83;359
2015.08.10;04:00:00;53.94;51.63;52.41;52;422
2015.08.10;08:00:00;52.61;49.85;50.94;52.44;403
2015.08.10;12:00:00;51.07;48.07;49.39;50.95;445
2015.08.10;16:00:00;51.57;49.11;51.3;49.38;301
2015.08.10;20:00:00;53.39;51;52.64;51.31;346
2015.08.11;00:00:00;54.39;52.89;53.53;53.7;284
2015.08.11;04:00:00;54.85;51.62;53.99;53.52;600
2015.08.11;08:00:00;54.18;50.99;51.14;53.97;356
2015.08.11;12:00:00;52.69;49.8;52.16;51.22;485
2015.08.11;16:00:00;52.44;50.69;50.75;52.1;216
2015.08.11;20:00:00;50.96;48.64;49.36;50.69;332
2015.08.12;00:00:00;50.29;48.69;49.13;49.37;297
2015.08.12;04:00:00;51.24;48.46;51;49.11;368
2015.08.12;08:00:00;51.16;47.78;48.88;51.03;462
2015.08.12;12:00:00;49.89;48.46;49.41;48.92;238
2015.08.12;16:00:00;51;48.69;49.76;49.49;436
2015.08.12;20:00:00;50.78;49.42;50.63;49.8;190
2015.08.13;00:00:00;51.95;49.58;51.59;50.6;376
2015.08.13;04:00:00;52.36;50.6;50.94;51.6;287
2015.08.13;08:00:00;51.19;48.88;49.69;50.89;343
2015.08.13;12:00:00;50.75;49.22;50;49.57;264
2015.08.13;16:00:00;50.32;48.17;48.74;50.06;299
2015.08.13;20:00:00;49.02;47.31;48.4;48.71;312
2015.08.14;00:00:00;48.72;46.83;46.89;48.38;230
2015.08.14;04:00:00;47.25;44.72;44.99;46.9;316
2015.08.14;08:00:00;44.96;42.83;43.77;44.78;326
2015.08.14;12:00:00;46.22;44.35;44.36;46.02;209
2015.08.14;16:00:00;47.44;44;46.78;44.46;457
2015.08.14;20:00:00;46.75;44.75;45.56;46.58;299
2015.08.17;00:00:00;47.32;44.79;46.41;45.65;431
2015.08.17;04:00:00;47.58;45.3;47.45;46.34;346
2015.08.17;08:00:00;48.51;46.63;47.7;47.43;350
2015.08.17;12:00:00;49.42;46.97;48.93;47.62;360
2015.08.17;16:00:00;52.44;48.7;50.97;48.95;547
2015.08.17;20:00:00;51.34;48.18;48.47;51;380
2015.08.18;00:00:00;49.11;47.58;48.71;48.48;284
2015.08.18;04:00:00;48.68;47.26;47.44;48.68;161
2015.08.18;08:00:00;50.42;47.02;49.52;47.51;480
2015.08.18;12:00:00;50.23;48.09;49.48;49.55;422
2015.08.18;16:00:00;52.19;49.44;51.95;49.44;300
2015.08.18;20:00:00;54.08;51.15;53.2;51.93;460
2015.08.19;00:00:00;53.14;50.35;50.94;53.14;339
2015.08.19;04:00:00;52.03;50.48;50.72;50.95;288
2015.08.19;08:00:00;51.89;50.06;51.68;50.68;267
2015.08.19;12:00:00;54.78;53.28;53.79;53.58;280
2015.08.19;16:00:00;55.31;53.62;54.92;53.78;225
2015.08.19;20:00:00;57.89;54.83;57.21;54.96;388
2015.08.20;00:00:00;58.77;56.53;57.86;57.18;381
2015.08.20;04:00:00;58.31;56.83;57.56;57.92;261
2015.08.20;08:00:00;58.6;56.38;57.89;57.7;426
2015.08.20;12:00:00;58.02;56.11;56.26;57.88;221
2015.08.20;16:00:00;57.14;55.69;56.19;56.27;283
2015.08.20;20:00:00;58.36;55.73;57.45;56.22;404
2015.08.21;00:00:00;57.9;56.47;57.25;57.46;266
2015.08.21;04:00:00;57.84;56.5;56.62;57.27;204
2015.08.21;08:00:00;57.79;56.04;56.89;56.62;324
2015.08.21;12:00:00;59.3;56.51;58.5;56.88;397
2015.08.21;16:00:00;59.79;58.34;59.74;58.56;173
2015.08.21;20:00:00;59.84;58.3;59.16;59.77;248
2015.08.24;00:00:00;60.86;59.68;60.19;60.46;210
2015.08.24;04:00:00;62.18;59.88;61.69;60.16;308
2015.08.24;08:00:00;63.59;61.61;61.71;61.8;388
2015.08.24;12:00:00;62.38;59.49;59.91;61.69;401
2015.08.24;16:00:00;60.79;59.08;60.34;59.82;291
2015.08.24;20:00:00;60.76;59.69;60.33;60.36;212
2015.08.25;00:00:00;62.26;60.09;62.08;60.25;252
2015.08.25;04:00:00;62.7;60.99;61.01;62.11;233
2015.08.25;08:00:00;61.78;60.36;60.65;61.12;238
2015.08.25;12:00:00;60.81;59.3;60.75;60.64;292
2015.08.25;16:00:00;61.68;59.83;60.34;60.6;345
2015.08.25;20:00:00;60.39;57.92;58.25;60.29;291
2015.08.26;00:00:00;59.01;58.08;58.74;58.3;143
2015.08.26;04:00:00;60.9;58.68;60.62;58.79;262
2015.08.26;08:00:00;60.77;59.33;59.87;60.63;213
2015.08.26;12:00:00;60.21;59.08;59.71;60.03;195
2015.08.26;16:00:00;59.91;57.7;58.32;59.78;297
2015.08.26;20:00:00;58.92;57.36;57.63;58.29;247
2015.08.27;00:00:00;58.03;56.49;57.95;57.59;273
2015.08.27;04:00:00;60.67;57.7;60.27;57.94;362
2015.08.27;08:00:00;60.57;59.31;60.2;60.24;249
2015.08.27;12:00:00;61.54;60.07;61;60.16;211
2015.08.27;16:00:00;61.29;59.32;59.57;60.99;253
2015.08.27;20:00:00;59.91;57.81;57.94;59.55;260
2015.08.28;00:00:00;59.2;56.82;58.93;57.95;379
2015.08.28;04:00:00;59.1;57.84;58.23;58.91;185
2015.08.28;08:00:00;60.63;58.21;60.49;58.27;263
2015.08.28;12:00:00;61.8;60.42;61.1;60.56;223
2015.08.28;16:00:00;61.5;60.19;60.54;61.12;205
2015.08.28;20:00:00;60.6;59.71;60;60.53;126
2015.08.31;00:00:00;60.36;59.16;60.03;60.26;218
2015.08.31;04:00:00;60.77;59.84;60.44;60.02;145
2015.08.31;08:00:00;61.76;59.32;60.13;60.46;456
2015.08.31;12:00:00;61.26;59.63;60.77;60.11;261
2015.08.31;16:00:00;60.88;59.21;59.71;60.8;226
2015.08.31;20:00:00;60.59;59.24;60.21;59.7;220
2015.09.01;00:00:00;61.32;59.52;61.08;60.17;270
2015.09.01;04:00:00;61.54;59.78;60.18;61.16;255
2015.09.01;08:00:00;60.43;59.41;59.62;60.18;149
2015.09.01;12:00:00;59.93;58.75;59.61;59.63;235
2015.09.01;16:00:00;59.25;58.02;58.25;58.82;190
2015.09.01;20:00:00;59.66;57.93;59.07;58.25;265
2015.09.02;00:00:00;59.07;56.67;56.84;59.05;260
2015.09.02;04:00:00;57.92;56.48;56.48;56.85;252
2015.09.02;08:00:00;56.76;55.39;55.56;56.39;192
2015.09.02;12:00:00;55.31;52.39;52.65;54.88;362
2015.09.02;16:00:00;53.41;50.56;52.93;52.72;550
2015.09.02;20:00:00;52.92;50.89;51.78;52.88;297
2015.09.03;00:00:00;53.52;51.54;52.56;51.8;321
2015.09.03;04:00:00;53.79;51.94;52.78;52.46;339
2015.09.03;08:00:00;53.62;51.73;52.48;52.6;367
2015.09.03;12:00:00;53.83;51.38;53.76;52.49;364
2015.09.03;16:00:00;53.91;51.56;51.95;53.85;281
2015.09.03;20:00:00;52.51;51.14;51.21;51.93;203
2015.09.04;00:00:00;51.53;50.48;51.1;51.2;201
2015.09.04;04:00:00;51.54;50.14;50.22;51.09;194
2015.09.04;08:00:00;51.37;50.06;50.61;50.23;225
2015.09.04;12:00:00;50.67;49.02;49.17;50.66;182
2015.09.04;16:00:00;49.59;48.18;48.82;49.2;245
2015.09.04;20:00:00;49;47.71;48.03;48.77;185
2015.09.07;00:00:00;48.66;47.33;47.38;48.28;177
2015.09.07;04:00:00;48.83;47.09;48.16;47.42;275
2015.09.07;08:00:00;49.88;47.78;49.24;48.15;312
2015.09.07;12:00:00;49.69;48.7;48.81;49.21;159
2015.09.07;16:00:00;49;47.08;47.17;48.78;224
2015.09.07;20:00:00;47.31;45.45;45.65;47.31;207
2015.09.08;00:00:00;46.56;45.64;46.33;45.77;129
2015.09.08;04:00:00;47.04;45.21;45.5;46.35;282
2015.09.08;08:00:00;45.66;44.61;45.2;45.56;175
2015.09.08;12:00:00;45.54;44.17;44.25;45.18;182
2015.09.08;16:00:00;45.66;43.84;45.49;44.25;241
2015.09.08;20:00:00;45.98;43.51;43.94;45.46;343
2015.09.09;00:00:00;44.61;43.52;43.98;44.06;211
2015.09.09;04:00:00;44.45;42.64;42.93;44.01;255
2015.09.09;08:00:00;43.51;42.08;42.69;42.97;259
2015.09.09;12:00:00;43.19;42.24;42.37;42.82;146
2015.09.09;16:00:00;43.35;41.92;42.82;42.37;242
2015.09.09;20:00:00;43.14;40.78;40.89;42.85;277
2015.09.10;00:00:00;41.78;40.48;40.94;40.95;260
2015.09.10;04:00:00;41.37;39.84;40.2;41.01;226
2015.09.10;08:00:00;40.45;37.74;38.04;40.27;320
2015.09.10;12:00:00;39.86;38.14;39.61;38.16;200
2015.09.10;16:00:00;39.82;38.5;38.85;39.66;184
2015.09.10;20:00:00;42.82;38.92;42.76;38.93;398
2015.09.11;00:00:00;45.87;41.76;45.21;42.65;567
2015.09.11;04:00:00;49.29;43.58;48.13;44.98;828
2015.09.11;08:00:00;48.83;44.13;44.16;48.07;550
2015.09.11;12:00:00;46.73;43.19;46.02;44.23;530
2015.09.11;16:00:00;48.39;45.64;46.64;46.08;495
2015.09.11;20:00:00;47.18;45.64;45.66;46.66;209
2015.09.14;00:00:00;45.89;44.3;44.42;45.79;182
2015.09.14;04:00:00;46.37;44.12;45.71;44.21;301
2015.09.14;08:00:00;46.23;44.03;44.09;45.74;276
2015.09.14;12:00:00;46.01;43.36;45.68;44.11;374
2015.09.14;16:00:00;45.84;44.14;44.74;45.66;249
2015.09.14;20:00:00;45.44;45.23;45.4;45.28;31
2015.09.15;00:00:00;45.4;44.88;44.98;45.39;64
2015.09.15;04:00:00;45.17;44.73;44.97;44.98;88
2015.09.15;08:00:00;45.16;44.3;44.45;44.98;120
2015.09.15;12:00:00;44.88;44.06;44.44;44.48;161
2015.09.15;16:00:00;44.65;44.27;44.5;44.45;72
2015.09.15;20:00:00;44.83;44.46;44.74;44.48;49
2015.09.16;00:00:00;44.77;44.44;44.53;44.74;46
2015.09.16;04:00:00;44.94;44.46;44.73;44.54;78
2015.09.16;08:00:00;45.24;44.57;45.1;44.72;97
2015.09.16;12:00:00;45.37;44.46;44.56;45.12;127
2015.09.16;16:00:00;45.58;44.32;45.49;44.55;159
2015.09.16;20:00:00;45.48;45.28;45.32;45.48;25
2015.09.17;00:00:00;45.33;45.16;45.26;45.33;28
2015.09.17;04:00:00;45.94;45.2;45.7;45.25;104
2015.09.17;08:00:00;46.31;45.49;46.16;45.69;118
2015.09.17;12:00:00;47.7;45.8;46.99;46.17;299
2015.09.17;16:00:00;47.6;46.9;47.47;47;94
2015.09.17;20:00:00;47.88;47.41;47.47;47.48;94
2015.09.18;00:00:00;47.58;47.3;47.51;47.47;53
2015.09.18;04:00:00;47.72;46.66;46.87;47.51;149
2015.09.18;08:00:00;47.99;46.7;47.68;46.86;177
2015.09.18;12:00:00;48.02;46.77;46.98;47.67;182
2015.09.18;16:00:00;47.82;46.8;47.13;46.97;189
2015.09.18;20:00:00;47.15;46.86;46.97;47.13;43
2015.09.21;00:00:00;47.06;46.94;46.94;46.98;21
2015.09.21;04:00:00;47.29;46.43;47.19;46.94;148
2015.09.21;08:00:00;47.22;45.37;45.49;47.2;200
2015.09.21;12:00:00;46.29;45.21;45.21;45.5;188
2015.09.21;16:00:00;45.3;44.57;45.19;45.2;146
2015.09.21;20:00:00;45.28;44.99;45.12;45.24;47
2015.09.22;00:00:00;45.62;45.08;45.56;45.11;64
2015.09.22;04:00:00;45.88;45.33;45.62;45.56;105
2015.09.22;08:00:00;46.35;45.55;45.96;45.62;127
2015.09.22;12:00:00;46.68;45.81;46.46;45.95;124
2015.09.22;16:00:00;46.98;46.41;46.66;46.45;94
2015.09.22;20:00:00;46.69;46.33;46.41;46.64;50
2015.09.23;00:00:00;46.51;46.2;46.27;46.41;49
2015.09.23;04:00:00;46.31;45.54;45.94;46.28;121
2015.09.23;08:00:00;45.95;45.33;45.9;45.95;120
2015.09.23;12:00:00;46.29;45.35;45.8;45.88;181
2015.09.23;16:00:00;46.6;45.68;46.51;45.79;113
2015.09.23;20:00:00;46.59;46.18;46.21;46.51;53
2015.09.24;00:00:00;46.26;46.08;46.14;46.19;32
2015.09.24;04:00:00;46.89;46.11;46.64;46.13;106
2015.09.24;08:00:00;46.81;46.2;46.46;46.65;104
2015.09.24;12:00:00;47.11;44.49;44.77;46.48;354
2015.09.24;16:00:00;45.13;44.38;44.57;44.76;132
2015.09.24;20:00:00;44.93;44.49;44.88;44.59;60
2015.09.25;00:00:00;44.9;44.7;44.74;44.87;28
2015.09.25;04:00:00;45.08;44.66;44.87;44.75;73
2015.09.25;08:00:00;44.95;43.67;44.31;44.87;201
2015.09.25;12:00:00;45.1;44.21;44.68;44.32;143
2015.09.25;16:00:00;45.13;44.54;45.02;44.67;84
2015.09.25;20:00:00;45.03;44.81;44.9;44.99;36
2015.09.28;00:00:00;45.35;44.85;45.3;44.89;60
2015.09.28;04:00:00;45.44;44.98;45.36;45.29;86
2015.09.28;08:00:00;46.31;45.07;46.21;45.37;165
2015.09.28;12:00:00;46.27;45.13;45.63;46.23;169
2015.09.28;16:00:00;45.71;45.28;45.3;45.65;52
2015.09.28;20:00:00;45.44;45.1;45.19;45.33;55
2015.09.29;00:00:00;45.31;45.13;45.17;45.18;36
2015.09.29;04:00:00;45.44;45.01;45.09;45.16;80
2015.09.29;08:00:00;45.1;44.5;44.82;45.08;95
2015.09.29;12:00:00;45.29;44.29;44.46;44.85;162
2015.09.29;16:00:00;44.58;44.27;44.44;44.47;60
2015.09.29;20:00:00;44.53;44.31;44.47;44.4;38
2015.09.30;00:00:00;44.5;44.34;44.39;44.46;26
2015.09.30;04:00:00;44.84;44.32;44.82;44.38;61
2015.09.30;08:00:00;45.26;44.68;45.02;44.81;96
2015.09.30;12:00:00;45.66;44.93;45.57;45.03;93
2015.09.30;16:00:00;45.57;44.75;44.81;45.56;90
2015.09.30;20:00:00;44.89;44.64;44.72;44.8;43
2015.10.01;00:00:00;44.88;44.66;44.82;44.71;34
2015.10.01;04:00:00;45.14;44.73;44.98;44.83;68
2015.10.01;08:00:00;45.43;44.85;45.32;44.99;84
2015.10.01;12:00:00;45.8;44.71;45.06;45.34;191
2015.10.01;16:00:00;45.43;44.73;45.28;45.04;117
2015.10.01;20:00:00;45.7;45.18;45.62;45.31;74
2015.10.02;00:00:00;45.75;45.58;45.69;45.63;29
2015.10.02;04:00:00;46.27;45.57;46.22;45.71;90
2015.10.02;08:00:00;47.04;45.66;46.67;46.21;231
2015.10.02;12:00:00;46.77;44.77;45.16;46.68;249
2015.10.02;16:00:00;45.24;44.6;44.97;45.18;108
2015.10.02;20:00:00;45.31;44.99;45.29;45.03;39
2015.10.05;00:00:00;45.31;45.15;45.28;45.28;33
2015.10.05;04:00:00;45.69;45.19;45.31;45.29;99
2015.10.05;08:00:00;45.32;44.06;44.38;45.32;159
2015.10.05;12:00:00;45.63;43.95;45.33;44.37;241
2015.10.05;16:00:00;45.77;45.24;45.59;45.32;80
2015.10.05;20:00:00;45.7;45.17;45.55;45.61;101
2015.10.06;00:00:00;45.89;45.55;45.75;45.55;49
2015.10.06;04:00:00;46.2;45.61;46.13;45.76;82
2015.10.06;08:00:00;46.68;45.76;46.4;46.14;159
2015.10.06;12:00:00;46.87;46.1;46.23;46.39;139
2015.10.06;16:00:00;46.38;46.02;46.16;46.24;65
2015.10.06;20:00:00;46.34;46.06;46.18;46.13;52
2015.10.07;00:00:00;46.36;46.16;46.3;46.17;28
2015.10.07;04:00:00;46.33;45.69;46.05;46.31;103
2015.10.07;08:00:00;47.34;45.85;47.24;46.06;181
2015.10.07;12:00:00;48.57;46.99;47.81;47.25;261
2015.10.07;16:00:00;49.02;47.8;48.98;47.8;127
2015.10.07;20:00:00;49.3;48.66;48.95;48.97;127
2015.10.08;00:00:00;49.51;48.93;49.5;48.94;61
2015.10.08;04:00:00;49.65;49.09;49.39;49.49;103
2015.10.08;08:00:00;49.59;48.88;49.39;49.38;142
2015.10.08;12:00:00;49.63;47.8;48.38;49.38;267
2015.10.08;16:00:00;48.62;47.66;48.09;48.39;163
2015.10.08;20:00:00;48.33;47.86;47.94;48.07;82
2015.10.09;00:00:00;48.06;47.73;47.85;47.95;57
2015.10.09;04:00:00;48.28;47.78;47.93;47.87;95
2015.10.09;08:00:00;48.65;47.8;48.26;47.93;138
2015.10.09;12:00:00;49.65;48.11;49.49;48.25;185
2015.10.09;16:00:00;50.01;49.28;49.64;49.48;131
2015.10.09;20:00:00;49.68;49.5;49.58;49.66;29
2015.10.12;00:00:00;50.55;49.58;50.36;49.59;118
2015.10.12;04:00:00;50.44;49.86;50.37;50.35;115
2015.10.12;08:00:00;50.88;49.62;50.03;50.37;219
2015.10.12;12:00:00;50.14;49.22;49.3;50.01;114
2015.10.12;16:00:00;49.7;49.15;49.47;49.29;93
2015.10.12;20:00:00;49.88;49.44;49.8;49.47;56
2015.10.13;00:00:00;50.09;49.78;49.95;49.8;48
2015.10.13;04:00:00;50.1;49.77;49.85;49.96;56
2015.10.13;08:00:00;49.87;48.61;48.64;49.86;131
2015.10.13;12:00:00;48.93;47.22;47.33;48.59;217
2015.10.13;16:00:00;47.44;47.03;47.42;47.32;73
2015.10.13;20:00:00;47.69;47.36;47.52;47.46;61
2015.10.14;00:00:00;47.56;47.35;47.4;47.54;29
2015.10.14;04:00:00;47.81;46.58;46.91;47.39;199
2015.10.14;08:00:00;47.61;46.7;47.53;46.9;120
2015.10.14;12:00:00;48.42;47.04;47.06;47.54;229
2015.10.14;16:00:00;47.14;46.43;46.55;47.04;94
2015.10.14;20:00:00;46.79;46.56;46.68;46.65;44
2015.10.15;00:00:00;46.93;46.41;46.8;46.69;94
2015.10.15;04:00:00;46.86;46.32;46.44;46.79;74
2015.10.15;08:00:00;46.87;46;46.59;46.43;159
2015.10.15;12:00:00;46.81;45.93;46.81;46.61;157
2015.10.15;16:00:00;46.9;45.97;46.23;46.79;131
2015.10.15;20:00:00;46.41;46.08;46.34;46.21;54
2015.10.16;00:00:00;46.58;46.31;46.43;46.33;45
2015.10.16;04:00:00;46.96;46.27;46.5;46.44;3740
2015.10.16;08:00:00;46.78;46.12;46.34;46.5;5288
2015.10.16;12:00:00;46.88;45.76;46.41;46.35;7094
2015.10.16;16:00:00;47.48;46.3;47.33;46.4;3347
2015.10.16;20:00:00;47.51;47.23;47.44;47.36;1211
2015.10.19;00:00:00;47.53;47.26;47.51;47.45;1245
2015.10.19;04:00:00;47.67;47.32;47.47;47.52;3939
2015.10.19;08:00:00;47.92;47.03;47.24;47.46;5368
2015.10.19;12:00:00;47.77;46.62;47.62;47.26;5245
2015.10.19;16:00:00;47.89;47.38;47.67;47.63;2115
2015.10.19;20:00:00;47.88;47.41;47.48;47.7;1394
2015.10.20;00:00:00;47.66;47.3;47.37;47.51;1293
2015.10.20;04:00:00;47.58;47.07;47.14;47.36;6036
2015.10.20;08:00:00;47.27;46.34;46.86;47.14;4048
2015.10.20;12:00:00;47.01;46.37;46.56;46.87;5042
2015.10.20;16:00:00;46.59;46.22;46.54;46.54;2253
2015.10.20;20:00:00;46.66;46.41;46.42;46.57;873
2015.10.21;00:00:00;46.5;46.31;46.4;46.43;1101
2015.10.21;04:00:00;46.65;46.12;46.4;46.4;4078
2015.10.21;08:00:00;46.59;46.17;46.53;46.4;3876
2015.10.21;12:00:00;46.9;45.7;45.79;46.51;4088
2015.10.21;16:00:00;46.34;45.76;45.89;45.78;2145
2015.10.21;20:00:00;45.99;45.83;45.88;45.84;856
2015.10.22;00:00:00;46.05;45.87;45.93;45.87;967
2015.10.22;04:00:00;45.98;45.3;45.58;45.94;3811
2015.10.22;08:00:00;45.81;45.12;45.2;45.57;3703
2015.10.22;12:00:00;45.87;44.85;45.29;45.19;6260
2015.10.22;16:00:00;45.34;45.01;45.21;45.28;2478
2015.10.22;20:00:00;45.4;45.22;45.37;45.22;856
2015.10.23;00:00:00;45.52;45.33;45.41;45.38;1026
2015.10.23;04:00:00;45.68;45.24;45.63;45.4;2609
2015.10.23;08:00:00;46.07;45.54;45.94;45.63;4749
2015.10.23;12:00:00;46.08;44.92;44.95;45.95;4501
2015.10.23;16:00:00;45.51;44.89;45.44;44.96;2622
2015.10.23;20:00:00;45.57;45.2;45.51;45.37;909
2015.10.25;23:00:00;45.65;45.42;45.54;45.5;825
2015.10.26;00:00:00;45.72;45.3;45.57;45.53;3040
2015.10.26;04:00:00;45.71;44.2;44.45;45.56;6015
2015.10.26;08:00:00;45.01;44.36;44.59;44.43;5339
2015.10.26;12:00:00;44.89;44.51;44.71;44.61;2253
2015.10.26;16:00:00;44.75;44.41;44.6;44.71;867
2015.10.26;20:00:00;44.77;44.58;44.69;44.6;757
2015.10.27;00:00:00;44.91;44.53;44.87;44.7;2416
2015.10.27;04:00:00;44.9;43.93;43.95;44.87;4037
2015.10.27;08:00:00;44.32;43.83;43.92;43.93;4038
2015.10.27;12:00:00;44.14;43.62;43.7;43.93;1909
2015.10.27;16:00:00;43.88;43.67;43.75;43.77;947
2015.10.27;20:00:00;43.75;43.31;43.47;43.74;1359
2015.10.28;00:00:00;43.72;43.32;43.57;43.48;2042
2015.10.28;04:00:00;43.63;42.73;42.86;43.56;3772
2015.10.28;08:00:00;43.32;42.58;43.03;42.85;4003
2015.10.28;12:00:00;43.44;42.87;43.37;43.01;2236
2015.10.28;16:00:00;43.45;43.21;43.25;43.36;1000
2015.10.28;20:00:00;43.26;43.18;43.23;43.24;454
2015.10.29;00:00:00;43.64;43.04;43.42;43.22;2474
2015.10.29;04:00:00;43.95;43.37;43.92;43.41;3669
2015.10.29;08:00:00;45.98;43.9;45.94;43.9;6813
2015.10.29;12:00:00;46.19;45.39;46.14;45.96;4691
2015.10.29;16:00:00;46.14;45.74;45.78;46.04;865
2015.10.29;20:00:00;45.82;45.64;45.68;45.77;829
2015.10.30;00:00:00;45.71;45.22;45.43;45.67;3758
2015.10.30;04:00:00;46.5;45.14;46.31;45.42;6879
2015.10.30;08:00:00;46.73;45.62;46.01;46.32;6195
2015.10.30;12:00:00;46.17;45.68;45.73;46;2458
2015.10.30;16:00:00;45.86;45.61;45.8;45.7;906
2015.10.30;20:00:00;45.91;45.76;45.77;45.8;842
2015.11.02;00:00:00;45.98;45.46;45.89;45.78;3518
2015.11.02;04:00:00;46.36;45.61;45.68;45.9;5720
2015.11.02;08:00:00;46.78;45.59;46.65;45.69;5471
2015.11.02;12:00:00;47.01;46.25;46.37;46.67;2558
2015.11.02;16:00:00;47.3;47.02;47.27;47.23;987
2015.11.02;20:00:00;47.32;47.2;47.26;47.26;559
2015.11.03;00:00:00;47.45;46.63;46.63;47.25;2638
2015.11.03;04:00:00;47.28;46.43;47.2;46.63;3242
2015.11.03;08:00:00;47.57;46.74;46.86;47.21;2991
2015.11.03;12:00:00;47.11;46.81;46.94;46.87;1143
2015.11.03;16:00:00;47.22;46.95;47.08;46.95;788
2015.11.03;20:00:00;47.2;47;47.06;47.08;579
2015.11.04;00:00:00;47.47;46.83;47.37;47.07;2292
2015.11.04;04:00:00;48.12;47.18;47.77;47.37;3006
2015.11.04;08:00:00;49.15;47.65;48.89;47.78;3564
2015.11.04;12:00:00;49.2;48.48;48.54;48.88;1847
2015.11.04;16:00:00;48.8;48.49;48.76;48.57;1153
2015.11.04;20:00:00;48.83;48.53;48.71;48.76;865
2015.11.05;00:00:00;48.95;48.31;48.86;48.71;2821
2015.11.05;04:00:00;49.15;48.21;48.4;48.86;3498
2015.11.05;08:00:00;48.7;47.04;47.25;48.39;4071
2015.11.05;12:00:00;47.45;47.15;47.42;47.23;1488
2015.11.05;16:00:00;47.48;47.27;47.39;47.43;965
2015.11.05;20:00:00;47.4;47.19;47.23;47.39;613
2015.11.06;00:00:00;47.5;47.07;47.22;47.23;2783
2015.11.06;04:00:00;47.38;46.65;47.26;47.23;3248
2015.11.06;08:00:00;47.14;46.46;46.78;47.14;3290
2015.11.06;12:00:00;46.9;46.15;46.36;46.79;1479
2015.11.06;16:00:00;46.49;46.23;46.31;46.4;755
2015.11.06;20:00:00;46.56;46.3;46.53;46.3;538
2015.11.09;00:00:00;46.64;46.28;46.55;46.52;2073
2015.11.09;04:00:00;46.68;45.64;45.84;46.56;3514
2015.11.09;08:00:00;45.86;45.33;45.4;45.86;2730
2015.11.09;12:00:00;45.82;45.34;45.79;45.6;1314
2015.11.09;16:00:00;45.92;45.75;45.76;45.8;598
2015.11.09;20:00:00;45.79;45.53;45.63;45.76;1989
2015.11.10;00:00:00;46.25;45.28;45.64;45.63;3562
2015.11.10;04:00:00;45.57;44.86;45.08;45.57;3221
2015.11.10;08:00:00;45.36;44.95;45.31;45.07;1400
2015.11.10;12:00:00;45.38;45.25;45.35;45.29;619
2015.11.10;16:00:00;45.44;45.27;45.34;45.36;472
2015.11.10;20:00:00;45.38;45.05;45.24;45.33;2133
2015.11.11;00:00:00;45.9;44.81;45.7;45.23;3427
2015.11.11;04:00:00;45.86;45.29;45.51;45.72;3101
2015.11.11;08:00:00;45.6;44.84;44.88;45.48;1440
2015.11.11;12:00:00;45.01;44.82;44.99;44.87;958
2015.11.11;16:00:00;45.05;44.94;44.95;44.99;557
2015.11.11;20:00:00;45.08;44.87;44.92;44.95;1880
2015.11.12;00:00:00;45.37;44.69;44.79;44.93;3157
2015.11.12;04:00:00;44.89;44.04;44.07;44.8;2993
2015.11.12;08:00:00;44.33;43.9;44.23;44.06;1242
2015.11.12;12:00:00;44.52;44.2;44.41;44.21;993
2015.11.12;16:00:00;44.44;44.35;44.36;44.41;555
2015.11.12;20:00:00;44.47;44.05;44.05;44.35;2351
2015.11.13;00:00:00;44.18;43.01;43.68;44.06;3552
2015.11.13;04:00:00;43.88;42.9;43.23;43.65;3557
2015.11.13;08:00:00;43.29;42.83;42.88;43.26;1462
2015.11.13;12:00:00;43.05;42.68;42.84;42.89;1149
2015.11.13;16:00:00;42.98;42.77;42.93;42.85;566
2015.11.13;20:00:00;43.32;42.91;43.21;42.93;2143
2015.11.16;00:00:00;43.49;42.12;42.14;43.2;3354
2015.11.16;04:00:00;42.23;41.53;41.79;42.13;2996
2015.11.16;08:00:00;42.26;41.74;41.95;41.81;1481
2015.11.16;12:00:00;42.3;41.81;42.28;41.98;1247
2015.11.16;16:00:00;42.35;42.09;42.16;42.28;753
2015.11.16;20:00:00;42.56;41.99;42.51;42.15;2568
2015.11.17;00:00:00;43.01;41.57;41.59;42.5;4304
2015.11.17;04:00:00;43.06;41.2;43.04;41.58;3925
2015.11.17;08:00:00;43.21;42.68;43.08;43.06;1873
2015.11.17;12:00:00;42.94;42.72;42.73;42.93;1078
2015.11.17;16:00:00;42.86;42.68;42.74;42.73;1082
2015.11.17;20:00:00;43.09;42.56;42.64;42.75;2825
2015.11.18;00:00:00;42.81;41.77;42.05;42.65;4119
2015.11.18;04:00:00;42.53;41.62;41.93;42.06;3338
2015.11.18;08:00:00;42.15;41.61;42.12;41.92;1466
2015.11.18;12:00:00;42.14;41.91;42.03;42.1;918
2015.11.18;16:00:00;42.05;41.94;42.01;42.04;736
2015.11.18;20:00:00;42.55;41.99;42.35;42.01;2529
2015.11.19;00:00:00;42.62;41.95;42.22;42.34;3162
2015.11.19;04:00:00;42.47;41.28;41.76;42.2;3272
2015.11.19;08:00:00;42.18;41.7;41.95;41.75;1507
2015.11.19;12:00:00;42.34;41.98;42.23;42.03;897
2015.11.19;16:00:00;42.32;42.18;42.23;42.23;613
2015.11.19;20:00:00;42.26;41.95;42.14;42.24;1486
2015.11.20;00:00:00;42.31;41.23;41.79;42.15;3134
2015.11.20;04:00:00;41.87;41.39;41.59;41.7;2235
2015.11.20;08:00:00;41.88;41.54;41.83;41.61;950
2015.11.20;12:00:00;41.97;41.83;41.93;41.85;611
2015.11.20;16:00:00;41.96;41.84;41.88;41.94;324
2015.11.20;20:00:00;42.03;41.68;41.92;41.87;1655
2015.11.23;00:00:00;41.97;41.34;41.76;41.91;2518
2015.11.23;04:00:00;42.72;41.4;42.4;41.78;2466
2015.11.23;08:00:00;42.45;41.44;41.44;42.42;1390
2015.11.23;12:00:00;41.63;40.94;41.07;41.47;1030
2015.11.23;16:00:00;41.12;40.59;40.72;41.07;752
2015.11.23;20:00:00;40.76;40.47;40.6;40.72;1531
2015.11.24;00:00:00;42.72;40.39;41.47;40.59;4874
2015.11.24;04:00:00;42.58;41.45;41.7;41.48;3005
2015.11.24;08:00:00;42.05;41.57;41.99;41.67;1069
2015.11.24;12:00:00;42.15;41.85;41.89;41.99;879
2015.11.24;16:00:00;42.09;41.87;42.05;41.89;516
2015.11.24;20:00:00;42.49;42.01;42.05;42.06;2605
2015.11.25;00:00:00;43.43;41.85;43.2;42.03;3472
2015.11.25;04:00:00;43.31;42.45;42.81;43.22;2686
2015.11.25;08:00:00;42.95;42.56;42.6;42.82;1200
2015.11.25;12:00:00;42.84;42.62;42.82;42.63;673
2015.11.25;16:00:00;43.13;42.74;42.96;42.83;1109
2015.11.25;20:00:00;43.01;42.17;42.34;42.97;2438
2015.11.26;00:00:00;42.41;41.7;41.9;42.32;2753
2015.11.26;04:00:00;42.94;41.86;42.68;41.89;2781
2015.11.26;08:00:00;43.2;42.59;43.18;42.7;1043
2015.11.26;12:00:00;43.23;42.96;43.13;43.2;871
2015.11.26;16:00:00;43.27;43.04;43.04;43.13;815
2015.11.26;20:00:00;43.16;42.68;43.04;43.04;2064
2015.11.27;00:00:00;43.16;42.6;42.64;43.05;1760
2015.11.27;04:00:00;42.82;42.28;42.48;42.59;1121
2015.11.27;08:00:00;42.72;42.44;42.54;42.56;989
2015.11.27;12:00:00;42.55;42.33;42.35;42.54;677
2015.11.27;16:00:00;42.36;41.9;42.02;42.36;1657
2015.11.27;20:00:00;42.38;41.89;41.93;42.03;2321
2015.11.30;00:00:00;42.2;41.65;41.81;41.9;1517
2015.11.30;04:00:00;41.9;41.76;41.81;41.79;683
2015.11.30;08:00:00;41.83;41.59;41.6;41.8;536
2015.11.30;12:00:00;42.25;41.48;42.19;41.61;1775
2015.11.30;16:00:00;42.54;41.79;42.29;42.18;2713
2015.11.30;20:00:00;42.59;41.64;41.68;42.28;2005
2015.12.01;00:00:00;41.89;41.51;41.66;41.7;1078
2015.12.01;04:00:00;41.94;41.63;41.87;41.64;696
2015.12.01;08:00:00;42;41.85;41.93;41.88;387
2015.12.01;12:00:00;42.16;41.52;41.73;41.92;2051
2015.12.01;16:00:00;42.01;41.15;41.93;41.72;2704
2015.12.01;20:00:00;42;41.28;41.59;41.95;2246
2015.12.02;00:00:00;42.2;41.48;41.63;41.61;1350
2015.12.02;04:00:00;41.74;41.58;41.62;41.63;675
2015.12.02;08:00:00;41.65;41.5;41.51;41.62;666
2015.12.02;12:00:00;41.68;41.33;41.35;41.52;1775
2015.12.02;16:00:00;41.41;40.89;41.04;41.35;2027
2015.12.02;20:00:00;41.93;40.01;40.07;41.06;2708
2015.12.03;00:00:00;40.26;39.84;40.08;40.03;1290
2015.12.03;04:00:00;40.23;40.06;40.11;40.1;681
2015.12.03;08:00:00;40.62;40.05;40.43;40.12;1166
2015.12.03;12:00:00;40.7;40.21;40.69;40.44;2189
2015.12.03;16:00:00;40.84;40.26;40.26;40.7;3000
2015.12.03;20:00:00;41.75;40.09;41.2;40.28;2949
2015.12.04;00:00:00;41.54;41;41.25;41.18;1379
2015.12.04;04:00:00;41.4;41.2;41.23;41.28;848
2015.12.04;08:00:00;41.4;41.14;41.18;41.22;471
2015.12.04;12:00:00;41.7;41.08;41.6;41.17;1784
2015.12.04;16:00:00;41.97;39.59;39.9;41.61;3895
2015.12.04;20:00:00;40.67;39.7;39.93;39.87;2906
2015.12.07;00:00:00;40.13;39.71;40.1;39.95;1047
2015.12.07;04:00:00;40.1;39.37;39.54;40.08;1256
2015.12.07;08:00:00;39.64;39.47;39.59;39.53;376
2015.12.07;12:00:00;39.72;39.32;39.41;39.59;1761
2015.12.07;16:00:00;39.44;38.45;38.49;39.42;2649
2015.12.07;20:00:00;38.49;37.49;37.85;38.48;2486
2015.12.08;00:00:00;37.89;37.51;37.61;37.86;1270
2015.12.08;04:00:00;37.85;37.61;37.75;37.63;875
2015.12.08;08:00:00;37.81;37.62;37.67;37.74;408
2015.12.08;12:00:00;38;37.67;37.89;37.68;1628
2015.12.08;16:00:00;38.06;36.62;37.23;37.88;3432
2015.12.08;20:00:00;38.56;37.21;37.6;37.22;3177
2015.12.09;00:00:00;37.99;37.43;37.82;37.62;1340
2015.12.09;04:00:00;38.17;37.8;38.08;37.84;514
2015.12.09;08:00:00;38.35;38.06;38.25;38.09;409
2015.12.09;12:00:00;38.33;37.76;37.98;38.24;1399
2015.12.09;16:00:00;38.14;37.5;38.07;37.97;2428
2015.12.09;20:00:00;38.96;36.85;37.23;38.06;3882
2015.12.10;00:00:00;37.4;36.95;37.17;37.21;1266
2015.12.10;04:00:00;37.51;37.29;37.37;37.29;584
2015.12.10;08:00:00;37.46;37.35;37.43;37.38;253
2015.12.10;12:00:00;37.51;37;37.1;37.42;1402
2015.12.10;16:00:00;37.43;36.51;36.92;37.11;3319
2015.12.10;20:00:00;37.18;36.62;36.79;36.9;2643
2015.12.11;00:00:00;36.87;36.36;36.52;36.78;1000
2015.12.11;04:00:00;36.66;36.41;36.43;36.6;410
2015.12.11;08:00:00;36.62;36.38;36.61;36.42;372
2015.12.11;12:00:00;36.81;36.1;36.19;36.6;1862
2015.12.11;16:00:00;36.53;35.76;35.85;36.18;2448
2015.12.11;20:00:00;36.15;35.35;35.62;35.84;2968
2015.12.14;00:00:00;35.76;35.14;35.32;35.6;980
2015.12.14;04:00:00;35.66;35.25;35.34;35.38;773
2015.12.14;08:00:00;35.5;35.33;35.45;35.35;331
2015.12.14;12:00:00;35.54;35.17;35.3;35.45;1628
2015.12.14;16:00:00;35.68;34.51;35.21;35.29;3867
2015.12.14;20:00:00;36.67;35.17;36.17;35.2;3786
2015.12.15;00:00:00;36.57;36.14;36.22;36.18;1085
2015.12.15;04:00:00;36.37;36.11;36.32;36.23;656
2015.12.15;08:00:00;36.33;36.15;36.21;36.31;289
2015.12.15;12:00:00;37.07;36.01;36.81;36.22;2617
2015.12.15;16:00:00;37.35;36.06;36.95;36.8;3586
2015.12.15;20:00:00;37.85;36.57;37.63;36.93;2386
