DATE;TIME;HIGH;LOW;CLOSE;OPEN;VOLUME
2015.04.27;12:00:00;89.475;89.273;89.385;89.392;10388
2015.04.27;16:00:00;89.554;89.36;89.55;89.382;8432
2015.04.27;20:00:00;89.818;89.505;89.592;89.548;10938
2015.04.28;00:00:00;89.696;89.574;89.592;89.592;4758
2015.04.28;04:00:00;89.738;89.473;89.632;89.583;3509
2015.04.28;08:00:00;89.672;89.508;89.625;89.633;5101
2015.04.28;12:00:00;89.696;89.485;89.692;89.622;9128
2015.04.28;16:00:00;90.148;89.641;90.048;89.69;10760
2015.04.28;20:00:00;90.249;89.941;90.118;90.048;8348
2015.04.29;00:00:00;90.269;90.095;90.162;90.12;3935
2015.04.29;04:00:00;90.217;90.012;90.068;90.167;4203
2015.04.29;08:00:00;90.074;89.863;89.93;90.067;5019
2015.04.29;12:00:00;90.198;89.877;90.188;89.928;9618
2015.04.29;16:00:00;90.244;89.739;90.163;90.186;14710
2015.04.29;20:00:00;90.289;90.042;90.083;90.163;19469
2015.04.30;00:00:00;90.217;89.821;90.041;90.082;10894
2015.04.30;04:00:00;90.13;89.96;90.123;90.038;6161
2015.04.30;08:00:00;90.154;89.551;89.652;90.124;12549
2015.04.30;12:00:00;89.905;89.442;89.889;89.653;18962
2015.04.30;16:00:00;90.129;89.855;90.057;89.888;16826
2015.04.30;20:00:00;90.392;89.968;90.238;90.063;20646
2015.05.01;00:00:00;90.248;90.025;90.148;90.237;6697
2015.05.01;04:00:00;90.38;90.116;90.367;90.147;3177
2015.05.01;08:00:00;90.43;90.291;90.355;90.367;2989
2015.05.01;12:00:00;90.529;90.342;90.427;90.356;4382
2015.05.01;16:00:00;90.458;90.298;90.373;90.43;5788
2015.05.01;20:00:00;90.482;90.219;90.356;90.374;7088
2015.05.04;00:00:00;90.392;90.161;90.225;90.356;2726
2015.05.04;04:00:00;90.375;90.124;90.151;90.315;2625
2015.05.04;08:00:00;90.188;90.058;90.132;90.153;3638
2015.05.04;12:00:00;90.21;90.076;90.122;90.132;4907
2015.05.04;16:00:00;90.225;90.087;90.214;90.124;4796
2015.05.04;20:00:00;90.231;90.115;90.156;90.214;4307
2015.05.05;00:00:00;90.209;90.074;90.168;90.158;2844
2015.05.05;04:00:00;90.177;90.043;90.092;90.169;3118
2015.05.05;08:00:00;90.155;89.804;89.883;90.092;5845
2015.05.05;12:00:00;89.97;89.77;89.945;89.883;13476
2015.05.05;16:00:00;90.156;89.907;90.021;89.945;14731
2015.05.05;20:00:00;90.17;89.813;89.991;90.022;20152
2015.05.06;00:00:00;90.062;89.918;89.926;89.988;6166
2015.05.06;04:00:00;90.041;89.912;90.032;89.92;4293
2015.05.06;08:00:00;90.345;90.022;90.279;90.03;8453
2015.05.06;12:00:00;90.326;90.105;90.109;90.277;15761
2015.05.06;16:00:00;90.248;89.794;90.164;90.107;16845
2015.05.06;20:00:00;90.26;90.071;90.163;90.171;17280
2015.05.07;00:00:00;90.28;90.019;90.229;90.159;6444
2015.05.07;04:00:00;90.248;89.971;90.054;90.218;7265
2015.05.07;08:00:00;90.085;89.873;89.93;90.052;10718
2015.05.07;12:00:00;90.039;89.55;89.69;89.929;16786
2015.05.07;16:00:00;89.812;89.381;89.622;89.695;18553
2015.05.07;20:00:00;89.834;89.536;89.81;89.628;15313
2015.05.08;00:00:00;89.904;89.78;89.78;89.811;3571
2015.05.08;04:00:00;89.942;89.715;89.916;89.777;6657
2015.05.08;08:00:00;90.053;89.815;90.044;89.915;11044
2015.05.08;12:00:00;90.228;90.044;90.191;90.047;14515
2015.05.08;16:00:00;90.384;89.921;90.166;90.191;16451
2015.05.08;20:00:00;90.253;89.965;90.054;90.166;17122
2015.05.11;00:00:00;90.173;90.047;90.12;90.057;3384
2015.05.11;04:00:00;90.156;89.863;89.876;90.044;6097
2015.05.11;08:00:00;89.971;89.712;89.805;89.876;8998
2015.05.11;12:00:00;89.902;89.736;89.845;89.806;12922
2015.05.11;16:00:00;89.872;89.723;89.799;89.845;9851
2015.05.11;20:00:00;89.864;89.75;89.816;89.797;11661
2015.05.12;00:00:00;89.882;89.752;89.763;89.813;4031
2015.05.12;04:00:00;89.885;89.651;89.659;89.764;4969
2015.05.12;08:00:00;89.783;89.603;89.75;89.66;7620
2015.05.12;12:00:00;89.907;89.683;89.846;89.75;15219
2015.05.12;16:00:00;89.901;89.756;89.825;89.846;14813
2015.05.12;20:00:00;89.876;89.694;89.828;89.822;13431
2015.05.13;00:00:00;89.897;89.68;89.683;89.831;4090
2015.05.13;04:00:00;89.865;89.604;89.795;89.683;6710
2015.05.13;08:00:00;89.867;89.689;89.757;89.792;9968
2015.05.13;12:00:00;90.001;89.685;89.986;89.759;11005
2015.05.13;16:00:00;90.157;89.799;90.072;89.987;14427
2015.05.13;20:00:00;90.072;89.813;89.877;90.072;15711
2015.05.14;00:00:00;89.93;89.833;89.905;89.878;4216
2015.05.14;04:00:00;89.946;89.836;89.941;89.901;5194
2015.05.14;08:00:00;90.233;89.921;90.147;89.939;8959
2015.05.14;12:00:00;90.351;90.088;90.249;90.148;16935
2015.05.14;16:00:00;90.482;90.141;90.367;90.249;13293
2015.05.14;20:00:00;90.435;90.182;90.22;90.366;16830
2015.05.15;00:00:00;90.342;90.163;90.163;90.217;5128
2015.05.15;04:00:00;90.351;90.14;90.252;90.15;6510
2015.05.15;08:00:00;90.371;90.253;90.289;90.253;10173
2015.05.15;12:00:00;90.385;90.182;90.222;90.289;16890
2015.05.15;16:00:00;90.427;90.222;90.317;90.223;15899
2015.05.15;20:00:00;90.458;90.081;90.404;90.316;19003
2015.05.18;00:00:00;90.419;90.307;90.352;90.405;4018
2015.05.18;04:00:00;90.492;90.059;90.467;90.059;5565
2015.05.18;08:00:00;90.512;90.384;90.489;90.464;7939
2015.05.18;12:00:00;90.542;90.359;90.455;90.488;15051
2015.05.18;16:00:00;90.58;90.411;90.458;90.455;13263
2015.05.18;20:00:00;90.584;90.292;90.329;90.458;14386
2015.05.19;00:00:00;90.35;90.244;90.273;90.33;6063
2015.05.19;04:00:00;90.365;90.258;90.311;90.259;4758
2015.05.19;08:00:00;90.315;90.216;90.313;90.311;7926
2015.05.19;12:00:00;90.344;90.087;90.106;90.312;17823
2015.05.19;16:00:00;90.312;90.093;90.217;90.106;14799
2015.05.19;20:00:00;90.354;90.204;90.297;90.217;22730
2015.05.20;00:00:00;90.403;90.288;90.289;90.297;9099
2015.05.20;04:00:00;90.495;90.252;90.483;90.283;6789
2015.05.20;08:00:00;90.57;90.419;90.484;90.483;10300
2015.05.20;12:00:00;90.49;90.329;90.402;90.485;17572
2015.05.20;16:00:00;90.51;90.372;90.41;90.405;13577
2015.05.20;20:00:00;90.672;90.41;90.595;90.412;12549
2015.05.21;00:00:00;90.743;90.36;90.704;90.594;11223
2015.05.21;04:00:00;90.769;90.536;90.702;90.706;6731
2015.05.21;08:00:00;90.758;90.588;90.622;90.703;10908
2015.05.21;12:00:00;90.623;90.457;90.519;90.621;17014
2015.05.21;16:00:00;90.678;90.488;90.653;90.52;15085
2015.05.21;20:00:00;90.659;90.465;90.571;90.655;14553
2015.05.22;00:00:00;90.604;90.477;90.491;90.571;3705
2015.05.22;04:00:00;90.715;90.439;90.709;90.473;5764
2015.05.22;08:00:00;90.761;90.6;90.754;90.71;10616
2015.05.22;12:00:00;90.849;90.686;90.785;90.757;11325
2015.05.22;16:00:00;91.127;90.755;90.948;90.785;14729
2015.05.22;20:00:00;90.97;90.766;90.961;90.948;13339
2015.05.25;00:00:00;90.976;90.849;90.898;90.958;4314
2015.05.25;04:00:00;90.971;90.814;90.858;90.814;5245
2015.05.25;08:00:00;90.928;90.829;90.843;90.86;6131
2015.05.25;12:00:00;90.842;90.56;90.63;90.842;9457
2015.05.25;16:00:00;90.661;90.491;90.51;90.632;4097
2015.05.25;20:00:00;90.555;90.458;90.508;90.511;2454
2015.05.26;00:00:00;90.571;90.488;90.523;90.508;1684
2015.05.26;04:00:00;90.728;90.441;90.505;90.52;6611
2015.05.26;08:00:00;90.612;90.466;90.526;90.507;10709
2015.05.26;12:00:00;91.026;90.403;91.013;90.526;26480
2015.05.26;16:00:00;91.359;90.919;91.325;91.013;18916
2015.05.26;20:00:00;91.393;91.085;91.098;91.327;19001
2015.05.27;00:00:00;91.193;91.038;91.137;91.101;5348
2015.05.27;04:00:00;91.216;91.086;91.196;91.123;5843
2015.05.27;08:00:00;91.292;91.088;91.155;91.194;11142
2015.05.27;12:00:00;91.282;91.056;91.274;91.155;19259
2015.05.27;16:00:00;91.526;91.245;91.425;91.274;20931
2015.05.27;20:00:00;91.607;91.221;91.575;91.425;17065
2015.05.28;00:00:00;91.666;91.462;91.486;91.575;6468
2015.05.28;04:00:00;91.616;91.385;91.589;91.48;4538
2015.05.28;08:00:00;91.949;91.509;91.774;91.589;14381
2015.05.28;12:00:00;91.889;91.604;91.811;91.772;23384
2015.05.28;16:00:00;92.035;91.782;91.892;91.812;17850
2015.05.28;20:00:00;92.046;91.584;91.624;91.892;15580
2015.05.29;00:00:00;92;91.565;91.884;91.624;7014
2015.05.29;04:00:00;91.934;91.738;91.82;91.878;7107
2015.05.29;08:00:00;91.864;91.724;91.824;91.819;9469
2015.05.29;12:00:00;91.905;91.717;91.806;91.823;17645
2015.05.29;16:00:00;91.945;91.745;91.885;91.807;16870
2015.05.29;20:00:00;92.074;91.773;92.002;91.887;14181
2015.06.01;00:00:00;92.085;91.926;92.067;91.998;3505
2015.06.01;04:00:00;92.117;91.905;91.931;92.007;5059
2015.06.01;08:00:00;91.966;91.799;91.886;91.932;7191
2015.06.01;12:00:00;91.996;91.7;91.793;91.886;12877
2015.06.01;16:00:00;91.833;91.682;91.751;91.791;13343
2015.06.01;20:00:00;92.105;91.741;92.082;91.752;14319
2015.06.02;00:00:00;92.095;91.959;91.959;92.082;5142
2015.06.02;04:00:00;92.123;91.941;92.067;91.959;5836
2015.06.02;08:00:00;92.125;91.898;91.966;92.069;12272
2015.06.02;12:00:00;92.043;91.758;91.767;91.965;18900
2015.06.02;16:00:00;92.078;91.765;92.05;91.765;18663
2015.06.02;20:00:00;92.129;91.767;92.05;92.048;18977
2015.06.03;00:00:00;92.125;91.951;91.983;92.05;6184
2015.06.03;04:00:00;92.081;91.899;91.982;91.976;6128
2015.06.03;08:00:00;92.065;91.91;92.013;91.984;10037
2015.06.03;12:00:00;92.258;91.972;92.229;92.013;15904
2015.06.03;16:00:00;92.35;92.179;92.261;92.227;16865
2015.06.03;20:00:00;92.615;92.209;92.599;92.262;17845
2015.06.04;00:00:00;92.639;92.476;92.496;92.599;4443
2015.06.04;04:00:00;92.538;92.373;92.462;92.497;4757
2015.06.04;08:00:00;92.59;92.355;92.415;92.462;8320
2015.06.04;12:00:00;92.422;91.983;92.248;92.418;20404
2015.06.04;16:00:00;92.342;92.182;92.341;92.248;15927
2015.06.04;20:00:00;92.536;92.263;92.449;92.343;14213
2015.06.05;00:00:00;92.454;92.186;92.263;92.445;6688
2015.06.05;04:00:00;92.334;92.213;92.306;92.261;6448
2015.06.05;08:00:00;92.346;92.253;92.276;92.304;6995
2015.06.05;12:00:00;92.535;92.262;92.522;92.276;16650
2015.06.05;16:00:00;92.79;92.349;92.568;92.522;17093
2015.06.05;20:00:00;92.6;92.434;92.505;92.568;15266
2015.06.08;00:00:00;92.586;92.435;92.485;92.508;4298
2015.06.08;04:00:00;92.478;92.265;92.29;92.417;4281
2015.06.08;08:00:00;92.321;92.076;92.105;92.29;8608
2015.06.08;12:00:00;92.222;91.917;92.013;92.105;20092
2015.06.08;16:00:00;92.236;91.976;92.113;92.015;13159
2015.06.08;20:00:00;92.296;92.045;92.149;92.116;10836
2015.06.09;00:00:00;92.162;91.824;91.957;92.147;8739
2015.06.09;04:00:00;92.074;91.935;92.017;91.957;5747
2015.06.09;08:00:00;92.041;91.872;91.958;92.015;9942
2015.06.09;12:00:00;91.96;91.752;91.776;91.96;18977
2015.06.09;16:00:00;91.926;91.68;91.914;91.776;19327
2015.06.09;20:00:00;91.963;91.786;91.915;91.915;12947
2015.06.10;00:00:00;92.013;91.894;91.955;91.916;3798
2015.06.10;04:00:00;92.051;91.92;91.97;91.959;5728
2015.06.10;08:00:00;91.998;91.055;91.231;91.968;17589
2015.06.10;12:00:00;91.495;91.02;91.276;91.231;26632
2015.06.10;16:00:00;91.674;91.27;91.347;91.275;17873
2015.06.10;20:00:00;91.55;91.304;91.426;91.345;15938
2015.06.11;00:00:00;91.463;91.315;91.386;91.425;5385
2015.06.11;04:00:00;91.516;91.31;91.463;91.383;5810
2015.06.11;08:00:00;91.635;91.406;91.607;91.464;11205
2015.06.11;12:00:00;91.779;91.45;91.715;91.606;20153
2015.06.11;16:00:00;91.926;91.587;91.714;91.717;18280
2015.06.11;20:00:00;91.842;91.674;91.702;91.712;13496
2015.06.12;00:00:00;91.798;91.618;91.755;91.703;4886
2015.06.12;04:00:00;91.893;91.712;91.851;91.754;6386
2015.06.12;08:00:00;91.9;91.62;91.672;91.853;7909
2015.06.12;12:00:00;91.769;91.508;91.562;91.672;13897
2015.06.12;16:00:00;91.768;91.544;91.756;91.564;13376
2015.06.12;20:00:00;91.83;91.606;91.795;91.758;14238
2015.06.15;00:00:00;91.902;91.741;91.808;91.794;4486
2015.06.15;04:00:00;91.732;91.47;91.675;91.522;4890
2015.06.15;08:00:00;91.693;91.512;91.54;91.675;7678
2015.06.15;12:00:00;91.654;91.42;91.624;91.544;13885
2015.06.15;16:00:00;91.819;91.558;91.623;91.626;12708
2015.06.15;20:00:00;91.753;91.542;91.711;91.621;9921
2015.06.16;00:00:00;91.764;91.599;91.639;91.71;4453
2015.06.16;04:00:00;91.762;91.53;91.712;91.637;4632
2015.06.16;08:00:00;91.895;91.602;91.743;91.714;9207
2015.06.16;12:00:00;91.893;91.68;91.791;91.743;12379
2015.06.16;16:00:00;91.812;91.569;91.708;91.792;8983
2015.06.16;20:00:00;91.851;91.687;91.823;91.708;8328
2015.06.17;00:00:00;91.901;91.8;91.859;91.823;3207
2015.06.17;04:00:00;91.918;91.82;91.847;91.864;4056
2015.06.17;08:00:00;91.877;91.79;91.862;91.845;8258
2015.06.17;12:00:00;91.95;91.804;91.95;91.86;14748
2015.06.17;16:00:00;92.076;91.9;92.006;91.951;12017
2015.06.17;20:00:00;92.188;92.006;92.138;92.008;8175
2015.06.18;00:00:00;92.391;91.724;92.371;92.14;15959
2015.06.18;04:00:00;92.438;92.315;92.383;92.368;6551
2015.06.18;08:00:00;92.397;92.083;92.184;92.385;12547
2015.06.18;12:00:00;92.301;92.09;92.265;92.181;21798
2015.06.18;16:00:00;92.276;91.934;92.124;92.265;19168
2015.06.18;20:00:00;92.401;92.096;92.26;92.122;14651
2015.06.19;00:00:00;92.283;92.05;92.124;92.262;5901
2015.06.19;04:00:00;92.251;92.083;92.243;92.125;5938
2015.06.19;08:00:00;92.264;92.116;92.148;92.244;7851
2015.06.19;12:00:00;92.242;91.956;91.957;92.146;16475
2015.06.19;16:00:00;92.132;91.93;92.041;91.957;12922
2015.06.19;20:00:00;92.045;91.769;91.798;92.039;11656
2015.06.22;00:00:00;91.982;91.705;91.964;91.796;4483
2015.06.22;04:00:00;92.05;91.861;91.896;92.021;4804
2015.06.22;08:00:00;92.26;91.84;92.238;91.897;6869
2015.06.22;12:00:00;92.331;92.122;92.29;92.239;15611
2015.06.22;16:00:00;92.446;92.227;92.282;92.292;14301
2015.06.22;20:00:00;92.388;92.222;92.33;92.284;14180
2015.06.23;00:00:00;92.429;92.264;92.294;92.33;4283
2015.06.23;04:00:00;92.378;92.256;92.352;92.294;3964
2015.06.23;08:00:00;92.397;92.284;92.372;92.35;9702
2015.06.23;12:00:00;92.446;92.321;92.386;92.375;16852
2015.06.23;16:00:00;92.506;92.306;92.478;92.387;15004
2015.06.23;20:00:00;92.502;92.189;92.327;92.477;14534
2015.06.24;00:00:00;92.425;92.276;92.39;92.327;4718
2015.06.24;04:00:00;92.435;92.288;92.299;92.381;4523
2015.06.24;08:00:00;92.358;92.228;92.351;92.297;8714
2015.06.24;12:00:00;92.4;92.184;92.269;92.352;17413
2015.06.24;16:00:00;92.321;92.084;92.253;92.27;15735
2015.06.24;20:00:00;92.417;92.184;92.235;92.253;12846
2015.06.25;00:00:00;92.233;92.089;92.168;92.233;5376
2015.06.25;04:00:00;92.217;92.115;92.161;92.167;4475
2015.06.25;08:00:00;92.196;91.966;92.025;92.165;8653
2015.06.25;12:00:00;92.166;91.999;92.102;92.027;14565
2015.06.25;16:00:00;92.165;91.801;92.069;92.102;16303
2015.06.25;20:00:00;92.086;91.894;92.002;92.068;9626
2015.06.26;00:00:00;92.052;91.939;91.955;92;3511
2015.06.26;04:00:00;92.037;91.831;91.87;91.942;4121
2015.06.26;08:00:00;91.91;91.715;91.769;91.871;8562
2015.06.26;12:00:00;91.851;91.672;91.716;91.768;11598
2015.06.26;16:00:00;91.784;91.594;91.722;91.714;11639
2015.06.26;20:00:00;91.909;91.7;91.81;91.72;12377
2015.06.29;00:00:00;91.817;91.681;91.737;91.808;4297
2015.06.29;04:00:00;90.97;89.966;90.836;90.538;14602
2015.06.29;08:00:00;91.05;90.589;90.637;90.836;12227
2015.06.29;12:00:00;91.166;90.349;91.076;90.638;25387
2015.06.29;16:00:00;91.165;90.957;91.006;91.076;15876
2015.06.29;20:00:00;91.095;90.791;90.935;91.007;22391
2015.06.30;00:00:00;91.05;90.891;90.997;90.932;6143
2015.06.30;04:00:00;91.094;90.877;90.893;90.997;6582
2015.06.30;08:00:00;90.931;90.694;90.749;90.89;13310
2015.06.30;12:00:00;90.937;90.592;90.65;90.75;20452
2015.06.30;16:00:00;91.067;90.642;90.92;90.65;17954
2015.06.30;20:00:00;90.985;90.496;90.607;90.915;17524
2015.07.01;00:00:00;90.892;90.565;90.872;90.607;6937
2015.07.01;04:00:00;91.005;90.745;90.969;90.874;5519
2015.07.01;08:00:00;91.06;90.934;91.012;90.967;7443
2015.07.01;12:00:00;91.206;90.944;91.187;91.011;14897
2015.07.01;16:00:00;91.372;91.072;91.119;91.188;16973
2015.07.01;20:00:00;91.17;90.9;90.974;91.12;14784
2015.07.02;00:00:00;91.067;90.953;90.978;90.975;4535
2015.07.02;04:00:00;91.225;90.953;91.201;90.978;4632
2015.07.02;08:00:00;91.284;91.186;91.218;91.201;8357
2015.07.02;12:00:00;91.365;91.178;91.305;91.215;12661
2015.07.02;16:00:00;91.438;90.849;91.249;91.306;14779
2015.07.02;20:00:00;91.329;91.166;91.232;91.248;14646
2015.07.03;00:00:00;91.282;91.19;91.258;91.235;3412
2015.07.03;04:00:00;91.303;91.072;91.161;91.256;4593
2015.07.03;08:00:00;91.189;91.071;91.17;91.169;8399
2015.07.03;12:00:00;91.34;91.134;91.228;91.168;11533
2015.07.03;16:00:00;91.258;91.066;91.091;91.232;9564
2015.07.03;20:00:00;91.162;90.945;91.034;91.091;7094
2015.07.06;00:00:00;91.32;90.966;91.211;91.033;3576
2015.07.06;04:00:00;90.75;90.046;90.632;90.122;10012
2015.07.06;08:00:00;90.865;90.468;90.487;90.633;8744
2015.07.06;12:00:00;90.91;90.332;90.806;90.487;15955
2015.07.06;16:00:00;91.011;90.77;90.787;90.804;14445
2015.07.06;20:00:00;91.012;90.706;90.867;90.788;15164
2015.07.07;00:00:00;90.873;90.677;90.863;90.867;5024
2015.07.07;04:00:00;90.895;90.775;90.817;90.86;4331
2015.07.07;08:00:00;90.817;90.625;90.674;90.815;6567
2015.07.07;12:00:00;90.737;90.351;90.401;90.676;16616
2015.07.07;16:00:00;90.449;90.096;90.217;90.405;18607
2015.07.07;20:00:00;90.29;89.879;90.085;90.218;22060
2015.07.08;00:00:00;90.599;90.058;90.472;90.086;8334
2015.07.08;04:00:00;90.504;90.202;90.22;90.471;6485
2015.07.08;08:00:00;90.224;89.851;89.94;90.222;14765
2015.07.08;12:00:00;90.02;89.411;89.685;89.94;24070
2015.07.08;16:00:00;89.883;89.602;89.703;89.685;20196
2015.07.08;20:00:00;89.703;89.157;89.335;89.701;21262
2015.07.09;00:00:00;89.47;89.191;89.391;89.341;8152
2015.07.09;04:00:00;89.46;89.17;89.266;89.391;7316
2015.07.09;08:00:00;89.842;89.257;89.81;89.267;14205
2015.07.09;12:00:00;90.037;89.633;89.825;89.811;17563
2015.07.09;16:00:00;89.968;89.688;89.915;89.826;12726
2015.07.09;20:00:00;89.925;89.663;89.735;89.916;12934
2015.07.10;00:00:00;89.896;89.661;89.86;89.735;4775
2015.07.10;04:00:00;90.224;89.817;90.192;89.857;9422
2015.07.10;08:00:00;90.474;90.178;90.27;90.191;11939
2015.07.10;12:00:00;90.527;90.2;90.44;90.268;15129
2015.07.10;16:00:00;90.829;90.403;90.823;90.44;14373
2015.07.10;20:00:00;90.943;90.745;90.913;90.822;14565
2015.07.13;00:00:00;90.928;90.657;90.773;90.916;4412
2015.07.13;04:00:00;90.8;90.298;90.671;90.298;5798
2015.07.13;08:00:00;90.821;90.515;90.636;90.671;9757
2015.07.13;12:00:00;91.215;90.598;91.179;90.636;17548
2015.07.13;16:00:00;91.257;90.98;91.023;91.18;13010
2015.07.13;20:00:00;91.025;90.811;90.901;91.025;14223
2015.07.14;00:00:00;90.96;90.863;90.935;90.903;3956
2015.07.14;04:00:00;91.033;90.78;90.82;90.94;6251
2015.07.14;08:00:00;90.845;90.649;90.734;90.819;9780
2015.07.14;12:00:00;90.751;90.503;90.695;90.731;16672
2015.07.14;16:00:00;90.733;90.416;90.549;90.7;13151
2015.07.14;20:00:00;90.69;90.53;90.594;90.549;12603
2015.07.15;00:00:00;90.644;90.503;90.567;90.595;2885
2015.07.15;04:00:00;90.634;90.512;90.573;90.567;3038
2015.07.15;08:00:00;90.82;90.559;90.613;90.573;6320
2015.07.15;12:00:00;90.687;90.501;90.636;90.612;11821
2015.07.15;16:00:00;90.764;90.578;90.665;90.637;10487
2015.07.15;20:00:00;90.728;90.593;90.649;90.667;15913
2015.07.16;00:00:00;90.651;90.464;90.576;90.651;3290
2015.07.16;04:00:00;90.8;90.526;90.664;90.573;5065
2015.07.16;08:00:00;90.688;90.477;90.552;90.663;8894
2015.07.16;12:00:00;90.678;90.482;90.67;90.553;14860
2015.07.16;16:00:00;90.855;90.63;90.75;90.669;14086
2015.07.16;20:00:00;90.875;90.696;90.833;90.75;11829
2015.07.17;00:00:00;90.848;90.765;90.804;90.832;3006
2015.07.17;04:00:00;90.865;90.744;90.817;90.806;2775
2015.07.17;08:00:00;90.841;90.72;90.743;90.817;3515
2015.07.17;12:00:00;90.881;90.703;90.857;90.746;7885
2015.07.17;16:00:00;90.924;90.652;90.722;90.859;10560
2015.07.17;20:00:00;90.774;90.642;90.71;90.726;8891
2015.07.20;00:00:00;90.732;90.657;90.662;90.711;2253
2015.07.20;04:00:00;90.72;90.592;90.597;90.602;2378
2015.07.20;08:00:00;90.652;90.415;90.481;90.598;6445
2015.07.20;12:00:00;90.619;90.474;90.556;90.48;11732
2015.07.20;16:00:00;90.59;90.405;90.582;90.557;12763
2015.07.20;20:00:00;90.693;90.462;90.639;90.583;12449
2015.07.21;00:00:00;90.652;90.558;90.58;90.638;3294
2015.07.21;04:00:00;90.663;90.502;90.645;90.503;3637
2015.07.21;08:00:00;90.819;90.586;90.791;90.64;9150
2015.07.21;12:00:00;90.909;90.752;90.84;90.792;14943
2015.07.21;16:00:00;91.063;90.794;91.015;90.841;13862
2015.07.21;20:00:00;91.055;90.769;90.835;91.015;14770
2015.07.22;00:00:00;90.905;90.774;90.809;90.833;4233
2015.07.22;04:00:00;90.834;90.69;90.731;90.809;4778
2015.07.22;08:00:00;90.731;90.53;90.664;90.731;11730
2015.07.22;12:00:00;90.834;90.572;90.731;90.662;15944
2015.07.22;16:00:00;90.763;90.58;90.658;90.731;12965
2015.07.22;20:00:00;90.812;90.657;90.782;90.659;13476
2015.07.23;00:00:00;90.861;90.697;90.717;90.783;3277
2015.07.23;04:00:00;90.85;90.661;90.743;90.716;5232
2015.07.23;08:00:00;90.751;90.635;90.648;90.745;8808
2015.07.23;12:00:00;90.685;90.515;90.6;90.644;17348
2015.07.23;16:00:00;90.723;90.559;90.695;90.599;14093
2015.07.23;20:00:00;90.737;90.431;90.455;90.695;14342
2015.07.24;00:00:00;90.507;90.406;90.496;90.458;4185
2015.07.24;04:00:00;90.57;90.45;90.546;90.5;3697
2015.07.24;08:00:00;90.611;90.276;90.315;90.545;8300
2015.07.24;12:00:00;90.446;90.245;90.399;90.315;12641
2015.07.24;16:00:00;90.401;90.057;90.07;90.399;11048
2015.07.24;20:00:00;90.211;90.058;90.141;90.07;10989
2015.07.27;00:00:00;90.243;90.049;90.239;90.142;4221
2015.07.27;04:00:00;90.212;89.997;90.063;90.037;3771
2015.07.27;08:00:00;90.236;90.062;90.11;90.063;9061
2015.07.27;12:00:00;90.226;89.955;90.21;90.11;15438
2015.07.27;16:00:00;90.224;89.863;89.93;90.21;16107
2015.07.27;20:00:00;90.148;89.916;90.011;89.932;16587
2015.07.28;00:00:00;90.024;89.933;89.997;90.013;3829
2015.07.28;04:00:00;90.114;89.953;89.979;89.996;4222
2015.07.28;08:00:00;90.442;89.974;90.42;89.978;12920
2015.07.28;12:00:00;90.532;90.295;90.518;90.419;16478
2015.07.28;16:00:00;90.561;90.44;90.466;90.518;13405
2015.07.28;20:00:00;90.666;90.415;90.607;90.465;12482
2015.07.29;00:00:00;90.645;90.545;90.597;90.607;3685
2015.07.29;04:00:00;90.656;90.56;90.61;90.593;4987
2015.07.29;08:00:00;90.647;90.442;90.476;90.606;9021
2015.07.29;12:00:00;90.581;90.449;90.543;90.477;15358
2015.07.29;16:00:00;90.593;90.472;90.508;90.545;12300
2015.07.29;20:00:00;90.694;90.443;90.652;90.509;11337
2015.07.30;00:00:00;90.707;90.487;90.505;90.654;7712
2015.07.30;04:00:00;90.545;90.417;90.513;90.507;4901
2015.07.30;08:00:00;90.65;90.508;90.549;90.513;9096
2015.07.30;12:00:00;90.56;90.389;90.482;90.551;14279
2015.07.30;16:00:00;90.544;90.364;90.501;90.485;15614
2015.07.30;20:00:00;90.524;90.238;90.286;90.504;16198
2015.07.31;00:00:00;90.289;90.101;90.136;90.289;4048
2015.07.31;04:00:00;90.271;90.081;90.162;90.131;4719
2015.07.31;08:00:00;90.209;90.094;90.197;90.164;7025
2015.07.31;12:00:00;90.279;90.099;90.143;90.198;14213
2015.07.31;16:00:00;90.317;90.067;90.274;90.143;17925
2015.07.31;20:00:00;90.489;90.159;90.318;90.276;20984
2015.08.03;00:00:00;90.322;89.937;89.937;90.315;4861
2015.08.03;04:00:00;90.292;90.162;90.194;90.183;3411
2015.08.03;08:00:00;90.247;90.075;90.111;90.193;7319
2015.08.03;12:00:00;90.134;89.988;90.035;90.109;14841
2015.08.03;16:00:00;90.151;90.004;90.069;90.034;12173
2015.08.03;20:00:00;90.101;89.801;89.815;90.068;14249
2015.08.04;00:00:00;89.889;89.787;89.871;89.817;4837
2015.08.04;04:00:00;89.897;89.714;89.734;89.868;4412
2015.08.04;08:00:00;89.823;89.715;89.821;89.733;9979
2015.08.04;12:00:00;89.986;89.746;89.963;89.822;18069
2015.08.04;16:00:00;90;89.9;89.936;89.963;14040
2015.08.04;20:00:00;89.997;89.822;89.853;89.943;12714
2015.08.05;00:00:00;89.948;89.8;89.945;89.854;7965
2015.08.05;04:00:00;89.958;89.787;89.817;89.945;5391
2015.08.05;08:00:00;89.822;89.595;89.641;89.817;9838
2015.08.05;12:00:00;89.736;89.595;89.712;89.64;14390
2015.08.05;16:00:00;89.764;89.514;89.725;89.713;15204
2015.08.05;20:00:00;90.098;89.691;90.038;89.724;21683
2015.08.06;00:00:00;90.138;89.96;90.098;90.036;6049
2015.08.06;04:00:00;90.172;90.023;90.127;90.094;4958
2015.08.06;08:00:00;90.148;89.98;90.021;90.127;8341
2015.08.06;12:00:00;90.167;89.962;89.974;90.021;12850
2015.08.06;16:00:00;90.069;89.766;90.007;89.974;15700
2015.08.06;20:00:00;90.038;89.839;89.949;90.008;12600
2015.08.07;00:00:00;90.071;89.944;90.021;89.949;3526
2015.08.07;04:00:00;90.043;89.903;89.903;90.023;2985
2015.08.07;08:00:00;89.958;89.829;89.89;89.902;6142
2015.08.07;12:00:00;89.961;89.868;89.895;89.891;7073
2015.08.07;16:00:00;90.093;89.645;89.863;89.897;10905
2015.08.07;20:00:00;89.866;89.518;89.581;89.863;17263
2015.08.10;00:00:00;89.663;89.524;89.554;89.579;3608
2015.08.10;04:00:00;89.684;89.527;89.659;89.573;2883
2015.08.10;08:00:00;89.751;89.628;89.739;89.659;4928
2015.08.10;12:00:00;89.85;89.688;89.77;89.741;9983
2015.08.10;16:00:00;89.865;89.728;89.786;89.77;9081
2015.08.10;20:00:00;90.059;89.773;90.03;89.786;10103
2015.08.11;00:00:00;90.144;89.965;89.997;90.03;3557
2015.08.11;04:00:00;90.203;89.796;90.197;90;3965
2015.08.11;08:00:00;90.216;88.981;89.092;90.197;13727
2015.08.11;12:00:00;89.245;88.068;89.088;89.093;14939
2015.08.11;16:00:00;89.297;88.98;89.213;89.088;11681
2015.08.11;20:00:00;89.213;88.738;89.053;89.213;13666
2015.08.12;00:00:00;89.218;89.023;89.164;89.051;4282
2015.08.12;04:00:00;89.203;89.028;89.169;89.164;4958
2015.08.12;08:00:00;89.184;88.311;88.332;89.169;12229
2015.08.12;12:00:00;88.503;87.889;88.247;88.332;19473
2015.08.12;16:00:00;88.587;88.181;88.236;88.249;14221
2015.08.12;20:00:00;88.438;88.023;88.17;88.236;15991
2015.08.13;00:00:00;88.681;88.147;88.665;88.163;7067
2015.08.13;04:00:00;88.82;88.554;88.782;88.662;4634
2015.08.13;08:00:00;89.435;88.364;88.989;88.782;11912
2015.08.13;12:00:00;89.169;88.962;89.167;88.992;10958
2015.08.13;16:00:00;89.173;88.69;88.808;89.166;11841
2015.08.13;20:00:00;88.919;88.662;88.904;88.808;11486
2015.08.14;00:00:00;88.995;88.873;88.934;88.905;5323
2015.08.14;04:00:00;88.934;88.663;88.916;88.934;3338
2015.08.14;08:00:00;89.018;88.289;88.51;88.914;8738
2015.08.14;12:00:00;88.605;88.393;88.442;88.513;9922
2015.08.14;16:00:00;88.479;88.309;88.411;88.444;10124
2015.08.14;20:00:00;88.542;88.249;88.289;88.412;11788
2015.08.17;00:00:00;88.33;88.213;88.243;88.289;3622
2015.08.17;04:00:00;88.319;88.046;88.055;88.154;2502
2015.08.17;08:00:00;88.313;88.038;88.193;88.055;5815
2015.08.17;12:00:00;88.267;88.123;88.238;88.191;8497
2015.08.17;16:00:00;88.278;88.119;88.181;88.235;8090
2015.08.17;20:00:00;88.33;88.077;88.225;88.181;9551
2015.08.18;00:00:00;88.298;88.158;88.234;88.225;5394
2015.08.18;04:00:00;88.326;88.168;88.203;88.237;2677
2015.08.18;08:00:00;88.448;88.186;88.324;88.201;7208
2015.08.18;12:00:00;88.395;88.236;88.38;88.324;9888
2015.08.18;16:00:00;88.581;88.33;88.389;88.381;10973
2015.08.18;20:00:00;88.5;88.351;88.464;88.39;10590
2015.08.19;00:00:00;88.518;88.338;88.512;88.463;3831
2015.08.19;04:00:00;88.6;88.372;88.574;88.511;3648
2015.08.19;08:00:00;88.618;88.348;88.49;88.574;6857
2015.08.19;12:00:00;88.552;88.387;88.402;88.49;9610
2015.08.19;16:00:00;88.559;88.343;88.401;88.403;9774
2015.08.19;20:00:00;88.463;87.983;88.038;88.401;12471
2015.08.20;00:00:00;88.647;88.03;88.103;88.038;12951
2015.08.20;04:00:00;88.461;88.051;88.353;88.102;5502
2015.08.20;08:00:00;88.435;88.194;88.296;88.353;7029
2015.08.20;12:00:00;88.392;88.013;88.046;88.296;11815
2015.08.20;16:00:00;88.241;87.938;88.136;88.047;11922
2015.08.20;20:00:00;88.161;87.795;87.811;88.136;15608
2015.08.21;00:00:00;87.886;87.711;87.851;87.81;7040
2015.08.21;04:00:00;87.891;87.697;87.81;87.851;4454
2015.08.21;08:00:00;87.809;87.066;87.155;87.809;11737
2015.08.21;12:00:00;87.295;87.042;87.229;87.156;12507
2015.08.21;16:00:00;87.363;87.004;87.251;87.227;14205
2015.08.21;20:00:00;87.287;86.498;86.535;87.251;19636
2015.08.24;00:00:00;86.886;86.502;86.53;86.535;11215
2015.08.24;04:00:00;86.488;85.738;85.983;86.328;10434
2015.08.24;08:00:00;85.985;85.139;85.674;85.98;20529
2015.08.24;12:00:00;85.747;85.111;85.277;85.673;21205
2015.08.24;16:00:00;85.338;84.386;84.608;85.278;20644
2015.08.24;20:00:00;84.603;82.193;84.432;84.603;34873
2015.08.25;00:00:00;84.776;83.754;83.809;84.432;19605
2015.08.25;04:00:00;84.376;83.695;84.251;83.807;10852
2015.08.25;08:00:00;85.357;84.201;84.908;84.251;21904
2015.08.25;12:00:00;85.541;84.378;85.339;84.907;25569
2015.08.25;16:00:00;86.116;85.303;85.66;85.34;25225
2015.08.25;20:00:00;85.695;85.274;85.338;85.66;22941
2015.08.26;00:00:00;85.36;84.265;84.416;85.345;16774
2015.08.26;04:00:00;84.866;84.23;84.5;84.4;12249
2015.08.26;08:00:00;85.313;84.36;85.267;84.5;17989
2015.08.26;12:00:00;85.522;84.98;85.147;85.273;20428
2015.08.26;16:00:00;85.288;84.989;85.196;85.147;18468
2015.08.26;20:00:00;85.249;84.43;84.647;85.197;27446
2015.08.27;00:00:00;85.239;84.634;85.129;84.647;16276
2015.08.27;04:00:00;85.488;85.045;85.338;85.129;8835
2015.08.27;08:00:00;85.712;85.299;85.318;85.337;13197
2015.08.27;12:00:00;85.996;85.261;85.838;85.317;18613
2015.08.27;16:00:00;85.937;85.599;85.865;85.835;13349
2015.08.27;20:00:00;86.6;85.801;86.511;85.867;22191
2015.08.28;00:00:00;86.537;85.982;86.372;86.511;14627
2015.08.28;04:00:00;86.537;86.277;86.503;86.369;5435
2015.08.28;08:00:00;86.626;86.012;86.19;86.503;10719
2015.08.28;12:00:00;86.348;85.822;85.941;86.19;13331
2015.08.28;16:00:00;85.976;85.614;85.676;85.942;13513
2015.08.28;20:00:00;86.193;85.648;86.181;85.676;17021
2015.08.31;00:00:00;86.214;85.984;86.201;86.181;8252
2015.08.31;04:00:00;86.192;85.569;85.713;86.156;7402
2015.08.31;08:00:00;85.867;85.41;85.493;85.713;10266
2015.08.31;12:00:00;85.745;85.447;85.717;85.493;9620
2015.08.31;16:00:00;85.818;85.69;85.739;85.718;7055
2015.08.31;20:00:00;85.893;85.603;85.769;85.739;10241
2015.09.01;00:00:00;85.919;85.709;85.741;85.77;5524
2015.09.01;04:00:00;85.823;85.512;85.63;85.743;5227
2015.09.01;08:00:00;85.805;85.402;85.687;85.628;12329
2015.09.01;12:00:00;85.783;84.748;84.894;85.688;19420
2015.09.01;16:00:00;85.148;84.619;84.671;84.893;17093
2015.09.01;20:00:00;84.997;84.592;84.679;84.674;20633
2015.09.02;00:00:00;84.794;84.291;84.358;84.681;13153
2015.09.02;04:00:00;85.198;84.245;85.102;84.354;11264
2015.09.02;08:00:00;85.16;84.735;84.93;85.103;15462
2015.09.02;12:00:00;84.973;84.456;84.606;84.929;16984
2015.09.02;16:00:00;84.922;84.374;84.915;84.607;16742
2015.09.02;20:00:00;84.925;84.533;84.768;84.916;15881
2015.09.03;00:00:00;84.9;84.683;84.887;84.768;6482
2015.09.03;04:00:00;85.12;84.829;84.98;84.887;4994
2015.09.03;08:00:00;85.074;84.792;84.961;84.977;9547
2015.09.03;12:00:00;84.964;84.788;84.818;84.961;11875
2015.09.03;16:00:00;84.901;84.621;84.723;84.819;13136
2015.09.03;20:00:00;85.077;84.413;84.524;84.726;18500
2015.09.04;00:00:00;84.682;84.362;84.648;84.524;7894
2015.09.04;04:00:00;84.774;84.384;84.395;84.647;6788
2015.09.04;08:00:00;84.532;83.882;83.991;84.395;14088
2015.09.04;12:00:00;84.283;83.81;83.94;83.991;15200
2015.09.04;16:00:00;84.216;83.391;83.686;83.94;13592
2015.09.04;20:00:00;83.844;83.384;83.421;83.689;18067
2015.09.07;00:00:00;83.497;83.308;83.447;83.422;6100
2015.09.07;04:00:00;83.715;83.299;83.545;83.391;8497
2015.09.07;08:00:00;83.928;83.479;83.592;83.545;15176
2015.09.07;12:00:00;83.633;83.443;83.49;83.592;12806
2015.09.07;16:00:00;83.599;83.339;83.515;83.49;8021
2015.09.07;20:00:00;83.563;83.413;83.446;83.517;3703
2015.09.08;00:00:00;83.499;83.418;83.423;83.447;1496
2015.09.08;04:00:00;83.647;83.382;83.429;83.421;4103
2015.09.08;08:00:00;83.506;83.208;83.382;83.429;12860
2015.09.08;12:00:00;84.315;83.271;84.193;83.382;17435
2015.09.08;16:00:00;84.486;84.177;84.453;84.19;11096
2015.09.08;20:00:00;84.481;84.22;84.332;84.453;12861
2015.09.09;00:00:00;84.526;84.332;84.392;84.333;4947
2015.09.09;04:00:00;84.833;84.352;84.825;84.389;6458
2015.09.09;08:00:00;85.097;84.724;84.916;84.822;12518
2015.09.09;12:00:00;85.277;84.788;84.889;84.917;17232
2015.09.09;16:00:00;85.373;84.837;85.364;84.889;13664
2015.09.09;20:00:00;85.581;85.299;85.422;85.364;18014
2015.09.10;00:00:00;85.446;84.862;84.917;85.422;9985
2015.09.10;04:00:00;84.963;84.243;84.424;84.888;9746
2015.09.10;08:00:00;85.157;84.185;84.699;84.425;15209
2015.09.10;12:00:00;85.364;84.633;85.208;84.699;19799
2015.09.10;16:00:00;85.613;85.118;85.17;85.208;19218
2015.09.10;20:00:00;85.356;85.109;85.128;85.17;19128
2015.09.11;00:00:00;85.342;85.089;85.222;85.127;7699
2015.09.11;04:00:00;85.543;85.209;85.409;85.225;7038
2015.09.11;08:00:00;85.791;85.412;85.473;85.412;8059
2015.09.11;12:00:00;85.475;84.99;85.094;85.471;13463
2015.09.11;16:00:00;85.243;84.983;85.068;85.089;10533
2015.09.11;20:00:00;85.319;85.033;85.307;85.067;13665
2015.09.14;00:00:00;85.312;85.023;85.023;85.305;4488
2015.09.14;04:00:00;85.624;85.103;85.49;85.124;5984
2015.09.14;08:00:00;85.59;85.063;85.241;85.49;14223
2015.09.14;12:00:00;85.39;85.132;85.272;85.243;17022
2015.09.14;16:00:00;85.47;85.227;85.274;85.271;10966
2015.09.14;20:00:00;85.318;85.121;85.219;85.274;11972
2015.09.15;00:00:00;85.34;85.178;85.331;85.222;4147
2015.09.15;04:00:00;86.114;85.276;86.045;85.331;7428
2015.09.15;08:00:00;86.045;85.446;85.548;86.045;11980
2015.09.15;12:00:00;85.583;85.053;85.232;85.545;17381
2015.09.15;16:00:00;85.422;85.166;85.297;85.23;10872
2015.09.15;20:00:00;85.772;85.28;85.742;85.295;11790
2015.09.16;00:00:00;85.832;85.699;85.747;85.741;5708
2015.09.16;04:00:00;85.932;85.654;85.916;85.75;5257
2015.09.16;08:00:00;85.963;85.627;85.653;85.916;9238
2015.09.16;12:00:00;85.993;85.599;85.832;85.652;12567
2015.09.16;16:00:00;86.073;85.668;86.015;85.83;11285
2015.09.16;20:00:00;86.373;85.933;86.316;86.017;12735
2015.09.17;00:00:00;86.326;86.166;86.21;86.316;4872
2015.09.17;04:00:00;86.338;85.973;85.976;86.222;4884
2015.09.17;08:00:00;86.204;85.954;86.204;85.98;8170
2015.09.17;12:00:00;86.539;86.195;86.277;86.206;11111
2015.09.17;16:00:00;86.436;86.221;86.359;86.28;5158
2015.09.17;20:00:00;86.449;86.162;86.438;86.361;6696
2015.09.18;00:00:00;86.551;85.61;85.733;86.439;19709
2015.09.18;04:00:00;85.996;85.366;85.534;85.728;7802
2015.09.18;08:00:00;85.95;85.432;85.531;85.531;11659
2015.09.18;12:00:00;85.836;85.379;85.632;85.53;14440
2015.09.18;16:00:00;85.835;85.497;85.782;85.631;12446
2015.09.18;20:00:00;85.969;85.649;85.723;85.785;13810
2015.09.21;00:00:00;85.744;85.444;85.444;85.723;7208
2015.09.21;04:00:00;85.643;85.208;85.21;85.48;4642
2015.09.21;08:00:00;85.319;85.022;85.031;85.211;6085
2015.09.21;12:00:00;85.455;85.002;85.346;85.033;11104
2015.09.21;16:00:00;85.506;85.314;85.37;85.343;9944
2015.09.21;20:00:00;85.466;85.165;85.204;85.37;10611
2015.09.22;00:00:00;85.421;85.2;85.411;85.201;5179
2015.09.22;04:00:00;85.443;85.169;85.2;85.41;4006
2015.09.22;08:00:00;85.222;85.049;85.168;85.2;6455
2015.09.22;12:00:00;85.252;84.545;84.648;85.167;15169
2015.09.22;16:00:00;84.673;84.335;84.41;84.647;16374
2015.09.22;20:00:00;84.685;84.311;84.499;84.409;15840
2015.09.23;00:00:00;84.737;84.454;84.716;84.499;5948
2015.09.23;04:00:00;84.797;84.528;84.688;84.724;4530
2015.09.23;08:00:00;84.777;84.062;84.118;84.686;10679
2015.09.23;12:00:00;84.525;83.887;84.458;84.119;16981
2015.09.23;16:00:00;84.58;84.316;84.322;84.457;12050
2015.09.23;20:00:00;84.549;83.998;84.214;84.323;15421
2015.09.24;00:00:00;84.332;84.092;84.244;84.215;7927
2015.09.24;04:00:00;84.378;84.097;84.218;84.241;5562
2015.09.24;08:00:00;84.316;83.911;84.135;84.217;12374
2015.09.24;12:00:00;84.344;84.037;84.189;84.137;14647
2015.09.24;16:00:00;84.212;83.532;83.571;84.189;17246
2015.09.24;20:00:00;84.131;83.379;83.906;83.571;20133
2015.09.25;00:00:00;84.377;83.841;84.368;83.904;10397
2015.09.25;04:00:00;84.498;84.123;84.389;84.361;9659
2015.09.25;08:00:00;84.461;84.11;84.425;84.387;13339
2015.09.25;12:00:00;84.953;84.317;84.938;84.425;17399
2015.09.25;16:00:00;85.079;84.783;84.872;84.935;15085
2015.09.25;20:00:00;84.891;84.599;84.625;84.872;17152
2015.09.28;00:00:00;84.736;84.396;84.492;84.624;8869
2015.09.28;04:00:00;84.515;84.18;84.412;84.437;7859
2015.09.28;08:00:00;84.47;84.154;84.21;84.412;10016
2015.09.28;12:00:00;84.309;84.102;84.12;84.21;19406
2015.09.28;16:00:00;84.122;83.922;84.101;84.122;18874
2015.09.28;20:00:00;84.141;83.732;83.796;84.102;20016
2015.09.29;00:00:00;83.973;83.702;83.863;83.794;7552
2015.09.29;04:00:00;83.904;83.438;83.519;83.865;6881
2015.09.29;08:00:00;83.569;83.344;83.362;83.519;12988
2015.09.29;12:00:00;83.979;83.261;83.875;83.36;23066
2015.09.29;16:00:00;83.952;83.747;83.903;83.875;14836
2015.09.29;20:00:00;84.072;83.629;83.739;83.903;23910
2015.09.30;00:00:00;83.839;83.589;83.762;83.741;8089
2015.09.30;04:00:00;84.1;83.736;84.065;83.762;7183
2015.09.30;08:00:00;84.098;83.82;84.077;84.064;12260
2015.09.30;12:00:00;84.486;84.03;84.412;84.075;18327
2015.09.30;16:00:00;84.53;84.226;84.296;84.412;15335
2015.09.30;20:00:00;84.326;83.896;83.952;84.295;20852
2015.10.01;00:00:00;84.24;83.95;84.173;83.95;6446
2015.10.01;04:00:00;84.227;84.015;84.188;84.174;5612
2015.10.01;08:00:00;84.381;84.104;84.249;84.191;14621
2015.10.01;12:00:00;84.279;83.979;83.998;84.249;15541
2015.10.01;16:00:00;84.1;83.771;83.829;83.998;17659
2015.10.01;20:00:00;83.927;83.513;83.659;83.83;21445
2015.10.02;00:00:00;83.802;83.601;83.731;83.658;6284
2015.10.02;04:00:00;83.773;83.639;83.679;83.735;5188
2015.10.02;08:00:00;83.706;83.434;83.519;83.68;13353
2015.10.02;12:00:00;83.757;83.487;83.694;83.519;15133
2015.10.02;16:00:00;83.89;83.077;83.153;83.694;17560
2015.10.02;20:00:00;83.533;82.747;83.425;83.153;33019
2015.10.05;00:00:00;83.734;83.395;83.587;83.424;12136
2015.10.05;04:00:00;83.813;83.6;83.692;83.674;6729
2015.10.05;08:00:00;83.802;83.604;83.708;83.69;12945
2015.10.05;12:00:00;84.175;83.64;84.164;83.706;18907
2015.10.05;16:00:00;84.689;84.151;84.323;84.165;14611
2015.10.05;20:00:00;84.765;84.294;84.659;84.321;13685
2015.10.06;00:00:00;84.847;84.637;84.676;84.658;6625
2015.10.06;04:00:00;84.733;84.482;84.554;84.68;4726
2015.10.06;08:00:00;84.649;84.484;84.643;84.553;9925
2015.10.06;12:00:00;84.65;84.07;84.32;84.644;18541
2015.10.06;16:00:00;84.438;84.244;84.363;84.321;12628
2015.10.06;20:00:00;84.595;84.322;84.556;84.364;14514
2015.10.07;00:00:00;84.68;84.539;84.638;84.557;6344
2015.10.07;04:00:00;84.641;84.24;84.46;84.635;5506
2015.10.07;08:00:00;84.512;84.04;84.405;84.461;17708
2015.10.07;12:00:00;84.915;84.401;84.749;84.405;19053
2015.10.07;16:00:00;85.287;84.73;85.029;84.75;13396
2015.10.07;20:00:00;85.187;84.813;84.988;85.029;16885
2015.10.08;00:00:00;85.048;84.849;84.881;84.988;7718
2015.10.08;04:00:00;85.066;84.759;85.018;84.885;4874
2015.10.08;08:00:00;85.126;84.678;84.696;85.019;11069
2015.10.08;12:00:00;84.874;84.653;84.672;84.696;14771
2015.10.08;16:00:00;84.878;84.623;84.847;84.673;14533
2015.10.08;20:00:00;85.065;84.771;85.004;84.847;12869
2015.10.09;00:00:00;85.366;84.979;85.308;85.004;9414
2015.10.09;04:00:00;85.486;85.22;85.437;85.31;5702
2015.10.09;08:00:00;85.653;85.34;85.557;85.437;9716
2015.10.09;12:00:00;86.061;85.464;86.026;85.556;12381
2015.10.09;16:00:00;86.28;85.939;86.181;86.023;11626
2015.10.09;20:00:00;86.279;86.055;86.076;86.183;12573
2015.10.12;00:00:00;86.154;85.962;85.971;86.076;3826
2015.10.12;04:00:00;86.067;85.6;85.671;85.885;3437
2015.10.12;08:00:00;85.743;85.556;85.722;85.671;8263
2015.10.12;12:00:00;85.907;85.705;85.884;85.723;7537
2015.10.12;16:00:00;85.99;85.769;85.889;85.886;7086
2015.10.12;20:00:00;85.924;85.674;85.721;85.888;6671
2015.10.13;00:00:00;85.762;85.651;85.707;85.72;2568
2015.10.13;04:00:00;85.767;85.459;85.484;85.7;3873
2015.10.13;08:00:00;85.547;85.279;85.36;85.484;8550
2015.10.13;12:00:00;85.566;85.273;85.331;85.361;11450
2015.10.13;16:00:00;85.499;85.284;85.324;85.332;10318
2015.10.13;20:00:00;85.548;85.254;85.39;85.326;10525
2015.10.14;00:00:00;85.442;85.244;85.295;85.389;3845
2015.10.14;04:00:00;86.006;85.039;85.444;85.296;6921
2015.10.14;08:00:00;85.842;85.385;85.725;85.444;9117
2015.10.14;12:00:00;86.264;85.651;86.028;85.725;14806
2015.10.14;16:00:00;86.24;85.993;86.129;86.027;12294
2015.10.14;20:00:00;86.261;85.957;86.085;86.128;15157
2015.10.15;00:00:00;86.169;85.828;86.108;86.087;9079
2015.10.15;04:00:00;86.388;85.721;86.279;86.11;6587
2015.10.15;08:00:00;86.589;86.153;86.269;86.28;11913
2015.10.15;12:00:00;86.374;85.66;85.919;86.267;17655
2015.10.15;16:00:00;85.95;85.619;85.822;85.921;16340
2015.10.15;20:00:00;85.887;85.656;85.872;85.821;16350
2015.10.16;00:00:00;86.201;85.873;86.131;85.873;5622
2015.10.16;04:00:00;86.307;85.968;86.052;86.134;6041
2015.10.16;08:00:00;86.263;85.931;86.031;86.05;8825
2015.10.16;12:00:00;86.223;85.937;86.032;86.032;13339
2015.10.16;16:00:00;86.119;85.916;86.115;86.03;13113
2015.10.16;20:00:00;86.342;86.057;86.202;86.117;13192
2015.10.19;00:00:00;86.286;86.126;86.224;86.204;3762
2015.10.19;04:00:00;86.265;85.974;86.048;86.173;3824
2015.10.19;08:00:00;86.415;85.814;86.247;86.048;10380
2015.10.19;12:00:00;86.345;86.108;86.241;86.245;12188
2015.10.19;16:00:00;86.297;86.066;86.083;86.243;13294
2015.10.19;20:00:00;86.153;85.993;86.024;86.082;11303
2015.10.20;00:00:00;86.052;85.938;85.956;86.023;4098
2015.10.20;04:00:00;86.002;85.784;85.988;85.958;4017
2015.10.20;08:00:00;86.054;85.918;85.964;85.987;6341
2015.10.20;12:00:00;86.192;85.835;85.926;85.964;12052
2015.10.20;16:00:00;86.149;85.852;86.138;85.926;9769
2015.10.20;20:00:00;86.191;85.976;86.124;86.14;10603
2015.10.21;00:00:00;86.136;86.024;86.085;86.124;4231
2015.10.21;04:00:00;86.24;86.017;86.183;86.082;3961
2015.10.21;08:00:00;86.271;86.076;86.147;86.183;6446
2015.10.21;12:00:00;86.154;85.879;86.087;86.148;11996
2015.10.21;16:00:00;86.138;86.004;86.043;86.092;9868
2015.10.21;20:00:00;86.123;85.886;85.991;86.044;10455
2015.10.22;00:00:00;86.007;85.853;85.902;85.991;5278
2015.10.22;04:00:00;85.964;85.813;85.899;85.903;3738
2015.10.22;08:00:00;86.054;85.72;85.828;85.902;8044
2015.10.22;12:00:00;86.027;85.813;85.916;85.826;11547
2015.10.22;16:00:00;86.082;85.842;86.054;85.918;12483
2015.10.22;20:00:00;86.524;86.019;86.489;86.054;14315
2015.10.23;00:00:00;86.54;86.407;86.475;86.489;3842
2015.10.23;04:00:00;87.031;86.357;86.989;86.47;5863
2015.10.23;08:00:00;87.147;86.848;87.041;86.989;8103
2015.10.23;12:00:00;87.044;86.554;86.598;87.042;12286
2015.10.23;16:00:00;87.085;86.528;86.757;86.599;11682
2015.10.23;20:00:00;86.81;86.618;86.68;86.759;14103
2015.10.25;23:00:00;86.841;86.615;86.821;86.677;4895
2015.10.26;00:00:00;86.819;86.629;86.668;86.645;117
2015.10.26;04:00:00;86.841;86.483;86.588;86.67;5374
2015.10.26;08:00:00;86.829;86.579;86.697;86.587;5997
2015.10.26;12:00:00;86.883;86.623;86.864;86.698;11601
2015.10.26;16:00:00;86.876;86.624;86.631;86.863;8197
2015.10.26;20:00:00;86.925;86.495;86.87;86.628;10386
2015.10.27;00:00:00;86.944;86.684;86.848;86.872;2932
2015.10.27;04:00:00;86.877;86.641;86.653;86.836;5097
2015.10.27;08:00:00;86.657;86.354;86.573;86.652;7802
2015.10.27;12:00:00;86.672;86.362;86.442;86.573;13579
2015.10.27;16:00:00;86.447;86.072;86.1;86.443;12937
2015.10.27;20:00:00;86.238;86.043;86.155;86.096;9247
2015.10.28;00:00:00;86.166;86.013;86.09;86.152;3132
2015.10.28;04:00:00;86.216;85.949;86.142;86.082;6291
2015.10.28;08:00:00;86.209;86.044;86.15;86.14;7774
2015.10.28;12:00:00;86.325;86.044;86.135;86.152;9938
2015.10.28;16:00:00;86.357;86.074;86.323;86.135;9659
2015.10.28;20:00:00;86.553;86.227;86.444;86.324;8791
2015.10.29;00:00:00;86.637;86.042;86.234;86.407;11267
2015.10.29;04:00:00;86.293;85.868;85.963;86.249;8208
2015.10.29;08:00:00;86.06;85.916;86.059;85.966;8771
2015.10.29;12:00:00;86.088;85.85;86.019;86.059;13127
2015.10.29;16:00:00;86.116;85.911;85.984;86.019;12985
2015.10.29;20:00:00;86.227;85.94;86.139;85.979;10878
2015.10.30;00:00:00;86.257;86.106;86.132;86.142;2897
2015.10.30;04:00:00;86.345;86.064;86.218;86.153;4716
2015.10.30;08:00:00;86.557;85.806;86.286;86.215;12586
2015.10.30;12:00:00;86.323;85.833;85.915;86.288;11968
2015.10.30;16:00:00;86.044;85.843;85.882;85.911;11075
2015.10.30;20:00:00;86.163;85.853;86.065;85.883;8698
2015.11.02;00:00:00;86.121;85.95;85.957;86.066;2827
2015.11.02;04:00:00;86.115;85.714;85.902;85.714;6442
2015.11.02;08:00:00;85.94;85.792;85.871;85.901;5704
2015.11.02;12:00:00;86.016;85.85;85.893;85.868;7977
2015.11.02;16:00:00;85.994;85.809;85.955;85.892;5675
2015.11.02;20:00:00;86.175;85.792;86.15;85.959;6054
2015.11.03;00:00:00;86.391;86.096;86.325;86.149;3014
2015.11.03;04:00:00;86.445;86.233;86.33;86.322;4356
2015.11.03;08:00:00;86.414;86.274;86.34;86.328;4136
2015.11.03;12:00:00;86.374;86.24;86.269;86.344;8896
2015.11.03;16:00:00;86.444;86.207;86.347;86.268;6818
2015.11.03;20:00:00;86.571;86.348;86.559;86.348;9414
2015.11.04;00:00:00;86.706;86.512;86.624;86.559;4580
2015.11.04;04:00:00;86.952;86.488;86.922;86.538;5849
2015.11.04;08:00:00;86.928;86.64;86.69;86.919;7935
2015.11.04;12:00:00;86.771;86.558;86.692;86.69;13427
2015.11.04;16:00:00;86.712;86.502;86.634;86.691;9548
2015.11.04;20:00:00;86.719;86.373;86.413;86.638;12554
2015.11.05;00:00:00;86.606;86.396;86.555;86.414;3542
2015.11.05;04:00:00;86.576;86.426;86.463;86.558;6519
2015.11.05;08:00:00;86.524;86.388;86.414;86.463;8524
2015.11.05;12:00:00;86.646;86.307;86.619;86.416;12829
2015.11.05;16:00:00;86.651;86.441;86.488;86.619;11153
2015.11.05;20:00:00;86.595;86.334;86.496;86.489;10188
2015.11.06;00:00:00;86.496;86.365;86.453;86.493;3453
2015.11.06;04:00:00;86.499;86.387;86.412;86.446;5476
2015.11.06;08:00:00;86.55;86.381;86.459;86.412;5254
2015.11.06;12:00:00;86.56;86.44;86.475;86.464;10048
2015.11.06;16:00:00;86.709;86.304;86.478;86.473;10366
2015.11.06;20:00:00;86.759;86.391;86.669;86.475;15239
2015.11.09;00:00:00;86.734;86.509;86.525;86.674;3424
2015.11.09;04:00:00;86.789;86.528;86.789;86.569;5295
2015.11.09;08:00:00;86.8;86.563;86.584;86.79;6815
2015.11.09;12:00:00;86.671;86.457;86.593;86.585;12509
2015.11.09;16:00:00;86.628;86.518;86.595;86.594;7913
2015.11.09;20:00:00;86.655;86.313;86.54;86.593;11977
2015.11.10;00:00:00;86.544;86.349;86.466;86.538;3570
2015.11.10;04:00:00;86.607;86.369;86.567;86.458;4653
2015.11.10;08:00:00;86.574;86.459;86.515;86.57;4799
2015.11.10;12:00:00;86.706;86.488;86.539;86.515;11585
2015.11.10;16:00:00;86.619;86.468;86.571;86.539;11195
2015.11.10;20:00:00;86.69;86.413;86.448;86.571;12260
2015.11.11;00:00:00;86.55;86.434;86.504;86.447;4399
2015.11.11;04:00:00;86.694;86.388;86.491;86.502;8308
2015.11.11;08:00:00;86.516;86.4;86.432;86.491;8218
2015.11.11;12:00:00;86.617;86.425;86.534;86.432;10439
2015.11.11;16:00:00;86.559;86.45;86.472;86.532;7914
2015.11.11;20:00:00;86.546;86.308;86.509;86.474;8896
2015.11.12;00:00:00;86.556;86.438;86.453;86.51;2819
2015.11.12;04:00:00;86.774;86.389;86.728;86.447;8134
2015.11.12;08:00:00;86.758;86.53;86.578;86.725;7459
2015.11.12;12:00:00;86.634;86.504;86.59;86.578;12687
2015.11.12;16:00:00;86.598;86.395;86.447;86.592;10819
2015.11.12;20:00:00;86.533;86.266;86.321;86.447;18750
2015.11.13;00:00:00;86.419;86.278;86.34;86.324;5075
2015.11.13;04:00:00;86.448;86.274;86.399;86.336;7606
2015.11.13;08:00:00;86.407;86.201;86.366;86.397;7183
2015.11.13;12:00:00;86.402;86.156;86.177;86.366;9367
2015.11.13;16:00:00;86.27;86.006;86.17;86.176;10439
2015.11.13;20:00:00;86.284;86.038;86.24;86.17;11480
2015.11.16;00:00:00;86.257;85.975;85.995;86.241;4366
2015.11.16;04:00:00;86.026;85.704;85.981;85.781;6632
2015.11.16;08:00:00;85.997;85.846;85.847;85.981;6454
2015.11.16;12:00:00;86.442;85.847;86.43;85.847;15283
2015.11.16;16:00:00;86.544;86.355;86.362;86.434;11201
2015.11.16;20:00:00;86.528;86.335;86.489;86.362;11997
2015.11.17;00:00:00;86.624;86.487;86.503;86.492;3735
2015.11.17;04:00:00;86.698;86.489;86.663;86.493;6501
2015.11.17;08:00:00;86.676;86.553;86.584;86.663;6590
2015.11.17;12:00:00;86.624;86.444;86.556;86.584;10926
2015.11.17;16:00:00;86.664;86.507;86.649;86.557;10627
2015.11.17;20:00:00;86.728;86.534;86.591;86.65;9905
2015.11.18;00:00:00;86.667;86.524;86.6;86.593;5347
2015.11.18;04:00:00;86.619;86.522;86.537;86.603;4731
2015.11.18;08:00:00;86.542;86.38;86.456;86.535;6802
2015.11.18;12:00:00;86.606;86.417;86.516;86.456;10929
2015.11.18;16:00:00;86.706;86.513;86.661;86.517;9251
2015.11.18;20:00:00;86.784;86.569;86.618;86.659;10074
2015.11.19;00:00:00;86.916;86.533;86.906;86.619;7091
2015.11.19;04:00:00;86.991;86.823;86.922;86.9;6288
2015.11.19;08:00:00;86.982;86.739;86.958;86.914;8166
2015.11.19;12:00:00;86.977;86.82;86.925;86.956;8631
2015.11.19;16:00:00;86.997;86.805;86.835;86.922;8211
2015.11.19;20:00:00;86.89;86.756;86.815;86.835;10212
2015.11.20;00:00:00;86.899;86.757;86.883;86.815;3297
2015.11.20;04:00:00;86.958;86.76;86.826;86.887;4691
2015.11.20;08:00:00;87.012;86.821;86.956;86.825;5453
2015.11.20;12:00:00;87.056;86.85;86.906;86.956;9552
2015.11.20;16:00:00;86.973;86.819;86.914;86.908;9089
2015.11.20;20:00:00;87.009;86.775;86.778;86.914;7824
2015.11.23;00:00:00;86.959;86.776;86.827;86.779;3043
2015.11.23;04:00:00;86.948;86.71;86.829;86.788;3244
2015.11.23;08:00:00;86.843;86.757;86.803;86.831;6050
2015.11.23;12:00:00;86.807;86.664;86.671;86.801;11437
2015.11.23;16:00:00;86.824;86.653;86.663;86.672;10519
2015.11.23;20:00:00;86.693;86.524;86.637;86.663;10999
2015.11.24;00:00:00;86.643;86.543;86.597;86.638;2711
2015.11.24;04:00:00;86.674;86.552;86.614;86.594;4918
2015.11.24;08:00:00;86.761;86.592;86.711;86.614;5153
2015.11.24;12:00:00;86.746;86.401;86.586;86.711;12407
2015.11.24;16:00:00;86.625;86.377;86.468;86.585;13941
2015.11.24;20:00:00;86.704;86.467;86.675;86.467;10267
2015.11.25;00:00:00;86.823;86.636;86.8;86.674;3910
2015.11.25;04:00:00;87.024;86.767;86.916;86.799;6889
2015.11.25;08:00:00;87.1;86.846;87.018;86.919;7023
2015.11.25;12:00:00;87.22;86.927;87.153;87.019;13551
2015.11.25;16:00:00;87.241;87.077;87.225;87.152;12497
2015.11.25;20:00:00;87.309;87.094;87.274;87.223;9596
2015.11.26;00:00:00;87.321;87.223;87.26;87.274;2753
2015.11.26;04:00:00;87.325;86.964;87.187;87.269;5132
2015.11.26;08:00:00;87.187;87.029;87.044;87.185;4760
2015.11.26;12:00:00;87.084;86.901;86.964;87.045;9312
2015.11.26;16:00:00;87.035;86.935;86.976;86.963;6305
2015.11.26;20:00:00;87.026;86.962;87.009;86.974;2865
2015.11.27;00:00:00;87.028;86.952;86.954;87.009;3562
2015.11.27;04:00:00;87.061;86.899;86.949;86.955;4307
2015.11.27;08:00:00;86.988;86.882;86.903;86.95;4411
2015.11.27;12:00:00;86.91;86.668;86.789;86.905;12621
2015.11.27;16:00:00;86.89;86.725;86.865;86.783;9146
2015.11.27;20:00:00;86.881;86.711;86.719;86.865;6328
2015.11.30;00:00:00;86.86;86.573;86.573;86.721;2564
2015.11.30;04:00:00;86.832;86.649;86.743;86.721;4622
2015.11.30;08:00:00;86.869;86.671;86.849;86.741;5456
2015.11.30;12:00:00;87.169;86.782;87.145;86.849;9133
2015.11.30;16:00:00;87.149;86.955;87.098;87.146;8547
2015.11.30;20:00:00;87.454;87.036;87.233;87.099;8444
2015.12.01;00:00:00;87.252;87.052;87.171;87.231;2910
2015.12.01;04:00:00;87.319;87.117;87.21;87.175;5136
2015.12.01;08:00:00;87.246;86.966;87.074;87.213;8705
2015.12.01;12:00:00;87.293;87.002;87.227;87.074;9638
2015.12.01;16:00:00;87.305;87.167;87.203;87.227;8584
2015.12.01;20:00:00;87.306;87.117;87.25;87.203;12050
2015.12.02;00:00:00;87.372;87.217;87.299;87.252;3579
2015.12.02;04:00:00;87.383;87.232;87.317;87.299;3693
2015.12.02;08:00:00;87.405;87.253;87.286;87.319;5510
2015.12.02;12:00:00;87.37;87.235;87.239;87.288;9997
2015.12.02;16:00:00;87.328;87.188;87.269;87.24;9995
2015.12.02;20:00:00;87.49;87.251;87.387;87.269;13155
2015.12.03;00:00:00;87.418;87.172;87.231;87.387;5939
2015.12.03;04:00:00;87.268;87.111;87.185;87.226;5122
2015.12.03;08:00:00;87.459;87.157;87.431;87.185;6930
2015.12.03;12:00:00;87.558;87.406;87.473;87.433;10489
2015.12.03;16:00:00;87.8;87.407;87.769;87.472;20280
2015.12.03;20:00:00;88.009;87.541;87.712;87.766;19505
2015.12.04;00:00:00;87.847;87.649;87.82;87.71;9842
2015.12.04;04:00:00;87.884;87.668;87.722;87.815;9088
2015.12.04;08:00:00;87.759;87.635;87.758;87.724;9561
2015.12.04;12:00:00;87.915;87.699;87.758;87.761;14201
2015.12.04;16:00:00;88.136;87.752;87.958;87.758;17474
2015.12.04;20:00:00;88.23;87.878;88.164;87.96;18358
2015.12.07;00:00:00;88.202;87.938;87.953;88.166;4751
2015.12.07;04:00:00;88.085;87.943;88.034;88.012;5652
2015.12.07;08:00:00;88.037;87.895;87.937;88.035;5671
2015.12.07;12:00:00;87.962;87.723;87.883;87.939;10176
2015.12.07;16:00:00;87.895;87.689;87.717;87.883;11742
2015.12.07;20:00:00;87.797;87.597;87.614;87.717;11709
2015.12.08;00:00:00;87.666;87.581;87.65;87.617;5363
2015.12.08;04:00:00;87.694;87.499;87.612;87.641;5575
2015.12.08;08:00:00;87.612;87.271;87.314;87.612;6597
2015.12.08;12:00:00;87.409;87.237;87.301;87.313;11999
2015.12.08;16:00:00;87.322;86.857;86.891;87.298;12579
2015.12.08;20:00:00;87.264;86.834;87.252;86.888;11197
2015.12.09;00:00:00;87.295;87.155;87.156;87.252;4965
2015.12.09;04:00:00;87.377;87.03;87.189;87.145;3977
2015.12.09;08:00:00;87.388;87.109;87.26;87.188;6412
2015.12.09;12:00:00;87.338;86.955;87.075;87.258;13616
2015.12.09;16:00:00;87.107;86.769;86.894;87.075;16722
2015.12.09;20:00:00;87.059;86.27;86.278;86.893;20728
2015.12.10;00:00:00;86.377;86.017;86.359;86.278;12611
2015.12.10;04:00:00;86.776;86.363;86.676;86.363;8533
2015.12.10;08:00:00;86.675;86.44;86.546;86.674;6872
2015.12.10;12:00:00;86.761;86.485;86.632;86.544;14073
2015.12.10;16:00:00;86.677;86.391;86.475;86.632;15437
2015.12.10;20:00:00;86.667;86.48;86.523;86.48;15509
2015.12.11;00:00:00;86.643;86.446;86.458;86.524;4797
2015.12.11;04:00:00;86.902;86.442;86.86;86.447;6563
2015.12.11;08:00:00;86.869;86.667;86.715;86.859;6100
2015.12.11;12:00:00;86.729;86.393;86.401;86.718;11810
2015.12.11;16:00:00;86.401;86.01;86.096;86.401;15816
2015.12.11;20:00:00;86.104;85.198;85.396;86.094;27028
2015.12.14;00:00:00;85.499;85.244;85.357;85.397;7136
2015.12.14;04:00:00;85.674;85.305;85.514;85.673;7600
2015.12.14;08:00:00;85.804;85.483;85.786;85.514;7181
2015.12.14;12:00:00;86.064;85.697;85.705;85.787;13243
2015.12.14;16:00:00;85.768;85.409;85.671;85.708;13954
2015.12.14;20:00:00;85.787;85.441;85.675;85.672;17741
2015.12.15;00:00:00;85.824;85.563;85.812;85.675;5461
2015.12.15;04:00:00;85.975;85.732;85.743;85.814;5539
2015.12.15;08:00:00;85.85;85.587;85.619;85.741;6191
2015.12.15;12:00:00;85.973;85.584;85.925;85.621;11501
2015.12.15;16:00:00;86.19;85.905;86.063;85.923;13001
2015.12.15;20:00:00;86.396;86.034;86.396;86.061;15537
