DATE;TIME;HIGH;LOW;CLOSE;OPEN;VOLUME
2015.04.27;12:00:00;15.9;15.782;15.836;15.825;2783
2015.04.27;16:00:00;15.856;15.666;15.669;15.834;5632
2015.04.27;20:00:00;15.725;15.573;15.695;15.666;5975
2015.04.28;00:00:00;15.713;15.686;15.71;15.695;594
2015.04.28;04:00:00;15.81;15.702;15.807;15.717;1696
2015.04.28;08:00:00;15.862;15.785;15.846;15.81;1473
2015.04.28;12:00:00;15.847;15.747;15.801;15.847;2767
2015.04.28;16:00:00;16.082;15.77;16.072;15.8;3752
2015.04.28;20:00:00;16.46;16.073;16.332;16.075;6839
2015.04.29;00:00:00;16.406;16.321;16.351;16.332;1016
2015.04.29;04:00:00;16.377;16.287;16.33;16.372;1975
2015.04.29;08:00:00;16.363;16.3;16.33;16.331;1564
2015.04.29;12:00:00;16.405;16.3;16.363;16.331;3140
2015.04.29;16:00:00;16.575;16.327;16.461;16.36;6264
2015.04.29;20:00:00;16.664;16.461;16.646;16.461;7919
2015.04.30;00:00:00;16.656;16.568;16.58;16.646;1329
2015.04.30;04:00:00;16.595;16.495;16.522;16.576;1378
2015.04.30;08:00:00;16.571;16.519;16.555;16.52;1134
2015.04.30;12:00:00;16.555;16.412;16.44;16.555;2692
2015.04.30;16:00:00;16.66;16.394;16.632;16.438;5862
2015.04.30;20:00:00;16.691;16.548;16.645;16.638;5046
2015.05.01;00:00:00;16.644;16.474;16.525;16.63;4876
2015.05.01;04:00:00;16.578;16.498;16.516;16.53;1554
2015.05.01;08:00:00;16.532;16.441;16.506;16.515;2123
2015.05.01;12:00:00;16.642;16.436;16.563;16.506;3844
2015.05.01;16:00:00;16.707;15.79;15.911;16.56;9321
2015.05.01;20:00:00;16.171;15.85;16.123;15.905;6944
2015.05.04;00:00:00;16.135;16.045;16.1;16.126;1433
2015.05.04;04:00:00;16.186;16.055;16.125;16.096;980
2015.05.04;08:00:00;16.175;16.12;16.14;16.126;869
2015.05.04;12:00:00;16.244;16.1;16.166;16.139;2370
2015.05.04;16:00:00;16.215;15.882;16.111;16.17;4182
2015.05.04;20:00:00;16.143;15.92;16.094;16.113;4605
2015.05.05;00:00:00;16.168;16.058;16.123;16.097;747
2015.05.05;04:00:00;16.254;16.113;16.237;16.129;1803
2015.05.05;08:00:00;16.335;16.216;16.329;16.239;1482
2015.05.05;12:00:00;16.356;16.28;16.325;16.326;1871
2015.05.05;16:00:00;16.734;16.241;16.603;16.325;5038
2015.05.05;20:00:00;16.658;16.358;16.414;16.605;4481
2015.05.06;00:00:00;16.439;16.346;16.37;16.41;855
2015.05.06;04:00:00;16.449;16.351;16.425;16.351;968
2015.05.06;08:00:00;16.43;16.353;16.423;16.425;1501
2015.05.06;12:00:00;16.446;16.318;16.365;16.425;2371
2015.05.06;16:00:00;16.682;16.337;16.652;16.365;5320
2015.05.06;20:00:00;16.647;16.492;16.519;16.647;4760
2015.05.07;00:00:00;16.532;16.487;16.52;16.515;705
2015.05.07;04:00:00;16.58;16.493;16.548;16.513;1098
2015.05.07;08:00:00;16.565;16.499;16.551;16.549;1697
2015.05.07;12:00:00;16.557;16.361;16.429;16.551;4170
2015.05.07;16:00:00;16.628;16.365;16.606;16.414;7471
2015.05.07;20:00:00;16.627;16.41;16.48;16.605;4763
2015.05.08;00:00:00;16.496;16.449;16.49;16.48;794
2015.05.08;04:00:00;16.535;16.344;16.39;16.495;1568
2015.05.08;08:00:00;16.455;16.37;16.45;16.39;1129
2015.05.08;12:00:00;16.46;16.178;16.242;16.45;4106
2015.05.08;16:00:00;16.465;16.15;16.359;16.242;6172
2015.05.08;20:00:00;16.4;16.264;16.3;16.359;3321
2015.05.11;00:00:00;16.311;16.27;16.3;16.3;756
2015.05.11;04:00:00;16.309;16.25;16.309;16.305;1342
2015.05.11;08:00:00;16.331;16.264;16.282;16.311;1384
2015.05.11;12:00:00;16.445;16.271;16.33;16.28;3296
2015.05.11;16:00:00;16.527;16.242;16.375;16.33;9178
2015.05.11;20:00:00;16.474;16.315;16.45;16.376;4402
2015.05.12;00:00:00;16.467;16.427;16.432;16.447;729
2015.05.12;04:00:00;16.479;16.395;16.41;16.412;1344
2015.05.12;08:00:00;16.428;16.394;16.425;16.41;1322
2015.05.12;12:00:00;16.437;16.355;16.401;16.425;2097
2015.05.12;16:00:00;16.533;16.352;16.464;16.4;3646
2015.05.12;20:00:00;16.499;16.187;16.274;16.464;4624
2015.05.13;00:00:00;16.289;16.236;16.289;16.277;712
2015.05.13;04:00:00;16.295;16.221;16.254;16.285;1142
2015.05.13;08:00:00;16.265;16.117;16.195;16.254;1523
2015.05.13;12:00:00;16.321;16.175;16.321;16.194;3141
2015.05.13;16:00:00;16.484;16.298;16.369;16.324;5777
2015.05.13;20:00:00;16.571;16.338;16.51;16.371;4372
2015.05.14;00:00:00;16.539;16.48;16.48;16.509;782
2015.05.14;04:00:00;16.53;16.466;16.487;16.482;1207
2015.05.14;08:00:00;16.592;16.487;16.527;16.489;1709
2015.05.14;12:00:00;16.702;16.499;16.642;16.525;3806
2015.05.14;16:00:00;17.096;16.627;17.089;16.642;8858
2015.05.14;20:00:00;17.2;17.021;17.13;17.094;6838
2015.05.15;00:00:00;17.147;17.06;17.07;17.131;1119
2015.05.15;04:00:00;17.137;17.078;17.099;17.099;1523
2015.05.15;08:00:00;17.147;17.045;17.129;17.101;2097
2015.05.15;12:00:00;17.223;17.082;17.179;17.129;3426
2015.05.15;16:00:00;17.464;17.169;17.441;17.175;7501
2015.05.15;20:00:00;17.549;17.335;17.409;17.443;5675
2015.05.18;00:00:00;17.432;17.386;17.425;17.407;941
2015.05.18;04:00:00;17.483;17.301;17.321;17.41;2064
2015.05.18;08:00:00;17.34;17.28;17.302;17.321;1330
2015.05.18;12:00:00;17.417;17.226;17.255;17.297;3247
2015.05.18;16:00:00;17.509;17.174;17.495;17.255;5578
2015.05.18;20:00:00;17.545;17.447;17.505;17.505;5549
2015.05.19;00:00:00;17.539;17.462;17.464;17.507;988
2015.05.19;04:00:00;17.694;17.442;17.443;17.455;1848
2015.05.19;08:00:00;17.712;17.445;17.69;17.445;2044
2015.05.19;12:00:00;17.745;17.62;17.682;17.693;2653
2015.05.19;16:00:00;17.709;17.543;17.589;17.683;4596
2015.05.19;20:00:00;17.716;17.585;17.654;17.59;3763
2015.05.20;00:00:00;17.689;17.605;17.68;17.65;815
2015.05.20;04:00:00;17.705;17.45;17.456;17.666;1666
2015.05.20;08:00:00;17.522;17.455;17.512;17.455;1424
2015.05.20;12:00:00;17.512;17.29;17.391;17.512;3869
2015.05.20;16:00:00;17.514;17.29;17.377;17.392;6179
2015.05.20;20:00:00;17.383;16.847;17.1;17.378;7295
2015.05.21;00:00:00;17.115;17.065;17.07;17.1;1078
2015.05.21;04:00:00;17.111;17.021;17.047;17.065;2220
2015.05.21;08:00:00;17.086;17.011;17.013;17.046;1155
2015.05.21;12:00:00;17.11;16.92;17.09;17.013;3833
2015.05.21;16:00:00;17.258;17.057;17.232;17.089;4359
2015.05.21;20:00:00;17.252;17.066;17.118;17.232;3966
2015.05.22;00:00:00;17.21;17.041;17.075;17.127;3836
2015.05.22;04:00:00;17.16;17.057;17.141;17.062;1069
2015.05.22;08:00:00;17.211;17.142;17.179;17.142;1313
2015.05.22;12:00:00;17.225;17.136;17.136;17.177;2745
2015.05.22;16:00:00;17.195;16.985;17.089;17.135;5250
2015.05.22;20:00:00;17.185;17.08;17.105;17.086;4202
2015.05.25;00:00:00;17.145;17.097;17.13;17.106;877
2015.05.25;04:00:00;17.15;17.08;17.102;17.12;955
2015.05.25;08:00:00;17.199;17.08;17.175;17.1;1311
2015.05.25;12:00:00;17.307;17.155;17.245;17.176;3101
2015.05.25;16:00:00;17.305;16.914;17.05;17.249;5868
2015.05.25;20:00:00;17.181;17.003;17.04;17.05;4079
2015.05.26;00:00:00;17.085;17.029;17.065;17.04;628
2015.05.26;04:00:00;17.072;16.981;17.052;16.994;1528
2015.05.26;08:00:00;17.065;16.995;17.023;17.048;1234
2015.05.26;12:00:00;17.079;16.988;17;17.024;1382
2015.05.26;16:00:00;17.086;16.98;17.065;17.001;1527
2015.05.26;20:00:00;17.156;17.049;17.091;17.069;1382
2015.05.27;00:00:00;17.111;17.012;17.04;17.075;1588
2015.05.27;04:00:00;17.058;17.016;17.023;17.04;1237
2015.05.27;08:00:00;17.041;16.72;16.77;17.021;5195
2015.05.27;12:00:00;16.87;16.625;16.78;16.77;6507
2015.05.27;16:00:00;16.793;16.715;16.727;16.772;4692
2015.05.27;20:00:00;16.747;16.69;16.73;16.727;879
2015.05.28;00:00:00;16.767;16.692;16.764;16.725;1229
2015.05.28;04:00:00;16.787;16.735;16.769;16.766;1484
2015.05.28;08:00:00;16.795;16.66;16.687;16.77;2564
2015.05.28;12:00:00;16.71;16.567;16.695;16.685;4962
2015.05.28;16:00:00;16.73;16.625;16.64;16.695;3103
2015.05.28;20:00:00;16.675;16.633;16.655;16.641;620
2015.05.29;00:00:00;16.715;16.627;16.695;16.655;1558
2015.05.29;04:00:00;16.715;16.646;16.652;16.695;1840
2015.05.29;08:00:00;16.757;16.601;16.64;16.654;2927
2015.05.29;12:00:00;16.745;16.52;16.557;16.639;4826
2015.05.29;16:00:00;16.703;16.53;16.669;16.556;4222
2015.05.29;20:00:00;16.692;16.64;16.665;16.67;901
2015.06.01;00:00:00;16.735;16.642;16.695;16.66;1136
2015.06.01;04:00:00;16.745;16.681;16.725;16.696;1330
2015.06.01;08:00:00;16.745;16.675;16.712;16.72;2301
2015.06.01;12:00:00;16.816;16.626;16.765;16.711;4823
2015.06.01;16:00:00;16.776;16.666;16.706;16.767;3227
2015.06.01;20:00:00;16.728;16.696;16.715;16.705;615
2015.06.02;00:00:00;16.783;16.606;16.66;16.66;1950
2015.06.02;04:00:00;16.7;16.642;16.685;16.658;1193
2015.06.02;08:00:00;16.695;16.585;16.635;16.687;2339
2015.06.02;12:00:00;17.154;16.58;17.109;16.633;5915
2015.06.02;16:00:00;17.108;16.654;16.695;17.098;7408
2015.06.02;20:00:00;16.748;16.678;16.725;16.695;718
2015.06.03;00:00:00;16.739;16.648;16.664;16.696;1020
2015.06.03;04:00:00;16.734;16.648;16.689;16.665;1681
2015.06.03;08:00:00;16.745;16.615;16.649;16.69;2783
2015.06.03;12:00:00;16.835;16.609;16.727;16.648;7011
2015.06.03;16:00:00;16.815;16.716;16.785;16.727;3992
2015.06.03;20:00:00;16.79;16.745;16.765;16.782;809
2015.06.04;00:00:00;16.79;16.726;16.765;16.744;1166
2015.06.04;04:00:00;16.775;16.716;16.74;16.766;1154
2015.06.04;08:00:00;16.742;16.575;16.63;16.741;2730
2015.06.04;12:00:00;16.705;16.469;16.567;16.63;6648
2015.06.04;16:00:00;16.623;16.381;16.482;16.576;5100
2015.06.04;20:00:00;16.538;16.475;16.48;16.48;1019
2015.06.05;00:00:00;16.505;16.39;16.465;16.475;1616
2015.06.05;04:00:00;16.514;16.455;16.484;16.464;1366
2015.06.05;08:00:00;16.503;16.374;16.449;16.48;4327
2015.06.05;12:00:00;16.475;16.199;16.271;16.45;6470
2015.06.05;16:00:00;16.3;16.1;16.143;16.271;4835
2015.06.05;20:00:00;16.2;16.1;16.1;16.144;967
2015.06.08;00:00:00;16.17;16.054;16.14;16.094;1475
2015.06.08;04:00:00;16.181;16.134;16.17;16.138;1439
2015.06.08;08:00:00;16.175;16.1;16.161;16.17;2630
2015.06.08;12:00:00;16.172;15.946;15.983;16.164;7225
2015.06.08;16:00:00;16.167;15.972;16.03;15.983;4629
2015.06.08;20:00:00;16.114;16.024;16.094;16.029;691
2015.06.09;00:00:00;16.126;16.01;16.1;16.062;2157
2015.06.09;04:00:00;16.123;16.05;16.088;16.099;2118
2015.06.09;08:00:00;16.129;16.064;16.085;16.09;3063
2015.06.09;12:00:00;16.094;15.971;16.007;16.088;2950
2015.06.09;16:00:00;16.019;15.906;15.985;16.004;3205
2015.06.09;20:00:00;16.009;15.948;15.95;15.985;965
2015.06.10;00:00:00;16.039;15.927;16.021;15.94;1579
2015.06.10;04:00:00;16.085;16.004;16.071;16.02;1487
2015.06.10;08:00:00;16.161;15.971;16.1;16.075;3342
2015.06.10;12:00:00;16.144;15.975;16.006;16.103;4144
2015.06.10;16:00:00;16.03;15.957;15.985;16.015;2687
2015.06.10;20:00:00;15.989;15.935;15.95;15.985;587
2015.06.11;00:00:00;16.039;15.918;15.992;15.935;1258
2015.06.11;04:00:00;16.085;15.967;16.074;15.989;2277
2015.06.11;08:00:00;16.155;16.039;16.138;16.071;3170
2015.06.11;12:00:00;16.215;16.043;16.069;16.14;4828
2015.06.11;16:00:00;16.09;15.956;15.984;16.065;3465
2015.06.11;20:00:00;16.015;15.978;16;15.985;599
2015.06.12;00:00:00;16.03;15.97;16.01;16;1109
2015.06.12;04:00:00;16.039;15.984;15.993;16.01;971
2015.06.12;08:00:00;16;15.82;15.863;16;2669
2015.06.12;12:00:00;16.055;15.79;15.945;15.859;5277
2015.06.12;16:00:00;16.01;15.842;16.01;15.944;2867
2015.06.12;20:00:00;16.045;15.977;16;16.009;615
2015.06.15;00:00:00;16.035;15.987;16.024;15.99;949
2015.06.15;04:00:00;16.031;15.943;15.975;16.021;1089
2015.06.15;08:00:00;15.985;15.867;15.93;15.974;2675
2015.06.15;12:00:00;15.965;15.814;15.94;15.93;3670
2015.06.15;16:00:00;15.94;15.85;15.869;15.94;2877
2015.06.15;20:00:00;15.953;15.861;15.945;15.865;529
2015.06.16;00:00:00;16.094;15.87;15.9;15.917;1890
2015.06.16;04:00:00;15.935;15.861;15.875;15.9;1217
2015.06.16;08:00:00;15.985;15.848;15.858;15.87;2596
2015.06.16;12:00:00;16.023;15.836;15.995;15.856;3635
2015.06.16;16:00:00;16.251;15.983;16.11;16;3475
2015.06.16;20:00:00;16.126;16.038;16.045;16.109;827
2015.06.17;00:00:00;16.059;16.009;16.035;16.055;1054
2015.06.17;04:00:00;16.075;16.016;16.045;16.033;944
2015.06.17;08:00:00;16.129;15.983;15.992;16.045;1831
2015.06.17;12:00:00;16.02;15.874;15.917;15.992;2847
2015.06.17;16:00:00;16.03;15.89;15.986;15.92;1763
2015.06.17;20:00:00;16.01;15.963;15.975;15.989;482
2015.06.18;00:00:00;16.015;15.954;15.98;15.973;776
2015.06.18;04:00:00;15.995;15.927;15.942;15.98;817
2015.06.18;08:00:00;15.989;15.907;15.945;15.94;1766
2015.06.18;12:00:00;16.062;15.94;16.001;15.947;1765
2015.06.18;16:00:00;16.078;15.936;16;16.003;2749
2015.06.18;20:00:00;16.254;15.935;16.076;16.001;5126
2015.06.19;00:00:00;16.135;16.039;16.123;16.067;1198
2015.06.19;04:00:00;16.199;16.117;16.178;16.12;1287
2015.06.19;08:00:00;16.32;16.142;16.274;16.172;3406
2015.06.19;12:00:00;16.436;16.183;16.358;16.284;5301
2015.06.19;16:00:00;16.399;16.112;16.164;16.358;3813
2015.06.19;20:00:00;16.177;16.115;16.123;16.164;611
2015.06.22;00:00:00;16.205;16.113;16.12;16.113;956
2015.06.22;04:00:00;16.149;16.09;16.136;16.117;1082
2015.06.22;08:00:00;16.161;16.065;16.135;16.14;2053
2015.06.22;12:00:00;16.195;16.085;16.155;16.135;2377
2015.06.22;16:00:00;16.181;15.879;16.112;16.158;2375
2015.06.22;20:00:00;16.126;16.066;16.07;16.116;507
2015.06.23;00:00:00;16.12;16.061;16.09;16.093;793
2015.06.23;04:00:00;16.11;16.062;16.071;16.09;466
2015.06.23;08:00:00;16.163;16.041;16.163;16.068;1798
2015.06.23;12:00:00;16.244;16.003;16.129;16.16;3553
2015.06.23;16:00:00;16.181;16.024;16.149;16.131;2818
2015.06.23;20:00:00;16.2;16.129;16.131;16.149;496
2015.06.24;00:00:00;16.187;16.12;16.148;16.132;912
2015.06.24;04:00:00;16.168;16.077;16.105;16.149;1330
2015.06.24;08:00:00;16.102;15.934;15.975;16.102;2246
2015.06.24;12:00:00;16.039;15.723;15.858;15.975;4624
2015.06.24;16:00:00;15.887;15.736;15.75;15.853;2781
2015.06.24;20:00:00;15.84;15.74;15.802;15.745;669
2015.06.25;00:00:00;15.845;15.75;15.78;15.814;1032
2015.06.25;04:00:00;15.855;15.773;15.828;15.78;1044
2015.06.25;08:00:00;15.906;15.764;15.895;15.826;2307
2015.06.25;12:00:00;15.91;15.768;15.892;15.895;3850
2015.06.25;16:00:00;15.905;15.805;15.885;15.888;2686
2015.06.25;20:00:00;15.89;15.794;15.848;15.889;585
2015.06.26;00:00:00;15.902;15.851;15.873;15.86;811
2015.06.26;04:00:00;15.941;15.866;15.905;15.87;989
2015.06.26;08:00:00;15.93;15.8;15.825;15.906;1989
2015.06.26;12:00:00;15.853;15.765;15.811;15.825;2964
2015.06.26;16:00:00;15.882;15.8;15.854;15.809;1714
2015.06.26;20:00:00;15.867;15.807;15.813;15.857;521
2015.06.29;00:00:00;15.875;15.823;15.836;15.824;847
2015.06.29;04:00:00;15.859;15.797;15.805;15.832;1196
2015.06.29;08:00:00;15.9;15.503;15.822;15.805;3924
2015.06.29;12:00:00;15.835;15.64;15.725;15.825;3394
2015.06.29;16:00:00;15.81;15.704;15.789;15.725;2770
2015.06.29;20:00:00;15.795;15.765;15.785;15.79;632
2015.06.30;00:00:00;16.04;15.829;15.855;15.926;2664
2015.06.30;04:00:00;15.925;15.856;15.908;15.857;1576
2015.06.30;08:00:00;15.933;15.788;15.8;15.91;2759
2015.06.30;12:00:00;15.909;15.744;15.783;15.8;3668
2015.06.30;16:00:00;15.821;15.67;15.725;15.78;3659
2015.06.30;20:00:00;15.75;15.68;15.742;15.726;782
2015.07.01;00:00:00;15.788;15.576;15.631;15.766;1638
2015.07.01;04:00:00;15.699;15.596;15.678;15.627;1676
2015.07.01;08:00:00;15.715;15.639;15.67;15.675;2881
2015.07.01;12:00:00;15.717;15.492;15.55;15.667;4005
2015.07.01;16:00:00;15.862;15.466;15.67;15.55;5875
2015.07.01;20:00:00;15.715;15.635;15.67;15.66;1126
2015.07.02;00:00:00;15.71;15.617;15.68;15.71;686
2015.07.02;04:00:00;15.71;15.665;15.69;15.68;1077
2015.07.02;08:00:00;15.703;15.567;15.618;15.69;2409
2015.07.02;12:00:00;15.635;15.52;15.543;15.617;2872
2015.07.02;16:00:00;15.669;15.53;15.6;15.543;2839
2015.07.02;20:00:00;15.605;15.506;15.511;15.605;609
2015.07.03;00:00:00;15.57;15.5;15.53;15.523;692
2015.07.03;04:00:00;15.575;15.522;15.529;15.53;683
2015.07.03;08:00:00;15.634;15.481;15.612;15.528;2416
2015.07.03;12:00:00;15.782;15.482;15.63;15.615;5169
2015.07.03;16:00:00;15.685;15.579;15.602;15.63;2293
2015.07.03;20:00:00;15.705;15.565;15.643;15.605;732
2015.07.06;00:00:00;15.68;15.6;15.615;15.639;613
2015.07.06;04:00:00;15.645;15.59;15.62;15.615;871
2015.07.06;08:00:00;15.696;15.61;15.66;15.615;1562
2015.07.06;12:00:00;15.706;15.622;15.649;15.657;1231
2015.07.06;16:00:00;15.687;15.616;15.67;15.651;974
2015.07.06;20:00:00;15.8;15.585;15.636;15.701;1775
2015.07.07;00:00:00;15.636;15.522;15.56;15.633;1010
2015.07.07;04:00:00;15.615;15.525;15.575;15.561;2281
2015.07.07;08:00:00;15.619;15.535;15.592;15.575;2221
2015.07.07;12:00:00;15.844;15.59;15.756;15.595;2877
2015.07.07;16:00:00;15.759;15.647;15.694;15.757;635
2015.07.07;20:00:00;15.719;15.661;15.689;15.668;908
2015.07.08;00:00:00;15.692;15.642;15.659;15.69;650
2015.07.08;04:00:00;15.683;15.597;15.645;15.656;1430
2015.07.08;08:00:00;15.66;15.019;15.087;15.645;6523
2015.07.08;12:00:00;15.125;14.655;15;15.083;8867
2015.07.08;16:00:00;15.104;14.995;14.998;15;1263
2015.07.08;20:00:00;15.14;14.872;14.93;15.016;2160
2015.07.09;00:00:00;14.955;14.795;14.807;14.93;1506
2015.07.09;04:00:00;15.025;14.75;15.01;14.81;3873
2015.07.09;08:00:00;15.246;14.835;15.079;15.01;6315
2015.07.09;12:00:00;15.243;15.061;15.195;15.08;4504
2015.07.09;16:00:00;15.235;15.061;15.087;15.195;1757
2015.07.09;20:00:00;15.143;15.006;15.108;15.119;1909
2015.07.10;00:00:00;15.398;15.055;15.373;15.11;2993
2015.07.10;04:00:00;15.553;15.281;15.304;15.373;4285
2015.07.10;08:00:00;15.525;15.299;15.423;15.3;4294
2015.07.10;12:00:00;15.449;15.316;15.387;15.429;2977
2015.07.10;16:00:00;15.46;15.359;15.375;15.386;782
2015.07.10;20:00:00;15.435;15.36;15.416;15.375;1253
2015.07.13;00:00:00;15.516;15.413;15.464;15.417;1335
2015.07.13;04:00:00;15.481;15.392;15.434;15.465;2051
2015.07.13;08:00:00;15.477;15.389;15.416;15.436;2485
2015.07.13;12:00:00;15.641;15.415;15.511;15.416;3652
2015.07.13;16:00:00;15.583;15.506;15.55;15.509;704
2015.07.13;20:00:00;15.882;15.488;15.522;15.529;1857
2015.07.14;00:00:00;15.552;15.432;15.47;15.521;1453
2015.07.14;04:00:00;15.492;15.363;15.442;15.47;3215
2015.07.14;08:00:00;15.544;15.295;15.375;15.443;3820
2015.07.14;12:00:00;15.515;15.337;15.473;15.375;2937
2015.07.14;16:00:00;15.521;15.458;15.48;15.476;583
2015.07.14;20:00:00;15.489;15.377;15.381;15.471;880
2015.07.15;00:00:00;15.426;15.37;15.395;15.38;942
2015.07.15;04:00:00;15.396;15.31;15.345;15.395;2353
2015.07.15;08:00:00;15.476;15.255;15.4;15.35;3314
2015.07.15;12:00:00;15.42;15.296;15.332;15.4;2197
2015.07.15;16:00:00;15.365;15.33;15.35;15.335;495
2015.07.15;20:00:00;15.375;15.317;15.343;15.317;794
2015.07.16;00:00:00;15.355;15.274;15.29;15.344;854
2015.07.16;04:00:00;15.321;15.265;15.3;15.29;1549
2015.07.16;08:00:00;15.315;14.981;15.079;15.3;4499
2015.07.16;12:00:00;15.119;14.996;15.1;15.075;3950
2015.07.16;16:00:00;15.11;15.055;15.085;15.105;643
2015.07.16;20:00:00;15.104;15.008;15.03;15.057;1003
2015.07.17;00:00:00;15.122;15.028;15.07;15.035;1325
2015.07.17;04:00:00;15.085;14.983;14.997;15.071;1838
2015.07.17;08:00:00;15.048;14.873;14.995;14.997;3783
2015.07.17;12:00:00;15.162;14.983;15;14.995;2401
2015.07.17;16:00:00;15.02;14.985;14.99;15.005;408
2015.07.17;20:00:00;15.015;14.959;15;14.959;698
2015.07.20;00:00:00;15.01;14.984;15;15;768
2015.07.20;04:00:00;15.029;14.957;14.965;14.998;2353
2015.07.20;08:00:00;14.992;14.848;14.852;14.963;3486
2015.07.20;12:00:00;14.918;14.83;14.885;14.85;3018
2015.07.20;16:00:00;14.89;14.845;14.85;14.88;531
2015.07.20;20:00:00;14.877;14.515;14.635;14.834;4024
2015.07.21;00:00:00;14.684;14.522;14.607;14.642;5063
2015.07.21;04:00:00;14.862;14.597;14.794;14.603;4213
2015.07.21;08:00:00;14.852;14.638;14.754;14.791;6190
2015.07.21;12:00:00;15.001;14.724;14.81;14.756;5136
2015.07.21;16:00:00;14.815;14.631;14.681;14.809;1451
2015.07.21;20:00:00;14.776;14.63;14.713;14.63;2922
2015.07.22;00:00:00;14.77;14.695;14.75;14.715;1481
2015.07.22;04:00:00;14.86;14.705;14.814;14.748;2792
2015.07.22;08:00:00;14.848;14.741;14.83;14.815;3180
2015.07.22;12:00:00;14.947;14.78;14.797;14.834;3320
2015.07.22;16:00:00;14.821;14.745;14.81;14.795;951
2015.07.22;20:00:00;14.857;14.707;14.707;14.818;1759
2015.07.23;00:00:00;14.747;14.62;14.659;14.71;2300
2015.07.23;04:00:00;14.785;14.64;14.78;14.658;3313
2015.07.23;08:00:00;14.79;14.615;14.727;14.775;3964
2015.07.23;12:00:00;14.885;14.664;14.75;14.728;4201
2015.07.23;16:00:00;14.79;14.746;14.78;14.75;641
2015.07.23;20:00:00;14.835;14.736;14.82;14.759;1551
2015.07.24;00:00:00;14.86;14.802;14.835;14.82;1529
2015.07.24;04:00:00;14.972;14.747;14.877;14.835;4085
2015.07.24;08:00:00;14.89;14.738;14.78;14.876;3470
2015.07.24;12:00:00;14.792;14.667;14.69;14.775;3315
2015.07.24;16:00:00;14.69;14.57;14.645;14.69;1198
2015.07.24;20:00:00;14.656;14.475;14.535;14.616;2435
2015.07.27;00:00:00;14.688;14.477;14.632;14.535;3213
2015.07.27;04:00:00;14.645;14.555;14.56;14.633;3288
2015.07.27;08:00:00;14.565;14.353;14.39;14.56;6113
2015.07.27;12:00:00;14.602;14.377;14.567;14.395;4960
2015.07.27;16:00:00;14.711;14.561;14.66;14.57;2231
2015.07.27;20:00:00;14.719;14.572;14.626;14.705;2907
2015.07.28;00:00:00;14.665;14.595;14.62;14.627;2627
2015.07.28;04:00:00;14.759;14.617;14.671;14.62;5637
2015.07.28;08:00:00;14.697;14.535;14.66;14.673;5032
2015.07.28;12:00:00;14.723;14.605;14.632;14.659;3648
2015.07.28;16:00:00;14.637;14.515;14.545;14.633;930
2015.07.28;20:00:00;14.605;14.522;14.552;14.522;2207
2015.07.29;00:00:00;14.638;14.547;14.609;14.55;1378
2015.07.29;04:00:00;14.638;14.559;14.607;14.606;2479
2015.07.29;08:00:00;14.698;14.527;14.66;14.612;3628
2015.07.29;12:00:00;14.693;14.625;14.654;14.669;3242
2015.07.29;16:00:00;14.68;14.646;14.67;14.655;519
2015.07.29;20:00:00;14.727;14.644;14.709;14.644;1375
2015.07.30;00:00:00;14.719;14.655;14.706;14.706;1349
2015.07.30;04:00:00;14.716;14.622;14.661;14.707;2392
2015.07.30;08:00:00;14.713;14.596;14.653;14.662;3504
2015.07.30;12:00:00;14.896;14.636;14.756;14.655;4338
2015.07.30;16:00:00;14.872;14.74;14.79;14.758;3128
2015.07.30;20:00:00;14.835;14.77;14.793;14.776;1163
2015.07.31;00:00:00;14.796;14.73;14.754;14.796;974
2015.07.31;04:00:00;14.757;14.614;14.65;14.754;3782
2015.07.31;08:00:00;14.747;14.588;14.726;14.647;4380
2015.07.31;12:00:00;14.823;14.704;14.725;14.724;4042
2015.07.31;16:00:00;14.755;14.706;14.728;14.719;606
2015.07.31;20:00:00;14.738;14.641;14.666;14.705;1548
2015.08.03;00:00:00;14.689;14.647;14.668;14.666;1414
2015.08.03;04:00:00;14.688;14.534;14.581;14.668;3484
2015.08.03;08:00:00;14.985;14.54;14.882;14.578;7158
2015.08.03;12:00:00;14.905;14.715;14.776;14.886;3528
2015.08.03;16:00:00;14.791;14.688;14.758;14.776;914
2015.08.03;20:00:00;14.773;14.667;14.708;14.766;1992
2015.08.04;00:00:00;14.763;14.7;14.738;14.708;1910
2015.08.04;04:00:00;14.753;14.668;14.688;14.738;2420
2015.08.04;08:00:00;14.718;14.637;14.688;14.688;3460
2015.08.04;12:00:00;14.703;14.451;14.455;14.69;3600
2015.08.04;16:00:00;14.523;14.413;14.508;14.455;1411
2015.08.04;20:00:00;14.503;14.365;14.443;14.45;2760
2015.08.05;00:00:00;14.523;14.413;14.508;14.443;2211
2015.08.05;04:00:00;14.59;14.503;14.548;14.506;3096
2015.08.05;08:00:00;14.65;14.506;14.613;14.548;3139
2015.08.05;12:00:00;14.627;14.531;14.548;14.618;2818
2015.08.05;16:00:00;14.601;14.489;14.573;14.546;1290
2015.08.05;20:00:00;14.573;14.497;14.543;14.565;1607
2015.08.06;00:00:00;14.56;14.509;14.547;14.543;1452
2015.08.06;04:00:00;14.551;14.488;14.527;14.545;2413
2015.08.06;08:00:00;14.693;14.512;14.644;14.527;4899
2015.08.06;12:00:00;14.644;14.512;14.583;14.644;3859
2015.08.06;16:00:00;14.598;14.556;14.582;14.586;595
2015.08.06;20:00:00;14.591;14.54;14.569;14.553;1643
2015.08.07;00:00:00;14.601;14.558;14.594;14.571;1108
2015.08.07;04:00:00;14.61;14.513;14.545;14.596;1556
2015.08.07;08:00:00;14.655;14.537;14.651;14.545;3264
2015.08.07;12:00:00;14.753;14.622;14.702;14.653;3557
2015.08.07;16:00:00;14.702;14.618;14.642;14.697;532
2015.08.07;20:00:00;14.667;14.625;14.661;14.64;1852
2015.08.10;00:00:00;14.688;14.652;14.661;14.665;1651
2015.08.10;04:00:00;14.809;14.651;14.767;14.661;2216
2015.08.10;08:00:00;14.921;14.585;14.87;14.764;7050
2015.08.10;12:00:00;15.008;14.829;14.859;14.872;5013
2015.08.10;16:00:00;14.864;14.74;14.797;14.857;1242
2015.08.10;20:00:00;14.847;14.725;14.842;14.751;1489
2015.08.11;00:00:00;14.908;14.818;14.894;14.842;970
2015.08.11;04:00:00;14.95;14.867;14.909;14.89;1972
2015.08.11;08:00:00;14.962;14.867;14.947;14.907;2927
2015.08.11;12:00:00;15.382;14.942;15.308;14.947;6900
2015.08.11;16:00:00;15.323;15.169;15.227;15.308;1025
2015.08.11;20:00:00;15.337;15.082;15.115;15.237;3280
2015.08.12;00:00:00;15.27;15.117;15.181;15.117;4354
2015.08.12;04:00:00;15.391;15.101;15.324;15.18;6417
2015.08.12;08:00:00;15.347;15.133;15.263;15.321;6487
2015.08.12;12:00:00;15.322;15.163;15.303;15.259;4320
2015.08.12;16:00:00;15.347;15.295;15.342;15.307;752
2015.08.12;20:00:00;15.366;15.142;15.246;15.31;3416
2015.08.13;00:00:00;15.275;15.15;15.236;15.241;2694
2015.08.13;04:00:00;15.36;15.21;15.322;15.234;4887
2015.08.13;08:00:00;15.524;15.272;15.502;15.323;6212
2015.08.13;12:00:00;15.576;15.468;15.488;15.502;5232
2015.08.13;16:00:00;15.529;15.481;15.517;15.487;682
2015.08.13;20:00:00;15.56;15.356;15.39;15.507;2947
2015.08.14;00:00:00;15.438;15.329;15.415;15.385;1977
2015.08.14;04:00:00;15.434;15.327;15.362;15.416;2988
2015.08.14;08:00:00;15.463;15.274;15.439;15.362;4136
2015.08.14;12:00:00;15.479;15.388;15.402;15.441;2932
2015.08.14;16:00:00;15.422;15.359;15.416;15.402;709
2015.08.14;20:00:00;15.422;15.341;15.362;15.395;2011
2015.08.17;00:00:00;15.428;15.331;15.394;15.361;1700
2015.08.17;04:00:00;15.468;15.379;15.454;15.396;2256
2015.08.17;08:00:00;15.518;15.418;15.5;15.454;3105
2015.08.17;12:00:00;15.597;15.159;15.197;15.501;5363
2015.08.17;16:00:00;15.237;15.173;15.232;15.197;592
2015.08.17;20:00:00;15.282;15.213;15.257;15.228;2634
2015.08.18;00:00:00;15.272;15.199;15.267;15.257;2788
2015.08.18;04:00:00;15.309;15.227;15.243;15.267;3022
2015.08.18;08:00:00;15.392;15.209;15.323;15.245;4213
2015.08.18;12:00:00;15.333;15.263;15.299;15.322;2803
2015.08.18;16:00:00;15.336;15.279;15.312;15.299;635
2015.08.18;20:00:00;15.338;15.252;15.274;15.305;1346
2015.08.19;00:00:00;15.302;15.236;15.276;15.273;1491
2015.08.19;04:00:00;15.284;15.155;15.224;15.275;2855
2015.08.19;08:00:00;15.24;14.705;14.742;15.226;5755
2015.08.19;12:00:00;14.904;14.709;14.837;14.743;4350
2015.08.19;16:00:00;14.877;14.812;14.867;14.835;825
2015.08.19;20:00:00;14.902;14.842;14.882;14.87;1304
2015.08.20;00:00:00;14.902;14.817;14.85;14.882;2141
2015.08.20;04:00:00;14.982;14.852;14.937;14.852;3803
2015.08.20;08:00:00;15.288;14.854;15.209;14.937;5427
2015.08.20;12:00:00;15.329;15.164;15.241;15.21;5095
2015.08.20;16:00:00;15.298;15.199;15.298;15.24;2441
2015.08.20;20:00:00;15.37;15.264;15.339;15.271;2143
2015.08.21;00:00:00;15.433;15.301;15.419;15.339;2925
2015.08.21;04:00:00;15.436;15.314;15.381;15.417;3767
2015.08.21;08:00:00;15.566;15.358;15.515;15.38;6869
2015.08.21;12:00:00;15.549;15.454;15.517;15.513;5799
2015.08.21;16:00:00;15.54;15.453;15.533;15.515;1320
2015.08.21;20:00:00;15.573;15.472;15.496;15.534;2926
2015.08.24;00:00:00;15.636;15.482;15.601;15.5;4362
2015.08.24;04:00:00;15.61;15.308;15.377;15.6;6639
2015.08.24;08:00:00;15.466;15.322;15.35;15.376;6638
2015.08.24;12:00:00;15.364;15.114;15.287;15.353;7797
2015.08.24;16:00:00;15.34;15.243;15.291;15.288;1201
2015.08.24;20:00:00;15.386;15.146;15.215;15.336;2981
2015.08.25;00:00:00;15.269;15.082;15.143;15.214;4497
2015.08.25;04:00:00;15.178;14.843;14.928;15.146;6486
2015.08.25;08:00:00;15.009;14.577;14.889;14.931;13764
2015.08.25;12:00:00;15.126;14.735;14.824;14.889;16730
2015.08.25;16:00:00;14.86;14.7;14.737;14.822;4078
2015.08.25;20:00:00;14.95;14.749;14.924;14.761;3135
2015.08.26;00:00:00;14.942;14.724;14.774;14.924;2651
2015.08.26;04:00:00;14.851;14.631;14.851;14.774;8181
2015.08.26;08:00:00;14.927;14.617;14.651;14.869;8677
2015.08.26;12:00:00;14.741;14.548;14.643;14.645;6971
2015.08.26;16:00:00;14.674;14.599;14.661;14.647;1417
2015.08.26;20:00:00;14.74;14.57;14.579;14.672;3133
2015.08.27;00:00:00;14.633;14.538;14.565;14.58;2552
2015.08.27;04:00:00;14.585;14.476;14.516;14.566;6058
2015.08.27;08:00:00;14.52;14.105;14.128;14.515;10299
2015.08.27;12:00:00;14.189;13.956;14.097;14.119;6955
2015.08.27;16:00:00;14.173;14.074;14.129;14.095;1219
2015.08.27;20:00:00;14.197;14.086;14.165;14.116;2999
2015.08.28;00:00:00;14.213;14.151;14.176;14.167;3285
2015.08.28;04:00:00;14.285;14.156;14.258;14.176;5140
2015.08.28;08:00:00;14.299;14.125;14.142;14.259;7755
2015.08.28;12:00:00;14.594;14.142;14.414;14.142;10168
2015.08.28;16:00:00;14.468;14.364;14.461;14.41;2514
2015.08.28;20:00:00;14.563;14.438;14.441;14.487;3495
2015.08.31;00:00:00;14.534;14.439;14.52;14.441;3303
2015.08.31;04:00:00;14.564;14.373;14.38;14.52;4830
2015.08.31;08:00:00;14.611;14.359;14.569;14.382;7076
2015.08.31;12:00:00;14.672;14.433;14.528;14.568;7266
2015.08.31;16:00:00;14.571;14.516;14.565;14.526;1204
2015.08.31;20:00:00;14.581;14.456;14.515;14.568;2590
2015.09.01;00:00:00;14.536;14.462;14.515;14.515;2326
2015.09.01;04:00:00;14.534;14.476;14.518;14.516;2597
2015.09.01;08:00:00;14.548;14.398;14.411;14.516;4420
2015.09.01;12:00:00;14.656;14.396;14.616;14.411;5260
2015.09.01;16:00:00;14.67;14.589;14.598;14.62;1262
2015.09.01;20:00:00;14.688;14.584;14.628;14.586;2182
2015.09.02;00:00:00;14.666;14.591;14.648;14.626;2472
2015.09.02;04:00:00;14.663;14.526;14.628;14.645;4506
2015.09.02;08:00:00;14.76;14.513;14.591;14.628;7347
2015.09.02;12:00:00;14.635;14.501;14.629;14.598;6907
2015.09.02;16:00:00;14.634;14.554;14.587;14.63;1022
2015.09.02;20:00:00;14.597;14.53;14.565;14.571;2736
2015.09.03;00:00:00;14.578;14.512;14.53;14.563;2375
2015.09.03;04:00:00;14.62;14.53;14.54;14.531;3012
2015.09.03;08:00:00;14.812;14.459;14.766;14.538;5228
2015.09.03;12:00:00;14.785;14.426;14.639;14.771;6131
2015.09.03;16:00:00;14.705;14.628;14.646;14.638;1227
2015.09.03;20:00:00;14.683;14.625;14.658;14.643;1481
2015.09.04;00:00:00;14.684;14.617;14.629;14.658;1372
2015.09.04;04:00:00;14.772;14.627;14.682;14.629;3234
2015.09.04;08:00:00;14.799;14.548;14.754;14.679;7148
2015.09.04;12:00:00;14.942;14.588;14.68;14.751;5596
2015.09.04;16:00:00;14.699;14.648;14.668;14.679;799
2015.09.04;20:00:00;14.727;14.648;14.72;14.673;1236
2015.09.07;00:00:00;14.772;14.708;14.725;14.717;1949
2015.09.07;04:00:00;14.79;14.684;14.686;14.723;2367
2015.09.07;08:00:00;14.798;14.476;14.523;14.685;5952
2015.09.07;12:00:00;14.61;14.509;14.562;14.524;3659
2015.09.07;16:00:00;14.579;14.509;14.546;14.564;733
2015.09.07;20:00:00;14.667;14.543;14.63;14.543;2475
2015.09.08;00:00:00;14.637;14.575;14.577;14.629;1665
2015.09.08;04:00:00;14.599;14.518;14.551;14.574;2934
2015.09.08;08:00:00;14.553;14.454;14.486;14.553;2273
2015.09.08;12:00:00;14.542;14.467;14.467;14.484;1518
2015.09.08;16:00:00;14.553;14.471;14.485;14.503;1042
2015.09.08;20:00:00;14.515;14.452;14.457;14.488;1688
2015.09.09;00:00:00;14.686;14.445;14.642;14.457;3559
2015.09.09;04:00:00;14.751;14.62;14.689;14.647;4391
2015.09.09;08:00:00;14.88;14.59;14.772;14.69;6294
2015.09.09;12:00:00;14.788;14.743;14.755;14.77;1052
2015.09.09;16:00:00;14.856;14.763;14.847;14.777;1808
2015.09.09;20:00:00;14.924;14.803;14.843;14.846;2368
2015.09.10;00:00:00;14.843;14.699;14.749;14.843;3457
2015.09.10;04:00:00;14.773;14.623;14.682;14.749;5026
2015.09.10;08:00:00;14.709;14.56;14.594;14.681;6843
2015.09.10;12:00:00;14.609;14.569;14.589;14.593;983
2015.09.10;16:00:00;14.61;14.545;14.589;14.579;2282
2015.09.10;20:00:00;14.671;14.571;14.669;14.589;3419
2015.09.11;00:00:00;14.753;14.632;14.726;14.669;3578
2015.09.11;04:00:00;14.853;14.649;14.712;14.726;6610
2015.09.11;08:00:00;14.792;14.623;14.661;14.717;5617
2015.09.11;12:00:00;14.685;14.63;14.652;14.661;1066
2015.09.11;16:00:00;14.732;14.668;14.73;14.674;1023
2015.09.11;20:00:00;14.747;14.692;14.696;14.733;1455
2015.09.14;00:00:00;14.697;14.595;14.613;14.697;2735
2015.09.14;04:00:00;14.62;14.321;14.343;14.613;5787
2015.09.14;08:00:00;14.535;14.274;14.503;14.339;5365
2015.09.14;12:00:00;14.628;14.478;14.585;14.503;1279
2015.09.14;16:00:00;14.579;14.508;14.566;14.559;1821
2015.09.14;20:00:00;14.607;14.496;14.506;14.567;1904
2015.09.15;00:00:00;14.528;14.419;14.442;14.504;2559
2015.09.15;04:00:00;14.443;14.35;14.358;14.439;3381
2015.09.15;08:00:00;14.44;14.336;14.379;14.358;4247
2015.09.15;12:00:00;14.421;14.378;14.411;14.378;852
2015.09.15;16:00:00;14.427;14.364;14.381;14.377;1099
2015.09.15;20:00:00;14.406;14.37;14.378;14.386;1400
2015.09.16;00:00:00;14.398;14.29;14.311;14.376;1769
2015.09.16;04:00:00;14.42;14.265;14.334;14.309;3718
2015.09.16;08:00:00;14.374;14.296;14.33;14.335;3580
2015.09.16;12:00:00;14.408;14.327;14.395;14.329;794
2015.09.16;16:00:00;14.396;14.328;14.345;14.377;1451
2015.09.16;20:00:00;14.381;14.331;14.341;14.346;1926
2015.09.17;00:00:00;14.554;14.341;14.534;14.341;2996
2015.09.17;04:00:00;14.835;14.485;14.829;14.534;5868
2015.09.17;08:00:00;14.938;14.795;14.908;14.829;6703
2015.09.17;12:00:00;14.928;14.879;14.886;14.908;1486
2015.09.17;16:00:00;14.925;14.841;14.851;14.905;2143
2015.09.17;20:00:00;14.894;14.844;14.876;14.851;1794
2015.09.18;00:00:00;14.95;14.829;14.858;14.879;2456
2015.09.18;04:00:00;14.971;14.773;14.923;14.859;4332
2015.09.18;08:00:00;15.057;14.891;14.989;14.934;5080
2015.09.18;12:00:00;15.245;14.999;15.11;14.999;7018
2015.09.18;16:00:00;15.136;15.063;15.088;15.097;2719
2015.09.18;20:00:00;15.092;15.021;15.065;15.088;2030
2015.09.21;00:00:00;15.299;15.014;15.251;15.066;3312
2015.09.21;04:00:00;15.411;15.171;15.227;15.252;8324
2015.09.21;08:00:00;15.242;15.122;15.137;15.224;5027
2015.09.21;12:00:00;15.155;15.082;15.141;15.134;1394
2015.09.21;16:00:00;15.175;15.103;15.115;15.151;1791
2015.09.21;20:00:00;15.162;15.092;15.151;15.113;1253
2015.09.22;00:00:00;15.214;15.134;15.167;15.152;2617
2015.09.22;04:00:00;15.198;15.076;15.182;15.169;3665
2015.09.22;08:00:00;15.243;15.172;15.202;15.18;3282
2015.09.22;12:00:00;15.207;15.162;15.172;15.202;764
2015.09.22;16:00:00;15.192;15.156;15.177;15.158;1229
2015.09.22;20:00:00;15.19;15.157;15.168;15.177;1381
2015.09.23;00:00:00;15.22;14.938;14.988;15.169;3439
2015.09.23;04:00:00;15.042;14.696;14.797;14.986;5865
2015.09.23;08:00:00;14.812;14.727;14.762;14.802;3220
2015.09.23;12:00:00;14.802;14.747;14.762;14.757;661
2015.09.23;16:00:00;14.802;14.72;14.727;14.756;1331
2015.09.23;20:00:00;14.777;14.7;14.762;14.727;1774
2015.09.24;00:00:00;14.828;14.74;14.767;14.767;2601
2015.09.24;04:00:00;14.915;14.757;14.85;14.767;3773
2015.09.24;08:00:00;14.902;14.765;14.773;14.855;4027
2015.09.24;12:00:00;14.788;14.75;14.766;14.773;981
2015.09.24;16:00:00;14.828;14.746;14.807;14.752;1569
2015.09.24;20:00:00;14.842;14.796;14.82;14.807;1419
2015.09.25;00:00:00;14.848;14.792;14.818;14.82;2973
2015.09.25;04:00:00;15.034;14.753;15.005;14.818;7228
2015.09.25;08:00:00;15.182;15.003;15.122;15.003;7227
2015.09.25;12:00:00;15.136;15.094;15.114;15.119;1047
2015.09.25;16:00:00;15.135;15.046;15.132;15.048;2224
2015.09.25;20:00:00;15.137;15.072;15.093;15.132;1492
2015.09.28;00:00:00;15.107;14.971;15.051;15.092;3532
2015.09.28;04:00:00;15.18;14.942;15.152;15.051;4778
2015.09.28;08:00:00;15.164;15.018;15.087;15.153;3808
2015.09.28;12:00:00;15.102;15.046;15.076;15.087;1152
2015.09.28;16:00:00;15.106;15.011;15.026;15.048;1480
2015.09.28;20:00:00;15.072;15.011;15.055;15.025;1702
2015.09.29;00:00:00;15.056;14.776;14.813;15.056;4212
2015.09.29;04:00:00;14.817;14.512;14.578;14.812;7198
2015.09.29;08:00:00;14.64;14.481;14.551;14.579;5806
2015.09.29;12:00:00;14.586;14.543;14.567;14.552;932
2015.09.29;16:00:00;14.613;14.549;14.607;14.561;2055
2015.09.29;20:00:00;14.622;14.482;14.482;14.607;2873
2015.09.30;00:00:00;14.572;14.474;14.532;14.481;3274
2015.09.30;04:00:00;14.715;14.53;14.695;14.532;4662
2015.09.30;08:00:00;14.706;14.576;14.61;14.695;4698
2015.09.30;12:00:00;14.626;14.593;14.611;14.61;1059
2015.09.30;16:00:00;14.628;14.552;14.571;14.601;1557
2015.09.30;20:00:00;14.635;14.564;14.628;14.571;1483
2015.10.01;00:00:00;14.68;14.566;14.584;14.629;3090
2015.10.01;04:00:00;14.654;14.465;14.628;14.584;6498
2015.10.01;08:00:00;14.733;14.453;14.511;14.628;6899
2015.10.01;12:00:00;14.536;14.454;14.454;14.512;1526
2015.10.01;16:00:00;14.555;14.482;14.543;14.505;1024
2015.10.01;20:00:00;14.607;14.543;14.581;14.544;1250
2015.10.02;00:00:00;14.583;14.518;14.546;14.582;2281
2015.10.02;04:00:00;14.657;14.451;14.646;14.547;4384
2015.10.02;08:00:00;14.684;14.484;14.513;14.645;5062
2015.10.02;12:00:00;14.538;14.47;14.506;14.514;1134
2015.10.02;16:00:00;14.54;14.495;14.527;14.498;861
2015.10.02;20:00:00;14.529;14.498;14.501;14.525;1073
2015.10.05;00:00:00;14.506;14.428;14.438;14.501;3076
2015.10.05;04:00:00;15.086;14.377;15.02;14.441;9251
2015.10.05;08:00:00;15.27;15.006;15.203;15.021;7597
2015.10.05;12:00:00;15.293;15.187;15.22;15.197;1587
2015.10.05;16:00:00;15.334;15.191;15.204;15.228;1690
2015.10.05;20:00:00;15.251;15.101;15.147;15.205;1582
2015.10.06;00:00:00;15.336;15.14;15.284;15.146;2844
2015.10.06;04:00:00;15.683;15.207;15.584;15.286;7343
2015.10.06;08:00:00;15.705;15.461;15.648;15.583;6242
2015.10.06;12:00:00;15.659;15.573;15.614;15.648;1179
2015.10.06;16:00:00;15.628;15.56;15.611;15.599;1076
2015.10.06;20:00:00;15.616;15.572;15.603;15.613;979
2015.10.07;00:00:00;15.686;15.571;15.663;15.602;2435
2015.10.07;04:00:00;15.976;15.639;15.966;15.663;6358
2015.10.07;08:00:00;16.072;15.843;15.857;15.965;6776
2015.10.07;12:00:00;15.906;15.773;15.862;15.862;1446
2015.10.07;16:00:00;15.935;15.85;15.909;15.856;1159
2015.10.07;20:00:00;15.938;15.878;15.922;15.908;1860
2015.10.08;00:00:00;15.979;15.821;15.869;15.93;3070
2015.10.08;04:00:00;16.002;15.814;15.982;15.868;5233
2015.10.08;08:00:00;16.097;15.898;16.068;15.984;6051
2015.10.08;12:00:00;16.072;15.991;16.031;16.069;1306
2015.10.08;16:00:00;16.06;15.625;15.655;16.028;4526
2015.10.08;20:00:00;15.707;15.568;15.624;15.653;3086
2015.10.09;00:00:00;15.704;15.573;15.677;15.623;3538
2015.10.09;04:00:00;15.68;15.373;15.594;15.678;6605
2015.10.09;08:00:00;15.784;15.593;15.767;15.594;5143
2015.10.09;12:00:00;15.832;15.64;15.671;15.772;3573
2015.10.09;16:00:00;15.735;15.612;15.623;15.659;2256
2015.10.09;20:00:00;15.793;15.581;15.792;15.625;2520
2015.10.12;00:00:00;15.964;15.749;15.959;15.792;4328
2015.10.12;04:00:00;15.998;15.708;15.716;15.961;6405
2015.10.12;08:00:00;15.872;15.699;15.81;15.718;5800
2015.10.12;12:00:00;15.833;15.791;15.82;15.81;1271
2015.10.12;16:00:00;15.879;15.751;15.837;15.759;1965
2015.10.12;20:00:00;15.92;15.78;15.92;15.837;2692
2015.10.13;00:00:00;16.022;15.917;15.959;15.921;3529
2015.10.13;04:00:00;16.061;15.902;15.932;15.959;5709
2015.10.13;08:00:00;15.97;15.81;15.854;15.931;4217
2015.10.13;12:00:00;15.862;15.771;15.771;15.852;1245
2015.10.13;16:00:00;15.856;15.699;15.72;15.795;2815
2015.10.13;20:00:00;15.735;15.649;15.7;15.725;2406
2015.10.14;00:00:00;15.765;15.656;15.665;15.699;3949
2015.10.14;04:00:00;15.967;15.611;15.954;15.662;6560
2015.10.14;08:00:00;15.971;15.884;15.902;15.952;4847
2015.10.14;12:00:00;15.908;15.856;15.885;15.905;1105
2015.10.14;16:00:00;16.014;15.848;15.99;15.89;2430
2015.10.14;20:00:00;16.019;15.95;15.999;15.99;2204
2015.10.15;00:00:00;16.069;15.777;15.853;15.995;3959
2015.10.15;04:00:00;16.128;15.807;16.052;15.852;7381
2015.10.15;08:00:00;16.136;16.034;16.129;16.054;5598
2015.10.15;12:00:00;16.178;16.094;16.106;16.129;2373
2015.10.15;16:00:00;16.159;16.085;16.12;16.105;2120
2015.10.15;20:00:00;16.165;16.085;16.156;16.12;2133
2015.10.16;00:00:00;16.171;16.082;16.098;16.156;3532
2015.10.16;04:00:00;16.174;15.891;16.052;16.101;7138
2015.10.16;08:00:00;16.175;16.054;16.121;16.054;4556
2015.10.16;12:00:00;16.155;16.087;16.098;16.121;1167
2015.10.16;16:00:00;16.127;16.056;16.066;16.078;2098
2015.10.16;20:00:00;16.078;16.011;16.023;16.066;1995
2015.10.19;00:00:00;16.053;15.922;15.942;16.023;2787
2015.10.19;04:00:00;16.144;15.94;16.095;15.94;5300
2015.10.19;08:00:00;16.101;16.019;16.071;16.094;4623
2015.10.19;12:00:00;16.081;15.98;16.031;16.07;1225
2015.10.19;16:00:00;16.017;15.929;15.932;16.005;3332
2015.10.19;20:00:00;15.962;15.825;15.873;15.931;2429
2015.10.20;00:00:00;15.91;15.837;15.87;15.869;2944
2015.10.20;04:00:00;15.955;15.799;15.862;15.869;4365
2015.10.20;08:00:00;15.889;15.725;15.833;15.86;5261
2015.10.20;12:00:00;15.833;15.783;15.807;15.832;921
2015.10.20;16:00:00;15.843;15.752;15.761;15.804;2618
2015.10.20;20:00:00;15.845;15.751;15.839;15.76;1366
2015.10.21;00:00:00;15.96;15.82;15.865;15.836;2954
2015.10.21;04:00:00;15.929;15.814;15.909;15.864;4937
2015.10.21;08:00:00;15.937;15.723;15.863;15.91;5399
2015.10.21;12:00:00;15.905;15.833;15.882;15.858;1136
2015.10.21;16:00:00;15.927;15.845;15.863;15.872;2946
2015.10.21;20:00:00;15.88;15.767;15.795;15.86;2774
2015.10.22;00:00:00;15.824;15.721;15.766;15.795;3170
2015.10.22;04:00:00;15.834;15.614;15.64;15.766;4962
2015.10.22;08:00:00;15.731;15.624;15.708;15.64;3734
2015.10.22;12:00:00;15.726;15.668;15.673;15.707;808
2015.10.22;16:00:00;15.708;15.644;15.653;15.661;1612
2015.10.22;20:00:00;15.7;15.632;15.666;15.655;1442
2015.10.23;00:00:00;15.812;15.664;15.753;15.667;2418
2015.10.23;04:00:00;15.848;15.716;15.812;15.751;6481
2015.10.23;08:00:00;15.895;15.802;15.824;15.813;4302
2015.10.23;12:00:00;15.836;15.796;15.803;15.824;766
2015.10.23;16:00:00;15.89;15.789;15.859;15.789;1427
2015.10.23;20:00:00;15.886;15.827;15.88;15.86;1199
2015.10.25;23:00:00;16.004;15.866;15.972;15.878;4089
2015.10.26;00:00:00;16.069;15.693;15.737;15.976;7549
2015.10.26;04:00:00;15.863;15.723;15.815;15.735;5265
2015.10.26;08:00:00;15.859;15.78;15.807;15.814;1357
2015.10.26;12:00:00;15.836;15.752;15.817;15.808;1903
2015.10.26;16:00:00;15.841;15.779;15.824;15.818;1808
2015.10.26;20:00:00;15.934;15.798;15.905;15.826;3157
2015.10.27;00:00:00;15.963;15.856;15.895;15.905;4408
2015.10.27;04:00:00;15.947;15.858;15.873;15.9;4084
2015.10.27;08:00:00;15.879;15.814;15.821;15.873;807
2015.10.27;12:00:00;15.868;15.808;15.823;15.814;1299
2015.10.27;16:00:00;15.846;15.795;15.844;15.822;2100
2015.10.27;20:00:00;15.913;15.834;15.896;15.844;2013
2015.10.28;00:00:00;15.903;15.758;15.864;15.896;4246
2015.10.28;04:00:00;15.932;15.841;15.861;15.866;3973
2015.10.28;08:00:00;15.867;15.844;15.86;15.861;689
2015.10.28;12:00:00;15.901;15.817;15.865;15.825;1735
2015.10.28;16:00:00;15.958;15.862;15.946;15.865;2038
2015.10.28;20:00:00;15.965;15.891;15.945;15.949;2521
2015.10.29;00:00:00;16.275;15.941;16.23;15.947;6031
2015.10.29;04:00:00;16.338;16.197;16.278;16.23;6355
2015.10.29;08:00:00;16.3;15.702;15.911;16.298;6749
2015.10.29;12:00:00;15.981;15.83;15.939;15.898;3176
2015.10.29;16:00:00;15.96;15.835;15.936;15.939;2763
2015.10.29;20:00:00;15.979;15.753;15.925;15.937;4251
2015.10.30;00:00:00;15.956;15.666;15.724;15.925;5879
2015.10.30;04:00:00;15.766;15.53;15.563;15.725;5395
2015.10.30;08:00:00;15.599;15.556;15.565;15.564;1032
2015.10.30;12:00:00;15.616;15.537;15.579;15.576;2181
2015.10.30;16:00:00;15.636;15.545;15.621;15.578;2387
2015.10.30;20:00:00;15.65;15.53;15.572;15.621;3145
2015.11.02;00:00:00;15.602;15.473;15.529;15.572;5210
2015.11.02;04:00:00;15.585;15.468;15.549;15.532;3873
2015.11.02;08:00:00;15.553;15.493;15.529;15.549;880
2015.11.02;12:00:00;15.54;15.457;15.49;15.52;2777
2015.11.02;16:00:00;15.511;15.448;15.471;15.49;1788
2015.11.02;20:00:00;15.514;15.356;15.411;15.47;3278
2015.11.03;00:00:00;15.45;15.303;15.319;15.409;3723
2015.11.03;04:00:00;15.435;15.246;15.416;15.319;2916
2015.11.03;08:00:00;15.422;15.385;15.393;15.416;679
2015.11.03;12:00:00;15.439;15.378;15.419;15.385;1514
2015.11.03;16:00:00;15.45;15.403;15.41;15.419;1275
2015.11.03;20:00:00;15.412;15.293;15.319;15.409;1893
2015.11.04;00:00:00;15.355;15.196;15.233;15.314;3678
2015.11.04;04:00:00;15.33;15.208;15.24;15.231;3261
2015.11.04;08:00:00;15.281;15.237;15.251;15.241;800
2015.11.04;12:00:00;15.323;15.24;15.301;15.242;1958
2015.11.04;16:00:00;15.306;15.251;15.264;15.301;1220
2015.11.04;20:00:00;15.298;15.215;15.25;15.264;2263
2015.11.05;00:00:00;15.324;15.204;15.204;15.249;4660
2015.11.05;04:00:00;15.211;15.057;15.075;15.201;4749
2015.11.05;08:00:00;15.098;15.033;15.052;15.08;974
2015.11.05;12:00:00;15.095;15.045;15.069;15.06;2160
2015.11.05;16:00:00;15.09;15.009;15.025;15.069;1617
2015.11.05;20:00:00;15.052;14.973;14.996;15.023;2965
2015.11.06;00:00:00;15.062;14.943;14.962;14.993;4044
2015.11.06;04:00:00;15.051;14.919;14.968;14.96;3013
2015.11.06;08:00:00;14.994;14.952;14.954;14.97;786
2015.11.06;12:00:00;15.029;14.934;15.017;14.934;1352
2015.11.06;16:00:00;15.053;15.002;15.034;15.018;1231
2015.11.06;20:00:00;15.046;14.995;15.02;15.034;1819
2015.11.09;00:00:00;15.055;14.732;14.778;15.018;9063
2015.11.09;04:00:00;14.785;14.704;14.739;14.775;4140
2015.11.09;08:00:00;14.763;14.703;14.756;14.739;811
2015.11.09;12:00:00;14.76;14.71;14.757;14.744;1783
2015.11.09;16:00:00;14.777;14.742;14.755;14.757;2108
2015.11.09;20:00:00;14.766;14.703;14.741;14.754;2588
2015.11.10;00:00:00;14.756;14.568;14.572;14.744;5514
2015.11.10;04:00:00;14.595;14.424;14.46;14.571;3386
2015.11.10;08:00:00;14.555;14.46;14.549;14.461;876
2015.11.10;12:00:00;14.574;14.498;14.528;14.534;1666
2015.11.10;16:00:00;14.547;14.453;14.497;14.529;1465
2015.11.10;20:00:00;14.542;14.443;14.466;14.497;2064
2015.11.11;00:00:00;14.536;14.294;14.335;14.466;5168
2015.11.11;04:00:00;14.442;14.326;14.382;14.336;3971
2015.11.11;08:00:00;14.418;14.374;14.409;14.381;766
2015.11.11;12:00:00;14.502;14.386;14.457;14.402;1381
2015.11.11;16:00:00;14.496;14.455;14.476;14.456;947
2015.11.11;20:00:00;14.515;14.397;14.421;14.476;2398
2015.11.12;00:00:00;14.465;14.297;14.307;14.418;3931
2015.11.12;04:00:00;14.372;14.249;14.337;14.308;2911
2015.11.12;08:00:00;14.342;14.268;14.305;14.332;749
2015.11.12;12:00:00;14.361;14.289;14.339;14.299;2423
2015.11.12;16:00:00;14.393;14.325;14.364;14.34;1890
2015.11.12;20:00:00;14.426;14.345;14.39;14.363;2737
2015.11.13;00:00:00;14.479;14.182;14.443;14.39;7096
2015.11.13;04:00:00;14.46;14.179;14.269;14.44;4758
2015.11.13;08:00:00;14.302;14.25;14.274;14.27;884
2015.11.13;12:00:00;14.305;14.24;14.271;14.282;2814
2015.11.13;16:00:00;14.291;14.229;14.266;14.271;1636
2015.11.13;20:00:00;14.324;14.244;14.276;14.263;2142
2015.11.16;00:00:00;14.366;14.167;14.197;14.272;5340
2015.11.16;04:00:00;14.243;14.159;14.202;14.197;2649
2015.11.16;08:00:00;14.242;14.193;14.237;14.207;547
2015.11.16;12:00:00;14.416;14.253;14.335;14.253;2326
2015.11.16;16:00:00;14.434;14.331;14.421;14.334;1371
2015.11.16;20:00:00;14.424;14.301;14.391;14.422;2146
2015.11.17;00:00:00;14.431;14.209;14.209;14.386;3855
2015.11.17;04:00:00;14.264;14.192;14.26;14.206;2980
2015.11.17;08:00:00;14.268;14.218;14.218;14.261;949
2015.11.17;12:00:00;14.268;14.205;14.248;14.237;1623
2015.11.17;16:00:00;14.259;14.169;14.212;14.244;1980
2015.11.17;20:00:00;14.275;14.174;14.237;14.211;2063
2015.11.18;00:00:00;14.274;14.194;14.25;14.239;4054
2015.11.18;04:00:00;14.257;14.099;14.174;14.247;4716
2015.11.18;08:00:00;14.225;14.16;14.164;14.174;1169
2015.11.18;12:00:00;14.208;14.093;14.139;14.153;2290
2015.11.18;16:00:00;14.21;14.125;14.191;14.14;1802
2015.11.18;20:00:00;14.235;14.179;14.189;14.19;1884
2015.11.19;00:00:00;14.194;14.016;14.129;14.192;3647
2015.11.19;04:00:00;14.185;14.019;14.133;14.13;4277
2015.11.19;08:00:00;14.208;14.072;14.155;14.133;2656
2015.11.19;12:00:00;14.304;14.148;14.244;14.156;2143
2015.11.19;16:00:00;14.256;14.185;14.226;14.247;1603
2015.11.19;20:00:00;14.235;14.166;14.172;14.227;1922
2015.11.20;00:00:00;14.389;14.118;14.332;14.174;5665
2015.11.20;04:00:00;14.373;14.23;14.241;14.332;4194
2015.11.20;08:00:00;14.29;14.231;14.236;14.241;743
2015.11.20;12:00:00;14.295;14.229;14.278;14.236;1378
2015.11.20;16:00:00;14.291;14.208;14.259;14.28;1351
2015.11.20;20:00:00;14.39;14.197;14.342;14.258;2976
2015.11.23;00:00:00;14.34;14.21;14.224;14.34;4310
2015.11.23;04:00:00;14.244;14.067;14.134;14.222;3959
2015.11.23;08:00:00;14.179;14.078;14.159;14.132;945
2015.11.23;12:00:00;14.16;13.951;13.999;14.16;3269
2015.11.23;16:00:00;14.039;13.903;13.989;13.998;3163
2015.11.23;20:00:00;14.055;13.893;13.933;13.99;2052
2015.11.24;00:00:00;14.18;13.911;14.109;13.935;5847
2015.11.24;04:00:00;14.121;14.049;14.071;14.11;3301
2015.11.24;08:00:00;14.112;14.052;14.111;14.069;686
2015.11.24;12:00:00;14.129;14.045;14.046;14.094;2157
2015.11.24;16:00:00;14.139;14.041;14.121;14.048;1951
2015.11.24;20:00:00;14.176;14.11;14.154;14.121;2365
2015.11.25;00:00:00;14.289;14.113;14.218;14.154;5463
2015.11.25;04:00:00;14.261;14.135;14.181;14.221;2918
2015.11.25;08:00:00;14.206;14.126;14.165;14.181;412
2015.11.25;12:00:00;14.256;14.156;14.245;14.156;2068
2015.11.25;16:00:00;14.254;14.18;14.193;14.245;1607
2015.11.25;20:00:00;14.236;14.12;14.127;14.195;2216
2015.11.26;00:00:00;14.155;14.017;14.059;14.127;5169
2015.11.26;04:00:00;14.197;14.038;14.188;14.055;3778
2015.11.26;08:00:00;14.197;14.145;14.161;14.187;729
2015.11.26;12:00:00;14.2;14.114;14.147;14.156;2293
2015.11.26;16:00:00;14.255;14.139;14.177;14.145;2471
2015.11.26;20:00:00;14.218;14.166;14.213;14.177;1952
2015.11.27;00:00:00;14.366;14.18;14.208;14.214;2943
2015.11.27;04:00:00;14.266;14.204;14.256;14.205;964
2015.11.27;08:00:00;14.283;14.123;14.144;14.226;1603
2015.11.27;12:00:00;14.154;14.09;14.118;14.143;1462
2015.11.27;16:00:00;14.13;14.042;14.082;14.116;2122
2015.11.27;20:00:00;14.18;13.942;14.105;14.083;5140
2015.11.30;00:00:00;14.135;14.041;14.086;14.104;1761
2015.11.30;04:00:00;14.077;13.984;14.032;14.043;1531
2015.11.30;08:00:00;14.092;14.009;14.019;14.029;1411
2015.11.30;12:00:00;14.124;14.015;14.089;14.019;2448
2015.11.30;16:00:00;14.176;14.073;14.111;14.091;3496
2015.11.30;20:00:00;14.136;14.072;14.089;14.111;1830
2015.12.01;00:00:00;14.135;14.033;14.051;14.084;809
2015.12.01;04:00:00;14.203;14.03;14.126;14.035;2121
2015.12.01;08:00:00;14.181;14.122;14.169;14.126;1616
2015.12.01;12:00:00;14.229;14.108;14.166;14.169;2924
2015.12.01;16:00:00;14.219;14.11;14.137;14.168;3839
2015.12.01;20:00:00;14.171;14.063;14.109;14.144;2347
2015.12.02;00:00:00;14.176;14.094;14.172;14.109;591
2015.12.02;04:00:00;14.208;14.145;14.171;14.147;1736
2015.12.02;08:00:00;14.179;14.14;14.152;14.17;1214
2015.12.02;12:00:00;14.179;14.128;14.152;14.15;1843
2015.12.02;16:00:00;14.158;14.011;14.032;14.15;3602
2015.12.02;20:00:00;14.085;13.911;14.021;14.031;3819
2015.12.03;00:00:00;14.065;13.97;13.987;14.025;1071
2015.12.03;04:00:00;14.003;13.818;13.943;13.963;3071
2015.12.03;08:00:00;13.961;13.903;13.931;13.943;2285
2015.12.03;12:00:00;13.95;13.897;13.946;13.93;2653
2015.12.03;16:00:00;14.142;13.89;14.001;13.943;10392
2015.12.03;20:00:00;14.149;13.957;14.063;14.01;4161
2015.12.04;00:00:00;14.114;14.053;14.093;14.063;1471
2015.12.04;04:00:00;14.127;14.047;14.064;14.088;2254
2015.12.04;08:00:00;14.096;14.06;14.076;14.064;1080
2015.12.04;12:00:00;14.14;14.026;14.11;14.076;2658
2015.12.04;16:00:00;14.464;14.101;14.429;14.115;9429
2015.12.04;20:00:00;14.599;14.424;14.468;14.427;6345
2015.12.07;00:00:00;14.556;14.467;14.517;14.469;730
2015.12.07;04:00:00;14.574;14.455;14.536;14.508;2408
2015.12.07;08:00:00;14.58;14.508;14.547;14.534;1461
2015.12.07;12:00:00;14.622;14.502;14.546;14.547;3209
2015.12.07;16:00:00;14.574;14.357;14.39;14.547;4863
2015.12.07;20:00:00;14.421;14.315;14.326;14.385;3212
2015.12.08;00:00:00;14.331;14.201;14.22;14.327;940
2015.12.08;04:00:00;14.265;14.176;14.208;14.199;2296
2015.12.08;08:00:00;14.282;14.206;14.276;14.206;1993
2015.12.08;12:00:00;14.308;14.229;14.242;14.278;2407
2015.12.08;16:00:00;14.273;14.071;14.195;14.242;5996
2015.12.08;20:00:00;14.209;14.101;14.141;14.195;3824
2015.12.09;00:00:00;14.154;14.126;14.14;14.141;703
2015.12.09;04:00:00;14.196;14.101;14.14;14.107;1799
2015.12.09;08:00:00;14.178;14.118;14.158;14.137;1072
2015.12.09;12:00:00;14.297;14.15;14.269;14.157;2748
2015.12.09;16:00:00;14.331;14.222;14.29;14.271;4356
2015.12.09;20:00:00;14.304;14.116;14.152;14.295;4772
2015.12.10;00:00:00;14.173;14.124;14.14;14.152;677
2015.12.10;04:00:00;14.178;14.12;14.169;14.13;1204
2015.12.10;08:00:00;14.177;14.13;14.143;14.173;1153
2015.12.10;12:00:00;14.196;14.139;14.165;14.143;1457
2015.12.10;16:00:00;14.222;14.104;14.138;14.167;3393
2015.12.10;20:00:00;14.158;14.086;14.101;14.14;1998
2015.12.11;00:00:00;14.102;14.085;14.086;14.102;412
2015.12.11;04:00:00;14.134;14.028;14.035;14.071;1520
2015.12.11;08:00:00;14.108;14.017;14.103;14.035;1651
2015.12.11;12:00:00;14.124;13.92;13.936;14.103;2561
2015.12.11;16:00:00;14.004;13.755;13.897;13.934;7516
2015.12.11;20:00:00;13.959;13.854;13.925;13.899;3730
2015.12.14;00:00:00;13.943;13.877;13.902;13.927;723
2015.12.14;04:00:00;13.965;13.863;13.906;13.886;1321
2015.12.14;08:00:00;13.916;13.863;13.872;13.909;1578
2015.12.14;12:00:00;13.887;13.763;13.763;13.872;2690
2015.12.14;16:00:00;13.814;13.622;13.777;13.763;4960
2015.12.14;20:00:00;13.787;13.673;13.697;13.777;2333
2015.12.15;00:00:00;13.718;13.652;13.659;13.697;758
2015.12.15;04:00:00;13.726;13.639;13.683;13.644;1804
2015.12.15;08:00:00;13.731;13.659;13.712;13.682;1483
2015.12.15;12:00:00;13.784;13.656;13.759;13.714;3158
2015.12.15;16:00:00;13.769;13.676;13.731;13.757;4213
2015.12.15;20:00:00;13.791;13.67;13.791;13.731;2179
