DATE;TIME;HIGH;LOW;CLOSE;OPEN;VOLUME
2015.04.27;12:00:00;385.1;382.8;383.3;384.6;331
2015.04.27;16:00:00;383.9;383;383.1;383.2;171
2015.04.27;20:00:00;383.3;380.9;381.8;383;361
2015.04.28;00:00:00;382.2;381.1;382;381.2;141
2015.04.28;04:00:00;382.8;381.7;382.8;382.1;151
2015.04.28;08:00:00;382.7;379.4;380;382.2;441
2015.04.28;12:00:00;380.5;379.1;379.7;380;251
2015.04.28;16:00:00;380.6;379.7;380.6;379.7;91
2015.04.28;20:00:00;380.6;379.9;380.5;380.2;111
2015.04.29;00:00:00;381.5;380.5;381.3;380.8;151
2015.04.29;04:00:00;383.4;381.3;383.1;381.6;271
2015.04.29;08:00:00;383.3;382.1;382.3;383.1;161
2015.04.29;12:00:00;382.9;382.1;382.3;382.3;161
2015.04.29;16:00:00;383;381.9;382;382;221
2015.04.29;20:00:00;382.4;381.2;381.7;382;211
2015.04.30;00:00:00;383.4;382;382.7;382.7;281
2015.04.30;04:00:00;383;381.6;381.8;382.6;201
2015.04.30;08:00:00;382;380.8;381.5;381.9;201
2015.04.30;12:00:00;381.6;381.2;381.3;381.5;61
2015.04.30;16:00:00;381.4;380.6;381.3;381.2;151
2015.04.30;20:00:00;381.8;380.2;380.6;381.1;271
2015.05.01;00:00:00;380.8;379.7;380.5;380.6;211
2015.05.01;04:00:00;380.4;378.5;379.4;380.4;281
2015.05.01;08:00:00;380.6;379.1;380.1;379.3;221
2015.05.01;12:00:00;380.7;379.9;380.5;380.1;121
2015.05.01;16:00:00;381.1;379.9;380.4;380.6;221
2015.05.01;20:00:00;381.2;380.3;380.8;380.5;151
2015.05.04;00:00:00;381.1;380.1;380.2;380.7;151
2015.05.04;04:00:00;381.8;380.1;380.9;380.4;291
2015.05.04;08:00:00;381;379.7;380;381;161
2015.05.04;12:00:00;379.3;375.1;377.1;379.3;621
2015.05.04;16:00:00;378.1;376.8;377.4;377;221
2015.05.04;20:00:00;378.1;377.2;377.7;377.3;141
2015.05.05;00:00:00;378;377.3;377.7;377.6;131
2015.05.05;04:00:00;378.1;377.3;377.8;377.6;141
2015.05.05;08:00:00;379.9;377.9;378.9;378;311
2015.05.05;12:00:00;379.4;377.7;377.7;378.8;231
2015.05.05;16:00:00;377.9;376.7;377.9;377.6;211
2015.05.05;20:00:00;377.8;376.8;376.8;377.5;131
2015.05.06;00:00:00;377.3;376.3;376.4;376.8;161
2015.05.06;04:00:00;377.2;375;375.2;377;261
2015.05.06;08:00:00;375.7;373.8;374.5;375.2;311
2015.05.06;12:00:00;375.2;374.5;374.6;374.6;141
2015.05.06;16:00:00;375.2;374;374.1;375.1;141
2015.05.06;20:00:00;374.2;373.2;373.5;374.1;141
2015.05.07;00:00:00;374.9;373.7;374.1;374.5;201
2015.05.07;04:00:00;374.4;372.9;373.6;374.2;241
2015.05.07;08:00:00;375.1;373.4;374.5;373.5;241
2015.05.07;12:00:00;374;373;374;374;201
2015.05.07;16:00:00;374.5;373.6;374.2;373.9;151
2015.05.07;20:00:00;376.1;374.3;374.3;374.4;351
2015.05.08;00:00:00;375;374.2;374.8;374.2;101
2015.05.08;04:00:00;375.1;374.5;374.6;374.8;101
2015.05.08;08:00:00;374.1;373.4;373.6;374;101
2015.05.08;12:00:00;373.7;372.4;373.3;373.5;241
2015.05.08;16:00:00;377.5;372.5;376.7;372.6;591
2015.05.08;20:00:00;377.4;376.2;376.2;376.6;201
2015.05.11;00:00:00;376.6;375.6;376.2;376.1;191
2015.05.11;04:00:00;377.1;376.1;377;376.2;121
2015.05.11;08:00:00;377.5;376.7;377.2;376.9;131
2015.05.11;12:00:00;378;375.6;376.3;377.1;401
2015.05.11;16:00:00;376.6;374.4;374.6;376.2;281
2015.05.11;20:00:00;374.9;374.2;374.6;374.7;131
2015.05.12;00:00:00;374.8;373.6;374.4;374.5;231
2015.05.12;04:00:00;375;374.1;374.9;374.5;141
2015.05.12;08:00:00;375.7;373.4;375;374.5;411
2015.05.12;12:00:00;375.7;374.3;375.1;375.1;281
2015.05.12;16:00:00;375.3;374.2;374.4;375.1;151
2015.05.12;20:00:00;374;372.6;372.9;373.7;201
2015.05.13;00:00:00;375.1;372.8;374.7;372.9;281
2015.05.13;04:00:00;377.3;376.1;376.4;376.2;221
2015.05.13;08:00:00;377.3;376.2;377.2;376.5;151
2015.05.13;12:00:00;377.9;377.1;377.5;377.3;141
2015.05.13;16:00:00;379.2;377.6;378;377.6;281
2015.05.13;20:00:00;378.3;377.3;377.7;378.1;161
2015.05.14;00:00:00;380.5;376.9;380.3;377.6;451
2015.05.14;04:00:00;381.5;380;381.2;380.2;201
2015.05.14;08:00:00;381.6;380.8;381.5;381.2;131
2015.05.14;12:00:00;383.3;381.5;382.7;381.6;251
2015.05.14;16:00:00;383.2;382;382.9;382.6;211
2015.05.14;20:00:00;384.2;380.8;382.9;382;591
2015.05.15;00:00:00;383.3;382.4;382.6;383;141
2015.05.15;04:00:00;382.7;381.7;382.1;382.6;151
2015.05.15;08:00:00;382.6;381.8;382.6;381.8;81
2015.05.15;12:00:00;382.7;382;382.5;382.5;141
2015.05.15;16:00:00;383.4;381.8;382.3;382.4;311
2015.05.15;20:00:00;382.9;382.2;382.7;382.2;91
2015.05.18;00:00:00;383.1;382.5;382.9;382.7;101
2015.05.18;04:00:00;384.1;382.8;383.3;383.2;251
2015.05.18;08:00:00;383.7;383.2;383.2;383.3;91
2015.05.18;12:00:00;383.8;382.1;383.5;383.1;301
2015.05.18;16:00:00;384;383.3;383.4;383.5;131
2015.05.18;20:00:00;384.1;383.1;383.6;383.4;181
2015.05.19;00:00:00;383.8;383;383.4;383.2;141
2015.05.19;04:00:00;383.7;382.3;382.5;383.5;181
2015.05.19;08:00:00;381.5;377.8;381.1;377.9;421
2015.05.19;12:00:00;382.3;381.2;381.2;381.2;221
2015.05.19;16:00:00;381.9;381.1;381.4;381.2;141
2015.05.19;20:00:00;381.9;381.1;381.1;381.6;111
2015.05.20;00:00:00;381.6;381.1;381.6;381.1;51
2015.05.20;04:00:00;383.1;381;382.7;382.1;361
2015.05.20;08:00:00;384;382.3;382.9;382.7;321
2015.05.20;12:00:00;383.4;382.2;382.4;383;181
2015.05.20;16:00:00;382.8;381.9;382.1;381.9;161
2015.05.20;20:00:00;382.9;381.9;382.5;382.1;161
2015.05.21;00:00:00;383.5;380.9;382.5;382.9;481
2015.05.21;04:00:00;383.2;381.8;382.9;382.5;241
2015.05.21;08:00:00;383.1;382.6;382.8;382.8;101
2015.05.21;12:00:00;384.6;383;384.3;383.2;211
2015.05.21;16:00:00;384.5;383.8;384.3;384.2;131
2015.05.21;20:00:00;385.7;380.4;381.7;385.1;721
2015.05.22;00:00:00;381.9;380.6;380.7;381.7;161
2015.05.22;04:00:00;381.1;380.1;380.1;380.6;151
2015.05.22;08:00:00;380.8;379.5;380.7;379.6;151
2015.05.22;12:00:00;381.3;380.6;381;380.6;101
2015.05.22;16:00:00;381.7;379.7;380.7;379.8;311
2015.05.22;20:00:00;381.5;380.7;381.3;380.9;121
2015.05.25;00:00:00;382.2;380.8;381;381.2;261
2015.05.25;04:00:00;382;380.7;381.1;381.1;261
2015.05.25;08:00:00;381.9;381;381.5;381.1;141
2015.05.25;12:00:00;382.5;381.2;382.2;381.7;211
2015.05.25;16:00:00;382.6;381.9;382.3;382.2;131
2015.05.25;20:00:00;383;382.2;382.8;382.2;101
2015.05.26;00:00:00;384.2;382.8;383.9;382.8;171
2015.05.26;04:00:00;385;383.8;384.1;384;231
2015.05.26;08:00:00;384.5;383.4;383.4;384.3;131
2015.05.26;12:00:00;383.6;383.4;383.5;383.4;31
2015.05.26;16:00:00;384.1;382.3;383.8;383.1;291
2015.05.26;20:00:00;383.9;383.5;383.5;383.8;51
2015.05.27;00:00:00;383.7;383.1;383.4;383.5;111
2015.05.27;04:00:00;384.4;383.4;384.3;383.4;111
2015.05.27;08:00:00;384.8;384.2;384.7;384.4;91
2015.05.27;12:00:00;385.7;384.2;385;384.6;261
2015.05.27;16:00:00;384.9;383.8;383.9;384.9;121
2015.05.27;20:00:00;384;383.6;383.9;383.8;71
2015.05.28;00:00:00;384.6;383.7;384.6;383.7;91
2015.05.28;04:00:00;384.9;384.5;384.5;384.6;71
2015.05.28;08:00:00;384.8;383.6;384;384.3;211
2015.05.28;12:00:00;385.3;383.8;385.1;383.9;181
2015.05.28;16:00:00;385.2;384.3;384.7;384.9;161
2015.05.28;20:00:00;385.9;384.6;385.6;384.6;161
2015.05.29;00:00:00;385.7;384.3;385;385.5;231
2015.05.29;04:00:00;387.9;384.2;384.2;387.3;431
2015.05.29;08:00:00;384.5;383.6;383.6;384.2;121
2015.05.29;12:00:00;384.4;383.6;384.1;383.6;111
2015.05.29;16:00:00;384.8;383.9;384.6;384.1;131
2015.05.29;20:00:00;385.1;384.3;385.1;384.5;101
2015.06.01;00:00:00;387.4;384.8;387.2;385.2;321
2015.06.01;04:00:00;387.3;384.8;385.2;387.3;291
2015.06.01;08:00:00;385.5;384.9;385.5;385.3;101
2015.06.01;12:00:00;386.4;385.2;386.2;385.4;161
2015.06.01;16:00:00;386.6;385.8;386.5;386.2;131
2015.06.01;20:00:00;388.6;386;387;386.5;471
2015.06.02;00:00:00;387.7;386.4;387.3;386.9;221
2015.06.02;04:00:00;387.9;387.1;387.8;387.2;101
2015.06.02;08:00:00;389;387.6;388.5;387.8;211
2015.06.02;12:00:00;388.7;387.8;387.9;388.6;111
2015.06.02;16:00:00;390;387.2;389.7;387.9;381
2015.06.02;20:00:00;392.1;389.5;391.9;389.6;291
2015.06.03;00:00:00;394.2;391.8;392.1;391.9;461
2015.06.03;04:00:00;392.5;390.1;391.6;391.7;471
2015.06.03;08:00:00;392.4;391.6;392.2;391.7;111
2015.06.03;12:00:00;394.5;392.4;393.4;393.4;421
2015.06.03;16:00:00;394.3;392.6;393.2;393.4;321
2015.06.03;20:00:00;394.1;393.1;394.1;393.3;121
2015.06.04;00:00:00;395.1;394.2;395;394.2;101
2015.06.04;04:00:00;395.6;394.6;395.5;395;151
2015.06.04;08:00:00;396;393.2;393.6;395.4;381
2015.06.04;12:00:00;394.1;392.9;393.4;393.5;231
2015.06.04;16:00:00;394.1;393.3;393.7;393.4;131
2015.06.04;20:00:00;393.8;392.8;393.3;393.6;171
2015.06.05;00:00:00;393.7;393.2;393.3;393.3;101
2015.06.05;04:00:00;394.3;392.8;393.1;393.6;251
2015.06.05;08:00:00;393.5;392.5;392.6;393.1;151
2015.06.05;12:00:00;393.3;392.6;393.2;392.6;81
2015.06.05;16:00:00;392.4;390.6;391.1;392.4;231
2015.06.05;20:00:00;391.8;391;391.3;391.2;151
2015.06.08;00:00:00;393.9;391.8;392.2;392.1;411
2015.06.08;04:00:00;392.4;391.1;391.9;392.2;231
2015.06.08;08:00:00;392.1;391.4;391.9;391.8;131
2015.06.08;12:00:00;392.9;391.6;392.8;391.8;161
2015.06.08;16:00:00;393;392.7;393;392.8;41
2015.06.08;20:00:00;393.6;391.1;391.4;393.2;321
2015.06.09;00:00:00;392;390.7;391.1;391.5;221
2015.06.09;04:00:00;391.3;390.1;390.8;391.2;201
2015.06.09;08:00:00;391.2;390.1;391;390.8;201
2015.06.09;12:00:00;391.3;390.7;390.9;391;111
2015.06.09;16:00:00;392.1;390.4;390.6;390.8;321
2015.06.09;20:00:00;391.3;389.4;389.5;390.6;271
2015.06.10;00:00:00;390.2;389.1;390;389.4;161
2015.06.10;04:00:00;390.9;389.6;390.9;389.6;131
2015.06.10;08:00:00;391.7;390.8;391.7;390.9;101
2015.06.10;12:00:00;392.4;391.6;392.2;391.6;101
2015.06.10;16:00:00;392.1;391.1;391.2;392.1;111
2015.06.10;20:00:00;391.5;390.8;391.2;391.1;131
2015.06.11;00:00:00;391.8;391.1;391.8;391.6;121
2015.06.11;04:00:00;392.5;391.5;392.4;391.7;131
2015.06.11;08:00:00;394.3;391.8;392.1;392.1;501
2015.06.11;12:00:00;392.6;391.5;392.3;392.1;201
2015.06.11;16:00:00;393.7;392.4;393.7;392.4;131
2015.06.11;20:00:00;394.4;393.3;393.7;393.4;191
2015.06.12;00:00:00;394.6;393.6;394.4;393.6;121
2015.06.12;04:00:00;395.6;393.5;395.5;393.8;251
2015.06.12;08:00:00;396;395.2;395.3;395.5;141
2015.06.12;12:00:00;395.5;395;395.3;395.3;101
2015.06.12;16:00:00;397.6;395.3;395.7;395.3;421
2015.06.12;20:00:00;396.3;395.5;395.6;395.7;151
2015.06.15;00:00:00;395.8;392.6;393.4;395.3;451
2015.06.15;04:00:00;393.6;392.5;393.4;393.3;211
2015.06.15;08:00:00;393.9;393.2;393.9;393.6;111
2015.06.15;12:00:00;393.7;392.2;392.2;393.6;161
2015.06.15;16:00:00;392.8;392.1;392.7;392.1;81
2015.06.15;20:00:00;394.5;392.8;393;393.1;331
2015.06.16;00:00:00;393.7;392.8;393.1;392.9;161
2015.06.16;04:00:00;393.5;393;393.2;393.1;91
2015.06.16;08:00:00;393.7;392.9;393.3;393.1;141
2015.06.16;12:00:00;393.6;392.5;392.7;393.2;171
2015.06.16;16:00:00;393.4;391.2;392;393;341
2015.06.16;20:00:00;392.5;391.6;392;392.1;171
2015.06.17;00:00:00;393.9;392;393.6;392.1;231
2015.06.17;04:00:00;393.9;392.4;392.7;393.4;231
2015.06.17;08:00:00;393.5;392.7;393.2;392.8;121
2015.06.17;12:00:00;393.5;392.4;393.1;392.4;151
2015.06.17;16:00:00;393.4;392.6;393.1;393.1;161
2015.06.17;20:00:00;393.7;390.1;390.8;393.3;471
2015.06.18;00:00:00;390.9;389.7;390.3;390.7;201
2015.06.18;04:00:00;390.6;389.9;390.4;390.3;131
2015.06.18;08:00:00;390.9;390.1;390.9;390.3;101
2015.06.18;12:00:00;391.3;390.7;391.2;391;101
2015.06.18;16:00:00;391.1;388.9;389;390.3;311
2015.06.18;20:00:00;389.9;388.2;389.8;388.9;251
2015.06.19;00:00:00;390.6;389.8;390.5;389.8;91
2015.06.19;04:00:00;390.7;390.1;390.3;390.4;111
2015.06.19;08:00:00;390.4;389.7;389.7;390.2;91
2015.06.19;12:00:00;389.3;385.5;389;388.7;731
2015.06.19;16:00:00;389.1;387.4;388.5;388.9;301
2015.06.19;20:00:00;389.1;388.1;388.1;388.4;171
2015.06.22;00:00:00;388.6;386.9;386.9;387.8;251
2015.06.22;04:00:00;387.4;386.3;386.3;386.9;161
2015.06.22;08:00:00;387;385.7;386.2;386.4;241
2015.06.22;12:00:00;386.7;385.2;385.9;386.3;261
2015.06.22;16:00:00;386.3;385.5;385.9;385.9;161
2015.06.22;20:00:00;386.3;384.8;386.2;385.3;211
2015.06.23;00:00:00;387.2;386;386.9;386.1;161
2015.06.23;04:00:00;388.4;386.4;387.2;386.7;351
2015.06.23;08:00:00;388.6;386.9;387.9;387.1;261
2015.06.23;12:00:00;388;387.2;387.4;388;101
2015.06.23;16:00:00;389.5;387.1;389.3;387.2;271
2015.06.23;20:00:00;390.9;389.1;390.1;389.4;291
2015.06.24;00:00:00;390.2;388.2;389;390.1;291
2015.06.24;04:00:00;390;389;389.9;389.1;121
2015.06.24;08:00:00;390.5;389.8;390.3;389.9;101
2015.06.24;12:00:00;390.8;390.2;390.7;390.3;81
2015.06.24;16:00:00;390.7;390;390.1;390.6;91
2015.06.24;20:00:00;389.9;388.2;388.4;389.8;201
2015.06.25;00:00:00;388.6;385.2;385.9;388.4;431
2015.06.25;04:00:00;386.4;385.6;386.1;386;151
2015.06.25;08:00:00;387.4;385.4;385.5;385.6;391
2015.06.25;12:00:00;386.4;385.4;386.3;385.5;121
2015.06.25;16:00:00;388;385.7;387.4;386.2;341
2015.06.25;20:00:00;388;386.9;387.8;387.4;181
2015.06.26;00:00:00;388.2;387.2;387.6;387.8;181
2015.06.26;04:00:00;387.9;387.1;387.9;387.5;121
2015.06.26;08:00:00;387.9;387;387.2;387.9;111
2015.06.26;12:00:00;388.9;387.1;387.4;387.1;331
2015.06.26;16:00:00;387.8;386.2;387.8;387.5;291
2015.06.26;20:00:00;388.4;387.4;387.9;387.8;191
2015.06.29;00:00:00;388.3;387.6;388.3;388.1;121
2015.06.29;04:00:00;388.7;388.2;388.7;388.4;71
2015.06.29;08:00:00;389.2;386.6;387.2;389;341
2015.06.29;12:00:00;388.7;386.9;388.5;387.3;241
2015.06.29;16:00:00;388.8;388.3;388.7;388.6;91
2015.06.29;20:00:00;388.9;388.1;388.3;388.8;111
2015.06.30;00:00:00;388.6;388;388.5;388.2;91
2015.06.30;04:00:00;388.8;386.8;387.6;388.6;301
2015.06.30;08:00:00;388.1;387;388.1;387.5;161
2015.06.30;12:00:00;388.3;387.7;388.1;388;111
2015.06.30;16:00:00;388;387.5;387.7;387.9;81
2015.06.30;20:00:00;388.7;387.6;388.6;387.6;121
2015.07.01;00:00:00;389.3;387.6;388;389.1;231
2015.07.01;04:00:00;388.1;387.1;387.4;387.9;151
2015.07.01;08:00:00;387.7;387.2;387.5;387.4;91
2015.07.01;12:00:00;387.9;387.1;387.5;387.3;141
2015.07.01;16:00:00;387.9;387.4;387.7;387.6;91
2015.07.01;20:00:00;387.8;385.4;385.9;387.8;291
2015.07.02;00:00:00;387.3;385.6;387.1;386;231
2015.07.02;04:00:00;387.3;386.3;386.7;387.1;161
2015.07.02;08:00:00;387;386.1;386.6;386.8;161
2015.07.02;12:00:00;387.1;386.5;387;386.5;71
2015.07.02;16:00:00;387.2;385.9;386;386.9;171
2015.07.02;20:00:00;386.6;385.6;386.5;385.9;141
2015.07.03;00:00:00;386.7;386.3;386.5;386.5;81
2015.07.03;04:00:00;386.7;385.8;386.7;386.2;131
2015.07.03;08:00:00;387.2;386.7;387.1;386.7;61
2015.07.03;12:00:00;388.4;387.1;387.6;387.2;221
2015.07.03;16:00:00;388.5;387.3;388;387.5;191
2015.07.03;20:00:00;387.9;387;387.3;387.9;121
2015.07.06;00:00:00;387.4;386.2;386.9;387.4;191
2015.07.06;04:00:00;387.3;386.7;387;386.9;111
2015.07.06;08:00:00;387.7;386.4;387.3;386.8;211
2015.07.06;12:00:00;387.3;386.6;386.8;387.2;101
2015.07.06;16:00:00;387;386.7;386.8;386.9;51
2015.07.06;20:00:00;386.9;386.5;386.8;386.8;81
2015.07.07;00:00:00;386.9;386.8;386.9;386.9;21
2015.07.07;04:00:00;388.1;386.2;386.4;387.7;251
2015.07.07;08:00:00;387.3;386.3;386.6;386.4;181
2015.07.07;12:00:00;387;386;386.6;386.7;191
2015.07.07;16:00:00;387;384.8;385;386.4;301
2015.07.07;20:00:00;385.4;383.2;384;384.9;351
2015.07.08;00:00:00;385.1;381.7;382.1;385.1;381
2015.07.08;04:00:00;382.8;381.3;382.4;382.2;281
2015.07.08;08:00:00;382.8;381.5;381.5;382.3;181
2015.07.08;12:00:00;381.5;379.6;380.6;381.5;291
2015.07.08;16:00:00;381.8;380.6;381.5;380.6;151
2015.07.08;20:00:00;382.4;379.9;380.5;381.4;411
2015.07.09;00:00:00;381.4;380.2;381.3;380.4;151
2015.07.09;04:00:00;381.5;379.8;380.3;381.2;251
2015.07.09;08:00:00;380.1;378.9;379.1;379.8;171
2015.07.09;12:00:00;380.9;378.8;380.2;379.3;331
2015.07.09;16:00:00;380.6;377.7;379.1;379.6;531
2015.07.09;20:00:00;379.3;377.6;377.9;379.2;211
2015.07.10;00:00:00;378.2;376.3;377.7;378;351
2015.07.10;04:00:00;377.6;376.2;376.3;377.2;191
2015.07.10;08:00:00;376.6;375.4;375.6;376.3;171
2015.07.10;12:00:00;375.6;373.7;374;375.6;221
2015.07.10;16:00:00;375.2;373.7;375;373.9;191
2015.07.10;20:00:00;375.6;372.4;372.5;375.2;371
2015.07.13;00:00:00;373.2;372.1;372.3;372.4;211
2015.07.13;04:00:00;372.5;371.2;371.8;372.4;201
2015.07.13;08:00:00;372.3;371.6;371.8;372.3;91
2015.07.13;12:00:00;372.3;371.8;372.2;371.8;61
2015.07.13;16:00:00;373.6;371.1;373.3;371.2;291
2015.07.13;20:00:00;373.6;372.4;373.5;373.2;211
2015.07.14;00:00:00;373.6;372.1;372.1;373.4;171
2015.07.14;04:00:00;372.5;371.5;372.1;372.1;201
2015.07.14;08:00:00;372.8;372.1;372.5;372.2;111
2015.07.14;12:00:00;374.5;371.7;373.5;371.7;381
2015.07.14;16:00:00;374.4;373;373.7;373.6;271
2015.07.14;20:00:00;373.8;372.7;373.5;373.8;191
2015.07.15;00:00:00;373.4;372.1;372.1;373.4;131
2015.07.15;04:00:00;372.3;371.2;371.4;372.1;151
2015.07.15;08:00:00;373.2;371.3;371.4;371.9;331
2015.07.15;12:00:00;372;371;371.8;371.3;151
2015.07.15;16:00:00;371.9;371.4;371.8;371.8;101
2015.07.15;20:00:00;371.5;369.5;369.7;371.5;221
2015.07.16;00:00:00;370.8;369.7;370.4;369.7;151
2015.07.16;04:00:00;370.9;368.7;370.5;369.7;361
2015.07.16;08:00:00;370.6;369.1;369.5;370.4;211
2015.07.16;12:00:00;369.6;369.1;369.5;369.5;101
2015.07.16;16:00:00;369.7;368.9;368.9;369.6;91
2015.07.16;20:00:00;369.1;368.8;368.8;369;41
2015.07.17;00:00:00;371.6;367.2;370.5;367.2;551
2015.07.17;04:00:00;370.8;369.4;369.5;370.4;191
2015.07.17;08:00:00;369.5;368.1;368.3;369.4;171
2015.07.17;12:00:00;368.7;367.4;368.4;367.4;161
2015.07.17;16:00:00;368.9;368.1;368.7;368.4;131
2015.07.17;20:00:00;372.5;366.7;372.4;367;621
2015.07.20;00:00:00;372.6;371;372.1;372.3;301
2015.07.20;04:00:00;372.5;371.8;372;372;141
2015.07.20;08:00:00;372.2;371.5;372.1;372;131
2015.07.20;12:00:00;373;371.9;372.9;372.2;151
2015.07.20;16:00:00;374.5;372.8;374;373.3;271
2015.07.20;20:00:00;375.2;373.8;374.6;374.1;231
2015.07.21;00:00:00;375;374;374.4;374.6;181
2015.07.21;04:00:00;375.2;374.6;374.6;374.9;91
2015.07.21;08:00:00;374.8;374;374.3;374.7;121
2015.07.21;12:00:00;375.5;373.7;375.2;373.8;221
2015.07.21;16:00:00;375.5;374.6;375.2;375.3;171
2015.07.21;20:00:00;375.4;374.7;375.4;375.2;121
2015.07.22;00:00:00;376.1;374.9;375.1;375.3;221
2015.07.22;04:00:00;375.9;374.6;375.1;375.1;261
2015.07.22;08:00:00;374.3;369.9;371.3;374.3;581
2015.07.22;12:00:00;371.3;370.4;371;371.2;161
2015.07.22;16:00:00;371.6;370.9;371;370.9;131
2015.07.22;20:00:00;370.8;370.1;370.3;370.5;121
2015.07.23;00:00:00;371.1;370.3;370.9;370.4;111
2015.07.23;04:00:00;370.6;369.3;369.7;370.1;221
2015.07.23;08:00:00;370.2;369.4;370.1;369.8;131
2015.07.23;12:00:00;370.5;370.1;370.4;370.1;51
2015.07.23;16:00:00;371.5;370;371.1;370;191
2015.07.23;20:00:00;371.6;371;371.5;371;71
2015.07.24;00:00:00;374.6;371;374.2;371.2;421
2015.07.24;04:00:00;375.5;373.9;374.7;374.1;261
2015.07.24;08:00:00;375.1;373.1;374.2;374.8;341
2015.07.24;12:00:00;374.1;373.3;373.4;373.9;111
2015.07.24;16:00:00;373.7;372.4;372.5;373.5;161
2015.07.24;20:00:00;373;371.5;372;372.7;231
2015.07.27;00:00:00;371.9;370.6;371;371.9;171
2015.07.27;04:00:00;371.5;370.9;371.1;370.9;101
2015.07.27;08:00:00;373;371.2;372.8;371.3;211
2015.07.27;12:00:00;373.9;372.7;373.4;372.8;181
2015.07.27;16:00:00;374.1;372.3;372.4;372.9;311
2015.07.27;20:00:00;373.1;371.8;372.7;372.4;231
2015.07.28;00:00:00;372.5;371.6;372.1;372.5;141
2015.07.28;04:00:00;372.9;371.1;371.7;371.7;361
2015.07.28;08:00:00;372.1;371.2;371.8;371.6;161
2015.07.28;12:00:00;375.4;372.8;374.6;372.8;341
2015.07.28;16:00:00;375.4;374.4;374.7;374.6;191
2015.07.28;20:00:00;374.7;373.6;373.9;374.6;151
2015.07.29;00:00:00;374.6;373.6;374.1;373.9;181
2015.07.29;04:00:00;374.6;373.8;374.1;373.9;141
2015.07.29;08:00:00;374.7;373.5;374.3;374.1;221
2015.07.29;12:00:00;375.5;374.2;375.3;374.2;151
2015.07.29;16:00:00;375.5;375;375.4;375.3;91
2015.07.29;20:00:00;375.7;375.2;375.6;375.5;91
2015.07.30;00:00:00;375.8;375.1;375.3;375.6;111
2015.07.30;04:00:00;377;375.4;376.4;375.8;261
2015.07.30;08:00:00;377.3;375.9;377.1;376.3;201
2015.07.30;12:00:00;377.3;376.1;376.2;377.2;141
2015.07.30;16:00:00;377.7;375.8;377.3;375.9;241
2015.07.30;20:00:00;377.6;376.6;376.6;377.4;121
2015.07.31;00:00:00;375.4;373.8;375;375;321
2015.07.31;04:00:00;375.7;374.5;375.7;374.9;161
2015.07.31;08:00:00;375.9;374.6;374.7;375.8;151
2015.07.31;12:00:00;376;374.4;374.5;374.9;281
2015.07.31;16:00:00;374.7;374.1;374.1;374.5;81
2015.07.31;20:00:00;374.9;372.8;373.2;374.2;321
2015.08.03;00:00:00;373.2;371.1;371.7;373.1;281
2015.08.03;04:00:00;371.9;370.4;370.6;371.6;201
2015.08.03;08:00:00;371;370.2;370.8;370.4;121
2015.08.03;12:00:00;371.5;370.8;370.8;371.1;111
2015.08.03;16:00:00;367.2;361.1;365.7;364.7;1121
2015.08.03;20:00:00;366.7;364.5;366.7;365.7;341
2015.08.04;00:00:00;367.4;366.3;366.8;366.6;201
2015.08.04;04:00:00;367.8;366.2;367.3;366.5;241
2015.08.04;08:00:00;367.4;366;366;367.3;151
2015.08.04;12:00:00;371.3;363.4;371.1;363.7;841
2015.08.04;16:00:00;371.6;370.3;370.5;371;211
2015.08.04;20:00:00;371.1;369.9;371.1;370.5;181
2015.08.05;00:00:00;372.3;370.4;370.8;371.4;321
2015.08.05;04:00:00;371.4;369.8;369.9;370.5;261
2015.08.05;08:00:00;373.2;369.3;372.6;371.6;681
2015.08.05;12:00:00;372.6;370;370.3;372.6;291
2015.08.05;16:00:00;372.5;370.3;372.5;370.4;231
2015.08.05;20:00:00;372.7;371.4;371.5;372.7;141
2015.08.06;00:00:00;371.8;371.1;371.2;371.6;101
2015.08.06;04:00:00;374.5;371.8;371.9;372.4;491
2015.08.06;08:00:00;372.4;371.4;371.7;371.8;191
2015.08.06;12:00:00;371.9;370.6;370.7;371.7;161
2015.08.06;16:00:00;372.4;370.3;372.1;370.4;251
2015.08.06;20:00:00;372.3;371.4;371.4;372;121
2015.08.07;00:00:00;373;370.5;372.7;370.9;321
2015.08.07;04:00:00;374;372.5;373.3;372.8;251
2015.08.07;08:00:00;373.5;372.4;373.5;373.4;211
2015.08.07;12:00:00;374.3;373.6;374.1;373.6;91
2015.08.07;16:00:00;374.3;373.9;374.2;374.3;71
2015.08.07;20:00:00;370.9;368.4;370.1;368.4;331
2015.08.10;00:00:00;372.5;369;372.4;370;461
2015.08.10;04:00:00;373;372.4;372.9;372.4;71
2015.08.10;08:00:00;372.8;372.2;372.8;372.6;101
2015.08.10;12:00:00;373.5;372.6;372.7;372.8;171
2015.08.10;16:00:00;374.4;372.5;373.4;373.7;351
2015.08.10;20:00:00;374.4;373.2;373.5;373.4;231
2015.08.11;00:00:00;373.7;373.2;373.5;373.4;91
2015.08.11;04:00:00;373.6;371.6;371.9;373.3;261
2015.08.11;08:00:00;371.9;369.9;371.1;371.8;331
2015.08.11;12:00:00;372.9;369.3;370;372;521
2015.08.11;16:00:00;370.1;365.6;367.5;369.9;661
2015.08.11;20:00:00;368.1;366.2;367.7;367.4;351
2015.08.12;00:00:00;368.5;367;367.7;367.7;301
2015.08.12;04:00:00;367.8;366.4;366.6;367.7;171
2015.08.12;08:00:00;368;363.9;365.2;366.5;691
2015.08.12;12:00:00;367.2;365.1;366.5;365.1;281
2015.08.12;16:00:00;366.7;365.9;366.4;366.4;161
2015.08.12;20:00:00;367.1;365.8;366.4;366.1;231
2015.08.13;00:00:00;366.7;365.7;365.9;366.4;151
2015.08.13;04:00:00;368;365.4;366.8;366;441
2015.08.13;08:00:00;367.8;366.5;367.7;366.8;171
2015.08.13;12:00:00;368.3;366.9;367.3;367.7;241
2015.08.13;16:00:00;368.4;367.1;367.5;367.1;221
2015.08.13;20:00:00;368.6;367.4;368.2;367.5;171
2015.08.14;00:00:00;370.4;368.1;369.1;368.3;381
2015.08.14;04:00:00;371.5;368.2;371.2;369.1;451
2015.08.14;08:00:00;371.9;371.2;371.8;371.3;91
2015.08.14;12:00:00;372.4;371.4;372.4;371.5;111
2015.08.14;16:00:00;372.7;371.6;372.2;372.5;191
2015.08.14;20:00:00;373.4;370.3;370.8;371.7;531
2015.08.17;00:00:00;371.3;370.3;371;370.8;181
2015.08.17;04:00:00;372;371;371.5;371.1;161
2015.08.17;08:00:00;372.1;371.4;371.6;371.5;131
2015.08.17;12:00:00;372.5;371.6;372.5;371.7;101
2015.08.17;16:00:00;373;371.6;372.1;372.6;231
2015.08.17;20:00:00;372.6;371.7;372.5;372;131
2015.08.18;00:00:00;372.7;371.9;372.7;372.4;131
2015.08.18;04:00:00;373.3;372.7;373.3;372.7;61
2015.08.18;08:00:00;373.4;373.1;373.3;373.4;51
2015.08.18;12:00:00;374.4;372.7;373.8;373.3;291
2015.08.18;16:00:00;374.6;373.6;374.5;373.9;141
2015.08.18;20:00:00;375;374.1;375;374.6;141
2015.08.19;00:00:00;375.5;374.8;375.3;375;111
2015.08.19;04:00:00;376.3;375.2;375.8;375.2;161
2015.08.19;08:00:00;376.9;375.9;376.1;375.9;181
2015.08.19;12:00:00;376.1;375.5;375.6;376.1;71
2015.08.19;16:00:00;378.1;375.3;376;376.5;511
2015.08.19;20:00:00;377;375.6;376.8;375.9;191
2015.08.20;00:00:00;377.5;376.6;377;376.8;161
2015.08.20;04:00:00;378;377.3;377.3;377.3;141
2015.08.20;08:00:00;378.4;377.3;378.3;377.4;131
2015.08.20;12:00:00;378.3;376.1;377.1;377.6;391
2015.08.20;16:00:00;377.7;377.1;377.2;377.1;111
2015.08.20;20:00:00;377.6;376.5;376.6;377.1;171
2015.08.21;00:00:00;377.3;376.5;376.8;376.5;131
2015.08.21;04:00:00;376.8;375.8;376;376.8;121
2015.08.21;08:00:00;377.5;375.7;376.3;376;331
2015.08.21;12:00:00;376.5;372.9;374.5;376.4;531
2015.08.21;16:00:00;374.6;374.1;374.5;374.6;91
2015.08.21;20:00:00;374.9;373.8;374.7;374.2;171
2015.08.24;00:00:00;374.8;374;374;374.8;81
2015.08.24;04:00:00;376.6;374.2;376.5;374.3;261
2015.08.24;08:00:00;376.9;375.5;375.6;376.5;191
2015.08.24;12:00:00;375.9;375;375.4;375.7;151
2015.08.24;16:00:00;375.9;374.7;375.7;375.5;221
2015.08.24;20:00:00;376;374.7;374.9;375.6;191
2015.08.25;00:00:00;376.7;374.3;375.1;374.3;401
2015.08.25;04:00:00;375.4;374.5;375.2;375.1;171
2015.08.25;08:00:00;375.6;374.9;375.5;375.1;101
2015.08.25;12:00:00;375.7;374.8;375.1;375.4;151
2015.08.25;16:00:00;375.1;373.8;373.9;375.1;141
2015.08.25;20:00:00;371.3;368.4;368.6;370.5;391
2015.08.26;00:00:00;368.7;367.5;367.7;368.6;151
2015.08.26;04:00:00;368.2;367.3;367.7;367.6;171
2015.08.26;08:00:00;367.6;364.8;365.2;367.3;351
2015.08.26;12:00:00;366.5;365.3;365.4;365.3;231
2015.08.26;16:00:00;367;363.1;365.6;365.5;771
2015.08.26;20:00:00;365.9;364.2;364.5;365.5;241
2015.08.27;00:00:00;364.6;363.7;363.7;364.6;91
2015.08.27;04:00:00;363.9;362.3;362.5;363.6;211
2015.08.27;08:00:00;363.5;362.3;363.4;362.4;141
2015.08.27;12:00:00;365.8;363.8;364.4;365.2;321
2015.08.27;16:00:00;364.9;363.7;364.6;364.3;211
2015.08.27;20:00:00;365.2;364.3;365.2;364.5;111
2015.08.28;00:00:00;365.2;363.9;364;364.9;171
2015.08.28;04:00:00;365.5;364;365.3;364.1;181
2015.08.28;08:00:00;366.7;363.1;363.2;366.3;411
2015.08.28;12:00:00;363.9;360.6;361.5;363.1;501
2015.08.28;16:00:00;362.2;361.2;361.9;361.6;171
2015.08.28;20:00:00;361.6;360.1;360.4;361.6;181
2015.08.31;00:00:00;361;360.2;360.8;360.3;111
2015.08.31;04:00:00;361.6;354.3;356;361.4;921
2015.08.31;08:00:00;356.5;354.8;355.7;356.1;301
2015.08.31;12:00:00;356.5;354.9;355;355.7;251
2015.08.31;16:00:00;356.7;353.4;356.4;354;421
2015.08.31;20:00:00;357.2;356.3;356.6;356.6;181
2015.09.01;00:00:00;358.7;353.9;355;356.6;801
2015.09.01;04:00:00;355;353;353.6;354.9;271
2015.09.01;08:00:00;354.7;353.6;354.2;353.7;171
2015.09.01;12:00:00;354.4;349.8;353.8;354.1;891
2015.09.01;16:00:00;353.9;353.8;353.9;353.9;21
2015.09.01;20:00:00;355.4;353.2;355.2;354.7;391
2015.09.02;00:00:00;355.7;353.8;355.2;355.1;371
2015.09.02;04:00:00;356.2;354.9;356.1;355.1;161
2015.09.02;08:00:00;355.8;354.6;355.8;355.8;241
2015.09.02;12:00:00;356;355.3;355.6;355.8;121
2015.09.02;16:00:00;355.6;351.8;354.5;355.6;651
2015.09.02;20:00:00;354.6;353.7;354.4;354.5;171
2015.09.03;00:00:00;355.1;353.9;354.6;354.5;231
2015.09.03;04:00:00;355.5;354.2;355.4;354.6;181
2015.09.03;08:00:00;355.8;354.3;354.7;355.5;221
2015.09.03;12:00:00;355.2;352.7;353.6;355;361
2015.09.03;16:00:00;354.4;352.9;354.3;353.5;221
2015.09.03;20:00:00;355;353.8;354.5;354.2;211
2015.09.04;00:00:00;355;353.7;354.2;354.2;261
2015.09.04;04:00:00;354.2;352.7;352.9;354.1;181
2015.09.04;08:00:00;356;349.7;349.8;354.8;761
2015.09.04;12:00:00;350.5;347.6;348;349.8;401
2015.09.04;16:00:00;348.8;347.1;347.6;347.9;311
2015.09.04;20:00:00;347.8;346.6;347.5;347;191
2015.09.07;00:00:00;347.6;344.2;345.3;347.5;461
2015.09.07;04:00:00;346.5;336.1;338.6;346.4;1301
2015.09.07;08:00:00;338.7;336.5;337;338.5;291
2015.09.07;12:00:00;337.6;336.4;337.4;337;201
2015.09.07;16:00:00;338.6;336.7;336.7;337.2;331
2015.09.07;20:00:00;337.7;336.4;337.4;336.6;181
2015.09.08;00:00:00;343.4;337.6;342.7;339;791
2015.09.08;04:00:00;343.8;342.4;343.4;342.6;201
2015.09.08;08:00:00;343.8;341.9;342.1;343.3;261
2015.09.08;12:00:00;343.1;341.4;341.5;342.2;271
2015.09.08;16:00:00;343;341.5;342.8;341.5;171
2015.09.08;20:00:00;345.6;341;344.4;341.1;591
2015.09.09;00:00:00;345.1;343.7;344.6;344.3;251
2015.09.09;04:00:00;344.7;344.1;344.3;344.5;101
2015.09.09;08:00:00;344.9;343.3;344.8;343.8;221
2015.09.09;12:00:00;345.2;344.2;344.8;344.9;191
2015.09.09;16:00:00;345.4;341.6;342.7;344;631
2015.09.09;20:00:00;343;339.6;339.8;342.7;391
2015.09.10;00:00:00;339.9;338.9;338.9;339.9;101
2015.09.10;04:00:00;338.6;337.7;338.6;338.5;171
2015.09.10;08:00:00;339.6;338.5;339.5;338.7;141
2015.09.10;12:00:00;341.8;339.1;340.6;339.3;411
2015.09.10;16:00:00;340.7;338.5;338.6;340.5;251
2015.09.10;20:00:00;338.6;337.7;338;338.5;131
2015.09.11;00:00:00;338.4;337.7;338.2;337.8;101
2015.09.11;04:00:00;338.9;337.8;338.1;338.2;211
2015.09.11;08:00:00;339;336.8;336.9;338.2;311
2015.09.11;12:00:00;338;336.1;336.8;337;361
2015.09.11;16:00:00;337.1;336;336.1;336.9;141
2015.09.11;20:00:00;336.7;335.6;335.8;336.1;191
2015.09.14;00:00:00;335.8;333.9;334.2;335.7;231
2015.09.14;04:00:00;335.6;331.6;332.5;334.4;611
2015.09.14;08:00:00;333.2;332.1;332.7;332.6;211
2015.09.14;12:00:00;332.9;332.1;332.6;332.7;151
2015.09.14;16:00:00;332.6;331.6;331.6;332.6;101
2015.09.14;20:00:00;331.9;330.8;330.9;331.7;141
2015.09.15;00:00:00;330.4;325.4;326.4;330.2;621
2015.09.15;04:00:00;329;325.8;328.3;326.5;461
2015.09.15;08:00:00;329.3;328.2;329.1;328.2;131
2015.09.15;12:00:00;328.9;325.6;326.2;328.5;431
2015.09.15;16:00:00;326.5;323.3;324;326.4;401
2015.09.15;20:00:00;323.2;317.1;317.6;321.9;791
2015.09.16;00:00:00;318;315.5;316.5;317.6;391
2015.09.16;04:00:00;316.5;313.9;314.1;316.5;281
2015.09.16;08:00:00;313.2;300.6;308.9;312;2211
2015.09.16;12:00:00;311.3;305.9;310.7;308.9;901
2015.09.16;16:00:00;326;309.4;321.8;309.5;2091
2015.09.16;20:00:00;322.9;317.5;320.8;321.9;971
2015.09.17;00:00:00;324.7;320.6;322.4;320.6;641
2015.09.17;04:00:00;328.1;322.6;325.1;322.9;881
2015.09.17;08:00:00;325.9;323.8;323.8;325.3;271
2015.09.17;12:00:00;320.9;315.3;320.5;315.3;601
2015.09.17;16:00:00;324.1;320.4;321.2;320.6;681
2015.09.17;20:00:00;321.4;319.1;320;321.2;341
2015.09.18;00:00:00;322.3;317.7;320.9;317.7;601
2015.09.18;04:00:00;320.7;317.1;318.2;320.7;471
2015.09.18;08:00:00;327.5;321.6;326.1;321.9;761
2015.09.18;12:00:00;328.8;324.7;327.4;326.3;711
2015.09.18;16:00:00;328.4;327.3;328.2;327.5;151
2015.09.18;20:00:00;328.2;326.6;327.6;328.1;271
2015.09.21;00:00:00;329.8;327.4;329.8;327.5;251
2015.09.21;04:00:00;334;329.5;333.3;330.1;581
2015.09.21;08:00:00;333.5;328.6;328.9;333.3;541
2015.09.21;12:00:00;328.9;326.4;328.7;328.8;491
2015.09.21;16:00:00;328.7;326.8;328.3;328.3;381
2015.09.21;20:00:00;329.4;327.4;328.3;328.4;391
2015.09.22;00:00:00;331.1;325.6;325.8;327.3;951
2015.09.22;04:00:00;327;324.5;325;325.9;411
2015.09.22;08:00:00;325.1;322.9;323.5;324.9;301
2015.09.22;12:00:00;323.7;320.7;321.6;322.9;471
2015.09.22;16:00:00;323.9;320.7;323.6;321.5;431
2015.09.22;20:00:00;325.3;321.3;323.2;321.4;621
2015.09.23;00:00:00;323.6;320.3;320.4;323.3;371
2015.09.23;04:00:00;320.5;318.3;319;320.4;301
2015.09.23;08:00:00;319;315.7;317.3;318.8;511
2015.09.23;12:00:00;318;316.6;316.6;317;241
2015.09.23;16:00:00;322.6;318.2;321.6;318.8;601
2015.09.23;20:00:00;321.7;318.6;318.9;321.5;361
2015.09.24;00:00:00;319.5;318.6;318.6;318.9;151
2015.09.24;04:00:00;320.5;318.9;319.9;318.9;221
2015.09.24;08:00:00;320;318.6;319.4;319.8;241
2015.09.24;12:00:00;322;320.3;321.5;320.4;231
2015.09.24;16:00:00;322.5;320.8;322;321.6;301
2015.09.24;20:00:00;322.4;321.9;322.2;322.1;91
2015.09.25;00:00:00;323.4;321.8;322.4;322;281
2015.09.25;04:00:00;324.3;321.6;322.9;322.4;491
2015.09.25;08:00:00;321.3;316.8;317.1;320.6;551
2015.09.25;12:00:00;319.3;316.8;318.2;317.1;391
2015.09.25;16:00:00;318.5;317.4;317.6;318.3;151
2015.09.25;20:00:00;318.3;315.7;316.8;317.7;431
2015.09.28;00:00:00;317.9;316.3;316.3;316.9;261
2015.09.28;04:00:00;316.4;313.7;315.9;314.9;441
2015.09.28;08:00:00;317.7;315.2;316.3;315.9;461
2015.09.28;12:00:00;316.3;315.2;315.9;316.3;181
2015.09.28;16:00:00;316.1;314.2;314.9;316;271
2015.09.28;20:00:00;315.7;314.4;314.9;314.9;261
2015.09.29;00:00:00;316.8;312.7;313.3;316.7;481
2015.09.29;04:00:00;321.5;313;320.9;313.2;931
2015.09.29;08:00:00;321.5;319.8;321;320.9;331
2015.09.29;12:00:00;321.4;320.4;320.5;321;151
2015.09.29;16:00:00;321.2;320.1;320.3;320.4;211
2015.09.29;20:00:00;325;321.4;324.4;321.9;471
2015.09.30;00:00:00;328;324.1;327;324.3;511
2015.09.30;04:00:00;327.6;326.4;327.3;326.9;201
2015.09.30;08:00:00;328.1;326.5;326.5;327.4;231
2015.09.30;12:00:00;326.6;325.1;325.7;326.5;221
2015.09.30;16:00:00;323.8;319.8;322;323.2;681
2015.09.30;20:00:00;323;321;322.4;322;361
2015.10.01;00:00:00;322.8;320.6;321.1;322.4;311
2015.10.01;04:00:00;322.1;320.9;321.2;321.9;171
2015.10.01;08:00:00;322.8;321.2;322.1;321.2;231
2015.10.01;12:00:00;321.8;320.4;321.3;320.4;191
2015.10.01;16:00:00;323.8;321.4;323.6;321.4;261
2015.10.01;20:00:00;325.6;319.5;320.6;325.4;741
2015.10.02;00:00:00;321.3;320.1;321;320.6;201
2015.10.02;04:00:00;321.4;319.7;320.3;321;271
2015.10.02;08:00:00;320.1;318.7;319.5;319.7;261
2015.10.02;12:00:00;320.2;318.9;319;319.5;211
2015.10.02;16:00:00;321.8;317.8;319.4;320.8;661
2015.10.02;20:00:00;319.4;317.8;318.1;319.3;201
2015.10.05;00:00:00;318.4;317.1;317.2;318;181
2015.10.05;04:00:00;318.4;317.2;318.1;317.2;151
2015.10.05;08:00:00;320;318.1;319.8;318.3;231
2015.10.05;12:00:00;322.2;319.6;321.2;319.9;391
2015.10.05;16:00:00;323.3;320.3;321.8;321.3;551
2015.10.05;20:00:00;321.9;320.3;321.1;321.7;261
2015.10.06;00:00:00;321.9;320.6;321.5;321.2;231
2015.10.06;04:00:00;322.3;321.5;322.2;321.5;91
2015.10.06;08:00:00;325.1;322;324.5;323.1;481
2015.10.06;12:00:00;325.4;323.2;323.3;324.5;321
2015.10.06;16:00:00;324.9;323.1;324.8;323.2;201
2015.10.06;20:00:00;325;324.4;325;324.8;101
2015.10.07;00:00:00;325.3;324.7;324.8;324.8;121
2015.10.07;04:00:00;327.8;322.1;326.4;322.8;781
2015.10.07;08:00:00;326.5;324.9;325.4;326.5;211
2015.10.07;12:00:00;325.4;320.7;321.4;325.3;551
2015.10.07;16:00:00;321.7;319.8;320.9;321.3;341
2015.10.07;20:00:00;322.2;320.5;321;321;341
2015.10.08;00:00:00;320.8;317.8;319;319.3;571
2015.10.08;04:00:00;321.9;318.8;321.8;318.9;331
2015.10.08;08:00:00;322.7;321.5;322.5;321.9;181
2015.10.08;12:00:00;323.6;321.9;322.3;322.6;311
2015.10.08;16:00:00;323.3;321.4;321.6;322.3;311
2015.10.08;20:00:00;324.5;322;323.2;323.3;491
2015.10.09;00:00:00;324.6;319.7;319.7;323.3;621
2015.10.09;04:00:00;320.1;319;319.4;319.8;181
2015.10.09;08:00:00;319.2;318.1;318.4;318.8;181
2015.10.09;12:00:00;318.6;317.5;317.8;318.3;171
2015.10.09;16:00:00;319.3;315.5;315.6;318.4;481
2015.10.09;20:00:00;318.3;315;316.9;315.5;521
2015.10.12;00:00:00;318.7;316.9;317.6;317;301
2015.10.12;04:00:00;317.5;316.8;317.2;317.2;141
2015.10.12;08:00:00;317.5;316;316.5;317.1;241
2015.10.12;12:00:00;315;312.9;313.1;314.9;241
2015.10.12;16:00:00;314.5;312.7;313.5;313.1;321
2015.10.12;20:00:00;317.3;313.4;315.9;315.3;721
2015.10.13;00:00:00;317.1;315.4;316.7;315.9;261
2015.10.13;04:00:00;317;316;316.1;316.6;151
2015.10.13;08:00:00;316.4;315.2;315.2;315.8;181
2015.10.13;12:00:00;315.9;314.5;315.2;315.3;271
2015.10.13;16:00:00;314.7;308.7;310.2;313.8;841
2015.10.13;20:00:00;312.2;309.9;311.4;310.1;331
2015.10.14;00:00:00;311.4;310.1;310.2;311.4;141
2015.10.14;04:00:00;309.7;307.4;307.6;308.9;331
2015.10.14;08:00:00;308.1;307.2;307.2;307.6;141
2015.10.14;12:00:00;307.7;304.6;305.4;307;461
2015.10.14;16:00:00;310.2;304.6;309.4;305.4;721
2015.10.14;20:00:00;310.9;309.4;310.8;309.4;161
2015.10.15;00:00:00;310.8;309.1;310.4;310.6;321
2015.10.15;04:00:00;311.3;310;310.3;310.5;241
2015.10.15;08:00:00;312.4;309.5;310.5;311.4;491
2015.10.15;12:00:00;312.7;310.4;311.6;310.4;341
2015.10.15;16:00:00;312.2;311;311.7;311.7;241
2015.10.15;20:00:00;312.4;311.2;312;311.8;221
2015.10.16;00:00:00;312.2;310;310.1;312;251
2015.10.16;04:00:00;314.8;311.6;314.8;313.2;481
2015.10.16;08:00:00;314.9;312.6;312.6;314.7;251
2015.10.16;12:00:00;312.7;311.2;312.3;312.6;271
2015.10.16;16:00:00;311.9;310.2;310.6;311.6;241
2015.10.16;20:00:00;311.1;309.2;309.7;310.7;281
2015.10.19;00:00:00;312.7;307.5;310.4;312.2;861
2015.10.19;04:00:00;311.2;309.2;310.8;310.4;361
2015.10.19;08:00:00;311.1;310.3;310.9;310.8;151
2015.10.19;12:00:00;311.7;308.1;308.6;310.7;511
2015.10.19;16:00:00;312.2;308.7;311.6;308.7;411
2015.10.19;20:00:00;316.3;313.4;316;314.2;401
2015.10.20;00:00:00;316.6;315.1;316.2;316;281
2015.10.20;04:00:00;318.5;316;318.1;316.1;301
2015.10.20;08:00:00;319.8;318.2;319.5;318.2;191
2015.10.20;12:00:00;320.1;319.1;319.5;319.6;191
2015.10.20;16:00:00;322.3;320;321.4;320.2;341
2015.10.20;20:00:00;323.5;321.1;323;321.3;311
2015.10.21;00:00:00;323.9;322.5;323.7;323.1;221
2015.10.21;04:00:00;325.5;323.4;324.2;323.7;371
2015.10.21;08:00:00;324.3;322.1;322.6;324.1;291
2015.10.21;12:00:00;326.4;321.8;325.7;323;651
2015.10.21;16:00:00;330.6;325.8;330.6;325.8;481
2015.10.21;20:00:00;331.6;330.4;331.1;330.6;191
2015.10.22;00:00:00;334.1;330.9;334.1;331.5;381
2015.10.22;04:00:00;334.2;332.3;332.7;334.2;231
2015.10.22;08:00:00;334.7;329.1;329.9;333.6;751
2015.10.22;12:00:00;330.4;328.2;329.1;329.8;371
2015.10.22;16:00:00;329.7;328.3;328.7;329;251
2015.10.22;20:00:00;330.2;328.8;329.7;329.2;231
2015.10.23;00:00:00;330;329.1;329.5;329.8;151
2015.10.23;04:00:00;336.5;331;336.3;331.7;641
2015.10.23;08:00:00;337.2;334.3;335.1;336.2;471
2015.10.23;12:00:00;336;334.6;336;335.2;201
2015.10.23;16:00:00;338.5;336.2;337.8;336.2;301
2015.10.23;20:00:00;338.4;336.1;336.2;337.8;301
2015.10.25;23:00:00;339.6;333.9;339.6;336.5;831
2015.10.26;00:00:00;340.5;338.6;339.9;339.5;341
2015.10.26;04:00:00;340.1;339.3;340.1;339.9;141
2015.10.26;08:00:00;340.4;339.2;339.2;340;161
2015.10.26;12:00:00;339.9;339;339.4;339.2;161
2015.10.26;16:00:00;340.3;336.4;337.5;340.3;501
2015.10.26;20:00:00;337.6;334.8;335.4;337.5;351
2015.10.27;00:00:00;335.5;333.9;334.2;335.5;191
2015.10.27;04:00:00;335.2;333.7;334.7;334.6;291
2015.10.27;08:00:00;335.8;334.5;334.6;334.7;251
2015.10.27;12:00:00;336.7;331.5;335.4;334.2;921
2015.10.27;16:00:00;335.3;332.2;333.3;335.3;421
2015.10.27;20:00:00;333.9;332.5;333.8;333.2;221
2015.10.28;00:00:00;335.2;333.6;335.1;333.7;181
2015.10.28;04:00:00;335.1;333.8;334.2;335.1;171
2015.10.28;08:00:00;338.4;333.6;338;334.5;611
2015.10.28;12:00:00;338.2;335.7;336.9;338.1;381
2015.10.28;16:00:00;337.9;336.6;337.7;336.8;171
2015.10.28;20:00:00;339.2;337.5;337.8;337.7;331
2015.10.29;00:00:00;337.9;337;337.5;337.7;161
2015.10.29;04:00:00;341;338.1;339.3;339.8;531
2015.10.29;08:00:00;340;338.3;339.4;339.4;341
2015.10.29;12:00:00;340.4;339.2;339.9;339.5;201
2015.10.29;16:00:00;340.3;339.3;339.9;339.7;181
2015.10.29;20:00:00;340.8;339.5;340.2;339.9;231
2015.10.30;00:00:00;339.3;336.8;338.3;339.2;411
2015.10.30;04:00:00;339.3;337.7;338.3;338.2;311
2015.10.30;08:00:00;339.1;338;338.3;338.3;221
2015.10.30;12:00:00;339;337.8;338.4;338.9;191
2015.10.30;16:00:00;338.8;338.2;338.3;338.5;101
2015.10.30;20:00:00;339.1;337.4;338.5;338.2;311
2015.11.02;00:00:00;339.7;337.7;338.9;338.6;371
2015.11.02;04:00:00;339.3;337.4;338.2;338.9;311
2015.11.02;08:00:00;339.2;338.1;338.8;338.6;201
2015.11.02;12:00:00;339.5;338.7;339.2;338.9;131
2015.11.02;16:00:00;340.4;338.9;339.4;339.6;281
2015.11.02;20:00:00;339.7;336.9;337.7;339.4;391
2015.11.03;00:00:00;338.3;337.7;338;337.8;101
2015.11.03;04:00:00;339.8;337.7;338.9;338.4;371
2015.11.03;08:00:00;339.6;338;338.5;338.9;281
2015.11.03;12:00:00;341;338.2;340.1;338.6;411
2015.11.03;16:00:00;340.5;339.3;339.5;340;191
2015.11.03;20:00:00;340.1;339.5;340;339.6;81
2015.11.04;00:00:00;343.7;340.2;343;340.3;431
2015.11.04;04:00:00;344.2;343;344.2;343.1;131
2015.11.04;08:00:00;345.3;343;343.9;344.1;441
2015.11.04;12:00:00;344.5;343.6;344.3;343.9;141
2015.11.04;16:00:00;344.4;343.8;344.2;344.3;111
2015.11.04;20:00:00;346.5;344.3;346.1;344.3;261
2015.11.05;00:00:00;346.6;345.4;346.4;346.3;231
2015.11.05;04:00:00;348.2;346.2;347;346.5;875
2015.11.05;08:00:00;347.4;346;346;347;520
2015.11.05;12:00:00;346.2;345.4;345.5;346.1;247
2015.11.05;16:00:00;347;345.8;346.3;346.2;330
2015.11.05;20:00:00;346.7;345.9;346.3;346.4;336
2015.11.06;00:00:00;346;342;342.3;345.8;1366
2015.11.06;04:00:00;344;340.6;341;342.3;899
2015.11.06;08:00:00;341.6;340.9;341.5;341;231
2015.11.06;12:00:00;342.2;340.4;341.1;340.7;150
2015.11.06;16:00:00;342.3;340.3;340.9;340.6;529
2015.11.06;20:00:00;343.2;340.3;340.8;341.8;899
2015.11.09;00:00:00;341.7;339.6;340.7;340.7;527
2015.11.09;04:00:00;341.4;340.2;340.2;340.6;182
2015.11.09;08:00:00;341;339.4;340.7;340.3;450
2015.11.09;12:00:00;342;340.6;341.4;340.7;258
2015.11.09;16:00:00;343;337.7;337.8;342.2;1325
2015.11.09;20:00:00;337.8;335;335.5;337.7;938
2015.11.10;00:00:00;336.3;334.9;335.3;335.5;456
2015.11.10;04:00:00;336.4;334.9;336.2;335.1;253
2015.11.10;08:00:00;337.1;335.9;336.7;336.3;242
2015.11.10;12:00:00;337.2;332.7;336.8;337;2209
2015.11.10;16:00:00;336.9;334.3;335.3;336.7;1151
2015.11.10;20:00:00;336;334.8;335.3;335.2;294
2015.11.11;00:00:00;331.5;329.7;330.4;330.9;1013
2015.11.11;04:00:00;333.1;330;333.1;330.5;1249
2015.11.11;08:00:00;334.4;333.1;334;334;691
2015.11.11;12:00:00;334.5;333.5;334;334;141
2015.11.11;16:00:00;338.5;335.8;336.4;338.5;856
2015.11.11;20:00:00;337.3;335.7;336.6;336.5;795
2015.11.12;00:00:00;337.9;336.4;337.7;336.8;444
2015.11.12;04:00:00;338.6;337;338.4;337.8;208
2015.11.12;08:00:00;341.1;338.4;338.9;338.4;731
2015.11.12;12:00:00;341.1;339;340.8;339;810
2015.11.12;16:00:00;342.1;340.8;340.9;340.9;300
2015.11.12;20:00:00;341.2;340;340.4;340.9;230
2015.11.13;00:00:00;340.8;337.9;340.6;337.9;972
2015.11.13;04:00:00;340.7;338;338.3;340.7;1132
2015.11.13;08:00:00;339.9;338.5;338.5;338.5;376
2015.11.13;12:00:00;339;337.7;338.7;338.5;335
2015.11.13;16:00:00;338.3;335.8;338.2;336;1678
2015.11.13;20:00:00;338.1;336.1;336.6;338.1;664
2015.11.16;00:00:00;336.3;334.6;334.9;335.6;552
2015.11.16;04:00:00;336.4;334.9;336.4;334.9;137
2015.11.16;08:00:00;338;334.4;335.8;334.5;1040
2015.11.16;12:00:00;335.9;333.2;333.6;335.9;1179
2015.11.16;16:00:00;333.9;332.7;333.2;333.1;505
2015.11.16;20:00:00;333.3;332.4;332.4;333.1;119
2015.11.17;00:00:00;331.3;330.5;330.7;330.6;840
2015.11.17;04:00:00;330.7;330.2;330.5;330.6;233
2015.11.17;08:00:00;336.6;333.3;334.4;336.5;1425
2015.11.17;12:00:00;334.8;332.6;332.8;334.3;1408
2015.11.17;16:00:00;333.5;332.6;332.6;332.7;262
2015.11.17;20:00:00;332.8;331.9;332.7;332.6;73
2015.11.18;00:00:00;332.9;329.6;329.6;332.6;1585
2015.11.18;04:00:00;331;329.1;329.8;329.6;1163
2015.11.18;08:00:00;331.2;329.5;329.6;329.9;266
2015.11.18;12:00:00;329.2;327.5;327.7;328.9;677
2015.11.18;16:00:00;328.4;327.5;327.9;327.7;317
2015.11.18;20:00:00;329.1;325.7;326.4;326.7;1898
2015.11.19;00:00:00;326.4;324.7;325.8;326.4;1504
2015.11.19;04:00:00;326.6;325.1;325.1;325.8;421
2015.11.19;08:00:00;324.6;322.7;323.9;324.6;487
2015.11.19;12:00:00;324.4;322.6;323.8;324;320
2015.11.19;16:00:00;323.9;321.4;322.9;322.6;1715
2015.11.19;20:00:00;324.6;321.9;324.4;323;1040
2015.11.20;00:00:00;326.3;324.2;325.6;324.3;305
2015.11.20;04:00:00;326.2;324.9;324.9;326.1;141
2015.11.20;08:00:00;325.7;324.9;325.2;324.9;327
2015.11.20;12:00:00;328.7;326.5;326.7;328;1366
2015.11.20;16:00:00;327.3;324.6;325.2;326.7;1227
2015.11.20;20:00:00;326;324.9;325.2;325.1;328
2015.11.23;00:00:00;326.2;325.3;326;325.5;131
2015.11.23;04:00:00;327.1;325.3;326.7;325.8;138
2015.11.23;08:00:00;326;321.6;322;325.9;1391
2015.11.23;12:00:00;322.8;321.2;322.6;322;1499
2015.11.23;16:00:00;322.6;321;321.1;322.6;313
2015.11.23;20:00:00;321.2;320.6;321;320.9;332
2015.11.24;00:00:00;321.8;321;321.6;321;295
2015.11.24;04:00:00;326.6;322.5;325.9;322.6;1406
2015.11.24;08:00:00;327.9;325.4;327.3;326;1012
2015.11.24;12:00:00;327.5;326.1;326.5;327.4;318
2015.11.24;16:00:00;327.4;326.1;326.8;326.8;292
2015.11.24;20:00:00;327.3;326.2;326.6;326.7;407
2015.11.25;00:00:00;326.8;322.7;324.2;326.8;1477
2015.11.25;04:00:00;325.9;323.8;325.2;324.1;757
2015.11.25;08:00:00;326.2;324.9;326;325.1;224
2015.11.25;12:00:00;326.2;325.6;326.1;325.7;52
2015.11.25;16:00:00;327.1;325.6;326.5;326.1;331
2015.11.25;20:00:00;326.6;323.6;324.6;326.4;750
2015.11.26;00:00:00;325.4;323.8;323.9;324.5;910
2015.11.26;04:00:00;323.9;322.6;322.8;323.9;300
2015.11.26;08:00:00;323.2;322;322.8;322.5;145
2015.11.26;12:00:00;323.5;322.7;323.3;322.7;162
2015.11.26;16:00:00;324.4;322.1;324.2;322.3;895
2015.11.26;20:00:00;327.8;323.7;326.9;324.2;470
2015.11.27;00:00:00;327;325.2;325.9;327;297
2015.11.27;04:00:00;327;325.8;325.9;325.8;340
2015.11.27;08:00:00;326.8;325.7;326.6;325.9;504
2015.11.27;12:00:00;326.8;321.8;322.1;326.6;789
2015.11.27;16:00:00;323.3;320.8;321.8;322.2;676
2015.11.27;20:00:00;322;321.1;321.2;321.7;236
2015.11.30;00:00:00;322.4;321.1;321.3;321.4;864
2015.11.30;04:00:00;322.6;321.1;322.2;321.2;717
2015.11.30;08:00:00;323.4;320.5;321.6;321.7;865
2015.11.30;12:00:00;322.3;321.2;322;321.7;634
2015.11.30;16:00:00;322.2;320.6;321.1;322.1;277
2015.11.30;20:00:00;322;320.3;321.1;321.2;237
2015.12.01;00:00:00;321.5;320.6;321.2;321.3;580
2015.12.01;04:00:00;321.2;316.5;316.9;321.2;2403
2015.12.01;08:00:00;317.7;315.9;317.5;316.8;1571
2015.12.01;12:00:00;318.4;317.5;318.1;317.6;284
2015.12.01;16:00:00;318.4;316.4;316.7;318.1;351
2015.12.01;20:00:00;317.4;316.4;316.7;316.6;540
2015.12.02;00:00:00;320.6;317.6;319.6;318.2;2302
2015.12.02;04:00:00;320.5;317.7;318.3;319.5;1846
2015.12.02;08:00:00;320;317.9;318.4;318.4;549
2015.12.02;12:00:00;318.7;317.3;318.2;317.8;533
2015.12.02;16:00:00;319.5;317.8;318.6;318.2;712
2015.12.02;20:00:00;321.4;317.9;321;318.9;1453
2015.12.03;00:00:00;321.9;319.3;320.1;321;1642
2015.12.03;04:00:00;320.6;319.2;320.6;320.1;298
2015.12.03;08:00:00;321;320.2;320.9;320.4;583
2015.12.03;12:00:00;321.6;320.6;320.9;320.9;439
2015.12.03;16:00:00;323.9;321.6;322.1;321.6;2175
2015.12.03;20:00:00;323.3;320.8;321.3;322.1;1608
2015.12.04;00:00:00;321.7;320.6;321.1;321.4;363
2015.12.04;04:00:00;321.4;320.6;320.8;321.2;324
2015.12.04;08:00:00;321.2;319.9;320;320.8;594
2015.12.04;12:00:00;320.5;317.1;319.7;318.6;1778
2015.12.04;16:00:00;321.8;319.4;321.6;319.8;950
2015.12.04;20:00:00;322.3;321.4;322.1;321.6;299
2015.12.07;00:00:00;322.8;320.8;321.2;322;467
2015.12.07;04:00:00;322;319.6;319.7;321.3;548
2015.12.07;08:00:00;320.5;318.1;320.2;318.6;1417
2015.12.07;12:00:00;321;319.4;320.6;320.2;974
2015.12.07;16:00:00;321.2;319.8;320.9;320.7;300
2015.12.07;20:00:00;320.6;319.7;319.7;319.7;229
2015.12.08;00:00:00;322.2;319.6;321.6;319.8;593
2015.12.08;04:00:00;325.3;323.5;324.9;323.7;1570
2015.12.08;08:00:00;325.1;323.6;324.7;324.9;831
2015.12.08;12:00:00;324.8;323.9;324.5;324.8;180
2015.12.08;16:00:00;324.6;324;324;324.5;65
2015.12.08;20:00:00;324.1;322.5;322.5;324;295
2015.12.09;00:00:00;322.7;319.8;321.2;322.7;1264
2015.12.09;04:00:00;321.6;320.6;321;321.3;881
2015.12.09;08:00:00;321.1;320.3;320.5;321.1;254
2015.12.09;12:00:00;320.2;318;318.1;320.2;153
2015.12.09;16:00:00;320.1;317.7;319.5;318.2;773
2015.12.09;20:00:00;320.9;319;320.3;319.2;1204
2015.12.10;00:00:00;320.7;319.6;319.8;320.4;876
2015.12.10;04:00:00;319.9;318.6;318.6;319.8;363
2015.12.10;08:00:00;318.6;317.2;318.3;317.2;716
2015.12.10;12:00:00;320.9;317.9;318.7;318.4;579
2015.12.10;16:00:00;319.2;316.9;318.2;317.3;944
2015.12.10;20:00:00;319.7;317.5;318.1;318.3;689
2015.12.11;00:00:00;318.3;317.1;318;318.1;206
2015.12.11;04:00:00;318.3;317.2;317.7;318.1;383
2015.12.11;08:00:00;318.6;317.2;317.9;317.7;557
2015.12.11;12:00:00;319.1;316.5;317.1;318.9;713
2015.12.11;16:00:00;317.3;316.2;316.6;317.2;611
2015.12.11;20:00:00;316.6;315.7;315.8;316.5;224
2015.12.14;00:00:00;315.8;313.6;313.7;315.8;487
2015.12.14;04:00:00;314.5;312.7;313.9;313.7;1061
2015.12.14;08:00:00;315;311.2;313.5;313.4;1452
2015.12.14;12:00:00;314.1;312.3;313;313.5;973
2015.12.14;16:00:00;314.1;312.7;313.2;313;280
2015.12.14;20:00:00;313.1;311.7;312.8;312.9;444
2015.12.15;00:00:00;313.1;310.2;311.1;312.8;927
2015.12.15;04:00:00;316;312;314.9;313.1;1350
2015.12.15;08:00:00;315.6;313.2;314.2;314.8;797
2015.12.15;12:00:00;314.9;314.1;314.5;314.2;197
2015.12.15;16:00:00;316.1;314.6;316;314.6;230
2015.12.15;20:00:00;317.1;316;316.3;316.1;436
