DATE;TIME;HIGH;LOW;CLOSE;OPEN;VOLUME
2015.04.27;12:00:00;0;0;0;0;0
2015.04.27;16:00:00;0;0;0;0;0
2015.04.27;20:00:00;0;0;0;0;0
2015.04.28;00:00:00;0;0;0;0;0
2015.04.28;04:00:00;0;0;0;0;0
2015.04.28;08:00:00;0;0;0;0;0
2015.04.28;12:00:00;0;0;0;0;0
2015.04.28;16:00:00;0;0;0;0;0
2015.04.28;20:00:00;0;0;0;0;0
2015.04.29;00:00:00;0;0;0;0;0
2015.04.29;04:00:00;0;0;0;0;0
2015.04.29;08:00:00;0;0;0;0;0
2015.04.29;12:00:00;0;0;0;0;0
2015.04.29;16:00:00;0;0;0;0;0
2015.04.29;20:00:00;0;0;0;0;0
2015.04.30;00:00:00;0;0;0;0;0
2015.04.30;04:00:00;0;0;0;0;0
2015.04.30;08:00:00;0;0;0;0;0
2015.04.30;12:00:00;0;0;0;0;0
2015.04.30;16:00:00;0;0;0;0;0
2015.04.30;20:00:00;0;0;0;0;0
2015.05.01;00:00:00;0;0;0;0;0
2015.05.01;04:00:00;0;0;0;0;0
2015.05.01;08:00:00;0;0;0;0;0
2015.05.01;12:00:00;0;0;0;0;0
2015.05.01;16:00:00;0;0;0;0;0
2015.05.01;20:00:00;0;0;0;0;0
2015.05.04;00:00:00;0;0;0;0;0
2015.05.04;04:00:00;0;0;0;0;0
2015.05.04;08:00:00;0;0;0;0;0
2015.05.04;12:00:00;0;0;0;0;0
2015.05.04;16:00:00;0;0;0;0;0
2015.05.04;20:00:00;0;0;0;0;0
2015.05.05;00:00:00;0;0;0;0;0
2015.05.05;04:00:00;0;0;0;0;0
2015.05.05;08:00:00;0;0;0;0;0
2015.05.05;12:00:00;0;0;0;0;0
2015.05.05;16:00:00;0;0;0;0;0
2015.05.05;20:00:00;0;0;0;0;0
2015.05.06;00:00:00;0;0;0;0;0
2015.05.06;04:00:00;0;0;0;0;0
2015.05.06;08:00:00;0;0;0;0;0
2015.05.06;12:00:00;0;0;0;0;0
2015.05.06;16:00:00;0;0;0;0;0
2015.05.06;20:00:00;0;0;0;0;0
2015.05.07;00:00:00;0;0;0;0;0
2015.05.07;04:00:00;0;0;0;0;0
2015.05.07;08:00:00;0;0;0;0;0
2015.05.07;12:00:00;0;0;0;0;0
2015.05.07;16:00:00;0;0;0;0;0
2015.05.07;20:00:00;0;0;0;0;0
2015.05.08;00:00:00;0;0;0;0;0
2015.05.08;04:00:00;0;0;0;0;0
2015.05.08;08:00:00;0;0;0;0;0
2015.05.08;12:00:00;0;0;0;0;0
2015.05.08;16:00:00;0;0;0;0;0
2015.05.08;20:00:00;0;0;0;0;0
2015.05.11;00:00:00;0;0;0;0;0
2015.05.11;04:00:00;0;0;0;0;0
2015.05.11;08:00:00;0;0;0;0;0
2015.05.11;12:00:00;0;0;0;0;0
2015.05.11;16:00:00;0;0;0;0;0
2015.05.11;20:00:00;0;0;0;0;0
2015.05.12;00:00:00;0;0;0;0;0
2015.05.12;04:00:00;0;0;0;0;0
2015.05.12;08:00:00;0;0;0;0;0
2015.05.12;12:00:00;0;0;0;0;0
2015.05.12;16:00:00;0;0;0;0;0
2015.05.12;20:00:00;0;0;0;0;0
2015.05.13;00:00:00;0;0;0;0;0
2015.05.13;04:00:00;0;0;0;0;0
2015.05.13;08:00:00;0;0;0;0;0
2015.05.13;12:00:00;0;0;0;0;0
2015.05.13;16:00:00;0;0;0;0;0
2015.05.13;20:00:00;0;0;0;0;0
2015.05.14;00:00:00;0;0;0;0;0
2015.05.14;04:00:00;0;0;0;0;0
2015.05.14;08:00:00;0;0;0;0;0
2015.05.14;12:00:00;0;0;0;0;0
2015.05.14;16:00:00;0;0;0;0;0
2015.05.14;20:00:00;0;0;0;0;0
2015.05.15;00:00:00;0;0;0;0;0
2015.05.15;04:00:00;0;0;0;0;0
2015.05.15;08:00:00;0;0;0;0;0
2015.05.15;12:00:00;0;0;0;0;0
2015.05.15;16:00:00;0;0;0;0;0
2015.05.15;20:00:00;0;0;0;0;0
2015.05.18;00:00:00;0;0;0;0;0
2015.05.18;04:00:00;0;0;0;0;0
2015.05.18;08:00:00;0;0;0;0;0
2015.05.18;12:00:00;0;0;0;0;0
2015.05.18;16:00:00;0;0;0;0;0
2015.05.18;20:00:00;0;0;0;0;0
2015.05.19;00:00:00;0;0;0;0;0
2015.05.19;04:00:00;0;0;0;0;0
2015.05.19;08:00:00;0;0;0;0;0
2015.05.19;12:00:00;0;0;0;0;0
2015.05.19;16:00:00;0;0;0;0;0
2015.05.19;20:00:00;0;0;0;0;0
2015.05.20;00:00:00;0;0;0;0;0
2015.05.20;04:00:00;0;0;0;0;0
2015.05.20;08:00:00;0;0;0;0;0
2015.05.20;12:00:00;0;0;0;0;0
2015.05.20;16:00:00;0;0;0;0;0
2015.05.20;20:00:00;0;0;0;0;0
2015.05.21;00:00:00;0;0;0;0;0
2015.05.21;04:00:00;0;0;0;0;0
2015.05.21;08:00:00;0;0;0;0;0
2015.05.21;12:00:00;0;0;0;0;0
2015.05.21;16:00:00;0;0;0;0;0
2015.05.21;20:00:00;0;0;0;0;0
2015.05.22;00:00:00;0;0;0;0;0
2015.05.22;04:00:00;0;0;0;0;0
2015.05.22;08:00:00;0;0;0;0;0
2015.05.22;12:00:00;0;0;0;0;0
2015.05.22;16:00:00;0;0;0;0;0
2015.05.22;20:00:00;0;0;0;0;0
2015.05.25;00:00:00;0;0;0;0;0
2015.05.25;04:00:00;0;0;0;0;0
2015.05.25;08:00:00;0;0;0;0;0
2015.05.25;12:00:00;0;0;0;0;0
2015.05.25;16:00:00;0;0;0;0;0
2015.05.25;20:00:00;0;0;0;0;0
2015.05.26;00:00:00;0;0;0;0;0
2015.05.26;04:00:00;0;0;0;0;0
2015.05.26;08:00:00;0;0;0;0;0
2015.05.26;12:00:00;0;0;0;0;0
2015.05.26;16:00:00;0;0;0;0;0
2015.05.26;20:00:00;0;0;0;0;0
2015.05.27;00:00:00;0;0;0;0;0
2015.05.27;04:00:00;0;0;0;0;0
2015.05.27;08:00:00;0;0;0;0;0
2015.05.27;12:00:00;0;0;0;0;0
2015.05.27;16:00:00;0;0;0;0;0
2015.05.27;20:00:00;0;0;0;0;0
2015.05.28;00:00:00;0;0;0;0;0
2015.05.28;04:00:00;0;0;0;0;0
2015.05.28;08:00:00;0;0;0;0;0
2015.05.28;12:00:00;0;0;0;0;0
2015.05.28;16:00:00;0;0;0;0;0
2015.05.28;20:00:00;0;0;0;0;0
2015.05.29;00:00:00;0;0;0;0;0
2015.05.29;04:00:00;0;0;0;0;0
2015.05.29;08:00:00;0;0;0;0;0
2015.05.29;12:00:00;0;0;0;0;0
2015.05.29;16:00:00;0;0;0;0;0
2015.05.29;20:00:00;0;0;0;0;0
2015.06.01;00:00:00;0;0;0;0;0
2015.06.01;04:00:00;0;0;0;0;0
2015.06.01;08:00:00;0;0;0;0;0
2015.06.01;12:00:00;0;0;0;0;0
2015.06.01;16:00:00;0;0;0;0;0
2015.06.01;20:00:00;0;0;0;0;0
2015.06.02;00:00:00;0;0;0;0;0
2015.06.02;04:00:00;0;0;0;0;0
2015.06.02;08:00:00;0;0;0;0;0
2015.06.02;12:00:00;0;0;0;0;0
2015.06.02;16:00:00;0;0;0;0;0
2015.06.02;20:00:00;0;0;0;0;0
2015.06.03;00:00:00;0;0;0;0;0
2015.06.03;04:00:00;0;0;0;0;0
2015.06.03;08:00:00;0;0;0;0;0
2015.06.03;12:00:00;0;0;0;0;0
2015.06.03;16:00:00;0;0;0;0;0
2015.06.03;20:00:00;0;0;0;0;0
2015.06.04;00:00:00;0;0;0;0;0
2015.06.04;04:00:00;0;0;0;0;0
2015.06.04;08:00:00;0;0;0;0;0
2015.06.04;12:00:00;0;0;0;0;0
2015.06.04;16:00:00;0;0;0;0;0
2015.06.04;20:00:00;0;0;0;0;0
2015.06.05;00:00:00;0;0;0;0;0
2015.06.05;04:00:00;0;0;0;0;0
2015.06.05;08:00:00;0;0;0;0;0
2015.06.05;12:00:00;0;0;0;0;0
2015.06.05;16:00:00;0;0;0;0;0
2015.06.05;20:00:00;0;0;0;0;0
2015.06.08;00:00:00;0;0;0;0;0
2015.06.08;04:00:00;0;0;0;0;0
2015.06.08;08:00:00;0;0;0;0;0
2015.06.08;12:00:00;0;0;0;0;0
2015.06.08;16:00:00;0;0;0;0;0
2015.06.08;20:00:00;0;0;0;0;0
2015.06.09;00:00:00;0;0;0;0;0
2015.06.09;04:00:00;0;0;0;0;0
2015.06.09;08:00:00;0;0;0;0;0
2015.06.09;12:00:00;0;0;0;0;0
2015.06.09;16:00:00;0;0;0;0;0
2015.06.09;20:00:00;0;0;0;0;0
2015.06.10;00:00:00;0;0;0;0;0
2015.06.10;04:00:00;0;0;0;0;0
2015.06.10;08:00:00;0;0;0;0;0
2015.06.10;12:00:00;0;0;0;0;0
2015.06.10;16:00:00;0;0;0;0;0
2015.06.10;20:00:00;0;0;0;0;0
2015.06.11;00:00:00;0;0;0;0;0
2015.06.11;04:00:00;0;0;0;0;0
2015.06.11;08:00:00;0;0;0;0;0
2015.06.11;12:00:00;0;0;0;0;0
2015.06.11;16:00:00;0;0;0;0;0
2015.06.11;20:00:00;0;0;0;0;0
2015.06.12;00:00:00;0;0;0;0;0
2015.06.12;04:00:00;0;0;0;0;0
2015.06.12;08:00:00;0;0;0;0;0
2015.06.12;12:00:00;0;0;0;0;0
2015.06.12;16:00:00;0;0;0;0;0
2015.06.12;20:00:00;0;0;0;0;0
2015.06.15;00:00:00;0;0;0;0;0
2015.06.15;04:00:00;0;0;0;0;0
2015.06.15;08:00:00;0;0;0;0;0
2015.06.15;12:00:00;0;0;0;0;0
2015.06.15;16:00:00;0;0;0;0;0
2015.06.15;20:00:00;0;0;0;0;0
2015.06.16;00:00:00;0;0;0;0;0
2015.06.16;04:00:00;0;0;0;0;0
2015.06.16;08:00:00;0;0;0;0;0
2015.06.16;12:00:00;0;0;0;0;0
2015.06.16;16:00:00;0;0;0;0;0
2015.06.16;20:00:00;0;0;0;0;0
2015.06.17;00:00:00;0;0;0;0;0
2015.06.17;04:00:00;0;0;0;0;0
2015.06.17;08:00:00;0;0;0;0;0
2015.06.17;12:00:00;0;0;0;0;0
2015.06.17;16:00:00;0;0;0;0;0
2015.06.17;20:00:00;0;0;0;0;0
2015.06.18;00:00:00;0;0;0;0;0
2015.06.18;04:00:00;0;0;0;0;0
2015.06.18;08:00:00;0;0;0;0;0
2015.06.18;12:00:00;0;0;0;0;0
2015.06.18;16:00:00;0;0;0;0;0
2015.06.18;20:00:00;0;0;0;0;0
2015.06.19;00:00:00;0;0;0;0;0
2015.06.19;04:00:00;0;0;0;0;0
2015.06.19;08:00:00;0;0;0;0;0
2015.06.19;12:00:00;0;0;0;0;0
2015.06.19;16:00:00;0;0;0;0;0
2015.06.19;20:00:00;0;0;0;0;0
2015.06.22;00:00:00;0;0;0;0;0
2015.06.22;04:00:00;0;0;0;0;0
2015.06.22;08:00:00;0;0;0;0;0
2015.06.22;12:00:00;0;0;0;0;0
2015.06.22;16:00:00;0;0;0;0;0
2015.06.22;20:00:00;0;0;0;0;0
2015.06.23;00:00:00;0;0;0;0;0
2015.06.23;04:00:00;0;0;0;0;0
2015.06.23;08:00:00;0;0;0;0;0
2015.06.23;12:00:00;0;0;0;0;0
2015.06.23;16:00:00;0;0;0;0;0
2015.06.23;20:00:00;0;0;0;0;0
2015.06.24;00:00:00;0;0;0;0;0
2015.06.24;04:00:00;0;0;0;0;0
2015.06.24;08:00:00;0;0;0;0;0
2015.06.24;12:00:00;0;0;0;0;0
2015.06.24;16:00:00;0;0;0;0;0
2015.06.24;20:00:00;0;0;0;0;0
2015.06.25;00:00:00;0;0;0;0;0
2015.06.25;04:00:00;0;0;0;0;0
2015.06.25;08:00:00;0;0;0;0;0
2015.06.25;12:00:00;0;0;0;0;0
2015.06.25;16:00:00;0;0;0;0;0
2015.06.25;20:00:00;0;0;0;0;0
2015.06.26;00:00:00;0;0;0;0;0
2015.06.26;04:00:00;0;0;0;0;0
2015.06.26;08:00:00;0;0;0;0;0
2015.06.26;12:00:00;0;0;0;0;0
2015.06.26;16:00:00;0;0;0;0;0
2015.06.26;20:00:00;0;0;0;0;0
2015.06.29;00:00:00;0;0;0;0;0
2015.06.29;04:00:00;0;0;0;0;0
2015.06.29;08:00:00;0;0;0;0;0
2015.06.29;12:00:00;0;0;0;0;0
2015.06.29;16:00:00;0;0;0;0;0
2015.06.29;20:00:00;0;0;0;0;0
2015.06.30;00:00:00;0;0;0;0;0
2015.06.30;04:00:00;0;0;0;0;0
2015.06.30;08:00:00;0;0;0;0;0
2015.06.30;12:00:00;0;0;0;0;0
2015.06.30;16:00:00;0;0;0;0;0
2015.06.30;20:00:00;0;0;0;0;0
2015.07.01;00:00:00;0;0;0;0;0
2015.07.01;04:00:00;0;0;0;0;0
2015.07.01;08:00:00;0;0;0;0;0
2015.07.01;12:00:00;0;0;0;0;0
2015.07.01;16:00:00;0;0;0;0;0
2015.07.01;20:00:00;0;0;0;0;0
2015.07.02;00:00:00;0;0;0;0;0
2015.07.02;04:00:00;0;0;0;0;0
2015.07.02;08:00:00;0;0;0;0;0
2015.07.02;12:00:00;0;0;0;0;0
2015.07.02;16:00:00;0;0;0;0;0
2015.07.02;20:00:00;0;0;0;0;0
2015.07.03;00:00:00;0;0;0;0;0
2015.07.03;04:00:00;0;0;0;0;0
2015.07.03;08:00:00;0;0;0;0;0
2015.07.03;12:00:00;0;0;0;0;0
2015.07.03;16:00:00;0;0;0;0;0
2015.07.03;20:00:00;0;0;0;0;0
2015.07.06;00:00:00;0;0;0;0;0
2015.07.06;04:00:00;0;0;0;0;0
2015.07.06;08:00:00;0;0;0;0;0
2015.07.06;12:00:00;0;0;0;0;0
2015.07.06;16:00:00;0;0;0;0;0
2015.07.06;20:00:00;0;0;0;0;0
2015.07.07;00:00:00;0;0;0;0;0
2015.07.07;04:00:00;0;0;0;0;0
2015.07.07;08:00:00;0;0;0;0;0
2015.07.07;12:00:00;0;0;0;0;0
2015.07.07;16:00:00;0;0;0;0;0
2015.07.07;20:00:00;0;0;0;0;0
2015.07.08;00:00:00;0;0;0;0;0
2015.07.08;04:00:00;0;0;0;0;0
2015.07.08;08:00:00;0;0;0;0;0
2015.07.08;12:00:00;0;0;0;0;0
2015.07.08;16:00:00;0;0;0;0;0
2015.07.08;20:00:00;0;0;0;0;0
2015.07.09;00:00:00;0;0;0;0;0
2015.07.09;04:00:00;0;0;0;0;0
2015.07.09;08:00:00;0;0;0;0;0
2015.07.09;12:00:00;0;0;0;0;0
2015.07.09;16:00:00;0;0;0;0;0
2015.07.09;20:00:00;0;0;0;0;0
2015.07.10;00:00:00;0;0;0;0;0
2015.07.10;04:00:00;0;0;0;0;0
2015.07.10;08:00:00;0;0;0;0;0
2015.07.10;12:00:00;0;0;0;0;0
2015.07.10;16:00:00;0;0;0;0;0
2015.07.10;20:00:00;0;0;0;0;0
2015.07.13;00:00:00;0;0;0;0;0
2015.07.13;04:00:00;0;0;0;0;0
2015.07.13;08:00:00;0;0;0;0;0
2015.07.13;12:00:00;0;0;0;0;0
2015.07.13;16:00:00;0;0;0;0;0
2015.07.13;20:00:00;0;0;0;0;0
2015.07.14;00:00:00;0;0;0;0;0
2015.07.14;04:00:00;0;0;0;0;0
2015.07.14;08:00:00;0;0;0;0;0
2015.07.14;12:00:00;0;0;0;0;0
2015.07.14;16:00:00;0;0;0;0;0
2015.07.14;20:00:00;0;0;0;0;0
2015.07.15;00:00:00;0;0;0;0;0
2015.07.15;04:00:00;0;0;0;0;0
2015.07.15;08:00:00;0;0;0;0;0
2015.07.15;12:00:00;0;0;0;0;0
2015.07.15;16:00:00;0;0;0;0;0
2015.07.15;20:00:00;0;0;0;0;0
2015.07.16;00:00:00;0;0;0;0;0
2015.07.16;04:00:00;0;0;0;0;0
2015.07.16;08:00:00;0;0;0;0;0
2015.07.16;12:00:00;0;0;0;0;0
2015.07.16;16:00:00;0;0;0;0;0
2015.07.16;20:00:00;0;0;0;0;0
2015.07.17;00:00:00;0;0;0;0;0
2015.07.17;04:00:00;0;0;0;0;0
2015.07.17;08:00:00;0;0;0;0;0
2015.07.17;12:00:00;0;0;0;0;0
2015.07.17;16:00:00;0;0;0;0;0
2015.07.17;20:00:00;0;0;0;0;0
2015.07.20;00:00:00;0;0;0;0;0
2015.07.20;04:00:00;0;0;0;0;0
2015.07.20;08:00:00;0;0;0;0;0
2015.07.20;12:00:00;0;0;0;0;0
2015.07.20;16:00:00;0;0;0;0;0
2015.07.20;20:00:00;0;0;0;0;0
2015.07.21;00:00:00;0;0;0;0;0
2015.07.21;04:00:00;0;0;0;0;0
2015.07.21;08:00:00;0;0;0;0;0
2015.07.21;12:00:00;0;0;0;0;0
2015.07.21;16:00:00;0;0;0;0;0
2015.07.21;20:00:00;0;0;0;0;0
2015.07.22;00:00:00;0;0;0;0;0
2015.07.22;04:00:00;0;0;0;0;0
2015.07.22;08:00:00;0;0;0;0;0
2015.07.22;12:00:00;0;0;0;0;0
2015.07.22;16:00:00;0;0;0;0;0
2015.07.22;20:00:00;0;0;0;0;0
2015.07.23;00:00:00;0;0;0;0;0
2015.07.23;04:00:00;0;0;0;0;0
2015.07.23;08:00:00;0;0;0;0;0
2015.07.23;12:00:00;0;0;0;0;0
2015.07.23;16:00:00;0;0;0;0;0
2015.07.23;20:00:00;0;0;0;0;0
2015.07.24;00:00:00;0.1442;0.1427;0.1433;0.1441;319
2015.07.24;04:00:00;0.1429;0.1416;0.1424;0.1423;137
2015.07.24;08:00:00;0.1424;0.1405;0.1409;0.1423;342
2015.07.24;12:00:00;0.141;0.1406;0.1407;0.1408;139
2015.07.24;16:00:00;0.1417;0.1404;0.1415;0.1404;103
2015.07.24;20:00:00;0.1426;0.1397;0.1419;0.1414;546
2015.07.27;00:00:00;0.1418;0.1399;0.1415;0.1418;297
2015.07.27;04:00:00;0.1425;0.1406;0.1417;0.1414;229
2015.07.27;08:00:00;0.1418;0.1386;0.1388;0.1417;420
2015.07.27;12:00:00;0.1388;0.137;0.1376;0.1387;290
2015.07.27;16:00:00;0.1391;0.1378;0.1389;0.1378;223
2015.07.27;20:00:00;0.1393;0.1376;0.1383;0.139;389
2015.07.28;00:00:00;0.1396;0.1383;0.1391;0.1384;195
2015.07.28;04:00:00;0.1391;0.1375;0.1386;0.1388;215
2015.07.28;08:00:00;0.1386;0.1368;0.1372;0.1385;343
2015.07.28;12:00:00;0.1377;0.1365;0.1377;0.1371;292
2015.07.28;16:00:00;0.1377;0.1363;0.1376;0.1376;182
2015.07.28;20:00:00;0.1379;0.1358;0.1359;0.1375;306
2015.07.29;00:00:00;0.1361;0.1352;0.1355;0.1358;146
2015.07.29;04:00:00;0.1353;0.134;0.1349;0.1352;264
2015.07.29;08:00:00;0.135;0.1333;0.1337;0.1348;382
2015.07.29;12:00:00;0.1349;0.1336;0.134;0.1336;173
2015.07.29;16:00:00;0.1347;0.1323;0.1335;0.1332;322
2015.07.29;20:00:00;0.1335;0.1313;0.1331;0.1334;377
2015.07.30;00:00:00;0.1338;0.1321;0.133;0.133;179
2015.07.30;04:00:00;0.1359;0.1331;0.1346;0.1336;316
2015.07.30;08:00:00;0.136;0.1343;0.1353;0.1345;397
2015.07.30;12:00:00;0.1354;0.1336;0.1337;0.1354;238
2015.07.30;16:00:00;0.135;0.134;0.1347;0.1348;175
2015.07.30;20:00:00;0.1359;0.1337;0.1348;0.1348;554
2015.07.31;00:00:00;0.1353;0.1336;0.1339;0.1349;119
2015.07.31;04:00:00;0.135;0.1328;0.133;0.1343;241
2015.07.31;08:00:00;0.1328;0.1319;0.1322;0.1325;103
2015.07.31;12:00:00;0.1329;0.1319;0.1326;0.1329;63
2015.07.31;16:00:00;0.1324;0.132;0.1321;0.1321;49
2015.07.31;20:00:00;0.1314;0.1293;0.13;0.1314;392
2015.08.03;00:00:00;0.1315;0.1295;0.1299;0.1299;551
2015.08.03;04:00:00;0.1299;0.1295;0.1298;0.1298;76
2015.08.03;08:00:00;0.1304;0.1292;0.1303;0.1299;268
2015.08.03;12:00:00;0.131;0.1295;0.1306;0.1303;320
2015.08.03;16:00:00;0.1312;0.1303;0.1312;0.1303;100
2015.08.03;20:00:00;0.1317;0.1304;0.1312;0.1306;188
2015.08.04;00:00:00;0.1325;0.1306;0.131;0.1311;438
2015.08.04;04:00:00;0.1318;0.131;0.1317;0.1311;71
2015.08.04;08:00:00;0.1311;0.1287;0.1291;0.1309;301
2015.08.04;12:00:00;0.1292;0.1253;0.1253;0.1292;565
2015.08.04;16:00:00;0.1272;0.1252;0.1272;0.1254;226
2015.08.04;20:00:00;0.1283;0.1271;0.1283;0.1274;165
2015.08.05;00:00:00;0.1292;0.1278;0.1288;0.1282;197
2015.08.05;04:00:00;0.129;0.1282;0.1282;0.1287;88
2015.08.05;08:00:00;0.1284;0.1273;0.1277;0.1274;202
2015.08.05;12:00:00;0.1278;0.1263;0.1273;0.1276;352
2015.08.05;16:00:00;0.1281;0.1273;0.1279;0.1274;74
2015.08.05;20:00:00;0.1291;0.1279;0.1282;0.1281;200
2015.08.06;00:00:00;0.1289;0.1259;0.1259;0.1284;285
2015.08.06;04:00:00;0.1269;0.126;0.1266;0.126;93
2015.08.06;08:00:00;0.1285;0.1259;0.1261;0.1277;235
2015.08.06;12:00:00;0.1274;0.1251;0.1257;0.1261;437
2015.08.06;16:00:00;0.1259;0.1251;0.1253;0.1256;109
2015.08.06;20:00:00;0.1257;0.1238;0.1239;0.1257;301
2015.08.07;00:00:00;0.1272;0.1234;0.126;0.1238;621
2015.08.07;04:00:00;0.1265;0.1258;0.1265;0.1261;97
2015.08.07;08:00:00;0.1271;0.1255;0.126;0.1261;212
2015.08.07;12:00:00;0.1279;0.1259;0.1268;0.126;433
2015.08.07;16:00:00;0.1273;0.1265;0.1272;0.1269;112
2015.08.07;20:00:00;0.1283;0.1265;0.1283;0.1273;280
2015.08.10;00:00:00;0.1286;0.124;0.1245;0.1283;660
2015.08.10;04:00:00;0.1245;0.1232;0.1232;0.1244;96
2015.08.10;08:00:00;0.1244;0.1226;0.1241;0.1238;345
2015.08.10;12:00:00;0.1252;0.1242;0.125;0.1242;353
2015.08.10;16:00:00;0.1252;0.1245;0.1246;0.1251;61
2015.08.10;20:00:00;0.1248;0.1237;0.1237;0.1246;140
2015.08.11;00:00:00;0.1239;0.1227;0.1233;0.1236;344
2015.08.11;04:00:00;0.1235;0.1227;0.1231;0.1234;66
2015.08.11;08:00:00;0.1228;0.1217;0.1223;0.1223;269
2015.08.11;12:00:00;0.1226;0.1208;0.1209;0.1222;250
2015.08.11;16:00:00;0.1212;0.1205;0.1205;0.1208;81
2015.08.11;20:00:00;0.121;0.1202;0.1204;0.1202;150
2015.08.12;00:00:00;0.1216;0.1195;0.12;0.1204;376
2015.08.12;04:00:00;0.1207;0.1189;0.119;0.1199;166
2015.08.12;08:00:00;0.1194;0.1187;0.1194;0.1192;94
2015.08.12;12:00:00;0.1205;0.1186;0.1203;0.1193;357
2015.08.12;16:00:00;0.1206;0.1186;0.1195;0.1202;232
2015.08.12;20:00:00;0.1203;0.1192;0.1202;0.1194;124
2015.08.13;00:00:00;0.1223;0.1198;0.1223;0.1201;266
2015.08.13;04:00:00;0.1232;0.1218;0.1227;0.1222;180
2015.08.13;08:00:00;0.1243;0.1228;0.1241;0.1229;190
2015.08.13;12:00:00;0.1265;0.1238;0.1262;0.1242;327
2015.08.13;16:00:00;0.1269;0.1261;0.1267;0.1262;161
2015.08.13;20:00:00;0.1279;0.1259;0.1261;0.1275;232
2015.08.14;00:00:00;0.1261;0.1245;0.1252;0.126;229
2015.08.14;04:00:00;0.1254;0.1224;0.1229;0.1249;283
2015.08.14;08:00:00;0.1272;0.1229;0.1272;0.123;369
2015.08.14;12:00:00;0.1279;0.1269;0.1272;0.1273;230
2015.08.14;16:00:00;0.1289;0.127;0.128;0.1271;185
2015.08.14;20:00:00;0.1307;0.1279;0.1304;0.1281;365
2015.08.17;00:00:00;0.1305;0.128;0.1291;0.1305;237
2015.08.17;04:00:00;0.1297;0.1275;0.128;0.1294;219
2015.08.17;08:00:00;0.1292;0.1258;0.1266;0.128;511
2015.08.17;12:00:00;0.1279;0.1258;0.1278;0.1265;172
2015.08.17;16:00:00;0.1279;0.1271;0.1272;0.1276;148
2015.08.17;20:00:00;0.1281;0.1264;0.1277;0.1271;472
2015.08.18;00:00:00;0.1283;0.1275;0.1281;0.1276;141
2015.08.18;04:00:00;0.1291;0.1279;0.1284;0.1279;75
2015.08.18;08:00:00;0.1299;0.1266;0.1294;0.1283;310
2015.08.18;12:00:00;0.1299;0.1291;0.1293;0.1295;142
2015.08.18;16:00:00;0.13;0.1288;0.1299;0.129;134
2015.08.18;20:00:00;0.1317;0.1295;0.1315;0.1299;190
2015.08.19;00:00:00;0.1318;0.1306;0.1308;0.1316;132
2015.08.19;04:00:00;0.1312;0.1294;0.1295;0.1307;292
2015.08.19;08:00:00;0.1313;0.1295;0.1299;0.1295;449
2015.08.19;12:00:00;0.1302;0.1292;0.1292;0.1298;183
2015.08.19;16:00:00;0.1308;0.1288;0.1307;0.1294;243
2015.08.19;20:00:00;0.1328;0.13;0.1327;0.1306;427
2015.08.20;00:00:00;0.134;0.1327;0.1338;0.1327;250
2015.08.20;04:00:00;0.1337;0.1327;0.1327;0.1336;214
2015.08.20;08:00:00;0.1334;0.1318;0.133;0.1327;450
2015.08.20;12:00:00;0.1338;0.1306;0.1308;0.133;272
2015.08.20;16:00:00;0.1309;0.1275;0.1283;0.1306;190
2015.08.20;20:00:00;0.1287;0.1262;0.1269;0.1282;317
2015.08.21;00:00:00;0.1269;0.1259;0.1267;0.1268;176
2015.08.21;04:00:00;0.1266;0.1256;0.126;0.1265;162
2015.08.21;08:00:00;0.1265;0.1233;0.1234;0.1261;303
2015.08.21;12:00:00;0.124;0.123;0.1238;0.1235;116
2015.08.21;16:00:00;0.1243;0.1231;0.1243;0.1235;174
2015.08.21;20:00:00;0.1257;0.1237;0.1253;0.1242;203
2015.08.24;00:00:00;0.1256;0.1249;0.1253;0.1254;108
2015.08.24;04:00:00;0.1254;0.1241;0.1253;0.1254;151
2015.08.24;08:00:00;0.1297;0.125;0.1294;0.1252;549
2015.08.24;12:00:00;0.1303;0.129;0.1296;0.1293;139
2015.08.24;16:00:00;0.1307;0.1295;0.1297;0.1298;184
2015.08.24;20:00:00;0.1319;0.129;0.1314;0.1295;419
2015.08.25;00:00:00;0.1319;0.1308;0.1308;0.1314;168
2015.08.25;04:00:00;0.1307;0.1285;0.1292;0.1307;275
2015.08.25;08:00:00;0.1319;0.1288;0.1319;0.129;521
2015.08.25;12:00:00;0.1333;0.1318;0.133;0.1318;259
2015.08.25;16:00:00;0.134;0.1321;0.134;0.1329;114
2015.08.25;20:00:00;0.1342;0.1321;0.1323;0.1339;350
2015.08.26;00:00:00;0.1325;0.1308;0.1317;0.1324;137
2015.08.26;04:00:00;0.1316;0.1287;0.1299;0.1316;204
2015.08.26;08:00:00;0.1311;0.1289;0.1301;0.13;383
2015.08.26;12:00:00;0.1312;0.1299;0.1312;0.13;146
2015.08.26;16:00:00;0.1335;0.1306;0.1332;0.131;207
2015.08.26;20:00:00;0.1344;0.128;0.1294;0.1331;644
2015.08.27;00:00:00;0.1315;0.1287;0.131;0.1293;264
2015.08.27;04:00:00;0.1272;0.1246;0.1246;0.1272;277
2015.08.27;08:00:00;0.1251;0.1241;0.1244;0.1247;126
2015.08.27;12:00:00;0.1259;0.1236;0.1257;0.1243;220
2015.08.27;16:00:00;0.1264;0.1248;0.125;0.1258;379
2015.08.27;20:00:00;0.1275;0.1251;0.1268;0.1251;198
2015.08.28;00:00:00;0.1287;0.1272;0.1282;0.1273;207
2015.08.28;04:00:00;0.129;0.1272;0.128;0.1281;367
2015.08.28;08:00:00;0.1283;0.1276;0.1283;0.1278;190
2015.08.28;12:00:00;0.1299;0.1282;0.1296;0.1291;163
2015.08.28;16:00:00;0.1299;0.1261;0.1281;0.1295;443
2015.08.28;20:00:00;0.1297;0.1279;0.1295;0.1279;270
2015.08.31;00:00:00;0.1297;0.1287;0.1294;0.1292;162
2015.08.31;04:00:00;0.1329;0.1294;0.1326;0.1295;527
2015.08.31;08:00:00;0.1338;0.1325;0.1327;0.1327;136
2015.08.31;12:00:00;0.134;0.1327;0.1339;0.1328;137
2015.08.31;16:00:00;0.1349;0.1321;0.1329;0.1338;356
2015.08.31;20:00:00;0.1347;0.1326;0.1346;0.133;185
2015.09.01;00:00:00;0.1347;0.1328;0.1337;0.1344;135
2015.09.01;04:00:00;0.1352;0.1332;0.1344;0.1338;368
2015.09.01;08:00:00;0.1353;0.1342;0.1352;0.1343;163
2015.09.01;12:00:00;0.1353;0.1333;0.1335;0.1351;207
2015.09.01;16:00:00;0.1354;0.1297;0.13;0.1335;566
2015.09.01;20:00:00;0.1302;0.1286;0.1286;0.1299;174
2015.09.02;00:00:00;0.1305;0.1291;0.1295;0.1291;91
2015.09.02;04:00:00;0.1304;0.1268;0.1271;0.1296;424
2015.09.02;08:00:00;0.1281;0.1271;0.1278;0.1272;183
2015.09.02;12:00:00;0.1306;0.1281;0.1299;0.1282;187
2015.09.02;16:00:00;0.1301;0.129;0.1296;0.13;236
2015.09.02;20:00:00;0.1295;0.128;0.128;0.1295;158
2015.09.03;00:00:00;0.1284;0.1271;0.128;0.1271;151
2015.09.03;04:00:00;0.1284;0.1263;0.1263;0.1281;341
2015.09.03;08:00:00;0.1275;0.1263;0.1273;0.1264;147
2015.09.03;12:00:00;0.128;0.1268;0.1276;0.127;167
2015.09.03;16:00:00;0.1291;0.127;0.1275;0.1277;497
2015.09.03;20:00:00;0.1289;0.1276;0.1283;0.1276;217
2015.09.04;00:00:00;0.1282;0.1269;0.127;0.1278;129
2015.09.04;04:00:00;0.1275;0.1258;0.1262;0.1271;346
2015.09.04;08:00:00;0.1262;0.1253;0.1257;0.1261;73
2015.09.04;12:00:00;0.1267;0.1256;0.1264;0.1256;194
2015.09.04;16:00:00;0.1266;0.1244;0.1251;0.1263;340
2015.09.04;20:00:00;0.125;0.1241;0.1245;0.125;121
2015.09.07;00:00:00;0.1261;0.1245;0.1254;0.125;190
2015.09.07;04:00:00;0.1258;0.1227;0.1229;0.1256;338
2015.09.07;08:00:00;0.1232;0.1223;0.1226;0.123;150
2015.09.07;12:00:00;0.1224;0.1215;0.1218;0.1224;212
2015.09.07;16:00:00;0.122;0.1193;0.1202;0.1219;467
2015.09.07;20:00:00;0.1208;0.1199;0.1207;0.1201;228
2015.09.08;00:00:00;0.1207;0.1198;0.12;0.1206;185
2015.09.08;04:00:00;0.1201;0.1183;0.1183;0.1199;452
2015.09.08;08:00:00;0.1186;0.1178;0.1184;0.1181;204
2015.09.08;12:00:00;0.1208;0.1185;0.12;0.1188;226
2015.09.08;16:00:00;0.1206;0.1183;0.1185;0.1202;356
2015.09.08;20:00:00;0.1193;0.118;0.1193;0.1184;130
2015.09.09;00:00:00;0.1201;0.1192;0.1196;0.1195;116
2015.09.09;04:00:00;0.1199;0.1187;0.1191;0.1197;466
2015.09.09;08:00:00;0.1197;0.119;0.1195;0.1192;173
2015.09.09;12:00:00;0.1204;0.1197;0.1202;0.1201;192
2015.09.09;16:00:00;0.1224;0.1182;0.1219;0.1203;559
2015.09.09;20:00:00;0.1221;0.1213;0.1217;0.1219;150
2015.09.10;00:00:00;0.1227;0.1219;0.1227;0.1221;137
2015.09.10;04:00:00;0.1244;0.1222;0.1231;0.1226;514
2015.09.10;08:00:00;0.1233;0.1222;0.1222;0.1232;245
2015.09.10;12:00:00;0.1223;0.1213;0.1213;0.1221;206
2015.09.10;16:00:00;0.1224;0.1205;0.1224;0.1212;317
2015.09.10;20:00:00;0.1225;0.1199;0.1203;0.1223;226
2015.09.11;00:00:00;0.1209;0.1197;0.1207;0.1197;117
2015.09.11;04:00:00;0.1217;0.1205;0.1215;0.1208;137
2015.09.11;08:00:00;0.1216;0.1204;0.1204;0.1216;90
2015.09.11;12:00:00;0.1212;0.1202;0.1203;0.1207;137
2015.09.11;16:00:00;0.1207;0.1184;0.1196;0.1203;365
2015.09.11;20:00:00;0.1204;0.1192;0.1202;0.1195;193
2015.09.14;00:00:00;0.121;0.1201;0.1208;0.1202;79
2015.09.14;04:00:00;0.1219;0.1204;0.1209;0.1207;319
2015.09.14;08:00:00;0.1213;0.1207;0.1207;0.121;201
2015.09.14;12:00:00;0.1212;0.1206;0.1207;0.121;118
2015.09.14;16:00:00;0.122;0.1196;0.1196;0.1207;485
2015.09.14;20:00:00;0.1204;0.1197;0.1202;0.1197;161
2015.09.15;00:00:00;0.1211;0.1202;0.1202;0.1203;209
2015.09.15;04:00:00;0.1217;0.1199;0.12;0.1202;504
2015.09.15;08:00:00;0.1201;0.1195;0.1195;0.1201;208
2015.09.15;12:00:00;0.1195;0.1186;0.1193;0.119;254
2015.09.15;16:00:00;0.1194;0.1157;0.1161;0.1192;719
2015.09.15;20:00:00;0.1163;0.1156;0.1158;0.116;131
2015.09.16;00:00:00;0.1167;0.1159;0.1164;0.1161;245
2015.09.16;04:00:00;0.1171;0.1161;0.1161;0.1164;363
2015.09.16;08:00:00;0.1167;0.1161;0.1166;0.1162;70
2015.09.16;12:00:00;0.116;0.1148;0.1151;0.1159;171
2015.09.16;16:00:00;0.1153;0.1144;0.1145;0.1152;266
2015.09.16;20:00:00;0.1145;0.1139;0.114;0.1144;71
2015.09.17;00:00:00;0.119;0.1175;0.1186;0.1177;244
2015.09.17;04:00:00;0.1185;0.117;0.1175;0.1185;413
2015.09.17;08:00:00;0.1175;0.1162;0.1163;0.1174;196
2015.09.17;12:00:00;0.1173;0.1161;0.1173;0.1169;181
2015.09.17;16:00:00;0.1178;0.1163;0.1176;0.1172;382
2015.09.17;20:00:00;0.1176;0.1168;0.1175;0.1175;189
2015.09.18;00:00:00;0.1181;0.1175;0.1179;0.1176;180
2015.09.18;04:00:00;0.1179;0.1165;0.1171;0.1178;213
2015.09.18;08:00:00;0.117;0.1163;0.1164;0.117;118
2015.09.18;12:00:00;0.1164;0.1156;0.116;0.1163;188
2015.09.18;16:00:00;0.1167;0.1147;0.1148;0.1161;266
2015.09.18;20:00:00;0.1156;0.1148;0.115;0.1149;172
2015.09.21;00:00:00;0.1176;0.1156;0.1173;0.1158;264
2015.09.21;04:00:00;0.1189;0.1172;0.1186;0.1174;235
2015.09.21;08:00:00;0.119;0.1179;0.1186;0.1185;136
2015.09.21;12:00:00;0.1192;0.1177;0.1186;0.1189;125
2015.09.21;16:00:00;0.1188;0.1175;0.1183;0.1187;297
2015.09.21;20:00:00;0.1186;0.1164;0.1165;0.1184;138
2015.09.22;00:00:00;0.1187;0.1164;0.1184;0.1164;332
2015.09.22;04:00:00;0.1197;0.1181;0.1197;0.1183;339
2015.09.22;08:00:00;0.12;0.1192;0.1197;0.1196;121
2015.09.22;12:00:00;0.1203;0.1195;0.1201;0.1198;81
2015.09.22;16:00:00;0.1206;0.1182;0.1184;0.1202;218
2015.09.22;20:00:00;0.1184;0.1181;0.1183;0.1183;75
2015.09.23;00:00:00;0.1205;0.1186;0.1205;0.1186;222
2015.09.23;04:00:00;0.1206;0.1171;0.1185;0.1206;516
2015.09.23;08:00:00;0.1192;0.118;0.118;0.1184;239
2015.09.23;12:00:00;0.1188;0.1178;0.1188;0.1183;218
2015.09.23;16:00:00;0.1214;0.1189;0.1209;0.1189;473
2015.09.23;20:00:00;0.1209;0.1199;0.1203;0.1208;211
2015.09.24;00:00:00;0.1213;0.1203;0.1206;0.1207;142
2015.09.24;04:00:00;0.1237;0.1205;0.1235;0.1205;354
2015.09.24;08:00:00;0.1243;0.1232;0.1243;0.1235;114
2015.09.24;12:00:00;0.1251;0.1225;0.1236;0.1235;307
2015.09.24;16:00:00;0.1245;0.1227;0.1244;0.1237;257
2015.09.24;20:00:00;0.1246;0.1233;0.1237;0.1245;159
2015.09.25;00:00:00;0.124;0.1224;0.1233;0.1238;176
2015.09.25;04:00:00;0.1262;0.123;0.1251;0.1232;496
2015.09.25;08:00:00;0.1252;0.1219;0.1223;0.125;435
2015.09.25;12:00:00;0.1225;0.1209;0.1213;0.1224;270
2015.09.25;16:00:00;0.125;0.121;0.125;0.1214;360
2015.09.25;20:00:00;0.1251;0.124;0.1241;0.1249;166
2015.09.28;00:00:00;0.1249;0.1229;0.1241;0.1241;238
2015.09.28;04:00:00;0.1263;0.1214;0.1222;0.1242;605
2015.09.28;08:00:00;0.1229;0.1215;0.1225;0.1221;119
2015.09.28;12:00:00;0.1229;0.1216;0.1228;0.1222;158
2015.09.28;16:00:00;0.1244;0.1226;0.1243;0.1228;461
2015.09.28;20:00:00;0.1244;0.1223;0.1223;0.1244;231
2015.09.29;00:00:00;0.1237;0.1226;0.1229;0.1226;165
2015.09.29;04:00:00;0.1236;0.1187;0.1192;0.123;451
2015.09.29;08:00:00;0.1194;0.1179;0.118;0.1191;94
2015.09.29;12:00:00;0.1199;0.1185;0.1194;0.1185;156
2015.09.29;16:00:00;0.1209;0.1193;0.1207;0.1193;205
2015.09.29;20:00:00;0.1238;0.1205;0.1234;0.1208;123
2015.09.30;00:00:00;0.1243;0.1229;0.1241;0.1242;133
2015.09.30;04:00:00;0.1247;0.1228;0.1247;0.1242;200
2015.09.30;08:00:00;0.1257;0.1246;0.1247;0.1246;134
2015.09.30;12:00:00;0.1264;0.125;0.1263;0.1251;152
2015.09.30;16:00:00;0.1274;0.1261;0.127;0.1264;273
2015.09.30;20:00:00;0.1273;0.1252;0.1255;0.1271;161
2015.10.01;00:00:00;0.1252;0.1238;0.1242;0.1251;161
2015.10.01;04:00:00;0.1253;0.1236;0.1249;0.1243;264
2015.10.01;08:00:00;0.1248;0.1236;0.1238;0.1248;99
2015.10.01;12:00:00;0.1241;0.1232;0.124;0.1237;61
2015.10.01;16:00:00;0.124;0.1211;0.1222;0.1239;243
2015.10.01;20:00:00;0.1224;0.1215;0.1215;0.1221;53
2015.10.02;00:00:00;0.1219;0.1206;0.1219;0.1216;91
2015.10.02;04:00:00;0.122;0.1189;0.1192;0.1218;253
2015.10.02;08:00:00;0.1198;0.1187;0.1189;0.1193;91
2015.10.02;12:00:00;0.1178;0.117;0.1173;0.1175;153
2015.10.02;16:00:00;0.1173;0.1143;0.1143;0.1172;234
2015.10.02;20:00:00;0.1145;0.113;0.1144;0.1142;194
2015.10.05;00:00:00;0.1167;0.1142;0.1155;0.1149;318
2015.10.05;04:00:00;0.1154;0.1136;0.1136;0.1154;241
2015.10.05;08:00:00;0.1139;0.1133;0.1138;0.1135;161
2015.10.05;12:00:00;0.1149;0.114;0.1149;0.1142;152
2015.10.05;16:00:00;0.1148;0.1135;0.1135;0.1148;154
2015.10.05;20:00:00;0.1139;0.1132;0.1134;0.1134;77
2015.10.06;00:00:00;0.1144;0.1132;0.1141;0.1132;190
2015.10.06;04:00:00;0.1146;0.113;0.1142;0.114;528
2015.10.06;08:00:00;0.1148;0.1137;0.1148;0.1143;148
2015.10.06;12:00:00;0.116;0.1147;0.1151;0.1147;198
2015.10.06;16:00:00;0.1153;0.1115;0.1115;0.1152;310
2015.10.06;20:00:00;0.1125;0.1116;0.1119;0.1116;146
2015.10.07;00:00:00;0.1136;0.1123;0.1125;0.113;347
2015.10.07;04:00:00;0.1134;0.1112;0.1131;0.1124;224
2015.10.07;08:00:00;0.113;0.1117;0.1119;0.113;150
2015.10.07;12:00:00;0.1128;0.1119;0.1124;0.1121;114
2015.10.07;16:00:00;0.1131;0.1114;0.1119;0.1123;292
2015.10.07;20:00:00;0.1119;0.1111;0.1111;0.1118;164
2015.10.08;00:00:00;0.1134;0.1119;0.1129;0.1121;216
2015.10.08;04:00:00;0.1155;0.1123;0.1146;0.113;498
2015.10.08;08:00:00;0.1148;0.1138;0.114;0.1145;162
2015.10.08;12:00:00;0.1158;0.1145;0.1152;0.1148;181
2015.10.08;16:00:00;0.1152;0.1135;0.114;0.1151;352
2015.10.08;20:00:00;0.1141;0.112;0.112;0.1141;162
2015.10.09;00:00:00;0.1126;0.112;0.1122;0.1121;165
2015.10.09;04:00:00;0.1127;0.111;0.1125;0.1123;473
2015.10.09;08:00:00;0.1124;0.1107;0.111;0.1124;209
2015.10.09;12:00:00;0.1113;0.1099;0.11;0.1113;206
2015.10.09;16:00:00;0.1101;0.1086;0.1092;0.1101;333
2015.10.09;20:00:00;0.1093;0.1079;0.108;0.1092;148
2015.10.12;00:00:00;0.1093;0.108;0.109;0.1082;193
2015.10.12;04:00:00;0.1091;0.1074;0.1089;0.1091;457
2015.10.12;08:00:00;0.1098;0.1088;0.1098;0.1088;211
2015.10.12;12:00:00;0.1101;0.109;0.1094;0.1099;90
2015.10.12;16:00:00;0.1096;0.1076;0.1085;0.1093;356
2015.10.12;20:00:00;0.1084;0.1069;0.1072;0.1084;167
2015.10.13;00:00:00;0.1075;0.106;0.1067;0.1066;266
2015.10.13;04:00:00;0.1078;0.1061;0.1061;0.1066;299
2015.10.13;08:00:00;0.1068;0.1059;0.1067;0.106;204
2015.10.13;12:00:00;0.1091;0.107;0.1083;0.107;170
2015.10.13;16:00:00;0.109;0.1067;0.1073;0.1082;464
2015.10.13;20:00:00;0.1072;0.1058;0.106;0.1072;208
2015.10.14;00:00:00;0.1058;0.1048;0.1057;0.1056;204
2015.10.14;04:00:00;0.1058;0.1035;0.1035;0.1057;322
2015.10.14;08:00:00;0.1054;0.1032;0.1051;0.1036;238
2015.10.14;12:00:00;0.1065;0.1052;0.1056;0.1054;320
2015.10.14;16:00:00;0.1063;0.1032;0.1043;0.1055;425
2015.10.14;20:00:00;0.106;0.1042;0.1058;0.1044;133
2015.10.15;00:00:00;0.1067;0.1057;0.106;0.106;227
2015.10.15;04:00:00;0.1064;0.1047;0.1054;0.1061;344
2015.10.15;08:00:00;0.1055;0.1039;0.1054;0.1053;196
2015.10.15;12:00:00;0.1059;0.1049;0.1053;0.1054;64
2015.10.15;16:00:00;0.1059;0.1041;0.1042;0.1054;325
2015.10.15;20:00:00;0.1051;0.1042;0.1048;0.1042;174
2015.10.16;00:00:00;0.1058;0.1045;0.1046;0.1045;260
2015.10.16;04:00:00;0.1066;0.1045;0.1062;0.1046;291
2015.10.16;08:00:00;0.1066;0.1061;0.1064;0.1063;82
2015.10.16;12:00:00;0.1064;0.1051;0.1055;0.1063;91
2015.10.16;16:00:00;0.1061;0.1051;0.1057;0.1056;230
2015.10.16;20:00:00;0.1063;0.1054;0.1062;0.1056;93
2015.10.19;00:00:00;0.1058;0.1046;0.1055;0.1058;135
2015.10.19;04:00:00;0.1083;0.1052;0.1081;0.1056;264
2015.10.19;08:00:00;0.1088;0.1065;0.1065;0.1081;180
2015.10.19;12:00:00;0.1074;0.1065;0.107;0.1068;180
2015.10.19;16:00:00;0.1072;0.1062;0.1064;0.1069;192
2015.10.19;20:00:00;0.1065;0.1052;0.1055;0.1065;122
2015.10.20;00:00:00;0.1059;0.1046;0.1048;0.1057;138
2015.10.20;04:00:00;0.1054;0.1039;0.1052;0.1047;233
2015.10.20;08:00:00;0.1058;0.1051;0.1057;0.1051;83
2015.10.20;12:00:00;0.1058;0.1049;0.1051;0.1057;53
2015.10.20;16:00:00;0.1058;0.1036;0.1036;0.105;238
2015.10.20;20:00:00;0.1046;0.1035;0.1037;0.1037;123
2015.10.21;00:00:00;0.1028;0.1008;0.1017;0.1025;249
2015.10.21;04:00:00;0.103;0.1008;0.1025;0.1016;349
2015.10.21;08:00:00;0.1038;0.1023;0.1037;0.1026;103
2015.10.21;12:00:00;0.1062;0.1044;0.1058;0.1044;267
2015.10.21;16:00:00;0.1068;0.1048;0.1054;0.1059;325
2015.10.21;20:00:00;0.1058;0.1046;0.1057;0.1055;226
2015.10.22;00:00:00;0.1055;0.1041;0.1049;0.1054;115
2015.10.22;04:00:00;0.1061;0.1042;0.1054;0.1048;465
2015.10.22;08:00:00;0.1058;0.1045;0.1046;0.1053;172
2015.10.22;12:00:00;0.1063;0.1052;0.1055;0.1055;137
2015.10.22;16:00:00;0.1093;0.1052;0.1091;0.1054;389
2015.10.22;20:00:00;0.1104;0.1084;0.1099;0.1092;139
2015.10.23;00:00:00;0.1111;0.1095;0.1106;0.1105;152
2015.10.23;04:00:00;0.1109;0.1078;0.1088;0.1105;541
2015.10.23;08:00:00;0.1093;0.1081;0.1088;0.1087;197
2015.10.23;12:00:00;0.1091;0.1051;0.1065;0.1091;503
2015.10.23;16:00:00;0.1071;0.1059;0.1059;0.1066;157
2015.10.23;20:00:00;0.1074;0.1055;0.1068;0.1064;145
2015.10.25;23:00:00;0.1071;0.1057;0.1069;0.1067;314
2015.10.26;00:00:00;0.1071;0.1063;0.1064;0.1068;136
2015.10.26;04:00:00;0.107;0.1059;0.1068;0.1063;107
2015.10.26;08:00:00;0.1103;0.1064;0.1079;0.1067;661
2015.10.26;12:00:00;0.1079;0.1066;0.1069;0.1078;252
2015.10.26;16:00:00;0.1099;0.1068;0.1088;0.1068;266
2015.10.26;20:00:00;0.1123;0.1077;0.1118;0.1087;659
2015.10.27;00:00:00;0.1133;0.1113;0.1133;0.1119;293
2015.10.27;04:00:00;0.1147;0.1127;0.1138;0.1131;285
2015.10.27;08:00:00;0.1158;0.113;0.1138;0.1137;563
2015.10.27;12:00:00;0.1137;0.1111;0.1116;0.1137;304
2015.10.27;16:00:00;0.1125;0.1107;0.112;0.1108;265
2015.10.27;20:00:00;0.1137;0.111;0.1117;0.1121;507
2015.10.28;00:00:00;0.1117;0.11;0.1102;0.1116;262
2015.10.28;04:00:00;0.1119;0.1108;0.1115;0.1108;169
2015.10.28;08:00:00;0.1133;0.1103;0.1128;0.1116;629
2015.10.28;12:00:00;0.1142;0.1124;0.1141;0.1127;195
2015.10.28;16:00:00;0.1136;0.1121;0.1123;0.1132;349
2015.10.28;20:00:00;0.1135;0.1109;0.1126;0.1122;710
2015.10.29;00:00:00;0.1133;0.112;0.1124;0.1127;135
2015.10.29;04:00:00;0.115;0.1125;0.1148;0.1125;141
2015.10.29;08:00:00;0.1164;0.113;0.1137;0.1147;595
2015.10.29;12:00:00;0.1167;0.1136;0.1163;0.1136;315
2015.10.29;16:00:00;0.1166;0.1155;0.1162;0.1162;341
2015.10.29;20:00:00;0.1168;0.1146;0.1146;0.116;477
2015.10.30;00:00:00;0.115;0.1136;0.1143;0.1145;227
2015.10.30;04:00:00;0.1156;0.1143;0.1149;0.1143;191
2015.10.30;08:00:00;0.1148;0.1118;0.1125;0.1148;422
2015.10.30;12:00:00;0.1136;0.1122;0.1123;0.1124;127
2015.10.30;16:00:00;0.1133;0.1115;0.1116;0.1125;286
2015.10.30;20:00:00;0.1152;0.1113;0.1142;0.1115;547
2015.11.02;00:00:00;0.1148;0.1131;0.1142;0.1143;366
2015.11.02;04:00:00;0.1158;0.114;0.1154;0.114;233
2015.11.02;08:00:00;0.1158;0.1138;0.1139;0.1154;703
2015.11.02;12:00:00;0.1144;0.1132;0.1139;0.1139;247
2015.11.02;16:00:00;0.1161;0.114;0.1145;0.1141;321
2015.11.02;20:00:00;0.1146;0.1092;0.1097;0.1146;663
2015.11.03;00:00:00;0.1099;0.1088;0.1095;0.1098;238
2015.11.03;04:00:00;0.1179;0.1162;0.117;0.1171;289
2015.11.03;08:00:00;0.1178;0.1158;0.1166;0.1171;426
2015.11.03;12:00:00;0.1174;0.116;0.1162;0.1165;139
2015.11.03;16:00:00;0.1166;0.1153;0.116;0.116;144
2015.11.03;20:00:00;0.1168;0.1148;0.1148;0.1159;387
2015.11.04;00:00:00;0.1154;0.1143;0.1154;0.1149;124
2015.11.04;04:00:00;0.1164;0.1151;0.1162;0.1153;160
2015.11.04;08:00:00;0.1181;0.1149;0.1155;0.1163;310
2015.11.04;12:00:00;0.1164;0.1149;0.1151;0.1152;164
2015.11.04;16:00:00;0.116;0.115;0.1156;0.1155;243
2015.11.04;20:00:00;0.117;0.1145;0.1158;0.1157;574
2015.11.05;00:00:00;0.1182;0.1155;0.1176;0.1157;326
2015.11.05;04:00:00;0.1212;0.1193;0.1208;0.1194;264
2015.11.05;08:00:00;0.1237;0.1209;0.1236;0.1209;623
2015.11.05;12:00:00;0.1238;0.1226;0.1229;0.1235;259
2015.11.05;16:00:00;0.1234;0.1225;0.1232;0.1231;242
2015.11.05;20:00:00;0.1242;0.1223;0.1228;0.1231;566
2015.11.06;00:00:00;0.1235;0.1222;0.1232;0.1227;152
2015.11.06;04:00:00;0.1225;0.1212;0.1222;0.1222;253
2015.11.06;08:00:00;0.125;0.1207;0.1248;0.1221;858
2015.11.06;12:00:00;0.127;0.1232;0.1234;0.1249;430
2015.11.06;16:00:00;0.1277;0.1253;0.1274;0.1256;404
2015.11.06;20:00:00;0.1294;0.1272;0.129;0.1273;583
2015.11.09;00:00:00;0.1294;0.1277;0.1277;0.1291;294
2015.11.09;04:00:00;0.1301;0.1282;0.1297;0.1282;294
2015.11.09;08:00:00;0.1316;0.1294;0.1316;0.1298;491
2015.11.09;12:00:00;0.1321;0.131;0.1319;0.1315;189
2015.11.09;16:00:00;0.1337;0.1318;0.1334;0.1319;233
2015.11.09;20:00:00;0.1344;0.1327;0.1332;0.1333;399
2015.11.10;00:00:00;0.1349;0.1332;0.1346;0.1332;101
2015.11.10;04:00:00;0.1347;0.134;0.1343;0.1345;219
2015.11.10;08:00:00;0.1356;0.1334;0.1352;0.1344;462
2015.11.10;12:00:00;0.1361;0.1348;0.1361;0.1353;151
2015.11.10;16:00:00;0.1361;0.1353;0.1358;0.1356;193
2015.11.10;20:00:00;0.1359;0.1337;0.1351;0.1359;639
2015.11.11;00:00:00;0.1358;0.1347;0.1353;0.1352;198
2015.11.11;04:00:00;0.1357;0.1349;0.1351;0.1355;142
2015.11.11;08:00:00;0.1378;0.1348;0.1376;0.135;537
2015.11.11;12:00:00;0.1395;0.1377;0.1386;0.1377;328
2015.11.11;16:00:00;0.1382;0.1365;0.1369;0.1376;376
2015.11.11;20:00:00;0.1399;0.1369;0.1392;0.137;770
2015.11.12;00:00:00;0.1398;0.139;0.1393;0.1393;219
2015.11.12;04:00:00;0.1419;0.1388;0.1409;0.1389;320
2015.11.12;08:00:00;0.1437;0.1408;0.1435;0.141;644
2015.11.12;12:00:00;0.1436;0.1414;0.1414;0.1434;229
2015.11.12;16:00:00;0.142;0.1407;0.1413;0.1413;230
2015.11.12;20:00:00;0.1427;0.1391;0.1401;0.1414;483
2015.11.13;00:00:00;0.1423;0.1401;0.1419;0.1401;244
2015.11.13;04:00:00;0.142;0.1394;0.1394;0.1418;247
2015.11.13;08:00:00;0.1411;0.1385;0.1392;0.1393;650
2015.11.13;12:00:00;0.1392;0.1371;0.138;0.1391;221
2015.11.13;16:00:00;0.1375;0.1363;0.1371;0.1374;160
2015.11.13;20:00:00;0.1392;0.137;0.1391;0.1372;419
2015.11.16;00:00:00;0.141;0.1392;0.1408;0.1392;216
2015.11.16;04:00:00;0.1427;0.1412;0.1425;0.1414;261
2015.11.16;08:00:00;0.1433;0.1383;0.1401;0.1426;703
2015.11.16;12:00:00;0.141;0.1391;0.1406;0.14;265
2015.11.16;16:00:00;0.1412;0.1381;0.1384;0.1412;284
2015.11.16;20:00:00;0.1422;0.1382;0.142;0.1383;516
2015.11.17;00:00:00;0.1424;0.1416;0.1424;0.142;176
2015.11.17;04:00:00;0.1434;0.1411;0.1418;0.1415;207
2015.11.17;08:00:00;0.1431;0.1407;0.1418;0.1419;396
2015.11.17;12:00:00;0.143;0.1418;0.142;0.142;112
2015.11.17;16:00:00;0.1422;0.1411;0.1413;0.142;116
2015.11.17;20:00:00;0.1424;0.14;0.1403;0.1415;433
2015.11.18;00:00:00;0.1404;0.1389;0.1401;0.1403;118
2015.11.18;04:00:00;0.1408;0.1399;0.1404;0.1399;128
2015.11.18;08:00:00;0.1419;0.1392;0.1402;0.1403;414
2015.11.18;12:00:00;0.1416;0.1398;0.1415;0.1403;174
2015.11.18;16:00:00;0.1449;0.1413;0.1436;0.1414;433
2015.11.18;20:00:00;0.1447;0.143;0.1441;0.1437;507
2015.11.19;00:00:00;0.1457;0.1437;0.1457;0.1442;223
2015.11.19;04:00:00;0.1466;0.1452;0.1458;0.1458;281
2015.11.19;08:00:00;0.1465;0.1417;0.143;0.1459;539
2015.11.19;12:00:00;0.1433;0.1417;0.1417;0.1429;199
2015.11.19;16:00:00;0.1428;0.1413;0.1425;0.1418;133
2015.11.19;20:00:00;0.1449;0.1438;0.1442;0.1445;76
2015.11.20;00:00:00;0.145;0.1426;0.1444;0.1426;70
2015.11.20;04:00:00;0.1457;0.1438;0.1445;0.1443;581
2015.11.20;08:00:00;0.146;0.1446;0.1452;0.1446;132
2015.11.20;12:00:00;0.146;0.144;0.1452;0.1459;357
2015.11.20;16:00:00;0.1464;0.1442;0.1445;0.1452;451
2015.11.20;20:00:00;0.1443;0.1431;0.1435;0.1443;189
2015.11.23;00:00:00;0.1449;0.1429;0.1449;0.1431;269
2015.11.23;04:00:00;0.1473;0.1449;0.1464;0.1449;757
2015.11.23;08:00:00;0.1468;0.1455;0.1457;0.1465;106
2015.11.23;12:00:00;0.1459;0.1438;0.1442;0.1455;357
2015.11.23;16:00:00;0.1463;0.1437;0.146;0.1443;467
2015.11.23;20:00:00;0.146;0.1449;0.145;0.1459;142
2015.11.24;00:00:00;0.1466;0.1452;0.1463;0.1452;180
2015.11.24;04:00:00;0.1465;0.143;0.1439;0.1463;525
2015.11.24;08:00:00;0.1451;0.1431;0.1447;0.1438;109
2015.11.24;12:00:00;0.1462;0.1448;0.1456;0.1448;153
2015.11.24;16:00:00;0.1486;0.1456;0.1484;0.1457;241
2015.11.24;20:00:00;0.1509;0.1479;0.1506;0.1485;170
2015.11.25;00:00:00;0.1527;0.1499;0.1523;0.1501;548
2015.11.25;04:00:00;0.1547;0.1523;0.1542;0.1524;727
2015.11.25;08:00:00;0.1547;0.1531;0.1546;0.1541;211
2015.11.25;12:00:00;0.1544;0.1503;0.151;0.1541;312
2015.11.25;16:00:00;0.1529;0.1459;0.147;0.1509;938
2015.11.25;20:00:00;0.1473;0.1452;0.1457;0.1472;411
2015.11.26;00:00:00;0.1472;0.1442;0.1472;0.1458;480
2015.11.26;04:00:00;0.15;0.1454;0.1468;0.1471;927
2015.11.26;08:00:00;0.1475;0.1461;0.1466;0.1469;318
2015.11.26;12:00:00;0.1486;0.1462;0.1463;0.1472;361
2015.11.26;16:00:00;0.1477;0.143;0.1451;0.1463;930
2015.11.26;20:00:00;0.1458;0.1436;0.1442;0.145;295
2015.11.27;00:00:00;0.1432;0.142;0.1424;0.1432;174
2015.11.27;04:00:00;0.1432;0.1393;0.1397;0.1423;430
2015.11.27;08:00:00;0.1401;0.1388;0.14;0.1396;149
2015.11.27;12:00:00;0.1417;0.1391;0.1413;0.1398;362
2015.11.27;16:00:00;0.148;0.1401;0.1466;0.1413;901
2015.11.27;20:00:00;0.1473;0.146;0.146;0.1465;253
2015.11.30;00:00:00;0.1499;0.1471;0.1482;0.1478;383
2015.11.30;04:00:00;0.1499;0.1461;0.1469;0.148;995
2015.11.30;08:00:00;0.1483;0.1459;0.1465;0.147;336
2015.11.30;12:00:00;0.1472;0.1454;0.1471;0.1461;370
2015.11.30;16:00:00;0.1489;0.1466;0.1482;0.1471;680
2015.11.30;20:00:00;0.1494;0.1474;0.1494;0.1481;270
2015.12.01;00:00:00;0.1495;0.148;0.1495;0.1493;141
2015.12.01;04:00:00;0.152;0.1488;0.1506;0.1494;813
2015.12.01;08:00:00;0.1507;0.1493;0.1499;0.1507;331
2015.12.01;12:00:00;0.1504;0.1483;0.1489;0.1492;253
2015.12.01;16:00:00;0.1508;0.1477;0.1499;0.149;646
2015.12.01;20:00:00;0.1516;0.1496;0.1514;0.1498;286
2015.12.02;00:00:00;0.1511;0.1495;0.1497;0.151;268
2015.12.02;04:00:00;0.1503;0.1459;0.1461;0.1498;587
2015.12.02;08:00:00;0.1474;0.1452;0.1471;0.146;256
2015.12.02;12:00:00;0.1457;0.1432;0.1439;0.1454;379
2015.12.02;16:00:00;0.1442;0.1421;0.1429;0.1439;602
2015.12.02;20:00:00;0.1445;0.1426;0.1444;0.1429;291
2015.12.03;00:00:00;0.1463;0.1442;0.1463;0.1449;301
2015.12.03;04:00:00;0.1495;0.1447;0.1492;0.1462;871
2015.12.03;08:00:00;0.1495;0.1483;0.1486;0.1492;316
2015.12.03;12:00:00;0.1504;0.1486;0.1493;0.1491;260
2015.12.03;16:00:00;0.1538;0.1493;0.1537;0.1494;691
2015.12.03;20:00:00;0.1539;0.1521;0.1527;0.1536;321
2015.12.04;00:00:00;0.1535;0.1513;0.1528;0.152;359
2015.12.04;04:00:00;0.1539;0.1518;0.1531;0.1527;691
2015.12.04;08:00:00;0.1538;0.1529;0.1538;0.1532;241
2015.12.04;12:00:00;0.1542;0.1532;0.154;0.1535;281
2015.12.04;16:00:00;0.1571;0.1526;0.1527;0.1541;1021
2015.12.04;20:00:00;0.1529;0.1492;0.1498;0.1527;410
2015.12.07;00:00:00;0.1507;0.1492;0.1496;0.1493;347
2015.12.07;04:00:00;0.1497;0.1461;0.1477;0.1496;936
2015.12.07;08:00:00;0.1492;0.1475;0.149;0.1475;183
2015.12.07;12:00:00;0.1509;0.1493;0.1505;0.1493;206
2015.12.07;16:00:00;0.1509;0.1493;0.1498;0.1504;431
2015.12.07;20:00:00;0.1499;0.1488;0.1488;0.1497;270
2015.12.08;00:00:00;0.1496;0.1473;0.148;0.1492;186
2015.12.08;04:00:00;0.1495;0.1468;0.1475;0.148;747
2015.12.08;08:00:00;0.1492;0.1473;0.1488;0.1475;285
2015.12.08;12:00:00;0.1485;0.1472;0.1477;0.1478;256
2015.12.08;16:00:00;0.1532;0.1469;0.1528;0.1476;774
2015.12.08;20:00:00;0.1543;0.1525;0.1543;0.1529;288
2015.12.09;00:00:00;0.1556;0.1526;0.1528;0.1541;441
2015.12.09;04:00:00;0.1552;0.1501;0.1525;0.1529;1006
2015.12.09;08:00:00;0.1533;0.1517;0.1532;0.1526;455
2015.12.09;12:00:00;0.1532;0.1516;0.1531;0.1521;201
2015.12.09;16:00:00;0.1554;0.153;0.1549;0.1532;718
2015.12.09;20:00:00;0.1559;0.1546;0.1553;0.1549;193
2015.12.10;00:00:00;0.1554;0.1539;0.1551;0.155;259
2015.12.10;04:00:00;0.1578;0.1546;0.1561;0.1552;836
2015.12.10;08:00:00;0.1564;0.1537;0.1537;0.1561;247
2015.12.10;12:00:00;0.1556;0.1529;0.1539;0.1541;281
2015.12.10;16:00:00;0.1543;0.1521;0.1526;0.1538;484
2015.12.10;20:00:00;0.153;0.1522;0.1526;0.1525;153
2015.12.11;00:00:00;0.1534;0.1513;0.1526;0.1523;314
2015.12.11;04:00:00;0.1548;0.1491;0.1509;0.1526;762
2015.12.11;08:00:00;0.1508;0.149;0.1499;0.1508;293
2015.12.11;12:00:00;0.1512;0.1497;0.1507;0.1497;199
2015.12.11;16:00:00;0.1516;0.1492;0.1497;0.1506;679
2015.12.11;20:00:00;0.1505;0.1494;0.1504;0.1496;149
2015.12.14;00:00:00;0.151;0.1485;0.1485;0.1507;212
2015.12.14;04:00:00;0.1489;0.145;0.1452;0.1484;591
2015.12.14;08:00:00;0.1455;0.1445;0.145;0.1453;149
2015.12.14;12:00:00;0.1464;0.1452;0.1454;0.1456;290
2015.12.14;16:00:00;0.1466;0.1446;0.1461;0.1455;472
2015.12.14;20:00:00;0.1463;0.1452;0.146;0.1462;208
2015.12.15;00:00:00;0.1459;0.1437;0.1437;0.1451;304
2015.12.15;04:00:00;0.1438;0.1418;0.1431;0.1437;583
2015.12.15;08:00:00;0.1455;0.143;0.1455;0.143;197
2015.12.15;12:00:00;0.1488;0.1453;0.1475;0.1453;408
2015.12.15;16:00:00;0.1489;0.1462;0.1477;0.1474;529
2015.12.15;20:00:00;0.1478;0.1452;0.1454;0.1476;305
