DATE;TIME;HIGH;LOW;CLOSE;OPEN;VOLUME
2015.04.27;12:00:00;8717.5;8683.5;8691.5;8699.5;863
2015.04.27;16:00:00;8731.5;8586;8702.5;8699.5;4565
2015.04.27;20:00:00;8703.5;8574.5;8641.5;8703.5;5028
2015.04.28;00:00:00;8810;8640.5;8761.5;8643;4278
2015.04.28;04:00:00;8774;8704;8706.5;8761;1400
2015.04.28;08:00:00;8781.5;8716.5;8760.5;8720;3429
2015.04.28;12:00:00;8767.5;8724;8756.5;8760;3048
2015.04.28;16:00:00;8792.5;8740;8773.5;8754.5;3541
2015.04.28;20:00:00;8839.5;8768.5;8832;8773;1930
2015.04.29;00:00:00;8945.5;8827;8933.5;8838;3094
2015.04.29;04:00:00;8998.5;8934;8989;8934.5;2280
2015.04.29;08:00:00;9061;8984.5;9048;8991;2108
2015.04.29;12:00:00;9067.5;9032;9065;9048.5;632
2015.04.29;16:00:00;9107;8944.5;8960.5;9103.5;5312
2015.04.29;20:00:00;8968;8914.5;8949.5;8959.5;6308
2015.04.30;00:00:00;9004.5;8942.5;8990.5;8950;4008
2015.04.30;04:00:00;9019;8987.5;9001;8991;906
2015.04.30;08:00:00;9046.5;9000.5;9044;9027.5;3580
2015.04.30;12:00:00;9061;9033;9041.5;9044.5;2970
2015.04.30;16:00:00;9053.5;9014.5;9053.5;9042;2584
2015.04.30;20:00:00;9066;9049;9066;9053;485
2015.05.01;00:00:00;9092.5;9038.5;9056;9074;2997
2015.05.01;04:00:00;9084;9049.5;9064;9056.5;3016
2015.05.01;08:00:00;9066.5;9005.5;9030;9063.5;1998
2015.05.01;12:00:00;9035;9017;9025;9030.5;261
2015.05.01;16:00:00;9054.5;9002;9022.5;9054.5;4405
2015.05.01;20:00:00;9036.5;8998;9022.5;9023;2961
2015.05.04;00:00:00;9048;9008;9030;9024;2111
2015.05.04;04:00:00;9039;9018.5;9026.5;9029.5;407
2015.05.04;08:00:00;9039;8995;9022.5;9022;2652
2015.05.04;12:00:00;9029.5;8970.5;8986;9023;1923
2015.05.04;16:00:00;9004.5;8955;8978;8986.5;1859
2015.05.04;20:00:00;8989;8975;8982.5;8978.5;177
2015.05.05;00:00:00;9049;8928;9034;8928;5161
2015.05.05;04:00:00;9066;8932;8953;9033;4895
2015.05.05;08:00:00;8976;8899.5;8911;8953.5;5335
2015.05.05;12:00:00;8916;8894;8908.5;8911.5;1704
2015.05.05;16:00:00;8944;8882;8926.5;8907.5;5629
2015.05.05;20:00:00;8990;8921;8940;8927;4574
2015.05.06;00:00:00;8955;8810.5;8835.5;8939.5;6486
2015.05.06;04:00:00;8879;8823;8848;8835;2324
2015.05.06;08:00:00;8940.5;8851;8939.5;8873;5563
2015.05.06;12:00:00;8940;8907.5;8929.5;8939;4249
2015.05.06;16:00:00;8953;8883.5;8948.5;8927.5;4394
2015.05.06;20:00:00;8955;8935;8952;8948;1843
2015.05.07;00:00:00;9058;8972;9057;8980.5;3776
2015.05.07;04:00:00;9108;9052.5;9098;9057.5;3270
2015.05.07;08:00:00;9158;9098;9129.5;9098.5;2906
2015.05.07;12:00:00;9150;9127.5;9136;9129;800
2015.05.07;16:00:00;9145;9104;9127.5;9131.5;4593
2015.05.07;20:00:00;9181;9114.5;9139.5;9128;5763
2015.05.08;00:00:00;9172;9072.5;9120.5;9140;6674
2015.05.08;04:00:00;9146.5;9114;9125;9120;997
2015.05.08;08:00:00;9198;9106.5;9182;9113.5;4660
2015.05.08;12:00:00;9196.5;9106;9118;9182.5;4546
2015.05.08;16:00:00;9165;9098;9121.5;9117;6568
2015.05.08;20:00:00;9129.5;9107;9119;9123.5;1243
2015.05.11;00:00:00;9225.5;9113.5;9216.5;9137.5;4008
2015.05.11;04:00:00;9292;9211.5;9289;9217;4587
2015.05.11;08:00:00;9292.5;9182;9199;9289.5;5201
2015.05.11;12:00:00;9229.5;9166.5;9217;9198.5;2475
2015.05.11;16:00:00;9280;9157.5;9250;9168;5292
2015.05.11;20:00:00;9271.5;9171.5;9196.5;9250.5;6896
2015.05.12;00:00:00;9234.5;9169;9183;9197;6449
2015.05.12;04:00:00;9237.5;9180.5;9222.5;9181.5;2246
2015.05.12;08:00:00;9286;8212;8386.5;9264.5;8355
2015.05.12;12:00:00;8457;7922;8276.5;8387.5;15264
2015.05.12;16:00:00;8422.5;8253;8305;8277;7549
2015.05.12;20:00:00;8307;8173;8191;8305.5;1595
2015.05.13;00:00:00;8275.5;7849.5;8024;8208;8460
2015.05.13;04:00:00;8088;7951.5;7959.5;8022.5;7091
2015.05.13;08:00:00;8040.5;7874.5;8027;7962.5;7126
2015.05.13;12:00:00;8033.5;7981;7995.5;8028;695
2015.05.13;16:00:00;8201;7973;8144;7998.5;5800
2015.05.13;20:00:00;8233.5;8138;8228.5;8143.5;4139
2015.05.14;00:00:00;8237.5;8110.5;8150.5;8229;2383
2015.05.14;04:00:00;8162;8149;8161.5;8150;419
2015.05.14;08:00:00;8263.5;8153.5;8226.5;8184;4829
2015.05.14;12:00:00;8251.5;8189.5;8207;8227;4545
2015.05.14;16:00:00;8245;8149.5;8174.5;8205;5738
2015.05.14;20:00:00;8212.5;8170;8179.5;8173.5;1033
2015.05.15;00:00:00;8197.5;8000;8024.5;8174.5;3601
2015.05.15;04:00:00;8047;7907;7952;8025;6296
2015.05.15;08:00:00;8025.5;7916.5;7980.5;7953;5238
2015.05.15;12:00:00;7998;7966.5;7987.5;7979.5;748
2015.05.15;16:00:00;8011;7872;7877;8007;4149
2015.05.15;20:00:00;7953;7842.5;7884;7879;6601
2015.05.18;00:00:00;8025;7876.5;8015;7883;4946
2015.05.18;04:00:00;8052.5;8002.5;8040.5;8015.5;706
2015.05.18;08:00:00;8140.5;7992.5;8100.5;8025.5;4517
2015.05.18;12:00:00;8161;8085;8130;8100;5170
2015.05.18;16:00:00;8167.5;8093;8142;8127.5;4205
2015.05.18;20:00:00;8144.5;8119.5;8119.5;8142.5;403
2015.05.19;00:00:00;8293;8095;8258;8097;5287
2015.05.19;04:00:00;8308.5;8246.5;8294;8257.5;4914
2015.05.19;08:00:00;8327.5;8279;8319;8293;3796
2015.05.19;12:00:00;8344.5;8310;8343;8319.5;363
2015.05.19;16:00:00;8443.5;8311.5;8352.5;8313.5;5915
2015.05.19;20:00:00;8376.5;8307.5;8352;8351.5;5333
2015.05.20;00:00:00;8428;8344;8418;8345.5;5341
2015.05.20;04:00:00;8430.5;8396.5;8399;8417.5;707
2015.05.20;08:00:00;8446.5;8293.5;8323;8442.5;5700
2015.05.20;12:00:00;8380.5;8315;8375.5;8323.5;5274
2015.05.20;16:00:00;8385.5;8300.5;8340.5;8376;4570
2015.05.20;20:00:00;8363.5;8246.5;8251.5;8342;1734
2015.05.21;00:00:00;8420.5;8259.5;8417;8275.5;4769
2015.05.21;04:00:00;8428.5;8366;8390.5;8426;4879
2015.05.21;08:00:00;8466;8364;8464;8392.5;4232
2015.05.21;12:00:00;8485.5;8454.5;8474.5;8464.5;846
2015.05.21;16:00:00;8507;8429;8444.5;8466;4544
2015.05.21;20:00:00;8483;8434.5;8477;8444;4519
2015.05.22;00:00:00;8479;8356;8413.5;8476;5689
2015.05.22;04:00:00;8444.5;8332.5;8336;8413;1554
2015.05.22;08:00:00;8471.5;8383;8422.5;8391;3908
2015.05.22;12:00:00;8454.5;8397;8417.5;8424;4054
2015.05.22;16:00:00;8461;8399;8418.5;8414;5901
2015.05.22;20:00:00;8490;8418;8489;8418;1493
2015.05.25;00:00:00;8514.5;8424.5;8489.5;8474;3701
2015.05.25;04:00:00;8497;8450;8472.5;8489;4132
2015.05.25;08:00:00;8485.5;8421;8485.5;8474;5810
2015.05.25;12:00:00;8498;8463.5;8498;8486;1129
2015.05.25;16:00:00;8575.5;8461.5;8561.5;8483;4031
2015.05.25;20:00:00;8607.5;8561.5;8584;8562;3819
2015.05.26;00:00:00;8612.5;8578;8592.5;8586;4112
2015.05.26;04:00:00;8618.5;8554.5;8556.5;8592;1289
2015.05.26;08:00:00;8558;8501;8547;8518.5;3436
2015.05.26;12:00:00;8558.5;8514;8534;8545;3443
2015.05.26;16:00:00;8552.5;8514;8536.5;8533.5;3025
2015.05.26;20:00:00;8555;8529;8550;8537.5;602
2015.05.27;00:00:00;8546;8483;8536;8543;2625
2015.05.27;04:00:00;8602;8529.5;8590;8535.5;4504
2015.05.27;08:00:00;8618;8557.5;8576.5;8589.5;2944
2015.05.27;12:00:00;8582.5;8535.5;8564;8577;1449
2015.05.27;16:00:00;8583;8520;8575.5;8540.5;3506
2015.05.27;20:00:00;8630;8554.5;8614.5;8576.5;4508
2015.05.28;00:00:00;8638.5;8598.5;8609;8614;3627
2015.05.28;04:00:00;8614.5;8588.5;8611.5;8609.5;962
2015.05.28;08:00:00;8639;8559.5;8589.5;8631;3565
2015.05.28;12:00:00;8624;8587;8613;8590;3777
2015.05.28;16:00:00;8634.5;8579;8628.5;8613.5;3071
2015.05.28;20:00:00;8649;8628.5;8648.5;8629;533
2015.05.29;00:00:00;8642;8573.5;8574;8629;2650
2015.05.29;04:00:00;8589;8536;8589;8573;3166
2015.05.29;08:00:00;8590.5;8558.5;8582;8589.5;2877
2015.05.29;12:00:00;8604.5;8571.5;8597;8582.5;831
2015.05.29;16:00:00;8608.5;8574;8591.5;8601.5;3764
2015.05.29;20:00:00;8597;8559.5;8591.5;8591;3491
2015.06.01;00:00:00;8633;8581.5;8632.5;8591;2999
2015.06.01;04:00:00;8658;8630;8650;8633;366
2015.06.01;08:00:00;8664.5;8604;8645.5;8651;2546
2015.06.01;12:00:00;8664;8614;8663;8646;2643
2015.06.01;16:00:00;8665;8637;8655.5;8661;2346
2015.06.01;20:00:00;8672.5;8652.5;8672.5;8653.5;242
2015.06.02;00:00:00;8694;8630;8691.5;8659;2414
2015.06.02;04:00:00;8732;8690.5;8719.5;8691;897
2015.06.02;08:00:00;8723;8672;8675.5;8720.5;1351
2015.06.02;12:00:00;8675.5;8668;8673.5;8675;145
2015.06.02;16:00:00;8727.5;8662;8709;8707;2423
2015.06.02;20:00:00;8732;8694;8717.5;8708.5;2698
2015.06.03;00:00:00;8783.5;8715;8778.5;8718;2359
2015.06.03;04:00:00;8783;8767.5;8778.5;8779;372
2015.06.03;08:00:00;8798.5;8749;8778;8769.5;1923
2015.06.03;12:00:00;8818;8772;8811;8777.5;1927
2015.06.03;16:00:00;8812.5;8783;8788;8811.5;1896
2015.06.03;20:00:00;8813;8789;8802;8789;556
2015.06.04;00:00:00;8853;8782;8841.5;8807.5;3023
2015.06.04;04:00:00;8878;8836.5;8875;8841;3325
2015.06.04;08:00:00;8912;8868.5;8887.5;8877;2237
2015.06.04;12:00:00;8895;8884;8891;8888;280
2015.06.04;16:00:00;8923;8883.5;8911;8886.5;2892
2015.06.04;20:00:00;8909.5;8832.5;8847;8909.5;4826
2015.06.05;00:00:00;8925.5;8830;8925;8846;3137
2015.06.05;04:00:00;8951.5;8914.5;8915;8925.5;221
2015.06.05;08:00:00;8947;8910;8929.5;8920;2681
2015.06.05;12:00:00;8985.5;8929.5;8983;8930;1974
2015.06.05;16:00:00;8986;8960;8973.5;8984;1690
2015.06.05;20:00:00;8977;8961.5;8972.5;8974;205
2015.06.08;00:00:00;8998.5;8936;8967.5;8984;2366
2015.06.08;04:00:00;8973.5;8936.5;8954;8968;1735
2015.06.08;08:00:00;8989;8949;8976;8954.5;2724
2015.06.08;12:00:00;8992;8975;8984.5;8977;221
2015.06.08;16:00:00;8983;8923.5;8940.5;8980;2354
2015.06.08;20:00:00;8983;8936.5;8959.5;8939;1619
2015.06.09;00:00:00;8993;8949.5;8984.5;8956;1842
2015.06.09;04:00:00;8987;8966;8981.5;8985;459
2015.06.09;08:00:00;8992;8955;8970;8985;1926
2015.06.09;12:00:00;9019.5;8963.5;9013;8969.5;2172
2015.06.09;16:00:00;9058;9007.5;9043;9014;2056
2015.06.09;20:00:00;9049;9028;9043;9044.5;615
2015.06.10;00:00:00;9068;8990;9005;9037;2663
2015.06.10;04:00:00;9026.5;9001;9021;9005.5;1772
2015.06.10;08:00:00;9029.5;8985.5;9021.5;9021.5;2292
2015.06.10;12:00:00;9028.5;9014.5;9022;9022.5;469
2015.06.10;16:00:00;9053;8987.5;9024.5;9044;2150
2015.06.10;20:00:00;9035;9001;9022.5;9026;1968
2015.06.11;00:00:00;9061;9012.5;9056.5;9024;1907
2015.06.11;04:00:00;9068;9054;9067;9056;266
2015.06.11;08:00:00;9054.5;9011;9051.5;9013;2126
2015.06.11;12:00:00;9051;9003.5;9006.5;9050.5;2539
2015.06.11;16:00:00;9021.5;8941;8972;9007.5;2940
2015.06.11;20:00:00;8980.5;8968.5;8975;8972.5;456
2015.06.12;00:00:00;9008;8957;8977;8976;2930
2015.06.12;04:00:00;8978.5;8922;8931;8977.5;2619
2015.06.12;08:00:00;9011;8931;8999.5;8931.5;2703
2015.06.12;12:00:00;9009;8995.5;9001;9000;359
2015.06.12;16:00:00;9017;8971.5;9005.5;8987;2020
2015.06.12;20:00:00;9027;8998;9025;9005;3810
2015.06.15;00:00:00;9048;9006;9031.5;9026;2065
2015.06.15;04:00:00;9040;9030;9033.5;9032;372
2015.06.15;08:00:00;9101.5;9033;9089;9053;1918
2015.06.15;12:00:00;9101.5;9064.5;9079.5;9090.5;3126
2015.06.15;16:00:00;9108;9042;9052;9077.5;2826
2015.06.15;20:00:00;9059;9040.5;9058.5;9052.5;632
2015.06.16;00:00:00;9072.5;9001.5;9019.5;9055;3325
2015.06.16;04:00:00;9049;8998;9023.5;9020;2693
2015.06.16;08:00:00;9058;9022.5;9051.5;9022.5;1609
2015.06.16;12:00:00;9060.5;9047.5;9047.5;9051;320
2015.06.16;16:00:00;9093;9036;9039.5;9039;2460
2015.06.16;20:00:00;9048.5;9001.5;9031;9038;4818
2015.06.17;00:00:00;9050.5;9009;9026.5;9031.5;2479
2015.06.17;04:00:00;9039.5;9023.5;9037;9026;473
2015.06.17;08:00:00;9099.5;9029.5;9092;9050;2802
2015.06.17;12:00:00;9094.5;9069.5;9079.5;9091.5;3464
2015.06.17;16:00:00;9120.5;9076.5;9105;9077;2482
2015.06.17;20:00:00;9105.5;9085.5;9094;9105.5;492
2015.06.18;00:00:00;9126.5;9081;9115;9106;2631
2015.06.18;04:00:00;9127.5;9092.5;9116;9114;3261
2015.06.18;08:00:00;9138.5;9105.5;9138;9116.5;2031
2015.06.18;12:00:00;9154.5;9135;9142;9138.5;442
2015.06.18;16:00:00;9164;9120.5;9130.5;9163.5;2848
2015.06.18;20:00:00;9145.5;9120.5;9139.5;9130;3402
2015.06.19;00:00:00;9169;9134;9161;9139;2472
2015.06.19;04:00:00;9190.5;9158;9173;9162;579
2015.06.19;08:00:00;9195.5;9157;9185;9175;1893
2015.06.19;12:00:00;9239.5;9175;9239.5;9184.5;2428
2015.06.19;16:00:00;9272.5;9224.5;9254.5;9238.5;1891
2015.06.19;20:00:00;9258;9243;9245;9254;316
2015.06.22;00:00:00;9260.5;9204.5;9206.5;9256.5;3048
2015.06.22;04:00:00;9216;9169.5;9192.5;9205.5;4159
2015.06.22;08:00:00;9234;9182.5;9229;9192;2038
2015.06.22;12:00:00;9251;9225.5;9229.5;9229.5;275
2015.06.22;16:00:00;9256.5;9181.5;9233.5;9232.5;3096
2015.06.22;20:00:00;9281.5;9233.5;9268.5;9234;3688
2015.06.23;00:00:00;9310.5;9241;9288.5;9268;2747
2015.06.23;04:00:00;9316;9235.5;9258;9287.5;787
2015.06.23;08:00:00;9339.5;9263.5;9298;9276;3237
2015.06.23;12:00:00;9309.5;9274.5;9300.5;9297.5;3146
2015.06.23;16:00:00;9330;9287.5;9314;9299;1775
2015.06.23;20:00:00;9317.5;9305;9310.5;9313.5;223
2015.06.24;00:00:00;9353.5;9322;9339;9323.5;3336
2015.06.24;04:00:00;9368.5;9337.5;9354.5;9338.5;2918
2015.06.24;08:00:00;9394.5;9355;9389.5;9355.5;1423
2015.06.24;12:00:00;9391.5;9372.5;9378;9390;294
2015.06.24;16:00:00;9391.5;9354.5;9366;9384.5;3715
2015.06.24;20:00:00;9366.5;9337.5;9361.5;9366.5;3052
2015.06.25;00:00:00;9382;9353;9372;9360;1910
2015.06.25;04:00:00;9374;9344;9358.5;9372.5;228
2015.06.25;08:00:00;9393.5;9319.5;9367.5;9357;3379
2015.06.25;12:00:00;9369.5;9280;9280;9367;2887
2015.06.25;16:00:00;9321.5;9271.5;9276;9280.5;2185
2015.06.25;20:00:00;9287;9262;9267.5;9275.5;466
2015.06.26;00:00:00;9312.5;9266;9275.5;9281.5;3306
2015.06.26;04:00:00;9276.5;9217;9222.5;9275;3714
2015.06.26;08:00:00;9242.5;9170.5;9199;9223.5;3344
2015.06.26;12:00:00;9198.5;9176;9192;9198.5;417
2015.06.26;16:00:00;9155;8996.5;9040.5;9154.5;5420
2015.06.26;20:00:00;9085.5;9014;9050;9040;5222
2015.06.29;00:00:00;9096.5;9027.5;9076;9050.5;3162
2015.06.29;04:00:00;9085.5;9074.5;9076.5;9075.5;672
2015.06.29;08:00:00;9159;9071.5;9143;9082;3399
2015.06.29;12:00:00;9149.5;9086.5;9116.5;9142;4841
2015.06.29;16:00:00;9120.5;9073;9097.5;9117;2234
2015.06.29;20:00:00;9105.5;9090;9094.5;9098;331
2015.06.30;00:00:00;9196.5;9105;9155.5;9118.5;3366
2015.06.30;04:00:00;9189.5;9126.5;9189.5;9156;2386
2015.06.30;08:00:00;9218;9172.5;9209;9192;2061
2015.06.30;12:00:00;9216.5;9204;9208.5;9208.5;169
2015.06.30;16:00:00;9251.5;9179;9184;9198.5;3948
2015.06.30;20:00:00;9185;9122;9133;9183.5;3662
2015.07.01;00:00:00;9169;9099.5;9120;9133.5;2891
2015.07.01;04:00:00;9125;9095.5;9108;9119.5;557
2015.07.01;08:00:00;9180.5;9073;9178;9087;4156
2015.07.01;12:00:00;9190;9112.5;9122.5;9178.5;3640
2015.07.01;16:00:00;9162.5;9120.5;9144;9124;3460
2015.07.01;20:00:00;9161.5;9139;9161;9143.5;362
2015.07.02;00:00:00;9160;9123;9141;9147;2940
2015.07.02;04:00:00;9144.5;9126.5;9139.5;9141.5;2118
2015.07.02;08:00:00;9150.5;9114;9139.5;9140;1831
2015.07.02;12:00:00;9145.5;9129.5;9140;9139;183
2015.07.02;16:00:00;9230;9155.5;9215.5;9165.5;3125
2015.07.02;20:00:00;9273.5;9212.5;9266.5;9216.5;2493
2015.07.03;00:00:00;9281.5;9242;9263;9267.5;1692
2015.07.03;04:00:00;9268.5;9241.5;9244.5;9262.5;245
2015.07.03;08:00:00;9290.5;9241.5;9268.5;9250;3112
2015.07.03;12:00:00;9276.5;9254.5;9260.5;9268;2189
2015.07.03;16:00:00;9272.5;9236;9252.5;9261.5;2065
2015.07.03;20:00:00;9261.5;9234;9258;9253;651
2015.07.06;00:00:00;9361;9251.5;9360.5;9256;2757
2015.07.06;04:00:00;9396.5;9353.5;9387;9361.5;1908
2015.07.06;08:00:00;9410.5;9374.5;9407;9392.5;1924
2015.07.06;12:00:00;9432;9406;9424.5;9406.5;408
2015.07.06;16:00:00;9452.5;9403;9447;9420;2383
2015.07.06;20:00:00;9466;9444.5;9464.5;9446.5;2376
2015.07.07;00:00:00;9486;9452.5;9466;9465.5;1637
2015.07.07;04:00:00;9472.5;9462;9472;9467.5;235
2015.07.07;08:00:00;9473.5;9416;9439.5;9460;2626
2015.07.07;12:00:00;9442.5;9412.5;9420.5;9439;1543
2015.07.07;16:00:00;9438;9383;9399;9421;1661
2015.07.07;20:00:00;9410;9384.5;9393.5;9399.5;531
2015.07.08;00:00:00;9437.5;9394.5;9404.5;9401;3055
2015.07.08;04:00:00;9433.5;9389.5;9392;9405.5;2805
2015.07.08;08:00:00;9430;9381.5;9428.5;9391.5;1805
2015.07.08;12:00:00;9431;9417;9427.5;9428;230
2015.07.08;16:00:00;9468.5;9413.5;9454;9419.5;2667
2015.07.08;20:00:00;9455.5;9433.5;9438.5;9453.5;1971
2015.07.09;00:00:00;9445.5;9417.5;9418;9439;1889
2015.07.09;04:00:00;9434.5;9416;9422.5;9419;482
2015.07.09;08:00:00;9445.5;9402.5;9403;9429;3411
2015.07.09;12:00:00;9410.5;9388.5;9401.5;9402.5;2752
2015.07.09;16:00:00;9412.5;9372;9392;9399;1862
2015.07.09;20:00:00;9398.5;9382;9395;9391.5;279
2015.07.10;00:00:00;9420.5;9358.5;9359;9393.5;4306
2015.07.10;04:00:00;9361.5;9270.5;9271;9358.5;6470
2015.07.10;08:00:00;9283.5;9232.5;9234;9272;3040
2015.07.10;12:00:00;9267.5;9233;9252;9235.5;314
2015.07.10;16:00:00;9273;9233;9236.5;9238.5;2916
2015.07.10;20:00:00;9262.5;9231;9253.5;9236;1805
2015.07.13;00:00:00;9262.5;9239;9241;9254.5;1822
2015.07.13;04:00:00;9252;9233.5;9236;9241.5;520
2015.07.13;08:00:00;9358.5;9260.5;9320;9262;4237
2015.07.13;12:00:00;9359;9298.5;9336.5;9319.5;3018
2015.07.13;16:00:00;9340;9281.5;9298;9337.5;2395
2015.07.13;20:00:00;9314.5;9293;9313;9297.5;522
2015.07.14;00:00:00;9356.5;9283.5;9284;9321;3473
2015.07.14;04:00:00;9347;9259.5;9335.5;9284.5;3794
2015.07.14;08:00:00;9380.5;9319.5;9380;9336.5;3018
2015.07.14;12:00:00;9402.5;9370;9402;9380.5;1152
2015.07.14;16:00:00;9430.5;9357.5;9395.5;9401;3643
2015.07.14;20:00:00;9399;9346.5;9358;9396;3429
2015.07.15;00:00:00;9383;9316.5;9375;9358.5;2561
2015.07.15;04:00:00;9382;9364;9370;9375.5;330
2015.07.15;08:00:00;9394.5;9348;9366;9354.5;2295
2015.07.15;12:00:00;9367;9283.5;9293.5;9365.5;3094
2015.07.15;16:00:00;9331;9279.5;9324;9294;2151
2015.07.15;20:00:00;9323;9309.5;9318.5;9323;176
2015.07.16;00:00:00;9346.5;9228;9248;9323;1946
2015.07.16;04:00:00;9343.5;9249.5;9337.5;9249.5;1997
2015.07.16;08:00:00;9362;9322.5;9333;9338;1329
2015.07.16;12:00:00;9340;9307;9315;9333.5;320
2015.07.16;16:00:00;9316;9248;9262.5;9296;2068
2015.07.16;20:00:00;9270.5;9220;9221;9260.5;3560
2015.07.17;00:00:00;9275.5;9184.5;9262;9220.5;3520
2015.07.17;04:00:00;9283;9257.5;9283;9261.5;282
2015.07.17;08:00:00;9301;9234;9246.5;9275.5;3528
2015.07.17;12:00:00;9260.5;9176;9179;9246;4891
2015.07.17;16:00:00;9184;9048.5;9080;9179.5;4110
2015.07.17;20:00:00;9120.5;9074.5;9106.5;9079;1157
2015.07.20;00:00:00;9108;9026.5;9075;9082.5;3759
2015.07.20;04:00:00;9087.5;9049.5;9064.5;9075.5;3442
2015.07.20;08:00:00;9091;9035.5;9063;9061.5;4039
2015.07.20;12:00:00;9063.5;8984.5;9004;9063.5;1086
2015.07.20;16:00:00;9142.5;9074;9094;9084.5;3311
2015.07.20;20:00:00;9124.5;9088;9089.5;9093.5;2268
2015.07.21;00:00:00;9127;9081;9107;9087.5;1788
2015.07.21;04:00:00;9115;9103;9109;9107.5;283
2015.07.21;08:00:00;9206;9087.5;9180.5;9095;4307
2015.07.21;12:00:00;9190;9125;9125.5;9181;4864
2015.07.21;16:00:00;9139;8990.5;9000.5;9126;3879
2015.07.21;20:00:00;9008.5;8984;9002;8999.5;751
2015.07.22;00:00:00;9030.5;8803;8942.5;9023.5;3942
2015.07.22;04:00:00;8978.5;8884.5;8891.5;8943;3572
2015.07.22;08:00:00;8921.5;8840.5;8845;8890.5;4477
2015.07.22;12:00:00;8863;8828.5;8863;8845.5;464
2015.07.22;16:00:00;8861;8722;8752;8844.5;4595
2015.07.22;20:00:00;8899;8731.5;8851;8753;4538
2015.07.23;00:00:00;8883.5;8843.5;8862.5;8849.5;3497
2015.07.23;04:00:00;8882.5;8863;8879;8863;300
2015.07.23;08:00:00;9002;8905.5;8966.5;8906;5110
2015.07.23;12:00:00;9110;8957.5;9096;8965.5;3841
2015.07.23;16:00:00;9116.5;9072.5;9108;9096.5;2219
2015.07.23;20:00:00;9123;9107;9119.5;9108.5;328
2015.07.24;00:00:00;9135.5;9061.5;9066;9112.5;3916
2015.07.24;04:00:00;9113.5;9051.5;9113.5;9064.5;3104
2015.07.24;08:00:00;9138.5;9095.5;9107.5;9113;2140
2015.07.24;12:00:00;9112.5;9090.5;9103.5;9107;441
2015.07.24;16:00:00;9116.5;8985.5;9010;9108.5;5338
2015.07.24;20:00:00;9039;8990;9025;9011;4388
2015.07.27;00:00:00;9066.5;9001;9052;9024.5;3227
2015.07.27;04:00:00;9065.5;9043;9059.5;9051.5;399
2015.07.27;08:00:00;9095;9043;9073.5;9073;3529
2015.07.27;12:00:00;9088;9031;9062;9074;3657
2015.07.27;16:00:00;9074;9012;9042;9062.5;3024
2015.07.27;20:00:00;9053;9029.5;9052.5;9042.5;787
2015.07.28;00:00:00;9189;9118;9160.5;9139.5;3332
2015.07.28;04:00:00;9168;9128.5;9137;9160;2519
2015.07.28;08:00:00;9136;9096.5;9125.5;9136;2846
2015.07.28;12:00:00;9137;9123;9135;9127.5;465
2015.07.28;16:00:00;9203.5;9110;9167.5;9128.5;2984
2015.07.28;20:00:00;9176;9122;9175;9167;2902
2015.07.29;00:00:00;9205;9154.5;9204.5;9175.5;1874
2015.07.29;04:00:00;9212;9198.5;9208.5;9205;186
2015.07.29;08:00:00;9294.5;9212.5;9266.5;9220;2752
2015.07.29;12:00:00;9288;9264;9286;9266;2337
2015.07.29;16:00:00;9305.5;9271.5;9296;9286.5;1982
2015.07.29;20:00:00;9297.5;9269.5;9277.5;9295.5;327
2015.07.30;00:00:00;9309.5;9275.5;9302;9294;2494
2015.07.30;04:00:00;9317.5;9288.5;9303;9301.5;1742
2015.07.30;08:00:00;9337;9300.5;9306.5;9303.5;1593
2015.07.30;12:00:00;9324.5;9304;9320.5;9307.5;1172
2015.07.30;16:00:00;9333.5;9288.5;9332;9319.5;2378
2015.07.30;20:00:00;9358.5;9317.5;9357.5;9333;1578
2015.07.31;00:00:00;9373.5;9347;9359;9357;1715
2015.07.31;04:00:00;9373.5;9358;9364.5;9358;394
2015.07.31;08:00:00;9366.5;9324;9335.5;9361.5;1796
2015.07.31;12:00:00;9383.5;9322;9376;9334.5;1933
2015.07.31;16:00:00;9385.5;9343;9374.5;9378;1488
2015.07.31;20:00:00;9375.5;9359;9369;9374;138
2015.08.03;00:00:00;9380;9301.5;9303.5;9349.5;3193
2015.08.03;04:00:00;9353.5;9301.5;9310.5;9303;2348
2015.08.03;08:00:00;9315;9248.5;9264.5;9311.5;2378
2015.08.03;12:00:00;9287;9265.5;9283;9268;470
2015.08.03;16:00:00;9336;9277.5;9330.5;9282.5;2105
2015.08.03;20:00:00;9384;9325.5;9378;9331;2197
2015.08.04;00:00:00;9411;9367;9402;9378.5;2732
2015.08.04;04:00:00;9414.5;9401.5;9410.5;9402.5;244
2015.08.04;08:00:00;9425;9375.5;9410.5;9395;2282
2015.08.04;12:00:00;9423;9397.5;9399;9411;1619
2015.08.04;16:00:00;9403.5;9374;9382;9398.5;2303
2015.08.04;20:00:00;9397.5;9382;9395.5;9383;256
2015.08.05;00:00:00;9407.5;9323.5;9328;9389.5;3036
2015.08.05;04:00:00;9381.5;9319.5;9328.5;9328.5;2855
2015.08.05;08:00:00;9332;9220;9246;9328;3393
2015.08.05;12:00:00;9302.5;9228.5;9292.5;9245;592
2015.08.05;16:00:00;9324.5;9280.5;9286.5;9306;3433
2015.08.05;20:00:00;9322;9274;9292.5;9286;2702
2015.08.06;00:00:00;9302.5;9262.5;9295;9293;2792
2015.08.06;04:00:00;9302;9284;9296.5;9295.5;466
2015.08.06;08:00:00;9303;9203.5;9227.5;9300.5;3172
2015.08.06;12:00:00;9261;9185;9209.5;9228.5;4206
2015.08.06;16:00:00;9226.5;9185.5;9223.5;9212.5;2839
2015.08.06;20:00:00;9227;9194;9200;9224;902
2015.08.07;00:00:00;9247.5;9195;9236.5;9198.5;2929
2015.08.07;04:00:00;9298.5;9236.5;9258.5;9237.5;3645
2015.08.07;08:00:00;9270;9220.5;9253;9259;3031
2015.08.07;12:00:00;9260.5;9228.5;9235;9254;308
2015.08.07;16:00:00;9240.5;9117.5;9162;9220.5;5672
2015.08.07;20:00:00;9266;9153.5;9265;9162.5;3751
2015.08.10;00:00:00;9281.5;9148.5;9164;9262;3472
2015.08.10;04:00:00;9185.5;9159.5;9185;9163.5;772
2015.08.10;08:00:00;9193.5;9108;9108.5;9184;4868
2015.08.10;12:00:00;9150.5;9075.5;9117;9108;5352
2015.08.10;16:00:00;9132.5;9075;9082.5;9116.5;3448
2015.08.10;20:00:00;9100.5;9082;9095;9083;433
2015.08.11;00:00:00;9109;9054.5;9087;9101.5;3239
2015.08.11;04:00:00;9118.5;9065.5;9085;9086.5;2776
2015.08.11;08:00:00;9092;9017.5;9021.5;9084.5;2438
2015.08.11;12:00:00;9041;9009;9032.5;9021;657
2015.08.11;16:00:00;9043.5;8946.5;8953;9039;3587
2015.08.11;20:00:00;8999.5;8951;8951.5;8953.5;3131
2015.08.12;00:00:00;8993.5;8945.5;8961;8950.5;2674
2015.08.12;04:00:00;8970;8952;8959.5;8962;463
2015.08.12;08:00:00;9057.5;8961;9052.5;8965.5;3194
2015.08.12;12:00:00;9080.5;9050;9071;9053;2468
2015.08.12;16:00:00;9134.5;9061;9116.5;9070;3151
2015.08.12;20:00:00;9131;9109.5;9117.5;9118;308
2015.08.13;00:00:00;9168.5;9101;9162;9121.5;3473
2015.08.13;04:00:00;9186.5;9144.5;9180;9160.5;2898
2015.08.13;08:00:00;9186.5;9110;9157;9180.5;3680
2015.08.13;12:00:00;9157.5;9134.5;9138.5;9156.5;252
2015.08.13;16:00:00;9143.5;9100.5;9134;9123;3728
2015.08.13;20:00:00;9141.5;9028.5;9044;9134.5;3862
2015.08.14;00:00:00;9069;9005.5;9026;9042;4367
2015.08.14;04:00:00;9026.5;9008;9022;9025.5;480
2015.08.14;08:00:00;9005;8937.5;8958;8985;3745
2015.08.14;12:00:00;8965;8920;8925;8958.5;3366
2015.08.14;16:00:00;8953;8914;8926;8925.5;2864
2015.08.14;20:00:00;8936;8910;8928;8926.5;512
2015.08.17;00:00:00;8945;8878;8944.5;8916.5;4717
2015.08.17;04:00:00;9001.5;8918.5;8986.5;8945.5;3548
2015.08.17;08:00:00;8989;8952.5;8969.5;8984;2579
2015.08.17;12:00:00;8974;8963.5;8973.5;8970;265
2015.08.17;16:00:00;8993;8927.5;8930;8978;3676
2015.08.17;20:00:00;8934.5;8882.5;8909;8929.5;3244
2015.08.18;00:00:00;8943.5;8845;8860.5;8909.5;3052
2015.08.18;04:00:00;8875.5;8840;8851;8860;1557
2015.08.18;08:00:00;8876.5;8737.5;8789;8839.5;5508
2015.08.18;12:00:00;8835.5;8788;8832;8791;4112
2015.08.18;16:00:00;8953.5;8828;8883.5;8831.5;3441
2015.08.18;20:00:00;8915;8883;8899.5;8884.5;458
2015.08.19;00:00:00;8975;8862;8955;8865.5;3740
2015.08.19;04:00:00;8969.5;8902.5;8912;8954;3973
2015.08.19;08:00:00;8920.5;8847.5;8861;8911.5;2901
2015.08.19;12:00:00;8860.5;8835.5;8836.5;8860.5;326
2015.08.19;16:00:00;9036.5;8922;8987.5;8922;4540
2015.08.19;20:00:00;9005.5;8951.5;8998;8988;4282
2015.08.20;00:00:00;9029.5;8990;9010.5;8998.5;3413
2015.08.20;04:00:00;9021.5;8998;9006;9009;449
2015.08.20;08:00:00;9114.5;9035;9106;9035;3511
2015.08.20;12:00:00;9159.5;9103.5;9159;9106.5;2623
2015.08.20;16:00:00;9167;9120;9152.5;9156;2888
2015.08.20;20:00:00;9159.5;9146;9155.5;9151.5;291
2015.08.21;00:00:00;9168;9062.5;9063;9155;4550
2015.08.21;04:00:00;9109;9056.5;9083;9064;3961
2015.08.21;08:00:00;9104.5;9023.5;9043;9082;3485
2015.08.21;12:00:00;9047;9026;9030.5;9039;815
2015.08.21;16:00:00;9076.5;9009.5;9072.5;9063;4352
2015.08.21;20:00:00;9118;9050.5;9061;9073;5014
2015.08.24;00:00:00;9067;9026;9028.5;9060;2749
2015.08.24;04:00:00;9027.5;8990.5;8995.5;9027;877
2015.08.24;08:00:00;9006.5;8929;8950;8971;3989
2015.08.24;12:00:00;9049;8944;9026.5;8950.5;3278
2015.08.24;16:00:00;9032;8991;9005.5;9027.5;2759
2015.08.24;20:00:00;9033.5;9001.5;9032.5;9004.5;764
2015.08.25;00:00:00;8926;8495;8900.5;8630.5;7025
2015.08.25;04:00:00;8945;8866;8911;8901.5;4399
2015.08.25;08:00:00;8922.5;8803;8811.5;8911.5;3928
2015.08.25;12:00:00;8815.5;8766;8770;8812;488
2015.08.25;16:00:00;8872;8761.5;8852.5;8780;6439
2015.08.25;20:00:00;8892;8811;8811;8851.5;5592
2015.08.26;00:00:00;8834.5;8727.5;8757;8810;5873
2015.08.26;04:00:00;8784.5;8740.5;8757.5;8757.5;780
2015.08.26;08:00:00;8908.5;8774;8869;8799;6921
2015.08.26;12:00:00;8944.5;8867.5;8944.5;8869.5;3950
2015.08.26;16:00:00;8954;8887.5;8893.5;8947;4672
2015.08.26;20:00:00;8920.5;8887;8917.5;8894;792
2015.08.27;00:00:00;8984.5;8908.5;8974.5;8912;4058
2015.08.27;04:00:00;9004.5;8952.5;8963;8975.5;3925
2015.08.27;08:00:00;8983.5;8930;8939.5;8959.5;3469
2015.08.27;12:00:00;8953;8936;8945.5;8939;459
2015.08.27;16:00:00;8962;8904;8935.5;8961;4435
2015.08.27;20:00:00;8937;8868;8879.5;8936;2853
2015.08.28;00:00:00;8929.5;8859;8924;8880;2659
2015.08.28;04:00:00;8930;8910;8919.5;8927;111
2015.08.28;08:00:00;8893;8787;8873.5;8787;6913
2015.08.28;12:00:00;8884.5;8822;8852.5;8873;4631
2015.08.28;16:00:00;8893;8813.5;8816.5;8851.5;4473
2015.08.28;20:00:00;8837.5;8805.5;8826.5;8815.5;983
2015.08.31;00:00:00;8891;8841.5;8868;8867;5257
2015.08.31;04:00:00;8889;8818;8859;8868.5;4835
2015.08.31;08:00:00;8862.5;8747.5;8830.5;8858;7660
2015.08.31;12:00:00;8897;8815.5;8887;8831;1517
2015.08.31;16:00:00;8868;8779.5;8819.5;8822;8216
2015.08.31;20:00:00;8860;8805;8820.5;8820;4626
2015.09.01;00:00:00;8867;8809;8845.5;8819.5;4453
2015.09.01;04:00:00;8842;8798.5;8811.5;8842;1919
2015.09.01;08:00:00;8978;8838.5;8972.5;8872;5667
2015.09.01;12:00:00;9007.5;8936;8995;8973;4798
2015.09.01;16:00:00;9012.5;8949;8965;8995.5;4826
2015.09.01;20:00:00;8967.5;8943.5;8948;8964.5;1274
2015.09.02;00:00:00;9148;9041;9081;9094.5;7283
2015.09.02;04:00:00;9140.5;9081.5;9107.5;9082.5;3657
2015.09.02;08:00:00;9163;9101;9141;9108.5;3658
2015.09.02;12:00:00;9167;9140.5;9153.5;9141.5;418
2015.09.02;16:00:00;9233.5;9083;9229.5;9110.5;6908
2015.09.02;20:00:00;9250.5;9215.5;9231.5;9229;3694
2015.09.03;00:00:00;9265;9230;9243.5;9231;2830
2015.09.03;04:00:00;9260.5;9245;9260.5;9245;244
2015.09.03;08:00:00;9275.5;9227;9255.5;9271.5;3667
2015.09.03;12:00:00;9284.5;9251.5;9283;9256;2717
2015.09.03;16:00:00;9323.5;9280.5;9320;9283.5;2289
2015.09.03;20:00:00;9331;9313.5;9323.5;9320.5;357
2015.09.04;00:00:00;9330.5;9277.5;9323.5;9319.5;4513
2015.09.04;04:00:00;9338.5;9315.5;9319.5;9324;3165
2015.09.04;08:00:00;9349.5;9315;9317.5;9320;2610
2015.09.04;12:00:00;9317;9264.5;9290;9317;1071
2015.09.04;16:00:00;9428.5;9311.5;9401;9348.5;4903
2015.09.04;20:00:00;9434;9397;9427;9400.5;2553
2015.09.07;00:00:00;9461;9415;9452.5;9426.5;2295
2015.09.07;04:00:00;9464.5;9450.5;9462;9452;224
2015.09.07;08:00:00;9466.5;9415;9442.5;9465;4166
2015.09.07;12:00:00;9446;9419;9433;9442;2161
2015.09.07;16:00:00;9447.5;9418.5;9436.5;9432;2104
2015.09.07;20:00:00;9445.5;9431;9444.5;9435.5;130
2015.09.08;00:00:00;9523;9486.5;9508.5;9489;1298
2015.09.08;04:00:00;9512.5;9475;9478.5;9508;2097
2015.09.08;08:00:00;9502;9450;9498.5;9479;2410
2015.09.08;12:00:00;9506.5;9494.5;9496.5;9498;161
2015.09.08;16:00:00;9493.5;9405;9429;9493;4333
2015.09.08;20:00:00;9435;9401;9404;9428.5;2113
2015.09.09;00:00:00;9405;9359.5;9371.5;9404.5;2671
2015.09.09;04:00:00;9385.5;9366;9383;9370;699
2015.09.09;08:00:00;9365;9316;9330.5;9359.5;4420
2015.09.09;12:00:00;9334;9268.5;9286.5;9331;2564
2015.09.09;16:00:00;9304.5;9267.5;9294;9287;2232
2015.09.09;20:00:00;9296;9282.5;9288;9293.5;167
2015.09.10;00:00:00;9381.5;9330.5;9378.5;9341;4434
2015.09.10;04:00:00;9406.5;9355.5;9359;9379;2947
2015.09.10;08:00:00;9394.5;9339;9359;9358.5;2906
2015.09.10;12:00:00;9361.5;9338;9356;9358.5;279
2015.09.10;16:00:00;9419.5;9355.5;9391.5;9373.5;3976
2015.09.10;20:00:00;9401.5;9347.5;9366;9391;2469
2015.09.11;00:00:00;9363.5;9293.5;9296.5;9363;3033
2015.09.11;04:00:00;9301;9286.5;9292.5;9297;317
2015.09.11;08:00:00;9332.5;9222;9244.5;9307;4220
2015.09.11;12:00:00;9252.5;9180;9192.5;9244;4189
2015.09.11;16:00:00;9211;9169;9181;9191;3538
2015.09.11;20:00:00;9192;9170;9174.5;9180.5;390
2015.09.14;00:00:00;9261.5;9183;9253.5;9216.5;4841
2015.09.14;04:00:00;9265.5;9232.5;9252.5;9254.5;2928
2015.09.14;08:00:00;9300.5;9221.5;9300.5;9248.5;2921
2015.09.14;12:00:00;9310;9298.5;9305;9299;206
2015.09.14;16:00:00;9368.5;9288.5;9348.5;9296;4127
2015.09.14;20:00:00;9369.5;9328.5;9345;9348;3119
2015.09.15;00:00:00;9389.5;9338.5;9378;9343.5;2500
2015.09.15;04:00:00;9413;9371.5;9401.5;9378.5;892
2015.09.15;08:00:00;9430;9386.5;9424.5;9394;3795
2015.09.15;12:00:00;9442.5;9346.5;9354.5;9425.5;3909
2015.09.15;16:00:00;9408.5;9347.5;9399.5;9353.5;2477
2015.09.15;20:00:00;9414.5;9397.5;9410;9400;301
2015.09.16;00:00:00;9429.5;9389.5;9403.5;9424.5;3656
2015.09.16;04:00:00;9426.5;9367;9372.5;9404.5;3237
2015.09.16;08:00:00;9441.5;9370;9425;9371.5;2367
2015.09.16;12:00:00;9431.5;9416;9431;9425.5;325
2015.09.16;16:00:00;9492.5;9409.5;9471;9420.5;3912
2015.09.16;20:00:00;9500.5;9448.5;9462.5;9470.5;2654
2015.09.17;00:00:00;9472.5;9417;9430;9461;2719
2015.09.17;04:00:00;9458.5;9419.5;9458.5;9429.5;491
2015.09.17;08:00:00;9493.5;9430.5;9483.5;9453;3302
2015.09.17;12:00:00;9486;9447.5;9464;9483;3145
2015.09.17;16:00:00;9486.5;9451.5;9478;9464.5;2589
2015.09.17;20:00:00;9499;9467;9496.5;9477;775
2015.09.18;00:00:00;9514.5;9472.5;9475.5;9489.5;3192
2015.09.18;04:00:00;9513;9474.5;9503;9476;3298
2015.09.18;08:00:00;9541.5;9502.5;9505.5;9504.5;2126
2015.09.18;12:00:00;9515.5;9501.5;9503.5;9505;235
2015.09.18;16:00:00;9515.5;9486.5;9492;9502.5;2814
2015.09.18;20:00:00;9513.5;9476.5;9478.5;9491.5;2567
2015.09.21;00:00:00;9483.5;9418.5;9430.5;9478;2240
2015.09.21;04:00:00;9449;9425.5;9447.5;9430;267
2015.09.21;08:00:00;9451.5;9419.5;9442;9450.5;2735
2015.09.21;12:00:00;9450.5;9414.5;9430.5;9442.5;3611
2015.09.21;16:00:00;9431.5;9388.5;9399.5;9430;2952
2015.09.21;20:00:00;9423.5;9394.5;9422;9397;424
2015.09.22;00:00:00;9453;9371;9435;9441;3323
2015.09.22;04:00:00;9518;9434.5;9505;9435.5;2988
2015.09.22;08:00:00;9522;9494.5;9522;9505.5;1678
2015.09.22;12:00:00;9530.5;9519;9527.5;9522.5;217
2015.09.22;16:00:00;9502.5;9457.5;9463;9499;3529
2015.09.22;20:00:00;9478.5;9422.5;9427;9463.5;3961
2015.09.23;00:00:00;9448.5;9408.5;9423.5;9426.5;3127
2015.09.23;04:00:00;9441.5;9423.5;9440;9424.5;585
2015.09.23;08:00:00;9390;9236.5;9240.5;9390;5941
2015.09.23;12:00:00;9276;9210.5;9215.5;9240;4176
2015.09.23;16:00:00;9242.5;9136.5;9240.5;9214.5;4614
2015.09.23;20:00:00;9280.5;9228.5;9277.5;9242.5;750
2015.09.24;00:00:00;9373.5;9271.5;9361;9274;4433
2015.09.24;04:00:00;9383.5;9327.5;9329.5;9360.5;3581
2015.09.24;08:00:00;9357;9319.5;9340.5;9330;3179
2015.09.24;12:00:00;9355;9324.5;9329;9340;329
2015.09.24;16:00:00;9384.5;9314.5;9350;9320;3791
2015.09.24;20:00:00;9364;9314;9351.5;9349.5;4155
2015.09.25;00:00:00;9371;9329;9362;9350.5;2571
2015.09.25;04:00:00;9381;9359;9372;9361.5;195
2015.09.25;08:00:00;9418;9347;9375;9363;4360
2015.09.25;12:00:00;9378.5;9324;9338.5;9374.5;4499
2015.09.25;16:00:00;9410;9338;9407.5;9342;2197
2015.09.25;20:00:00;9409.5;9398;9406.5;9407;458
2015.09.28;00:00:00;9413.5;9360.5;9383.5;9403;4047
2015.09.28;04:00:00;9406.5;9375.5;9390.5;9384;4021
2015.09.28;08:00:00;9410.5;9370.5;9373.5;9391;2400
2015.09.28;12:00:00;9384;9363.5;9373.5;9373;263
2015.09.28;16:00:00;9356;9287;9307;9352;4814
2015.09.28;20:00:00;9327.5;9277.5;9280;9307.5;3949
2015.09.29;00:00:00;9297.5;9240;9254.5;9279;3266
2015.09.29;04:00:00;9290.5;9244.5;9259;9254;962
2015.09.29;08:00:00;9252.5;9170.5;9188.5;9252.5;5479
2015.09.29;12:00:00;9195.5;9128.5;9135.5;9188;4718
2015.09.29;16:00:00;9149.5;9071;9090.5;9134.5;4728
2015.09.29;20:00:00;9090.5;9026.5;9026.5;9090;496
2015.09.30;00:00:00;9036.5;8937;9004.5;8952;7558
2015.09.30;04:00:00;9014.5;8884.5;8922.5;9005;7093
2015.09.30;08:00:00;8942.5;8721;8745.5;8920.5;6986
2015.09.30;12:00:00;8759;8671.5;8692.5;8742.5;1702
2015.09.30;16:00:00;8629.1;8501.1;8592.1;8537.1;8803
2015.09.30;20:00:00;8593.6;8150.1;8361.1;8591.1;16675
2015.10.01;00:00:00;8629.1;8346.1;8515.6;8360.1;13428
2015.10.01;04:00:00;8533.6;8346.6;8395.6;8516.1;5078
2015.10.01;08:00:00;8777.1;8460.6;8729.1;8460.6;9152
2015.10.01;12:00:00;8814.1;8706.6;8752.6;8728.6;11257
2015.10.01;16:00:00;8799.1;8632.1;8678.1;8750.1;9184
2015.10.01;20:00:00;8684.6;8516.1;8533.1;8676.1;2461
2015.10.02;00:00:00;8670.1;8526.1;8611.1;8653.1;8751
2015.10.02;04:00:00;8733.6;8597.6;8653.1;8609.6;8392
2015.10.02;08:00:00;8679.6;8501.1;8594.6;8652.1;8489
2015.10.02;12:00:00;8714.6;8545.6;8708.1;8595.1;3358
2015.10.02;16:00:00;8791.6;8695.1;8749.1;8720.6;7330
2015.10.02;20:00:00;8808.6;8727.1;8764.1;8749.6;6599
2015.10.05;00:00:00;8884.1;8752.1;8878.1;8763.6;7125
2015.10.05;04:00:00;8883.6;8781.1;8870.1;8877.6;4301
2015.10.05;08:00:00;8871.6;8723.1;8771.6;8840.6;6912
2015.10.05;12:00:00;8791.6;8676.6;8784.6;8771.1;6843
2015.10.05;16:00:00;8817.6;8733.6;8763.1;8785.1;6778
2015.10.05;20:00:00;8795.1;8760.6;8771.6;8764.1;1256
2015.10.06;00:00:00;8809.6;8687.1;8809.1;8700.6;4046
2015.10.06;04:00:00;8829.6;8775.1;8785.6;8808.6;3699
2015.10.06;08:00:00;8858.1;8764.6;8821.1;8788.1;4294
2015.10.06;12:00:00;8826.1;8789.6;8800.6;8820.6;1262
2015.10.06;16:00:00;8766.1;8576.6;8629.1;8668.6;8945
2015.10.06;20:00:00;8699.6;8588.1;8598.1;8628.1;9152
2015.10.07;00:00:00;8630.6;8560.6;8588.6;8594.6;9292
2015.10.07;04:00:00;8592.6;8517.6;8543.1;8587.6;2489
2015.10.07;08:00:00;8716.1;8586.6;8613.6;8633.1;8191
2015.10.07;12:00:00;8688.6;8602.1;8656.1;8616.1;7894
2015.10.07;16:00:00;8673.6;8577.1;8632.1;8653.1;8061
2015.10.07;20:00:00;8669.6;8617.1;8665.1;8632.6;1568
2015.10.08;00:00:00;8786.6;8659.1;8759.6;8682.1;5780
2015.10.08;04:00:00;8816.6;8749.1;8766.1;8760.1;8032
2015.10.08;08:00:00;8811.1;8728.6;8730.1;8768.1;5891
2015.10.08;12:00:00;8760.1;8714.6;8736.1;8729.6;1866
2015.10.08;16:00:00;8720.6;8656.6;8674.6;8676.1;6269
2015.10.08;20:00:00;8707.6;8607.6;8647.1;8675.1;9173
2015.10.09;00:00:00;8669.6;8582.6;8601.6;8646.1;6284
2015.10.09;04:00:00;8660.6;8584.6;8626.1;8602.1;2322
2015.10.09;08:00:00;8748.1;8662.6;8684.1;8674.6;5261
2015.10.09;12:00:00;8692.6;8664.1;8678.1;8684.6;3049
2015.10.09;16:00:00;8709.6;8668.1;8682.6;8678.6;1374
2015.10.09;20:00:00;8688.1;8681.1;8688.1;8683.1;190
2015.10.12;00:00:00;8842.6;8670.1;8838.1;8702.6;4325
2015.10.12;04:00:00;8839.1;8771.1;8802.6;8836.6;3967
2015.10.12;08:00:00;8806.6;8757.1;8796.1;8803.6;4619
2015.10.12;12:00:00;8828.1;8792.6;8824.6;8796.6;836
2015.10.12;16:00:00;8953.6;8871.1;8921.1;8913.1;4820
2015.10.12;20:00:00;8963.1;8920.1;8927.6;8920.6;3247
2015.10.13;00:00:00;8936.6;8818.6;8821.1;8927.1;5606
2015.10.13;04:00:00;8834.1;8762.6;8772.6;8821.6;1785
2015.10.13;08:00:00;8903.1;8764.1;8880.1;8814.1;5618
2015.10.13;12:00:00;8883.6;8760.6;8791.6;8879.1;6461
2015.10.13;16:00:00;8828.6;8759.6;8812.6;8795.1;7284
2015.10.13;20:00:00;8819.1;8773.1;8800.6;8814.6;1352
2015.10.14;00:00:00;8808.1;8693.1;8757.6;8808.1;5493
2015.10.14;04:00:00;8794.1;8726.6;8777.1;8758.1;4145
2015.10.14;08:00:00;8817.6;8752.1;8777.1;8773.6;4100
2015.10.14;12:00:00;8794.6;8762.1;8791.6;8774.1;922
2015.10.14;16:00:00;8853.1;8751.1;8766.6;8796.6;4822
2015.10.14;20:00:00;8778.6;8695.6;8703.6;8766.1;4209
2015.10.15;00:00:00;8736.6;8655.6;8697.6;8704.1;3851
2015.10.15;04:00:00;8700.6;8680.6;8693.6;8698.6;489
2015.10.15;08:00:00;8749.6;8679.1;8694.6;8706.6;4883
2015.10.15;12:00:00;8756.6;8681.6;8753.6;8694.1;3663
2015.10.15;16:00:00;8830.1;8737.6;8814.6;8754.1;3813
2015.10.15;20:00:00;8835.6;8812.6;8829.6;8815.6;801
2015.10.16;00:00:00;8877.6;8809.6;8838.1;8811.1;4142
2015.10.16;04:00:00;8870.1;8825.6;8830.1;8837.6;3459
2015.10.16;08:00:00;8872.6;8810.1;8867.1;8829.6;2766
2015.10.16;12:00:00;8899.1;8851.6;8890.1;8866.6;870
2015.10.16;16:00:00;8910.6;8831.6;8853.1;8902.1;3567
2015.10.16;20:00:00;8875.1;8808.1;8841.6;8852.6;2809
2015.10.19;00:00:00;8876.1;8828.6;8840.1;8840.6;2536
2015.10.19;04:00:00;8900.1;8784.6;8793.1;8849.6;3232
2015.10.19;08:00:00;8805.1;8738.6;8746.1;8803.6;6098
2015.10.19;12:00:00;8761.6;8673.6;8700.1;8745.1;6595
2015.10.19;16:00:00;8791.1;8696.6;8728.6;8700.6;5540
2015.10.19;20:00:00;8771.1;8725.6;8755.1;8725.6;1088
2015.10.20;00:00:00;8816.1;8690.1;8785.1;8730.6;5638
2015.10.20;04:00:00;8853.6;8776.6;8780.6;8785.6;4565
2015.10.20;08:00:00;8826.6;8688.1;8723.1;8781.1;4253
2015.10.20;12:00:00;8750.1;8717.1;8746.1;8722.6;816
2015.10.20;16:00:00;8773.1;8520.1;8530.6;8760.6;8046
2015.10.20;20:00:00;8566.1;8502.6;8539.1;8530.1;6412
2015.10.21;00:00:00;8552.1;8449.6;8475.1;8538.6;4807
2015.10.21;04:00:00;8520.1;8466.1;8516.1;8474.6;1140
2015.10.21;08:00:00;8524.6;8429.1;8508.6;8445.1;5391
2015.10.21;12:00:00;8545.6;8464.1;8485.1;8508.1;4736
2015.10.21;16:00:00;8513.6;8403.1;8436.1;8485.6;4131
2015.10.21;20:00:00;8453.6;8417.1;8429.1;8435.6;1162
2015.10.22;00:00:00;8448.6;8360.1;8387.1;8422.6;6934
2015.10.22;04:00:00;8395.1;8305.1;8323.6;8387.6;7056
2015.10.22;08:00:00;8335.6;8255.6;8321.6;8323.1;5681
2015.10.22;12:00:00;8383.1;8315.6;8355.1;8322.1;1692
2015.10.22;16:00:00;8528.6;8375.1;8504.1;8386.6;5961
2015.10.22;20:00:00;8549.1;8488.6;8515.1;8504.6;4976
2015.10.23;00:00:00;8537.6;8490.6;8522.6;8516.1;4788
2015.10.23;04:00:00;8528.6;8397.6;8423.6;8523.1;2071
2015.10.23;08:00:00;8535.1;8420.6;8476.6;8421.6;6797
2015.10.23;12:00:00;8531.6;8443.1;8447.6;8477.6;6137
2015.10.23;16:00:00;8448.6;8320.6;8320.6;8444.6;6356
2015.10.23;20:00:00;8332.6;8299.6;8313.1;8321.6;1817
2015.10.25;23:00:00;8365.6;8244.1;8317.6;8294.1;7921
2015.10.26;00:00:00;8353.1;8259.1;8302.1;8317.1;4994
2015.10.26;04:00:00;8362.1;8292.1;8330.6;8301.1;7594
2015.10.26;08:00:00;8334.6;8270.1;8312.1;8331.1;1227
2015.10.26;12:00:00;8507.1;8389.1;8500.6;8389.1;5791
2015.10.26;16:00:00;8535.6;8494.6;8502.6;8500.1;4586
2015.10.26;20:00:00;8529.6;8463.6;8509.6;8503.1;5242
2015.10.27;00:00:00;8535.6;8493.6;8531.1;8509.1;1360
2015.10.27;04:00:00;8646.1;8575.1;8578.1;8606.1;5294
2015.10.27;08:00:00;8606.1;8527.1;8527.1;8577.1;5851
2015.10.27;12:00:00;8549.6;8468.6;8512.1;8526.6;7772
2015.10.27;16:00:00;8555.6;8508.6;8553.1;8512.6;1394
2015.10.27;20:00:00;8608.6;8560.1;8603.6;8581.6;4796
2015.10.28;00:00:00;8621.1;8413.1;8443.6;8603.1;7414
2015.10.28;04:00:00;8568.6;8431.1;8545.6;8444.6;6545
2015.10.28;08:00:00;8615.6;8543.6;8612.6;8544.6;1364
2015.10.28;12:00:00;8692.6;8628.1;8677.6;8663.1;5476
2015.10.28;16:00:00;8736.6;8671.6;8727.6;8678.1;4065
2015.10.28;20:00:00;8779.6;8718.6;8774.6;8727.1;4400
2015.10.29;00:00:00;8796.6;8771.1;8788.6;8775.1;918
2015.10.29;04:00:00;8782.1;8698.1;8755.6;8750.1;4271
2015.10.29;08:00:00;8807.1;8747.6;8803.6;8756.1;3603
2015.10.29;12:00:00;8805.1;8716.6;8731.1;8804.6;5205
2015.10.29;16:00:00;8752.1;8723.6;8725.1;8730.1;874
2015.10.29;20:00:00;8791.6;8672.6;8673.1;8749.1;4241
2015.10.30;00:00:00;8709.6;8650.1;8709.1;8672.6;3961
2015.10.30;04:00:00;8735.1;8612.6;8694.1;8709.6;6044
2015.10.30;08:00:00;8708.6;8675.1;8708.6;8694.6;1505
2015.10.30;12:00:00;8715.6;8632.1;8642.1;8653.1;6238
2015.10.30;16:00:00;8699.1;8634.6;8682.6;8642.6;4860
2015.10.30;20:00:00;8713.1;8651.1;8698.1;8681.6;3848
2015.11.02;00:00:00;8751.1;8678.6;8748.6;8697.6;1700
2015.11.02;04:00:00;8768.6;8665.6;8703.1;8758.6;5104
2015.11.02;08:00:00;8762.1;8699.1;8718.1;8703.6;4263
2015.11.02;12:00:00;8719.1;8655.1;8662.6;8717.6;4178
2015.11.02;16:00:00;8695.6;8657.6;8694.1;8664.1;651
2015.11.02;20:00:00;8724.1;8638.6;8667.6;8689.1;4708
2015.11.03;00:00:00;8695.1;8654.1;8692.1;8667.1;3617
2015.11.03;04:00:00;8713.1;8678.6;8694.1;8690.1;2757
2015.11.03;08:00:00;8705.6;8693.1;8704.1;8693.1;347
2015.11.03;12:00:00;8701.1;8589.6;8649.6;8697.1;5432
2015.11.03;16:00:00;8681.1;8629.1;8652.6;8650.1;3881
2015.11.03;20:00:00;8683.6;8633.1;8635.6;8653.1;3980
2015.11.04;00:00:00;8639.1;8601.6;8618.1;8635.1;633
2015.11.04;04:00:00;8641.6;8584.1;8624.6;8612.1;4344
2015.11.04;08:00:00;8642.1;8583.1;8632.6;8625.1;4100
2015.11.04;12:00:00;8640.6;8552.6;8588.6;8630.6;4423
2015.11.04;16:00:00;8599.6;8550.6;8567.1;8589.1;860
2015.11.04;20:00:00;8628.1;8578.6;8599.6;8616.6;4670
2015.11.05;00:00:00;8649.1;8596.1;8635.1;8600.1;4045
2015.11.05;04:00:00;8678.1;8626.1;8671.1;8634.6;3567
2015.11.05;08:00:00;8713.6;8671.1;8710.1;8671.6;613
2015.11.05;12:00:00;8743.1;8646.1;8713.1;8675.6;3905
2015.11.05;16:00:00;8716.6;8669.1;8688.6;8713.6;3062
2015.11.05;20:00:00;8738.1;8674.6;8694.6;8689.1;2688
2015.11.06;00:00:00;8730.1;8691.1;8727.6;8695.1;448
2015.11.06;04:00:00;8789.6;8682.6;8757.1;8698.1;3365
2015.11.06;08:00:00;8762.6;8693.1;8715.1;8757.6;3228
2015.11.06;12:00:00;8731.1;8676.6;8686.1;8716.6;3723
2015.11.06;16:00:00;8705.1;8682.6;8702.1;8687.1;268
2015.11.06;20:00:00;8725.6;8636.1;8645.6;8692.1;3959
2015.11.09;00:00:00;8671.6;8635.6;8659.1;8645.1;2632
2015.11.09;04:00:00;8671.6;8636.6;8653.1;8659.6;3062
2015.11.09;08:00:00;8665.6;8650.1;8652.6;8652.6;276
2015.11.09;12:00:00;8702.6;8575.6;8614.6;8679.6;4278
2015.11.09;16:00:00;8654.6;8614.6;8642.6;8615.1;3054
2015.11.09;20:00:00;8642.1;8575.6;8586.6;8642.1;3719
2015.11.10;00:00:00;8623.1;8583.1;8589.1;8586.1;1170
2015.11.10;04:00:00;8644.6;8606.6;8633.6;8627.6;3073
2015.11.10;08:00:00;8749.6;8627.6;8731.1;8633.1;4711
2015.11.10;12:00:00;8836.1;8730.6;8820.1;8734.1;3896
2015.11.10;16:00:00;8834.6;8804.6;8809.6;8818.6;974
2015.11.10;20:00:00;8875.6;8816.1;8872.6;8866.1;3893
2015.11.11;00:00:00;8938.6;8853.6;8936.6;8872.1;6274
2015.11.11;04:00:00;8948.1;8893.6;8942.6;8937.6;4790
2015.11.11;08:00:00;8952.1;8928.1;8939.6;8942.1;528
2015.11.11;12:00:00;8946.6;8886.1;8915.6;8936.6;3424
2015.11.11;16:00:00;8951.6;8900.6;8916.1;8916.1;4865
2015.11.11;20:00:00;8928.6;8901.1;8914.1;8917.1;2886
2015.11.12;00:00:00;8921.1;8898.6;8898.6;8913.6;263
2015.11.12;04:00:00;8888.6;8804.6;8872.1;8876.1;3638
2015.11.12;08:00:00;8885.6;8842.6;8868.1;8871.6;4306
2015.11.12;12:00:00;8894.6;8832.1;8852.1;8867.6;3455
2015.11.12;16:00:00;8870.6;8851.1;8865.1;8851.6;359
2015.11.12;20:00:00;8902.6;8838.6;8874.6;8873.1;3931
2015.11.13;00:00:00;8942.1;8871.6;8931.1;8875.1;4429
2015.11.13;04:00:00;8959.9;8883.4;8959.9;8931.6;3744
2015.11.13;08:00:00;8992.4;8957.4;8987.4;8959.4;777
2015.11.13;12:00:00;8974.9;8900.9;8920.4;8959.9;5161
2015.11.13;16:00:00;8955.1;8902.1;8930.1;8919.9;5103
2015.11.13;20:00:00;8968.1;8923.1;8952.6;8929.6;2836
2015.11.16;00:00:00;8966.6;8946.6;8962.1;8953.1;330
2015.11.16;04:00:00;8989.6;8934.6;8947.1;8981.6;4299
2015.11.16;08:00:00;8962.1;8915.6;8939.6;8947.6;4465
2015.11.16;12:00:00;8971.6;8907.1;8933.6;8940.1;2913
2015.11.16;16:00:00;8943.6;8915.1;8915.1;8932.6;353
2015.11.16;20:00:00;8944.1;8862.6;8920.1;8886.1;4183
2015.11.17;00:00:00;8956.1;8914.1;8941.1;8919.6;3300
2015.11.17;04:00:00;8948.6;8918.6;8945.1;8942.1;2371
2015.11.17;08:00:00;8977.1;8945.6;8966.1;8945.6;579
2015.11.17;12:00:00;8959.1;8888.6;8896.1;8951.1;3677
2015.11.17;16:00:00;8920.6;8886.1;8914.6;8896.6;2936
2015.11.17;20:00:00;8962.6;8913.6;8961.1;8916.1;2128
2015.11.18;00:00:00;8973.1;8947.1;8957.1;8962.1;429
2015.11.18;04:00:00;9036.6;8961.1;9017.6;8969.1;4672
2015.11.18;08:00:00;9021.6;8948.1;8959.6;9017.1;2888
2015.11.18;12:00:00;8992.6;8937.1;8955.6;8964.1;4340
2015.11.18;16:00:00;8967.6;8944.6;8945.1;8956.1;410
2015.11.18;20:00:00;9006.6;8944.1;9006.6;8960.6;4853
2015.11.19;00:00:00;9031.1;8999.6;9021.6;9005.6;3481
2015.11.19;04:00:00;9021.6;8962.6;8999.6;9021.1;4250
2015.11.19;08:00:00;9005.6;8971.1;9003.6;9000.1;606
2015.11.19;12:00:00;9015.1;8920.6;8925.6;9004.1;3904
2015.11.19;16:00:00;9015.1;8917.1;8962.6;8926.1;6593
2015.11.19;20:00:00;8992.1;8939.1;8991.6;8963.1;5307
2015.11.20;00:00:00;9009.1;8986.6;9006.1;8992.1;599
2015.11.20;04:00:00;8981.6;8912.1;8913.6;8973.1;3721
2015.11.20;08:00:00;8940.3;8902.3;8920.8;8914.1;3211
2015.11.20;12:00:00;8926.8;8852.8;8870.3;8920.3;4460
2015.11.20;16:00:00;8901.8;8867.8;8895.8;8870.8;623
2015.11.20;20:00:00;8911.3;8805.2;8809.7;8901.8;3973
2015.11.23;00:00:00;8863.2;8804.2;8863.2;8809.2;4220
2015.11.23;04:00:00;8863.2;8830.2;8852.2;8862.7;3061
2015.11.23;08:00:00;8871.2;8847.2;8866.2;8850.2;486
2015.11.23;12:00:00;8907.6;8850.7;8899.1;8881.7;3201
2015.11.23;16:00:00;8948.6;8888.1;8923.6;8898.6;3419
2015.11.23;20:00:00;8926.6;8868.6;8893.1;8925.6;3194
2015.11.24;00:00:00;8901.6;8867.6;8874.6;8894.1;952
2015.11.24;04:00:00;8928.6;8832.6;8842.6;8887.6;4668
2015.11.24;08:00:00;8852.1;8760.6;8770.6;8843.6;4590
2015.11.24;12:00:00;8864.1;8751.6;8806.1;8770.1;5585
2015.11.24;16:00:00;8805.6;8761.6;8765.6;8805.6;792
2015.11.24;20:00:00;8818.6;8742.1;8748.1;8767.6;4554
2015.11.25;00:00:00;8748.1;8696.1;8741.1;8747.6;5848
2015.11.25;04:00:00;8779.1;8716.1;8752.6;8741.6;4430
2015.11.25;08:00:00;8752.1;8717.6;8728.6;8752.1;884
2015.11.25;12:00:00;8766.1;8649.6;8749.6;8650.6;4514
2015.11.25;16:00:00;8767.1;8692.1;8731.1;8750.1;4931
2015.11.25;20:00:00;8794.6;8710.1;8794.6;8730.6;4623
2015.11.26;00:00:00;8836.1;8792.1;8832.6;8795.1;756
2015.11.26;04:00:00;8907.6;8777.1;8899.6;8841.6;3937
2015.11.26;08:00:00;8923.1;8889.6;8909.6;8900.1;3490
2015.11.26;12:00:00;8964.6;8897.6;8946.1;8910.1;4166
2015.11.26;16:00:00;8946.6;8888.6;8909.1;8943.1;1252
2015.11.26;20:00:00;8948.6;8896.6;8941.1;8910.6;4072
2015.11.27;00:00:00;8982.6;8933.1;8968.6;8942.1;4008
2015.11.27;04:00:00;8997.1;8963.6;8973.6;8968.1;3970
2015.11.27;08:00:00;9025.6;8969.1;9014.6;8973.1;1245
2015.11.27;12:00:00;9079.6;9014.1;9068.1;9021.1;3764
2015.11.27;16:00:00;9071.1;9021.6;9033.6;9068.6;3542
2015.11.27;20:00:00;9041.1;8984.1;9004.6;9033.1;3411
2015.11.30;00:00:00;9009.6;8990.6;8997.1;9004.1;512
2015.11.30;04:00:00;9058.1;8969.6;8999.1;9004.1;4593
2015.11.30;08:00:00;9043.1;8998.6;9027.6;8999.6;3359
2015.11.30;12:00:00;9035.1;8996.6;9003.1;9028.1;2786
2015.11.30;16:00:00;9005.6;8984.1;8991.1;9002.6;440
2015.11.30;20:00:00;9009.6;8898.1;8914.6;9007.1;3763
2015.12.01;00:00:00;8950.1;8907.6;8916.6;8915.1;3089
2015.12.01;04:00:00;8949.1;8907.6;8907.6;8916.1;2742
2015.12.01;08:00:00;8907.1;8870.1;8895.1;8907.1;477
2015.12.01;12:00:00;8912.6;8757.6;8772.6;8901.6;4185
2015.12.01;16:00:00;8810.1;8759.1;8801.1;8772.1;4478
2015.12.01;20:00:00;8843.1;8788.1;8839.1;8801.6;3448
2015.12.02;00:00:00;8845.6;8821.1;8836.1;8840.6;475
2015.12.02;04:00:00;8938.1;8803.6;8937.6;8845.6;4654
2015.12.02;08:00:00;8978.6;8931.1;8978.1;8937.1;3272
2015.12.02;12:00:00;8982.1;8919.1;8937.1;8976.6;2507
2015.12.02;16:00:00;8938.1;8922.1;8925.6;8936.6;174
2015.12.02;20:00:00;8973.6;8923.6;8965.6;8937.1;2946
2015.12.03;00:00:00;8980.6;8961.6;8964.1;8966.6;2088
2015.12.03;04:00:00;8981.6;8955.6;8964.1;8963.6;1322
2015.12.03;08:00:00;8963.1;8952.1;8952.1;8962.6;225
2015.12.03;12:00:00;9016.6;8901.6;9015.1;8935.6;3646
2015.12.03;16:00:00;9029.1;8992.1;9028.6;9014.6;3349
2015.12.03;20:00:00;9028.6;8981.1;8981.6;9028.1;2170
2015.12.04;00:00:00;8992.1;8981.1;8984.6;8981.1;59
2015.12.04;04:00:00;9046.6;8955.6;9007.6;8981.6;4206
2015.12.04;08:00:00;9042.1;9005.1;9012.1;9008.1;2416
2015.12.04;12:00:00;9029.1;8977.1;8995.1;9011.1;2856
2015.12.04;16:00:00;9002.1;8975.1;8985.1;8994.6;634
2015.12.04;20:00:00;9039.6;8992.6;8999.9;9023.1;3948
2015.12.07;00:00:00;9019.9;8976.9;8996.4;9000.9;3160
2015.12.07;04:00:00;9005.4;8933.9;8992.9;8994.4;4236
2015.12.07;08:00:00;9008.9;8991.4;9002.9;8992.4;403
2015.12.07;12:00:00;9050.6;9006.9;9028.1;9017.9;4864
2015.12.07;16:00:00;9039.6;8993.6;9039.6;9028.6;4475
2015.12.07;20:00:00;9051.6;8972.6;8972.6;9040.1;4044
2015.12.08;00:00:00;8971.6;8925.1;8936.1;8971.6;1199
2015.12.08;04:00:00;9041.1;8966.6;9039.1;8969.1;4759
2015.12.08;08:00:00;9038.6;8867.6;8876.6;9038.6;8981
2015.12.08;12:00:00;8874.1;8738.6;8743.1;8873.6;7230
2015.12.08;16:00:00;8750.6;8707.1;8738.6;8742.6;1448
2015.12.08;20:00:00;8824.1;8754.1;8780.6;8755.1;7081
2015.12.09;00:00:00;8816.1;8740.1;8787.1;8780.1;7886
2015.12.09;04:00:00;8877.1;8769.6;8869.1;8788.1;5214
2015.12.09;08:00:00;8877.6;8856.1;8870.6;8868.1;639
2015.12.09;12:00:00;8929.1;8819.1;8926.6;8872.6;5102
2015.12.09;16:00:00;8930.6;8848.6;8852.1;8926.1;4719
2015.12.09;20:00:00;8856.1;8808.1;8824.6;8852.6;5280
2015.12.10;00:00:00;8840.1;8813.1;8839.6;8825.1;669
2015.12.10;04:00:00;8830.6;8756.1;8777.6;8818.1;4401
2015.12.10;08:00:00;8782.1;8680.6;8683.1;8777.1;6392
2015.12.10;12:00:00;8727.1;8653.6;8674.1;8683.6;6608
2015.12.10;16:00:00;8696.6;8666.6;8687.6;8674.6;827
2015.12.10;20:00:00;8737.6;8599.6;8618.6;8706.1;8027
2015.12.11;00:00:00;8664.1;8595.1;8643.6;8617.6;6611
2015.12.11;04:00:00;8684.6;8527.1;8542.6;8643.1;8520
2015.12.11;08:00:00;8575.6;8532.1;8565.1;8546.1;2012
2015.12.11;12:00:00;8650.1;8542.6;8619.6;8568.6;5001
2015.12.11;16:00:00;8645.1;8594.6;8626.6;8619.1;6791
2015.12.11;20:00:00;8670.6;8597.1;8625.1;8625.6;6482
2015.12.14;00:00:00;8649.6;8600.6;8602.1;8624.6;1065
2015.12.14;04:00:00;8641.6;8543.6;8559.6;8613.1;6552
2015.12.14;08:00:00;8582.6;8475.6;8490.1;8558.6;7910
2015.12.14;12:00:00;8528.6;8456.6;8476.6;8489.6;7737
2015.12.14;16:00:00;8494.6;8452.6;8469.6;8477.1;1295
2015.12.14;20:00:00;8562.1;8493.1;8535.6;8513.6;6331
2015.12.15;00:00:00;8544.1;8434.1;8478.6;8535.1;9431
2015.12.15;04:00:00;8496.6;8358.6;8433.6;8481.1;10471
2015.12.15;08:00:00;8477.1;8425.1;8474.6;8434.6;1500
2015.12.15;12:00:00;8519.6;8421.6;8497.1;8462.1;6150
2015.12.15;16:00:00;8566.6;8469.6;8561.6;8497.6;5851
2015.12.15;20:00:00;8607.1;8541.6;8597.1;8562.1;4924
