DATE;TIME;HIGH;LOW;CLOSE;OPEN;VOLUME
2015.04.27;12:00:00;18108;18019.5;18066;18020;5843
2015.04.27;16:00:00;18088;18005.5;18059.5;18066.5;7219
2015.04.27;20:00:00;18109;18022.5;18090.5;18060;7842
2015.04.28;00:00:00;18096;18056;18092;18091;3360
2015.04.28;04:00:00;18102.5;18081;18095;18102.5;592
2015.04.28;08:00:00;18101;18090;18097;18094;373
2015.04.28;12:00:00;18132.5;18059.5;18095;18096.5;2894
2015.04.28;16:00:00;18183;18092.5;18145.5;18095.5;2842
2015.04.28;20:00:00;18161.5;18035.5;18072.5;18149;4816
2015.04.29;00:00:00;18081.5;18020.5;18051;18073.5;3547
2015.04.29;04:00:00;18069.5;18036.5;18047.5;18060.5;954
2015.04.29;08:00:00;18062;18043;18048.5;18047;690
2015.04.29;12:00:00;18055.5;18015.5;18023;18047;4057
2015.04.29;16:00:00;18095;17976;18047;18023.5;7252
2015.04.29;20:00:00;18122.5;17911.5;18096.5;18042;12191
2015.04.30;00:00:00;18132.5;18069;18125;18097.5;4468
2015.04.30;04:00:00;18130;18113.5;18123.5;18117.5;599
2015.04.30;08:00:00;18121.5;18100.5;18105.5;18121.5;556
2015.04.30;12:00:00;18137.5;18094;18116;18105;5468
2015.04.30;16:00:00;18120;17964;18059.5;18115.5;9068
2015.04.30;20:00:00;18087.5;17948.5;18042.5;18060.5;14022
2015.05.01;00:00:00;18097;17992.5;18022.5;18043;9465
2015.05.01;04:00:00;18050.5;18009;18019.5;18023.5;1107
2015.05.01;08:00:00;18025;17986;18018;18019;1244
2015.05.01;12:00:00;18028;17934.5;17959;18018.5;7762
2015.05.01;16:00:00;18025.5;17928.5;17928.5;17959.5;8450
2015.05.01;20:00:00;18003.5;17887.5;17924;17929.5;15404
2015.05.04;00:00:00;17937;17765;17857;17925.5;8584
2015.05.04;04:00:00;17874;17846;17862.5;17873;717
2015.05.04;08:00:00;17871.5;17855.5;17870.5;17862;579
2015.05.04;12:00:00;17900;17871;17893;17871;872
2015.05.04;16:00:00;17982;17890.5;17932;17892.5;3576
2015.05.04;20:00:00;18009.5;17925.5;17999.5;17931;8272
2015.05.05;00:00:00;18029.5;17983.5;18013.5;17998.5;3103
2015.05.05;04:00:00;18018.5;17991.5;17997.5;18014.5;688
2015.05.05;08:00:00;18003;17989;18003;17997;406
2015.05.05;12:00:00;18069;17984.5;18054;18002.5;3528
2015.05.05;16:00:00;18129.5;18046;18124.5;18053.5;4236
2015.05.05;20:00:00;18133.5;18058.5;18090;18125;8668
2015.05.06;00:00:00;18108;18056;18072;18090.5;4258
2015.05.06;04:00:00;18076;18060;18066;18071.5;469
2015.05.06;08:00:00;18067;18047.5;18049;18067;517
2015.05.06;12:00:00;18096.5;18025;18067;18051;6069
2015.05.06;16:00:00;18084.5;18003.5;18025.5;18067.5;7859
2015.05.06;20:00:00;18061.5;17939.5;17961;18031;13882
2015.05.07;00:00:00;17976.5;17901;17947.5;17961.5;6536
2015.05.07;04:00:00;17955.5;17932.5;17955;17939;754
2015.05.07;08:00:00;17994.5;17949;17959.5;17955.5;758
2015.05.07;12:00:00;17999;17897.5;17973.5;17959;7736
2015.05.07;16:00:00;18032;17824;17854.5;17973;7338
2015.05.07;20:00:00;17909.5;17772.5;17794.5;17855.5;15300
2015.05.08;00:00:00;17848.5;17728;17842;17795;6623
2015.05.08;04:00:00;17850;17809.5;17849.5;17846;1000
2015.05.08;08:00:00;17862;17831;17843;17850;955
2015.05.08;12:00:00;17845.5;17682;17734;17842.5;8543
2015.05.08;16:00:00;17871.5;17701;17813.5;17737.5;10252
2015.05.08;20:00:00;17974.5;17799.5;17947.5;17812;13048
2015.05.11;00:00:00;17972.5;17910.5;17937.5;17948.5;4534
2015.05.11;04:00:00;17969;17938;17962.5;17949;842
2015.05.11;08:00:00;17967;17948;17958.5;17963;720
2015.05.11;12:00:00;18007.5;17956;17958.5;17958;5821
2015.05.11;16:00:00;18183;17954;18173.5;17958;7979
2015.05.11;20:00:00;18206.5;18158.5;18179.5;18173;7475
2015.05.12;00:00:00;18202.5;18162;18175;18178.5;3592
2015.05.12;04:00:00;18184;18152.5;18163;18183;901
2015.05.12;08:00:00;18175;18158.5;18169.5;18161.5;528
2015.05.12;12:00:00;18174;18144.5;18148.5;18169;4165
2015.05.12;16:00:00;18200;18147;18173.5;18149;4878
2015.05.12;20:00:00;18194.5;18124.5;18129.5;18174.5;8130
2015.05.13;00:00:00;18136.5;18073;18081.5;18127.5;4283
2015.05.13;04:00:00;18098;18081.5;18087.5;18085;882
2015.05.13;08:00:00;18103;18073;18102;18086.5;810
2015.05.13;12:00:00;18116;17926;17963;18103;6458
2015.05.13;16:00:00;18009;17920.5;17965.5;17962.5;9327
2015.05.13;20:00:00;18110.5;17945.5;18075.5;17964.5;13456
2015.05.14;00:00:00;18121.5;18053;18084.5;18076;5453
2015.05.14;04:00:00;18126;18077.5;18112;18086;993
2015.05.14;08:00:00;18125;18104;18117.5;18110;692
2015.05.14;12:00:00;18161;18103;18129;18117;5250
2015.05.14;16:00:00;18142;18051.5;18107.5;18129.5;7143
2015.05.14;20:00:00;18131.5;18038.5;18080.5;18107;11221
2015.05.15;00:00:00;18082.5;18037.5;18071;18081;5035
2015.05.15;04:00:00;18088;18057;18063;18070;997
2015.05.15;08:00:00;18066;18051.5;18061;18063.5;590
2015.05.15;12:00:00;18150;18028.5;18121;18062.5;4106
2015.05.15;16:00:00;18207.5;18115;18185.5;18120.5;5414
2015.05.15;20:00:00;18253.5;18172;18241.5;18186;6083
2015.05.18;00:00:00;18252.5;18231.5;18242;18242.5;2454
2015.05.18;04:00:00;18250.5;18226.5;18238.5;18234;673
2015.05.18;08:00:00;18241;18226;18236;18239;604
2015.05.18;12:00:00;18283;18229;18277;18235.5;4388
2015.05.18;16:00:00;18279.5;18236;18244;18276.5;4929
2015.05.18;20:00:00;18263.5;18213.5;18235.5;18244.5;8387
2015.05.19;00:00:00;18273.5;18225.5;18273.5;18234.5;2199
2015.05.19;04:00:00;18270.5;18239.5;18241.5;18267.5;661
2015.05.19;08:00:00;18262;18241;18255;18241;429
2015.05.19;12:00:00;18283;18219;18266;18256;4152
2015.05.19;16:00:00;18290;18225;18277.5;18265;5660
2015.05.19;20:00:00;18313.5;18242.5;18308;18279.5;6295
2015.05.20;00:00:00;18324.5;18287;18299.5;18307.5;2146
2015.05.20;04:00:00;18308;18293;18308;18297.5;498
2015.05.20;08:00:00;18314.5;18305.5;18306.5;18307.5;439
2015.05.20;12:00:00;18363;18302.5;18338;18308;3943
2015.05.20;16:00:00;18349.5;18258.5;18287.5;18338.5;4958
2015.05.20;20:00:00;18351.5;18271.5;18341;18287;6669
2015.05.21;00:00:00;18347.5;18285.5;18313.5;18341.5;3149
2015.05.21;04:00:00;18320;18292;18301;18304.5;972
2015.05.21;08:00:00;18327.5;18284;18313;18302;909
2015.05.21;12:00:00;18328.5;18286;18308;18313.5;3097
2015.05.21;16:00:00;18341;18277.5;18285;18309;4333
2015.05.21;20:00:00;18334;18273;18279;18284.5;6016
2015.05.22;00:00:00;18349;18270;18278.5;18279.5;5883
2015.05.22;04:00:00;18260.5;18219;18238;18259.5;1172
2015.05.22;08:00:00;18256;18234;18254.5;18237;625
2015.05.22;12:00:00;18263.5;18238.5;18244;18255.5;2905
2015.05.22;16:00:00;18282.5;18237.5;18270;18245;4156
2015.05.22;20:00:00;18313.5;18263;18284.5;18268.5;5512
2015.05.25;00:00:00;18313;18273.5;18285.5;18284;2446
2015.05.25;04:00:00;18291;18273;18282.5;18284.5;661
2015.05.25;08:00:00;18314;18282;18299.5;18282;776
2015.05.25;12:00:00;18303;18278.5;18283.5;18298.5;2206
2015.05.25;16:00:00;18299;18248;18257.5;18284;4318
2015.05.25;20:00:00;18282.5;18213.5;18266.5;18259;5646
2015.05.26;00:00:00;18277;18227;18248.5;18266;2327
2015.05.26;04:00:00;18260;18233;18254.5;18250.5;712
2015.05.26;08:00:00;18272;18247;18250;18255;588
2015.05.26;12:00:00;18258;18202.5;18204;18251.5;673
2015.05.26;16:00:00;18246.5;18201.5;18244.5;18204.5;649
2015.05.26;20:00:00;18275;18245;18246.5;18245.5;733
2015.05.27;00:00:00;18240;18211;18216;18237.5;912
2015.05.27;04:00:00;18234;18207;18222.5;18215.5;897
2015.05.27;08:00:00;18251;18170;18185;18223.5;4291
2015.05.27;12:00:00;18244;18094.5;18104.5;18184;5069
2015.05.27;16:00:00;18115;17990.5;17997.5;18102.5;8540
2015.05.27;20:00:00;18080;17988;18072.5;17997;4761
2015.05.28;00:00:00;18082;18055.5;18057.5;18077.5;968
2015.05.28;04:00:00;18066;18047.5;18057.5;18057;819
2015.05.28;08:00:00;18099;18052.5;18092;18057;3734
2015.05.28;12:00:00;18163.5;18057.5;18145.5;18092.5;5391
2015.05.28;16:00:00;18173.5;18115;18163.5;18146.5;7238
2015.05.28;20:00:00;18189.5;18154.5;18156;18163;2883
2015.05.29;00:00:00;18159.5;18145;18148.5;18145.5;806
2015.05.29;04:00:00;18154;18128.5;18130.5;18149;1008
2015.05.29;08:00:00;18140;18099;18131.5;18129.5;3305
2015.05.29;12:00:00;18139;18078;18080;18132;4771
2015.05.29;16:00:00;18123.5;18066;18095.5;18081;9359
2015.05.29;20:00:00;18151;18087;18151;18096;2912
2015.06.01;00:00:00;18155.5;18134;18139.5;18142.5;683
2015.06.01;04:00:00;18151;18133;18133.5;18140;595
2015.06.01;08:00:00;18135;18055;18083.5;18132;4469
2015.06.01;12:00:00;18143.5;18048.5;18073;18083;6016
2015.06.01;16:00:00;18083;17965.5;18048.5;18073.5;10349
2015.06.01;20:00:00;18059.5;17992.5;18036;18049;5603
2015.06.02;00:00:00;18058;18023;18052.5;18031.5;1269
2015.06.02;04:00:00;18076.5;18049;18075;18053;758
2015.06.02;08:00:00;18104;18015;18029;18076.5;5079
2015.06.02;12:00:00;18118.5;18020;18051;18028.5;6565
2015.06.02;16:00:00;18092.5;17982;18079;18053;11606
2015.06.02;20:00:00;18106.5;18030.5;18049.5;18078.5;3600
2015.06.03;00:00:00;18061;18039.5;18059;18049;845
2015.06.03;04:00:00;18059;18028;18035;18058.5;1016
2015.06.03;08:00:00;18059.5;17912.5;17941;18034.5;4148
2015.06.03;12:00:00;18048.5;17923.5;17975;17940;9014
2015.06.03;16:00:00;18091.5;17956;18076.5;17973.5;10730
2015.06.03;20:00:00;18080;17995;18009;18076;4040
2015.06.04;00:00:00;18022.5;18010;18014.5;18012.5;877
2015.06.04;04:00:00;18023;18009.5;18018;18015;627
2015.06.04;08:00:00;18051.5;18003;18029;18018.5;5856
2015.06.04;12:00:00;18122;18005;18079.5;18029.5;8149
2015.06.04;16:00:00;18168.5;18046.5;18086.5;18076.5;10694
2015.06.04;20:00:00;18115.5;18068.5;18103;18086;3657
2015.06.05;00:00:00;18107;18081;18092.5;18105;836
2015.06.05;04:00:00;18096;18047.5;18065.5;18092;972
2015.06.05;08:00:00;18082.5;17958.5;17997.5;18064.5;8192
2015.06.05;12:00:00;18042.5;17956;18021.5;17997;9384
2015.06.05;16:00:00;18087.5;17878;17893.5;18020.5;13320
2015.06.05;20:00:00;17936;17872.5;17931.5;17893;5504
2015.06.08;00:00:00;17940;17919.5;17923;17934;910
2015.06.08;04:00:00;17929;17912;17919.5;17924;665
2015.06.08;08:00:00;17958.5;17905;17915;17917;6018
2015.06.08;12:00:00;17924.5;17817;17862.5;17915.5;10480
2015.06.08;16:00:00;17938.5;17836;17853.5;17861.5;12576
2015.06.08;20:00:00;17874;17830.5;17855;17854.5;3961
2015.06.09;00:00:00;17863.5;17814;17833.5;17850.5;1115
2015.06.09;04:00:00;17855;17818.5;17854.5;17831.5;829
2015.06.09;08:00:00;17866;17822.5;17839.5;17853.5;6439
2015.06.09;12:00:00;17857;17795.5;17812.5;17840;6711
2015.06.09;16:00:00;17837.5;17757.5;17784;17813.5;10050
2015.06.09;20:00:00;17831.5;17757;17783;17784.5;5180
2015.06.10;00:00:00;17806;17783.5;17796.5;17797.5;1040
2015.06.10;04:00:00;17797;17772.5;17780.5;17796;854
2015.06.10;08:00:00;17799.5;17701;17711;17780;6333
2015.06.10;12:00:00;17799.5;17709;17727.5;17710.5;8089
2015.06.10;16:00:00;17816.5;17709;17782.5;17728;10276
2015.06.10;20:00:00;17805.5;17742.5;17780;17783;4422
2015.06.11;00:00:00;17806;17778;17804;17781;786
2015.06.11;04:00:00;17812;17788.5;17801.5;17803.5;983
2015.06.11;08:00:00;17840;17773.5;17833.5;17799.5;6179
2015.06.11;12:00:00;17914.5;17810;17901;17833;5406
2015.06.11;16:00:00;18045.5;17900.5;18011.5;17901.5;8895
2015.06.11;20:00:00;18033.5;17990.5;18025;18010.5;2943
2015.06.12;00:00:00;18011.5;17991;18001.5;18006.5;882
2015.06.12;04:00:00;18005.5;17992;18001.5;18003;626
2015.06.12;08:00:00;18029;17992.5;18013.5;18001;4172
2015.06.12;12:00:00;18097.5;18009.5;18091;18013;6104
2015.06.12;16:00:00;18112.5;18023.5;18068.5;18090.5;10079
2015.06.12;20:00:00;18073.5;18023.5;18046.5;18067.5;2960
2015.06.15;00:00:00;18045.5;18009;18019.5;18045;625
2015.06.15;04:00:00;18021.5;18008;18018.5;18020.5;728
2015.06.15;08:00:00;18041.5;17993.5;18023;18019;3313
2015.06.15;12:00:00;18039.5;17912.5;17937;18023.5;5329
2015.06.15;16:00:00;17965;17854.5;17909;17936.5;10414
2015.06.15;20:00:00;17911;17866.5;17900.5;17909.5;2947
2015.06.16;00:00:00;17854.5;17793;17838;17850.5;1422
2015.06.16;04:00:00;17850;17813.5;17845.5;17837.5;580
2015.06.16;08:00:00;17866;17820.5;17826.5;17844.5;3465
2015.06.16;12:00:00;17851.5;17694;17729;17827;5720
2015.06.16;16:00:00;17818.5;17715;17779.5;17726;11217
2015.06.16;20:00:00;17818;17770;17796.5;17780.5;5041
2015.06.17;00:00:00;17800.5;17772;17777.5;17794;697
2015.06.17;04:00:00;17779.5;17766;17773;17778;628
2015.06.17;08:00:00;17773.5;17688.5;17701.5;17773.5;5387
2015.06.17;12:00:00;17867.5;17695.5;17849;17702;7001
2015.06.17;16:00:00;17907.5;17794;17898.5;17848.5;8768
2015.06.17;20:00:00;17922.5;17892.5;17917.5;17899.5;2868
2015.06.18;00:00:00;17924.5;17908.5;17912.5;17922;594
2015.06.18;04:00:00;17942;17911;17931.5;17914.5;686
2015.06.18;08:00:00;17979;17927.5;17965;17930;4472
2015.06.18;12:00:00;17975.5;17924;17944.5;17964.5;5670
2015.06.18;16:00:00;17954.5;17850;17881;17946.5;8694
2015.06.18;20:00:00;17999;17838.5;17905;17870.5;10025
2015.06.19;00:00:00;17918;17881;17889;17917.5;857
2015.06.19;04:00:00;17893.5;17860.5;17860.5;17888;745
2015.06.19;08:00:00;17951.5;17862.5;17938.5;17862.5;5952
2015.06.19;12:00:00;18090;17931;18064.5;17939;6389
2015.06.19;16:00:00;18177.5;18065.5;18118.5;18067;10440
2015.06.19;20:00:00;18156.5;18109.5;18126;18118;3642
2015.06.22;00:00:00;18129;18098;18115;18128.5;815
2015.06.22;04:00:00;18124;18111;18120;18114;495
2015.06.22;08:00:00;18155.5;18108.5;18144;18118.5;2650
2015.06.22;12:00:00;18154.5;18071.5;18085;18143.5;5667
2015.06.22;16:00:00;18105.5;18050.5;18062;18085.5;7148
2015.06.22;20:00:00;18063.5;17984.5;18004.5;18062.5;3591
2015.06.23;00:00:00;18070.5;18038.5;18056.5;18055.5;1020
2015.06.23;04:00:00;18065.5;18050;18064;18057;429
2015.06.23;08:00:00;18152;18060;18133.5;18065;4644
2015.06.23;12:00:00;18143.5;18092;18137.5;18134;7040
2015.06.23;16:00:00;18180.5;18098.5;18122.5;18137;7576
2015.06.23;20:00:00;18140.5;18091.5;18117;18123.5;3080
2015.06.24;00:00:00;18139.5;18115.5;18139.5;18121.5;676
2015.06.24;04:00:00;18157.5;18133;18157;18140;785
2015.06.24;08:00:00;18161.5;18118.5;18126;18156.5;3407
2015.06.24;12:00:00;18173;18107;18170.5;18125.5;4244
2015.06.24;16:00:00;18187.5;18105.5;18134.5;18170;7339
2015.06.24;20:00:00;18159;18126.5;18149;18133.5;2487
2015.06.25;00:00:00;18159;18138;18140;18153.5;612
2015.06.25;04:00:00;18146;18132.5;18132.5;18140.5;494
2015.06.25;08:00:00;18150;18068.5;18068.5;18133.5;4785
2015.06.25;12:00:00;18107.5;18056.5;18076;18069.5;7128
2015.06.25;16:00:00;18127.5;17985.5;18003;18076.5;8867
2015.06.25;20:00:00;18008.5;17961;17975;18004.5;3745
2015.06.26;00:00:00;18005;17980.5;17994.5;17980.5;754
2015.06.26;04:00:00;18005.5;17987;17998.5;17995;560
2015.06.26;08:00:00;18079;17983.5;18038.5;17999;5047
2015.06.26;12:00:00;18079.5;17954.5;17991.5;18038;8427
2015.06.26;16:00:00;18009;17953.5;17959.5;17992.5;7423
2015.06.26;20:00:00;17959;17883.5;17908;17959;4171
2015.06.29;00:00:00;17923;17887;17894.5;17923;755
2015.06.29;04:00:00;17915;17887.5;17902;17895;752
2015.06.29;08:00:00;17913.5;17873.5;17890;17903;4631
2015.06.29;12:00:00;18000.5;17890;17990.5;17890.5;6428
2015.06.29;16:00:00;18009.5;17896.5;17932.5;17989.5;10233
2015.06.29;20:00:00;17975.5;17914.5;17966;17933;5165
2015.06.30;00:00:00;17749.5;17622;17744;17644.5;4367
2015.06.30;04:00:00;17760;17691;17723.5;17744.5;2103
2015.06.30;08:00:00;17814;17700;17776;17723;9024
2015.06.30;12:00:00;17840.5;17744.5;17805.5;17775.5;8392
2015.06.30;16:00:00;17845.5;17685.5;17701.5;17805;12459
2015.06.30;20:00:00;17704.5;17589.5;17634.5;17702;7732
2015.07.01;00:00:00;17660;17624;17656;17640;1113
2015.07.01;04:00:00;17665;17621.5;17660.5;17655.5;1396
2015.07.01;08:00:00;17739.5;17627.5;17713;17660;7685
2015.07.01;12:00:00;17737;17641.5;17642;17712.5;9687
2015.07.01;16:00:00;17680.5;17572.5;17657.5;17641.5;15539
2015.07.01;20:00:00;17712.5;17590.5;17637.5;17658.5;7579
2015.07.02;00:00:00;17679;17613.5;17669;17622.5;681
2015.07.02;04:00:00;17689;17665.5;17686;17669.5;939
2015.07.02;08:00:00;17805;17672.5;17756;17685.5;8461
2015.07.02;12:00:00;17796.5;17744.5;17789.5;17756.5;7473
2015.07.02;16:00:00;17804;17691.5;17702.5;17791;11353
2015.07.02;20:00:00;17771.5;17676.5;17769.5;17703.5;4547
2015.07.03;00:00:00;17772;17740;17743.5;17771;832
2015.07.03;04:00:00;17760.5;17741.5;17750.5;17743;593
2015.07.03;08:00:00;17803.5;17749;17784;17752.5;4089
2015.07.03;12:00:00;17826;17775;17787;17784.5;6952
2015.07.03;16:00:00;17798.5;17692;17698.5;17788;9652
2015.07.03;20:00:00;17747.5;17684.5;17736;17699.5;4736
2015.07.06;00:00:00;17740;17720;17721.5;17733.5;566
2015.07.06;04:00:00;17761;17718;17746.5;17722.5;725
2015.07.06;08:00:00;17753;17710.5;17729.5;17747.5;4516
2015.07.06;12:00:00;17736;17684.5;17704.5;17729;3752
2015.07.06;16:00:00;17729;17693.5;17706.5;17703.5;3477
2015.07.06;20:00:00;17553.5;17446;17538.5;17480.5;3110
2015.07.07;00:00:00;17576.5;17510.5;17551.5;17540;1620
2015.07.07;04:00:00;17629.5;17547.5;17621.5;17549.5;9077
2015.07.07;08:00:00;17639.5;17551.5;17627;17622;9312
2015.07.07;12:00:00;17733.5;17619.5;17635;17627.5;14430
2015.07.07;16:00:00;17740;17605.5;17739.5;17635.5;7611
2015.07.07;20:00:00;17781.5;17739.5;17761.5;17752;1367
2015.07.08;00:00:00;17810;17754.5;17786.5;17762;1156
2015.07.08;04:00:00;17816;17763;17777.5;17786;5581
2015.07.08;08:00:00;17780;17610.5;17618.5;17777;9564
2015.07.08;12:00:00;17687.5;17463.5;17658.5;17618;22080
2015.07.08;16:00:00;17797;17618.5;17768;17658;11166
2015.07.08;20:00:00;17764.5;17654.5;17672.5;17764;2185
2015.07.09;00:00:00;17694;17630;17640;17672;2405
2015.07.09;04:00:00;17645;17523;17604;17639.5;13055
2015.07.09;08:00:00;17679.5;17572;17600.5;17605.5;11281
2015.07.09;12:00:00;17651;17544;17610.5;17600;19132
2015.07.09;16:00:00;17616;17493;17526.5;17611;12063
2015.07.09;20:00:00;17597;17523.5;17595;17534;2486
2015.07.10;00:00:00;17640.5;17588.5;17639.5;17594.5;2301
2015.07.10;04:00:00;17669.5;17604;17660;17640;6590
2015.07.10;08:00:00;17767;17654.5;17720;17659.5;8684
2015.07.10;12:00:00;17729;17583;17609.5;17719;16222
2015.07.10;16:00:00;17617;17513.5;17544;17609;9060
2015.07.10;20:00:00;17696.5;17573.5;17679.5;17573.5;3730
2015.07.13;00:00:00;17726.5;17671;17709;17680;2375
2015.07.13;04:00:00;17731.5;17666.5;17694;17711.5;7446
2015.07.13;08:00:00;17773.5;17693;17722;17693.5;6764
2015.07.13;12:00:00;17784.5;17681;17744.5;17722.5;11032
2015.07.13;16:00:00;17799.5;17740;17767;17743.5;4448
2015.07.13;20:00:00;17714.5;17637.5;17693.5;17646.5;2553
2015.07.14;00:00:00;17763;17691;17730.5;17694.5;2513
2015.07.14;04:00:00;17904;17699.5;17891;17730;10393
2015.07.14;08:00:00;17956.5;17862;17937.5;17890;6747
2015.07.14;12:00:00;17970.5;17925.5;17938.5;17938.5;8010
2015.07.14;16:00:00;17989.5;17937.5;17981;17939.5;3234
2015.07.14;20:00:00;17985;17971;17976;17978.5;738
2015.07.15;00:00:00;17982;17968.5;17972.5;17976.5;802
2015.07.15;04:00:00;17990.5;17961;17969;17973.5;3888
2015.07.15;08:00:00;18002.5;17952;17994;17970;4589
2015.07.15;12:00:00;18047.5;17982;18046.5;17995;6303
2015.07.15;16:00:00;18071.5;18040.5;18050;18047;2771
2015.07.15;20:00:00;18064;18025.5;18058;18046.5;880
2015.07.16;00:00:00;18084.5;18051;18059;18060.5;1228
2015.07.16;04:00:00;18070;18044.5;18059;18058.5;3140
2015.07.16;08:00:00;18064;18020.5;18042.5;18058.5;4688
2015.07.16;12:00:00;18091;18037.5;18067.5;18043;7785
2015.07.16;16:00:00;18080.5;18007.5;18072;18068;5439
2015.07.16;20:00:00;18102.5;18057;18098.5;18065.5;1343
2015.07.17;00:00:00;18136;18099;18129;18099;1095
2015.07.17;04:00:00;18142;18110.5;18127;18128.5;3568
2015.07.17;08:00:00;18153;18084.5;18089;18126;4960
2015.07.17;12:00:00;18103.5;18065;18083.5;18089.5;7109
2015.07.17;16:00:00;18122;18081.5;18085;18083;3310
2015.07.17;20:00:00;18091.5;18072.5;18086;18078;635
2015.07.20;00:00:00;18088;18070.5;18083;18085.5;430
2015.07.20;04:00:00;18097;18065;18076;18083.5;2813
2015.07.20;08:00:00;18101.5;18046.5;18055.5;18075.5;4434
2015.07.20;12:00:00;18066.5;18031.5;18044;18056.5;6151
2015.07.20;16:00:00;18090.5;18042.5;18076;18043.5;2425
2015.07.20;20:00:00;18094;18064.5;18086.5;18069;483
2015.07.21;00:00:00;18092;18080.5;18087;18087;348
2015.07.21;04:00:00;18115;18084;18105.5;18086.5;1527
2015.07.21;08:00:00;18117.5;18070;18073.5;18105;3671
2015.07.21;12:00:00;18129.5;18059.5;18110.5;18074.5;6277
2015.07.21;16:00:00;18137.5;18063;18071.5;18110;3080
2015.07.21;20:00:00;18064;18050;18059.5;18063.5;587
2015.07.22;00:00:00;18091;18057;18086;18060.5;478
2015.07.22;04:00:00;18098;18059;18063;18085.5;2894
2015.07.22;08:00:00;18075;17966.5;17985.5;18063.5;3993
2015.07.22;12:00:00;17988.5;17872.5;17882.5;17986.5;8177
2015.07.22;16:00:00;17951;17866.5;17887.5;17881.5;4435
2015.07.22;20:00:00;17889.7;17865.2;17868.2;17887.2;848
2015.07.23;00:00:00;17872.7;17862.2;17865.7;17867.7;563
2015.07.23;04:00:00;17885.7;17854.2;17862.7;17866.7;3341
2015.07.23;08:00:00;17911.2;17857.2;17909.7;17863.2;5221
2015.07.23;12:00:00;17913.2;17820;17830.5;17909.2;8901
2015.07.23;16:00:00;17874;17805.5;17874;17829.5;3400
2015.07.23;20:00:00;17902.5;17865;17895.5;17870;894
2015.07.24;00:00:00;17900;17883;17890.5;17896;557
2015.07.24;04:00:00;17907;17869;17889.5;17890;3476
2015.07.24;08:00:00;17894;17794.5;17803;17889;5031
2015.07.24;12:00:00;17846.5;17732.5;17772.5;17802.5;8559
2015.07.24;16:00:00;17774.5;17704.5;17766;17774;5152
2015.07.24;20:00:00;17772;17740;17742.5;17767;836
2015.07.27;00:00:00;17751;17730;17751;17743;680
2015.07.27;04:00:00;17786;17735;17777;17750.5;3987
2015.07.27;08:00:00;17780.5;17702.5;17733.5;17776;4660
2015.07.27;12:00:00;17741.5;17570.5;17593.5;17734;9812
2015.07.27;16:00:00;17608;17550.5;17605;17593;5531
2015.07.27;20:00:00;17622;17580.5;17614;17603;1243
2015.07.28;00:00:00;17615;17588;17604.5;17614.5;920
2015.07.28;04:00:00;17616;17538;17542.5;17605.5;5347
2015.07.28;08:00:00;17546;17396.5;17443.5;17542;7792
2015.07.28;12:00:00;17496.5;17406.5;17436.5;17442.5;12125
2015.07.28;16:00:00;17479.5;17409.5;17475.5;17436;5156
2015.07.28;20:00:00;17494;17458;17468;17484;1249
2015.07.29;00:00:00;17562;17465.5;17531;17467;2138
2015.07.29;04:00:00;17572;17513.5;17566;17530.5;6376
2015.07.29;08:00:00;17571;17449.5;17496;17567;6452
2015.07.29;12:00:00;17626.5;17448;17623.5;17489;10699
2015.07.29;16:00:00;17649.5;17604;17630.5;17622.5;4320
2015.07.29;20:00:00;17637.5;17614.5;17616.5;17632;776
2015.07.30;00:00:00;17622.5;17601;17614;17617;756
2015.07.30;04:00:00;17681;17609.5;17664.5;17613.5;5757
2015.07.30;08:00:00;17683;17636;17662;17665;5871
2015.07.30;12:00:00;17745.5;17648.5;17717.5;17659.5;8614
2015.07.30;16:00:00;17775.5;17684;17747.5;17717;7246
2015.07.30;20:00:00;17743;17728.5;17736.5;17742;756
2015.07.31;00:00:00;17747.5;17725;17746;17737;851
2015.07.31;04:00:00;17761;17715;17758;17746.5;5355
2015.07.31;08:00:00;17777.5;17634.5;17647.5;17759;7339
2015.07.31;12:00:00;17757;17638.5;17728.5;17645.5;10405
2015.07.31;16:00:00;17765.5;17725.5;17761;17728;4036
2015.07.31;20:00:00;17756.5;17744;17750.5;17747.5;594
2015.08.03;00:00:00;17764;17748;17762.5;17751.5;633
2015.08.03;04:00:00;17785;17735;17738.5;17763;5653
2015.08.03;08:00:00;17798.5;17674;17688;17739;7038
2015.08.03;12:00:00;17772.5;17686;17709.5;17687.5;9187
2015.08.03;16:00:00;17726;17671.5;17720;17710.5;5204
2015.08.03;20:00:00;17721;17679;17689;17708;1021
2015.08.04;00:00:00;17698;17681;17681;17688.5;732
2015.08.04;04:00:00;17735;17656;17677.5;17681.5;5541
2015.08.04;08:00:00;17716;17617.5;17648;17676.5;6111
2015.08.04;12:00:00;17658.5;17494.5;17522.5;17648.5;11255
2015.08.04;16:00:00;17600;17500.5;17592;17521.5;5818
2015.08.04;20:00:00;17590;17551.5;17574;17589.5;1074
2015.08.05;00:00:00;17593.5;17569;17591.5;17573.5;741
2015.08.05;04:00:00;17603.5;17533.5;17579;17590;5400
2015.08.05;08:00:00;17624.5;17541;17606;17579.5;7019
2015.08.05;12:00:00;17635.5;17523.5;17528.5;17607;11658
2015.08.05;16:00:00;17570.5;17503.5;17522;17528;5387
2015.08.05;20:00:00;17509;17471;17507.5;17471;736
2015.08.06;00:00:00;17526;17505.5;17508.5;17508;697
2015.08.06;04:00:00;17547.5;17509.5;17547.5;17510.5;3821
2015.08.06;08:00:00;17656.5;17547;17615.5;17547;6308
2015.08.06;12:00:00;17661.5;17511.5;17538.5;17618;11054
2015.08.06;16:00:00;17575.5;17530.5;17549.5;17538;4882
2015.08.06;20:00:00;17536;17509;17515.5;17535;862
2015.08.07;00:00:00;17518;17504.5;17508.5;17515;728
2015.08.07;04:00:00;17544.5;17507;17514;17509.5;4178
2015.08.07;08:00:00;17566;17435.5;17448;17514.5;6611
2015.08.07;12:00:00;17484.5;17361.5;17394;17448.5;12561
2015.08.07;16:00:00;17433.5;17387.5;17425;17393.5;4717
2015.08.07;20:00:00;17436;17419.5;17431.5;17430;750
2015.08.10;00:00:00;17452.5;17430.5;17439.5;17431;805
2015.08.10;04:00:00;17441;17390;17399;17438.5;4624
2015.08.10;08:00:00;17446;17352.5;17392.5;17399.5;9382
2015.08.10;12:00:00;17391.5;17276.5;17317.5;17391.5;13392
2015.08.10;16:00:00;17381;17301.5;17369.5;17317;5459
2015.08.10;20:00:00;17404;17354.5;17394.5;17364;1748
2015.08.11;00:00:00;17421;17385;17418.5;17394;811
2015.08.11;04:00:00;17427;17367;17401;17418;5584
2015.08.11;08:00:00;17553.5;17392.5;17542.5;17400.5;6374
2015.08.11;12:00:00;17615.5;17538.5;17614.5;17543.5;7454
2015.08.11;16:00:00;17630.5;17594.5;17604;17615;2642
2015.08.11;20:00:00;17602;17582;17583.5;17595;1075
2015.08.12;00:00:00;17584.5;17510;17527;17583;2859
2015.08.12;04:00:00;17561;17483.5;17487.5;17528;6037
2015.08.12;08:00:00;17526;17420;17442;17487;8368
2015.08.12;12:00:00;17481.5;17351.5;17364;17441;13474
2015.08.12;16:00:00;17424;17353.5;17416.5;17364.5;6265
2015.08.12;20:00:00;17441.5;17287;17314;17413;2606
2015.08.13;00:00:00;17324.5;17285.5;17301;17314.5;2055
2015.08.13;04:00:00;17306.5;17196.5;17208.5;17302;8926
2015.08.13;08:00:00;17291.5;17191;17204;17209;9531
2015.08.13;12:00:00;17343;17126;17328;17203.5;18505
2015.08.13;16:00:00;17424;17279;17406.5;17328.5;7849
2015.08.13;20:00:00;17422;17341.5;17410;17402.5;2511
2015.08.14;00:00:00;17450.5;17392;17444;17408;2100
2015.08.14;04:00:00;17477;17407.5;17440.5;17442.5;6415
2015.08.14;08:00:00;17475;17343;17371;17440;7657
2015.08.14;12:00:00;17480.5;17339;17453.5;17369.5;13966
2015.08.14;16:00:00;17482;17394.5;17417;17453;5374
2015.08.14;20:00:00;17425.5;17393.5;17401;17403.5;935
2015.08.17;00:00:00;17425;17397;17410.5;17402.5;975
2015.08.17;04:00:00;17452;17377;17386;17410;6178
2015.08.17;08:00:00;17459.5;17366;17449;17386.5;7655
2015.08.17;12:00:00;17472.5;17396.5;17452.5;17450;11311
2015.08.17;16:00:00;17493;17443.5;17489;17452;3493
2015.08.17;20:00:00;17500.5;17474.5;17475.5;17478;1013
2015.08.18;00:00:00;17483.5;17450.5;17477.5;17475;1252
2015.08.18;04:00:00;17518;17436;17488;17475.5;5831
2015.08.18;08:00:00;17489.5;17339;17363.5;17488.5;7439
2015.08.18;12:00:00;17554;17355;17539.5;17363;9384
2015.08.18;16:00:00;17553;17522.5;17538;17540.5;3477
2015.08.18;20:00:00;17573.2;17532.2;17568.7;17534.7;1029
2015.08.19;00:00:00;17570.2;17531.2;17536.7;17568.2;1010
2015.08.19;04:00:00;17547.2;17490.2;17500.2;17536.2;5972
2015.08.19;08:00:00;17531.7;17474.7;17516.7;17500.7;7692
2015.08.19;12:00:00;17570.5;17491;17511;17517.7;10372
2015.08.19;16:00:00;17530;17486.5;17512.5;17511.5;4231
2015.08.19;20:00:00;17542.2;17503.2;17523.7;17513.2;852
2015.08.20;00:00:00;17528.7;17470.2;17470.7;17524.2;1557
2015.08.20;04:00:00;17494.2;17422.7;17453.7;17469.7;7153
2015.08.20;08:00:00;17480.2;17339.7;17350.7;17454.2;7898
2015.08.20;12:00:00;17405.5;17280.5;17369;17349.7;15319
2015.08.20;16:00:00;17521;17303;17319;17368;10623
2015.08.20;20:00:00;17343;17317;17329.5;17321;1112
2015.08.21;00:00:00;17352;17315;17317.5;17330.5;1706
2015.08.21;04:00:00;17320;17163;17206.5;17318;9188
2015.08.21;08:00:00;17237.5;17142.5;17149.5;17207;9718
2015.08.21;12:00:00;17172.5;17066.5;17129.5;17149;19261
2015.08.21;16:00:00;17129.5;16939;16951;17129;9945
2015.08.21;20:00:00;16966.2;16859.2;16860.2;16945.7;2592
2015.08.24;00:00:00;16884.7;16799.2;16842.2;16859.7;3913
2015.08.24;04:00:00;16940.7;16837.2;16902.7;16845.7;10572
2015.08.24;08:00:00;16914.2;16780.2;16842.2;16901.7;13913
2015.08.24;12:00:00;16884.2;16610.5;16703.5;16841.2;27862
2015.08.24;16:00:00;16725.5;16456.5;16475.5;16704;16023
2015.08.24;20:00:00;16436;16306.5;16341;16435;6256
2015.08.25;00:00:00;16346;15985;16064;16341.5;12982
2015.08.25;04:00:00;16189;16043.5;16131.5;16069.5;15561
2015.08.25;08:00:00;16156;15253;15845;16130;22394
2015.08.25;12:00:00;16363;15788;16108;15849.5;38063
2015.08.25;16:00:00;16174;15715.5;15773;16108.5;24578
2015.08.25;20:00:00;16082;15761;16046.5;15770.5;9551
2015.08.26;00:00:00;16149.5;15866.5;15926.5;16046;7532
2015.08.26;04:00:00;16266.5;15880.5;16225.5;15928;19221
2015.08.26;08:00:00;16371.5;16144.5;16189.5;16225;22669
2015.08.26;12:00:00;16315;16054.5;16118.5;16187;34336
2015.08.26;16:00:00;16205.5;15646.5;15723.5;16116.5;22412
2015.08.26;20:00:00;15807;15572.5;15753;15790;10561
2015.08.27;00:00:00;16003.5;15662;15955;15752.5;7316
2015.08.27;04:00:00;16023;15795;15935.5;15958;15620
2015.08.27;08:00:00;16145.5;15900.5;15977;15935;20463
2015.08.27;12:00:00;16044.5;15784.5;16014.5;15982;39111
2015.08.27;16:00:00;16325.5;15913.5;16270.5;16014;22465
2015.08.27;20:00:00;16379;16273;16374;16308;4757
2015.08.28;00:00:00;16375.5;16271.5;16279;16374.5;3482
2015.08.28;04:00:00;16515;16248.5;16473.5;16279.5;12622
2015.08.28;08:00:00;16534;16398;16450.5;16474;14070
2015.08.28;12:00:00;16665.5;16423;16646;16451;26522
2015.08.28;16:00:00;16689;16320;16679.5;16646.5;21250
2015.08.28;20:00:00;16705;16615;16618.5;16663.5;3447
2015.08.31;00:00:00;16656.5;16581;16612.5;16618;3656
2015.08.31;04:00:00;16645.5;16487;16556.5;16612;12590
2015.08.31;08:00:00;16626;16493;16615.5;16556;14778
2015.08.31;12:00:00;16670.5;16532.5;16578;16616;27358
2015.08.31;16:00:00;16683;16537.5;16652.5;16577.5;14931
2015.08.31;20:00:00;16653.5;16447;16516.5;16653.5;7277
2015.09.01;00:00:00;16535;16451.5;16520.5;16517.5;4030
2015.09.01;04:00:00;16577.5;16469.5;16527.5;16517.5;5593
2015.09.01;08:00:00;16568;16468.5;16479;16527;7943
2015.09.01;12:00:00;16625.5;16440.5;16548.5;16479.5;21296
2015.09.01;16:00:00;16581.5;16478.5;16503.5;16549.5;12574
2015.09.01;20:00:00;16508;16256;16266.5;16501;7543
2015.09.02;00:00:00;16320;16231.5;16251.5;16267;6177
2015.09.02;04:00:00;16319.5;16120.5;16173;16252.5;15739
2015.09.02;08:00:00;16265;16074.5;16198.5;16171.5;16503
2015.09.02;12:00:00;16252.5;16085.5;16147.5;16198;29948
2015.09.02;16:00:00;16173.5;15977.5;16083.5;16150.5;19188
2015.09.02;20:00:00;16251.5;16038;16224;16094;7810
2015.09.03;00:00:00;16287;16185.5;16231;16224.5;8915
2015.09.03;04:00:00;16288.5;16143.5;16206;16231.5;14215
2015.09.03;08:00:00;16312.5;16170;16228.5;16206.5;15476
2015.09.03;12:00:00;16286.5;16131.5;16251.5;16228;27622
2015.09.03;16:00:00;16363;16197;16356.5;16252;14971
2015.09.03;20:00:00;16431;16321.5;16340;16348.5;4174
2015.09.04;00:00:00;16370;16330.5;16345.5;16339.5;3735
2015.09.04;04:00:00;16449;16338;16413.5;16344.5;7982
2015.09.04;08:00:00;16520.5;16384.5;16448;16413;14929
2015.09.04;12:00:00;16550.5;16355.5;16356.5;16450;23696
2015.09.04;16:00:00;16428.5;16315;16358;16358.5;15397
2015.09.04;20:00:00;16379.5;16246.5;16317.5;16360.5;3991
2015.09.07;00:00:00;16318;16220;16237.5;16318;3964
2015.09.07;04:00:00;16307.5;16181;16193.5;16238;11842
2015.09.07;08:00:00;16255;16064;16118.5;16192.5;17305
2015.09.07;12:00:00;16186.5;16037.5;16061.5;16117;23938
2015.09.07;16:00:00;16191.5;16026;16116.5;16060.5;12605
2015.09.07;20:00:00;16288.5;16035;16230;16042;7438
2015.09.08;00:00:00;16292;16196;16212.5;16230.5;6295
2015.09.08;04:00:00;16284;16187;16204.5;16214.5;9148
2015.09.08;08:00:00;16221;16175.5;16204;16204;5672
2015.09.08;12:00:00;16231;16168;16202;16204.5;2814
2015.09.08;16:00:00;16268.5;16191.5;16229.5;16214.5;4151
2015.09.08;20:00:00;16260.5;16192.5;16235.5;16230;4281
2015.09.09;00:00:00;16443.5;16204;16433;16234.5;9163
2015.09.09;04:00:00;16444.5;16359.5;16397;16434;10321
2015.09.09;08:00:00;16422;16328;16420;16399;17216
2015.09.09;12:00:00;16501.5;16409;16466;16421;8333
2015.09.09;16:00:00;16546.7;16451.7;16538.7;16467.7;3207
2015.09.09;20:00:00;16625.7;16530.2;16624.7;16538.2;3933
2015.09.10;00:00:00;16693.7;16615.7;16640.2;16625.2;8390
2015.09.10;04:00:00;16666.7;16600.2;16619.7;16639.7;9134
2015.09.10;08:00:00;16626.2;16381.7;16388.2;16620.2;19948
2015.09.10;12:00:00;16416.2;16217.7;16278.7;16389.2;14628
2015.09.10;16:00:00;16282.2;16203.7;16257.2;16278.2;4527
2015.09.10;20:00:00;16354.7;16249.7;16347.7;16257.7;4450
2015.09.11;00:00:00;16460.2;16281.2;16423.2;16347.2;11299
2015.09.11;04:00:00;16439.2;16160.2;16235.7;16423.7;14657
2015.09.11;08:00:00;16443.3;16210.7;16415.3;16236.2;24250
2015.09.11;12:00:00;16429.8;16267.8;16320.8;16414.8;11337
2015.09.11;16:00:00;16376.9;16289.9;16342.9;16306.4;3258
2015.09.11;20:00:00;16386.4;16336.9;16351.9;16343.4;2369
2015.09.14;00:00:00;16361.9;16215.9;16289.4;16352.4;7524
2015.09.14;04:00:00;16304.9;16225.9;16255.9;16289.9;7908
2015.09.14;08:00:00;16405.9;16240.9;16340.4;16252.9;16360
2015.09.14;12:00:00;16450.4;16318.4;16446.9;16340.9;7709
2015.09.14;16:00:00;16530.9;16438.4;16500.9;16457.9;3217
2015.09.14;20:00:00;16503.9;16426.4;16430.4;16501.4;3893
2015.09.15;00:00:00;16490.9;16387.4;16456.4;16426.9;7082
2015.09.15;04:00:00;16486.4;16325.4;16349.9;16455.9;8533
2015.09.15;08:00:00;16421.9;16330;16392;16351.4;15127
2015.09.15;12:00:00;16394.5;16336.5;16378.5;16390.5;7169
2015.09.15;16:00:00;16427;16373.5;16407.5;16379.5;2489
2015.09.15;20:00:00;16421;16383.5;16385.5;16408;2478
2015.09.16;00:00:00;16404.5;16307.5;16337.5;16384;6574
2015.09.16;04:00:00;16441;16325.5;16423;16337;8102
2015.09.16;08:00:00;16615.5;16414;16591.5;16422.5;13796
2015.09.16;12:00:00;16643.5;16579.5;16630.5;16592;6476
2015.09.16;16:00:00;16629;16599;16613;16618.5;2177
2015.09.16;20:00:00;16614;16568.5;16590.5;16612.5;2479
2015.09.17;00:00:00;16653.5;16588;16596;16590;8456
2015.09.17;04:00:00;16651.5;16584;16611;16595;8220
2015.09.17;08:00:00;16722.5;16590.5;16711.5;16612;11205
2015.09.17;12:00:00;16771.5;16665.5;16767;16711;6831
2015.09.17;16:00:00;16760;16731;16734.5;16760;1546
2015.09.17;20:00:00;16764.5;16725;16753;16734;1482
2015.09.18;00:00:00;16763.5;16717.5;16728.5;16753.5;6341
2015.09.18;04:00:00;16757.5;16700.5;16730;16728;6653
2015.09.18;08:00:00;16802.5;16716.5;16780.5;16727.5;10667
2015.09.18;12:00:00;16935.5;16615.5;16652.5;16781.5;22091
2015.09.18;16:00:00;16677.5;16623;16671.5;16647;3212
2015.09.18;20:00:00;16699.5;16659.5;16672.5;16671;2281
2015.09.21;00:00:00;16702;16599.5;16606;16670.5;10690
2015.09.21;04:00:00;16614;16372;16402.5;16607;15932
2015.09.21;08:00:00;16540.5;16371.5;16378.5;16403;19784
2015.09.21;12:00:00;16450.5;16343;16399.5;16379;11262
2015.09.21;16:00:00;16438;16332.5;16351;16415.5;3110
2015.09.21;20:00:00;16397;16334;16377;16347.5;2211
2015.09.22;00:00:00;16470;16359.5;16455.5;16378.5;9551
2015.09.22;04:00:00;16540;16430;16489;16456;10695
2015.09.22;08:00:00;16579.5;16389.5;16454.5;16490;17934
2015.09.22;12:00:00;16568.5;16434.5;16565;16455;9418
2015.09.22;16:00:00;16572.5;16519.5;16535;16570.5;1552
2015.09.22;20:00:00;16544.5;16522;16538;16535.5;1242
2015.09.23;00:00:00;16561.5;16312;16320.5;16540.5;14213
2015.09.23;04:00:00;16354;16259.5;16310;16321.5;15409
2015.09.23;08:00:00;16344.5;16219.5;16268.5;16309.5;18881
2015.09.23;12:00:00;16357.5;16240.5;16314.5;16269;10351
2015.09.23;16:00:00;16337.5;16169;16177.5;16323;3010
2015.09.23;20:00:00;16224;16173;16185.5;16178;3431
2015.09.24;00:00:00;16389.5;16179.5;16371;16186;10957
2015.09.24;04:00:00;16424.5;16281.5;16301.5;16371.5;12578
2015.09.24;08:00:00;16347.5;16208.5;16283.5;16303.5;16027
2015.09.24;12:00:00;16323.5;16256.5;16314.5;16282.5;9453
2015.09.24;16:00:00;16337;16269;16292;16317.5;2699
2015.09.24;20:00:00;16293.5;16200;16240;16292.5;3400
2015.09.25;00:00:00;16342.5;16214;16260;16243.5;13512
2015.09.25;04:00:00;16269.5;16052.5;16068;16260.5;17261
2015.09.25;08:00:00;16132;16013.5;16099.5;16068.5;19816
2015.09.25;12:00:00;16248;16085.5;16233.5;16100.5;13079
2015.09.25;16:00:00;16297.5;16188;16243;16191.5;4487
2015.09.25;20:00:00;16290.5;16217;16290;16242.5;3463
2015.09.28;00:00:00;16473;16281;16447.5;16287.5;12108
2015.09.28;04:00:00;16457;16346.5;16376.5;16449.5;12984
2015.09.28;08:00:00;16466.5;16340.5;16424.5;16376;17644
2015.09.28;12:00:00;16443.5;16228;16274;16425;15148
2015.09.28;16:00:00;16282;16205.5;16260;16266;3790
2015.09.28;20:00:00;16315.5;16242;16307;16263;1905
2015.09.29;00:00:00;16389;16223;16232.5;16306;12790
2015.09.29;04:00:00;16254;16150.5;16156;16233;12771
2015.09.29;08:00:00;16185;16036;16037;16154.5;23013
2015.09.29;12:00:00;16065.5;15980;16032;16039;12993
2015.09.29;16:00:00;16062.5;15951;15990.5;16042;3529
2015.09.29;20:00:00;16010;15948;15949;15991;3565
2015.09.30;00:00:00;16101.5;15902.5;16043;15947;15270
2015.09.30;04:00:00;16101;15940.5;16032.5;16043.5;12700
2015.09.30;08:00:00;16118.5;15959;16060.5;16035.5;26665
2015.09.30;12:00:00;16077.5;15943.5;16051;16060;14038
2015.09.30;16:00:00;16133;16030;16119;16072.5;3223
2015.09.30;20:00:00;16189;16105;16177.5;16117.5;2972
2015.10.01;00:00:00;16239;16161;16234;16178;10663
2015.10.01;04:00:00;16282.5;16207;16233;16233.5;10165
2015.10.01;08:00:00;16296.5;16125.5;16226.5;16234;20904
2015.10.01;12:00:00;16289.5;16189;16228;16225.5;11853
2015.10.01;16:00:00;16318.5;16220;16309;16221.5;2275
2015.10.01;20:00:00;16417;16303;16404;16308;3820
2015.10.02;00:00:00;16445.5;16378.5;16390.5;16403;9560
2015.10.02;04:00:00;16400;16215.5;16217.5;16391.5;14164
2015.10.02;08:00:00;16274.5;16070.5;16169;16217;26800
2015.10.02;12:00:00;16313;16155.5;16306.5;16168.5;12385
2015.10.02;16:00:00;16340.5;16267;16305.5;16292;3664
2015.10.02;20:00:00;16328;16254.5;16287.5;16306.5;2316
2015.10.05;00:00:00;16353;16285;16351;16285.5;9698
2015.10.05;04:00:00;16375.5;16008.5;16058;16350.5;15872
2015.10.05;08:00:00;16371;16014.5;16313.5;16057;25427
2015.10.05;12:00:00;16484;16303.5;16477;16311.5;11438
2015.10.05;16:00:00;16470.5;16427.5;16436.5;16460;3182
2015.10.05;20:00:00;16511;16437.5;16474.5;16438.5;2750
2015.10.06;00:00:00;16564.5;16441.5;16559.5;16473.5;9637
2015.10.06;04:00:00;16667.5;16553.5;16652.5;16558.5;10962
2015.10.06;08:00:00;16740.5;16619.5;16731.5;16653;16309
2015.10.06;12:00:00;16795.5;16722.5;16775.5;16732.5;7242
2015.10.06;16:00:00;16776;16718.5;16722.5;16754;2261
2015.10.06;20:00:00;16756;16698;16714;16723;3287
2015.10.07;00:00:00;16754;16677.5;16715;16715;8316
2015.10.07;04:00:00;16861.5;16712;16856.5;16716;9279
2015.10.07;08:00:00;16857.5;16743.5;16796.5;16857.5;19727
2015.10.07;12:00:00;16840;16727.5;16741.5;16796;9448
2015.10.07;16:00:00;16760.2;16705.2;16752.7;16708.7;1820
2015.10.07;20:00:00;16813.2;16722.7;16804.7;16753.7;3460
2015.10.08;00:00:00;16905.2;16802.2;16848.7;16804.2;9668
2015.10.08;04:00:00;16943.7;16826.2;16932.7;16848.2;10013
2015.10.08;08:00:00;16963.5;16762.5;16869;16933.2;21564
2015.10.08;12:00:00;16916.5;16826.5;16913;16869.5;10700
2015.10.08;16:00:00;16918;16836.5;16839.5;16903.5;2184
2015.10.08;20:00:00;16856;16796;16796.5;16838;2994
2015.10.09;00:00:00;16839;16775.5;16820;16797;10037
2015.10.09;04:00:00;16902.5;16820.5;16889.5;16820.5;11288
2015.10.09;08:00:00;16956;16870.5;16939;16890;16702
2015.10.09;12:00:00;17080.5;16914;17056;16940.5;12946
2015.10.09;16:00:00;17060.5;17031.5;17042;17041;1783
2015.10.09;20:00:00;17099.5;17044.5;17084.5;17044.5;1883
2015.10.12;00:00:00;17092.5;17005.5;17053;17081.5;9248
2015.10.12;04:00:00;17121;17044;17091;17052.5;9857
2015.10.12;08:00:00;17109.5;17025.5;17040.5;17091.5;16563
2015.10.12;12:00:00;17098.5;17025.5;17077;17041.5;7217
2015.10.12;16:00:00;17071;17039;17071;17069.5;1428
2015.10.12;20:00:00;17092.5;17063;17085;17071.5;1284
2015.10.13;00:00:00;17127.5;17064.5;17085.5;17085.5;6546
2015.10.13;04:00:00;17110.5;17063.5;17091.5;17086;7033
2015.10.13;08:00:00;17138.5;17068.5;17110.5;17091;11566
2015.10.13;12:00:00;17160.5;17102.5;17151;17109.5;3797
2015.10.13;16:00:00;17152;17112;17125.5;17143.5;1408
2015.10.13;20:00:00;17143.5;17102;17116;17127.5;1717
2015.10.14;00:00:00;17128.5;17037;17046;17114.5;6919
2015.10.14;04:00:00;17103;17015;17102.5;17045.5;7673
2015.10.14;08:00:00;17171.5;17096;17101.5;17103.5;13607
2015.10.14;12:00:00;17133.5;17049;17058;17102;8042
2015.10.14;16:00:00;17060.5;17029;17037;17039.5;1879
2015.10.14;20:00:00;17083;17035.5;17061;17036;1600
2015.10.15;00:00:00;17090;17033;17059.5;17062.5;7693
2015.10.15;04:00:00;17112.5;17043;17101;17060.5;8429
2015.10.15;08:00:00;17107;16952.5;16976.5;17101.5;17805
2015.10.15;12:00:00;16996.5;16887.5;16924.5;16976;9798
2015.10.15;16:00:00;16990.5;16919;16977.5;16923.5;2049
2015.10.15;20:00:00;17015;16976.5;17007.5;16977;1885
2015.10.16;00:00:00;17036;16983.5;17034.5;17007;7912
2015.10.16;04:00:00;17034;16935;16977;17033.5;9534
2015.10.16;08:00:00;17080.5;16944.5;17068.5;16975;16548
2015.10.16;12:00:00;17161;17067.5;17159.5;17070.5;7513
2015.10.16;16:00:00;17187.5;17142.5;17168;17147.5;1718
2015.10.16;20:00:00;17171.5;17137.5;17143.5;17168.5;1215
2015.10.19;00:00:00;17177.5;17128;17163.5;17141;6329
2015.10.19;04:00:00;17207;17116.5;17160.5;17164;8502
2015.10.19;08:00:00;17204.5;17114.5;17116.5;17161.5;12654
2015.10.19;12:00:00;17216.5;17104.5;17209.5;17117.5;5865
2015.10.19;16:00:00;17205;17148;17153.5;17195.5;1532
2015.10.19;20:00:00;17187;17152;17167.5;17168.5;1813
2015.10.20;00:00:00;17224.5;17151.5;17183.5;17168.5;5668
2015.10.20;04:00:00;17192;17124.5;17183;17184;6611
2015.10.20;08:00:00;17214.5;17158.5;17190;17183.5;12791
2015.10.20;12:00:00;17240;17169.5;17199;17190.5;6329
2015.10.20;16:00:00;17193.5;17172;17181.5;17188.5;984
2015.10.20;20:00:00;17192.5;17173.5;17178.5;17182;763
2015.10.21;00:00:00;17202.5;17137.5;17146.5;17179;5649
2015.10.21;04:00:00;17203;17138;17188.5;17146;6607
2015.10.21;08:00:00;17262.5;17179.5;17210;17189.5;12797
2015.10.21;12:00:00;17239.5;17188;17190.5;17210.5;6585
2015.10.21;16:00:00;17217;17161.5;17205;17181.5;1493
2015.10.21;20:00:00;17287;17204.5;17262;17204.5;1714
2015.10.22;00:00:00;17276;17192;17250.5;17263;7612
2015.10.22;04:00:00;17286;17245.5;17253;17251;7636
2015.10.22;08:00:00;17315.5;17207.5;17223.5;17253.5;14374
2015.10.22;12:00:00;17270.5;17132.5;17155;17221.5;8981
2015.10.22;16:00:00;17176;17129.5;17171.5;17141;1630
2015.10.22;20:00:00;17198;17164.5;17175;17172;1663
2015.10.23;00:00:00;17202;17169.5;17185;17177.5;5200
2015.10.23;04:00:00;17337.5;17163;17334;17186;9721
2015.10.23;08:00:00;17485.5;17328.5;17437.5;17334.5;13585
2015.10.23;12:00:00;17519;17388.5;17519;17435.5;9639
2015.10.23;16:00:00;17566.5;17491.5;17528.5;17496.5;2239
2015.10.23;20:00:00;17542;17522;17541.5;17528;1176
2015.10.25;23:00:00;17568;17505.5;17566;17539.5;5640
2015.10.26;00:00:00;17679.5;17557;17646.5;17566.5;10675
2015.10.26;04:00:00;17654.5;17554;17630.5;17647.5;17368
2015.10.26;08:00:00;17677.5;17616.5;17623;17631.5;7202
2015.10.26;12:00:00;17628;17594;17607;17626;1621
2015.10.26;16:00:00;17616.5;17592;17593;17605;1170
2015.10.26;20:00:00;17611.5;17565.5;17602;17592.5;5284
2015.10.27;00:00:00;17660.5;17597;17624;17602.5;7100
2015.10.27;04:00:00;17645;17603.5;17623;17619;12196
2015.10.27;08:00:00;17637;17604;17617;17624;4814
2015.10.27;12:00:00;17621.5;17603;17610.5;17619;1013
2015.10.27;16:00:00;17611;17565;17582;17611;1564
2015.10.27;20:00:00;17609.5;17571.5;17603.5;17581.5;4779
2015.10.28;00:00:00;17607;17541;17602.5;17603;6891
2015.10.28;04:00:00;17636;17548;17561.5;17597.5;13708
2015.10.28;08:00:00;17623.5;17556;17616.5;17561;6614
2015.10.28;12:00:00;17620.5;17578.5;17617.5;17584;1439
2015.10.28;16:00:00;17620;17587.5;17601;17617;1150
2015.10.28;20:00:00;17627;17581.5;17621.5;17601.5;4809
2015.10.29;00:00:00;17655;17602.5;17654;17620.5;6854
2015.10.29;04:00:00;17712;17645;17710;17653;10351
2015.10.29;08:00:00;17785;17552.5;17763.5;17709;15676
2015.10.29;12:00:00;17759.5;17738;17741;17756;1217
2015.10.29;16:00:00;17747;17717;17727.5;17740.5;1056
2015.10.29;20:00:00;17743;17689;17709;17726;5680
2015.10.30;00:00:00;17753.5;17691.5;17728.5;17709.5;7192
2015.10.30;04:00:00;17761.5;17684.5;17716;17727.5;12976
2015.10.30;08:00:00;17786.5;17713.5;17776;17716.5;5114
2015.10.30;12:00:00;17817;17756.5;17813.5;17771;1714
2015.10.30;16:00:00;17848;17795.5;17830;17813;2701
2015.10.30;20:00:00;17835;17784.5;17790;17830.5;5193
2015.11.02;00:00:00;17806;17732;17745;17790.5;7258
2015.11.02;04:00:00;17799.5;17728;17785.5;17743.5;10750
2015.11.02;08:00:00;17793.5;17641.5;17680;17784.5;6987
2015.11.02;12:00:00;17670;17613;17622.5;17670;2115
2015.11.02;16:00:00;17630;17606.5;17617.5;17622;1417
2015.11.02;20:00:00;17701.5;17606;17686.5;17617;6060
2015.11.03;00:00:00;17746.5;17668;17739;17686;6417
2015.11.03;04:00:00;17776.5;17731.5;17775.5;17741;8848
2015.11.03;08:00:00;17843;17774.5;17800.5;17774.5;4636
2015.11.03;12:00:00;17830;17791;17817.5;17798;1088
2015.11.03;16:00:00;17817.5;17797;17805.5;17817;672
2015.11.03;20:00:00;17811;17782;17789;17805;5445
2015.11.04;00:00:00;17839.5;17768;17821.5;17790;6118
2015.11.04;04:00:00;17943.5;17821.5;17938.5;17822;11096
2015.11.04;08:00:00;17978.5;17904.5;17919;17939.5;5927
2015.11.04;12:00:00;17961.5;17897;17957.5;17905;1695
2015.11.04;16:00:00;17959.5;17908.5;17920.5;17958;1419
2015.11.04;20:00:00;17961;17909.5;17931;17920;6216
2015.11.05;00:00:00;17977;17888.5;17902;17932;5945
2015.11.05;04:00:00;17942.5;17828;17861.5;17905;15364
2015.11.05;08:00:00;17907.5;17845.5;17873.5;17861;7386
2015.11.05;12:00:00;17867.5;17832;17849;17864.5;1550
2015.11.05;16:00:00;17883.5;17848;17874;17848.5;1019
2015.11.05;20:00:00;17903;17838.5;17892.5;17872.5;6984
2015.11.06;00:00:00;17931.5;17864.5;17924;17893;7128
2015.11.06;04:00:00;17928.5;17778.5;17864.5;17923;15402
2015.11.06;08:00:00;17891.5;17823.5;17872.5;17865.5;6845
2015.11.06;12:00:00;17867.5;17837;17842;17864;1091
2015.11.06;16:00:00;17865;17835;17863.5;17841.5;789
2015.11.06;20:00:00;17870.5;17836.5;17851.5;17864;5472
2015.11.09;00:00:00;17914.5;17763.5;17822.5;17852;12408
2015.11.09;04:00:00;17886.5;17767.5;17878.5;17823.5;17828
2015.11.09;08:00:00;17910;17836.5;17899;17879;7435
2015.11.09;12:00:00;17923.5;17877;17915;17880;1808
2015.11.09;16:00:00;17916.5;17891;17892;17915.5;1199
2015.11.09;20:00:00;17891.5;17837.5;17843.5;17891.5;6819
2015.11.10;00:00:00;17869;17764;17769.5;17844;6903
2015.11.10;04:00:00;17777.5;17665.5;17707.5;17768.5;16036
2015.11.10;08:00:00;17770.5;17679.5;17732;17706.5;7858
2015.11.10;12:00:00;17745.5;17701.5;17744.5;17722;1598
2015.11.10;16:00:00;17768;17743;17751;17745;1254
2015.11.10;20:00:00;17760.5;17659.5;17668;17752.5;7429
2015.11.11;00:00:00;17736;17663;17724.5;17667.5;8777
2015.11.11;04:00:00;17737.5;17657.5;17728.5;17724;14366
2015.11.11;08:00:00;17768;17707;17752.5;17728;6285
2015.11.11;12:00:00;17770;17741;17769.5;17748;1475
2015.11.11;16:00:00;17781.5;17760.5;17765.5;17769;1126
2015.11.11;20:00:00;17815;17750.5;17793.5;17765;5590
2015.11.12;00:00:00;17842;17750.5;17755.5;17793;6788
2015.11.12;04:00:00;17800.5;17693.5;17736.5;17756.5;12478
2015.11.12;08:00:00;17761;17689;17697;17735.5;6896
2015.11.12;12:00:00;17735;17690.5;17723.5;17694;1543
2015.11.12;16:00:00;17745;17722;17733;17723;974
2015.11.12;20:00:00;17760.5;17659;17662.5;17732.5;8097
2015.11.13;00:00:00;17695;17511.5;17547;17663;9128
2015.11.13;04:00:00;17619;17485;17536.5;17546;16067
2015.11.13;08:00:00;17541.5;17440;17443.5;17536;7815
2015.11.13;12:00:00;17486.5;17433.5;17471.5;17450.5;1853
2015.11.13;16:00:00;17478;17445;17453.5;17472.5;1268
2015.11.13;20:00:00;17491;17438;17445.5;17454;7509
2015.11.16;00:00:00;17445.5;17356;17363;17445;10473
2015.11.16;04:00:00;17398.5;17266.5;17293.5;17363.5;17705
2015.11.16;08:00:00;17306.5;17199.5;17208;17294;9905
2015.11.16;12:00:00;17200;17093.5;17169.5;17148.5;3338
2015.11.16;16:00:00;17193;17165;17171.5;17169;1414
2015.11.16;20:00:00;17288.5;17164;17259.5;17170.5;9306
2015.11.17;00:00:00;17322.5;17191;17283.5;17259;10805
2015.11.17;04:00:00;17408;17258.5;17404.5;17282.5;20695
2015.11.17;08:00:00;17485;17391.5;17471;17405;7523
2015.11.17;12:00:00;17502.5;17446.5;17485.5;17462;1705
2015.11.17;16:00:00;17498;17471.5;17474.5;17486;1133
2015.11.17;20:00:00;17552;17438.5;17537;17475.5;7072
2015.11.18;00:00:00;17567.5;17448.5;17483.5;17537.5;7976
2015.11.18;04:00:00;17598.5;17458.5;17557.5;17485;15457
2015.11.18;08:00:00;17570.5;17449;17504.5;17557;10603
2015.11.18;12:00:00;17504;17469.5;17501.5;17499.5;1575
2015.11.18;16:00:00;17502;17462.5;17469.5;17501;1201
2015.11.18;20:00:00;17484;17448.5;17459;17471;7283
2015.11.19;00:00:00;17604.5;17458.5;17583.5;17460;8972
2015.11.19;04:00:00;17644.5;17556.5;17607;17584;15454
2015.11.19;08:00:00;17749;17590.5;17719.5;17607.5;9637
2015.11.19;12:00:00;17769;17708;17752;17717;1675
2015.11.19;16:00:00;17764;17733;17755.5;17752.5;1338
2015.11.19;20:00:00;17802;17749;17789;17753.5;5417
2015.11.20;00:00:00;17791;17679;17727.5;17789.5;7514
2015.11.20;04:00:00;17772.5;17708.5;17744.5;17727;14301
2015.11.20;08:00:00;17773.5;17720.5;17762;17744;6579
2015.11.20;12:00:00;17745.5;17729.5;17738.5;17742.5;993
2015.11.20;16:00:00;17763.5;17735.5;17760;17739;661
2015.11.20;20:00:00;17805;17747.5;17796.5;17759.5;7850
2015.11.23;00:00:00;17890.5;17785;17883.5;17797.5;6490
2015.11.23;04:00:00;17915.5;17803.5;17818.5;17883;11680
2015.11.23;08:00:00;17835;17785.5;17834;17819;5800
2015.11.23;12:00:00;17866.5;17827;17841.5;17842;1486
2015.11.23;16:00:00;17858;17836;17849.5;17842;792
2015.11.23;20:00:00;17854.5;17787;17802;17849;6511
2015.11.24;00:00:00;17859;17777;17802.5;17801;7611
2015.11.24;04:00:00;17868.5;17790.5;17794.5;17802;11519
2015.11.24;08:00:00;17805.5;17748.5;17783.5;17793.5;5294
2015.11.24;12:00:00;17808;17773;17788.5;17784;1108
2015.11.24;16:00:00;17806;17777;17800;17788;841
2015.11.24;20:00:00;17823.5;17654.5;17715.5;17801.5;9370
2015.11.25;00:00:00;17762.5;17654.5;17750;17716;9668
2015.11.25;04:00:00;17850.5;17681.5;17837;17748;13598
2015.11.25;08:00:00;17862.5;17790;17792;17836.5;5794
2015.11.25;12:00:00;17809;17775;17786.5;17793.5;1165
2015.11.25;16:00:00;17815;17780.5;17807.5;17787;763
2015.11.25;20:00:00;17863.5;17782.5;17856.5;17808;7464
2015.11.26;00:00:00;17859;17800;17844.5;17856;6290
2015.11.26;04:00:00;17854.5;17816.5;17842;17843.5;9672
2015.11.26;08:00:00;17848.5;17809.5;17837;17842.5;2890
2015.11.26;12:00:00;17860;17840;17855.5;17842;736
2015.11.26;16:00:00;17867;17832;17844.5;17854.5;719
2015.11.26;20:00:00;17900;17834.5;17885.5;17845;5082
2015.11.27;00:00:00;17904;17870.5;17874.5;17886;3050
2015.11.27;04:00:00;17891;17872.5;17875.5;17875;916
2015.11.27;08:00:00;17877;17843.5;17844.5;17871;861
2015.11.27;12:00:00;17849;17789.5;17801.5;17845;1143
2015.11.27;16:00:00;17834.5;17765;17833.5;17802;7364
2015.11.27;20:00:00;17835.5;17762.5;17776.5;17834;7347
2015.11.30;00:00:00;17831.5;17748.5;17818;17777;7596
2015.11.30;04:00:00;17819.5;17778.5;17794.5;17819.5;1392
2015.11.30;08:00:00;17800.5;17787;17793.5;17794;848
2015.11.30;12:00:00;17847.5;17755;17822.5;17794;4741
2015.11.30;16:00:00;17867.5;17767.5;17772;17821.5;5651
2015.11.30;20:00:00;17804.5;17725.5;17794.5;17771.5;10675
2015.12.01;00:00:00;17797.5;17719.5;17776;17794;5491
2015.12.01;04:00:00;17836.1;17772.1;17824.6;17772.1;1885
2015.12.01;08:00:00;17833.1;17818.6;17819.6;17825.6;936
2015.12.01;12:00:00;17825.6;17768.1;17800.1;17819.1;6266
2015.12.01;16:00:00;17891.6;17777.1;17880.1;17800.6;5594
2015.12.01;20:00:00;17877.6;17767.1;17816.5;17877.1;12200
2015.12.02;00:00:00;17892;17815.5;17875;17816;4871
2015.12.02;04:00:00;17878.9;17854.4;17864.9;17867.9;1019
2015.12.02;08:00:00;17902.9;17860.9;17896.9;17864.4;876
2015.12.02;12:00:00;17911.4;17875.4;17893.9;17896.4;6385
2015.12.02;16:00:00;17903.4;17841.9;17891;17893.4;7103
2015.12.02;20:00:00;17901.5;17819.5;17826.5;17891.5;12840
2015.12.03;00:00:00;17826.5;17705.5;17777;17826;9738
2015.12.03;04:00:00;17785;17733.5;17777;17776.5;1683
2015.12.03;08:00:00;17792.5;17747.5;17780.5;17777.5;1297
2015.12.03;12:00:00;17878;17762.5;17872.5;17779;6175
2015.12.03;16:00:00;17873;17666.5;17689.5;17873;15359
2015.12.03;20:00:00;17735.5;17522.5;17523.5;17687.5;21836
2015.12.04;00:00:00;17528.5;17422;17516;17524.5;12511
2015.12.04;04:00:00;17550;17512;17523.5;17519;2232
2015.12.04;08:00:00;17541.5;17521;17528.5;17524;1303
2015.12.04;12:00:00;17590;17513.5;17572;17528;9116
2015.12.04;16:00:00;17684.5;17455.5;17652.5;17571.5;12618
2015.12.04;20:00:00;17847.5;17639.5;17824.5;17653.5;20029
2015.12.07;00:00:00;17866.5;17799.5;17834;17825;8337
2015.12.07;04:00:00;17866;17806;17812.5;17866;1753
2015.12.07;08:00:00;17825;17803;17818.5;17813;809
2015.12.07;12:00:00;17879.5;17792;17861.5;17819;8562
2015.12.07;16:00:00;17872;17752.5;17759.5;17861;8989
2015.12.07;20:00:00;17764.5;17637.5;17694;17758.5;20588
2015.12.08;00:00:00;17777;17657.5;17767;17694.5;9984
2015.12.08;04:00:00;17767.5;17684;17685;17755;1964
2015.12.08;08:00:00;17701;17668;17698.5;17683.5;1146
2015.12.08;12:00:00;17729;17634;17684.5;17697;9136
2015.12.08;16:00:00;17685.5;17505.5;17525;17684;12388
2015.12.08;20:00:00;17680;17481.5;17583.5;17524.5;21883
2015.12.09;00:00:00;17636.5;17535;17553.5;17583;10609
2015.12.09;04:00:00;17624;17542.5;17600;17554;2246
2015.12.09;08:00:00;17614.5;17579;17599.5;17601;1658
2015.12.09;12:00:00;17635.5;17503.5;17523;17599;11245
2015.12.09;16:00:00;17659;17486.5;17643.5;17523.5;12383
2015.12.09;20:00:00;17769;17399.5;17468;17643;28275
2015.12.10;00:00:00;17534.5;17433;17488.5;17467.5;12827
2015.12.10;04:00:00;17527.5;17481.5;17508;17490;1893
2015.12.10;08:00:00;17523.5;17498.5;17498.5;17507;1195
2015.12.10;12:00:00;17558;17483.5;17525.5;17498;7295
2015.12.10;16:00:00;17555;17456.5;17508.5;17526;13840
2015.12.10;20:00:00;17651;17483;17613.5;17506.5;23167
2015.12.11;00:00:00;17700.5;17555.5;17580;17614.5;9831
2015.12.11;04:00:00;17622;17571;17593.5;17578;1937
2015.12.11;08:00:00;17609;17583.5;17599.5;17593;1212
2015.12.11;12:00:00;17610.5;17430;17448;17600.5;5339
2015.12.11;16:00:00;17458;17286;17312.5;17447.5;11290
2015.12.11;20:00:00;17421;17260;17303;17312;18089
2015.12.14;00:00:00;17346;17220;17238;17302;8489
2015.12.14;04:00:00;17303.5;17244.5;17291.5;17252.5;2594
2015.12.14;08:00:00;17339.5;17286;17331;17291;1596
2015.12.14;12:00:00;17397.5;17312;17356;17332.5;6737
2015.12.14;16:00:00;17358.5;17172;17226;17355.5;8150
2015.12.14;20:00:00;17357.5;17136.5;17270;17227.5;9193
2015.12.15;00:00:00;17386;17234.5;17358;17269.5;5047
2015.12.15;04:00:00;17413.5;17358.5;17385.5;17372.5;1884
2015.12.15;08:00:00;17388.5;17339.5;17357;17386.5;1293
2015.12.15;12:00:00;17483;17343;17471.5;17356.5;4537
2015.12.15;16:00:00;17595.5;17405.5;17575.5;17473;5435
2015.12.15;20:00:00;17626.5;17519.5;17618.5;17581.5;5694
