DATE;TIME;HIGH;LOW;CLOSE;OPEN;VOLUME
2015.04.27;12:00:00;17989.5;17954;17971;17974;6801
2015.04.27;16:00:00;17993.5;17940;17944;17972;7901
2015.04.27;20:00:00;18032.5;17944;17990.5;17944.5;13101
2015.04.28;00:00:00;18012.5;17928.5;17982.5;17991;15951
2015.04.28;04:00:00;18031.5;17945.5;18013.5;17982;14051
2015.04.28;08:00:00;18018.5;17978.5;18016;18013;7701
2015.04.28;12:00:00;18026.5;18005;18019;18026.5;3551
2015.04.28;16:00:00;18025;18014;18021;18018;1901
2015.04.28;20:00:00;18056.5;17983.5;18019.5;18020.5;14501
2015.04.29;00:00:00;18105.5;18016.5;18069.5;18018.5;12701
2015.04.29;04:00:00;18085.5;17959.5;17996.5;18073;17551
2015.04.29;08:00:00;18005.5;17944.5;17976.5;17997.5;10101
2015.04.29;12:00:00;17995;17962;17973;17982.5;5651
2015.04.29;16:00:00;17987.5;17968.5;17974;17972.5;3651
2015.04.29;20:00:00;17980;17941.5;17948.5;17972.5;5301
2015.04.30;00:00:00;18019;17901.5;17971;17949;21301
2015.04.30;04:00:00;18045.5;17834.5;18019.5;17966;36851
2015.04.30;08:00:00;18057.5;17992;18049.5;18020.5;10201
2015.04.30;12:00:00;18054.5;18038;18048;18043.5;2851
2015.04.30;16:00:00;18046;18025;18030;18046;2601
2015.04.30;20:00:00;18062;18018.5;18040.5;18029.5;7601
2015.05.01;00:00:00;18044.5;17888.5;17982.5;18040;25451
2015.05.01;04:00:00;18010.5;17871.5;17965.5;17983.5;26001
2015.05.01;08:00:00;18020;17915.5;17947;17966;19001
2015.05.01;12:00:00;17975;17933.5;17944;17944.5;8251
2015.05.01;16:00:00;17949.5;17910.5;17942.5;17943.5;7701
2015.05.01;20:00:00;17952.5;17859;17883.5;17943;12751
2015.05.04;00:00:00;17948.5;17851.5;17851.5;17884;16151
2015.05.04;04:00:00;17926.5;17810.5;17846.5;17852.5;22601
2015.05.04;08:00:00;17859.5;17687.5;17781;17848;27701
2015.05.04;12:00:00;17798;17770;17786.5;17783.5;5301
2015.05.04;16:00:00;17795.5;17779.5;17794.5;17786;2351
2015.05.04;20:00:00;17824;17795;17817;17795;3601
2015.05.05;00:00:00;17904.5;17814.5;17854.5;17816.5;14201
2015.05.05;04:00:00;17928.5;17844.5;17918.5;17853.5;10301
2015.05.05;08:00:00;17948.5;17902.5;17934;17917.5;7551
2015.05.05;12:00:00;17939;17912;17918;17934.5;3751
2015.05.05;16:00:00;17923.5;17909.5;17923.5;17917.5;2201
2015.05.05;20:00:00;17989.5;17905;17974.5;17923;11751
2015.05.06;00:00:00;18048.5;17966.5;18043.5;17974;9451
2015.05.06;04:00:00;18052.5;17978.5;18010;18044;11401
2015.05.06;08:00:00;18028;17977.5;17993.5;18009.5;8501
2015.05.06;12:00:00;17998.5;17982.5;17988.5;17994.5;2601
2015.05.06;16:00:00;17989.5;17970;17971.5;17989.5;2101
2015.05.06;20:00:00;18019;17947.5;17989.5;17973.5;12701
2015.05.07;00:00:00;18005.5;17926;17946.5;17990;11551
2015.05.07;04:00:00;17981.5;17859.5;17881;17952;17301
2015.05.07;08:00:00;17896.5;17821;17869;17881.5;13851
2015.05.07;12:00:00;17894;17871;17893.5;17871.5;2401
2015.05.07;16:00:00;17933;17887.5;17898;17894;8701
2015.05.07;20:00:00;17937.5;17836;17912;17897.5;18851
2015.05.08;00:00:00;17969;17761;17791.5;17911.5;29601
2015.05.08;04:00:00;17847.5;17710.5;17732.5;17792.5;21401
2015.05.08;08:00:00;17788;17666;17781.5;17733;19551
2015.05.08;12:00:00;17792.5;17752;17792;17775.5;6451
2015.05.08;16:00:00;17804.5;17773.5;17785.5;17792.5;5501
2015.05.08;20:00:00;17788;17624.5;17676.5;17785;21851
2015.05.11;00:00:00;17812.5;17643.5;17754.5;17680;26351
2015.05.11;04:00:00;17914.5;17740.5;17887.5;17753;21351
2015.05.11;08:00:00;17912.5;17850.5;17879;17888.5;11451
2015.05.11;12:00:00;17910.5;17879.5;17904;17890.5;4851
2015.05.11;16:00:00;17908.5;17889.5;17900;17904.5;3351
2015.05.11;20:00:00;17949;17897.5;17900;17899.5;10251
2015.05.12;00:00:00;18123;17895.5;18113.5;17899.5;24101
2015.05.12;04:00:00;18149.5;18098.5;18122.5;18113;9251
2015.05.12;08:00:00;18145.5;18106.5;18119.5;18121.5;7601
2015.05.12;12:00:00;18132.5;18101;18111.5;18129.5;4501
2015.05.12;16:00:00;18123.5;18107;18118;18111;2601
2015.05.12;20:00:00;18122.5;18092.5;18097;18117.5;3951
2015.05.13;00:00:00;18147;18095.5;18120.5;18097.5;8001
2015.05.13;04:00:00;18141.5;18071.5;18076.5;18121.5;9501
2015.05.13;08:00:00;18083.5;18021.5;18030;18074.5;7951
2015.05.13;12:00:00;18046.5;18030;18036;18035;3201
2015.05.13;16:00:00;18051.5;18021.5;18050.5;18035;4451
2015.05.13;20:00:00;18064.5;17874.5;17911.5;18051.5;24001
2015.05.14;00:00:00;17957.5;17867.5;17912.5;17911;17851
2015.05.14;04:00:00;18055.5;17890.5;18020.5;17911.5;22101
2015.05.14;08:00:00;18066.5;17999.5;18031;18021;12401
2015.05.14;12:00:00;18079.5;18031;18065.5;18038.5;7001
2015.05.14;16:00:00;18078.5;18057.5;18071;18063.5;3451
2015.05.14;20:00:00;18114.5;18056.5;18082.5;18070.5;10401
2015.05.15;00:00:00;18095.5;18003.5;18059.5;18083;16051
2015.05.15;04:00:00;18083.5;17992.5;18034.5;18059;15751
2015.05.15;08:00:00;18036.5;17991.5;18026.5;18035;8151
2015.05.15;12:00:00;18043.5;18012.5;18018.5;18028.5;5201
2015.05.15;16:00:00;18021.5;18007;18016.5;18019;2651
2015.05.15;20:00:00;18105.5;17984;18076.5;18018;18451
2015.05.18;00:00:00;18161.5;18070.5;18139.5;18076;11851
2015.05.18;04:00:00;18208.5;18126;18196.5;18140;10851
2015.05.18;08:00:00;18207.5;18186.5;18198.5;18197.5;4101
2015.05.18;12:00:00;18213;18189;18201;18198;4501
2015.05.18;16:00:00;18203.5;18188.5;18198.5;18201.5;2701
2015.05.18;20:00:00;18245.5;18191.5;18239;18198;6701
2015.05.19;00:00:00;18242;18198.5;18205;18239.5;5251
2015.05.19;04:00:00;18224.5;18174.5;18196.5;18205.5;9101
2015.05.19;08:00:00;18236;18186.5;18236;18195.5;5851
2015.05.19;12:00:00;18233;18202;18204;18229.5;3651
2015.05.19;16:00:00;18224.5;18203.5;18217.5;18203.5;2801
2015.05.19;20:00:00;18245.5;18181.5;18228.5;18218.5;11801
2015.05.20;00:00:00;18251;18187.5;18238.5;18227.5;11601
2015.05.20;04:00:00;18274.5;18204.5;18270;18239;10901
2015.05.20;08:00:00;18286.5;18250.5;18263;18269.5;6551
2015.05.20;12:00:00;18273.5;18258.5;18273.5;18264;2051
2015.05.20;16:00:00;18280;18271;18272;18273;1701
2015.05.20;20:00:00;18328.5;18268;18303.5;18273.5;9101
2015.05.21;00:00:00;18315;18222.5;18251.5;18304;13251
2015.05.21;04:00:00;18313.5;18235.5;18303;18251;10401
2015.05.21;08:00:00;18309.5;18247.5;18277;18303.5;9751
2015.05.21;12:00:00;18289.5;18261.5;18270.5;18275.5;5101
2015.05.21;16:00:00;18297;18253.5;18282.5;18271.5;7601
2015.05.21;20:00:00;18298;18255.5;18277.5;18283;7951
2015.05.22;00:00:00;18310.5;18245.5;18253;18278.5;10451
2015.05.22;04:00:00;18303.5;18242.5;18248.5;18252.5;11801
2015.05.22;08:00:00;18318.5;18239.5;18249.5;18249;15751
2015.05.22;12:00:00;18240.5;18194.5;18213.5;18240.5;6501
2015.05.22;16:00:00;18231.5;18209.5;18230;18213;2701
2015.05.22;20:00:00;18239;18214;18219.5;18231;3851
2015.05.25;00:00:00;18256.5;18213;18244;18220.5;6351
2015.05.25;04:00:00;18288.5;18237;18259.5;18242.5;8601
2015.05.25;08:00:00;18288;18250;18262;18259;7301
2015.05.25;12:00:00;18267.5;18249.5;18259;18263;3201
2015.05.25;16:00:00;18290.5;18258.5;18276;18258.5;4651
2015.05.25;20:00:00;18279.5;18255;18260.5;18275;3451
2015.05.26;00:00:00;18275.5;18223.5;18232.5;18260;7651
2015.05.26;04:00:00;18256.5;18187.5;18240.5;18234;13151
2015.05.26;08:00:00;18251;18202.5;18224;18240;8101
2015.05.26;12:00:00;18235.5;18208.5;18230;18226;5001
2015.05.26;16:00:00;18247.5;18222.5;18225.5;18230.5;4501
2015.05.26;20:00:00;18233.5;18177.5;18179.5;18227;6451
2015.05.27;00:00:00;18220.5;18177;18218.5;18180;4851
2015.05.27;04:00:00;18249;18219;18220.5;18219.5;5901
2015.05.27;08:00:00;18218;18186.5;18191.5;18218;3651
2015.05.27;12:00:00;18209.5;18182.5;18198;18191;4701
2015.05.27;16:00:00;18226.5;18145.5;18160.5;18199;12351
2015.05.27;20:00:00;18219.5;18068.5;18078.5;18159.5;22101
2015.05.28;00:00:00;18089.5;17963.5;17970.5;18076.5;14601
2015.05.28;04:00:00;18054.5;17961;18047;17970;11001
2015.05.28;08:00:00;18056.5;18030;18032;18051.5;3351
2015.05.28;12:00:00;18040.5;18022;18032;18031.5;3651
2015.05.28;16:00:00;18073.5;18027;18066.5;18031.5;5801
2015.05.28;20:00:00;18136.5;18030.5;18118.5;18067;16051
2015.05.29;00:00:00;18146.5;18088;18136.5;18119.5;10001
2015.05.29;04:00:00;18162.5;18129;18130.5;18136;6151
2015.05.29;08:00:00;18144;18128.5;18133;18128.5;2651
2015.05.29;12:00:00;18138.5;18113;18115;18133.5;3251
2015.05.29;16:00:00;18124.5;18083.5;18116;18114;8001
2015.05.29;20:00:00;18123.5;18061;18063;18116.5;7151
2015.06.01;00:00:00;18106.5;18049;18080.5;18064;9851
2015.06.01;04:00:00;18137.5;18072;18137.5;18081;7451
2015.06.01;08:00:00;18142;18120.5;18126;18128.5;4051
2015.06.01;12:00:00;18137.5;18119.5;18120;18126.5;2951
2015.06.01;16:00:00;18121.5;18041.5;18070;18118.5;11151
2015.06.01;20:00:00;18130;18033.5;18058;18069.5;18151
2015.06.02;00:00:00;18068;17947.5;18030.5;18058.5;21301
2015.06.02;04:00:00;18041.5;17974.5;18019.5;18031;12251
2015.06.02;08:00:00;18041.5;18006.5;18036;18015;4901
2015.06.02;12:00:00;18060;18032.5;18058.5;18036.5;3301
2015.06.02;16:00:00;18087.5;17998.5;18012.5;18060;13051
2015.06.02;20:00:00;18101.5;18002.5;18033;18012;17701
2015.06.03;00:00:00;18077.5;17964;18064;18035;19801
2015.06.03;04:00:00;18091.5;18016.5;18036;18063.5;12251
2015.06.03;08:00:00;18050.5;18029;18048.5;18039;3351
2015.06.03;12:00:00;18048.5;18017.5;18024.5;18048;3851
2015.06.03;16:00:00;18049;17902;17930.5;18024;20051
2015.06.03;20:00:00;18038;17911.5;17963;17929.5;21951
2015.06.04;00:00:00;18080.5;17944;18065.5;17961.5;16901
2015.06.04;04:00:00;18069;17985.5;17999.5;18065;10151
2015.06.04;08:00:00;18013;18000.5;18005;18001;2101
2015.06.04;12:00:00;18013.5;18000;18008.5;18005.5;2401
2015.06.04;16:00:00;18042;17993.5;18019.5;18009;8651
2015.06.04;20:00:00;18112.5;17994;18068.5;18020;18851
2015.06.05;00:00:00;18157.5;18035.5;18075.5;18065.5;23401
2015.06.05;04:00:00;18104.5;18057.5;18093.5;18075;7551
2015.06.05;08:00:00;18098.5;18071.5;18083;18098.5;3851
2015.06.05;12:00:00;18086.5;18038;18056;18082.5;7051
2015.06.05;16:00:00;18073;17949;17988;18055;18101
2015.06.05;20:00:00;18033;17945;18010.5;17987.5;15301
2015.06.08;00:00:00;18076.5;17866;17881.5;18009.5;29301
2015.06.08;04:00:00;17925.5;17860.5;17921;17881;9001
2015.06.08;08:00:00;17929.5;17909;17912.5;17919.5;3401
2015.06.08;12:00:00;17918.5;17901.5;17909;17913.5;2951
2015.06.08;16:00:00;17948;17894.5;17904.5;17906.5;10501
2015.06.08;20:00:00;17912.5;17805;17850.5;17905;16051
2015.06.09;00:00:00;17926.5;17821.5;17839.5;17849.5;20001
2015.06.09;04:00:00;17860;17816.5;17842.5;17840.5;8501
2015.06.09;08:00:00;17854;17804.5;17824;17841;8201
2015.06.09;12:00:00;17845.5;17809;17845;17822;5001
2015.06.09;16:00:00;17856.5;17813;17831;17844;7401
2015.06.09;20:00:00;17847.5;17784.5;17801.5;17830.5;9701
2015.06.10;00:00:00;17826.5;17746.5;17773;17802.5;13051
2015.06.10;04:00:00;17820.5;17747.5;17773.5;17773.5;14601
2015.06.10;08:00:00;17796.5;17774;17787;17774.5;3251
2015.06.10;12:00:00;17787.5;17763;17771;17786.5;3351
2015.06.10;16:00:00;17790;17691.5;17701.5;17770.5;12801
2015.06.10;20:00:00;17788.5;17699.5;17716.5;17701;16251
2015.06.11;00:00:00;17804.5;17698;17770.5;17717;15951
2015.06.11;04:00:00;17793.5;17730.5;17769.5;17771;12451
2015.06.11;08:00:00;17795.5;17767.5;17793.5;17771;3351
2015.06.11;12:00:00;17801.5;17778;17791;17793;4501
2015.06.11;16:00:00;17829.5;17763;17823;17789;9901
2015.06.11;20:00:00;17902.5;17799.5;17889;17822.5;13951
2015.06.12;00:00:00;18033.5;17888.5;17999.5;17889.5;18001
2015.06.12;04:00:00;18021.5;17980;18014.5;17998.5;6701
2015.06.12;08:00:00;18011;17987.5;17998;18007.5;3751
2015.06.12;12:00:00;18002;17988.5;17998;17999.5;2551
2015.06.12;16:00:00;18025.5;17989;18010;17997.5;6051
2015.06.12;20:00:00;18092.5;18006;18086;18009.5;9651
2015.06.15;00:00:00;18107.5;18020.5;18065.5;18085.5;15401
2015.06.15;04:00:00;18070.5;18020.5;18045;18064.5;8051
2015.06.15;08:00:00;18044;18007.5;18018;18043.5;4751
2015.06.15;12:00:00;18020;18006.5;18017;18019;2501
2015.06.15;16:00:00;18040;17992;18021.5;18017.5;9201
2015.06.15;20:00:00;18038;17909.5;17934;18022;16901
2015.06.16;00:00:00;17962;17850.5;17905;17933.5;19451
2015.06.16;04:00:00;17907;17862.5;17898;17905.5;8151
2015.06.16;08:00:00;17852.5;17790.5;17835.5;17848;11151
2015.06.16;12:00:00;17847.5;17811;17843;17835;6501
2015.06.16;16:00:00;17863.5;17818;17824;17842;7301
2015.06.16;20:00:00;17849;17690;17725;17824.5;21851
2015.06.17;00:00:00;17813.5;17709.5;17774.5;17722;15551
2015.06.17;04:00:00;17813.5;17765.5;17793;17775.5;7851
2015.06.17;08:00:00;17712;17683.5;17689;17704.5;4151
2015.06.17;12:00:00;17691;17677.5;17684.5;17689.5;2201
2015.06.17;16:00:00;17685;17600;17613;17685;9801
2015.06.17;20:00:00;17777.5;17607;17759;17613.5;19551
2015.06.18;00:00:00;17817.5;17703.5;17808.5;17758.5;17801
2015.06.18;04:00:00;17833.5;17802.5;17829;17809.5;4251
2015.06.18;08:00:00;17836;17820;17824;17830;2601
2015.06.18;12:00:00;17853.5;17822.5;17843;17826;4501
2015.06.18;16:00:00;17890.5;17839;17876.5;17841.5;6801
2015.06.18;20:00:00;17885.5;17835.5;17854.5;17876;7851
2015.06.19;00:00:00;17864.5;17761;17792;17856.5;14251
2015.06.19;04:00:00;17910;17749.5;17817.5;17781.5;28501
2015.06.19;08:00:00;17832;17795;17803;17828.5;4851
2015.06.19;12:00:00;17807.5;17774.5;17774.5;17802;3851
2015.06.19;16:00:00;17865.5;17776.5;17852.5;17776.5;10201
2015.06.19;20:00:00;18002.5;17845;17977;17853;19101
2015.06.22;00:00:00;18092.5;17978;18034;17979.5;17451
2015.06.22;04:00:00;18071.5;18024.5;18042.5;18033;8451
2015.06.22;08:00:00;18045.5;18014.5;18031.5;18044;4951
2015.06.22;12:00:00;18040.5;18027.5;18036.5;18030.5;2001
2015.06.22;16:00:00;18072;18025;18060.5;18035;6851
2015.06.22;20:00:00;18071;17986.5;18000;18060;10901
2015.06.23;00:00:00;18022.5;17968.5;17980;18000.5;8751
2015.06.23;04:00:00;17981.5;17904;17924;17980.5;9851
2015.06.23;08:00:00;17990;17959;17976;17964.5;5051
2015.06.23;12:00:00;17985;17969.5;17983.5;17976.5;2401
2015.06.23;16:00:00;18071.5;17979.5;18053;17984.5;11551
2015.06.23;20:00:00;18062;18011.5;18055.5;18053.5;9901
2015.06.24;00:00:00;18096.5;18014.5;18038.5;18055;14751
2015.06.24;04:00:00;18056.5;18009;18034.5;18039.5;9001
2015.06.24;08:00:00;18057;18033;18057;18039;3001
2015.06.24;12:00:00;18075;18050.5;18074.5;18057.5;3201
2015.06.24;16:00:00;18079;18036;18043.5;18074;5551
2015.06.24;20:00:00;18088.5;18024.5;18086.5;18043;8451
2015.06.25;00:00:00;18103.5;18020.5;18049;18086;12901
2015.06.25;04:00:00;18075.5;18041.5;18065.5;18048.5;5101
2015.06.25;08:00:00;18075.5;18054.5;18056.5;18070.5;2801
2015.06.25;12:00:00;18062.5;18049;18049;18057;1901
2015.06.25;16:00:00;18066.5;17985;17986;18050;9901
2015.06.25;20:00:00;18024;17970.5;17990;17985.5;10251
2015.06.26;00:00:00;18039.5;17897.5;17915;17990.5;20851
2015.06.26;04:00:00;17920.5;17874.5;17888.5;17916.5;6401
2015.06.26;08:00:00;17918.5;17893;17908;17893;3601
2015.06.26;12:00:00;17919;17900.5;17912;17908.5;3351
2015.06.26;16:00:00;17992.5;17897;17952;17912.5;15151
2015.06.26;20:00:00;17993;17866.5;17900.5;17951.5;20201
2015.06.29;00:00:00;17924.5;17861.5;17867.5;17901.5;9201
2015.06.29;04:00:00;17867;17792.5;17817.5;17867;9951
2015.06.29;08:00:00;17833;17796.5;17804;17828.5;4851
2015.06.29;12:00:00;17824.5;17797;17811.5;17803.5;4701
2015.06.29;16:00:00;17823;17782.5;17799.5;17812.5;6801
2015.06.29;20:00:00;17908.5;17800;17897.5;17800;11951
2015.06.30;00:00:00;17917.5;17802.5;17838.5;17898;17051
2015.06.30;04:00:00;17881.5;17820.5;17873.5;17839;8751
2015.06.30;08:00:00;17657;17529.5;17651.5;17552;15551
2015.06.30;12:00:00;17667.5;17598.5;17631;17652;11701
2015.06.30;16:00:00;17721.5;17607.5;17683.5;17630;17451
2015.06.30;20:00:00;17746.5;17652;17711.5;17683;16051
2015.07.01;00:00:00;17751.5;17584.5;17600.5;17711;22351
2015.07.01;04:00:00;17603.5;17488.5;17535;17601;16401
2015.07.01;08:00:00;17560.5;17524.5;17556.5;17540.5;5601
2015.07.01;12:00:00;17565.5;17522;17561.5;17556;8151
2015.07.01;16:00:00;17640;17528;17613.5;17560.5;17101
2015.07.01;20:00:00;17637.5;17540.5;17540.5;17613;12151
2015.07.02;00:00:00;17578.5;17471.5;17555.5;17541.5;20001
2015.07.02;04:00:00;17610.5;17490;17537;17556.5;22151
2015.07.02;08:00:00;17584.5;17519;17574.5;17528;8451
2015.07.02;12:00:00;17594.5;17571;17591.5;17575;3051
2015.07.02;16:00:00;17710.5;17578;17661.5;17591;19451
2015.07.02;20:00:00;17700.5;17648.5;17693.5;17662;7251
2015.07.03;00:00:00;17708;17596.5;17607.5;17695;13551
2015.07.03;04:00:00;17678;17581.5;17676;17608.5;12551
2015.07.03;08:00:00;17678.5;17646.5;17650;17677.5;3651
2015.07.03;12:00:00;17667;17648;17657;17649.5;3051
2015.07.03;16:00:00;17710;17655.5;17690.5;17659;7751
2015.07.03;20:00:00;17732.5;17681.5;17692;17691;10101
2015.07.06;00:00:00;17703.5;17597;17603.5;17693;12351
2015.07.06;04:00:00;17652.5;17589.5;17642.5;17604.5;8801
2015.07.06;08:00:00;17646.5;17626.5;17628;17640;2801
2015.07.06;12:00:00;17667.5;17624.5;17653;17629;6201
2015.07.06;16:00:00;17659.5;17617;17636;17654;6701
2015.07.06;20:00:00;17642.5;17589.5;17609.5;17635.5;8001
2015.07.07;00:00:00;17634;17598.5;17611.5;17608.5;6801
2015.07.07;04:00:00;17460;17352.5;17445;17385.5;15551
2015.07.07;08:00:00;17483;17417;17458;17446.5;12051
2015.07.07;12:00:00;17536;17454;17528;17456;9201
2015.07.07;16:00:00;17544.5;17456.5;17532;17528.5;17251
2015.07.07;20:00:00;17637.5;17524.5;17539;17532.5;21951
2015.07.08;00:00:00;17645.5;17509.5;17645;17539.5;16651
2015.07.08;04:00:00;17687;17645;17667;17657;7401
2015.07.08;08:00:00;17715.5;17660;17692;17667.5;8651
2015.07.08;12:00:00;17721.5;17668.5;17683;17691.5;9751
2015.07.08;16:00:00;17686;17514.5;17522.5;17682.5;18301
2015.07.08;20:00:00;17591.5;17367.5;17562.5;17522;40751
2015.07.09;00:00:00;17702.5;17522.5;17673.5;17562;24851
2015.07.09;04:00:00;17673;17563;17581;17673;12801
2015.07.09;08:00:00;17602.5;17538.5;17548.5;17580.5;9601
2015.07.09;12:00:00;17553.5;17431.5;17512.5;17548;20851
2015.07.09;16:00:00;17588;17479;17507;17514;21101
2015.07.09;20:00:00;17557.5;17450.5;17517;17505;20201
2015.07.10;00:00:00;17522.5;17399.5;17434.5;17517.5;16301
2015.07.10;04:00:00;17505;17431.5;17503;17441;8501
2015.07.10;08:00:00;17548.5;17496.5;17547.5;17502.5;5901
2015.07.10;12:00:00;17577.5;17512;17568;17548;11101
2015.07.10;16:00:00;17673.5;17562.5;17626.5;17567.5;16301
2015.07.10;20:00:00;17635.5;17490.5;17517;17625.5;18151
2015.07.13;00:00:00;17524.5;17422.5;17453;17516.5;14051
2015.07.13;04:00:00;17605.5;17478;17588.5;17478;14451
2015.07.13;08:00:00;17635.5;17580;17618;17589;8201
2015.07.13;12:00:00;17640.5;17575.5;17603;17620.5;11251
2015.07.13;16:00:00;17681;17602;17629.5;17602.5;13101
2015.07.13;20:00:00;17692.5;17589;17652.5;17630;18451
2015.07.14;00:00:00;17707.5;17648.5;17676.5;17651.5;9301
2015.07.14;04:00:00;17624;17536.5;17603;17556;12801
2015.07.14;08:00:00;17672.5;17600.5;17640;17604;10801
2015.07.14;12:00:00;17813.5;17609;17800.5;17639.5;24801
2015.07.14;16:00:00;17864.5;17771.5;17845.5;17799.5;14001
2015.07.14;20:00:00;17878.5;17834.5;17847.5;17846.5;8701
2015.07.15;00:00:00;17898.5;17846.5;17891.5;17848.5;6101
2015.07.15;04:00:00;17895.5;17881.5;17886.5;17889;2551
2015.07.15;08:00:00;17892.5;17879;17883;17887;2301
2015.07.15;12:00:00;17901;17871.5;17879.5;17884;5451
2015.07.15;16:00:00;17911.5;17861;17903;17880.5;7851
2015.07.15;20:00:00;17958.5;17891;17957.5;17904;8151
2015.07.16;00:00:00;17982.5;17951.5;17962.5;17958;5751
2015.07.16;04:00:00;17976.5;17938;17970.5;17959;6551
2015.07.16;08:00:00;17997;17963.5;17971.5;17973;6551
2015.07.16;12:00:00;17982.5;17957;17971.5;17971;5051
2015.07.16;16:00:00;17975;17931.5;17953.5;17971;6951
2015.07.16;20:00:00;18002;17948.5;17978.5;17954;8251
2015.07.17;00:00:00;17991.5;17918.5;17984.5;17979;14051
2015.07.17;04:00:00;18019;17973.5;18015;17985.5;6151
2015.07.17;08:00:00;18052.5;18015.5;18045.5;18015.5;4401
2015.07.17;12:00:00;18058.5;18027;18043.5;18045;6151
2015.07.17;16:00:00;18069.5;17999.5;18004;18042.5;10151
2015.07.17;20:00:00;18020.5;17980;18000.5;18004.5;7701
2015.07.20;00:00:00;18040.5;17998.5;18003.5;18000;8051
2015.07.20;04:00:00;18010;17991;18004.5;17997.5;3101
2015.07.20;08:00:00;18006.5;17989;18001.5;18004;3251
2015.07.20;12:00:00;18015.5;17983.5;17994;18002;5601
2015.07.20;16:00:00;18020;17963.5;17972.5;17993.5;9201
2015.07.20;20:00:00;17983.5;17948.5;17962;17973.5;5851
2015.07.21;00:00:00;18008.5;17960.5;17995.5;17961.5;6201
2015.07.21;04:00:00;18013.5;17984;18006;17988.5;4151
2015.07.21;08:00:00;18011.5;18000;18006.5;18006.5;2301
2015.07.21;12:00:00;18034.5;18003.5;18025;18006;4301
2015.07.21;16:00:00;18037;17988;17991.5;18024.5;6501
2015.07.21;20:00:00;18045.5;17977.5;18026.5;17992.5;10201
2015.07.22;00:00:00;18053.5;17980.5;17989;18026;10901
2015.07.22;04:00:00;17981.5;17967.5;17977;17980.5;2451
2015.07.22;08:00:00;18008.5;17974.5;18003.5;17978;4251
2015.07.22;12:00:00;18015.5;17976.5;17980.5;18003;5551
2015.07.22;16:00:00;17992.5;17882.5;17901.5;17981;14051
2015.07.22;20:00:00;17904.5;17788.5;17798.5;17902.5;12801
2015.07.23;00:00:00;17868.5;17782.5;17805;17797.5;16451
2015.07.23;04:00:00;17811;17786.5;17789.5;17809;2951
2015.07.23;08:00:00;17794;17783.5;17787;17789;1901
2015.07.23;12:00:00;17807;17775.5;17784;17788;5901
2015.07.23;16:00:00;17831;17778.5;17829.5;17784.5;6001
2015.07.23;20:00:00;17833;17739.5;17750.5;17829;10851
2015.07.24;00:00:00;17795.5;17725.5;17794.5;17749.5;9501
2015.07.24;04:00:00;17824;17786.5;17817;17792;5001
2015.07.24;08:00:00;17821.5;17804.5;17812;17817.5;2851
2015.07.24;12:00:00;17828.5;17790.5;17811;17811.5;7551
2015.07.24;16:00:00;17815.5;17714.5;17723;17810.5;11451
2015.07.24;20:00:00;17765.5;17651.5;17691.5;17722.5;19701
2015.07.27;00:00:00;17693.5;17623.5;17686.5;17693;13351
2015.07.27;04:00:00;17692.5;17660.5;17663;17687.5;3951
2015.07.27;08:00:00;17671.5;17650.5;17671.5;17663.5;3401
2015.07.27;12:00:00;17706.5;17655.5;17697.5;17671;7551
2015.07.27;16:00:00;17701;17621.5;17652.5;17696.5;11501
2015.07.27;20:00:00;17660.5;17489.5;17512.5;17653;20151
2015.07.28;00:00:00;17528.5;17469.5;17525.5;17512;10451
2015.07.28;04:00:00;17542.5;17501;17534.5;17523.5;7201
2015.07.28;08:00:00;17535.5;17508.5;17525;17535;4401
2015.07.28;12:00:00;17536.5;17458.5;17463;17526;9301
2015.07.28;16:00:00;17466.5;17315.5;17361.5;17462.5;20101
2015.07.28;20:00:00;17415.5;17325.5;17355.5;17362.5;17301
2015.07.29;00:00:00;17400;17328.5;17396;17355;10201
2015.07.29;04:00:00;17414.5;17378.5;17388.5;17398.5;6201
2015.07.29;08:00:00;17482.5;17386;17451.5;17387.5;12901
2015.07.29;12:00:00;17492.5;17434;17486.5;17451;8151
2015.07.29;16:00:00;17491.5;17368.5;17415;17487.5;17351
2015.07.29;20:00:00;17543.5;17367;17540.5;17408;22051
2015.07.30;00:00:00;17566.5;17522.5;17549;17539.5;7851
2015.07.30;04:00:00;17556;17533;17535;17551;3001
2015.07.30;08:00:00;17541;17519.5;17532.5;17535.5;4001
2015.07.30;12:00:00;17599.5;17528;17583;17532;9201
2015.07.30;16:00:00;17601.5;17554.5;17579;17583.5;8951
2015.07.30;20:00:00;17662.5;17565.5;17634.5;17576.5;13601
2015.07.31;00:00:00;17692.5;17601;17666;17634;15101
2015.07.31;04:00:00;17663.5;17647;17655;17663.5;2451
2015.07.31;08:00:00;17666;17643.5;17664.5;17655.5;3601
2015.07.31;12:00:00;17679.5;17633;17676.5;17664;8051
2015.07.31;16:00:00;17696;17551.5;17564.5;17677.5;17601
2015.07.31;20:00:00;17674;17555.5;17645.5;17562.5;15401
2015.08.03;00:00:00;17684;17642.5;17679.5;17645;4851
2015.08.03;04:00:00;17675;17662.5;17669;17670.5;2351
2015.08.03;08:00:00;17682.5;17666.5;17681;17670;2101
2015.08.03;12:00:00;17703.5;17653.5;17657;17681.5;7551
2015.08.03;16:00:00;17717;17590.5;17605;17657.5;20051
2015.08.03;20:00:00;17689.5;17603;17626.5;17604.5;15101
2015.08.04;00:00:00;17644.5;17588.5;17638.5;17627.5;10101
2015.08.04;04:00:00;17639.5;17597.5;17607.5;17626.5;6501
2015.08.04;08:00:00;17616.5;17599.5;17599.5;17607;2651
2015.08.04;12:00:00;17653.5;17574.5;17596;17600;15401
2015.08.04;16:00:00;17634.5;17534.5;17565;17595;17001
2015.08.04;20:00:00;17575.5;17411.5;17439.5;17565.5;20201
2015.08.05;00:00:00;17518.5;17417.5;17510.5;17438.5;13001
2015.08.05;04:00:00;17509;17470;17492.5;17508;6251
2015.08.05;08:00:00;17512;17487.5;17510;17492;3101
2015.08.05;12:00:00;17522;17452;17497.5;17508.5;12901
2015.08.05;16:00:00;17541.5;17459.5;17523;17498;13901
2015.08.05;20:00:00;17552.5;17440.5;17445.5;17524;14551
2015.08.06;00:00:00;17487.5;17420.5;17440.5;17445;12951
2015.08.06;04:00:00;17438.5;17396.5;17437;17396.5;4351
2015.08.06;08:00:00;17455.5;17435;17438;17437.5;4051
2015.08.06;12:00:00;17477;17439;17477;17440;3901
2015.08.06;16:00:00;17586;17476.5;17543.5;17476.5;15201
2015.08.06;20:00:00;17590.5;17440.5;17467.5;17546;22151
2015.08.07;00:00:00;17504.5;17459.5;17480;17467;7701
2015.08.07;04:00:00;17476.5;17451.5;17458;17475.5;3251
2015.08.07;08:00:00;17460.5;17447;17451;17457.5;2051
2015.08.07;12:00:00;17487;17449.5;17456.5;17452;7051
2015.08.07;16:00:00;17508.5;17376.5;17389;17457;19601
2015.08.07;20:00:00;17425.5;17302.5;17335;17389.5;19151
2015.08.10;00:00:00;17374.5;17328.5;17367.5;17334.5;5901
2015.08.10;04:00:00;17378.5;17362;17374;17368;2701
2015.08.10;08:00:00;17395;17373;17382;17373.5;3551
2015.08.10;12:00:00;17383.5;17332.5;17341.5;17381;6251
2015.08.10;16:00:00;17388.5;17293.5;17333.5;17342;18151
2015.08.10;20:00:00;17332.5;17217.5;17258.5;17332.5;15601
2015.08.11;00:00:00;17323.5;17242.5;17312;17258;10801
2015.08.11;04:00:00;17346.5;17297;17337;17306.5;6851
2015.08.11;08:00:00;17363.5;17327.5;17361;17336.5;4751
2015.08.11;12:00:00;17369.5;17309.5;17343.5;17360.5;10301
2015.08.11;16:00:00;17494.5;17335;17483.5;17343;17851
2015.08.11;20:00:00;17554.5;17479.5;17553.5;17484.5;8101
2015.08.12;00:00:00;17569.5;17533.5;17544.5;17554;6251
2015.08.12;04:00:00;17546.5;17526.5;17528;17539.5;2851
2015.08.12;08:00:00;17529;17454.5;17471.5;17527.5;9301
2015.08.12;12:00:00;17505.5;17428;17432;17472.5;11451
2015.08.12;16:00:00;17470.5;17364.5;17385;17431.5;16551
2015.08.12;20:00:00;17424.5;17293.5;17306;17384;18401
2015.08.13;00:00:00;17367.5;17295.5;17360;17306.5;9051
2015.08.13;04:00:00;17391.5;17237;17264;17363.5;20951
2015.08.13;08:00:00;17274.5;17235.5;17251;17264.5;6451
2015.08.13;12:00:00;17256.5;17146.5;17158.5;17252;12651
2015.08.13;16:00:00;17241.5;17139.5;17152.5;17159;19751
2015.08.13;20:00:00;17292.5;17074.5;17277.5;17152;31051
2015.08.14;00:00:00;17373.5;17228.5;17357.5;17278;21051
2015.08.14;04:00:00;17373;17292.5;17361;17355;15501
2015.08.14;08:00:00;17401.5;17343;17395;17359;8101
2015.08.14;12:00:00;17428;17358.5;17391.5;17393.5;13701
2015.08.14;16:00:00;17426;17292.5;17320.5;17391;19651
2015.08.14;20:00:00;17429.5;17288.5;17402.5;17319;19851
2015.08.17;00:00:00;17431;17343.5;17367.5;17402;14051
2015.08.17;04:00:00;17376;17344;17351.5;17354.5;6101
2015.08.17;08:00:00;17375.5;17347.5;17361;17353;4801
2015.08.17;12:00:00;17402.5;17327.5;17336.5;17360.5;12601
2015.08.17;16:00:00;17408.5;17316.5;17398;17337;12301
2015.08.17;20:00:00;17421.5;17345.5;17401.5;17399;14951
2015.08.18;00:00:00;17443.5;17392.5;17439.5;17401;6351
2015.08.18;04:00:00;17457;17431;17432;17434.5;4951
2015.08.18;08:00:00;17440;17407;17434;17431.5;6351
2015.08.18;12:00:00;17474.5;17392.5;17444.5;17432;15151
2015.08.18;16:00:00;17446;17294;17318.5;17445;17751
2015.08.18;20:00:00;17508;17310;17493.5;17318;22051
2015.08.19;00:00:00;17508.5;17476.5;17493.5;17494.5;6301
2015.08.19;04:00:00;17530.5;17489.5;17526;17492;4801
2015.08.19;08:00:00;17527.5;17488.5;17494;17525.5;4651
2015.08.19;12:00:00;17504.5;17447.5;17457.5;17493.5;7801
2015.08.19;16:00:00;17487.5;17432;17472.5;17458;9651
2015.08.19;20:00:00;17527.5;17448;17468;17473.5;15351
2015.08.20;00:00:00;17487;17443.5;17471;17468.5;8451
2015.08.20;04:00:00;17506.5;17467.5;17488;17477.5;6751
2015.08.20;08:00:00;17493;17434.5;17435;17488.5;6351
2015.08.20;12:00:00;17458.5;17387;17418;17434;12701
2015.08.20;16:00:00;17444.5;17302.5;17312.5;17418.5;17801
2015.08.20;20:00:00;17368.5;17243.5;17332;17313;23101
2015.08.21;00:00:00;17484;17267.5;17283.5;17331;38551
2015.08.21;04:00:00;17307.5;17281.5;17294;17285.5;4351
2015.08.21;08:00:00;17316.5;17279.5;17282;17295;6101
2015.08.21;12:00:00;17284.5;17127.5;17171;17282.5;20251
2015.08.21;16:00:00;17202;17106.5;17112.5;17171.5;13201
2015.08.21;20:00:00;17136.5;17030.5;17093.5;17112;19351
2015.08.24;00:00:00;17093.5;16904.5;16916.5;17093;20151
2015.08.24;04:00:00;16936;16829;16830;16915.5;12851
2015.08.24;08:00:00;16854.5;16769;16812;16829.5;15351
2015.08.24;12:00:00;16910.5;16807;16872.5;16815.5;15001
2015.08.24;16:00:00;16884;16749;16810.5;16871.5;20901
2015.08.24;20:00:00;16852.5;16578.5;16671.5;16809.5;41001
2015.08.25;00:00:00;16693.5;16426;16445;16672;30801
2015.08.25;04:00:00;16405.5;16276;16310.5;16404.5;16501
2015.08.25;08:00:00;16315.5;15954.5;16033.5;16311;44451
2015.08.25;12:00:00;16158.5;16013;16101;16039;22901
2015.08.25;16:00:00;16125.5;15221;15813;16099.5;152251
2015.08.25;20:00:00;16326;15756;16071;15817.5;88651
2015.08.26;00:00:00;16137;15680;15737.5;16071.5;58001
2015.08.26;04:00:00;16046.5;15725;16011;15731.5;36351
2015.08.26;08:00:00;16114;15831;15891;16010.5;44651
2015.08.26;12:00:00;16231;15845;16190;15892.5;47451
2015.08.26;16:00:00;16336;16107.5;16152.5;16189.5;42001
2015.08.26;20:00:00;16279;16018.5;16082.5;16150;45351
2015.08.27;00:00:00;16169.5;15611.5;15689;16080.5;72451
2015.08.27;04:00:00;15772.5;15538;15718.5;15753.5;43401
2015.08.27;08:00:00;15969;15627.5;15920.5;15718;48051
2015.08.27;12:00:00;15988.5;15760.5;15901;15923.5;43351
2015.08.27;16:00:00;16111;15866;15941.5;15900.5;44901
2015.08.27;20:00:00;16008.5;15749.5;15979.5;15940;47851
2015.08.28;00:00:00;16292;15878.5;16237;15979;56901
2015.08.28;04:00:00;16345.5;16239.5;16340.5;16274.5;14601
2015.08.28;08:00:00;16342;16238;16245.5;16341;11251
2015.08.28;12:00:00;16481.5;16215;16440;16246;33901
2015.08.28;16:00:00;16499;16364.5;16415.5;16440.5;24401
2015.08.28;20:00:00;16630.5;16388;16611;16416;29001
2015.08.31;00:00:00;16655.5;16285;16646;16611.5;70651
2015.08.31;04:00:00;16679.5;16589.5;16593;16636.5;13651
2015.08.31;08:00:00;16631;16555.5;16587;16592.5;14551
2015.08.31;12:00:00;16620;16461.5;16531;16586.5;26151
2015.08.31;16:00:00;16599;16467.5;16588.5;16530.5;20501
2015.08.31;20:00:00;16644.5;16506.5;16552;16589;23901
2015.09.01;00:00:00;16658.5;16511.5;16628;16551.5;21751
2015.09.01;04:00:00;16629;16422.5;16492;16626;27901
2015.09.01;08:00:00;16510.5;16427;16496;16493;16401
2015.09.01;12:00:00;16553;16445;16503;16493;20601
2015.09.01;16:00:00;16543.5;16442.5;16452;16502.5;15151
2015.09.01;20:00:00;16601.5;16414.5;16523.5;16453.5;30401
2015.09.02;00:00:00;16556.5;16453.5;16480;16524.5;16151
2015.09.02;04:00:00;16487.5;16235.5;16246;16481.5;26851
2015.09.02;08:00:00;16299.5;16211;16231;16246.5;16151
2015.09.02;12:00:00;16299;16100;16152.5;16232;31851
2015.09.02;16:00:00;16243;16054;16176.5;16151;35251
2015.09.02;20:00:00;16230.5;16063.5;16125.5;16176;28351
2015.09.03;00:00:00;16151.5;15955.5;16063;16128.5;32651
2015.09.03;04:00:00;16231;16017.5;16203.5;16070.5;29401
2015.09.03;08:00:00;16266.5;16165;16210.5;16204;19651
2015.09.03;12:00:00;16268;16123;16185.5;16211;26451
2015.09.03;16:00:00;16292;16149.5;16206.5;16186;26451
2015.09.03;20:00:00;16264.5;16109.5;16229.5;16206;28651
2015.09.04;00:00:00;16342.5;16175;16336;16230;22901
2015.09.04;04:00:00;16411.5;16302;16320.5;16327.5;21201
2015.09.04;08:00:00;16350.5;16311;16326;16320;7301
2015.09.04;12:00:00;16429.5;16318.5;16394;16325;15301
2015.09.04;16:00:00;16501;16365;16427;16393.5;23851
2015.09.04;20:00:00;16531.5;16336.5;16337.5;16429;29851
2015.09.07;00:00:00;16409.5;16296;16340.5;16339.5;22601
2015.09.07;04:00:00;16362;16229;16300;16342.5;22351
2015.09.07;08:00:00;16300.5;16202.5;16220;16300.5;11551
2015.09.07;12:00:00;16290;16163.5;16176;16220.5;20851
2015.09.07;16:00:00;16237.5;16046.5;16099.5;16175;30651
2015.09.07;20:00:00;16166.5;16017.5;16041.5;16098;24151
2015.09.08;00:00:00;16171.5;16006;16098;16040.5;27351
2015.09.08;04:00:00;16270;16009;16211.5;16009;31951
2015.09.08;08:00:00;16273.5;16177.5;16194;16212;17401
2015.09.08;12:00:00;16265.5;16168.5;16186;16196;18401
2015.09.08;16:00:00;16202.5;16157;16184;16185.5;8951
2015.09.08;20:00:00;16211;16148;16182;16184.5;12351
2015.09.09;00:00:00;16253.5;16173.5;16214.5;16177.5;12301
2015.09.09;04:00:00;16245.5;16177.5;16220.5;16215;13051
2015.09.09;08:00:00;16428.5;16189;16418;16219.5;28051
2015.09.09;12:00:00;16429.5;16344.5;16380;16419;13101
2015.09.09;16:00:00;16405.5;16311.5;16403.5;16380.5;16501
2015.09.09;20:00:00;16486;16392.5;16452;16404.5;13951
2015.09.10;00:00:00;16535.5;16440.5;16527.5;16456.5;11901
2015.09.10;04:00:00;16614.5;16519;16613.5;16527;10451
2015.09.10;08:00:00;16682.5;16604.5;16629;16614;14101
2015.09.10;12:00:00;16654;16587.5;16607;16628.5;11151
2015.09.10;16:00:00;16613.5;16369;16375.5;16607.5;25701
2015.09.10;20:00:00;16403.5;16205;16267.5;16376.5;28801
2015.09.11;00:00:00;16271;16192.5;16246;16267;13601
2015.09.11;04:00:00;16343.5;16238.5;16336.5;16246.5;12001
2015.09.11;08:00:00;16449;16270;16412.5;16336;28151
2015.09.11;12:00:00;16428;16149;16223;16412;36901
2015.09.11;16:00:00;16432.5;16198;16404.5;16223.5;28801
2015.09.11;20:00:00;16419;16257;16311.5;16404;23151
2015.09.14;00:00:00;16372;16285;16338;16303;13901
2015.09.14;04:00:00;16381.5;16332;16347;16338.5;9051
2015.09.14;08:00:00;16357;16211;16284.5;16347.5;22901
2015.09.14;12:00:00;16298.5;16221;16249.5;16285;11951
2015.09.14;16:00:00;16399.5;16234.5;16334;16246.5;24251
2015.09.14;20:00:00;16445.5;16312;16442;16334.5;15951
2015.09.15;00:00:00;16434;16341.5;16404;16361;3245
2015.09.15;04:00:00;16407;16329.5;16333.5;16404.5;3950
2015.09.15;08:00:00;16394;16290.5;16359.5;16330;7139
2015.09.15;12:00:00;16389.5;16227;16251.5;16359;8639
2015.09.15;16:00:00;16324.5;16231.5;16293.5;16253;15503
2015.09.15;20:00:00;16297.5;16238;16281.5;16292;7224
2015.09.16;00:00:00;16330;16276.5;16310.5;16282.5;2520
2015.09.16;04:00:00;16324;16286.5;16288.5;16311;2501
2015.09.16;08:00:00;16307.5;16210.5;16240.5;16287;6600
2015.09.16;12:00:00;16344;16228.5;16324.5;16240;8206
2015.09.16;16:00:00;16518.5;16315.5;16494.5;16324;13924
2015.09.16;20:00:00;16537.5;16473.5;16526;16495;6597
2015.09.17;00:00:00;16524.5;16494.5;16508.5;16514.5;2219
2015.09.17;04:00:00;16509.5;16464;16486;16508;2537
2015.09.17;08:00:00;16549;16483.5;16491.5;16485.5;8535
2015.09.17;12:00:00;16545.5;16479.5;16505;16490.5;8318
2015.09.17;16:00:00;16615.5;16484.5;16604.5;16506;11332
2015.09.17;20:00:00;16666;16558.5;16661.5;16604;6917
2015.09.18;00:00:00;16655.5;16626.5;16630;16655;1548
2015.09.18;04:00:00;16660;16620.5;16648.5;16629.5;1518
2015.09.18;08:00:00;16659;16613;16624;16649;6467
2015.09.18;12:00:00;16653;16594.5;16624;16623.5;6729
2015.09.18;16:00:00;16699.5;16610.5;16677.5;16621.5;10851
2015.09.18;20:00:00;16832.5;16514;16551;16678.5;22622
2015.09.21;00:00:00;16576;16521.5;16570;16552;3237
2015.09.21;04:00:00;16598;16558;16571;16569.5;2300
2015.09.21;08:00:00;16600.5;16498;16504.5;16569;10808
2015.09.21;12:00:00;16512.5;16270.5;16299.5;16505.5;16086
2015.09.21;16:00:00;16437.5;16260.5;16267.5;16300;20057
2015.09.21;20:00:00;16339.5;16232;16290;16268;11424
2015.09.22;00:00:00;16328.5;16223;16241.5;16306;3140
2015.09.22;04:00:00;16287.5;16224.5;16267.5;16238;2230
2015.09.22;08:00:00;16360.5;16250;16346;16269;9570
2015.09.22;12:00:00;16430.5;16320.5;16378;16346.5;10699
2015.09.22;16:00:00;16471.5;16281.5;16346.5;16379;17988
2015.09.22;20:00:00;16462;16326.5;16458.5;16347;9488
2015.09.23;00:00:00;16466;16413;16428.5;16464;1553
2015.09.23;04:00:00;16438;16415.5;16431.5;16429;1243
2015.09.23;08:00:00;16455;16205.5;16214;16434;14234
2015.09.23;12:00:00;16247.5;16153;16202;16215;15415
2015.09.23;16:00:00;16236.5;16111.5;16160.5;16201.5;18893
2015.09.23;20:00:00;16251;16132.5;16208;16161;10373
2015.09.24;00:00:00;16231;16062.5;16071;16212.5;3021
2015.09.24;04:00:00;16117.5;16066.5;16079;16071.5;3437
2015.09.24;08:00:00;16283;16073;16264.5;16079.5;10974
2015.09.24;12:00:00;16318;16173.5;16193.5;16265;12590
2015.09.24;16:00:00;16240.5;16101.5;16176.5;16195.5;16042
2015.09.24;20:00:00;16216.5;16149.5;16209;16175.5;9484
2015.09.25;00:00:00;16231.5;16163.5;16186.5;16209.5;2712
2015.09.25;04:00:00;16188;16094.5;16134.5;16187;3402
2015.09.25;08:00:00;16237;16108.5;16154.5;16138;13524
2015.09.25;12:00:00;16164;15945.5;15961;16155;17292
2015.09.25;16:00:00;16025;15906.5;15992.5;15961.5;19816
2015.09.25;20:00:00;16142.5;15978.5;16128;15993.5;13096
2015.09.28;00:00:00;16192;16082.5;16137.5;16085.5;4507
2015.09.28;04:00:00;16185;16111.5;16184.5;16137;3466
2015.09.28;08:00:00;16367.5;16175.5;16342;16182.5;12133
2015.09.28;12:00:00;16351.5;16239.5;16269.5;16344;13002
2015.09.28;16:00:00;16359.5;16233.5;16317.5;16269;17650
2015.09.28;20:00:00;16336.5;16121;16168.5;16318;15186
2015.09.29;00:00:00;16176.5;16100;16154.5;16160.5;3791
2015.09.29;04:00:00;16210;16136.5;16201.5;16157.5;1907
2015.09.29;08:00:00;16283.5;16117.5;16127;16200.5;12817
2015.09.29;12:00:00;16148.5;16043.5;16049;16127.5;12793
2015.09.29;16:00:00;16077;15928;15929;16047.5;23046
2015.09.29;20:00:00;15957.5;15872;15925.5;15931;13037
2015.09.30;00:00:00;15956;15844.5;15884;15935.5;3528
2015.09.30;04:00:00;15903.5;15841.5;15842.5;15884.5;3564
2015.09.30;08:00:00;15995;15796;15936.5;15840.5;15282
2015.09.30;12:00:00;15994.5;15832.5;15924.5;15937;12734
2015.09.30;16:00:00;16010.5;15851;15952.5;15927.5;26677
2015.09.30;20:00:00;15971;15835.5;15944.5;15952;14074
2015.10.01;00:00:00;16026.5;15923.5;16012.5;15946.5;3262
2015.10.01;04:00:00;16082.5;15998.5;16071;16011;2973
2015.10.01;08:00:00;16132.5;16054.5;16127.5;16071.5;10677
2015.10.01;12:00:00;16174.5;16099;16125;16127;10175
2015.10.01;16:00:00;16189.5;16018.5;16119.5;16126;20946
2015.10.01;20:00:00;16182.5;16082;16122.5;16118.5;11889
2015.10.02;00:00:00;16213;16114.5;16203.5;16118.5;2279
2015.10.02;04:00:00;16311.5;16197.5;16298.5;16202.5;3819
2015.10.02;08:00:00;16340;16273;16285;16297.5;9594
2015.10.02;12:00:00;16294.5;16108.5;16110.5;16286;14176
2015.10.02;16:00:00;16167.5;15964.5;16063;16110;26830
2015.10.02;20:00:00;16208.5;16049.5;16202;16062.5;12407
2015.10.05;00:00:00;16238;16164.5;16203;16194.5;3668
2015.10.05;04:00:00;16225.5;16152;16185;16204;2316
2015.10.05;08:00:00;16250.5;16182.5;16248.5;16183;9750
2015.10.05;12:00:00;16273;15904.5;15954;16248;15887
2015.10.05;16:00:00;16266;15910.5;16208.5;15953;25414
2015.10.05;20:00:00;16380.5;16198.5;16373.5;16206.5;11492
2015.10.06;00:00:00;16367;16324;16333;16356.5;3197
2015.10.06;04:00:00;16407.5;16334;16371;16335;2751
2015.10.06;08:00:00;16461;16338;16456;16370;9652
2015.10.06;12:00:00;16562.5;16450;16547.5;16455;10981
2015.10.06;16:00:00;16634.5;16513.5;16625.5;16548;16324
2015.10.06;20:00:00;16689.5;16616.5;16671;16626.5;7282
2015.10.07;00:00:00;16671.5;16614;16618;16652.5;2266
2015.10.07;04:00:00;16651.5;16593.5;16609.5;16618.5;3291
2015.10.07;08:00:00;16649.5;16573;16610.5;16610.5;8323
2015.10.07;12:00:00;16755.5;16607.5;16750.5;16611.5;9297
2015.10.07;16:00:00;16751.5;16637.5;16690.5;16751.5;19725
2015.10.07;20:00:00;16734;16623;16637;16690;9519
2015.10.08;00:00:00;16660.5;16600.5;16653;16608.5;1883
2015.10.08;04:00:00;16713.5;16623;16705;16654;3476
2015.10.08;08:00:00;16805.5;16702.5;16749;16704.5;9704
2015.10.08;12:00:00;16842.5;16726.5;16831.5;16748.5;10048
2015.10.08;16:00:00;16862.5;16662.5;16769.5;16832;21589
2015.10.08;20:00:00;16818;16726.5;16814.5;16770.5;10799
2015.10.09;00:00:00;16819.5;16738;16741;16805;2193
2015.10.09;04:00:00;16757.5;16697.5;16698;16739.5;3018
2015.10.09;08:00:00;16740.5;16677;16721.5;16698.5;10062
2015.10.09;12:00:00;16802.5;16722;16789.5;16722;11313
2015.10.09;16:00:00;16855;16770.5;16838;16790;16752
2015.10.09;20:00:00;16979.5;16813;16956.5;16839.5;12975
2015.10.12;00:00:00;16961;16932;16942.5;16942.5;1791
2015.10.12;04:00:00;17000;16945;16985;16945;1898
2015.10.12;08:00:00;16993;16906;16953.5;16982;9263
2015.10.12;12:00:00;17021.5;16944.5;16990;16953;9863
2015.10.12;16:00:00;17008.5;16924.5;16939.5;16990.5;16580
2015.10.12;20:00:00;16997.5;16924.5;16977.5;16940.5;7251
2015.10.13;00:00:00;16971.5;16939.5;16971.5;16970;1440
2015.10.13;04:00:00;16993;16963.5;16985.5;16972;1297
2015.10.13;08:00:00;17028;16965;16986;16986;6577
2015.10.13;12:00:00;17009.5;16962.5;16991;16986.5;7110
2015.10.13;16:00:00;17038.5;16968.5;17010.5;16990;11767
2015.10.13;20:00:00;17062;17002.5;17052.5;17009.5;3871
2015.10.14;00:00:00;17053.5;17013.5;17027;17045;1429
2015.10.14;04:00:00;17045;17003.5;17017.5;17029;1764
2015.10.14;08:00:00;17030;16938.5;16947.5;17016;7032
2015.10.14;12:00:00;17003;16916.5;17002.5;16947;7763
2015.10.14;16:00:00;17071.5;16996;17001.5;17003.5;13706
2015.10.14;20:00:00;17033.5;16950.5;16959.5;17002;8109
2015.10.15;00:00:00;16962;16930.5;16938.5;16944;1915
2015.10.15;04:00:00;16984.5;16937;16962.5;16937.5;1622
2015.10.15;08:00:00;16991.5;16934.5;16961;16964;7893
2015.10.15;12:00:00;17012.5;16943.5;17001;16962;8568
2015.10.15;16:00:00;17007;16854.5;16878.5;17001.5;17957
2015.10.15;20:00:00;16898.5;16789.5;16827.5;16878;9967
2015.10.16;00:00:00;16894;16822.5;16881;16829;2059
2015.10.16;04:00:00;16918.5;16880;16911;16880.5;1925
2015.10.16;08:00:00;16939.5;16887;16938;16910.5;8020
2015.10.16;12:00:00;16937.5;16837;16879;16937;9596
2015.10.16;16:00:00;16982.5;16846.5;16970.5;16877;16693
2015.10.16;20:00:00;17067.5;16969.5;17066;16972.5;7553
2015.10.19;00:00:00;17094;17049;17074.5;17057.5;1730
2015.10.19;04:00:00;17078;17044;17050;17075;1233
2015.10.19;08:00:00;17084;17034.5;17070;17047.5;6379
2015.10.19;12:00:00;17112;17023;17065.5;17070.5;8557
2015.10.19;16:00:00;17108.5;17018.5;17020.5;17066.5;12756
2015.10.19;20:00:00;17120.5;17008.5;17115;17021.5;5880
2015.10.20;00:00:00;17110.5;17053.5;17059;17101;1565
2015.10.20;04:00:00;17092.5;17057.5;17073;17074;1877
2015.10.20;08:00:00;17130;17057;17089;17074;5977
2015.10.20;12:00:00;17097.5;17028.5;17087;17089.5;6787
2015.10.20;16:00:00;17117.5;17061.5;17093;17087.5;13147
2015.10.20;20:00:00;17144.5;17072.5;17103.5;17093.5;6525
2015.10.21;00:00:00;17098.5;17076.5;17086;17094.5;1024
2015.10.21;04:00:00;17097;17078;17083;17086.5;785
2015.10.21;08:00:00;17107;17042;17051;17083.5;6065
2015.10.21;12:00:00;17107.5;17042.5;17091.5;17050.5;6980
2015.10.21;16:00:00;17163.5;17082.5;17111.5;17092.5;13615
2015.10.21;20:00:00;17140.5;17090.5;17093;17110.5;6770
2015.10.22;00:00:00;17123.5;17068;17111.5;17088.5;1512
2015.10.22;04:00:00;17193.5;17111;17168.5;17111;1737
2015.10.22;08:00:00;17182.5;17098.5;17157;17169.5;8016
2015.10.22;12:00:00;17192.5;17150.5;17158;17157.5;8033
2015.10.22;16:00:00;17218.5;17112.5;17127.5;17158.5;15570
2015.10.22;20:00:00;17174.5;17038;17060.5;17125.5;9359
2015.10.23;00:00:00;17084.5;17038;17080;17049.5;1676
2015.10.23;04:00:00;17106.5;17073;17083.5;17080.5;1713
2015.10.23;08:00:00;17110.5;17078;17093.5;17086;5482
2015.10.23;12:00:00;17244.5;17071.5;17241;17094.5;10567
2015.10.23;16:00:00;17395.5;17235.5;17348.5;17241.5;14558
2015.10.23;20:00:00;17431.5;17299.5;17431.5;17346.5;10051
2015.10.25;23:00:00;17479;17404;17441;17420;2291
2015.10.26;00:00:00;17454.5;17434.5;17454;17440.5;1204
2015.10.26;04:00:00;17480.5;17418;17478.5;17452;6046
2015.10.26;08:00:00;17592;17469.5;17557.5;17479;11728
2015.10.26;12:00:00;17565.5;17466;17544.5;17558.5;18690
2015.10.26;16:00:00;17591.5;17532;17538.5;17545.5;7410
2015.10.26;20:00:00;17543.5;17509.5;17520.5;17541.5;1652
2015.10.27;00:00:00;17532;17507.5;17508.5;17520;1185
2015.10.27;04:00:00;17527;17481;17517.5;17508;5469
2015.10.27;08:00:00;17574.5;17512.5;17538;17518;7247
2015.10.27;12:00:00;17559.5;17518;17537.5;17533;12418
2015.10.27;16:00:00;17551.5;17518.5;17533;17538.5;4868
2015.10.27;20:00:00;17537.5;17519;17526.5;17534.5;1022
2015.10.28;00:00:00;17527;17481;17498;17527;1576
2015.10.28;04:00:00;17525.5;17487.5;17519;17497.5;4851
2015.10.28;08:00:00;17521.5;17455.5;17517;17519.5;6977
2015.10.28;12:00:00;17550.5;17462.5;17476;17512;13938
2015.10.28;16:00:00;17539.5;17470.5;17532.5;17475.5;6665
2015.10.28;20:00:00;17536.5;17494.5;17533;17508;1467
2015.10.29;00:00:00;17536;17503.5;17517;17533.5;1159
2015.10.29;04:00:00;17543;17497.5;17537.5;17517.5;4885
2015.10.29;08:00:00;17569.5;17518.5;17567.5;17536.5;6946
2015.10.29;12:00:00;17627;17559.5;17625;17567;10495
2015.10.29;16:00:00;17701.5;17467.5;17680;17624;16118
2015.10.29;20:00:00;17676;17654.5;17657.5;17671.5;1219
2015.10.30;00:00:00;17663.5;17633.5;17644;17657;1087
2015.10.30;04:00:00;17659.5;17605.5;17625.5;17642.5;5906
2015.10.30;08:00:00;17668.5;17608;17643.5;17626;7725
2015.10.30;12:00:00;17676.5;17599.5;17631;17642.5;13813
2015.10.30;16:00:00;17701.5;17628.5;17692.5;17631.5;5258
2015.10.30;20:00:00;17733.5;17673;17730;17687.5;1733
2015.11.02;00:00:00;17764.5;17712;17747;17729.5;2763
2015.11.02;04:00:00;17751.5;17701;17706.5;17747.5;5383
2015.11.02;08:00:00;17722.5;17647;17658;17707;7608
2015.11.02;12:00:00;17715.5;17643;17701.5;17658.5;11418
2015.11.02;16:00:00;17709.5;17559;17596.5;17700.5;7217
2015.11.02;20:00:00;17589;17530.5;17540;17587.5;2142
2015.11.03;00:00:00;17547.5;17524;17535;17539.5;1444
2015.11.03;04:00:00;17619;17523.5;17604;17534.5;6180
2015.11.03;08:00:00;17662.5;17585.5;17655;17603.5;6529
2015.11.03;12:00:00;17692.5;17648.5;17691.5;17657;9281
2015.11.03;16:00:00;17759;17690.5;17718;17690.5;4756
2015.11.03;20:00:00;17747.5;17708.5;17735;17715.5;1111
2015.11.04;00:00:00;17735;17714.5;17723;17734.5;686
2015.11.04;04:00:00;17728.5;17699.5;17706.5;17722.5;5601
2015.11.04;08:00:00;17755.5;17685.5;17737.5;17707.5;6697
2015.11.04;12:00:00;17858.5;17737.5;17853.5;17738;11400
2015.11.04;16:00:00;17893.5;17819.5;17835.5;17854.5;6057
2015.11.04;20:00:00;17886;17821.5;17882;17831.5;1733
2015.11.05;00:00:00;17884;17833;17845;17882.5;1463
2015.11.05;04:00:00;17885.5;17834;17855.5;17844.5;6696
2015.11.05;08:00:00;17901.5;17811.5;17825;17856.5;6456
2015.11.05;12:00:00;17867.5;17753;17786.5;17828;16751
2015.11.05;16:00:00;17832.5;17770.5;17800;17786;7548
2015.11.05;20:00:00;17797;17761.5;17778.5;17794;1569
2015.11.06;00:00:00;17813;17777.5;17803.5;17778;1048
2015.11.06;04:00:00;17832.5;17768;17822;17802;7482
2015.11.06;08:00:00;17861;17792.5;17852;17822.5;7648
2015.11.06;12:00:00;17856.5;17706.5;17792.5;17851;16321
2015.11.06;16:00:00;17819.5;17751.5;17802;17793.5;7128
2015.11.06;20:00:00;17804;17773.5;17778.5;17802.5;1112
2015.11.09;00:00:00;17801.5;17771.5;17800;17778;806
2015.11.09;04:00:00;17807;17773;17788;17799.5;5624
2015.11.09;08:00:00;17849.5;17700;17757.5;17788.5;12592
2015.11.09;12:00:00;17823.5;17704.5;17815.5;17758.5;18124
2015.11.09;16:00:00;17866;17819.5;17857.5;17822.5;1833
2015.11.09;20:00:00;17859;17833.5;17834.5;17858;1231
2015.11.10;00:00:00;17834;17780;17786;17834;6888
2015.11.10;04:00:00;17811.5;17705;17710;17786.5;6945
2015.11.10;08:00:00;17718.5;17606.5;17648.5;17710.5;16330
2015.11.10;12:00:00;17711.5;17620.5;17674.5;17647.5;7973
2015.11.10;16:00:00;17694.5;17650.5;17693.5;17672.5;1635
2015.11.10;20:00:00;17717;17692;17700;17694;1292
2015.11.11;00:00:00;17709.5;17608.5;17617;17701.5;7472
2015.11.11;04:00:00;17683.5;17612;17672;17616.5;8796
2015.11.11;08:00:00;17687.5;17605;17678.5;17671.5;14428
2015.11.11;12:00:00;17719;17657;17704;17678;6313
2015.11.11;16:00:00;17721.5;17692.5;17721;17701;1479
2015.11.11;20:00:00;17733;17712;17717;17720.5;1126
2015.11.12;00:00:00;17766.5;17702;17745;17716.5;5612
2015.11.12;04:00:00;17793.5;17700.5;17705.5;17744.5;6810
2015.11.12;08:00:00;17749.5;17642.5;17685.5;17706.5;12504
2015.11.12;12:00:00;17710;17639.5;17647.5;17684.5;6932
2015.11.12;16:00:00;17685.5;17641;17674;17645;1548
2015.11.12;20:00:00;17695.5;17672.5;17683.5;17673.5;981
2015.11.13;00:00:00;17711;17609.5;17613;17683;8125
2015.11.13;04:00:00;17645.5;17460.5;17496;17613.5;9145
2015.11.13;08:00:00;17567;17433;17484.5;17495;16086
2015.11.13;12:00:00;17489.5;17389.5;17393;17484;7847
2015.11.13;16:00:00;17436;17383;17421;17400.5;1854
2015.11.13;20:00:00;17427.5;17394.5;17403;17422;1273
2015.11.16;00:00:00;17440.5;17387.5;17395;17403.5;7550
2015.11.16;04:00:00;17395;17304;17311;17394.5;10524
2015.11.16;08:00:00;17346.5;17214.5;17241.5;17311.5;17758
2015.11.16;12:00:00;17254.5;17149;17157.5;17242;9955
2015.11.16;16:00:00;17155.5;17049;17125;17104;3354
2015.11.16;20:00:00;17148.5;17120.5;17127;17124.5;1428
2015.11.17;00:00:00;17244;17119.5;17215;17126;9327
2015.11.17;04:00:00;17276.5;17146.5;17237.5;17214.5;10839
2015.11.17;08:00:00;17362;17212.5;17358.5;17236.5;20776
2015.11.17;12:00:00;17440.5;17345.5;17426.5;17359;7562
2015.11.17;16:00:00;17460;17404;17443;17419.5;1719
2015.11.17;20:00:00;17455.5;17429;17432;17443.5;1138
2015.11.18;00:00:00;17509.5;17396;17494.5;17433;7123
2015.11.18;04:00:00;17525;17404.5;17439.5;17495;7990
2015.11.18;08:00:00;17551.5;17414.5;17510;17441;15500
2015.11.18;12:00:00;17523.5;17402;17459;17509.5;10630
2015.11.18;16:00:00;17464.5;17430;17462;17460.5;1584
2015.11.18;20:00:00;17462.5;17423;17430;17461.5;1223
2015.11.19;00:00:00;17444.5;17409;17419.5;17431.5;7301
2015.11.19;04:00:00;17563.5;17419;17542.5;17420.5;9000
2015.11.19;08:00:00;17603.5;17515.5;17566;17543;15470
2015.11.19;12:00:00;17710;17549.5;17682;17566.5;9661
2015.11.19;16:00:00;17731.5;17670.5;17714.5;17679.5;1691
2015.11.19;20:00:00;17726.5;17695.5;17718;17715;1343
2015.11.20;00:00:00;17764.5;17711.5;17752;17716;5439
2015.11.20;04:00:00;17753.5;17641.5;17688.5;17751.5;7550
2015.11.20;08:00:00;17731.5;17667.5;17703.5;17688;14380
2015.11.20;12:00:00;17734;17679.5;17722.5;17703;6636
2015.11.20;16:00:00;17711;17695;17704;17711;1005
2015.11.20;20:00:00;17729;17701;17725.5;17704.5;672
2015.11.23;00:00:00;17770.5;17713;17762;17725;7902
2015.11.23;04:00:00;17854.5;17750.5;17847.5;17763;6517
2015.11.23;08:00:00;17879.5;17767.5;17782.5;17847;11716
2015.11.23;12:00:00;17800.5;17749.5;17799.5;17783;5835
2015.11.23;16:00:00;17832;17792.5;17807;17807.5;1488
2015.11.23;20:00:00;17823.5;17801.5;17815;17807.5;794
2015.11.24;00:00:00;17820;17752.5;17767.5;17814.5;6550
2015.11.24;04:00:00;17824.5;17742.5;17766.5;17766.5;7644
2015.11.24;08:00:00;17832.5;17754.5;17758.5;17766;11569
2015.11.24;12:00:00;17769.5;17712.5;17749;17757.5;5320
2015.11.24;16:00:00;17773.5;17738.5;17754;17749.5;1110
2015.11.24;20:00:00;17771.5;17742.5;17765.5;17753.5;844
2015.11.25;00:00:00;17789;17620;17681;17767;9411
2015.11.25;04:00:00;17726.5;17620;17714;17681.5;9702
2015.11.25;08:00:00;17813.5;17644.5;17800;17712;13652
2015.11.25;12:00:00;17825.5;17754.5;17756.5;17799.5;5807
2015.11.25;16:00:00;17773.5;17739.5;17751;17758.5;1168
2015.11.25;20:00:00;17779.5;17745;17772;17751.5;768
2015.11.26;00:00:00;17828;17747;17821;17772.5;7501
2015.11.26;04:00:00;17823.5;17763;17807.5;17820.5;6312
2015.11.26;08:00:00;17818.5;17780.5;17806;17806.5;9701
2015.11.26;12:00:00;17812.5;17773.5;17802.5;17806.5;2912
2015.11.26;16:00:00;17825.5;17805.5;17821;17807.5;734
2015.11.26;20:00:00;17832.5;17797.5;17810;17820;724
2015.11.27;00:00:00;17865.5;17800;17851;17810.5;5103
2015.11.27;04:00:00;17869.5;17834.5;17838.5;17851.5;3059
2015.11.27;08:00:00;17855;17836.5;17839.5;17839;920
2015.11.27;12:00:00;17848.5;17815;17816;17834;868
2015.11.27;16:00:00;17820.5;17761;17773;17816.5;1145
2015.11.27;20:00:00;17806;17736.5;17805;17773.5;7404
2015.11.30;00:00:00;17807;17732.5;17746.5;17805.5;7362
2015.11.30;04:00:00;17802.5;17718.5;17789;17747;7613
2015.11.30;08:00:00;17793.5;17754;17770;17793.5;1395
2015.11.30;12:00:00;17776;17762.5;17769;17769.5;854
2015.11.30;16:00:00;17823;17730.5;17798;17769.5;4767
2015.11.30;20:00:00;17843;17741.5;17746;17797;5651
2015.12.01;00:00:00;17781.5;17702.5;17770.5;17745.5;10740
2015.12.01;04:00:00;17774.5;17696.5;17754.5;17771.5;5523
2015.12.01;08:00:00;17818.5;17755;17807;17755.5;1888
2015.12.01;12:00:00;17815.5;17801;17802;17808;949
2015.12.01;16:00:00;17808;17750.5;17782.5;17801.5;6292
2015.12.01;20:00:00;17872.5;17759.5;17861;17783;5631
2015.12.02;00:00:00;17858.5;17748;17797.5;17858;12279
2015.12.02;04:00:00;17873;17796.5;17857.5;17797;4924
2015.12.02;08:00:00;17868;17843.5;17854;17858.5;1025
2015.12.02;12:00:00;17892;17850;17886;17853.5;883
2015.12.02;16:00:00;17900.5;17864.5;17883;17885.5;6434
2015.12.02;20:00:00;17892.5;17831;17878.5;17882.5;7151
2015.12.03;00:00:00;17888.5;17805.5;17812.5;17879.5;12939
2015.12.03;04:00:00;17812.5;17691.5;17764.5;17812;9817
2015.12.03;08:00:00;17772.5;17721;17764.5;17764;1686
2015.12.03;12:00:00;17780;17735;17768;17765;1300
2015.12.03;16:00:00;17865.5;17750;17860;17766.5;6223
2015.12.03;20:00:00;17860.5;17654;17675.5;17860.5;16644
2015.12.04;00:00:00;17719.5;17506.5;17507.5;17673.5;21930
2015.12.04;04:00:00;17512.5;17406;17501.5;17508.5;12565
2015.12.04;08:00:00;17535.5;17497.5;17509;17499.5;2238
2015.12.04;12:00:00;17527;17506.5;17514;17509.5;1307
2015.12.04;16:00:00;17575.5;17499;17557.5;17513.5;9157
2015.12.04;20:00:00;17668.5;17441;17636.5;17557;12685
2015.12.07;00:00:00;17831.5;17623.5;17809;17637.5;20083
2015.12.07;04:00:00;17850.5;17783.5;17819.5;17810.5;8375
2015.12.07;08:00:00;17776.5;17716.5;17723;17776.5;1752
2015.12.07;12:00:00;17735.5;17713.5;17729;17723.5;809
2015.12.07;16:00:00;17790;17702.5;17772;17729.5;8565
2015.12.07;20:00:00;17782.5;17661.5;17668.5;17771.5;8979
2015.12.08;00:00:00;17673.5;17547.5;17604;17667.5;20658
2015.12.08;04:00:00;17688.5;17567.5;17678.5;17604.5;10020
2015.12.08;08:00:00;17683;17599.5;17600.5;17670.5;1968
2015.12.08;12:00:00;17616.5;17583.5;17614;17599;1142
2015.12.08;16:00:00;17644.5;17547.5;17598;17612.5;9117
2015.12.08;20:00:00;17599;17417.5;17436.5;17597.5;12412
2015.12.09;00:00:00;17591.5;17393.5;17494.5;17436;21912
2015.12.09;04:00:00;17548;17448;17466.5;17493.5;10603
2015.12.09;08:00:00;17537;17455.5;17513;17467;2240
2015.12.09;12:00:00;17527.5;17492;17512.5;17514;1654
2015.12.09;16:00:00;17548.5;17416.5;17436;17512;11211
2015.12.09;20:00:00;17570.5;17399.5;17554.5;17436.5;12387
2015.12.10;00:00:00;17680.5;17311;17379.5;17554;28316
2015.12.10;04:00:00;17446;17344.5;17401.5;17380;12841
2015.12.10;08:00:00;17444.5;17398.5;17425;17407;1895
2015.12.10;12:00:00;17440.5;17415.5;17415.5;17424;1191
2015.12.10;16:00:00;17475;17400.5;17442.5;17415;7296
2015.12.10;20:00:00;17470.5;17373.5;17424;17443;13852
2015.12.11;00:00:00;17566.5;17398.5;17529.5;17422;23127
2015.12.11;04:00:00;17616.5;17472.5;17497.5;17530.5;9844
2015.12.11;08:00:00;17542;17491;17513.5;17498;1938
2015.12.11;12:00:00;17529;17503.5;17519.5;17513;1217
2015.12.11;16:00:00;17530.5;17350;17368;17520.5;5339
2015.12.11;20:00:00;17378;17204.5;17231;17367.5;11293
2015.12.14;00:00:00;17339;17178;17221;17230.5;18093
2015.12.14;04:00:00;17264;17139.5;17157.5;17220;8471
2015.12.14;08:00:00;17223;17164;17210.5;17172;2601
2015.12.14;12:00:00;17259;17205.5;17250.5;17211;1598
2015.12.14;16:00:00;17317;17231.5;17275.5;17252;6740
2015.12.14;20:00:00;17278;17091.5;17139;17275;8110
2015.12.15;00:00:00;17270.5;17049.5;17182.5;17140.5;9194
2015.12.15;04:00:00;17300.5;17147.5;17272.5;17184.5;5047
2015.12.15;08:00:00;17328;17273;17300;17286;1886
2015.12.15;12:00:00;17303;17254;17271.5;17301;1293
2015.12.15;16:00:00;17397.5;17257.5;17386;17271;4537
2015.12.15;20:00:00;17414.5;17320;17408;17387.5;3653
