DATE;TIME;HIGH;LOW;CLOSE;OPEN;VOLUME
2015.04.27;12:00:00;2108.8;2104.6;2107.1;2107.3;821
2015.04.27;16:00:00;2108.8;2102.8;2103.3;2106.8;851
2015.04.27;20:00:00;2112.8;2103.3;2108.3;2103.4;1411
2015.04.28;00:00:00;2112.6;2105.3;2110.1;2108.1;1261
2015.04.28;04:00:00;2114.3;2105.8;2112.1;2110.3;1521
2015.04.28;08:00:00;2112.8;2108.7;2112.1;2112.3;801
2015.04.28;12:00:00;2113;2111.1;2112.1;2113;291
2015.04.28;16:00:00;2112.6;2111.3;2112.1;2111.8;231
2015.04.28;20:00:00;2116.1;2108.3;2113.6;2111.8;1381
2015.04.29;00:00:00;2119.1;2113.3;2117.8;2113.3;711
2015.04.29;04:00:00;2119.3;2104.1;2107.1;2118.1;1941
2015.04.29;08:00:00;2108.3;2100.1;2103.1;2106.8;1271
2015.04.29;12:00:00;2104.8;2100.8;2101.8;2103.7;611
2015.04.29;16:00:00;2104.1;2101.8;2102.3;2102.1;441
2015.04.29;20:00:00;2103.3;2098.8;2099.6;2102.2;641
2015.04.30;00:00:00;2103.8;2095.1;2101.1;2099.7;1601
2015.04.30;04:00:00;2109.8;2087.9;2107.6;2100.9;3711
2015.04.30;08:00:00;2112.1;2104.3;2111.6;2107.3;1131
2015.04.30;12:00:00;2111.6;2109.8;2111.1;2110.3;281
2015.04.30;16:00:00;2110.8;2108.4;2108.8;2110.8;281
2015.04.30;20:00:00;2112.3;2107.8;2109.6;2108.6;801
2015.05.01;00:00:00;2110.3;2094.8;2102.9;2109.3;2461
2015.05.01;04:00:00;2104.1;2090.3;2100.1;2103.1;2461
2015.05.01;08:00:00;2107.3;2095.1;2098.1;2100.3;2221
2015.05.01;12:00:00;2101.6;2096.6;2097.8;2097.9;991
2015.05.01;16:00:00;2098.6;2095.8;2098.1;2097.6;511
2015.05.01;20:00:00;2099.8;2089.8;2092.6;2098.3;1431
2015.05.04;00:00:00;2098.6;2087.1;2087.1;2092.8;1731
2015.05.04;04:00:00;2096.1;2083.3;2086.6;2086.8;2541
2015.05.04;08:00:00;2088.3;2070.1;2082.1;2086.8;3171
2015.05.04;12:00:00;2083.6;2080.3;2082.3;2082.3;661
2015.05.04;16:00:00;2084.3;2081.8;2084.1;2082.1;301
2015.05.04;20:00:00;2086.6;2083.3;2084.6;2084.3;631
2015.05.05;00:00:00;2093.1;2084.1;2089.6;2084.3;1271
2015.05.05;04:00:00;2099.3;2087.1;2098.1;2089.1;1541
2015.05.05;08:00:00;2102.1;2096.6;2101.3;2098.3;801
2015.05.05;12:00:00;2102.1;2099.1;2099.8;2101.4;441
2015.05.05;16:00:00;2100.1;2098.8;2099.8;2099.6;241
2015.05.05;20:00:00;2106.6;2097.8;2105.1;2099.6;1211
2015.05.06;00:00:00;2114.2;2104.1;2113.6;2105.3;1191
2015.05.06;04:00:00;2114.6;2106.3;2109.8;2113.7;1271
2015.05.06;08:00:00;2112.1;2107.3;2109.1;2110.1;861
2015.05.06;12:00:00;2109.6;2107.8;2108.3;2108.8;311
2015.05.06;16:00:00;2108.6;2106.3;2106.8;2108.4;301
2015.05.06;20:00:00;2111.3;2104.1;2107.8;2106.6;1321
2015.05.07;00:00:00;2109.1;2100.3;2100.6;2107.6;1061
2015.05.07;04:00:00;2103.1;2085.8;2088.1;2100.8;2191
2015.05.07;08:00:00;2090.1;2081.3;2085.1;2087.8;1491
2015.05.07;12:00:00;2087.3;2085.1;2087.3;2085.6;271
2015.05.07;16:00:00;2092.1;2087.1;2087.8;2087.6;981
2015.05.07;20:00:00;2092.3;2081.1;2089.4;2087.9;2091
2015.05.08;00:00:00;2093.3;2073.8;2077.6;2089.6;2701
2015.05.08;04:00:00;2083.6;2066.6;2068.8;2077.3;2551
2015.05.08;08:00:00;2075.8;2061.1;2074.8;2068.6;2321
2015.05.08;12:00:00;2076.3;2071.4;2076.3;2074.9;841
2015.05.08;16:00:00;2077.1;2074.1;2074.6;2076.1;451
2015.05.08;20:00:00;2074.8;2056.8;2062.3;2074.4;2391
2015.05.11;00:00:00;2077.8;2058.6;2070.6;2062.6;3041
2015.05.11;04:00:00;2087.8;2069.1;2083.6;2070.3;2411
2015.05.11;08:00:00;2086.6;2080.3;2083.3;2083.8;1211
2015.05.11;12:00:00;2087.3;2083.8;2086.6;2084.8;521
2015.05.11;16:00:00;2087.1;2085.3;2086.4;2086.3;351
2015.05.11;20:00:00;2090.8;2085.2;2085.6;2086.3;1051
2015.05.12;00:00:00;2108.6;2085.1;2107.3;2085.7;2541
2015.05.12;04:00:00;2113.1;2106.8;2108.8;2107.6;1141
2015.05.12;08:00:00;2112.1;2107.3;2108.1;2108.6;911
2015.05.12;12:00:00;2110.1;2106.6;2107.3;2109.8;451
2015.05.12;16:00:00;2109.1;2106.8;2108.3;2107.1;341
2015.05.12;20:00:00;2108.8;2105.1;2105.6;2108.1;491
2015.05.13;00:00:00;2112.8;2105.3;2110.8;2105.3;951
2015.05.13;04:00:00;2113.1;2104.6;2105.6;2111.1;1151
2015.05.13;08:00:00;2106.6;2095.6;2096.6;2105.3;1331
2015.05.13;12:00:00;2098.6;2096.3;2097.3;2097.3;461
2015.05.13;16:00:00;2099.3;2095.9;2099.3;2097.1;461
2015.05.13;20:00:00;2100.6;2079.1;2083.1;2099.6;2651
2015.05.14;00:00:00;2090.6;2079.6;2084.3;2083.3;2101
2015.05.14;04:00:00;2098.8;2081.3;2094.8;2084.1;2431
2015.05.14;08:00:00;2100.3;2092.8;2095.3;2095.1;1481
2015.05.14;12:00:00;2101.3;2095.6;2099.6;2096.2;801
2015.05.14;16:00:00;2101.1;2098.6;2100.3;2099.3;401
2015.05.14;20:00:00;2105.3;2098.1;2102.3;2100.2;1231
2015.05.15;00:00:00;2106.1;2095.6;2102.1;2102.6;2051
2015.05.15;04:00:00;2103.8;2092.3;2097.6;2101.8;1881
2015.05.15;08:00:00;2097.8;2091.3;2096.1;2097.8;1131
2015.05.15;12:00:00;2098.1;2094.3;2095.1;2095.7;701
2015.05.15;16:00:00;2095.6;2094.1;2095.1;2095.3;281
2015.05.15;20:00:00;2105.1;2091.8;2102.6;2095.3;1931
2015.05.18;00:00:00;2108.8;2101.8;2104.8;2102.8;1201
2015.05.18;04:00:00;2116.1;2103.6;2114.8;2105.1;1531
2015.05.18;08:00:00;2117.8;2114.3;2117.3;2115.1;481
2015.05.18;12:00:00;2119.1;2116.1;2117.3;2116.8;551
2015.05.18;16:00:00;2117.7;2115.8;2117.1;2117.1;381
2015.05.18;20:00:00;2122.3;2116.1;2121.6;2116.8;761
2015.05.19;00:00:00;2122.3;2115.6;2116.8;2121.8;841
2015.05.19;04:00:00;2118.3;2112.8;2115.1;2116.3;981
2015.05.19;08:00:00;2120.1;2114.1;2119.8;2115.3;751
2015.05.19;12:00:00;2120.2;2115.3;2115.6;2119.1;631
2015.05.19;16:00:00;2118.1;2115.6;2117.1;2115.8;371
2015.05.19;20:00:00;2119.6;2112.1;2117.3;2117.3;1501
2015.05.20;00:00:00;2120.3;2112.8;2119.6;2117.1;1251
2015.05.20;04:00:00;2126.1;2116.8;2125.6;2119.8;1281
2015.05.20;08:00:00;2128.3;2124.6;2126.3;2125.8;691
2015.05.20;12:00:00;2127.6;2125.8;2127.6;2126.6;261
2015.05.20;16:00:00;2128.6;2127.3;2127.6;2127.3;231
2015.05.20;20:00:00;2133.6;2126.8;2131.6;2127.8;981
2015.05.21;00:00:00;2132.3;2122.1;2124.8;2132.1;1311
2015.05.21;04:00:00;2129.8;2122.8;2128.8;2125.1;1031
2015.05.21;08:00:00;2129.1;2121.1;2123.8;2129.1;1071
2015.05.21;12:00:00;2124.6;2121.8;2122.6;2123.6;461
2015.05.21;16:00:00;2125.3;2121.6;2124.6;2122.7;551
2015.05.21;20:00:00;2126.4;2121.6;2122.8;2124.8;761
2015.05.22;00:00:00;2126.3;2119.1;2120.1;2122.7;1181
2015.05.22;04:00:00;2125.8;2119.3;2122.6;2120.3;1071
2015.05.22;08:00:00;2131.8;2121.3;2121.3;2122.7;1961
2015.05.22;12:00:00;2120.1;2114.8;2116.9;2120.1;741
2015.05.22;16:00:00;2119.1;2116.3;2119.1;2116.8;331
2015.05.22;20:00:00;2119.6;2116.3;2117.6;2118.8;541
2015.05.25;00:00:00;2123.6;2117.1;2122.6;2117.8;821
2015.05.25;04:00:00;2130.3;2121.8;2126.1;2122.4;1331
2015.05.25;08:00:00;2131.3;2125.6;2128.3;2125.8;891
2015.05.25;12:00:00;2129.3;2126.8;2128.1;2128.9;421
2015.05.25;16:00:00;2130.6;2127.8;2130.3;2127.8;311
2015.05.25;20:00:00;2130.1;2126.6;2127.1;2130.1;401
2015.05.26;00:00:00;2129.3;2122.8;2126.1;2127.3;1181
2015.05.26;04:00:00;2129.6;2123.3;2127.3;2126.3;1161
2015.05.26;08:00:00;2128.6;2122.6;2124.3;2127.1;921
2015.05.26;12:00:00;2125.8;2123.3;2125.3;2124.4;411
2015.05.26;16:00:00;2126.6;2124.3;2124.6;2125.4;381
2015.05.26;20:00:00;2125.3;2118.3;2118.3;2124.8;751
2015.05.27;00:00:00;2122.3;2118.3;2122.1;2118.6;451
2015.05.27;04:00:00;2125.3;2122.3;2123.3;2122.3;501
2015.05.27;08:00:00;2123.2;2118.8;2119.6;2123.2;521
2015.05.27;12:00:00;2121.3;2119.3;2120.3;2119.3;301
2015.05.27;16:00:00;2124.1;2115.1;2116.3;2120.6;1371
2015.05.27;20:00:00;2122.1;2108.6;2109.6;2116.6;2001
2015.05.28;00:00:00;2110.6;2096.6;2097.3;2109.3;1601
2015.05.28;04:00:00;2105.6;2095.8;2105.1;2097.1;1161
2015.05.28;08:00:00;2105.6;2102.8;2103.1;2105.3;341
2015.05.28;12:00:00;2103.8;2101.6;2102.8;2102.9;431
2015.05.28;16:00:00;2107.1;2101.1;2106.3;2102.9;861
2015.05.28;20:00:00;2115.3;2102.3;2112.3;2106.6;2031
2015.05.29;00:00:00;2118.8;2109.8;2118.8;2112.6;1181
2015.05.29;04:00:00;2123.8;2118.8;2119.6;2119.1;951
2015.05.29;08:00:00;2121.3;2119.6;2120.3;2119.7;281
2015.05.29;12:00:00;2120.8;2117.8;2118.3;2120.2;411
2015.05.29;16:00:00;2119.3;2115.1;2118.8;2118.1;771
2015.05.29;20:00:00;2119.8;2112.3;2112.6;2118.6;901
2015.06.01;00:00:00;2117.3;2110.3;2114.8;2112.8;1201
2015.06.01;04:00:00;2122.3;2113.8;2122.1;2115.1;1001
2015.06.01;08:00:00;2122.3;2120.3;2120.6;2121.3;331
2015.06.01;12:00:00;2121.6;2119.6;2119.6;2120.3;331
2015.06.01;16:00:00;2120.1;2111.8;2115.6;2119.3;1291
2015.06.01;20:00:00;2121.3;2112.3;2114.6;2115.3;1731
2015.06.02;00:00:00;2115.6;2102.1;2111.6;2114.8;2381
2015.06.02;04:00:00;2111.8;2102.8;2107.1;2111.8;1331
2015.06.02;08:00:00;2109.3;2105.1;2108.6;2106.6;641
2015.06.02;12:00:00;2111.8;2108.3;2111.6;2108.8;421
2015.06.02;16:00:00;2113.6;2103.8;2105.1;2111.7;1301
2015.06.02;20:00:00;2115.3;2103.3;2106.8;2104.8;2201
2015.06.03;00:00:00;2114.8;2100.1;2114.3;2106.7;2181
2015.06.03;04:00:00;2117.3;2108.3;2110.6;2114.6;1401
2015.06.03;08:00:00;2112.4;2110.1;2112.1;2110.8;331
2015.06.03;12:00:00;2111.8;2108.1;2108.8;2111.8;441
2015.06.03;16:00:00;2111.8;2094.3;2098.8;2109.1;2471
2015.06.03;20:00:00;2109.3;2096.3;2101.3;2098.6;2331
2015.06.04;00:00:00;2115.6;2099.1;2115.1;2101.1;1901
2015.06.04;04:00:00;2115.3;2105.6;2106.6;2114.9;1111
2015.06.04;08:00:00;2108.2;2106.6;2107.1;2106.7;281
2015.06.04;12:00:00;2108.6;2106.6;2107.8;2106.8;301
2015.06.04;16:00:00;2112.3;2106.8;2109.6;2108.1;951
2015.06.04;20:00:00;2119.6;2107.1;2113.1;2109.8;2171
2015.06.05;00:00:00;2120.3;2108.6;2112.6;2112.6;2341
2015.06.05;04:00:00;2116.3;2111.1;2115.6;2112.8;761
2015.06.05;08:00:00;2115.8;2113.1;2114.3;2115.8;391
2015.06.05;12:00:00;2114.8;2109.2;2111.6;2114.2;861
2015.06.05;16:00:00;2113.1;2099.6;2102.8;2111.4;1841
2015.06.05;20:00:00;2108.3;2099.6;2107.1;2102.6;1291
2015.06.08;00:00:00;2111.3;2091.1;2092.6;2107.3;2571
2015.06.08;04:00:00;2098.8;2091.1;2098.6;2092.3;911
2015.06.08;08:00:00;2099.3;2097.1;2097.8;2098.4;381
2015.06.08;12:00:00;2098.1;2096.8;2097.1;2097.7;201
2015.06.08;16:00:00;2102.3;2096.3;2096.6;2096.8;1181
2015.06.08;20:00:00;2097.1;2083.3;2090.3;2096.8;2111
2015.06.09;00:00:00;2099.3;2088.1;2092.1;2090.1;2041
2015.06.09;04:00:00;2095.1;2089.1;2091.6;2092.3;1131
2015.06.09;08:00:00;2092.8;2086.7;2088.8;2091.1;991
2015.06.09;12:00:00;2091.3;2087.3;2091.3;2088.6;531
2015.06.09;16:00:00;2093.1;2088.3;2090.3;2091.6;831
2015.06.09;20:00:00;2091.8;2085.1;2086.6;2090.1;991
2015.06.10;00:00:00;2088.3;2077.6;2080.1;2086.3;1521
2015.06.10;04:00:00;2085.8;2076.1;2079.6;2080.3;1871
2015.06.10;08:00:00;2082.3;2079.2;2080.8;2079.8;521
2015.06.10;12:00:00;2080.6;2078.1;2078.8;2080.6;321
2015.06.10;16:00:00;2081.6;2068.6;2069.3;2079.1;1621
2015.06.10;20:00:00;2081.3;2068.8;2073.1;2069.4;2131
2015.06.11;00:00:00;2084.3;2070.3;2080.3;2072.8;2051
2015.06.11;04:00:00;2083.6;2076.1;2080.6;2080.1;1451
2015.06.11;08:00:00;2083.6;2079.8;2083.1;2080.8;531
2015.06.11;12:00:00;2084.3;2080.8;2082.6;2082.8;681
2015.06.11;16:00:00;2088.6;2080.1;2087.8;2082.3;1151
2015.06.11;20:00:00;2094.3;2084.8;2092.3;2087.6;1431
2015.06.12;00:00:00;2107.3;2092.6;2104.3;2092.6;1771
2015.06.12;04:00:00;2107.3;2102.8;2106.3;2104.6;731
2015.06.12;08:00:00;2105.8;2103.3;2104.1;2105.7;341
2015.06.12;12:00:00;2104.8;2103.1;2104.6;2103.8;261
2015.06.12;16:00:00;2107.3;2103.1;2104.6;2104.3;811
2015.06.12;20:00:00;2113.3;2104.3;2112.8;2104.8;1001
2015.06.15;00:00:00;2114.3;2105.6;2111.1;2112.6;1591
2015.06.15;04:00:00;2111.6;2106.3;2109.6;2110.8;941
2015.06.15;08:00:00;2108.8;2104.1;2105.3;2108.6;611
2015.06.15;12:00:00;2105.6;2103.8;2104.8;2105.6;281
2015.06.15;16:00:00;2108.1;2102.3;2106.3;2105.1;1041
2015.06.15;20:00:00;2108.3;2094.8;2097.1;2106.6;1751
2015.06.16;00:00:00;2100.6;2090.1;2094.8;2097.3;1851
2015.06.16;04:00:00;2095.1;2090.3;2093.1;2095.1;761
2015.06.16;08:00:00;2086.6;2080.1;2085.3;2086.6;1171
2015.06.16;12:00:00;2086.6;2082.1;2086.1;2085.1;801
2015.06.16;16:00:00;2089.3;2083.2;2084.3;2086.3;1021
2015.06.16;20:00:00;2087.8;2071.3;2074.3;2084.6;2271
2015.06.17;00:00:00;2087.6;2073.4;2083.1;2074.1;1941
2015.06.17;04:00:00;2086.3;2080.6;2083.6;2083.3;1111
2015.06.17;08:00:00;2075.3;2072.3;2072.8;2074.9;391
2015.06.17;12:00:00;2073.1;2071.3;2072.1;2072.9;281
2015.06.17;16:00:00;2072.3;2061.6;2064.1;2072.3;1321
2015.06.17;20:00:00;2081.8;2063.3;2078.8;2064.3;2251
2015.06.18;00:00:00;2087.1;2073.6;2086.1;2078.6;1951
2015.06.18;04:00:00;2089.6;2086.3;2089.1;2086.3;381
2015.06.18;08:00:00;2090.2;2088.6;2088.8;2089.3;271
2015.06.18;12:00:00;2092.1;2088.6;2090.8;2088.9;511
2015.06.18;16:00:00;2096.1;2090.3;2094.6;2090.7;771
2015.06.18;20:00:00;2094.8;2089.1;2092.1;2094.3;921
2015.06.19;00:00:00;2093.3;2079.8;2084.1;2092.3;1881
2015.06.19;04:00:00;2098.3;2079.1;2087.8;2082.3;3291
2015.06.19;08:00:00;2089.3;2084.8;2085.8;2088.6;621
2015.06.19;12:00:00;2086.3;2082.1;2082.3;2085.7;501
2015.06.19;16:00:00;2093.1;2082.6;2091.3;2082.6;1231
2015.06.19;20:00:00;2105.3;2090.6;2103.8;2091.4;1701
2015.06.22;00:00:00;2118.6;2103.8;2111.1;2104.1;2261
2015.06.22;04:00:00;2116.6;2110.6;2114.1;2110.8;871
2015.06.22;08:00:00;2114.6;2110.6;2112.6;2114.6;601
2015.06.22;12:00:00;2113.6;2111.8;2112.8;2112.3;311
2015.06.22;16:00:00;2117.3;2111.3;2115.8;2112.6;881
2015.06.22;20:00:00;2117.3;2106.8;2109.3;2115.6;1471
2015.06.23;00:00:00;2111.1;2105.1;2107.6;2109.1;1051
2015.06.23;04:00:00;2107.6;2097.1;2100.1;2107.3;1381
2015.06.23;08:00:00;2108.1;2103.3;2106.8;2105.1;791
2015.06.23;12:00:00;2107.9;2105.8;2107.6;2106.9;351
2015.06.23;16:00:00;2117.6;2107.1;2115.1;2107.8;1371
2015.06.23;20:00:00;2117.1;2110.3;2116.3;2114.8;1211
2015.06.24;00:00:00;2121.6;2112.1;2114.8;2116.4;1741
2015.06.24;04:00:00;2117.1;2111.1;2114.6;2115.1;1151
2015.06.24;08:00:00;2117.1;2114.1;2116.6;2114.3;371
2015.06.24;12:00:00;2119.3;2116.1;2119.3;2116.7;381
2015.06.24;16:00:00;2120.1;2114.8;2115.6;2119.1;711
2015.06.24;20:00:00;2118.8;2113.8;2117.8;2115.8;801
2015.06.25;00:00:00;2119.8;2111.1;2114.3;2118.1;1361
2015.06.25;04:00:00;2117.8;2113.8;2116.6;2114.1;551
2015.06.25;08:00:00;2118.1;2115.3;2115.6;2117.2;401
2015.06.25;12:00:00;2116.1;2114.3;2114.3;2115.4;251
2015.06.25;16:00:00;2117.1;2108.3;2108.3;2114.6;1131
2015.06.25;20:00:00;2114.6;2108.6;2112.8;2108.6;781
2015.06.26;00:00:00;2117.1;2101.3;2103.6;2112.6;2261
2015.06.26;04:00:00;2105.1;2098.8;2100.3;2103.3;961
2015.06.26;08:00:00;2104.1;2100.8;2102.8;2100.9;471
2015.06.26;12:00:00;2104.1;2102.1;2103.6;2102.9;331
2015.06.26;16:00:00;2112.3;2101.8;2107.1;2103.3;1721
2015.06.26;20:00:00;2111.8;2098.1;2102.8;2107.3;2291
2015.06.29;00:00:00;2107.3;2099.8;2100.8;2102.6;1321
2015.06.29;04:00:00;2100.6;2091.8;2093.3;2100.6;1031
2015.06.29;08:00:00;2094.7;2090.3;2091.3;2094.6;551
2015.06.29;12:00:00;2093.6;2090.3;2092.8;2091.4;521
2015.06.29;16:00:00;2094.8;2090.3;2091.6;2093.1;751
2015.06.29;20:00:00;2099.3;2091.1;2098.1;2091.8;1011
2015.06.30;00:00:00;2100.3;2086.1;2091.1;2098.3;2121
2015.06.30;04:00:00;2096.3;2089.1;2095.8;2091.3;991
2015.06.30;08:00:00;2067.8;2054.3;2067.3;2063.6;2331
2015.06.30;12:00:00;2070.6;2061.6;2066.3;2067.1;1721
2015.06.30;16:00:00;2078.6;2064.3;2073.3;2066.6;2191
2015.06.30;20:00:00;2082.7;2068.6;2077.2;2073.1;2411
2015.07.01;00:00:00;2081.6;2061.1;2062.6;2077.3;2631
2015.07.01;04:00:00;2062.8;2047.1;2052.8;2062.8;2141
2015.07.01;08:00:00;2055.6;2051.3;2055.3;2053.8;711
2015.07.01;12:00:00;2055.8;2050.6;2055.1;2055.1;1041
2015.07.01;16:00:00;2067.8;2052.8;2064.1;2054.8;2071
2015.07.01;20:00:00;2068.1;2055.6;2055.6;2063.6;1701
2015.07.02;00:00:00;2061.1;2046.6;2058.6;2055.4;2581
2015.07.02;04:00:00;2065.6;2049.8;2056.6;2058.3;2991
2015.07.02;08:00:00;2061.9;2053.7;2060.6;2054.5;1031
2015.07.02;12:00:00;2063.3;2060.1;2062.8;2060.8;441
2015.07.02;16:00:00;2077.1;2061.6;2071.1;2062.9;2281
2015.07.02;20:00:00;2073.3;2067.6;2071.8;2070.8;1041
2015.07.03;00:00:00;2074.1;2060.6;2062.3;2072.1;1721
2015.07.03;04:00:00;2071.6;2059.3;2071.3;2062.6;1591
2015.07.03;08:00:00;2071.3;2067.6;2068.1;2071.1;441
2015.07.03;12:00:00;2070.3;2067.6;2069.1;2067.9;421
2015.07.03;16:00:00;2075.8;2069.1;2073.6;2069.3;911
2015.07.03;20:00:00;2078.6;2072.1;2072.6;2073.3;1231
2015.07.06;00:00:00;2074.1;2062.3;2063.3;2072.8;1411
2015.07.06;04:00:00;2070.1;2062.1;2068.6;2063.4;1081
2015.07.06;08:00:00;2069.1;2066.8;2067.3;2068.3;361
2015.07.06;12:00:00;2071.6;2066.8;2070.1;2067.1;661
2015.07.06;16:00:00;2070.8;2065.3;2067.8;2069.8;901
2015.07.06;20:00:00;2068.8;2063.3;2064.8;2068.1;771
2015.07.07;00:00:00;2067.6;2063.1;2064.8;2065.1;871
2015.07.07;04:00:00;2045.6;2034.4;2043.6;2036.8;1561
2015.07.07;08:00:00;2049.3;2040.1;2045.3;2043.8;1691
2015.07.07;12:00:00;2058.8;2045.1;2057.6;2045.1;1491
2015.07.07;16:00:00;2059.3;2048.3;2057.4;2057.8;2161
2015.07.07;20:00:00;2070.1;2053.3;2054.3;2057.3;3061
2015.07.08;00:00:00;2066.9;2050.6;2066.8;2054.1;1991
2015.07.08;04:00:00;2072.3;2066.6;2069.6;2067.8;961
2015.07.08;08:00:00;2076.6;2068.8;2073.6;2069.8;1181
2015.07.08;12:00:00;2077.6;2072.3;2073.6;2073.3;1031
2015.07.08;16:00:00;2073.8;2052.3;2053.3;2073.8;2251
2015.07.08;20:00:00;2062.7;2034.8;2058.8;2053.1;5011
2015.07.09;00:00:00;2075.8;2053.6;2073.1;2058.6;2991
2015.07.09;04:00:00;2072.7;2058.6;2061.1;2072.6;1671
2015.07.09;08:00:00;2063.6;2055.6;2057.3;2060.8;1251
2015.07.09;12:00:00;2057.8;2042.1;2052.6;2057.1;2691
2015.07.09;16:00:00;2063.3;2051.1;2053.6;2052.8;2361
2015.07.09;20:00:00;2057.6;2043.1;2050.8;2053.3;2651
2015.07.10;00:00:00;2051.3;2036.1;2038.6;2050.9;1811
2015.07.10;04:00:00;2048.8;2039.3;2048.3;2039.8;1051
2015.07.10;08:00:00;2053.3;2047.3;2053.3;2048.6;731
2015.07.10;12:00:00;2058.8;2049.1;2057.8;2053.6;1521
2015.07.10;16:00:00;2067.6;2057.3;2062.3;2058.1;1641
2015.07.10;20:00:00;2063.6;2047.8;2051.1;2062.1;2061
2015.07.13;00:00:00;2052.3;2038.1;2041.6;2050.8;1921
2015.07.13;04:00:00;2061.3;2044.6;2059.6;2044.6;1841
2015.07.13;08:00:00;2065.3;2058.3;2063.1;2059.8;1071
2015.07.13;12:00:00;2066.1;2058.8;2062.3;2063.3;1361
2015.07.13;16:00:00;2069.6;2062.3;2063.3;2062.6;1391
2015.07.13;20:00:00;2072.1;2059.3;2067.1;2063.6;2211
2015.07.14;00:00:00;2074.3;2066.6;2069.6;2066.8;1261
2015.07.14;04:00:00;2063.4;2052.7;2060.3;2054.5;1561
2015.07.14;08:00:00;2069.3;2060.1;2064.8;2060.6;1421
2015.07.14;12:00:00;2087.1;2061.3;2084.3;2064.6;3191
2015.07.14;16:00:00;2090.1;2080.6;2087.6;2084.1;1551
2015.07.14;20:00:00;2090.8;2085.8;2087.3;2087.8;951
2015.07.15;00:00:00;2094.3;2087.3;2093.6;2087.6;801
2015.07.15;04:00:00;2094.1;2092.6;2093.3;2093.7;261
2015.07.15;08:00:00;2093.8;2092.6;2093.3;2093.6;211
2015.07.15;12:00:00;2094.8;2091.3;2092.6;2094.1;551
2015.07.15;16:00:00;2097.1;2090.3;2096.3;2092.8;1011
2015.07.15;20:00:00;2102.3;2095.1;2101.1;2096.1;941
2015.07.16;00:00:00;2105.1;2100.6;2102.6;2100.8;721
2015.07.16;04:00:00;2104.3;2099.1;2103.6;2102.1;891
2015.07.16;08:00:00;2107.1;2102.3;2103.6;2104.1;911
2015.07.16;12:00:00;2105.1;2101.8;2103.1;2103.4;631
2015.07.16;16:00:00;2104.3;2099.6;2102.8;2103.3;891
2015.07.16;20:00:00;2107.3;2101.6;2103.6;2103.1;1091
2015.07.17;00:00:00;2104.6;2094.8;2104.1;2103.8;1931
2015.07.17;04:00:00;2108.3;2102.6;2107.6;2103.8;761
2015.07.17;08:00:00;2112.1;2107.6;2111.1;2107.8;571
2015.07.17;12:00:00;2113.1;2109.1;2110.8;2110.8;801
2015.07.17;16:00:00;2115.1;2110.1;2113.3;2111.1;781
2015.07.17;20:00:00;2116.1;2110.6;2113.1;2113.2;1091
2015.07.20;00:00:00;2118.1;2112.8;2116.3;2112.8;711
2015.07.20;04:00:00;2117.8;2115.8;2116.8;2116.6;381
2015.07.20;08:00:00;2117.1;2114.8;2116.3;2117.1;381
2015.07.20;12:00:00;2117.8;2114.8;2115.7;2116.1;561
2015.07.20;16:00:00;2118.8;2113.6;2115.1;2115.8;971
2015.07.20;20:00:00;2116.3;2112.6;2114.3;2114.9;681
2015.07.21;00:00:00;2119.6;2114.1;2118.8;2114.1;631
2015.07.21;04:00:00;2119.8;2117.6;2119.1;2117.7;301
2015.07.21;08:00:00;2119.6;2118.6;2119.3;2119.3;201
2015.07.21;12:00:00;2122.3;2119.1;2121.3;2119.1;421
2015.07.21;16:00:00;2122.3;2116.8;2117.8;2121.6;721
2015.07.21;20:00:00;2124.6;2116.3;2122.3;2118.1;1241
2015.07.22;00:00:00;2125.8;2119.1;2121.3;2122.6;1211
2015.07.22;04:00:00;2121.1;2119.6;2120.6;2120.8;281
2015.07.22;08:00:00;2124.3;2120.1;2123.8;2120.3;491
2015.07.22;12:00:00;2124.6;2120.3;2121.1;2123.6;611
2015.07.22;16:00:00;2122.3;2117.3;2120.8;2121.3;951
2015.07.22;20:00:00;2121.3;2108.6;2110.1;2121;1451
2015.07.23;00:00:00;2115.1;2106.8;2107.8;2109.8;1461
2015.07.23;04:00:00;2108.6;2105.3;2105.8;2107.4;501
2015.07.23;08:00:00;2106.3;2105.3;2105.3;2105.6;171
2015.07.23;12:00:00;2107.6;2104.3;2105.8;2105.6;641
2015.07.23;16:00:00;2110.3;2102.1;2110.1;2106.1;1241
2015.07.23;20:00:00;2111.6;2103.6;2106.3;2110.2;1211
2015.07.24;00:00:00;2110.1;2102.8;2110.1;2106.1;1061
2015.07.24;04:00:00;2113.1;2108.8;2112.3;2109.1;541
2015.07.24;08:00:00;2112.8;2111.3;2112.3;2112.4;291
2015.07.24;12:00:00;2113.3;2109.1;2111.3;2112.6;711
2015.07.24;16:00:00;2112.1;2104.1;2105.3;2111.6;971
2015.07.24;20:00:00;2109.8;2095.1;2100.6;2105.1;2491
2015.07.27;00:00:00;2100.8;2091.1;2100.8;2100.8;1941
2015.07.27;04:00:00;2101.3;2098.3;2098.6;2101.1;351
2015.07.27;08:00:00;2099.6;2097.1;2099.4;2098.7;431
2015.07.27;12:00:00;2103.6;2097.6;2103.1;2099.3;821
2015.07.27;16:00:00;2103.3;2091.1;2094.8;2102.8;1641
2015.07.27;20:00:00;2095.1;2073.3;2076.8;2094.6;2581
2015.07.28;00:00:00;2078.8;2069.6;2078.6;2077.1;1691
2015.07.28;04:00:00;2080.3;2075.6;2079.6;2077.9;771
2015.07.28;08:00:00;2079.6;2076.1;2078.2;2079.3;591
2015.07.28;12:00:00;2080.1;2070.6;2071.3;2078.1;1221
2015.07.28;16:00:00;2071.7;2056.3;2062.6;2071.4;2201
2015.07.28;20:00:00;2069.1;2057.6;2061.8;2062.3;2251
2015.07.29;00:00:00;2064.8;2056.3;2064.1;2061.6;1451
2015.07.29;04:00:00;2066.8;2062.6;2063.8;2065.6;661
2015.07.29;08:00:00;2076.1;2064.1;2072.3;2064.1;1581
2015.07.29;12:00:00;2077.6;2070.8;2077.1;2072.1;861
2015.07.29;16:00:00;2077.6;2062.8;2068.8;2076.8;2161
2015.07.29;20:00:00;2085.6;2061.3;2085.3;2068.1;3141
2015.07.30;00:00:00;2088.6;2084.6;2088.1;2085.1;501
2015.07.30;04:00:00;2088.8;2086.1;2086.3;2087.3;441
2015.07.30;08:00:00;2086.8;2084.1;2085.6;2086.6;441
2015.07.30;12:00:00;2092.8;2085.1;2092.1;2085.3;861
2015.07.30;16:00:00;2093.3;2086.3;2089.8;2091.8;1201
2015.07.30;20:00:00;2098.3;2087.8;2095.3;2089.6;1531
2015.07.31;00:00:00;2103.8;2091.3;2099.8;2095.2;2041
2015.07.31;04:00:00;2099.1;2097.3;2098.1;2099.1;261
2015.07.31;08:00:00;2099.8;2096.8;2099.3;2098.2;491
2015.07.31;12:00:00;2100.9;2095.3;2100.6;2099.4;1001
2015.07.31;16:00:00;2103.1;2087.6;2089.1;2100.8;1931
2015.07.31;20:00:00;2102.3;2087.8;2099.6;2088.8;1821
2015.08.03;00:00:00;2103.8;2098.8;2103.1;2099.8;671
2015.08.03;04:00:00;2102.3;2100.8;2102.1;2101.6;251
2015.08.03;08:00:00;2103.3;2101.3;2103.3;2102.3;301
2015.08.03;12:00:00;2106.1;2100.1;2100.6;2103.6;901
2015.08.03;16:00:00;2108.8;2097.3;2099.6;2100.8;2181
2015.08.03;20:00:00;2107.3;2099.1;2100.1;2099.3;1561
2015.08.04;00:00:00;2101.8;2095.1;2100.1;2100.3;1321
2015.08.04;04:00:00;2100.6;2095.3;2096.8;2098.6;881
2015.08.04;08:00:00;2097.8;2095.3;2095.6;2097.1;351
2015.08.04;12:00:00;2101.9;2092.8;2095.6;2095.3;1791
2015.08.04;16:00:00;2099.6;2091.1;2096.1;2095.8;1671
2015.08.04;20:00:00;2097.6;2079.8;2083.6;2096.3;2291
2015.08.05;00:00:00;2091.3;2080.3;2091.1;2083.3;1421
2015.08.05;04:00:00;2090.6;2086.6;2089.3;2090.2;711
2015.08.05;08:00:00;2091.3;2088.6;2091.1;2089.1;341
2015.08.05;12:00:00;2093.1;2084.6;2089.3;2090.9;1541
2015.08.05;16:00:00;2093.6;2084.1;2091.7;2089.6;1691
2015.08.05;20:00:00;2095.8;2083.8;2084.6;2091.6;1701
2015.08.06;00:00:00;2089.3;2081.3;2083.6;2084.3;1531
2015.08.06;04:00:00;2085.3;2082.1;2085.1;2082.3;361
2015.08.06;08:00:00;2087.3;2085.1;2085.6;2085.3;411
2015.08.06;12:00:00;2090.3;2085.3;2090.3;2085.8;551
2015.08.06;16:00:00;2104.3;2090.6;2102.4;2090.6;1561
2015.08.06;20:00:00;2106.6;2090.6;2092.8;2102.7;2211
2015.08.07;00:00:00;2098.3;2091.8;2094.1;2092.6;1151
2015.08.07;04:00:00;2094.3;2091.3;2092.1;2093.8;431
2015.08.07;08:00:00;2092.6;2090.8;2091.6;2092.2;301
2015.08.07;12:00:00;2095.8;2091.3;2092.8;2091.8;801
2015.08.07;16:00:00;2098.8;2085.8;2086.8;2093.1;1971
2015.08.07;20:00:00;2089.6;2069.8;2075.3;2086.6;2831
2015.08.10;00:00:00;2080.3;2074.1;2079.6;2075.1;791
2015.08.10;04:00:00;2080.3;2078.3;2079.8;2079.8;401
2015.08.10;08:00:00;2082.1;2079.8;2080.6;2080.1;411
2015.08.10;12:00:00;2081.1;2075.1;2075.8;2080.3;751
2015.08.10;16:00:00;2082.3;2070.1;2075.3;2076.1;2361
2015.08.10;20:00:00;2075.1;2061.8;2064.6;2075.1;1611
2015.08.11;00:00:00;2073.6;2062.8;2072.8;2064.3;1311
2015.08.11;04:00:00;2077.8;2071.6;2076.6;2071.9;771
2015.08.11;08:00:00;2080.1;2075.8;2079.6;2076.3;531
2015.08.11;12:00:00;2080.3;2073.8;2077.8;2079.4;1141
2015.08.11;16:00:00;2094.3;2076.8;2092.1;2077.6;2051
2015.08.11;20:00:00;2098.1;2091.1;2098.1;2092.3;821
2015.08.12;00:00:00;2100.8;2096.6;2100.3;2098.3;641
2015.08.12;04:00:00;2101.3;2097.8;2098.1;2100.1;501
2015.08.12;08:00:00;2098.1;2088.1;2090.1;2097.8;1231
2015.08.12;12:00:00;2094.3;2085.3;2086.3;2090.3;1401
2015.08.12;16:00:00;2091.8;2080.1;2083.1;2086.1;2041
2015.08.12;20:00:00;2087.8;2070.6;2071.8;2082.9;2331
2015.08.13;00:00:00;2081.6;2071.1;2080.3;2072.1;1281
2015.08.13;04:00:00;2084.8;2065.1;2068.8;2080.6;2761
2015.08.13;08:00:00;2070.1;2064.8;2067.1;2068.6;911
2015.08.13;12:00:00;2068.3;2053.6;2055.3;2067.2;1751
2015.08.13;16:00:00;2067.1;2055.2;2058.8;2055.2;2021
2015.08.13;20:00:00;2074.1;2046.6;2072.3;2058.6;4131
2015.08.14;00:00:00;2084.6;2067.6;2083.3;2072.1;2281
2015.08.14;04:00:00;2085.6;2075.8;2083.8;2082.6;1841
2015.08.14;08:00:00;2089.1;2082.1;2088.3;2084.1;981
2015.08.14;12:00:00;2092.6;2083.6;2087.1;2088.2;1691
2015.08.14;16:00:00;2090.8;2074.1;2076.8;2086.8;2341
2015.08.14;20:00:00;2088.6;2073.3;2085.1;2076.6;2211
2015.08.17;00:00:00;2088.3;2077.1;2080.6;2084.8;1821
2015.08.17;04:00:00;2081.8;2077.8;2078.8;2079.3;751
2015.08.17;08:00:00;2082.1;2078.6;2079.8;2079.1;631
2015.08.17;12:00:00;2084.8;2074.3;2075.6;2080.1;1651
2015.08.17;16:00:00;2083.8;2073.3;2082.6;2075.3;1371
2015.08.17;20:00:00;2085.3;2075.8;2083.3;2082.7;1841
2015.08.18;00:00:00;2090.1;2082.3;2089.6;2083.1;911
2015.08.18;04:00:00;2091.6;2088.3;2088.3;2089.1;581
2015.08.18;08:00:00;2089.6;2085.1;2089.1;2088.6;851
2015.08.18;12:00:00;2094.1;2084.3;2089.1;2088.8;1931
2015.08.18;16:00:00;2089.3;2074.3;2076.8;2089.3;1751
2015.08.18;20:00:00;2097.3;2075.6;2095.8;2076.6;2421
2015.08.19;00:00:00;2100.1;2094.8;2098.3;2096.1;841
2015.08.19;04:00:00;2103.1;2097.8;2102.1;2098.2;671
2015.08.19;08:00:00;2102.3;2098.3;2098.8;2102.3;451
2015.08.19;12:00:00;2099.8;2093.1;2093.8;2098.6;861
2015.08.19;16:00:00;2097.3;2092.1;2095.1;2093.6;891
2015.08.19;20:00:00;2099.8;2090.1;2092.1;2095.3;1621
2015.08.20;00:00:00;2094.6;2090.3;2092.8;2091.8;761
2015.08.20;04:00:00;2097.6;2092.8;2094.8;2093.1;791
2015.08.20;08:00:00;2095.6;2088.3;2088.3;2094.9;801
2015.08.20;12:00:00;2092.1;2083.7;2087.3;2088.1;1601
2015.08.20;16:00:00;2090.6;2074.6;2075.6;2087.6;2001
2015.08.20;20:00:00;2081.6;2066.3;2076.8;2075.8;2961
2015.08.21;00:00:00;2093.1;2070.6;2072.8;2076.6;4121
2015.08.21;04:00:00;2075.6;2072.3;2074.1;2072.7;521
2015.08.21;08:00:00;2077.3;2072.1;2072.6;2074.3;871
2015.08.21;12:00:00;2073.1;2053.6;2059.8;2072.8;2601
2015.08.21;16:00:00;2064.6;2055.1;2055.9;2060.1;1481
2015.08.21;20:00:00;2057.6;2042.6;2050.1;2056.2;2391
2015.08.24;00:00:00;2050.1;2024.3;2025.6;2049.8;2741
2015.08.24;04:00:00;2028.6;2015.3;2015.6;2025.8;1641
2015.08.24;08:00:00;2019.1;2008.6;2014.8;2015.4;2041
2015.08.24;12:00:00;2028.3;2014.3;2023.1;2015.1;2001
2015.08.24;16:00:00;2024.6;2007.6;2015.1;2022.8;2631
2015.08.24;20:00:00;2021.8;1986.3;1999.3;2014.8;5551
2015.08.25;00:00:00;2001.8;1967.8;1968.8;1999.1;3771
2015.08.25;04:00:00;1964.3;1950.3;1954.3;1964.2;1811
2015.08.25;08:00:00;1954.9;1910.8;1922.1;1954.6;5571
2015.08.25;12:00:00;1942.3;1919.1;1934.1;1922.6;3491
2015.08.25;16:00:00;1936.1;1830.4;1889.4;1933.8;16701
2015.08.25;20:00:00;1950.3;1882.8;1917.6;1889.6;10701
2015.08.26;00:00:00;1921.8;1867.3;1873.8;1917.8;6501
2015.08.26;04:00:00;1911.1;1872;1906.9;1872;4331
2015.08.26;08:00:00;1920.1;1885.6;1892.4;1907.1;5431
2015.08.26;12:00:00;1936.3;1887.6;1930.8;1892.6;5921
2015.08.26;16:00:00;1948.1;1921.1;1930.7;1931.1;5361
2015.08.26;20:00:00;1944.6;1909.8;1917.6;1930.4;5681
2015.08.27;00:00:00;1926.1;1860.8;1869.1;1917.3;8241
2015.08.27;04:00:00;1878.8;1850.3;1873.3;1875.7;5461
2015.08.27;08:00:00;1903.6;1861.3;1898.3;1873.1;5941
2015.08.27;12:00:00;1908.6;1879.3;1896.3;1898.4;5651
2015.08.27;16:00:00;1922.8;1892.1;1901.3;1896.1;5621
2015.08.27;20:00:00;1908.3;1875.3;1904.6;1901.1;6251
2015.08.28;00:00:00;1942.6;1892.3;1936.6;1904.8;6881
2015.08.28;04:00:00;1949.3;1936.8;1948.6;1941.1;1751
2015.08.28;08:00:00;1949.1;1937.1;1938.1;1948.7;1341
2015.08.28;12:00:00;1964.1;1934.3;1959.3;1937.9;3821
2015.08.28;16:00:00;1968.8;1950.1;1960.1;1959.6;3691
2015.08.28;20:00:00;1986.3;1956.1;1984.1;1960.2;3651
2015.08.31;00:00:00;1989.8;1944.1;1988.6;1983.8;8661
2015.08.31;04:00:00;1992.3;1982.1;1982.3;1987.9;1481
2015.08.31;08:00:00;1986.6;1977.3;1980.3;1982.6;1631
2015.08.31;12:00:00;1983.9;1967.1;1975.1;1980.1;2861
2015.08.31;16:00:00;1984.3;1967.1;1983.1;1974.8;2611
2015.08.31;20:00:00;1990.6;1971.3;1977.1;1983.2;3251
2015.09.01;00:00:00;1989.8;1971.8;1985.6;1976.8;2721
2015.09.01;04:00:00;1986.8;1959.1;1970.6;1986.1;3991
2015.09.01;08:00:00;1972.1;1961.1;1970.8;1970.8;2201
2015.09.01;12:00:00;1976.8;1965.1;1971.3;1970.6;2271
2015.09.01;16:00:00;1977.3;1966.3;1966.3;1971.6;1671
2015.09.01;20:00:00;1983.1;1962.1;1973.3;1966.8;3551
2015.09.02;00:00:00;1975.8;1962.3;1965.1;1973.6;1851
2015.09.02;04:00:00;1965.9;1933.6;1935.1;1965.2;3451
2015.09.02;08:00:00;1941.2;1930.8;1933.7;1934.3;2021
2015.09.02;12:00:00;1942.8;1919.4;1924.8;1933.8;3781
2015.09.02;16:00:00;1939.1;1914.1;1930.6;1925.1;4451
2015.09.02;20:00:00;1937.8;1914.1;1923.6;1930.4;4061
2015.09.03;00:00:00;1926.1;1898.6;1912.6;1923.2;4441
2015.09.03;04:00:00;1933.3;1907.1;1930.1;1913.1;3541
2015.09.03;08:00:00;1938.1;1925.6;1931.3;1930.2;2391
2015.09.03;12:00:00;1938.6;1919.3;1928.3;1931.4;3551
2015.09.03;16:00:00;1940.8;1921.8;1927.8;1928.6;3721
2015.09.03;20:00:00;1935.3;1916.1;1930.6;1927.6;3541
2015.09.04;00:00:00;1948.6;1925.6;1947.6;1930.8;2921
2015.09.04;04:00:00;1957.1;1944.1;1946.1;1947.3;2481
2015.09.04;08:00:00;1949.3;1945.1;1946.1;1946.3;821
2015.09.04;12:00:00;1958.1;1945.1;1953.8;1945.8;1801
2015.09.04;16:00:00;1968.3;1950.6;1959.6;1954.1;2991
2015.09.04;20:00:00;1972.8;1947.1;1947.1;1959.7;3881
2015.09.07;00:00:00;1956.8;1941.8;1946.6;1947.3;2931
2015.09.07;04:00:00;1949.1;1929.7;1941.6;1946.9;3351
2015.09.07;08:00:00;1941.3;1929.1;1931.8;1941.3;1491
2015.09.07;12:00:00;1941.3;1925.6;1927.3;1932.1;2661
2015.09.07;16:00:00;1935.2;1910.3;1920.6;1927.2;4321
2015.09.07;20:00:00;1930.3;1910.3;1913.1;1920.3;3281
2015.09.08;00:00:00;1928.9;1907.8;1920.1;1912.8;3491
2015.09.08;04:00:00;1939.6;1916;1934.3;1916.6;2951
2015.09.08;08:00:00;1943.8;1931.1;1932.8;1934.6;2361
2015.09.08;12:00:00;1942.1;1929.8;1932.8;1932.6;2441
2015.09.08;16:00:00;1934.8;1929.1;1932.3;1933.1;1061
2015.09.08;20:00:00;1935.6;1928.3;1932.1;1932.1;1461
2015.09.09;00:00:00;1941.1;1929.9;1935.1;1931;1831
2015.09.09;04:00:00;1939.1;1930.6;1937.1;1934.8;1471
2015.09.09;08:00:00;1960.6;1932.6;1959.1;1936.6;3351
2015.09.09;12:00:00;1960.8;1949.8;1951.6;1959.3;1431
2015.09.09;16:00:00;1955.8;1943.8;1955.6;1951.8;2021
2015.09.09;20:00:00;1968.3;1954.3;1965.3;1955.8;1851
2015.09.10;00:00:00;1976.8;1963.8;1974.1;1965.9;1781
2015.09.10;04:00:00;1984.3;1973.3;1984.1;1973.9;1181
2015.09.10;08:00:00;1991.6;1982.8;1985.3;1984.2;1651
2015.09.10;12:00:00;1988.1;1978.6;1980.1;1985.6;1351
2015.09.10;16:00:00;1981.6;1955.3;1956.1;1980.3;2841
2015.09.10;20:00:00;1959.8;1935.3;1942.1;1956.3;3481
2015.09.11;00:00:00;1943.3;1932.8;1939.6;1943.3;1731
2015.09.11;04:00:00;1952.5;1938.8;1950.8;1939.8;1641
2015.09.11;08:00:00;1966.8;1942.1;1961.8;1950.7;3831
2015.09.11;12:00:00;1963.8;1928.6;1937.3;1961.6;4611
2015.09.11;16:00:00;1964.8;1934.6;1960.1;1937.6;3791
2015.09.11;20:00:00;1961.8;1942.8;1950.1;1960.3;2781
2015.09.14;00:00:00;1957.1;1946.8;1953.1;1949.4;1691
2015.09.14;04:00:00;1958.6;1952.3;1954.1;1953.3;1181
2015.09.14;08:00:00;1955.8;1937.1;1945.8;1953.9;2931
2015.09.14;12:00:00;1947.1;1938.1;1938.9;1946.1;1081
2015.09.14;16:00:00;1955.3;1937.3;1948.1;1938.8;2671
2015.09.14;20:00:00;1961.9;1945.6;1961.1;1948.3;1981
2015.09.15;00:00:00;1965;1951.3;1961;1954;1412
2015.09.15;04:00:00;1961.3;1951.8;1952.5;1960.9;2120
2015.09.15;08:00:00;1960.3;1947.3;1955.8;1952.3;3970
2015.09.15;12:00:00;1959.3;1938.8;1941.5;1955.5;3861
2015.09.15;16:00:00;1948.5;1937.5;1945.3;1941.8;4481
2015.09.15;20:00:00;1946.3;1939;1944;1945.4;2371
2015.09.16;00:00:00;1950.1;1943.3;1948.3;1944.5;1652
2015.09.16;04:00:00;1950.3;1944.8;1945.3;1948.5;1388
2015.09.16;08:00:00;1948.4;1936.1;1940.1;1945.1;3714
2015.09.16;12:00:00;1953;1938.8;1948.4;1940;3784
2015.09.16;16:00:00;1969.3;1947.3;1965.3;1948.8;4723
2015.09.16;20:00:00;1972.6;1964.6;1970.8;1965.1;2161
2015.09.17;00:00:00;1970.6;1966.8;1967.8;1969.9;928
2015.09.17;04:00:00;1968.3;1962.6;1965.8;1968.1;1009
2015.09.17;08:00:00;1972.3;1964.8;1965.8;1965.7;2827
2015.09.17;12:00:00;1973.8;1964.3;1969.3;1965.6;2921
2015.09.17;16:00:00;1983.3;1966.8;1981.1;1969.4;3236
2015.09.17;20:00:00;1988.6;1974.8;1987.1;1980.8;2087
2015.09.18;00:00:00;1986.6;1983.1;1983.3;1986.4;725
2015.09.18;04:00:00;1986.6;1982.2;1985.6;1983.2;855
2015.09.18;08:00:00;1987.2;1980.8;1982.6;1985.8;2195
2015.09.18;12:00:00;1986.3;1980.1;1983.4;1982.3;1956
2015.09.18;16:00:00;1993.6;1981.8;1990.4;1983.1;3482
2015.09.18;20:00:00;2011.1;1971.8;1976.3;1993.3;10330
2015.09.21;00:00:00;1979.1;1972.6;1978.3;1976.1;1699
2015.09.21;04:00:00;1981.8;1976.6;1978.3;1978.1;1124
2015.09.21;08:00:00;1982.6;1970.6;1971.6;1978.1;3302
2015.09.21;12:00:00;1972.6;1944.1;1952.6;1971.8;5176
2015.09.21;16:00:00;1967.1;1947.1;1947.8;1952.3;6015
2015.09.21;20:00:00;1956.1;1941.1;1947.1;1947.6;3497
2015.09.22;00:00:00;1951.8;1938.4;1941.3;1949.3;1593
2015.09.22;04:00:00;1946.8;1938.3;1943.8;1941.1;1090
2015.09.22;08:00:00;1956.3;1941.6;1954.6;1943.7;2968
2015.09.22;12:00:00;1963.8;1951.1;1957.6;1954.8;2896
2015.09.22;16:00:00;1968.6;1944.1;1951.3;1957.8;4831
2015.09.22;20:00:00;1964.1;1948.6;1963.3;1951.1;2861
2015.09.23;00:00:00;1964.6;1958.1;1959.8;1964.3;754
2015.09.23;04:00:00;1960.3;1957.8;1959.8;1959.7;485
2015.09.23;08:00:00;1962.6;1931.1;1932.1;1960.1;4391
2015.09.23;12:00:00;1937.3;1925.6;1932.1;1932.3;4473
2015.09.23;16:00:00;1936.3;1917.3;1923.1;1932.3;5055
2015.09.23;20:00:00;1934.8;1919.8;1929.6;1922.8;2715
2015.09.24;00:00:00;1931.8;1910.6;1911.8;1930.3;1664
2015.09.24;04:00:00;1918.8;1911.8;1914.8;1911.9;1552
2015.09.24;08:00:00;1938.3;1914.3;1935.8;1914.9;3638
2015.09.24;12:00:00;1941.3;1925.8;1929.8;1935.6;3363
2015.09.24;16:00:00;1938.3;1920.6;1929.6;1930.1;4069
2015.09.24;20:00:00;1934.3;1924.6;1931.3;1929.3;2695
2015.09.25;00:00:00;1934.3;1925.6;1928.6;1931.6;1455
2015.09.25;04:00:00;1928.6;1917.1;1922.1;1928.4;1868
2015.09.25;08:00:00;1935.8;1919.3;1924.3;1922.3;4437
2015.09.25;12:00:00;1925.3;1902.3;1905.7;1924.6;5259
2015.09.25;16:00:00;1913.6;1897.1;1908.3;1905.6;5832
2015.09.25;20:00:00;1926.1;1906.3;1919.3;1908.1;4255
2015.09.28;00:00:00;1927.6;1912.6;1920.8;1913.2;2911
2015.09.28;04:00:00;1926.8;1917.6;1926.6;1920.6;2320
2015.09.28;08:00:00;1950.1;1926.1;1946.3;1926.4;3861
2015.09.28;12:00:00;1947.3;1931.6;1936.1;1946.4;3953
2015.09.28;16:00:00;1942.1;1930.6;1937.1;1936.6;5185
2015.09.28;20:00:00;1939.6;1910.3;1914.8;1937.3;4578
2015.09.29;00:00:00;1916.1;1905.4;1912.8;1915.1;2093
2015.09.29;04:00:00;1919.8;1910.6;1919.1;1913.1;707
2015.09.29;08:00:00;1929.1;1908.8;1909.8;1919.3;4327
2015.09.29;12:00:00;1912.6;1899.1;1899.4;1909.9;4409
2015.09.29;16:00:00;1901.1;1875.6;1875.8;1899.3;6856
2015.09.29;20:00:00;1880.7;1868.6;1874.6;1876.1;3730
2015.09.30;00:00:00;1878.8;1865.3;1871.3;1875.8;1880
2015.09.30;04:00:00;1873.3;1865.6;1865.6;1871.4;1778
2015.09.30;08:00:00;1885.6;1860.8;1877.6;1865.3;5275
2015.09.30;12:00:00;1885.1;1865.8;1878.1;1877.8;3755
2015.09.30;16:00:00;1889.3;1868.3;1878.8;1878.4;8660
2015.09.30;20:00:00;1879.1;1861.3;1874.1;1878.7;4412
2015.10.01;00:00:00;1884.1;1871.1;1882.8;1874.6;1750
2015.10.01;04:00:00;1891.3;1881.1;1890.4;1882.6;1452
2015.10.01;08:00:00;1897.1;1887.3;1896.3;1890.6;3129
2015.10.01;12:00:00;1904.1;1893.6;1897.6;1896.6;3055
2015.10.01;16:00:00;1906.8;1886.3;1900.3;1897.8;6549
2015.10.01;20:00:00;1910.1;1896.1;1902.3;1900.6;3757
2015.10.02;00:00:00;1913.1;1901.3;1912.1;1902.1;1289
2015.10.02;04:00:00;1926.3;1911.3;1924.1;1911.8;1954
2015.10.02;08:00:00;1928.8;1920.3;1922.3;1924.3;2820
2015.10.02;12:00:00;1923.3;1902.6;1902.8;1922.1;3934
2015.10.02;16:00:00;1912.1;1890.1;1900.6;1902.6;8160
2015.10.02;20:00:00;1918.3;1898.8;1917.3;1900.8;3606
2015.10.05;00:00:00;1922.3;1915.1;1918.8;1916.8;1698
2015.10.05;04:00:00;1920.8;1912.6;1916.3;1919.1;1184
2015.10.05;08:00:00;1924.1;1916.1;1923.3;1916.1;2953
2015.10.05;12:00:00;1927.8;1882.8;1889.4;1923.1;5480
2015.10.05;16:00:00;1926.1;1883.3;1919.1;1889.3;7825
2015.10.05;20:00:00;1943.3;1917.8;1942.6;1918.8;3410
2015.10.06;00:00:00;1942.1;1937.1;1938.1;1940.8;1592
2015.10.06;04:00:00;1946.8;1938.1;1943.1;1938.3;1293
2015.10.06;08:00:00;1952.8;1937.8;1952.1;1942.8;3053
2015.10.06;12:00:00;1965.8;1951.3;1964.8;1951.8;2933
2015.10.06;16:00:00;1973.8;1960.3;1973.1;1965.1;4654
2015.10.06;20:00:00;1979.6;1972.1;1974.9;1972.9;2134
2015.10.07;00:00:00;1974.8;1968.1;1968.8;1972.6;1223
2015.10.07;04:00:00;1971.3;1966.3;1967.3;1969.1;1611
2015.10.07;08:00:00;1972.6;1963.1;1968.8;1967.6;2504
2015.10.07;12:00:00;1981.8;1967.1;1981.3;1969.1;2555
2015.10.07;16:00:00;1981.3;1962.3;1968.6;1981.1;5984
2015.10.07;20:00:00;1975.1;1962.3;1964.1;1968.3;2982
2015.10.08;00:00:00;1966.6;1960.3;1966.1;1960.8;1025
2015.10.08;04:00:00;1973.6;1962.1;1972.1;1966.3;1932
2015.10.08;08:00:00;1985.1;1971.8;1978.1;1972.2;3023
2015.10.08;12:00:00;1988.3;1975.3;1986.8;1977.8;2538
2015.10.08;16:00:00;1990.8;1967.3;1983.3;1987.1;6317
2015.10.08;20:00:00;1988.6;1976.8;1988.3;1983.6;3249
2015.10.09;00:00:00;1988.8;1978.6;1978.8;1987.2;1205
2015.10.09;04:00:00;1980.8;1973.1;1973.1;1978.6;1681
2015.10.09;08:00:00;1978.8;1970.8;1976.6;1973.2;3305
2015.10.09;12:00:00;1984.3;1976.1;1982.6;1976.8;3161
2015.10.09;16:00:00;1989.1;1979.3;1988.1;1982.3;5141
2015.10.09;20:00:00;2008.3;1985.8;2005.3;1987.9;4162
2015.10.12;00:00:00;2005.8;2002.1;2003.3;2003.7;941
2015.10.12;04:00:00;2010.1;2003.6;2008.3;2003.6;969
2015.10.12;08:00:00;2010.1;1998.6;2004.3;2008.1;2262
2015.10.12;12:00:00;2013.3;2003.3;2009.3;2004.6;2700
2015.10.12;16:00:00;2011.8;1998.6;2001.6;2009.6;4508
2015.10.12;20:00:00;2008.1;1999.8;2006.3;2001.8;2010
2015.10.13;00:00:00;2004.9;2001.6;2004.6;2004.9;659
2015.10.13;04:00:00;2007.4;2003.7;2006.6;2004.8;551
2015.10.13;08:00:00;2011.3;2004.1;2006.6;2006.3;2276
2015.10.13;12:00:00;2008.8;2002.8;2004.6;2006.8;1902
2015.10.13;16:00:00;2010.6;2002.1;2005.8;2004.3;3017
2015.10.13;20:00:00;2013.4;2005.3;2012.1;2005.6;1020
2015.10.14;00:00:00;2012.3;2007.8;2009.1;2011.3;638
2015.10.14;04:00:00;2011.3;2005.8;2008.1;2009.4;772
2015.10.14;08:00:00;2009.6;1997.1;1998.3;2007.8;2286
2015.10.14;12:00:00;2005.1;1997.1;2004.3;1998.1;1999
2015.10.14;16:00:00;2014.3;2000.1;2000.8;2004.6;3789
2015.10.14;20:00:00;2003.3;1991.1;1992.1;2000.6;2243
2015.10.15;00:00:00;1993.3;1989.3;1990.1;1991.3;1085
2015.10.15;04:00:00;1995.3;1989.8;1992.6;1989.9;821
2015.10.15;08:00:00;1996.1;1989.1;1992.3;1992.8;2101
2015.10.15;12:00:00;2001.3;1991.6;2000.1;1992.1;2304
2015.10.15;16:00:00;2000.6;1985.1;1993.1;2000.3;4930
2015.10.15;20:00:00;1995.3;1982.3;1984.8;1993.3;2945
2015.10.16;00:00:00;1993.7;1984.8;1991.6;1985.3;1086
2015.10.16;04:00:00;1996.3;1991.3;1995.3;1991.4;1189
2015.10.16;08:00:00;1999.6;1992.8;1999.1;1995.6;2292
2015.10.16;12:00:00;1999.1;1991.1;1994.3;1998.8;2599
2015.10.16;16:00:00;2007.1;1989.3;2005.6;1994.2;4586
2015.10.16;20:00:00;2019.1;2005.6;2018.6;2005.8;2030
2015.10.19;00:00:00;2022.6;2017.1;2019.6;2018.1;940
2015.10.19;04:00:00;2020.1;2016.8;2017.6;2019.8;648
2015.10.19;08:00:00;2021.6;2015.8;2020.1;2017.3;1708
2015.10.19;12:00:00;2023.3;2013.6;2019.3;2020.3;2016
2015.10.19;16:00:00;2022.6;2013.8;2014.1;2019.6;3416
2015.10.19;20:00:00;2026.1;2012.3;2026.1;2013.8;1832
2015.10.20;00:00:00;2025.3;2018.3;2019.1;2024.3;828
2015.10.20;04:00:00;2023.1;2018.8;2020.6;2020.9;1094
2015.10.20;08:00:00;2027.6;2018.3;2023.1;2020.3;1801
2015.10.20;12:00:00;2024.3;2014.1;2021.6;2023.2;1676
2015.10.20;16:00:00;2026.3;2016.3;2019.8;2021.3;3675
2015.10.20;20:00:00;2027.3;2017.8;2026.8;2020.1;1796
2015.10.21;00:00:00;2026.3;2022.8;2024.3;2025.8;563
2015.10.21;04:00:00;2026.1;2023.3;2024.3;2024.2;435
2015.10.21;08:00:00;2027.1;2019.1;2020.1;2024.2;1745
2015.10.21;12:00:00;2025.6;2019.1;2025.3;2020.3;1690
2015.10.21;16:00:00;2031.1;2018.3;2020.3;2025.6;3898
2015.10.21;20:00:00;2026.6;2019.1;2019.6;2020.1;1975
2015.10.22;00:00:00;2023.3;2016.1;2022.1;2019.3;864
2015.10.22;04:00:00;2033.8;2022.1;2029.8;2022.3;864
2015.10.22;08:00:00;2031.3;2020.3;2027.8;2030.1;2010
2015.10.22;12:00:00;2031.3;2025.6;2027.3;2028.1;1736
2015.10.22;16:00:00;2028.1;2012.6;2015.6;2027.1;4203
2015.10.22;20:00:00;2023.8;2007.3;2010.6;2015.3;2266
2015.10.23;00:00:00;2014.1;2008.3;2013.8;2010.4;711
2015.10.23;04:00:00;2016.8;2012.3;2013.8;2014.1;665
2015.10.23;08:00:00;2016.3;2012.3;2015.1;2013.9;1557
2015.10.23;12:00:00;2032.3;2014.1;2032.2;2014.8;2743
2015.10.23;16:00:00;2048.3;2031.3;2040.8;2032.3;3973
2015.10.23;20:00:00;2055.6;2034.3;2055.6;2040.6;2586
2015.10.25;23:00:00;2061.1;2053.1;2056.6;2054.1;1118
2015.10.26;00:00:00;2057.8;2055.8;2057.3;2056.8;604
2015.10.26;04:00:00;2060.6;2053.1;2060.3;2057.1;1597
2015.10.26;08:00:00;2073.8;2059.8;2070.3;2060.6;3461
2015.10.26;12:00:00;2071.1;2056.6;2066.8;2070.6;4920
2015.10.26;16:00:00;2072.8;2064.3;2064.8;2067.1;1743
2015.10.26;20:00:00;2065.8;2061.8;2062.6;2065.6;809
2015.10.27;00:00:00;2063.8;2060.8;2060.8;2062.8;530
2015.10.27;04:00:00;2063.1;2057.3;2062.3;2060.9;1387
2015.10.27;08:00:00;2067.6;2060.8;2061.3;2062.1;1611
2015.10.27;12:00:00;2067.1;2059.3;2063.3;2061.1;3477
2015.10.27;16:00:00;2065.8;2061.8;2062.6;2063.6;1215
2015.10.27;20:00:00;2063.4;2060.8;2061.8;2063.4;578
2015.10.28;00:00:00;2061.6;2056.6;2058.3;2061.6;694
2015.10.28;04:00:00;2061.6;2057.1;2061.3;2058.4;1243
2015.10.28;08:00:00;2061.3;2054.3;2059.8;2061.1;1833
2015.10.28;12:00:00;2063.3;2051.1;2053.1;2059.3;3344
2015.10.28;16:00:00;2064.1;2052.8;2063.3;2052.8;1618
2015.10.28;20:00:00;2064.8;2059.6;2064.6;2061.8;648
2015.10.29;00:00:00;2064.8;2061.3;2062.8;2064.8;417
2015.10.29;04:00:00;2066.1;2060.6;2065.3;2062.7;1011
2015.10.29;08:00:00;2067.1;2060.1;2066.8;2065.1;1540
2015.10.29;12:00:00;2078.3;2066.1;2077.6;2067.1;2709
2015.10.29;16:00:00;2084.8;2055.3;2081.3;2077.3;5495
2015.10.29;20:00:00;2081.6;2079.6;2079.8;2080.6;644
2015.10.30;00:00:00;2080.6;2077.1;2078.3;2079.6;594
2015.10.30;04:00:00;2080.6;2073.1;2075.6;2078.1;1567
2015.10.30;08:00:00;2082.3;2073.1;2079.1;2075.3;1869
2015.10.30;12:00:00;2084.1;2075.3;2077.3;2079.2;3357
2015.10.30;16:00:00;2086.1;2077.1;2084.3;2077.1;1306
2015.10.30;20:00:00;2090.3;2082.3;2090.1;2085.1;970
2015.11.02;00:00:00;2094.3;2087.1;2091.6;2089.9;1887
2015.11.02;04:00:00;2092.7;2086.3;2086.6;2091.8;1362
2015.11.02;08:00:00;2087.8;2079.1;2080.1;2086.7;1668
2015.11.02;12:00:00;2087.8;2077.3;2085.8;2080.3;3033
2015.11.02;16:00:00;2087.1;2069.6;2073.8;2086.1;2080
2015.11.02;20:00:00;2073.3;2065.3;2066.3;2073.1;926
2015.11.03;00:00:00;2067.3;2064.1;2065.8;2066.4;590
2015.11.03;04:00:00;2075.6;2064.3;2074.1;2065.7;1344
2015.11.03;08:00:00;2083.6;2072.6;2082.8;2073.8;1503
2015.11.03;12:00:00;2090.6;2081.6;2090.6;2083.1;2353
2015.11.03;16:00:00;2099.6;2090.3;2093.1;2090.3;1278
2015.11.03;20:00:00;2096.8;2092.1;2095.1;2092.7;471
2015.11.04;00:00:00;2095.1;2093.1;2094.1;2094.8;215
2015.11.04;04:00:00;2094.8;2091.3;2092.1;2093.8;1118
2015.11.04;08:00:00;2095.3;2088.8;2091.8;2092.3;1285
2015.11.04;12:00:00;2105.6;2092.1;2104.1;2092.1;2556
2015.11.04;16:00:00;2109.8;2100.6;2102.1;2104.3;1327
2015.11.04;20:00:00;2108.3;2100.3;2107.6;2102.3;917
2015.11.05;00:00:00;2107.6;2101.6;2103.1;2107.3;797
2015.11.05;04:00:00;2107.8;2101.6;2103.6;2103.3;1336
2015.11.05;08:00:00;2109.3;2097.3;2099.6;2103.8;1559
2015.11.05;12:00:00;2104.8;2090.3;2093.8;2099.9;3982
2015.11.05;16:00:00;2099.6;2092.6;2095.8;2094.1;1729
2015.11.05;20:00:00;2095.6;2091.3;2093.3;2095.2;910
2015.11.06;00:00:00;2097.6;2093.1;2096.3;2093.2;391
2015.11.06;04:00:00;2100.1;2092.1;2098.8;2096.1;1721
2015.11.06;08:00:00;2104.3;2095.1;2101.6;2098.6;1728
2015.11.06;12:00:00;2102.8;2083.8;2094.8;2101.3;4229
2015.11.06;16:00:00;2096.8;2089.1;2094.8;2095.1;1616
2015.11.06;20:00:00;2094.4;2090.6;2091.6;2094.1;564
2015.11.09;00:00:00;2094.8;2091.1;2094.6;2091.3;318
2015.11.09;04:00:00;2095.2;2091.3;2093.1;2094.8;1308
2015.11.09;08:00:00;2098.2;2081.8;2084.1;2093.3;4029
2015.11.09;12:00:00;2091.1;2077.3;2089.3;2084.3;4415
2015.11.09;16:00:00;2097.3;2090.6;2096.1;2091.8;1128
2015.11.09;20:00:00;2096.3;2093.1;2093.1;2095.8;604
2015.11.10;00:00:00;2092.8;2085.8;2086.1;2092.8;1312
2015.11.10;04:00:00;2089.1;2078.6;2078.8;2086.3;1483
2015.11.10;08:00:00;2079.9;2061.8;2069.1;2078.6;3717
2015.11.10;12:00:00;2077.3;2065.1;2072.1;2069.3;1867
2015.11.10;16:00:00;2075.3;2069.6;2075.3;2072.2;872
2015.11.10;20:00:00;2078.3;2074.8;2076.6;2075.4;683
2015.11.11;00:00:00;2077.3;2066.1;2066.8;2076.8;1740
2015.11.11;04:00:00;2074.6;2065.3;2073.1;2067.1;2078
2015.11.11;08:00:00;2074.6;2064.3;2073.6;2072.8;3496
2015.11.11;12:00:00;2078.6;2071.3;2076.6;2073.3;1437
2015.11.11;16:00:00;2079.1;2074.9;2079.1;2076.1;762
2015.11.11;20:00:00;2080.6;2078.1;2078.6;2079.3;401
2015.11.12;00:00:00;2084.1;2076.8;2081.3;2078.3;1407
2015.11.12;04:00:00;2086.8;2076.3;2076.8;2081.1;1647
2015.11.12;08:00:00;2082.1;2069.3;2073.8;2077.1;3069
2015.11.12;12:00:00;2077.3;2067.6;2068.3;2074.1;1543
2015.11.12;16:00:00;2073.3;2067.6;2072.1;2068.1;638
2015.11.12;20:00:00;2074.3;2071.8;2073.1;2071.8;271
2015.11.13;00:00:00;2077.1;2065.3;2066.1;2072.8;1921
2015.11.13;04:00:00;2070.3;2053.7;2057.6;2066.3;2295
2015.11.13;08:00:00;2063.1;2048.8;2054.8;2057.3;4196
2015.11.13;12:00:00;2055.6;2039.3;2040.1;2055.1;2267
2015.11.13;16:00:00;2044.8;2038.1;2043.3;2040.3;926
2015.11.13;20:00:00;2043.8;2040.1;2041.3;2043.6;446
2015.11.16;00:00:00;2045.6;2039.6;2040.6;2041.6;2246
2015.11.16;04:00:00;2040.8;2031.3;2033.1;2040.3;2763
2015.11.16;08:00:00;2036.6;2021.1;2024.8;2033.2;4675
2015.11.16;12:00:00;2026.6;2011.3;2012.6;2024.6;2641
2015.11.16;16:00:00;2012.1;1998.6;2007.8;2006.2;1486
2015.11.16;20:00:00;2011.1;2007.3;2008.6;2007.9;725
2015.11.17;00:00:00;2024.9;2007.8;2020.3;2008.4;2777
2015.11.17;04:00:00;2029.8;2012.8;2023.8;2020.6;2496
2015.11.17;08:00:00;2037.3;2019.1;2037.3;2023.6;4950
2015.11.17;12:00:00;2050.3;2036.3;2048.6;2037.6;1835
2015.11.17;16:00:00;2052.8;2045.6;2050.3;2047.8;588
2015.11.17;20:00:00;2051.8;2048.8;2049.8;2050.1;385
2015.11.18;00:00:00;2058.1;2045.6;2056.6;2049.6;1706
2015.11.18;04:00:00;2058.8;2045.3;2050.2;2056.8;1862
2015.11.18;08:00:00;2062.8;2046.8;2055.8;2050.1;3478
2015.11.18;12:00:00;2057.8;2041.6;2049.3;2055.6;2675
2015.11.18;16:00:00;2050.1;2045.6;2049.6;2049.6;583
2015.11.18;20:00:00;2049.3;2045.1;2046.1;2049.3;427
2015.11.19;00:00:00;2047.6;2042.8;2044.1;2045.8;1590
2015.11.19;04:00:00;2060.1;2044.1;2057.6;2044.3;2090
2015.11.19;08:00:00;2065.6;2053.8;2061.8;2057.3;3426
2015.11.19;12:00:00;2081.9;2060.1;2078.3;2061.7;2787
2015.11.19;16:00:00;2084.3;2077.6;2081.8;2078.1;666
2015.11.19;20:00:00;2083.3;2080.1;2082.8;2082.1;639
2015.11.20;00:00:00;2087.8;2081.8;2086.8;2082.6;1411
2015.11.20;04:00:00;2088.8;2076.8;2081.6;2087.1;1672
2015.11.20;08:00:00;2083.3;2075.1;2079.6;2081.3;3189
2015.11.20;12:00:00;2081.1;2076.8;2078.8;2079.8;1610
2015.11.20;16:00:00;2077.8;2075.6;2076.8;2077.6;423
2015.11.20;20:00:00;2079.8;2076.6;2079.3;2076.9;207
2015.11.23;00:00:00;2085.3;2077.8;2083.1;2079.1;1943
2015.11.23;04:00:00;2093.1;2082.3;2092.3;2083.3;1599
2015.11.23;08:00:00;2094.3;2084.8;2086.1;2092.6;2626
2015.11.23;12:00:00;2088.8;2081.6;2088.6;2085.8;1237
2015.11.23;16:00:00;2092.1;2087.1;2088.8;2089.6;510
2015.11.23;20:00:00;2091.3;2088.3;2089.8;2088.9;273
2015.11.24;00:00:00;2090.6;2082.8;2084.3;2090.1;1454
2015.11.24;04:00:00;2090.3;2081.6;2085.8;2084.1;1555
2015.11.24;08:00:00;2092.6;2084.3;2085.3;2085.7;2269
2015.11.24;12:00:00;2085.8;2078.1;2083.1;2085.1;1131
2015.11.24;16:00:00;2085.3;2081.6;2082.8;2082.9;515
2015.11.24;20:00:00;2084.6;2081.6;2084.1;2083.1;346
2015.11.25;00:00:00;2086.8;2065.4;2074.1;2084.3;2428
2015.11.25;04:00:00;2078.3;2067.1;2076.8;2074.3;2151
2015.11.25;08:00:00;2088.8;2066.8;2087.1;2076.6;3143
2015.11.25;12:00:00;2091.1;2083.6;2083.6;2087.3;1321
2015.11.25;16:00:00;2086.3;2082.1;2083.1;2083.8;465
2015.11.25;20:00:00;2087.1;2082.6;2086.1;2083.3;336
2015.11.26;00:00:00;2092.1;2082.3;2091.1;2086.3;1810
2015.11.26;04:00:00;2091.1;2083.1;2088.3;2090.8;1416
2015.11.26;08:00:00;2090.1;2085.8;2088.6;2088.4;2154
2015.11.26;12:00:00;2089.6;2085.6;2088.3;2088.8;610
2015.11.26;16:00:00;2091.1;2088.8;2090.6;2089.2;328
2015.11.26;20:00:00;2091.6;2088.1;2089.8;2090.4;276
2015.11.27;00:00:00;2096.8;2088.6;2095.8;2089.6;1376
2015.11.27;04:00:00;2097.8;2093.1;2093.6;2096.1;664
2015.11.27;08:00:00;2096.6;2093.4;2094.6;2093.7;229
2015.11.27;12:00:00;2095.6;2091.3;2091.6;2095;551
2015.11.27;16:00:00;2092.3;2085.8;2087.3;2091.3;530
2015.11.27;20:00:00;2090.8;2083.1;2090.6;2087.6;1831
2015.11.30;00:00:00;2091.3;2083.3;2084.8;2090.3;1727
2015.11.30;04:00:00;2090.8;2081.3;2088.8;2084.6;1632
2015.11.30;08:00:00;2089.6;2084.6;2086.1;2089.3;618
2015.11.30;12:00:00;2087.1;2085.3;2086.1;2085.8;321
2015.11.30;16:00:00;2091.8;2081.8;2089.1;2086.2;940
2015.11.30;20:00:00;2094.6;2084.3;2084.6;2088.8;1117
2015.12.01;00:00:00;2088.1;2080.1;2086.6;2084.3;2132
2015.12.01;04:00:00;2087.1;2078.6;2085.1;2086.8;1273
2015.12.01;08:00:00;2092.3;2085.1;2090.8;2085.6;641
2015.12.01;12:00:00;2092.1;2090.1;2090.3;2090.6;420
2015.12.01;16:00:00;2091.3;2083.3;2087.1;2090.1;1340
2015.12.01;20:00:00;2096.8;2085.6;2095.3;2086.8;1208
2015.12.02;00:00:00;2095.3;2084.1;2089.6;2095.2;2621
2015.12.02;04:00:00;2101.1;2089.3;2099.1;2089.3;1050
2015.12.02;08:00:00;2100.3;2097.6;2098.8;2099.3;596
2015.12.02;12:00:00;2104.1;2098.3;2103.3;2099.1;320
2015.12.02;16:00:00;2104.6;2100.1;2102.6;2103.1;1226
2015.12.02;20:00:00;2103.8;2097.3;2101.6;2102.8;1358
2015.12.03;00:00:00;2102.8;2089.3;2089.8;2101.8;2575
2015.12.03;04:00:00;2090.1;2074.8;2083.3;2090.1;2368
2015.12.03;08:00:00;2084.3;2077.6;2083.1;2082.8;930
2015.12.03;12:00:00;2085.1;2079.6;2083.6;2083.3;561
2015.12.03;16:00:00;2094.8;2081.6;2094.6;2083.3;1413
2015.12.03;20:00:00;2094.6;2071.8;2073.6;2094.3;5442
2015.12.04;00:00:00;2076.1;2050.8;2050.8;2073.4;5641
2015.12.04;04:00:00;2054.1;2039.8;2053.4;2051.1;3396
2015.12.04;08:00:00;2057.3;2052.3;2053.8;2053.3;1162
2015.12.04;12:00:00;2056.3;2053.3;2054.8;2053.6;566
2015.12.04;16:00:00;2062.3;2052.8;2060.3;2054.6;2421
2015.12.04;20:00:00;2069.3;2046.8;2065.6;2060.1;3472
2015.12.07;00:00:00;2088.4;2062.6;2086.3;2065.8;4858
2015.12.07;04:00:00;2092.6;2083.3;2088.1;2086.6;1868
2015.12.07;08:00:00;2085.2;2077.8;2079.1;2085.1;877
2015.12.07;12:00:00;2080.6;2078.1;2080.1;2079.3;347
2015.12.07;16:00:00;2088.1;2076.3;2085.8;2079.8;1815
2015.12.07;20:00:00;2087.3;2071.3;2072.1;2085.6;1959
2015.12.08;00:00:00;2072.3;2057.6;2063.8;2071.8;4676
2015.12.08;04:00:00;2074.6;2058.8;2073.6;2063.6;2244
2015.12.08;08:00:00;2074.1;2064.1;2064.3;2072.8;774
2015.12.08;12:00:00;2066.3;2062.1;2065.8;2064.1;506
2015.12.08;16:00:00;2069.6;2057.9;2063.9;2065.7;1978
2015.12.08;20:00:00;2063.9;2044.1;2047.9;2063.6;2723
2015.12.09;00:00:00;2065.6;2042.9;2055.9;2047.6;5270
2015.12.09;04:00:00;2061.9;2050.9;2052.6;2055.6;2514
2015.12.09;08:00:00;2058.9;2051.1;2056.1;2052.4;930
2015.12.09;12:00:00;2058.1;2053.6;2056.4;2056.4;616
2015.12.09;16:00:00;2060.9;2044.9;2046.4;2056.6;2545
2015.12.09;20:00:00;2061.6;2042.1;2058.6;2046.6;2754
2015.12.10;00:00:00;2072.1;2026.9;2034.9;2058.4;7937
2015.12.10;04:00:00;2043.4;2031.1;2037.9;2035.1;3663
2015.12.10;08:00:00;2043.1;2037.4;2041.1;2038.6;1065
2015.12.10;12:00:00;2043.1;2039.9;2039.9;2040.9;602
2015.12.10;16:00:00;2047.4;2038.6;2044.1;2040.1;2117
2015.12.10;20:00:00;2047.1;2036.6;2039.6;2044.4;3366
2015.12.11;00:00:00;2054.9;2036.4;2050.1;2039.4;5886
2015.12.11;04:00:00;2059.4;2040.6;2043.1;2049.9;2186
2015.12.11;08:00:00;2048.6;2042.6;2045.4;2043.4;630
2015.12.11;12:00:00;2047.4;2043.9;2046.4;2045.1;423
2015.12.11;16:00:00;2047.6;2027.4;2029.6;2046.6;1841
2015.12.11;20:00:00;2031.1;2012.4;2015.1;2029.4;4387
2015.12.14;00:00:00;2026.1;2004.6;2010.1;2014.9;7085
2015.12.14;04:00:00;2015.9;1997.6;1999.6;2009.9;4302
2015.12.14;08:00:00;2008.6;2000.6;2006.6;2000.7;1270
2015.12.14;12:00:00;2012.9;2006.1;2012.1;2006.5;930
2015.12.14;16:00:00;2020.6;2009.9;2016.1;2012.4;3767
2015.12.14;20:00:00;2016.2;1991.3;1999.1;2015.9;3283
2015.12.15;00:00:00;2013.1;1983.3;2001.1;1999.3;5225
2015.12.15;04:00:00;2014.8;1997.1;2011.3;2001.2;2429
2015.12.15;08:00:00;2018.6;2011.6;2014.6;2013.1;911
2015.12.15;12:00:00;2015.3;2009.8;2011.6;2014.8;551
2015.12.15;16:00:00;2026.6;2010.1;2024.8;2011.4;1665
2015.12.15;20:00:00;2032.8;2021.6;2031.8;2025.1;1240
