DATE;TIME;HIGH;LOW;CLOSE;OPEN;VOLUME
2015.04.27;12:00:00;6.283;6.2777;6.2777;6.2799;285
2015.04.27;16:00:00;6.2763;6.2723;6.2737;6.2738;1586
2015.04.27;20:00:00;6.28;6.2722;6.28;6.2737;2316
2015.04.28;00:00:00;6.2801;6.2737;6.2763;6.2799;1911
2015.04.28;04:00:00;6.2784;6.2738;6.2774;6.2762;1409
2015.04.28;08:00:00;6.2786;6.2758;6.277;6.2773;482
2015.04.28;12:00:00;6.2795;6.2756;6.2764;6.2769;1883
2015.04.28;16:00:00;6.2764;6.2707;6.2732;6.2763;3138
2015.04.28;20:00:00;6.2734;6.2667;6.2695;6.2731;2161
2015.04.29;00:00:00;6.2754;6.2688;6.2743;6.2695;1165
2015.04.29;04:00:00;6.2751;6.2716;6.2733;6.2743;229
2015.04.29;08:00:00;6.2733;6.2689;6.2724;6.269;1553
2015.04.29;12:00:00;6.2888;6.2706;6.2834;6.2723;4410
2015.04.29;16:00:00;6.2873;6.2812;6.2841;6.2834;2039
2015.04.29;20:00:00;6.2857;6.2811;6.283;6.284;1284
2015.04.30;00:00:00;6.2857;6.283;6.2836;6.283;193
2015.04.30;04:00:00;6.2759;6.2741;6.2749;6.2755;1073
2015.04.30;08:00:00;6.2771;6.2732;6.2761;6.2749;2246
2015.04.30;12:00:00;6.276;6.2628;6.267;6.276;2399
2015.04.30;16:00:00;6.2705;6.2657;6.267;6.2669;1010
2015.04.30;20:00:00;6.2694;6.2662;6.2663;6.2669;220
2015.05.01;00:00:00;6.2604;6.2572;6.2576;6.2604;1137
2015.05.01;04:00:00;6.2579;6.2421;6.2431;6.2577;3633
2015.05.01;08:00:00;6.2472;6.2426;6.2432;6.2429;1762
2015.05.01;12:00:00;6.2482;6.2431;6.2455;6.2433;1013
2015.05.01;16:00:00;6.2467;6.2418;6.2418;6.2453;427
2015.05.01;20:00:00;6.2412;6.2373;6.2388;6.2379;1718
2015.05.04;00:00:00;6.2401;6.2336;6.2359;6.2389;2820
2015.05.04;04:00:00;6.241;6.2341;6.2358;6.2361;1569
2015.05.04;08:00:00;6.2379;6.2268;6.2277;6.2359;2093
2015.05.04;12:00:00;6.2311;6.22;6.2214;6.2281;1625
2015.05.04;16:00:00;6.2113;6.2002;6.2062;6.2063;4753
2015.05.04;20:00:00;6.2137;6.2047;6.2126;6.2061;4975
2015.05.05;00:00:00;6.2132;6.2075;6.2088;6.2126;1997
2015.05.05;04:00:00;6.2133;6.2085;6.2131;6.2087;1545
2015.05.05;08:00:00;6.2156;6.213;6.2154;6.213;321
2015.05.05;12:00:00;6.2061;6.1994;6.2036;6.1994;3080
2015.05.05;16:00:00;6.2221;6.2021;6.2132;6.2038;5431
2015.05.05;20:00:00;6.2158;6.2031;6.2059;6.2134;2105
2015.05.06;00:00:00;6.207;6.1992;6.2031;6.2059;1674
2015.05.06;04:00:00;6.2032;6.1998;6.2011;6.2032;180
2015.05.06;08:00:00;6.2111;6.2024;6.2063;6.2025;3945
2015.05.06;12:00:00;6.2151;6.2061;6.2093;6.2064;3932
2015.05.06;16:00:00;6.2096;6.2039;6.2062;6.2095;1350
2015.05.06;20:00:00;6.2097;6.2034;6.2045;6.2063;1254
2015.05.07;00:00:00;6.2048;6.2017;6.2033;6.2046;233
2015.05.07;04:00:00;6.2159;6.2073;6.2098;6.2102;3533
2015.05.07;08:00:00;6.2115;6.2058;6.2072;6.2099;3274
2015.05.07;12:00:00;6.2115;6.206;6.2112;6.2073;1615
2015.05.07;16:00:00;6.2117;6.207;6.2075;6.2112;1122
2015.05.07;20:00:00;6.2094;6.2068;6.2068;6.2074;153
2015.05.08;00:00:00;6.2129;6.2079;6.2102;6.2096;1629
2015.05.08;04:00:00;6.2162;6.2103;6.2143;6.2103;2611
2015.05.08;08:00:00;6.2146;6.2092;6.2104;6.2143;1442
2015.05.08;12:00:00;6.2121;6.2091;6.2116;6.2104;980
2015.05.08;16:00:00;6.2126;6.2097;6.2101;6.2116;315
2015.05.08;20:00:00;6.2159;6.2116;6.2157;6.2124;1785
2015.05.11;00:00:00;6.2158;6.2093;6.2119;6.2157;2303
2015.05.11;04:00:00;6.2141;6.2099;6.214;6.2118;1064
2015.05.11;08:00:00;6.2166;6.2122;6.2142;6.2141;1095
2015.05.11;12:00:00;6.215;6.2132;6.2144;6.2142;211
2015.05.11;16:00:00;6.2238;6.2165;6.2171;6.2184;3398
2015.05.11;20:00:00;6.2226;6.2157;6.2191;6.2171;3683
2015.05.12;00:00:00;6.2191;6.214;6.215;6.2191;1214
2015.05.12;04:00:00;6.2179;6.2094;6.2108;6.215;1624
2015.05.12;08:00:00;6.2117;6.2086;6.209;6.211;305
2015.05.12;12:00:00;6.2149;6.2116;6.2142;6.2136;1275
2015.05.12;16:00:00;6.2159;6.2047;6.2095;6.2141;3607
2015.05.12;20:00:00;6.2103;6.2067;6.2072;6.2094;1275
2015.05.13;00:00:00;6.2089;6.2055;6.2057;6.2072;982
2015.05.13;04:00:00;6.2072;6.2054;6.2061;6.2058;411
2015.05.13;08:00:00;6.2083;6.2038;6.2062;6.2082;2432
2015.05.13;12:00:00;6.2067;6.201;6.2043;6.2062;3130
2015.05.13;16:00:00;6.2053;6.2031;6.2053;6.2043;1149
2015.05.13;20:00:00;6.2061;6.2031;6.2053;6.2053;1702
2015.05.14;00:00:00;6.2055;6.2038;6.2039;6.2051;603
2015.05.14;04:00:00;6.2053;6.1988;6.2022;6.2018;2577
2015.05.14;08:00:00;6.2097;6.2019;6.2058;6.2023;2432
2015.05.14;12:00:00;6.2066;6.2015;6.202;6.2058;1718
2015.05.14;16:00:00;6.203;6.2008;6.2013;6.202;1103
2015.05.14;20:00:00;6.2044;6.201;6.2011;6.2014;822
2015.05.15;00:00:00;6.2052;6.1997;6.2031;6.2004;1583
2015.05.15;04:00:00;6.2061;6.2007;6.205;6.2032;2765
2015.05.15;08:00:00;6.2052;6.1995;6.1996;6.2051;1227
2015.05.15;12:00:00;6.2031;6.1975;6.1997;6.1997;1712
2015.05.15;16:00:00;6.2001;6.1975;6.1975;6.2001;472
2015.05.15;20:00:00;6.2016;6.1991;6.2003;6.1999;750
2015.05.18;00:00:00;6.2036;6.1971;6.2023;6.2004;2112
2015.05.18;04:00:00;6.2032;6.1927;6.1942;6.2024;1428
2015.05.18;08:00:00;6.196;6.1938;6.1954;6.1943;272
2015.05.18;12:00:00;6.1954;6.194;6.194;6.1954;29
2015.05.18;16:00:00;6.1974;6.1952;6.1972;6.1952;386
2015.05.18;20:00:00;6.1975;6.1944;6.1956;6.1974;521
2015.05.19;00:00:00;6.1956;6.1919;6.1927;6.1956;581
2015.05.19;04:00:00;6.1946;6.1918;6.1936;6.1926;803
2015.05.19;08:00:00;6.1955;6.1916;6.1946;6.1937;243
2015.05.19;12:00:00;6.1972;6.1927;6.196;6.1934;1864
2015.05.19;16:00:00;6.1996;6.1926;6.1972;6.1959;2668
2015.05.19;20:00:00;6.2004;6.1972;6.1988;6.1973;1189
2015.05.20;00:00:00;6.2003;6.1969;6.1991;6.1987;1841
2015.05.20;04:00:00;6.2002;6.1982;6.1985;6.1992;372
2015.05.20;08:00:00;6.2074;6.1979;6.2052;6.198;1863
2015.05.20;12:00:00;6.2083;6.2041;6.2053;6.2051;2788
2015.05.20;16:00:00;6.2061;6.2041;6.2056;6.2053;1092
2015.05.20;20:00:00;6.2091;6.2056;6.2071;6.2057;1349
2015.05.21;00:00:00;6.2075;6.2051;6.2052;6.2069;622
2015.05.21;04:00:00;6.211;6.2074;6.2104;6.2082;1885
2015.05.21;08:00:00;6.2172;6.2102;6.2132;6.2105;3257
2015.05.21;12:00:00;6.215;6.2121;6.2126;6.2133;1232
2015.05.21;16:00:00;6.2166;6.2121;6.2164;6.2125;1972
2015.05.21;20:00:00;6.2182;6.215;6.2159;6.2165;444
2015.05.22;00:00:00;6.2209;6.2146;6.2163;6.2185;1588
2015.05.22;04:00:00;6.2208;6.216;6.2184;6.2164;2662
2015.05.22;08:00:00;6.2202;6.2151;6.2153;6.2183;1340
2015.05.22;12:00:00;6.2177;6.2147;6.217;6.2152;1582
2015.05.22;16:00:00;6.2175;6.2155;6.2155;6.217;178
2015.05.22;20:00:00;6.2282;6.2176;6.2262;6.2177;2171
2015.05.25;00:00:00;6.2276;6.2218;6.2257;6.2263;2691
2015.05.25;04:00:00;6.2283;6.2241;6.2247;6.2257;1321
2015.05.25;08:00:00;6.2256;6.2217;6.2245;6.2247;1500
2015.05.25;12:00:00;6.2256;6.2225;6.2238;6.2244;595
2015.05.25;16:00:00;6.222;6.2184;6.2196;6.2205;1443
2015.05.25;20:00:00;6.2203;6.2145;6.216;6.2195;2771
2015.05.26;00:00:00;6.2162;6.2119;6.2129;6.2159;2348
2015.05.26;04:00:00;6.2157;6.211;6.2146;6.2128;1654
2015.05.26;08:00:00;6.2156;6.2127;6.2127;6.2144;483
2015.05.26;12:00:00;6.2148;6.2102;6.2109;6.2108;1677
2015.05.26;16:00:00;6.2109;6.205;6.2052;6.2109;2916
2015.05.26;20:00:00;6.2077;6.2037;6.2046;6.2052;2067
2015.05.27;00:00:00;6.2052;6.1978;6.1982;6.2042;2451
2015.05.27;04:00:00;6.2009;6.1974;6.199;6.1981;718
2015.05.27;08:00:00;6.1973;6.1919;6.1964;6.1955;2033
2015.05.27;12:00:00;6.1986;6.1926;6.195;6.1965;3040
2015.05.27;16:00:00;6.1954;6.1896;6.1926;6.1949;2157
2015.05.27;20:00:00;6.194;6.191;6.1916;6.1925;1122
2015.05.28;00:00:00;6.1915;6.186;6.1866;6.1915;1035
2015.05.28;04:00:00;6.1914;6.1863;6.1905;6.1863;1344
2015.05.28;08:00:00;6.1932;6.1872;6.1917;6.1905;2872
2015.05.28;12:00:00;6.1975;6.1894;6.1956;6.1916;3120
2015.05.28;16:00:00;6.1973;6.1924;6.1932;6.1956;1525
2015.05.28;20:00:00;6.1948;6.1898;6.1898;6.1932;383
2015.05.29;00:00:00;6.2028;6.1955;6.1985;6.1957;2028
2015.05.29;04:00:00;6.2006;6.1978;6.1997;6.1985;2391
2015.05.29;08:00:00;6.1998;6.1946;6.1978;6.1997;1971
2015.05.29;12:00:00;6.1985;6.196;6.1973;6.1978;1274
2015.05.29;16:00:00;6.1978;6.1945;6.1945;6.1974;934
2015.05.29;20:00:00;6.2009;6.1962;6.1971;6.1984;1379
2015.06.01;00:00:00;6.2;6.1961;6.1974;6.1971;2289
2015.06.01;04:00:00;6.1988;6.1968;6.1982;6.1975;1303
2015.06.01;08:00:00;6.1998;6.1956;6.1966;6.1983;1029
2015.06.01;12:00:00;6.1975;6.1956;6.1956;6.1965;368
2015.06.01;16:00:00;6.1963;6.1913;6.1917;6.1962;1270
2015.06.01;20:00:00;6.1937;6.1892;6.19;6.1916;2580
2015.06.02;00:00:00;6.1909;6.1891;6.1907;6.19;1381
2015.06.02;04:00:00;6.1933;6.19;6.1926;6.1907;1347
2015.06.02;08:00:00;6.194;6.1923;6.194;6.1926;508
2015.06.02;12:00:00;6.1973;6.193;6.1941;6.1931;1769
2015.06.02;16:00:00;6.1975;6.1939;6.1948;6.1942;2422
2015.06.02;20:00:00;6.1957;6.1933;6.1942;6.1949;1061
2015.06.03;00:00:00;6.1954;6.1898;6.1903;6.1941;1992
2015.06.03;04:00:00;6.1908;6.189;6.189;6.1903;405
2015.06.03;08:00:00;6.1938;6.1907;6.1923;6.1912;1307
2015.06.03;12:00:00;6.1952;6.19;6.1941;6.1924;2322
2015.06.03;16:00:00;6.1988;6.1937;6.1956;6.194;2500
2015.06.03;20:00:00;6.1964;6.1938;6.1953;6.1957;1796
2015.06.04;00:00:00;6.1959;6.1912;6.1912;6.1954;250
2015.06.04;04:00:00;6.2021;6.1936;6.2014;6.1937;1590
2015.06.04;08:00:00;6.2237;6.2011;6.2161;6.2015;5679
2015.06.04;12:00:00;6.2188;6.2121;6.2122;6.2161;2810
2015.06.04;16:00:00;6.2165;6.2112;6.2162;6.2121;3084
2015.06.04;20:00:00;6.2173;6.2111;6.2111;6.216;439
2015.06.05;00:00:00;6.2185;6.2064;6.2092;6.2183;2913
2015.06.05;04:00:00;6.2133;6.2049;6.2057;6.2092;3276
2015.06.05;08:00:00;6.2062;6.1997;6.204;6.2057;2602
2015.06.05;12:00:00;6.2042;6.2016;6.2024;6.2039;1931
2015.06.05;16:00:00;6.2037;6.2022;6.203;6.2024;546
2015.06.05;20:00:00;6.2073;6.2025;6.2066;6.2034;1617
2015.06.08;00:00:00;6.2074;6.1995;6.2005;6.2066;2549
2015.06.08;04:00:00;6.2033;6.1994;6.2012;6.2006;1978
2015.06.08;08:00:00;6.2023;6.1989;6.2005;6.2013;2017
2015.06.08;12:00:00;6.2026;6.1985;6.1993;6.2005;739
2015.06.08;16:00:00;6.2083;6.1965;6.2048;6.1966;3436
2015.06.08;20:00:00;6.2106;6.2021;6.2067;6.2048;4461
2015.06.09;00:00:00;6.2089;6.2041;6.2079;6.2067;1966
2015.06.09;04:00:00;6.2106;6.2066;6.2101;6.208;2894
2015.06.09;08:00:00;6.2107;6.2065;6.2065;6.2103;1566
2015.06.09;12:00:00;6.2082;6.2069;6.2075;6.207;596
2015.06.09;16:00:00;6.2097;6.2066;6.2078;6.2074;1955
2015.06.09;20:00:00;6.2098;6.2078;6.2095;6.2078;1601
2015.06.10;00:00:00;6.2139;6.2088;6.212;6.2095;1605
2015.06.10;04:00:00;6.2126;6.2108;6.2108;6.2119;332
2015.06.10;08:00:00;6.2147;6.2092;6.212;6.2107;1388
2015.06.10;12:00:00;6.2126;6.2102;6.212;6.2121;1616
2015.06.10;16:00:00;6.2128;6.2111;6.2115;6.2121;1103
2015.06.10;20:00:00;6.2115;6.2094;6.2101;6.2114;645
2015.06.11;00:00:00;6.2111;6.2094;6.2101;6.2102;681
2015.06.11;04:00:00;6.2132;6.2105;6.2112;6.211;901
2015.06.11;08:00:00;6.2118;6.2063;6.2088;6.2113;3047
2015.06.11;12:00:00;6.2089;6.207;6.2082;6.2089;1307
2015.06.11;16:00:00;6.2087;6.2061;6.2063;6.2081;1881
2015.06.11;20:00:00;6.2066;6.205;6.2054;6.2065;416
2015.06.12;00:00:00;6.2062;6.2017;6.2026;6.2056;1906
2015.06.12;04:00:00;6.2038;6.197;6.2038;6.2026;3538
2015.06.12;08:00:00;6.2063;6.2015;6.2036;6.2037;1951
2015.06.12;12:00:00;6.2039;6.1992;6.2014;6.2036;2046
2015.06.12;16:00:00;6.2015;6.2004;6.201;6.2014;379
2015.06.12;20:00:00;6.2103;6.2045;6.2067;6.2045;2121
2015.06.15;00:00:00;6.2118;6.2051;6.2091;6.2068;3291
2015.06.15;04:00:00;6.2111;6.2067;6.2074;6.2091;2216
2015.06.15;08:00:00;6.2131;6.2074;6.2128;6.2075;1741
2015.06.15;12:00:00;6.2137;6.2109;6.2109;6.2129;1049
2015.06.15;16:00:00;6.2132;6.2071;6.208;6.2116;1866
2015.06.15;20:00:00;6.2105;6.2073;6.2101;6.2081;2722
2015.06.16;00:00:00;6.2118;6.2067;6.207;6.2101;2169
2015.06.16;04:00:00;6.2096;6.206;6.2064;6.2071;1352
2015.06.16;08:00:00;6.2073;6.2063;6.2063;6.2065;213
2015.06.16;12:00:00;6.2125;6.2099;6.2118;6.212;1574
2015.06.16;16:00:00;6.213;6.2106;6.2112;6.2119;1831
2015.06.16;20:00:00;6.2118;6.21;6.211;6.2111;865
2015.06.17;00:00:00;6.2121;6.2101;6.2117;6.2111;1190
2015.06.17;04:00:00;6.2126;6.2111;6.2112;6.2117;272
2015.06.17;08:00:00;6.2127;6.2097;6.2106;6.2127;1141
2015.06.17;12:00:00;6.2111;6.2056;6.2073;6.2107;2250
2015.06.17;16:00:00;6.2098;6.2068;6.2087;6.2073;1329
2015.06.17;20:00:00;6.209;6.206;6.2061;6.2086;1301
2015.06.18;00:00:00;6.2075;6.2062;6.2069;6.2062;247
2015.06.18;04:00:00;6.2068;6.2024;6.2045;6.2062;1704
2015.06.18;08:00:00;6.2049;6.2008;6.2026;6.2045;3149
2015.06.18;12:00:00;6.2037;6.2001;6.2011;6.2025;1278
2015.06.18;16:00:00;6.202;6.1982;6.1989;6.2011;1231
2015.06.18;20:00:00;6.1999;6.1987;6.1987;6.1989;238
2015.06.19;00:00:00;6.2011;6.1977;6.2009;6.1987;1361
2015.06.19;04:00:00;6.2018;6.1976;6.2002;6.2008;2455
2015.06.19;08:00:00;6.2021;6.1983;6.2011;6.2003;1444
2015.06.19;12:00:00;6.2038;6.2007;6.2029;6.201;1107
2015.06.19;16:00:00;6.2039;6.2015;6.2015;6.2029;315
2015.06.19;20:00:00;6.2062;6.2027;6.2049;6.2027;1662
2015.06.22;00:00:00;6.2072;6.204;6.2061;6.2048;2407
2015.06.22;04:00:00;6.2075;6.2041;6.2055;6.2061;1556
2015.06.22;08:00:00;6.2061;6.2009;6.2011;6.2056;1794
2015.06.22;12:00:00;6.2018;6.2006;6.2006;6.201;119
2015.06.22;16:00:00;6.2044;6.2023;6.2031;6.2026;691
2015.06.22;20:00:00;6.2049;6.2027;6.2035;6.2032;1749
2015.06.23;00:00:00;6.2051;6.2025;6.2047;6.2036;1076
2015.06.23;04:00:00;6.2059;6.2029;6.2046;6.2047;1054
2015.06.23;08:00:00;6.2054;6.2032;6.2044;6.2046;1109
2015.06.23;12:00:00;6.2069;6.2041;6.2043;6.2051;1071
2015.06.23;16:00:00;6.2075;6.2036;6.2067;6.2043;2373
2015.06.23;20:00:00;6.2098;6.2046;6.2083;6.2067;1496
2015.06.24;00:00:00;6.2094;6.2077;6.2083;6.2082;1067
2015.06.24;04:00:00;6.2086;6.2071;6.2079;6.2085;436
2015.06.24;08:00:00;6.2068;6.2041;6.2059;6.2068;2553
2015.06.24;12:00:00;6.2068;6.2046;6.2052;6.2058;2674
2015.06.24;16:00:00;6.2066;6.2044;6.2052;6.2052;1806
2015.06.24;20:00:00;6.2058;6.204;6.2044;6.2054;978
2015.06.25;00:00:00;6.2065;6.2029;6.2041;6.2043;1366
2015.06.25;04:00:00;6.2049;6.2021;6.2028;6.2047;2551
2015.06.25;08:00:00;6.2043;6.1977;6.1984;6.2029;3433
2015.06.25;12:00:00;6.1991;6.1966;6.1968;6.1984;2581
2015.06.25;16:00:00;6.1974;6.1952;6.1956;6.1967;1131
2015.06.25;20:00:00;6.1963;6.1953;6.1955;6.1957;333
2015.06.26;00:00:00;6.1974;6.1923;6.1958;6.1948;2778
2015.06.26;04:00:00;6.1988;6.1953;6.1973;6.1959;2936
2015.06.26;08:00:00;6.199;6.1944;6.1976;6.1972;1505
2015.06.26;12:00:00;6.2016;6.1973;6.2004;6.1977;1102
2015.06.26;16:00:00;6.2004;6.1984;6.1984;6.2004;191
2015.06.26;20:00:00;6.2024;6.2006;6.2021;6.2007;509
2015.06.29;00:00:00;6.2036;6.2007;6.2016;6.2019;1067
2015.06.29;04:00:00;6.2019;6.2002;6.2005;6.2016;936
2015.06.29;08:00:00;6.2009;6.2001;6.2002;6.2005;1496
2015.06.29;12:00:00;6.2003;6.2;6.2;6.2002;1081
2015.06.29;16:00:00;6.2039;6.2026;6.2037;6.2027;1593
2015.06.29;20:00:00;6.2073;6.2034;6.2057;6.2037;3968
2015.06.30;00:00:00;6.2067;6.2037;6.2067;6.2057;1508
2015.06.30;04:00:00;6.2082;6.205;6.208;6.2066;1018
2015.06.30;08:00:00;6.2086;6.208;6.2081;6.2081;342
2015.06.30;12:00:00;6.2072;6.2046;6.205;6.2066;1287
2015.06.30;16:00:00;6.206;6.2025;6.2032;6.2051;2124
2015.06.30;20:00:00;6.2075;6.2032;6.2064;6.2033;1286
2015.07.01;00:00:00;6.2067;6.2033;6.2053;6.2065;1257
2015.07.01;04:00:00;6.2055;6.2035;6.2036;6.2053;542
2015.07.01;08:00:00;6.2047;6.2019;6.2023;6.2026;1367
2015.07.01;12:00:00;6.2047;6.1993;6.2027;6.2023;3044
2015.07.01;16:00:00;6.2054;6.2025;6.2045;6.2027;1123
2015.07.01;20:00:00;6.2048;6.203;6.203;6.2045;691
2015.07.02;00:00:00;6.2036;6.2026;6.2026;6.203;749
2015.07.02;04:00:00;6.2037;6.201;6.2026;6.2012;2074
2015.07.02;08:00:00;6.204;6.2012;6.2025;6.2026;2342
2015.07.02;12:00:00;6.2036;6.2011;6.2021;6.2026;980
2015.07.02;16:00:00;6.2033;6.2008;6.2014;6.2021;1037
2015.07.02;20:00:00;6.2016;6.2005;6.2005;6.2012;283
2015.07.03;00:00:00;6.2028;6.1966;6.2003;6.2023;1744
2015.07.03;04:00:00;6.2039;6.1993;6.2032;6.2002;1767
2015.07.03;08:00:00;6.2046;6.2012;6.2015;6.2032;1183
2015.07.03;12:00:00;6.2046;6.2007;6.2046;6.2014;1297
2015.07.03;16:00:00;6.2046;6.2037;6.2039;6.2046;1041
2015.07.03;20:00:00;6.2048;6.2006;6.201;6.2039;1680
2015.07.06;00:00:00;6.2017;6.1981;6.201;6.2009;1834
2015.07.06;04:00:00;6.2032;6.2001;6.2012;6.2009;1839
2015.07.06;08:00:00;6.2013;6.1984;6.1991;6.2011;1584
2015.07.06;12:00:00;6.1999;6.1983;6.1994;6.1992;968
2015.07.06;16:00:00;6.1999;6.1971;6.1984;6.198;1535
2015.07.06;20:00:00;6.2008;6.1981;6.2001;6.1985;2340
2015.07.07;00:00:00;6.2004;6.1985;6.1989;6.2001;1564
2015.07.07;04:00:00;6.199;6.1974;6.1982;6.1989;1130
2015.07.07;08:00:00;6.1987;6.1976;6.1979;6.1984;397
2015.07.07;12:00:00;6.2037;6.1983;6.2031;6.1986;1523
2015.07.07;16:00:00;6.2062;6.2;6.2027;6.2032;2970
2015.07.07;20:00:00;6.2051;6.2026;6.2051;6.2027;1002
2015.07.08;00:00:00;6.2079;6.2045;6.2051;6.2051;1879
2015.07.08;04:00:00;6.2062;6.2025;6.2025;6.2051;912
2015.07.08;08:00:00;6.2118;6.2056;6.2081;6.206;2823
2015.07.08;12:00:00;6.2084;6.204;6.2059;6.208;2615
2015.07.08;16:00:00;6.2111;6.2059;6.2102;6.2059;1961
2015.07.08;20:00:00;6.2133;6.2088;6.2106;6.2101;2465
2015.07.09;00:00:00;6.2121;6.2085;6.2085;6.2106;253
2015.07.09;04:00:00;6.212;6.2073;6.2089;6.2102;2196
2015.07.09;08:00:00;6.2114;6.2083;6.2112;6.2089;2591
2015.07.09;12:00:00;6.2142;6.211;6.2118;6.2111;1983
2015.07.09;16:00:00;6.2129;6.2086;6.2088;6.2117;851
2015.07.09;20:00:00;6.2094;6.207;6.2077;6.2089;897
2015.07.10;00:00:00;6.2104;6.2086;6.2093;6.2087;2203
2015.07.10;04:00:00;6.2129;6.2087;6.212;6.2093;2734
2015.07.10;08:00:00;6.214;6.2101;6.2102;6.2121;1759
2015.07.10;12:00:00;6.2118;6.2096;6.2102;6.2101;1065
2015.07.10;16:00:00;6.2106;6.2091;6.2106;6.2102;631
2015.07.10;20:00:00;6.2122;6.2073;6.2086;6.2118;1586
2015.07.13;00:00:00;6.2094;6.2072;6.2086;6.2085;2378
2015.07.13;04:00:00;6.2112;6.207;6.2074;6.2087;2469
2015.07.13;08:00:00;6.2096;6.2072;6.2092;6.2074;1662
2015.07.13;12:00:00;6.2092;6.2065;6.2065;6.2092;636
2015.07.13;16:00:00;6.211;6.2083;6.2102;6.2087;1818
2015.07.13;20:00:00;6.2107;6.2089;6.2105;6.2103;1934
2015.07.14;00:00:00;6.2114;6.2081;6.2108;6.2105;1666
2015.07.14;04:00:00;6.2115;6.2098;6.2111;6.2107;776
2015.07.14;08:00:00;6.2112;6.2104;6.2106;6.2111;255
2015.07.14;12:00:00;6.2112;6.2096;6.2103;6.2106;1028
2015.07.14;16:00:00;6.2132;6.2099;6.2129;6.2103;2423
2015.07.14;20:00:00;6.2186;6.2128;6.2135;6.2128;2224
2015.07.15;00:00:00;6.2157;6.2116;6.2139;6.2135;1113
2015.07.15;04:00:00;6.2156;6.2123;6.2123;6.2138;444
2015.07.15;08:00:00;6.2139;6.2113;6.2122;6.2136;2012
2015.07.15;12:00:00;6.2138;6.211;6.2119;6.2122;1868
2015.07.15;16:00:00;6.2127;6.2112;6.2119;6.212;905
2015.07.15;20:00:00;6.2129;6.2112;6.2115;6.2118;764
2015.07.16;00:00:00;6.2119;6.211;6.211;6.2115;394
2015.07.16;04:00:00;6.2101;6.2077;6.21;6.2098;1784
2015.07.16;08:00:00;6.2104;6.2089;6.2095;6.2099;1799
2015.07.16;12:00:00;6.2104;6.2094;6.2097;6.2094;542
2015.07.16;16:00:00;6.2106;6.2091;6.2099;6.2096;829
2015.07.16;20:00:00;6.2098;6.2078;6.2078;6.2097;355
2015.07.17;00:00:00;6.2097;6.2071;6.2093;6.2079;2191
2015.07.17;04:00:00;6.2097;6.208;6.208;6.2093;1968
2015.07.17;08:00:00;6.2089;6.2068;6.207;6.2079;889
2015.07.17;12:00:00;6.2074;6.2052;6.2052;6.2069;1469
2015.07.17;16:00:00;6.2058;6.2018;6.202;6.2052;1329
2015.07.17;20:00:00;6.2072;6.2043;6.2065;6.2046;1322
2015.07.20;00:00:00;6.2078;6.2036;6.2039;6.2064;2111
2015.07.20;04:00:00;6.2046;6.2016;6.2018;6.2038;1174
2015.07.20;08:00:00;6.2047;6.2012;6.2026;6.2019;995
2015.07.20;12:00:00;6.2032;6.2017;6.2017;6.2027;488
2015.07.20;16:00:00;6.2063;6.2025;6.2052;6.2028;1051
2015.07.20;20:00:00;6.2131;6.2043;6.2074;6.2051;2366
2015.07.21;00:00:00;6.2084;6.2041;6.2055;6.2073;959
2015.07.21;04:00:00;6.2068;6.2046;6.2052;6.2055;832
2015.07.21;08:00:00;6.2066;6.202;6.202;6.2052;272
2015.07.21;12:00:00;6.2048;6.2027;6.2033;6.2037;714
2015.07.21;16:00:00;6.2042;6.2013;6.202;6.2032;961
2015.07.21;20:00:00;6.2045;6.2019;6.2031;6.2019;688
2015.07.22;00:00:00;6.2033;6.2014;6.2021;6.2031;523
2015.07.22;04:00:00;6.2029;6.2016;6.2016;6.2024;404
2015.07.22;08:00:00;6.205;6.2021;6.2037;6.2037;2021
2015.07.22;12:00:00;6.2039;6.1991;6.1997;6.2038;2521
2015.07.22;16:00:00;6.2025;6.1995;6.2022;6.1997;1418
2015.07.22;20:00:00;6.2027;6.1995;6.2006;6.2022;1202
2015.07.23;00:00:00;6.2005;6.1986;6.1986;6.2005;340
2015.07.23;04:00:00;6.2022;6.2003;6.2016;6.2003;1263
2015.07.23;08:00:00;6.2038;6.2013;6.2029;6.2017;2196
2015.07.23;12:00:00;6.2032;6.2013;6.2024;6.203;1195
2015.07.23;16:00:00;6.2033;6.2012;6.2012;6.2024;1101
2015.07.23;20:00:00;6.2013;6.1993;6.1993;6.2012;675
2015.07.24;00:00:00;6.2081;6.2051;6.2072;6.2058;1304
2015.07.24;04:00:00;6.2073;6.204;6.2055;6.2071;1961
2015.07.24;08:00:00;6.206;6.2021;6.2032;6.2055;1291
2015.07.24;12:00:00;6.2039;6.2018;6.2021;6.2032;864
2015.07.24;16:00:00;6.2038;6.2014;6.2014;6.202;503
2015.07.24;20:00:00;6.2102;6.2069;6.2078;6.207;1727
2015.07.27;00:00:00;6.2083;6.2045;6.2056;6.2077;1825
2015.07.27;04:00:00;6.2087;6.2043;6.2084;6.2055;874
2015.07.27;08:00:00;6.2088;6.2041;6.2048;6.2083;1464
2015.07.27;12:00:00;6.2054;6.2026;6.2026;6.2047;302
2015.07.27;16:00:00;6.2132;6.2098;6.2128;6.212;1707
2015.07.27;20:00:00;6.2128;6.2067;6.2078;6.2128;2796
2015.07.28;00:00:00;6.2091;6.207;6.2082;6.2078;1145
2015.07.28;04:00:00;6.2082;6.2059;6.2062;6.2081;1125
2015.07.28;08:00:00;6.2067;6.2057;6.2058;6.2062;578
2015.07.28;12:00:00;6.2075;6.2054;6.2064;6.2073;1342
2015.07.28;16:00:00;6.2065;6.2039;6.2057;6.2064;2014
2015.07.28;20:00:00;6.2058;6.2023;6.2036;6.2058;1040
2015.07.29;00:00:00;6.2044;6.2005;6.2036;6.2036;781
2015.07.29;04:00:00;6.2063;6.2037;6.2055;6.2038;451
2015.07.29;08:00:00;6.2046;6.2024;6.2026;6.2044;556
2015.07.29;12:00:00;6.2039;6.2011;6.2019;6.2026;1217
2015.07.29;16:00:00;6.2041;6.2018;6.2039;6.2018;597
2015.07.29;20:00:00;6.2045;6.2025;6.2044;6.204;813
2015.07.30;00:00:00;6.2044;6.2024;6.2024;6.2043;299
2015.07.30;04:00:00;6.2057;6.2031;6.2036;6.2042;1105
2015.07.30;08:00:00;6.2051;6.2014;6.202;6.2035;1811
2015.07.30;12:00:00;6.2034;6.2015;6.2031;6.2019;1144
2015.07.30;16:00:00;6.2031;6.2016;6.2017;6.2031;850
2015.07.30;20:00:00;6.202;6.2013;6.2014;6.2017;124
2015.07.31;00:00:00;6.2049;6.2016;6.2043;6.2016;1148
2015.07.31;04:00:00;6.2056;6.2029;6.2045;6.2042;1234
2015.07.31;08:00:00;6.2049;6.2035;6.2042;6.2044;526
2015.07.31;12:00:00;6.2071;6.2038;6.2053;6.2043;1270
2015.07.31;16:00:00;6.2068;6.2009;6.2009;6.2052;743
2015.07.31;20:00:00;6.2109;6.205;6.2106;6.2051;1046
2015.08.03;00:00:00;6.2141;6.2099;6.2119;6.2107;2414
2015.08.03;04:00:00;6.217;6.2106;6.2114;6.212;1473
2015.08.03;08:00:00;6.213;6.2106;6.2106;6.2114;917
2015.08.03;12:00:00;6.2131;6.2095;6.2096;6.2107;1063
2015.08.03;16:00:00;6.214;6.2117;6.2137;6.212;2072
2015.08.03;20:00:00;6.2233;6.2133;6.2199;6.2137;3371
2015.08.04;00:00:00;6.2212;6.2177;6.2205;6.22;2042
2015.08.04;04:00:00;6.2269;6.2206;6.2251;6.2207;2550
2015.08.04;08:00:00;6.2251;6.2191;6.2207;6.2251;1193
2015.08.04;12:00:00;6.2283;6.2158;6.2177;6.2237;2951
2015.08.04;16:00:00;6.2221;6.2158;6.2168;6.2176;3240
2015.08.04;20:00:00;6.2182;6.2141;6.2171;6.2167;1538
2015.08.05;00:00:00;6.2184;6.2163;6.2167;6.217;784
2015.08.05;04:00:00;6.2218;6.2166;6.2213;6.2166;642
2015.08.05;08:00:00;6.2184;6.2121;6.2123;6.2177;2969
2015.08.05;12:00:00;6.2181;6.2109;6.2148;6.2121;2389
2015.08.05;16:00:00;6.2172;6.2145;6.2167;6.2149;920
2015.08.05;20:00:00;6.219;6.2145;6.2189;6.2164;836
2015.08.06;00:00:00;6.2189;6.2151;6.2156;6.2189;604
2015.08.06;04:00:00;6.2159;6.2117;6.2144;6.2127;2787
2015.08.06;08:00:00;6.2158;6.213;6.2146;6.2143;2093
2015.08.06;12:00:00;6.2161;6.2122;6.2128;6.2145;1200
2015.08.06;16:00:00;6.2151;6.2126;6.2147;6.2129;891
2015.08.06;20:00:00;6.2176;6.2107;6.2107;6.2146;953
2015.08.07;00:00:00;6.2167;6.2131;6.2139;6.2159;1281
2015.08.07;04:00:00;6.2158;6.2134;6.2152;6.2138;2013
2015.08.07;08:00:00;6.216;6.214;6.2155;6.2151;1037
2015.08.07;12:00:00;6.2169;6.215;6.2159;6.2156;775
2015.08.07;16:00:00;6.2168;6.2151;6.2151;6.216;3539
2015.08.07;20:00:00;6.2158;6.2133;6.214;6.2155;849
2015.08.10;00:00:00;6.2154;6.213;6.2141;6.2139;1474
2015.08.10;04:00:00;6.2144;6.2129;6.2136;6.214;889
2015.08.10;08:00:00;6.2143;6.2121;6.2131;6.2135;642
2015.08.10;12:00:00;6.2138;6.212;6.2127;6.2131;289
2015.08.10;16:00:00;6.2143;6.2118;6.2137;6.214;1292
2015.08.10;20:00:00;6.2144;6.2112;6.2122;6.2137;1774
2015.08.11;00:00:00;6.2135;6.2114;6.2133;6.2121;687
2015.08.11;04:00:00;6.2147;6.2117;6.2144;6.2133;669
2015.08.11;08:00:00;6.2152;6.2135;6.214;6.2145;320
2015.08.11;12:00:00;6.2153;6.2123;6.2136;6.2142;3141
2015.08.11;16:00:00;6.2148;6.2128;6.2131;6.2137;1219
2015.08.11;20:00:00;6.2149;6.2121;6.2128;6.2132;786
2015.08.12;00:00:00;6.2132;6.2121;6.2127;6.2129;394
2015.08.12;04:00:00;6.2131;6.2119;6.2119;6.2128;486
2015.08.12;08:00:00;6.214;6.2118;6.2127;6.2138;785
2015.08.12;12:00:00;6.214;6.212;6.2122;6.2127;967
2015.08.12;16:00:00;6.2131;6.2116;6.2117;6.2122;668
2015.08.12;20:00:00;6.2128;6.2113;6.2123;6.2119;283
2015.08.13;00:00:00;6.2124;6.2109;6.2109;6.2124;74
2015.08.13;04:00:00;6.2134;6.2117;6.2121;6.2119;759
2015.08.13;08:00:00;6.2133;6.2119;6.213;6.212;755
2015.08.13;12:00:00;6.2136;6.2126;6.2136;6.213;435
2015.08.13;16:00:00;6.2138;6.2126;6.2128;6.2136;348
2015.08.13;20:00:00;6.2133;6.2124;6.2124;6.2129;143
2015.08.14;00:00:00;6.2135;6.2119;6.2122;6.2134;474
2015.08.14;04:00:00;6.2125;6.2082;6.2083;6.2123;1233
2015.08.14;08:00:00;6.2096;6.2075;6.2079;6.2082;1049
2015.08.14;12:00:00;6.2084;6.2069;6.2084;6.208;931
2015.08.14;16:00:00;6.2084;6.208;6.208;6.2083;61
2015.08.14;20:00:00;6.2101;6.2072;6.2098;6.2075;794
2015.08.17;00:00:00;6.2111;6.2087;6.2101;6.2098;1006
2015.08.17;04:00:00;6.2116;6.2098;6.2109;6.2101;438
2015.08.17;08:00:00;6.2121;6.2104;6.2113;6.2108;490
2015.08.17;12:00:00;6.2115;6.2088;6.2097;6.2112;260
2015.08.17;16:00:00;6.2164;6.212;6.216;6.2125;1186
2015.08.17;20:00:00;6.217;6.2117;6.2141;6.216;1838
2015.08.18;00:00:00;6.2142;6.2112;6.2125;6.214;867
2015.08.18;04:00:00;6.2138;6.2119;6.212;6.2123;621
2015.08.18;08:00:00;6.2128;6.2116;6.2122;6.212;848
2015.08.18;12:00:00;6.2232;6.2128;6.2206;6.213;4168
2015.08.18;16:00:00;6.2232;6.2174;6.2217;6.2206;2887
2015.08.18;20:00:00;6.2259;6.2205;6.2256;6.2216;1998
2015.08.19;00:00:00;6.2277;6.2247;6.2253;6.2255;1649
2015.08.19;04:00:00;6.2266;6.2241;6.2242;6.2254;523
2015.08.19;08:00:00;6.2227;6.2184;6.2224;6.2213;1581
2015.08.19;12:00:00;6.2281;6.2193;6.2197;6.2224;2941
2015.08.19;16:00:00;6.2249;6.2186;6.2202;6.2198;1405
2015.08.19;20:00:00;6.2217;6.2196;6.2198;6.2202;1032
2015.08.20;00:00:00;6.22;6.2178;6.2185;6.2198;343
2015.08.20;04:00:00;6.2199;6.2152;6.2158;6.2193;1646
2015.08.20;08:00:00;6.2179;6.2152;6.2166;6.2157;1424
2015.08.20;12:00:00;6.2183;6.2164;6.2178;6.2165;681
2015.08.20;16:00:00;6.2181;6.2134;6.214;6.2178;910
2015.08.20;20:00:00;6.216;6.2136;6.2158;6.214;689
2015.08.21;00:00:00;6.2156;6.2126;6.2152;6.2143;1249
2015.08.21;04:00:00;6.2178;6.2142;6.2171;6.2152;1715
2015.08.21;08:00:00;6.2183;6.2155;6.2166;6.2171;610
2015.08.21;12:00:00;6.2181;6.216;6.2167;6.2166;534
2015.08.21;16:00:00;6.218;6.2151;6.2155;6.2167;586
2015.08.21;20:00:00;6.2189;6.2162;6.2174;6.2171;1154
2015.08.24;00:00:00;6.2196;6.2172;6.2193;6.2175;1408
2015.08.24;04:00:00;6.2219;6.2175;6.2187;6.2192;1406
2015.08.24;08:00:00;6.2199;6.2176;6.2185;6.2187;760
2015.08.24;12:00:00;6.2196;6.2184;6.2188;6.2184;317
2015.08.24;16:00:00;6.2207;6.2178;6.2206;6.2204;1322
2015.08.24;20:00:00;6.2232;6.2198;6.2231;6.2206;1831
2015.08.25;00:00:00;6.2232;6.2139;6.2139;6.2232;2104
2015.08.25;04:00:00;6.2203;6.2138;6.2189;6.2138;1310
2015.08.25;08:00:00;6.2206;6.219;6.2198;6.2192;490
2015.08.25;12:00:00;6.22;6.2176;6.2187;6.2181;1267
2015.08.25;16:00:00;6.2196;6.2161;6.2175;6.2187;1541
2015.08.25;20:00:00;6.2185;6.217;6.2173;6.2176;692
2015.08.26;00:00:00;6.218;6.2169;6.2179;6.2174;380
2015.08.26;04:00:00;6.2195;6.2175;6.2178;6.2179;923
2015.08.26;08:00:00;6.2184;6.2153;6.216;6.2183;2762
2015.08.26;12:00:00;6.2166;6.2151;6.2158;6.2159;1175
2015.08.26;16:00:00;6.216;6.214;6.2156;6.2158;511
2015.08.26;20:00:00;6.2174;6.2156;6.2171;6.2157;645
2015.08.27;00:00:00;6.2183;6.2171;6.2176;6.2172;469
2015.08.27;04:00:00;6.2251;6.2181;6.2197;6.2209;1976
2015.08.27;08:00:00;6.2198;6.2168;6.2176;6.2197;1208
2015.08.27;12:00:00;6.218;6.2151;6.2174;6.2175;794
2015.08.27;16:00:00;6.219;6.2162;6.2167;6.2174;720
2015.08.27;20:00:00;6.2169;6.2163;6.2164;6.2167;177
2015.08.28;00:00:00;6.2184;6.2173;6.2182;6.218;714
2015.08.28;04:00:00;6.2191;6.2169;6.2179;6.2181;1068
2015.08.28;08:00:00;6.2186;6.2171;6.2173;6.2178;581
2015.08.28;12:00:00;6.2182;6.2166;6.2179;6.2173;326
2015.08.28;16:00:00;6.2179;6.2164;6.2165;6.2179;138
2015.08.28;20:00:00;6.2178;6.2156;6.2169;6.2173;750
2015.08.31;00:00:00;6.2174;6.2154;6.2168;6.2168;930
2015.08.31;04:00:00;6.2186;6.2157;6.2171;6.2168;1352
2015.08.31;08:00:00;6.2173;6.2147;6.2152;6.2171;639
2015.08.31;12:00:00;6.2156;6.2121;6.2121;6.2152;191
2015.08.31;16:00:00;6.2178;6.2155;6.216;6.2174;594
2015.08.31;20:00:00;6.2161;6.2144;6.2149;6.2159;832
2015.09.01;00:00:00;6.2158;6.2142;6.2149;6.2149;686
2015.09.01;04:00:00;6.215;6.2139;6.214;6.2149;676
2015.09.01;08:00:00;6.2145;6.2127;6.2128;6.214;213
2015.09.01;12:00:00;6.3612;6.254;6.3609;6.2796;15589
2015.09.01;16:00:00;6.3881;6.3488;6.3831;6.3611;19732
2015.09.01;20:00:00;6.3991;6.3749;6.3808;6.3832;12678
2015.09.02;00:00:00;6.4337;6.3807;6.3975;6.3809;6289
2015.09.02;04:00:00;6.4041;6.383;6.3838;6.3975;1818
2015.09.02;08:00:00;6.5524;6.469;6.5378;6.5148;14164
2015.09.02;12:00:00;6.5933;6.5016;6.5422;6.5378;18377
2015.09.02;16:00:00;6.5541;6.5138;6.5458;6.5419;9398
2015.09.02;20:00:00;6.5557;6.4746;6.4911;6.5458;11397
2015.09.03;00:00:00;6.496;6.4245;6.429;6.4909;4256
2015.09.03;04:00:00;6.4895;6.4319;6.4568;6.4768;12583
2015.09.03;08:00:00;6.4594;6.4337;6.4527;6.4556;15272
2015.09.03;12:00:00;6.4724;6.4525;6.4619;6.4528;8365
2015.09.03;16:00:00;6.4652;6.4549;6.459;6.4616;4190
2015.09.03;20:00:00;6.4616;6.4556;6.4569;6.4589;972
2015.09.04;00:00:00;6.449;6.4255;6.4408;6.4478;5194
2015.09.04;04:00:00;6.4461;6.4339;6.4367;6.4411;5389
2015.09.04;08:00:00;6.4475;6.4337;6.4475;6.4367;2012
2015.09.04;12:00:00;6.451;6.4412;6.445;6.4473;1724
2015.09.04;16:00:00;6.4523;6.4426;6.447;6.4452;419
2015.09.04;20:00:00;6.4496;6.4295;6.4382;6.449;6712
2015.09.07;00:00:00;6.4446;6.4341;6.4427;6.4384;4886
2015.09.07;04:00:00;6.4481;6.4416;6.4423;6.4426;4461
2015.09.07;08:00:00;6.4449;6.4398;6.4412;6.4422;2738
2015.09.07;12:00:00;6.4447;6.44;6.4404;6.4412;3147
2015.09.07;16:00:00;6.4515;6.4313;6.4453;6.4387;7724
2015.09.07;20:00:00;6.4475;6.4361;6.4391;6.4452;7168
2015.09.08;00:00:00;6.4421;6.4356;6.4401;6.4388;4295
2015.09.08;04:00:00;6.442;6.4371;6.4405;6.4401;3070
2015.09.08;08:00:00;6.4411;6.4389;6.4391;6.4405;770
2015.09.08;12:00:00;6.4425;6.4346;6.441;6.4375;4449
2015.09.08;16:00:00;6.441;6.4345;6.4364;6.4409;3406
2015.09.08;20:00:00;6.4435;6.4349;6.4426;6.4364;5917
2015.09.09;00:00:00;6.4614;6.4384;6.4568;6.4426;4857
2015.09.09;04:00:00;6.462;6.4429;6.4588;6.4568;3267
2015.09.09;08:00:00;6.4473;6.4362;6.4383;6.4435;5404
2015.09.09;12:00:00;6.451;6.4382;6.4445;6.4384;5668
2015.09.09;16:00:00;6.4497;6.4435;6.4468;6.4445;6412
2015.09.09;20:00:00;6.4503;6.4421;6.4502;6.4465;6662
2015.09.10;00:00:00;6.4504;6.4364;6.4364;6.4501;3064
2015.09.10;04:00:00;6.4524;6.4378;6.4513;6.4389;9013
2015.09.10;08:00:00;6.4525;6.4416;6.4484;6.4513;7579
2015.09.10;12:00:00;6.4522;6.4446;6.4461;6.4484;5644
2015.09.10;16:00:00;6.4509;6.4443;6.4484;6.4461;3892
2015.09.10;20:00:00;6.4547;6.4472;6.4473;6.4484;1674
2015.09.11;00:00:00;6.4709;6.4596;6.4668;6.4624;12095
2015.09.11;04:00:00;6.5006;6.464;6.4976;6.4668;9027
2015.09.11;08:00:00;6.5281;6.4958;6.5181;6.4977;6304
2015.09.11;12:00:00;6.5193;6.4713;6.4744;6.5183;5611
2015.09.11;16:00:00;6.4976;6.4737;6.4877;6.4748;1505
2015.09.11;20:00:00;6.4852;6.4641;6.4805;6.4807;7928
2015.09.14;00:00:00;6.4828;6.4508;6.4681;6.4808;9110
2015.09.14;04:00:00;6.4966;6.4655;6.4914;6.468;6859
2015.09.14;08:00:00;6.5003;6.4832;6.499;6.491;4128
2015.09.14;12:00:00;6.5118;6.4985;6.5068;6.4991;3473
2015.09.14;16:00:00;6.5025;6.48;6.4814;6.4932;11024
2015.09.14;20:00:00;6.491;6.4799;6.4858;6.4813;7532
2015.09.15;00:00:00;6.4922;6.4819;6.4884;6.4858;4856
2015.09.15;04:00:00;6.4947;6.486;6.4921;6.4885;2283
2015.09.15;08:00:00;6.4929;6.4855;6.4855;6.492;2990
2015.09.15;12:00:00;6.4838;6.4704;6.4802;6.4817;7604
2015.09.15;16:00:00;6.4858;6.4721;6.4744;6.48;7967
2015.09.15;20:00:00;6.4832;6.4744;6.4804;6.4745;3525
2015.09.16;00:00:00;6.4853;6.476;6.4813;6.4804;4434
2015.09.16;04:00:00;6.4831;6.4737;6.4753;6.4813;4614
2015.09.16;08:00:00;6.4671;6.4488;6.4557;6.4671;6572
2015.09.16;12:00:00;6.4637;6.4491;6.4612;6.4557;4483
2015.09.16;16:00:00;6.464;6.4565;6.4577;6.4611;6251
2015.09.16;20:00:00;6.4611;6.4567;6.4603;6.4577;2867
2015.09.17;00:00:00;6.4617;6.4563;6.4593;6.4604;1490
2015.09.17;04:00:00;6.4524;6.4399;6.4423;6.4524;6495
2015.09.17;08:00:00;6.4458;6.4404;6.4442;6.4424;5184
2015.09.17;12:00:00;6.4464;6.4426;6.4444;6.4441;2836
2015.09.17;16:00:00;6.4448;6.44;6.4403;6.4444;3092
2015.09.17;20:00:00;6.446;6.4398;6.44;6.4402;5646
2015.09.18;00:00:00;6.4423;6.409;6.4104;6.4414;9278
2015.09.18;04:00:00;6.4187;6.4065;6.4174;6.4105;8087
2015.09.18;08:00:00;6.4276;6.4166;6.4264;6.4175;11499
2015.09.18;12:00:00;6.4284;6.417;6.42;6.4264;5181
2015.09.18;16:00:00;6.4207;6.4146;6.4149;6.42;3490
2015.09.18;20:00:00;6.4391;6.4123;6.4383;6.4136;10673
2015.09.21;00:00:00;6.457;6.4333;6.4515;6.4383;10786
2015.09.21;04:00:00;6.4569;6.4426;6.4453;6.4515;7074
2015.09.21;08:00:00;6.4512;6.4367;6.4469;6.4453;4560
2015.09.21;12:00:00;6.4484;6.4424;6.4446;6.4467;4302
2015.09.21;16:00:00;6.4504;6.4386;6.4466;6.448;4372
2015.09.21;20:00:00;6.4535;6.4434;6.4491;6.4466;7491
2015.09.22;00:00:00;6.4509;6.4452;6.4481;6.4491;11292
2015.09.22;04:00:00;6.4493;6.4425;6.4468;6.4481;4402
2015.09.22;08:00:00;6.4495;6.4465;6.4477;6.4468;2130
2015.09.22;12:00:00;6.454;6.4468;6.4519;6.4492;4170
2015.09.22;16:00:00;6.4539;6.4502;6.4527;6.4519;2768
2015.09.22;20:00:00;6.4704;6.4517;6.4591;6.4527;9037
2015.09.23;00:00:00;6.4677;6.4583;6.4672;6.4592;4059
2015.09.23;04:00:00;6.4697;6.4629;6.4629;6.4672;770
2015.09.23;08:00:00;6.4674;6.4481;6.4637;6.4495;8158
2015.09.23;12:00:00;6.491;6.4567;6.4871;6.4637;7895
2015.09.23;16:00:00;6.4875;6.4726;6.4727;6.4871;6650
2015.09.23;20:00:00;6.4774;6.4703;6.4762;6.4727;2697
2015.09.24;00:00:00;6.4799;6.4747;6.4757;6.4764;251
2015.09.24;04:00:00;6.4926;6.4599;6.4669;6.4913;10670
2015.09.24;08:00:00;6.4678;6.4556;6.4595;6.4668;8398
2015.09.24;12:00:00;6.4607;6.452;6.4557;6.4596;11477
2015.09.24;16:00:00;6.4613;6.4554;6.457;6.4556;2831
2015.09.24;20:00:00;6.4572;6.4508;6.4522;6.457;1552
2015.09.25;00:00:00;6.4556;6.4447;6.4551;6.4456;5290
2015.09.25;04:00:00;6.4707;6.4537;6.4637;6.4552;9547
2015.09.25;08:00:00;6.4683;6.46;6.4608;6.4638;9114
2015.09.25;12:00:00;6.4664;6.4607;6.4641;6.4608;4635
2015.09.25;16:00:00;6.4667;6.4618;6.4643;6.464;1487
2015.09.25;20:00:00;6.4815;6.4638;6.4703;6.4775;6218
2015.09.28;00:00:00;6.4702;6.3884;6.395;6.4702;14642
2015.09.28;04:00:00;6.4065;6.378;6.3892;6.395;10731
2015.09.28;08:00:00;6.4001;6.384;6.3893;6.3892;5123
2015.09.28;12:00:00;6.3923;6.3845;6.3845;6.3897;2859
2015.09.28;16:00:00;6.4057;6.3779;6.3977;6.3811;6361
2015.09.28;20:00:00;6.4178;6.397;6.4161;6.3977;7865
2015.09.29;00:00:00;6.4168;6.3976;6.4038;6.4161;13640
2015.09.29;04:00:00;6.4134;6.4033;6.408;6.4039;3891
2015.09.29;08:00:00;6.4099;6.4053;6.4053;6.4076;882
2015.09.29;12:00:00;6.41;6.3992;6.4031;6.4082;5234
2015.09.29;16:00:00;6.4071;6.398;6.402;6.4031;3741
2015.09.29;20:00:00;6.4042;6.3988;6.4031;6.4019;5229
2015.09.30;00:00:00;6.4041;6.4005;6.4012;6.4031;1446
2015.09.30;04:00:00;6.4041;6.3997;6.4011;6.401;764
2015.09.30;08:00:00;6.4021;6.3958;6.3991;6.4001;4946
2015.09.30;12:00:00;6.4012;6.3971;6.3996;6.3991;2324
2015.09.30;16:00:00;6.4031;6.3986;6.4007;6.3997;1030
2015.09.30;20:00:00;6.4061;6.3993;6.4057;6.4007;1444
2015.10.01;00:00:00;6.4107;6.4052;6.4072;6.4058;655
2015.10.01;04:00:00;6.406;6.4013;6.4041;6.4049;3009
2015.10.01;08:00:00;6.404;6.4002;6.4027;6.404;2103
2015.10.01;12:00:00;6.4067;6.4027;6.4041;6.4028;1152
2015.10.01;16:00:00;6.4051;6.4012;6.402;6.4041;3043
2015.10.01;20:00:00;6.4039;6.401;6.401;6.4019;655
2015.10.02;00:00:00;6.4028;6.3981;6.4017;6.4001;2494
2015.10.02;04:00:00;6.4078;6.4006;6.4072;6.4017;2425
2015.10.02;08:00:00;6.4115;6.407;6.4082;6.4071;1646
2015.10.02;12:00:00;6.4124;6.4076;6.4087;6.4081;2857
2015.10.02;16:00:00;6.4089;6.3967;6.398;6.4087;1826
2015.10.02;20:00:00;6.3996;6.391;6.391;6.3962;3848
2015.10.05;00:00:00;6.3956;6.3894;6.391;6.391;4827
2015.10.05;04:00:00;6.3912;6.3856;6.3863;6.391;1735
2015.10.05;08:00:00;6.3873;6.3839;6.3843;6.3863;1778
2015.10.05;12:00:00;6.3874;6.383;6.383;6.3844;1770
2015.10.05;16:00:00;6.4018;6.395;6.4014;6.3953;2312
2015.10.05;20:00:00;6.4065;6.3994;6.4063;6.4013;3035
2015.10.06;00:00:00;6.4064;6.4011;6.4019;6.4062;2976
2015.10.06;04:00:00;6.4034;6.397;6.3994;6.4019;3263
2015.10.06;08:00:00;6.3999;6.395;6.395;6.3995;1267
2015.10.06;12:00:00;6.4064;6.3994;6.4062;6.4014;6956
2015.10.06;16:00:00;6.4118;6.4012;6.4105;6.4063;4450
2015.10.06;20:00:00;6.415;6.4045;6.4148;6.4106;6047
2015.10.07;00:00:00;6.4179;6.4137;6.4151;6.415;2922
2015.10.07;04:00:00;6.4185;6.413;6.413;6.415;1676
2015.10.07;08:00:00;6.4325;6.4113;6.4175;6.4155;11399
2015.10.07;12:00:00;6.4317;6.4174;6.4283;6.4175;6938
2015.10.07;16:00:00;6.438;6.4268;6.4359;6.4284;9032
2015.10.07;20:00:00;6.4382;6.4315;6.4364;6.436;2840
2015.10.08;00:00:00;6.4375;6.4335;6.4349;6.4365;1167
2015.10.08;04:00:00;6.4389;6.4266;6.429;6.4304;5883
2015.10.08;08:00:00;6.4301;6.4227;6.4261;6.4289;4355
2015.10.08;12:00:00;6.4327;6.422;6.4222;6.4263;3104
2015.10.08;16:00:00;6.4262;6.4155;6.417;6.4224;4340
2015.10.08;20:00:00;6.4185;6.4146;6.4146;6.4169;665
2015.10.09;00:00:00;6.4147;6.4068;6.4089;6.4129;2516
2015.10.09;04:00:00;6.409;6.3971;6.3987;6.409;3868
2015.10.09;08:00:00;6.4001;6.3957;6.3972;6.3988;1623
2015.10.09;12:00:00;6.399;6.3949;6.3963;6.3973;3441
2015.10.09;16:00:00;6.3987;6.393;6.393;6.3963;688
2015.10.09;20:00:00;6.3953;6.3861;6.3882;6.3939;1510
2015.10.12;00:00:00;6.3904;6.3794;6.3817;6.3883;3891
2015.10.12;04:00:00;6.3825;6.3754;6.378;6.3817;4239
2015.10.12;08:00:00;6.3787;6.3574;6.3577;6.378;5339
2015.10.12;12:00:00;6.3585;6.3557;6.3557;6.3579;1309
2015.10.12;16:00:00;6.3736;6.3641;6.3683;6.3656;4842
2015.10.12;20:00:00;6.3705;6.3398;6.3414;6.3684;7807
2015.10.13;00:00:00;6.3503;6.3319;6.3441;6.3414;8495
2015.10.13;04:00:00;6.3449;6.3406;6.3437;6.344;5294
2015.10.13;08:00:00;6.3443;6.3423;6.3423;6.3438;415
2015.10.13;12:00:00;6.3531;6.3421;6.3453;6.3445;3947
2015.10.13;16:00:00;6.3528;6.3439;6.3518;6.3454;5357
2015.10.13;20:00:00;6.3651;6.3506;6.3639;6.3519;7470
2015.10.14;00:00:00;6.3655;6.3578;6.3579;6.3638;4432
2015.10.14;04:00:00;6.3659;6.3567;6.3597;6.358;4316
2015.10.14;08:00:00;6.3641;6.3547;6.3602;6.3624;27215
2015.10.14;12:00:00;6.3676;6.3596;6.3616;6.3602;8857
2015.10.14;16:00:00;6.3675;6.3606;6.3638;6.3616;13281
2015.10.14;20:00:00;6.3698;6.3626;6.3658;6.3639;5409
2015.10.15;00:00:00;6.3664;6.3637;6.3637;6.3657;2009
2015.10.15;04:00:00;6.3759;6.3654;6.3735;6.3667;12183
2015.10.15;08:00:00;6.3786;6.373;6.3747;6.3735;8797
2015.10.15;12:00:00;6.3775;6.3619;6.3691;6.3748;7283
2015.10.15;16:00:00;6.3709;6.3574;6.3588;6.3691;7286
2015.10.15;20:00:00;6.3595;6.3531;6.3531;6.3591;226
2015.10.16;00:00:00;6.3621;6.3579;6.3605;6.3615;5375
2015.10.16;04:00:00;6.3621;6.3541;6.3556;6.3604;3620
2015.10.16;08:00:00;6.3556;6.3441;6.3499;6.3556;8311
2015.10.16;12:00:00;6.3501;6.3442;6.3471;6.3499;6344
2015.10.16;16:00:00;6.3475;6.3448;6.3448;6.3472;2967
2015.10.16;20:00:00;6.3583;6.3502;6.3557;6.3509;4855
2015.10.19;00:00:00;6.3563;6.3521;6.3532;6.3556;4500
2015.10.19;04:00:00;6.3562;6.3491;6.3493;6.3532;6534
2015.10.19;08:00:00;6.3516;6.3472;6.3503;6.3494;3505
2015.10.19;12:00:00;6.3505;6.348;6.35;6.3503;647
2015.10.19;16:00:00;6.3527;6.3395;6.3401;6.3527;4365
2015.10.19;20:00:00;6.3422;6.3353;6.3419;6.3402;4314
2015.10.20;00:00:00;6.3417;6.3367;6.3402;6.3417;9787
2015.10.20;04:00:00;6.343;6.3374;6.3401;6.3402;6599
2015.10.20;08:00:00;6.3468;6.34;6.3438;6.34;3412
2015.10.20;12:00:00;6.3562;6.344;6.3537;6.344;5079
2015.10.20;16:00:00;6.3561;6.3507;6.3522;6.3536;3930
2015.10.20;20:00:00;6.3533;6.3499;6.3519;6.3522;4748
2015.10.21;00:00:00;6.3522;6.3471;6.3473;6.3518;7965
2015.10.21;04:00:00;6.3477;6.3377;6.3377;6.3473;1341
2015.10.21;08:00:00;6.3451;6.3404;6.3429;6.3428;3328
2015.10.21;12:00:00;6.3457;6.3404;6.3434;6.3429;2439
2015.10.21;16:00:00;6.3439;6.3382;6.3404;6.3434;3430
2015.10.21;20:00:00;6.3431;6.3382;6.3391;6.3404;3089
2015.10.22;00:00:00;6.3393;6.3361;6.3361;6.3392;282
2015.10.22;04:00:00;6.3366;6.3241;6.3243;6.3366;3241
2015.10.22;08:00:00;6.3245;6.3141;6.3202;6.3244;3994
2015.10.22;12:00:00;6.321;6.3153;6.3166;6.3201;4799
2015.10.22;16:00:00;6.3217;6.3165;6.3205;6.3167;3609
2015.10.22;20:00:00;6.3232;6.3187;6.3198;6.3205;1981
2015.10.23;00:00:00;6.3392;6.3213;6.3392;6.3227;4120
2015.10.23;04:00:00;6.3432;6.3334;6.3431;6.3393;3607
2015.10.23;08:00:00;6.3457;6.3351;6.3377;6.343;4881
2015.10.23;12:00:00;6.3381;6.3322;6.3352;6.3379;4680
2015.10.23;16:00:00;6.3404;6.3353;6.3404;6.3353;552
2015.10.23;20:00:00;6.3497;6.3425;6.3469;6.3437;3523
2015.10.25;23:00:00;6.3523;6.3458;6.3516;6.3468;3809
2015.10.26;00:00:00;6.3548;6.3439;6.3452;6.3517;11412
2015.10.26;04:00:00;6.3469;6.3421;6.3422;6.3453;6535
2015.10.26;08:00:00;6.3421;6.335;6.3358;6.3421;1368
2015.10.26;12:00:00;6.343;6.3389;6.3419;6.3391;2988
2015.10.26;16:00:00;6.3493;6.3416;6.3483;6.3419;3806
2015.10.26;20:00:00;6.3504;6.3415;6.3461;6.3486;10000
2015.10.27;00:00:00;6.3502;6.3442;6.3493;6.3461;4682
2015.10.27;04:00:00;6.3512;6.3462;6.3462;6.3493;437
2015.10.27;08:00:00;6.3633;6.348;6.3617;6.348;5424
2015.10.27;12:00:00;6.3652;6.356;6.3647;6.3618;7384
2015.10.27;16:00:00;6.3672;6.36;6.3613;6.3646;9014
2015.10.27;20:00:00;6.3643;6.3595;6.3634;6.3613;5933
2015.10.28;00:00:00;6.3641;6.3618;6.3618;6.3633;370
2015.10.28;04:00:00;6.3781;6.3647;6.3744;6.3656;6743
2015.10.28;08:00:00;6.3757;6.3664;6.3708;6.3745;6176
2015.10.28;12:00:00;6.3741;6.3707;6.373;6.3709;4286
2015.10.28;16:00:00;6.3781;6.3728;6.3763;6.3729;5791
2015.10.28;20:00:00;6.3878;6.3758;6.3849;6.3762;2047
2015.10.29;00:00:00;6.3818;6.3752;6.3794;6.3811;4389
2015.10.29;04:00:00;6.3794;6.3639;6.3718;6.3793;6657
2015.10.29;08:00:00;6.373;6.3681;6.3701;6.3719;7962
2015.10.29;12:00:00;6.3737;6.3663;6.3733;6.3698;4783
2015.10.29;16:00:00;6.374;6.3675;6.3684;6.3733;1787
2015.10.29;20:00:00;6.3646;6.3553;6.3601;6.3631;3414
2015.10.30;00:00:00;6.3701;6.3596;6.3694;6.3601;5833
2015.10.30;04:00:00;6.3697;6.3647;6.3652;6.3695;5111
2015.10.30;08:00:00;6.3711;6.3644;6.3705;6.3652;5164
2015.10.30;12:00:00;6.3711;6.3658;6.3658;6.3707;920
2015.10.30;16:00:00;6.3754;6.361;6.3739;6.3647;2821
2015.10.30;20:00:00;6.3914;6.3714;6.3864;6.3739;5580
2015.11.02;00:00:00;6.3895;6.3791;6.3841;6.3863;6154
2015.11.02;04:00:00;6.3936;6.3832;6.386;6.3842;4120
2015.11.02;08:00:00;6.3886;6.3839;6.384;6.386;551
2015.11.02;12:00:00;6.3896;6.3821;6.3872;6.383;2874
2015.11.02;16:00:00;6.3905;6.3776;6.3848;6.3873;4751
2015.11.02;20:00:00;6.398;6.3837;6.3933;6.3847;6663
2015.11.03;00:00:00;6.3953;6.3864;6.3947;6.3933;3453
2015.11.03;04:00:00;6.397;6.3917;6.3919;6.3946;464
2015.11.03;08:00:00;6.394;6.3875;6.3888;6.3936;1755
2015.11.03;12:00:00;6.393;6.3876;6.3889;6.3889;2370
2015.11.03;16:00:00;6.3896;6.3861;6.3873;6.3889;3103
2015.11.03;20:00:00;6.3878;6.3859;6.3865;6.3872;650
2015.11.04;00:00:00;6.3882;6.3854;6.3872;6.3866;283
2015.11.04;04:00:00;6.3876;6.3822;6.3856;6.3824;3242
2015.11.04;08:00:00;6.395;6.3843;6.3919;6.3855;3957
2015.11.04;12:00:00;6.394;6.3872;6.393;6.3919;3748
2015.11.04;16:00:00;6.393;6.3888;6.3911;6.393;4181
2015.11.04;20:00:00;6.3938;6.3907;6.3931;6.391;728
2015.11.05;00:00:00;6.4034;6.3958;6.3966;6.3981;2945
2015.11.05;04:00:00;6.4047;6.396;6.4021;6.3966;5049
2015.11.05;08:00:00;6.4046;6.3876;6.3882;6.402;4838
2015.11.05;12:00:00;6.3975;6.3864;6.3959;6.3881;3066
2015.11.05;16:00:00;6.3983;6.3854;6.388;6.3959;1841
2015.11.05;20:00:00;6.3852;6.3648;6.367;6.3835;5884
2015.11.06;00:00:00;6.3704;6.3576;6.3577;6.3671;8117
2015.11.06;04:00:00;6.361;6.3531;6.3544;6.3578;5663
2015.11.06;08:00:00;6.3588;6.3452;6.3479;6.3545;3407
2015.11.06;12:00:00;6.3494;6.3461;6.3486;6.348;1636
2015.11.06;16:00:00;6.3453;6.3192;6.3241;6.3444;9907
2015.11.06;20:00:00;6.3338;6.3141;6.3308;6.3245;9561
2015.11.09;00:00:00;6.3325;6.3202;6.3213;6.3307;6478
2015.11.09;04:00:00;6.3222;6.32;6.321;6.3213;956
2015.11.09;08:00:00;6.3216;6.3192;6.3192;6.3209;245
2015.11.09;12:00:00;6.3444;6.3375;6.3423;6.3376;2785
2015.11.09;16:00:00;6.349;6.3403;6.3451;6.3423;5199
2015.11.09;20:00:00;6.3462;6.3416;6.3441;6.3451;5541
2015.11.10;00:00:00;6.3444;6.3431;6.3436;6.3441;3293
2015.11.10;04:00:00;6.3459;6.3424;6.3424;6.3435;401
2015.11.10;08:00:00;6.3445;6.341;6.3422;6.3427;2364
2015.11.10;12:00:00;6.3533;6.3412;6.3516;6.3423;3869
2015.11.10;16:00:00;6.3516;6.3447;6.348;6.3515;4746
2015.11.10;20:00:00;6.3491;6.3453;6.3454;6.348;4021
2015.11.11;00:00:00;6.3457;6.3403;6.3403;6.3454;654
2015.11.11;04:00:00;6.3491;6.345;6.3486;6.3482;1950
2015.11.11;08:00:00;6.3522;6.3445;6.3504;6.3485;2284
2015.11.11;12:00:00;6.3508;6.3475;6.3483;6.3505;718
2015.11.11;16:00:00;6.3554;6.3481;6.3544;6.3483;2230
2015.11.11;20:00:00;6.3544;6.349;6.3502;6.3542;686
2015.11.12;00:00:00;6.3677;6.3604;6.3638;6.3624;2551
2015.11.12;04:00:00;6.3707;6.3626;6.3699;6.364;3176
2015.11.12;08:00:00;6.3742;6.3661;6.3673;6.3698;2214
2015.11.12;12:00:00;6.3712;6.3661;6.3704;6.3674;1642
2015.11.12;16:00:00;6.3719;6.3699;6.3714;6.3703;248
2015.11.12;20:00:00;6.3653;6.3589;6.3649;6.3589;3049
2015.11.13;00:00:00;6.3774;6.3641;6.3754;6.3648;6156
2015.11.13;04:00:00;6.39;6.3722;6.387;6.3754;6269
2015.11.13;08:00:00;6.3901;6.3824;6.3891;6.387;4836
2015.11.13;12:00:00;6.3919;6.3886;6.3893;6.389;1128
2015.11.13;16:00:00;6.3895;6.3802;6.3847;6.3866;3796
2015.11.13;20:00:00;6.3936;6.3848;6.3914;6.3848;4204
2015.11.16;00:00:00;6.3932;6.388;6.3902;6.3915;6499
2015.11.16;04:00:00;6.3906;6.385;6.3883;6.3901;4657
2015.11.16;08:00:00;6.3892;6.3869;6.3884;6.3882;513
2015.11.16;12:00:00;6.3903;6.3865;6.3894;6.3872;1176
2015.11.16;16:00:00;6.3911;6.384;6.3907;6.3893;4200
2015.11.16;20:00:00;6.3927;6.3886;6.3911;6.3907;6940
2015.11.17;00:00:00;6.3927;6.3888;6.3913;6.3912;3267
2015.11.17;04:00:00;6.394;6.3902;6.3902;6.3914;680
2015.11.17;08:00:00;6.3903;6.387;6.3881;6.3888;1087
2015.11.17;12:00:00;6.3936;6.3865;6.393;6.3881;3102
2015.11.17;16:00:00;6.3985;6.3905;6.3906;6.3929;3066
2015.11.17;20:00:00;6.395;6.3886;6.3895;6.3907;3154
2015.11.18;00:00:00;6.3896;6.3879;6.3883;6.3895;547
2015.11.18;04:00:00;6.3926;6.3888;6.3918;6.3888;1414
2015.11.18;08:00:00;6.3979;6.391;6.3954;6.3917;3820
2015.11.18;12:00:00;6.3965;6.3919;6.3934;6.3955;6127
2015.11.18;16:00:00;6.3935;6.3901;6.3915;6.3935;4097
2015.11.18;20:00:00;6.3926;6.3891;6.3894;6.3918;1000
2015.11.19;00:00:00;6.4099;6.3933;6.4069;6.3946;4688
2015.11.19;04:00:00;6.4141;6.4029;6.4078;6.4069;6957
2015.11.19;08:00:00;6.4106;6.4039;6.408;6.4078;8216
2015.11.19;12:00:00;6.4112;6.4041;6.4049;6.408;3865
2015.11.19;16:00:00;6.4063;6.4021;6.4021;6.405;1003
2015.11.19;20:00:00;6.4194;6.4119;6.414;6.4133;2911
2015.11.20;00:00:00;6.4148;6.3833;6.3979;6.414;11654
2015.11.20;04:00:00;6.4047;6.3952;6.4029;6.398;6064
2015.11.20;08:00:00;6.4035;6.3979;6.3984;6.4028;3581
2015.11.20;12:00:00;6.3991;6.3967;6.3974;6.3984;546
2015.11.20;16:00:00;6.4005;6.3942;6.3972;6.3961;4108
2015.11.20;20:00:00;6.4025;6.396;6.4014;6.3972;4279
2015.11.23;00:00:00;6.4069;6.3993;6.406;6.4013;10296
2015.11.23;04:00:00;6.4078;6.4039;6.4067;6.406;3328
2015.11.23;08:00:00;6.4096;6.4061;6.4083;6.4067;523
2015.11.23;12:00:00;6.4162;6.4001;6.4072;6.415;3494
2015.11.23;16:00:00;6.4184;6.4073;6.4152;6.4073;8069
2015.11.23;20:00:00;6.4164;6.4113;6.4125;6.4153;5911
2015.11.24;00:00:00;6.4173;6.4103;6.4167;6.4125;2768
2015.11.24;04:00:00;6.4184;6.4146;6.4163;6.4169;884
2015.11.24;08:00:00;6.4108;6.4009;6.4067;6.4075;3601
2015.11.24;12:00:00;6.413;6.4059;6.4103;6.4066;6495
2015.11.24;16:00:00;6.4103;6.4054;6.4064;6.4102;6400
2015.11.24;20:00:00;6.4085;6.4048;6.4066;6.4063;4631
2015.11.25;00:00:00;6.4066;6.4012;6.4012;6.4066;552
2015.11.25;04:00:00;6.4087;6.4041;6.4056;6.4085;3303
2015.11.25;08:00:00;6.4152;6.4055;6.413;6.4056;6234
2015.11.25;12:00:00;6.4184;6.4115;6.4161;6.4131;7599
2015.11.25;16:00:00;6.419;6.4145;6.4179;6.4161;3529
2015.11.25;20:00:00;6.4201;6.4145;6.4145;6.4178;725
2015.11.26;00:00:00;6.4323;6.4265;6.4298;6.4282;6120
2015.11.26;04:00:00;6.4334;6.4237;6.4275;6.4297;4783
2015.11.26;08:00:00;6.4318;6.4249;6.4284;6.4276;4891
2015.11.26;12:00:00;6.433;6.4259;6.4293;6.4285;3051
2015.11.26;16:00:00;6.4307;6.4241;6.429;6.4292;716
2015.11.26;20:00:00;6.4294;6.4255;6.4287;6.4279;2386
2015.11.27;00:00:00;6.4309;6.421;6.4296;6.4286;5260
2015.11.27;04:00:00;6.4305;6.4263;6.428;6.4296;3582
2015.11.27;08:00:00;6.4292;6.4251;6.427;6.4281;2142
2015.11.27;12:00:00;6.427;6.4244;6.4244;6.427;488
2015.11.27;16:00:00;6.4263;6.4136;6.4165;6.4257;5521
2015.11.27;20:00:00;6.4221;6.4147;6.4209;6.4166;5292
2015.11.30;00:00:00;6.4245;6.4201;6.4223;6.4208;5416
2015.11.30;04:00:00;6.4271;6.422;6.4243;6.4222;5743
2015.11.30;08:00:00;6.4243;6.4199;6.4199;6.4243;593
2015.11.30;12:00:00;6.4274;6.4226;6.4269;6.4227;2009
2015.11.30;16:00:00;6.4343;6.4263;6.4334;6.4269;4193
2015.11.30;20:00:00;6.4352;6.4312;6.4334;6.4335;4067
2015.12.01;00:00:00;6.438;6.4318;6.4318;6.4334;2259
2015.12.01;04:00:00;6.4329;6.4314;6.4323;6.4325;232
2015.12.01;08:00:00;6.4437;6.437;6.4431;6.4384;2885
2015.12.01;12:00:00;6.4551;6.4419;6.4542;6.443;7329
2015.12.01;16:00:00;6.4571;6.4457;6.4463;6.4542;4324
2015.12.01;20:00:00;6.4511;6.4463;6.4506;6.4463;2048
2015.12.02;00:00:00;6.4512;6.444;6.444;6.4504;164
2015.12.02;04:00:00;6.443;6.4216;6.4339;6.442;5777
2015.12.02;08:00:00;6.4365;6.4167;6.4273;6.4339;10896
2015.12.02;12:00:00;6.4336;6.4184;6.4186;6.4273;4738
2015.12.02;16:00:00;6.4271;6.4148;6.4199;6.4185;4991
2015.12.02;20:00:00;6.4244;6.4197;6.4224;6.4199;621
2015.12.03;00:00:00;6.4431;6.4349;6.4412;6.4356;3582
2015.12.03;04:00:00;6.4479;6.4356;6.4465;6.4411;7256
2015.12.03;08:00:00;6.449;6.4398;6.4424;6.4465;8800
2015.12.03;12:00:00;6.4473;6.4407;6.4464;6.4425;5463
2015.12.03;16:00:00;6.4468;6.4436;6.4438;6.4465;1204
2015.12.03;20:00:00;6.4426;6.4355;6.4397;6.441;2900
2015.12.04;00:00:00;6.4421;6.4364;6.441;6.4396;4619
2015.12.04;04:00:00;6.4427;6.4388;6.4415;6.4409;9220
2015.12.04;08:00:00;6.4493;6.4409;6.4484;6.4414;3803
2015.12.04;12:00:00;6.449;6.4434;6.4437;6.4483;17328
2015.12.04;16:00:00;6.4478;6.4443;6.447;6.4471;2281
2015.12.04;20:00:00;6.448;6.4418;6.446;6.4469;3075
2015.12.07;00:00:00;6.4535;6.4405;6.4409;6.446;7597
2015.12.07;04:00:00;6.4429;6.4297;6.43;6.4409;3737
2015.12.07;08:00:00;6.43;6.4177;6.4177;6.43;2026
2015.12.07;12:00:00;6.4316;6.4266;6.4273;6.4274;1629
2015.12.07;16:00:00;6.451;6.4274;6.4451;6.4275;4724
2015.12.07;20:00:00;6.4455;6.4346;6.4389;6.445;4228
2015.12.08;00:00:00;6.4453;6.4326;6.4451;6.4389;1215
2015.12.08;04:00:00;6.446;6.4393;6.4393;6.4452;132
2015.12.08;08:00:00;6.4637;6.4491;6.4591;6.4505;2931
2015.12.08;12:00:00;6.4719;6.458;6.4702;6.459;4158
2015.12.08;16:00:00;6.4732;6.4626;6.4636;6.4703;1700
2015.12.08;20:00:00;6.4728;6.4635;6.472;6.4635;2176
2015.12.09;00:00:00;6.4732;6.4673;6.4686;6.4721;635
2015.12.09;04:00:00;6.4942;6.4733;6.485;6.4821;5303
2015.12.09;08:00:00;6.492;6.4797;6.4919;6.4849;4866
2015.12.09;12:00:00;6.4975;6.4891;6.4944;6.4919;3185
2015.12.09;16:00:00;6.4966;6.4842;6.4917;6.4943;2946
2015.12.09;20:00:00;6.4942;6.4846;6.4846;6.4919;650
2015.12.10;00:00:00;6.4922;6.4845;6.4851;6.4912;2497
2015.12.10;04:00:00;6.5111;6.4846;6.5099;6.4852;5427
2015.12.10;08:00:00;6.5213;6.5012;6.5037;6.5098;3766
2015.12.10;12:00:00;6.5173;6.5003;6.5011;6.5038;3883
2015.12.10;16:00:00;6.5026;6.4983;6.4983;6.5012;600
2015.12.10;20:00:00;6.5203;6.4989;6.515;6.4989;4359
2015.12.11;00:00:00;6.5417;6.508;6.534;6.515;7707
2015.12.11;04:00:00;6.5352;6.4997;6.5055;6.534;7519
2015.12.11;08:00:00;6.5063;6.487;6.4974;6.5056;6609
2015.12.11;12:00:00;6.4985;6.4875;6.4875;6.4975;2091
2015.12.11;16:00:00;6.5213;6.5116;6.5164;6.5156;3428
2015.12.11;20:00:00;6.5375;6.5136;6.5354;6.5163;5925
2015.12.14;00:00:00;6.5601;6.5209;6.5547;6.5354;5213
2015.12.14;04:00:00;6.5557;6.5117;6.5222;6.5546;6777
2015.12.14;08:00:00;6.5361;6.5214;6.526;6.5226;969
2015.12.14;12:00:00;6.5511;6.5447;6.5479;6.5452;3211
2015.12.14;16:00:00;6.5558;6.5403;6.5523;6.548;4679
2015.12.14;20:00:00;6.5557;6.5465;6.5487;6.5524;2374
2015.12.15;00:00:00;6.5513;6.5463;6.5469;6.5486;1555
2015.12.15;04:00:00;6.555;6.5469;6.5507;6.5469;741
2015.12.15;08:00:00;6.5521;6.5382;6.5438;6.5491;3298
2015.12.15;12:00:00;6.5447;6.5287;6.529;6.5438;6910
2015.12.15;16:00:00;6.5368;6.5252;6.5348;6.5287;3109
2015.12.15;20:00:00;6.5395;6.5299;6.5373;6.535;2237
