DATE;TIME;HIGH;LOW;CLOSE;OPEN;VOLUME
2015.04.27;12:00:00;1.21766;1.21478;1.21652;1.21718;12942
2015.04.27;16:00:00;1.21657;1.20793;1.21015;1.21651;22968
2015.04.27;20:00:00;1.21158;1.20813;1.20842;1.21015;9982
2015.04.28;00:00:00;1.20981;1.20822;1.20954;1.20842;4953
2015.04.28;04:00:00;1.21079;1.20922;1.21076;1.20955;3771
2015.04.28;08:00:00;1.21163;1.20889;1.20959;1.21075;13864
2015.04.28;12:00:00;1.20999;1.20493;1.20631;1.20961;18117
2015.04.28;16:00:00;1.20982;1.20143;1.20236;1.20631;25851
2015.04.28;20:00:00;1.20374;1.20184;1.20313;1.20235;11269
2015.04.29;00:00:00;1.20442;1.20199;1.20344;1.20318;5516
2015.04.29;04:00:00;1.20436;1.2033;1.20371;1.20341;4408
2015.04.29;08:00:00;1.20375;1.20121;1.20207;1.20371;11746
2015.04.29;12:00:00;1.20726;1.19889;1.20178;1.2021;21004
2015.04.29;16:00:00;1.20287;1.19438;1.19728;1.20177;32540
2015.04.29;20:00:00;1.20363;1.19646;1.2018;1.19727;22146
2015.04.30;00:00:00;1.2025;1.20017;1.20135;1.2018;5927
2015.04.30;04:00:00;1.20363;1.2009;1.20253;1.20134;5756
2015.04.30;08:00:00;1.20559;1.1996;1.20246;1.20252;18441
2015.04.30;12:00:00;1.20516;1.20008;1.2038;1.20247;21703
2015.04.30;16:00:00;1.21316;1.20358;1.20905;1.20382;29316
2015.04.30;20:00:00;1.21098;1.2056;1.20742;1.20905;14577
2015.05.01;00:00:00;1.20923;1.20618;1.2086;1.20742;5258
2015.05.01;04:00:00;1.21007;1.20827;1.20858;1.20859;4331
2015.05.01;08:00:00;1.20995;1.20744;1.20942;1.20858;10456
2015.05.01;12:00:00;1.21483;1.20776;1.21269;1.20943;12948
2015.05.01;16:00:00;1.22042;1.21122;1.21796;1.21269;25617
2015.05.01;20:00:00;1.21806;1.21518;1.21653;1.21791;9377
2015.05.04;00:00:00;1.21781;1.21523;1.21703;1.21534;4768
2015.05.04;04:00:00;1.21797;1.21659;1.21687;1.21703;4088
2015.05.04;08:00:00;1.21735;1.21396;1.21429;1.21685;9875
2015.05.04;12:00:00;1.21432;1.20893;1.20916;1.2143;11892
2015.05.04;16:00:00;1.21255;1.20907;1.21098;1.20916;15836
2015.05.04;20:00:00;1.21158;1.2087;1.20939;1.21098;7324
2015.05.05;00:00:00;1.21059;1.2088;1.21045;1.2094;3679
2015.05.05;04:00:00;1.21213;1.21013;1.21153;1.21047;4871
2015.05.05;08:00:00;1.21306;1.2106;1.21139;1.21155;12117
2015.05.05;12:00:00;1.2119;1.20463;1.20534;1.21138;16921
2015.05.05;16:00:00;1.20631;1.20015;1.20366;1.20533;26519
2015.05.05;20:00:00;1.20763;1.20308;1.20675;1.20365;9304
2015.05.06;00:00:00;1.20869;1.20599;1.20831;1.20675;5428
2015.05.06;04:00:00;1.20859;1.20295;1.20327;1.2083;7068
2015.05.06;08:00:00;1.20516;1.20255;1.20256;1.20328;14157
2015.05.06;12:00:00;1.20383;1.19834;1.20051;1.20256;18919
2015.05.06;16:00:00;1.20442;1.19394;1.20316;1.20051;28534
2015.05.06;20:00:00;1.20515;1.20274;1.20459;1.20317;9885
2015.05.07;00:00:00;1.20486;1.2033;1.20482;1.20465;7944
2015.05.07;04:00:00;1.20553;1.20376;1.20421;1.20482;6536
2015.05.07;08:00:00;1.20824;1.2034;1.20687;1.20422;13727
2015.05.07;12:00:00;1.20954;1.20529;1.20758;1.20685;20003
2015.05.07;16:00:00;1.2157;1.20693;1.21505;1.2076;21172
2015.05.07;20:00:00;1.21624;1.21123;1.21262;1.21504;10156
2015.05.08;00:00:00;1.21306;1.20976;1.2106;1.21262;7728
2015.05.08;04:00:00;1.21171;1.20935;1.21042;1.21062;7555
2015.05.08;08:00:00;1.21208;1.20942;1.20942;1.21043;13615
2015.05.08;12:00:00;1.21438;1.20446;1.20888;1.20943;20526
2015.05.08;16:00:00;1.21448;1.20664;1.20935;1.20887;25761
2015.05.08;20:00:00;1.21008;1.20635;1.20732;1.20937;9379
2015.05.11;00:00:00;1.21006;1.2075;1.20971;1.2075;3213
2015.05.11;04:00:00;1.21297;1.20942;1.21232;1.20972;6169
2015.05.11;08:00:00;1.21364;1.21109;1.21333;1.21231;10395
2015.05.11;12:00:00;1.21437;1.20876;1.20967;1.21336;11728
2015.05.11;16:00:00;1.21129;1.2064;1.21029;1.20967;16827
2015.05.11;20:00:00;1.21102;1.20794;1.21014;1.21031;6947
2015.05.12;00:00:00;1.21062;1.20938;1.21036;1.21014;3441
2015.05.12;04:00:00;1.2106;1.20856;1.20881;1.21036;3880
2015.05.12;08:00:00;1.21022;1.20569;1.20572;1.20882;12158
2015.05.12;12:00:00;1.20633;1.20243;1.20292;1.20575;15275
2015.05.12;16:00:00;1.20604;1.19785;1.19787;1.20293;17918
2015.05.12;20:00:00;1.20225;1.19777;1.2017;1.19787;8155
2015.05.13;00:00:00;1.20191;1.19967;1.20059;1.2017;4832
2015.05.13;04:00:00;1.20205;1.20016;1.20189;1.20058;4786
2015.05.13;08:00:00;1.20276;1.19714;1.19822;1.20189;10245
2015.05.13;12:00:00;1.19911;1.19277;1.19491;1.19821;16618
2015.05.13;16:00:00;1.19806;1.19333;1.19363;1.19492;21795
2015.05.13;20:00:00;1.19751;1.19303;1.19561;1.19364;8963
2015.05.14;00:00:00;1.19618;1.19501;1.19577;1.19557;4386
2015.05.14;04:00:00;1.19575;1.19251;1.19328;1.19575;6691
2015.05.14;08:00:00;1.19649;1.1919;1.19555;1.19328;13081
2015.05.14;12:00:00;1.19695;1.19312;1.19345;1.19554;15123
2015.05.14;16:00:00;1.20045;1.19244;1.20009;1.19342;18784
2015.05.14;20:00:00;1.20053;1.19811;1.19814;1.20009;9122
2015.05.15;00:00:00;1.19963;1.19792;1.19891;1.19812;4780
2015.05.15;04:00:00;1.20052;1.19875;1.19935;1.19891;5067
2015.05.15;08:00:00;1.20157;1.1985;1.2011;1.19936;11484
2015.05.15;12:00:00;1.20536;1.20079;1.20429;1.2011;12011
2015.05.15;16:00:00;1.20664;1.19908;1.2026;1.20427;23109
2015.05.15;20:00:00;1.20434;1.20076;1.20139;1.20265;9231
2015.05.18;00:00:00;1.20359;1.20021;1.20315;1.20047;4002
2015.05.18;04:00:00;1.20466;1.20286;1.2031;1.20316;4447
2015.05.18;08:00:00;1.20535;1.20183;1.20423;1.20309;11137
2015.05.18;12:00:00;1.20811;1.20368;1.20811;1.20426;11185
2015.05.18;16:00:00;1.21627;1.20812;1.21431;1.20812;18145
2015.05.18;20:00:00;1.21702;1.21385;1.21582;1.2143;8198
2015.05.19;00:00:00;1.21653;1.21449;1.21604;1.21582;5053
2015.05.19;04:00:00;1.21704;1.21294;1.2135;1.21604;6857
2015.05.19;08:00:00;1.21859;1.21288;1.21795;1.2135;16078
2015.05.19;12:00:00;1.22208;1.21614;1.22164;1.21797;15157
2015.05.19;16:00:00;1.22493;1.22033;1.2225;1.22165;21117
2015.05.19;20:00:00;1.22375;1.22164;1.22309;1.22252;8585
2015.05.20;00:00:00;1.22454;1.22246;1.22361;1.22307;4821
2015.05.20;04:00:00;1.22423;1.22158;1.22275;1.22361;4521
2015.05.20;08:00:00;1.22552;1.22205;1.22259;1.22272;13726
2015.05.20;12:00:00;1.22457;1.2195;1.22026;1.2226;14214
2015.05.20;16:00:00;1.22456;1.21993;1.22043;1.22024;19181
2015.05.20;20:00:00;1.22208;1.21666;1.22061;1.22042;19866
2015.05.21;00:00:00;1.22098;1.21904;1.21939;1.22069;4647
2015.05.21;04:00:00;1.22;1.21847;1.21867;1.21939;5421
2015.05.21;08:00:00;1.22004;1.21706;1.21714;1.21866;13366
2015.05.21;12:00:00;1.22404;1.21709;1.22349;1.21712;13964
2015.05.21;16:00:00;1.22417;1.21874;1.21974;1.22348;22304
2015.05.21;20:00:00;1.22126;1.21922;1.2197;1.21978;8791
2015.05.22;00:00:00;1.2202;1.21914;1.21916;1.2197;3994
2015.05.22;04:00:00;1.21938;1.21717;1.21836;1.21916;5013
2015.05.22;08:00:00;1.2201;1.21734;1.22002;1.21832;10004
2015.05.22;12:00:00;1.22691;1.21916;1.2255;1.22004;15572
2015.05.22;16:00:00;1.23034;1.22544;1.23034;1.22546;22065
2015.05.22;20:00:00;1.23212;1.22762;1.22779;1.23037;10670
2015.05.25;00:00:00;1.23047;1.22804;1.22984;1.22835;4301
2015.05.25;04:00:00;1.22996;1.22872;1.22888;1.22981;4200
2015.05.25;08:00:00;1.23072;1.2276;1.22936;1.22888;7358
2015.05.25;12:00:00;1.23017;1.22747;1.2299;1.22935;5795
2015.05.25;16:00:00;1.23177;1.22875;1.23108;1.22991;6989
2015.05.25;20:00:00;1.23145;1.23083;1.23094;1.23107;3793
2015.05.26;00:00:00;1.23245;1.23072;1.23212;1.23089;3924
2015.05.26;04:00:00;1.23271;1.23046;1.231;1.23212;4713
2015.05.26;08:00:00;1.2366;1.23042;1.23575;1.23099;15347
2015.05.26;12:00:00;1.24125;1.23487;1.24039;1.23577;16910
2015.05.26;16:00:00;1.24468;1.2391;1.24302;1.24038;25975
2015.05.26;20:00:00;1.24348;1.24159;1.24329;1.24301;9036
2015.05.27;00:00:00;1.2436;1.2421;1.24271;1.24334;4286
2015.05.27;04:00:00;1.24401;1.24223;1.24243;1.24271;4959
2015.05.27;08:00:00;1.24273;1.23946;1.24227;1.24245;12045
2015.05.27;12:00:00;1.24832;1.24216;1.24735;1.24226;19500
2015.05.27;16:00:00;1.24908;1.24231;1.24876;1.24735;26631
2015.05.27;20:00:00;1.24911;1.245;1.24501;1.24878;10083
2015.05.28;00:00:00;1.24617;1.24479;1.24502;1.24497;3622
2015.05.28;04:00:00;1.2475;1.24419;1.24675;1.24501;8754
2015.05.28;08:00:00;1.2474;1.24374;1.2472;1.24675;16333
2015.05.28;12:00:00;1.25118;1.24614;1.24936;1.24721;19873
2015.05.28;16:00:00;1.25376;1.24454;1.24611;1.24935;27137
2015.05.28;20:00:00;1.24627;1.24216;1.24339;1.24611;13342
2015.05.29;00:00:00;1.24346;1.24151;1.24209;1.24338;4877
2015.05.29;04:00:00;1.24281;1.24102;1.24168;1.24209;5853
2015.05.29;08:00:00;1.24509;1.24133;1.24428;1.24169;12959
2015.05.29;12:00:00;1.25177;1.24225;1.25099;1.24426;19909
2015.05.29;16:00:00;1.25265;1.24555;1.24636;1.25095;27032
2015.05.29;20:00:00;1.247;1.24281;1.24471;1.24635;11178
2015.06.01;00:00:00;1.24724;1.24372;1.24649;1.24383;4204
2015.06.01;04:00:00;1.24703;1.24479;1.24573;1.24652;4958
2015.06.01;08:00:00;1.24915;1.24538;1.24862;1.24572;12519
2015.06.01;12:00:00;1.24997;1.24761;1.24946;1.24857;15095
2015.06.01;16:00:00;1.25623;1.24636;1.25496;1.24946;23466
2015.06.01;20:00:00;1.25527;1.25128;1.25204;1.25497;10195
2015.06.02;00:00:00;1.25299;1.25178;1.25262;1.25204;4022
2015.06.02;04:00:00;1.25342;1.25075;1.25103;1.25263;6378
2015.06.02;08:00:00;1.25158;1.24902;1.25113;1.25102;13706
2015.06.02;12:00:00;1.253;1.24884;1.25016;1.25119;18950
2015.06.02;16:00:00;1.25031;1.23668;1.23849;1.25015;31603
2015.06.02;20:00:00;1.24152;1.23756;1.23999;1.23847;10959
2015.06.03;00:00:00;1.24193;1.23991;1.24158;1.23991;5187
2015.06.03;04:00:00;1.2416;1.23846;1.23985;1.24158;5770
2015.06.03;08:00:00;1.24387;1.23844;1.24341;1.23985;14472
2015.06.03;12:00:00;1.25087;1.24287;1.24966;1.2434;21282
2015.06.03;16:00:00;1.25005;1.24119;1.24514;1.24965;29066
2015.06.03;20:00:00;1.2472;1.2448;1.24495;1.24514;8757
2015.06.04;00:00:00;1.24597;1.24472;1.24532;1.24495;4459
2015.06.04;04:00:00;1.24672;1.2447;1.24577;1.24532;5385
2015.06.04;08:00:00;1.24898;1.24439;1.24556;1.24579;18875
2015.06.04;12:00:00;1.24728;1.24358;1.2464;1.24556;18202
2015.06.04;16:00:00;1.25019;1.24584;1.24733;1.24641;23434
2015.06.04;20:00:00;1.25031;1.24687;1.25019;1.24733;11028
2015.06.05;00:00:00;1.25067;1.24923;1.24958;1.25009;5310
2015.06.05;04:00:00;1.25055;1.24876;1.24892;1.24958;4484
2015.06.05;08:00:00;1.25289;1.24822;1.25242;1.24891;13773
2015.06.05;12:00:00;1.2547;1.2447;1.25127;1.25244;20273
2015.06.05;16:00:00;1.25618;1.24537;1.24806;1.25128;29660
2015.06.05;20:00:00;1.24811;1.24267;1.24324;1.24805;11198
2015.06.08;00:00:00;1.24704;1.24319;1.24695;1.24319;3634
2015.06.08;04:00:00;1.24694;1.24561;1.24587;1.24694;5466
2015.06.08;08:00:00;1.24719;1.24278;1.24464;1.24588;16605
2015.06.08;12:00:00;1.24478;1.23966;1.24073;1.24465;14796
2015.06.08;16:00:00;1.24512;1.23959;1.24355;1.24074;21091
2015.06.08;20:00:00;1.24395;1.23824;1.24085;1.24355;13734
2015.06.09;00:00:00;1.24183;1.23988;1.24147;1.24087;3638
2015.06.09;04:00:00;1.24162;1.23854;1.23958;1.24147;6575
2015.06.09;08:00:00;1.24409;1.23786;1.24062;1.23958;16577
2015.06.09;12:00:00;1.24063;1.23285;1.23523;1.24061;20628
2015.06.09;16:00:00;1.23583;1.23065;1.23294;1.23527;24100
2015.06.09;20:00:00;1.23459;1.23136;1.23343;1.23294;9851
2015.06.10;00:00:00;1.2345;1.23242;1.23434;1.23361;5546
2015.06.10;04:00:00;1.23514;1.23134;1.2315;1.23435;9315
2015.06.10;08:00:00;1.23191;1.22354;1.22387;1.2315;22898
2015.06.10;12:00:00;1.22639;1.22157;1.22266;1.22389;21291
2015.06.10;16:00:00;1.22805;1.22013;1.22796;1.22265;26795
2015.06.10;20:00:00;1.22882;1.22529;1.22529;1.22795;10133
2015.06.11;00:00:00;1.228;1.22524;1.22749;1.22524;6294
2015.06.11;04:00:00;1.22851;1.22635;1.22749;1.22747;6436
2015.06.11;08:00:00;1.2312;1.22716;1.23048;1.22748;14449
2015.06.11;12:00:00;1.23536;1.22813;1.22972;1.23047;21223
2015.06.11;16:00:00;1.2325;1.22927;1.23207;1.22971;23497
2015.06.11;20:00:00;1.23268;1.22684;1.2291;1.23206;11099
2015.06.12;00:00:00;1.22973;1.22875;1.22889;1.22909;3589
2015.06.12;04:00:00;1.22952;1.22767;1.22881;1.22889;5143
2015.06.12;08:00:00;1.23291;1.22783;1.23237;1.2288;12835
2015.06.12;12:00:00;1.23325;1.2287;1.23196;1.23237;18319
2015.06.12;16:00:00;1.23464;1.22914;1.23085;1.23196;19797
2015.06.12;20:00:00;1.23277;1.22992;1.23108;1.23084;8467
2015.06.15;00:00:00;1.23224;1.23027;1.23196;1.23103;4715
2015.06.15;04:00:00;1.23368;1.23191;1.23314;1.23196;5943
2015.06.15;08:00:00;1.23408;1.23112;1.23393;1.23319;13240
2015.06.15;12:00:00;1.23597;1.23312;1.23465;1.23392;13933
2015.06.15;16:00:00;1.23517;1.23042;1.23054;1.23465;15625
2015.06.15;20:00:00;1.23246;1.22965;1.23227;1.23057;10444
2015.06.16;00:00:00;1.23254;1.23126;1.23215;1.23229;3766
2015.06.16;04:00:00;1.23322;1.23105;1.2312;1.23219;5792
2015.06.16;08:00:00;1.23459;1.23118;1.23349;1.23122;11919
2015.06.16;12:00:00;1.2344;1.23217;1.23328;1.23351;11831
2015.06.16;16:00:00;1.23452;1.23048;1.23366;1.23327;13901
2015.06.16;20:00:00;1.23397;1.22828;1.22926;1.23368;8479
2015.06.17;00:00:00;1.22992;1.22825;1.22916;1.22926;3481
2015.06.17;04:00:00;1.22996;1.22882;1.2295;1.2292;4362
2015.06.17;08:00:00;1.23324;1.22919;1.23286;1.2295;10560
2015.06.17;12:00:00;1.23294;1.23007;1.23158;1.23288;12540
2015.06.17;16:00:00;1.23224;1.23006;1.23147;1.23158;14968
2015.06.17;20:00:00;1.23514;1.222;1.22263;1.23147;23191
2015.06.18;00:00:00;1.22373;1.22261;1.22318;1.22261;5961
2015.06.18;04:00:00;1.22355;1.22231;1.22265;1.22318;6434
2015.06.18;08:00:00;1.22319;1.21645;1.21756;1.22265;14708
2015.06.18;12:00:00;1.21773;1.21269;1.21434;1.21756;17779
2015.06.18;16:00:00;1.22351;1.21347;1.22269;1.21433;22474
2015.06.18;20:00:00;1.22495;1.2221;1.22211;1.22278;10967
2015.06.19;00:00:00;1.22323;1.22154;1.22165;1.22199;4429
2015.06.19;04:00:00;1.22341;1.22147;1.22311;1.22165;5455
2015.06.19;08:00:00;1.22409;1.22145;1.22184;1.2231;12133
2015.06.19;12:00:00;1.22906;1.22156;1.22858;1.22184;14153
2015.06.19;16:00:00;1.22949;1.22447;1.2279;1.22857;15794
2015.06.19;20:00:00;1.22801;1.22504;1.22714;1.2279;8738
2015.06.22;00:00:00;1.22766;1.22538;1.22703;1.22568;4147
2015.06.22;04:00:00;1.22704;1.2246;1.22543;1.22703;4403
2015.06.22;08:00:00;1.22721;1.22419;1.22595;1.22543;11769
2015.06.22;12:00:00;1.22637;1.22173;1.22416;1.22595;15037
2015.06.22;16:00:00;1.23278;1.2234;1.23112;1.22416;20222
2015.06.22;20:00:00;1.23283;1.23053;1.23084;1.2311;9762
2015.06.23;00:00:00;1.23231;1.23069;1.23222;1.23073;3592
2015.06.23;04:00:00;1.23435;1.23183;1.23391;1.23222;6745
2015.06.23;08:00:00;1.23473;1.23225;1.23344;1.23391;14533
2015.06.23;12:00:00;1.23488;1.23133;1.2345;1.23346;15469
2015.06.23;16:00:00;1.23818;1.23141;1.23323;1.2345;20401
2015.06.23;20:00:00;1.2345;1.23247;1.23248;1.23323;9553
2015.06.24;00:00:00;1.2336;1.23167;1.23255;1.23247;4257
2015.06.24;04:00:00;1.23403;1.23166;1.23371;1.23254;4708
2015.06.24;08:00:00;1.23378;1.22759;1.22876;1.23371;13402
2015.06.24;12:00:00;1.23363;1.2285;1.23345;1.22875;15686
2015.06.24;16:00:00;1.2422;1.23341;1.23903;1.23346;22347
2015.06.24;20:00:00;1.2399;1.23798;1.23814;1.23902;9270
2015.06.25;00:00:00;1.23908;1.23816;1.23862;1.23816;4966
2015.06.25;04:00:00;1.23945;1.23697;1.23749;1.23865;5893
2015.06.25;08:00:00;1.23987;1.23746;1.23823;1.23749;11323
2015.06.25;12:00:00;1.23946;1.23714;1.23776;1.23823;15547
2015.06.25;16:00:00;1.23783;1.23298;1.23457;1.23776;16162
2015.06.25;20:00:00;1.23489;1.23112;1.23249;1.23459;8389
2015.06.26;00:00:00;1.23405;1.23223;1.23373;1.23247;4925
2015.06.26;04:00:00;1.2347;1.23334;1.23398;1.23372;5827
2015.06.26;08:00:00;1.23617;1.23351;1.23495;1.23396;9239
2015.06.26;12:00:00;1.23696;1.2332;1.23681;1.23494;12320
2015.06.26;16:00:00;1.23969;1.23358;1.2339;1.2368;18341
2015.06.26;20:00:00;1.23428;1.23107;1.23135;1.23391;8191
2015.06.29;00:00:00;1.23575;1.23218;1.2341;1.2335;9559
2015.06.29;04:00:00;1.23474;1.23273;1.23336;1.23409;6796
2015.06.29;08:00:00;1.2339;1.23028;1.23278;1.23336;19161
2015.06.29;12:00:00;1.23796;1.23213;1.2357;1.23278;17279
2015.06.29;16:00:00;1.24118;1.23549;1.23898;1.23571;20359
2015.06.29;20:00:00;1.2403;1.23634;1.24017;1.23896;12164
2015.06.30;00:00:00;1.24187;1.23962;1.24165;1.24017;4383
2015.06.30;04:00:00;1.2423;1.23948;1.23956;1.24165;6714
2015.06.30;08:00:00;1.24134;1.23844;1.23975;1.23955;15001
2015.06.30;12:00:00;1.24286;1.23623;1.24209;1.23976;19643
2015.06.30;16:00:00;1.24988;1.24141;1.24816;1.24209;23598
2015.06.30;20:00:00;1.24995;1.24765;1.24904;1.24821;9829
2015.07.01;00:00:00;1.24904;1.24746;1.24882;1.24904;4014
2015.07.01;04:00:00;1.2503;1.24833;1.24996;1.24885;5654
2015.07.01;08:00:00;1.25104;1.24937;1.24972;1.24997;10741
2015.07.01;12:00:00;1.25448;1.24864;1.25387;1.24971;13799
2015.07.01;16:00:00;1.25698;1.25289;1.25627;1.25388;18088
2015.07.01;20:00:00;1.25968;1.25626;1.25885;1.25629;10214
2015.07.02;00:00:00;1.25958;1.25769;1.25902;1.25894;4116
2015.07.02;04:00:00;1.25926;1.25792;1.2584;1.25903;5565
2015.07.02;08:00:00;1.26216;1.2583;1.26201;1.2584;14958
2015.07.02;12:00:00;1.26326;1.25577;1.25733;1.26199;23377
2015.07.02;16:00:00;1.25889;1.25445;1.25462;1.25733;25549
2015.07.02;20:00:00;1.25656;1.2535;1.25383;1.25462;10754
2015.07.03;00:00:00;1.25487;1.25377;1.25429;1.25386;4290
2015.07.03;04:00:00;1.25635;1.25409;1.25541;1.25427;6508
2015.07.03;08:00:00;1.25673;1.25463;1.25573;1.25541;16137
2015.07.03;12:00:00;1.25991;1.25487;1.25836;1.25573;18246
2015.07.03;16:00:00;1.26018;1.25599;1.25778;1.25834;18651
2015.07.03;20:00:00;1.25799;1.25496;1.25674;1.2578;4903
2015.07.06;00:00:00;1.26143;1.25849;1.26011;1.25942;7861
2015.07.06;04:00:00;1.26139;1.25947;1.26103;1.2601;7144
2015.07.06;08:00:00;1.26153;1.25624;1.25913;1.26104;18627
2015.07.06;12:00:00;1.26454;1.25907;1.26392;1.25914;22760
2015.07.06;16:00:00;1.26608;1.26114;1.26245;1.26392;29624
2015.07.06;20:00:00;1.2663;1.26229;1.26499;1.2624;13246
2015.07.07;00:00:00;1.26636;1.26443;1.26594;1.26493;4006
2015.07.07;04:00:00;1.26669;1.26509;1.26561;1.26594;6187
2015.07.07;08:00:00;1.27075;1.2653;1.26935;1.2656;18831
2015.07.07;12:00:00;1.27575;1.26862;1.27295;1.26935;27365
2015.07.07;16:00:00;1.2779;1.27285;1.27514;1.27296;36349
2015.07.07;20:00:00;1.27534;1.26746;1.27044;1.27516;19810
2015.07.08;00:00:00;1.27256;1.27014;1.27251;1.27014;6746
2015.07.08;04:00:00;1.27511;1.27151;1.27227;1.27252;10802
2015.07.08;08:00:00;1.2759;1.27162;1.27258;1.27228;21318
2015.07.08;12:00:00;1.27673;1.26878;1.27568;1.27257;25765
2015.07.08;16:00:00;1.27597;1.27022;1.27498;1.27568;35589
2015.07.08;20:00:00;1.27577;1.27267;1.27449;1.27497;15381
2015.07.09;00:00:00;1.27454;1.2729;1.27342;1.27448;6520
2015.07.09;04:00:00;1.27345;1.27081;1.27134;1.27341;8740
2015.07.09;08:00:00;1.27424;1.26899;1.27239;1.27133;19517
2015.07.09;12:00:00;1.27315;1.26651;1.26857;1.27239;23568
2015.07.09;16:00:00;1.27427;1.26844;1.27207;1.26861;30351
2015.07.09;20:00:00;1.27345;1.26892;1.27057;1.27206;13718
2015.07.10;00:00:00;1.27129;1.2699;1.27076;1.27046;6581
2015.07.10;04:00:00;1.2709;1.26808;1.26823;1.27077;8826
2015.07.10;08:00:00;1.27241;1.26732;1.27164;1.26822;19943
2015.07.10;12:00:00;1.27198;1.26619;1.26912;1.27164;26165
2015.07.10;16:00:00;1.27527;1.26753;1.27171;1.26911;29644
2015.07.10;20:00:00;1.27299;1.26588;1.26634;1.27169;12355
2015.07.13;00:00:00;1.27027;1.26869;1.26954;1.2696;4209
2015.07.13;04:00:00;1.27143;1.26796;1.27019;1.26955;8464
2015.07.13;08:00:00;1.27448;1.2682;1.2734;1.27027;22431
2015.07.13;12:00:00;1.27345;1.26954;1.27314;1.27341;21128
2015.07.13;16:00:00;1.27895;1.27311;1.27424;1.27312;22985
2015.07.13;20:00:00;1.27635;1.27252;1.27405;1.27424;11155
2015.07.14;00:00:00;1.2763;1.27327;1.27534;1.274;6997
2015.07.14;04:00:00;1.27591;1.27326;1.27467;1.27534;8035
2015.07.14;08:00:00;1.28031;1.27433;1.27937;1.27467;21763
2015.07.14;12:00:00;1.28041;1.27159;1.27521;1.27937;26250
2015.07.14;16:00:00;1.27648;1.27244;1.27428;1.27521;26472
2015.07.14;20:00:00;1.2753;1.27257;1.27272;1.27428;10008
2015.07.15;00:00:00;1.27474;1.2725;1.27373;1.2726;4996
2015.07.15;04:00:00;1.27392;1.27222;1.27329;1.2737;7799
2015.07.15;08:00:00;1.27624;1.27301;1.27566;1.27328;18481
2015.07.15;12:00:00;1.27864;1.27342;1.27864;1.27563;20401
2015.07.15;16:00:00;1.29574;1.27774;1.29436;1.27864;39054
2015.07.15;20:00:00;1.29558;1.29054;1.29107;1.29432;15413
2015.07.16;00:00:00;1.29368;1.29087;1.29357;1.29103;6516
2015.07.16;04:00:00;1.29409;1.29256;1.29298;1.29358;9834
2015.07.16;08:00:00;1.29438;1.29115;1.29256;1.29299;19635
2015.07.16;12:00:00;1.29492;1.29154;1.29305;1.29257;25369
2015.07.16;16:00:00;1.29578;1.29043;1.29489;1.29309;28069
2015.07.16;20:00:00;1.29688;1.29352;1.29565;1.29493;14364
2015.07.17;00:00:00;1.29727;1.29545;1.29725;1.29558;5278
2015.07.17;04:00:00;1.29723;1.29534;1.29541;1.29723;7470
2015.07.17;08:00:00;1.29832;1.29469;1.29808;1.29543;20557
2015.07.17;12:00:00;1.3007;1.29565;1.29857;1.29807;25595
2015.07.17;16:00:00;1.30031;1.29591;1.29877;1.29857;27634
2015.07.17;20:00:00;1.29962;1.29696;1.29729;1.29876;12828
2015.07.20;00:00:00;1.29917;1.29717;1.29828;1.29717;2766
2015.07.20;04:00:00;1.29976;1.29809;1.29836;1.29836;12011
2015.07.20;08:00:00;1.29888;1.29518;1.29774;1.29837;23887
2015.07.20;12:00:00;1.29977;1.29684;1.29898;1.29774;30067
2015.07.20;16:00:00;1.30234;1.29629;1.29895;1.29898;30607
2015.07.20;20:00:00;1.30037;1.29844;1.29921;1.29897;14102
2015.07.21;00:00:00;1.30019;1.29912;1.29924;1.29912;5310
2015.07.21;04:00:00;1.30062;1.29819;1.3003;1.2992;10497
2015.07.21;08:00:00;1.30121;1.29726;1.29904;1.30031;26498
2015.07.21;12:00:00;1.29992;1.2978;1.29893;1.29905;36301
2015.07.21;16:00:00;1.29952;1.29159;1.29316;1.29893;40771
2015.07.21;20:00:00;1.29618;1.29285;1.29455;1.29317;16262
2015.07.22;00:00:00;1.29499;1.29374;1.29442;1.2945;4090
2015.07.22;04:00:00;1.29662;1.2936;1.29553;1.29441;9331
2015.07.22;08:00:00;1.29916;1.29484;1.29774;1.29553;25720
2015.07.22;12:00:00;1.30323;1.29646;1.30206;1.29774;31258
2015.07.22;16:00:00;1.3052;1.30099;1.30162;1.30206;35277
2015.07.22;20:00:00;1.3041;1.3014;1.30286;1.30161;13851
2015.07.23;00:00:00;1.30469;1.30208;1.30392;1.30277;6337
2015.07.23;04:00:00;1.30415;1.30248;1.30292;1.30392;7966
2015.07.23;08:00:00;1.30404;1.29594;1.29703;1.30292;27025
2015.07.23;12:00:00;1.3008;1.29452;1.30049;1.29709;33072
2015.07.23;16:00:00;1.30344;1.29793;1.3027;1.30048;36023
2015.07.23;20:00:00;1.30435;1.30066;1.30361;1.30273;15083
2015.07.24;00:00:00;1.30417;1.30166;1.30198;1.30352;4744
2015.07.24;04:00:00;1.30486;1.30164;1.30303;1.30199;9445
2015.07.24;08:00:00;1.30444;1.30186;1.30221;1.30303;23275
2015.07.24;12:00:00;1.31021;1.30195;1.3076;1.30222;35169
2015.07.24;16:00:00;1.30909;1.30267;1.30885;1.30761;36379
2015.07.24;20:00:00;1.30964;1.30313;1.30417;1.30887;16604
2015.07.27;00:00:00;1.30537;1.30306;1.30358;1.30374;3623
2015.07.27;04:00:00;1.30419;1.30209;1.30319;1.3036;8040
2015.07.27;08:00:00;1.30384;1.29781;1.29972;1.30319;28381
2015.07.27;12:00:00;1.30443;1.29859;1.30335;1.29974;38340
2015.07.27;16:00:00;1.3034;1.29923;1.30331;1.3034;38912
2015.07.27;20:00:00;1.30455;1.30121;1.3036;1.30328;13161
2015.07.28;00:00:00;1.30407;1.30241;1.30295;1.30361;4658
2015.07.28;04:00:00;1.30419;1.30042;1.30051;1.30296;8687
2015.07.28;08:00:00;1.30365;1.30043;1.30146;1.3005;28996
2015.07.28;12:00:00;1.30247;1.29946;1.30004;1.30146;36898
2015.07.28;16:00:00;1.30089;1.29127;1.29315;1.30005;38617
2015.07.28;20:00:00;1.29366;1.29107;1.29199;1.29314;16266
2015.07.29;00:00:00;1.29357;1.29176;1.29304;1.29199;6494
2015.07.29;04:00:00;1.29435;1.29228;1.29434;1.29304;6741
2015.07.29;08:00:00;1.29653;1.29358;1.29439;1.29435;30624
2015.07.29;12:00:00;1.29666;1.29231;1.29538;1.29441;35273
2015.07.29;16:00:00;1.29542;1.28664;1.28965;1.29542;38148
2015.07.29;20:00:00;1.29514;1.286;1.29439;1.28963;25098
2015.07.30;00:00:00;1.29589;1.2942;1.29516;1.2944;5374
2015.07.30;04:00:00;1.29589;1.29481;1.29576;1.29515;6687
2015.07.30;08:00:00;1.29931;1.29542;1.29704;1.29577;30073
2015.07.30;12:00:00;1.30242;1.29614;1.29788;1.29703;40189
2015.07.30;16:00:00;1.3043;1.29768;1.30033;1.29785;41818
2015.07.30;20:00:00;1.30179;1.29937;1.29975;1.30035;20008
2015.07.31;00:00:00;1.30094;1.29903;1.29974;1.29979;6081
2015.07.31;04:00:00;1.30052;1.29927;1.29957;1.29976;10145
2015.07.31;08:00:00;1.3044;1.29929;1.30349;1.29957;29258
2015.07.31;12:00:00;1.30893;1.29931;1.30132;1.30348;44590
2015.07.31;16:00:00;1.30487;1.29396;1.30393;1.30132;51144
2015.07.31;20:00:00;1.3091;1.30388;1.30881;1.30391;21505
2015.08.03;00:00:00;1.31319;1.30786;1.31161;1.3088;6861
2015.08.03;04:00:00;1.31273;1.31095;1.31159;1.31162;10429
2015.08.03;08:00:00;1.31751;1.31124;1.31538;1.31159;28467
2015.08.03;12:00:00;1.31728;1.31322;1.3153;1.31535;41626
2015.08.03;16:00:00;1.31607;1.31127;1.31508;1.31525;38989
2015.08.03;20:00:00;1.31645;1.31357;1.31543;1.31509;12619
2015.08.04;00:00:00;1.31755;1.31451;1.3172;1.31544;14497
2015.08.04;04:00:00;1.31756;1.31588;1.31595;1.31719;13588
2015.08.04;08:00:00;1.31617;1.31045;1.31149;1.31596;31405
2015.08.04;12:00:00;1.3145;1.3115;1.3126;1.3115;36478
2015.08.04;16:00:00;1.31479;1.31081;1.31268;1.31265;39825
2015.08.04;20:00:00;1.3201;1.31257;1.31914;1.31271;24450
2015.08.05;00:00:00;1.31953;1.31839;1.31923;1.31923;11501
2015.08.05;04:00:00;1.32125;1.31863;1.31957;1.31921;12038
2015.08.05;08:00:00;1.32073;1.31823;1.31836;1.31956;30339
2015.08.05;12:00:00;1.32023;1.31094;1.31297;1.31837;41268
2015.08.05;16:00:00;1.31941;1.31262;1.31857;1.31299;33377
2015.08.05;20:00:00;1.31912;1.31733;1.31764;1.31855;16792
2015.08.06;00:00:00;1.318;1.31598;1.31604;1.31758;9620
2015.08.06;04:00:00;1.31709;1.31559;1.31631;1.31602;11856
2015.08.06;08:00:00;1.31798;1.31524;1.31752;1.31633;24959
2015.08.06;12:00:00;1.31963;1.3157;1.31764;1.31752;42194
2015.08.06;16:00:00;1.318;1.31278;1.31301;1.31765;38346
2015.08.06;20:00:00;1.31399;1.3093;1.31085;1.31302;20068
2015.08.07;00:00:00;1.31181;1.31025;1.31179;1.31085;8576
2015.08.07;04:00:00;1.31215;1.31117;1.31197;1.31178;11261
2015.08.07;08:00:00;1.31241;1.31032;1.31173;1.31198;25403
2015.08.07;12:00:00;1.31827;1.30516;1.31824;1.31172;38883
2015.08.07;16:00:00;1.31828;1.30477;1.31365;1.31826;42349
2015.08.07;20:00:00;1.31398;1.31118;1.31337;1.31369;18780
2015.08.10;00:00:00;1.31529;1.31147;1.31527;1.31147;6410
2015.08.10;04:00:00;1.31542;1.31373;1.31404;1.31526;9985
2015.08.10;08:00:00;1.31814;1.31351;1.31738;1.31403;26926
2015.08.10;12:00:00;1.31759;1.31184;1.31384;1.31739;31934
2015.08.10;16:00:00;1.31515;1.30058;1.30146;1.31383;41028
2015.08.10;20:00:00;1.30331;1.29902;1.29995;1.30146;20677
2015.08.11;00:00:00;1.30125;1.29943;1.30029;1.29995;10043
2015.08.11;04:00:00;1.3101;1.3003;1.30744;1.3003;24021
2015.08.11;08:00:00;1.30829;1.29978;1.30258;1.30743;31109
2015.08.11;12:00:00;1.3092;1.30247;1.30812;1.3025;36746
2015.08.11;16:00:00;1.3149;1.30759;1.3129;1.3081;40890
2015.08.11;20:00:00;1.31397;1.31013;1.31127;1.31289;18758
2015.08.12;00:00:00;1.31155;1.30874;1.30911;1.31126;15327
2015.08.12;04:00:00;1.31565;1.30825;1.31408;1.30912;20978
2015.08.12;08:00:00;1.31415;1.30452;1.30866;1.31408;35390
2015.08.12;12:00:00;1.30936;1.29512;1.29927;1.30868;38688
2015.08.12;16:00:00;1.30232;1.29546;1.29703;1.29928;41439
2015.08.12;20:00:00;1.30042;1.2966;1.29757;1.29705;17779
2015.08.13;00:00:00;1.29974;1.29705;1.29851;1.29755;10598
2015.08.13;04:00:00;1.30097;1.29582;1.29826;1.29852;15471
2015.08.13;08:00:00;1.30029;1.29631;1.29975;1.29826;29663
2015.08.13;12:00:00;1.30636;1.29948;1.30495;1.29974;37352
2015.08.13;16:00:00;1.30902;1.30288;1.30725;1.30495;39420
2015.08.13;20:00:00;1.30823;1.30538;1.3059;1.30725;20878
2015.08.14;00:00:00;1.307;1.30557;1.30609;1.3059;15485
2015.08.14;04:00:00;1.30758;1.3057;1.3066;1.30608;16670
2015.08.14;08:00:00;1.30834;1.30454;1.30666;1.3066;28481
2015.08.14;12:00:00;1.30828;1.30305;1.30775;1.30664;33576
2015.08.14;16:00:00;1.30862;1.30156;1.30549;1.3077;37233
2015.08.14;20:00:00;1.30964;1.30548;1.30937;1.30548;14101
2015.08.17;00:00:00;1.31087;1.30873;1.31057;1.30904;8536
2015.08.17;04:00:00;1.3115;1.30965;1.31087;1.31057;13596
2015.08.17;08:00:00;1.31439;1.31038;1.31297;1.31087;26131
2015.08.17;12:00:00;1.31513;1.31007;1.31193;1.31298;33877
2015.08.17;16:00:00;1.31348;1.30814;1.3083;1.31192;38261
2015.08.17;20:00:00;1.30945;1.3059;1.30776;1.30831;20695
2015.08.18;00:00:00;1.31025;1.30772;1.30962;1.30772;10860
2015.08.18;04:00:00;1.31096;1.30865;1.31038;1.30963;16428
2015.08.18;08:00:00;1.31259;1.31003;1.3118;1.31036;27716
2015.08.18;12:00:00;1.31203;1.30775;1.3092;1.31182;34435
2015.08.18;16:00:00;1.31024;1.30588;1.30685;1.3092;34191
2015.08.18;20:00:00;1.30819;1.30397;1.3057;1.30686;18096
2015.08.19;00:00:00;1.30611;1.30492;1.30511;1.30568;8525
2015.08.19;04:00:00;1.30585;1.3039;1.30536;1.30511;14577
2015.08.19;08:00:00;1.30624;1.30234;1.30411;1.30537;24360
2015.08.19;12:00:00;1.30832;1.30401;1.30781;1.30411;31599
2015.08.19;16:00:00;1.31724;1.30765;1.31665;1.30782;36570
2015.08.19;20:00:00;1.31769;1.30505;1.31273;1.31664;30888
2015.08.20;00:00:00;1.31281;1.30992;1.31038;1.31273;13896
2015.08.20;04:00:00;1.31165;1.31016;1.31069;1.31039;16525
2015.08.20;08:00:00;1.31751;1.31048;1.31716;1.31069;29463
2015.08.20;12:00:00;1.31752;1.30749;1.30937;1.31715;33459
2015.08.20;16:00:00;1.31289;1.30587;1.3094;1.30938;37741
2015.08.20;20:00:00;1.3108;1.30718;1.30863;1.3094;21276
2015.08.21;00:00:00;1.30885;1.30755;1.30789;1.30855;10548
2015.08.21;04:00:00;1.31079;1.30768;1.30917;1.30789;18993
2015.08.21;08:00:00;1.31088;1.30773;1.30815;1.30916;26077
2015.08.21;12:00:00;1.31102;1.30585;1.30843;1.30814;33229
2015.08.21;16:00:00;1.31931;1.30694;1.31583;1.30844;46145
2015.08.21;20:00:00;1.31822;1.31526;1.31812;1.31583;26614
2015.08.24;00:00:00;1.32366;1.31762;1.32265;1.31762;13163
2015.08.24;04:00:00;1.3255;1.3217;1.32423;1.32266;19372
2015.08.24;08:00:00;1.32574;1.32127;1.32411;1.32422;30736
2015.08.24;12:00:00;1.32719;1.32274;1.32472;1.32409;40562
2015.08.24;16:00:00;1.32885;1.31414;1.31953;1.32471;52651
2015.08.24;20:00:00;1.32858;1.31936;1.32855;1.31953;27324
2015.08.25;00:00:00;1.32901;1.32682;1.32722;1.32869;9189
2015.08.25;04:00:00;1.32756;1.32446;1.32528;1.32721;11272
2015.08.25;08:00:00;1.32971;1.32075;1.3223;1.32528;28161
2015.08.25;12:00:00;1.3225;1.31428;1.32049;1.32229;38409
2015.08.25;16:00:00;1.3325;1.31989;1.33138;1.3205;44220
2015.08.25;20:00:00;1.33523;1.3305;1.3335;1.33139;23864
2015.08.26;00:00:00;1.33482;1.33221;1.33357;1.3335;11948
2015.08.26;04:00:00;1.33431;1.33051;1.33085;1.33357;14257
2015.08.26;08:00:00;1.33215;1.32727;1.32826;1.33083;32218
2015.08.26;12:00:00;1.33036;1.32499;1.32815;1.32829;37717
2015.08.26;16:00:00;1.33356;1.32758;1.33117;1.32815;40562
2015.08.26;20:00:00;1.33424;1.32894;1.32908;1.33116;18516
2015.08.27;00:00:00;1.33043;1.32883;1.32918;1.32906;8680
2015.08.27;04:00:00;1.32934;1.32646;1.32878;1.32916;9229
2015.08.27;08:00:00;1.32941;1.32121;1.32223;1.32878;28342
2015.08.27;12:00:00;1.32549;1.31855;1.32426;1.32221;31770
2015.08.27;16:00:00;1.3278;1.31783;1.31956;1.32427;41144
2015.08.27;20:00:00;1.32456;1.31878;1.31973;1.31956;20782
2015.08.28;00:00:00;1.32045;1.31843;1.31862;1.31969;5908
2015.08.28;04:00:00;1.31941;1.3166;1.31872;1.31861;9998
2015.08.28;08:00:00;1.32361;1.31806;1.32284;1.31872;29801
2015.08.28;12:00:00;1.32983;1.32044;1.32883;1.32283;42553
2015.08.28;16:00:00;1.32997;1.3202;1.32083;1.32881;48518
2015.08.28;20:00:00;1.32432;1.31967;1.3202;1.3208;18179
2015.08.31;00:00:00;1.32415;1.3208;1.32336;1.32091;7399
2015.08.31;04:00:00;1.32507;1.32256;1.32319;1.3234;11337
2015.08.31;08:00:00;1.32717;1.32255;1.32578;1.3232;19190
2015.08.31;12:00:00;1.32851;1.32281;1.32848;1.32577;21632
2015.08.31;16:00:00;1.33259;1.31953;1.32101;1.32848;27607
2015.08.31;20:00:00;1.3211;1.3116;1.31385;1.32103;19024
2015.09.01;00:00:00;1.31517;1.31319;1.31441;1.3139;5868
2015.09.01;04:00:00;1.31521;1.31225;1.31471;1.3144;9079
2015.09.01;08:00:00;1.32328;1.31342;1.32125;1.31469;30602
2015.09.01;12:00:00;1.32247;1.3116;1.31625;1.32125;43706
2015.09.01;16:00:00;1.32125;1.31216;1.31751;1.31625;49007
2015.09.01;20:00:00;1.32586;1.31626;1.32574;1.31747;29236
2015.09.02;00:00:00;1.32592;1.32322;1.32364;1.32577;12372
2015.09.02;04:00:00;1.32449;1.32224;1.32245;1.32364;18083
2015.09.02;08:00:00;1.32518;1.32164;1.32407;1.32246;31349
2015.09.02;12:00:00;1.32768;1.32165;1.32176;1.32405;38679
2015.09.02;16:00:00;1.33238;1.31983;1.32674;1.32173;49693
2015.09.02;20:00:00;1.3294;1.32557;1.32668;1.32674;32953
2015.09.03;00:00:00;1.32739;1.3259;1.32669;1.32668;8726
2015.09.03;04:00:00;1.32753;1.3259;1.32655;1.32669;12866
2015.09.03;08:00:00;1.32747;1.32542;1.3264;1.32653;28751
2015.09.03;12:00:00;1.32889;1.32479;1.32654;1.32642;40376
2015.09.03;16:00:00;1.32686;1.31359;1.31913;1.32655;46703
2015.09.03;20:00:00;1.32144;1.31765;1.31777;1.31912;22589
2015.09.04;00:00:00;1.32047;1.31765;1.32044;1.31772;10259
2015.09.04;04:00:00;1.32228;1.31946;1.3218;1.32046;15687
2015.09.04;08:00:00;1.32325;1.32049;1.32176;1.3218;28127
2015.09.04;12:00:00;1.32394;1.31615;1.32061;1.32176;26490
2015.09.04;16:00:00;1.32885;1.32038;1.32559;1.32064;41127
2015.09.04;20:00:00;1.32765;1.3225;1.32765;1.32558;16147
2015.09.07;00:00:00;1.32829;1.32483;1.32759;1.32559;9258
2015.09.07;04:00:00;1.3276;1.32487;1.32634;1.32758;10638
2015.09.07;08:00:00;1.32699;1.32441;1.32619;1.32634;29793
2015.09.07;12:00:00;1.32947;1.32573;1.32831;1.32619;31246
2015.09.07;16:00:00;1.33087;1.32689;1.33059;1.32831;11744
2015.09.07;20:00:00;1.33081;1.33038;1.3306;1.33059;3303
2015.09.08;00:00:00;1.33073;1.32934;1.32993;1.3306;5260
2015.09.08;04:00:00;1.33078;1.3288;1.32916;1.32993;8404
2015.09.08;08:00:00;1.32923;1.32639;1.32653;1.32916;11389
2015.09.08;12:00:00;1.3266;1.32117;1.32256;1.32652;15101
2015.09.08;16:00:00;1.32662;1.31843;1.32226;1.32255;24737
2015.09.08;20:00:00;1.32225;1.31924;1.32075;1.32223;10643
2015.09.09;00:00:00;1.32128;1.31893;1.31898;1.3207;5728
2015.09.09;04:00:00;1.3198;1.31764;1.3197;1.31898;7737
2015.09.09;08:00:00;1.32262;1.31796;1.32215;1.3197;11440
2015.09.09;12:00:00;1.32612;1.32113;1.32381;1.32217;15656
2015.09.09;16:00:00;1.32645;1.3154;1.32247;1.3237;27367
2015.09.09;20:00:00;1.32577;1.32114;1.32564;1.32246;14302
2015.09.10;00:00:00;1.3287;1.32419;1.32795;1.32569;9045
2015.09.10;04:00:00;1.32831;1.32445;1.32448;1.32794;8821
2015.09.10;08:00:00;1.32537;1.31849;1.32078;1.32448;18840
2015.09.10;12:00:00;1.32788;1.3199;1.32657;1.32078;20957
2015.09.10;16:00:00;1.32679;1.32071;1.32164;1.32654;33649
2015.09.10;20:00:00;1.32532;1.31752;1.32499;1.32165;17020
2015.09.11;00:00:00;1.32508;1.32197;1.32343;1.32495;7284
2015.09.11;04:00:00;1.32345;1.32144;1.32165;1.32343;5821
2015.09.11;08:00:00;1.32734;1.32165;1.32585;1.32165;12091
2015.09.11;12:00:00;1.32743;1.32307;1.32589;1.32585;15142
2015.09.11;16:00:00;1.3309;1.32468;1.32496;1.3259;24184
2015.09.11;20:00:00;1.32705;1.32444;1.32619;1.32499;13370
2015.09.14;00:00:00;1.32589;1.32301;1.32355;1.32505;4657
2015.09.14;04:00:00;1.32492;1.32249;1.32424;1.32355;8709
2015.09.14;08:00:00;1.32496;1.3226;1.32365;1.32424;12450
2015.09.14;12:00:00;1.32662;1.32236;1.32443;1.32364;12340
2015.09.14;16:00:00;1.32725;1.32313;1.32713;1.32443;20078
2015.09.14;20:00:00;1.32793;1.32535;1.32633;1.32714;10947
2015.09.15;00:00:00;1.3264;1.32484;1.32511;1.32632;5362
2015.09.15;04:00:00;1.32626;1.32486;1.3259;1.32511;6804
2015.09.15;08:00:00;1.32656;1.32405;1.32426;1.3259;14153
2015.09.15;12:00:00;1.32598;1.32259;1.32517;1.32427;14287
2015.09.15;16:00:00;1.32716;1.32344;1.32585;1.32516;20381
2015.09.15;20:00:00;1.32683;1.32337;1.32461;1.32591;11161
2015.09.16;00:00:00;1.3256;1.32379;1.32391;1.32461;6035
2015.09.16;04:00:00;1.32431;1.32285;1.32348;1.32393;5585
2015.09.16;08:00:00;1.32426;1.321;1.32216;1.32349;9286
2015.09.16;12:00:00;1.32506;1.3202;1.32145;1.32216;12150
2015.09.16;16:00:00;1.32222;1.31592;1.31732;1.32144;22993
2015.09.16;20:00:00;1.31892;1.31612;1.31706;1.31732;11768
2015.09.17;00:00:00;1.31816;1.3167;1.31744;1.31706;4832
2015.09.17;04:00:00;1.31823;1.31682;1.31749;1.31745;6430
2015.09.17;08:00:00;1.31956;1.31708;1.31887;1.31748;8183
2015.09.17;12:00:00;1.32034;1.31843;1.31913;1.31887;9875
2015.09.17;16:00:00;1.32044;1.317;1.31935;1.31913;18708
2015.09.17;20:00:00;1.31989;1.30724;1.31806;1.31932;34057
2015.09.18;00:00:00;1.3183;1.31621;1.31765;1.31817;6690
2015.09.18;04:00:00;1.31786;1.31692;1.31722;1.31762;5334
2015.09.18;08:00:00;1.31739;1.30661;1.30841;1.31722;15691
2015.09.18;12:00:00;1.30847;1.30113;1.30288;1.30842;20848
2015.09.18;16:00:00;1.31593;1.30288;1.31499;1.30289;29113
2015.09.18;20:00:00;1.32287;1.31443;1.32215;1.315;19083
2015.09.21;00:00:00;1.32294;1.321;1.32164;1.3227;6001
2015.09.21;04:00:00;1.32179;1.32054;1.32119;1.32165;7681
2015.09.21;08:00:00;1.3224;1.31892;1.3211;1.32119;10374
2015.09.21;12:00:00;1.32172;1.31751;1.32137;1.32111;13551
2015.09.21;16:00:00;1.3256;1.32094;1.32515;1.32138;23450
2015.09.21;20:00:00;1.32644;1.32228;1.3253;1.32515;16608
2015.09.22;00:00:00;1.32549;1.32396;1.32445;1.32538;4186
2015.09.22;04:00:00;1.32477;1.32314;1.32361;1.32445;5257
2015.09.22;08:00:00;1.32541;1.32183;1.32485;1.32361;11899
2015.09.22;12:00:00;1.32897;1.32351;1.32754;1.32485;15335
2015.09.22;16:00:00;1.32973;1.32569;1.32748;1.32755;20709
2015.09.22;20:00:00;1.32825;1.32455;1.327;1.32743;13509
2015.09.23;00:00:00;1.32814;1.32601;1.32785;1.32709;3522
2015.09.23;04:00:00;1.32933;1.32694;1.32908;1.32785;6646
2015.09.23;08:00:00;1.32931;1.32541;1.32587;1.32908;10785
2015.09.23;12:00:00;1.33138;1.32323;1.3309;1.32586;16053
2015.09.23;16:00:00;1.33567;1.32481;1.33424;1.3309;30254
2015.09.23;20:00:00;1.3347;1.33146;1.33194;1.33423;13418
2015.09.24;00:00:00;1.33288;1.33172;1.33236;1.3319;4542
2015.09.24;04:00:00;1.33257;1.3306;1.33136;1.33235;8796
2015.09.24;08:00:00;1.33365;1.33075;1.33305;1.33135;12681
2015.09.24;12:00:00;1.34156;1.33296;1.34059;1.33305;17372
2015.09.24;16:00:00;1.34134;1.33317;1.33535;1.3406;27867
2015.09.24;20:00:00;1.33589;1.32905;1.33028;1.33535;17288
2015.09.25;00:00:00;1.33473;1.33026;1.33438;1.3303;7562
2015.09.25;04:00:00;1.33486;1.33247;1.33251;1.33437;6697
2015.09.25;08:00:00;1.33539;1.33138;1.33371;1.33251;13808
2015.09.25;12:00:00;1.33467;1.33052;1.33255;1.33371;16750
2015.09.25;16:00:00;1.33435;1.3297;1.33247;1.33256;23912
2015.09.25;20:00:00;1.33344;1.33135;1.33268;1.33246;10401
2015.09.28;00:00:00;1.33404;1.33218;1.33287;1.33317;3987
2015.09.28;04:00:00;1.33425;1.33183;1.33183;1.33287;3760
2015.09.28;08:00:00;1.33383;1.33162;1.33325;1.33183;9852
2015.09.28;12:00:00;1.3378;1.33216;1.33522;1.33325;11427
2015.09.28;16:00:00;1.33744;1.33293;1.33476;1.33523;20984
2015.09.28;20:00:00;1.33965;1.33473;1.33939;1.33477;12299
2015.09.29;00:00:00;1.34025;1.33886;1.34006;1.33953;4579
2015.09.29;04:00:00;1.3411;1.33985;1.34037;1.34004;4591
2015.09.29;08:00:00;1.34303;1.33921;1.34086;1.34036;13763
2015.09.29;12:00:00;1.34206;1.33831;1.33902;1.34086;12610
2015.09.29;16:00:00;1.34562;1.33709;1.3452;1.33905;25988
2015.09.29;20:00:00;1.34522;1.34145;1.34199;1.34519;17378
2015.09.30;00:00:00;1.34281;1.3418;1.34279;1.34206;6535
2015.09.30;04:00:00;1.34294;1.3408;1.34089;1.34278;6349
2015.09.30;08:00:00;1.34297;1.33918;1.3399;1.3409;12846
2015.09.30;12:00:00;1.34243;1.33834;1.34085;1.3399;12317
2015.09.30;16:00:00;1.34145;1.33715;1.33963;1.34093;22865
2015.09.30;20:00:00;1.33961;1.33056;1.33114;1.3396;22495
2015.10.01;00:00:00;1.33315;1.33072;1.33079;1.33111;7468
2015.10.01;04:00:00;1.33105;1.32797;1.32914;1.33077;7220
2015.10.01;08:00:00;1.33095;1.32722;1.32811;1.32914;11322
2015.10.01;12:00:00;1.32817;1.32516;1.32659;1.32812;13017
2015.10.01;16:00:00;1.32672;1.32176;1.32651;1.32659;28146
2015.10.01;20:00:00;1.32744;1.32522;1.32651;1.32651;16608
2015.10.02;00:00:00;1.32679;1.32305;1.32384;1.32652;4341
2015.10.02;04:00:00;1.32434;1.32284;1.32363;1.32384;5097
2015.10.02;08:00:00;1.32404;1.32236;1.32358;1.32364;8325
2015.10.02;12:00:00;1.32503;1.31839;1.3202;1.32352;14161
2015.10.02;16:00:00;1.32477;1.3192;1.32009;1.32019;27890
2015.10.02;20:00:00;1.3209;1.31507;1.3153;1.3201;18464
2015.10.05;00:00:00;1.31744;1.31471;1.31581;1.31471;7076
2015.10.05;04:00:00;1.31584;1.31268;1.31397;1.31582;8562
2015.10.05;08:00:00;1.31427;1.31017;1.31065;1.31396;27849
2015.10.05;12:00:00;1.31258;1.30634;1.31179;1.31065;36450
2015.10.05;16:00:00;1.31188;1.30796;1.30995;1.3118;42131
2015.10.05;20:00:00;1.31034;1.30759;1.30831;1.30995;23492
2015.10.06;00:00:00;1.30893;1.30794;1.30874;1.3082;4669
2015.10.06;04:00:00;1.30961;1.30646;1.30662;1.30874;6543
2015.10.06;08:00:00;1.30968;1.30637;1.30832;1.30662;23215
2015.10.06;12:00:00;1.31332;1.30741;1.31166;1.3083;28819
2015.10.06;16:00:00;1.31186;1.30356;1.30393;1.31166;42606
2015.10.06;20:00:00;1.30544;1.3025;1.30329;1.30394;23044
2015.10.07;00:00:00;1.30517;1.30302;1.30493;1.3033;6177
2015.10.07;04:00:00;1.30495;1.30145;1.30175;1.30495;7590
2015.10.07;08:00:00;1.30291;1.29917;1.30141;1.30172;26249
2015.10.07;12:00:00;1.30391;1.29853;1.3012;1.30142;29070
2015.10.07;16:00:00;1.30641;1.29706;1.30467;1.30121;43532
2015.10.07;20:00:00;1.3071;1.30323;1.3056;1.30465;23946
2015.10.08;00:00:00;1.30699;1.30514;1.30539;1.3056;6422
2015.10.08;04:00:00;1.30705;1.30502;1.30648;1.30537;8075
2015.10.08;08:00:00;1.307;1.30347;1.30585;1.30648;25078
2015.10.08;12:00:00;1.30733;1.30213;1.30556;1.30586;31579
2015.10.08;16:00:00;1.30729;1.3005;1.30206;1.30559;39609
2015.10.08;20:00:00;1.30225;1.2978;1.30145;1.30209;28800
2015.10.09;00:00:00;1.30204;1.29884;1.29951;1.30158;6164
2015.10.09;04:00:00;1.29956;1.29605;1.29628;1.29951;7739
2015.10.09;08:00:00;1.29841;1.29428;1.29459;1.29629;25954
2015.10.09;12:00:00;1.29695;1.29;1.29645;1.29464;37442
2015.10.09;16:00:00;1.2991;1.29144;1.29271;1.29646;42128
2015.10.09;20:00:00;1.29579;1.29222;1.29425;1.29272;20889
2015.10.12;00:00:00;1.29613;1.29345;1.29366;1.29573;7078
2015.10.12;04:00:00;1.29381;1.29121;1.29176;1.29365;5247
2015.10.12;08:00:00;1.29253;1.29005;1.29221;1.29176;20937
2015.10.12;12:00:00;1.2942;1.29126;1.29418;1.29219;28560
2015.10.12;16:00:00;1.29743;1.29244;1.29645;1.29419;36278
2015.10.12;20:00:00;1.30102;1.29638;1.29958;1.29645;19654
2015.10.13;00:00:00;1.30342;1.29942;1.30332;1.29959;4613
2015.10.13;04:00:00;1.30618;1.30189;1.3046;1.30332;8059
2015.10.13;08:00:00;1.3056;1.3018;1.30432;1.3046;22543
2015.10.13;12:00:00;1.3066;1.30268;1.30512;1.30434;32502
2015.10.13;16:00:00;1.30794;1.29553;1.30023;1.3051;46033
2015.10.13;20:00:00;1.3038;1.29913;1.30361;1.30024;25177
2015.10.14;00:00:00;1.30386;1.30109;1.30198;1.3038;7157
2015.10.14;04:00:00;1.30224;1.29986;1.30105;1.30197;5884
2015.10.14;08:00:00;1.30165;1.29797;1.2995;1.30107;26491
2015.10.14;12:00:00;1.30204;1.29611;1.30017;1.29946;32644
2015.10.14;16:00:00;1.3016;1.29624;1.29687;1.3002;44402
2015.10.14;20:00:00;1.2977;1.29107;1.2934;1.29689;29147
2015.10.15;00:00:00;1.29385;1.2909;1.29259;1.2935;4759
2015.10.15;04:00:00;1.29262;1.29024;1.29176;1.2926;8531
2015.10.15;08:00:00;1.29193;1.28729;1.28858;1.29177;23576
2015.10.15;12:00:00;1.29458;1.28748;1.29275;1.28858;16230
2015.10.15;16:00:00;1.29476;1.28521;1.2857;1.29274;27058
2015.10.15;20:00:00;1.28661;1.28312;1.28615;1.2857;14770
2015.10.16;00:00:00;1.28712;1.28487;1.28689;1.2862;7367
2015.10.16;04:00:00;1.2881;1.28662;1.28765;1.28688;4741
2015.10.16;08:00:00;1.29007;1.28636;1.29005;1.28768;10105
2015.10.16;12:00:00;1.29301;1.28853;1.28999;1.29005;15161
2015.10.16;16:00:00;1.29385;1.28843;1.29251;1.29;22779
2015.10.16;20:00:00;1.29282;1.29045;1.2916;1.2925;12357
2015.10.19;00:00:00;1.29272;1.2898;1.29244;1.29007;6413
2015.10.19;04:00:00;1.29455;1.29145;1.29245;1.29244;6401
2015.10.19;08:00:00;1.29365;1.29032;1.2915;1.29245;8758
2015.10.19;12:00:00;1.2952;1.29007;1.29427;1.29154;12841
2015.10.19;16:00:00;1.3014;1.29341;1.30028;1.29426;21341
2015.10.19;20:00:00;1.30278;1.29982;1.30174;1.30026;8516
2015.10.20;00:00:00;1.30269;1.30111;1.30241;1.30168;7762
2015.10.20;04:00:00;1.30464;1.30186;1.30342;1.3024;5691
2015.10.20;08:00:00;1.30452;1.29867;1.30265;1.30341;11729
2015.10.20;12:00:00;1.3033;1.29788;1.29844;1.30266;14599
2015.10.20;16:00:00;1.29876;1.29344;1.29745;1.29844;21345
2015.10.20;20:00:00;1.30005;1.2968;1.29778;1.29745;13269
2015.10.21;00:00:00;1.29898;1.29679;1.29725;1.29787;4871
2015.10.21;04:00:00;1.29794;1.29677;1.29701;1.29722;5959
2015.10.21;08:00:00;1.30229;1.29705;1.30065;1.29705;12546
2015.10.21;12:00:00;1.30282;1.29894;1.30273;1.30065;12451
2015.10.21;16:00:00;1.3119;1.30162;1.31134;1.30273;27858
2015.10.21;20:00:00;1.31413;1.31097;1.31375;1.31133;13414
2015.10.22;00:00:00;1.31435;1.31265;1.31376;1.31372;6464
2015.10.22;04:00:00;1.31374;1.3109;1.31238;1.31374;7179
2015.10.22;08:00:00;1.31308;1.31046;1.31127;1.31238;16110
2015.10.22;12:00:00;1.31588;1.3102;1.31333;1.31136;29740
2015.10.22;16:00:00;1.31429;1.3083;1.30977;1.31334;39771
2015.10.22;20:00:00;1.31203;1.30851;1.30871;1.30976;28621
2015.10.23;00:00:00;1.31103;1.30866;1.30912;1.3087;6755
2015.10.23;04:00:00;1.30914;1.3072;1.30827;1.30912;7529
2015.10.23;08:00:00;1.30878;1.30551;1.30829;1.30827;22207
2015.10.23;12:00:00;1.31468;1.30393;1.31428;1.30826;32894
2015.10.23;16:00:00;1.31974;1.31414;1.31693;1.31428;42698
2015.10.23;20:00:00;1.31893;1.31615;1.31646;1.31692;22038
2015.10.25;23:00:00;1.31778;1.31562;1.31671;1.31603;781
2015.10.26;00:00:00;1.31829;1.31645;1.31684;1.31671;12714
2015.10.26;04:00:00;1.31717;1.31489;1.3154;1.31684;9246
2015.10.26;08:00:00;1.31683;1.31365;1.31374;1.3154;24689
2015.10.26;12:00:00;1.31545;1.31299;1.31508;1.31375;30934
2015.10.26;16:00:00;1.3159;1.31202;1.31395;1.31509;33176
2015.10.26;20:00:00;1.31677;1.31364;1.3158;1.31396;15419
2015.10.27;00:00:00;1.31649;1.31545;1.31578;1.31583;8861
2015.10.27;04:00:00;1.31751;1.31578;1.31643;1.31579;8179
2015.10.27;08:00:00;1.31929;1.31625;1.31839;1.31644;24110
2015.10.27;12:00:00;1.3236;1.31679;1.32287;1.31839;34360
2015.10.27;16:00:00;1.32684;1.32249;1.32558;1.32273;35876
2015.10.27;20:00:00;1.32715;1.32536;1.32638;1.32558;18992
2015.10.28;00:00:00;1.32787;1.3263;1.32693;1.3264;12451
2015.10.28;04:00:00;1.3277;1.32664;1.32674;1.32693;7171
2015.10.28;08:00:00;1.32674;1.32245;1.32383;1.32674;24223
2015.10.28;12:00:00;1.32458;1.31946;1.31993;1.32384;33331
2015.10.28;16:00:00;1.32111;1.30889;1.31018;1.31993;39098
2015.10.28;20:00:00;1.32239;1.3094;1.31962;1.31013;26210
2015.10.29;00:00:00;1.32021;1.31878;1.31993;1.31959;10830
2015.10.29;04:00:00;1.32129;1.31966;1.3211;1.31991;5854
2015.10.29;08:00:00;1.32372;1.32024;1.32105;1.3211;28517
2015.10.29;12:00:00;1.32242;1.31707;1.31845;1.32106;35262
2015.10.29;16:00:00;1.31882;1.31322;1.3161;1.31849;30751
2015.10.29;20:00:00;1.31721;1.31542;1.31648;1.31605;11347
2015.10.30;00:00:00;1.31665;1.31433;1.31576;1.31644;7924
2015.10.30;04:00:00;1.31662;1.31444;1.3163;1.31576;9886
2015.10.30;08:00:00;1.31673;1.31352;1.31416;1.3163;26575
2015.10.30;12:00:00;1.31921;1.3125;1.31643;1.31419;34289
2015.10.30;16:00:00;1.31656;1.30548;1.30752;1.31633;37360
2015.10.30;20:00:00;1.30828;1.30623;1.30677;1.30755;19445
2015.11.02;00:00:00;1.30802;1.3063;1.30689;1.30729;8901
2015.11.02;04:00:00;1.30773;1.3064;1.30703;1.3069;6592
2015.11.02;08:00:00;1.31115;1.30657;1.31115;1.30703;26764
2015.11.02;12:00:00;1.31156;1.30905;1.30941;1.31114;29262
2015.11.02;16:00:00;1.31067;1.30713;1.30986;1.30942;32084
2015.11.02;20:00:00;1.31082;1.3092;1.30927;1.30984;18932
2015.11.03;00:00:00;1.31;1.30804;1.30849;1.30925;6932
2015.11.03;04:00:00;1.30934;1.30787;1.30836;1.30849;7963
2015.11.03;08:00:00;1.31259;1.30801;1.31145;1.30835;26658
2015.11.03;12:00:00;1.31581;1.31023;1.31438;1.31146;27509
2015.11.03;16:00:00;1.31643;1.30657;1.30682;1.31436;37146
2015.11.03;20:00:00;1.30691;1.30372;1.30582;1.30684;24255
2015.11.04;00:00:00;1.30687;1.30527;1.30541;1.30591;8451
2015.11.04;04:00:00;1.30603;1.3044;1.3052;1.3054;8804
2015.11.04;08:00:00;1.30855;1.30485;1.30729;1.3052;25146
2015.11.04;12:00:00;1.30994;1.30486;1.30991;1.30725;27297
2015.11.04;16:00:00;1.31749;1.30849;1.31677;1.30993;37057
2015.11.04;20:00:00;1.31911;1.31463;1.3148;1.31677;21085
2015.11.05;00:00:00;1.31717;1.31449;1.31608;1.31479;8979
2015.11.05;04:00:00;1.31645;1.31533;1.31599;1.31608;6914
2015.11.05;08:00:00;1.31771;1.31398;1.31665;1.316;26587
2015.11.05;12:00:00;1.31808;1.31433;1.3159;1.31666;30809
2015.11.05;16:00:00;1.31855;1.31476;1.31565;1.31591;38793
2015.11.05;20:00:00;1.31698;1.31502;1.31681;1.31564;25026
2015.11.06;00:00:00;1.31714;1.31562;1.31584;1.31689;7807
2015.11.06;04:00:00;1.31707;1.31566;1.31679;1.31584;5011
2015.11.06;08:00:00;1.31797;1.316;1.31744;1.31677;24184
2015.11.06;12:00:00;1.32889;1.31713;1.32722;1.31738;31885
2015.11.06;16:00:00;1.33171;1.32522;1.33078;1.32723;35740
2015.11.06;20:00:00;1.33086;1.32843;1.33015;1.33079;19926
2015.11.09;00:00:00;1.33091;1.32886;1.32903;1.32978;5812
2015.11.09;04:00:00;1.32911;1.32761;1.32763;1.32904;10163
2015.11.09;08:00:00;1.32967;1.32703;1.32835;1.32761;17704
2015.11.09;12:00:00;1.32971;1.32449;1.32919;1.32835;22385
2015.11.09;16:00:00;1.32968;1.32617;1.32784;1.3292;29218
2015.11.09;20:00:00;1.32862;1.32665;1.3285;1.32784;16527
2015.11.10;00:00:00;1.32867;1.3263;1.32734;1.32853;6598
2015.11.10;04:00:00;1.32752;1.32643;1.3268;1.32732;4332
2015.11.10;08:00:00;1.32882;1.32616;1.32712;1.32679;17042
2015.11.10;12:00:00;1.32928;1.32489;1.32871;1.32713;22734
2015.11.10;16:00:00;1.32966;1.32441;1.32474;1.32872;30815
2015.11.10;20:00:00;1.32773;1.32474;1.32722;1.32474;19215
2015.11.11;00:00:00;1.32789;1.32481;1.32505;1.3274;9344
2015.11.11;04:00:00;1.32553;1.32372;1.32514;1.32505;8258
2015.11.11;08:00:00;1.32726;1.32477;1.32657;1.32513;17028
2015.11.11;12:00:00;1.32806;1.32555;1.32574;1.32657;17927
2015.11.11;16:00:00;1.32828;1.32315;1.32778;1.32573;27170
2015.11.11;20:00:00;1.3282;1.32568;1.32584;1.32778;17000
2015.11.12;00:00:00;1.3265;1.32238;1.32309;1.32568;10657
2015.11.12;04:00:00;1.32525;1.32309;1.32487;1.3231;8235
2015.11.12;08:00:00;1.32798;1.3245;1.32762;1.32487;19395
2015.11.12;12:00:00;1.33264;1.32638;1.33169;1.32761;22661
2015.11.12;16:00:00;1.33403;1.32761;1.33067;1.33171;38819
2015.11.12;20:00:00;1.33108;1.32736;1.3289;1.33067;19336
2015.11.13;00:00:00;1.32927;1.32804;1.3289;1.32897;6411
2015.11.13;04:00:00;1.32999;1.32814;1.32996;1.32888;6465
2015.11.13;08:00:00;1.33099;1.32842;1.32975;1.32996;15403
2015.11.13;12:00:00;1.33241;1.32661;1.33226;1.32975;23778
2015.11.13;16:00:00;1.33486;1.33102;1.33319;1.33225;29183
2015.11.13;20:00:00;1.33359;1.33055;1.33252;1.33319;14962
2015.11.16;00:00:00;1.33351;1.32998;1.33178;1.32999;11156
2015.11.16;04:00:00;1.33247;1.33063;1.3309;1.33178;5058
2015.11.16;08:00:00;1.33124;1.32895;1.33037;1.33089;17836
2015.11.16;12:00:00;1.33489;1.33009;1.33409;1.33038;22120
2015.11.16;16:00:00;1.337;1.33246;1.3339;1.33408;31515
2015.11.16;20:00:00;1.33456;1.33184;1.33296;1.33391;19653
2015.11.17;00:00:00;1.33374;1.33211;1.33323;1.333;7773
2015.11.17;04:00:00;1.33431;1.3328;1.33349;1.33324;8782
2015.11.17;08:00:00;1.33426;1.33072;1.33098;1.3335;17632
2015.11.17;12:00:00;1.333;1.32964;1.33093;1.33097;25068
2015.11.17;16:00:00;1.33303;1.33002;1.33117;1.33094;35016
2015.11.17;20:00:00;1.33212;1.33083;1.33205;1.33116;21900
2015.11.18;00:00:00;1.33297;1.3311;1.33286;1.33204;5879
2015.11.18;04:00:00;1.33288;1.33159;1.3316;1.33287;5829
2015.11.18;08:00:00;1.33238;1.32973;1.33074;1.33159;15757
2015.11.18;12:00:00;1.33471;1.3298;1.33336;1.33072;18643
2015.11.18;16:00:00;1.33655;1.33245;1.33587;1.33336;29473
2015.11.18;20:00:00;1.3368;1.33001;1.33015;1.33587;22507
2015.11.19;00:00:00;1.33128;1.32604;1.32652;1.33015;8517
2015.11.19;04:00:00;1.32706;1.32498;1.32552;1.32652;8747
2015.11.19;08:00:00;1.32784;1.32458;1.32544;1.32556;19795
2015.11.19;12:00:00;1.32996;1.3249;1.32941;1.32544;23156
2015.11.19;16:00:00;1.33012;1.32543;1.3285;1.32942;36247
2015.11.19;20:00:00;1.3303;1.32804;1.3283;1.32848;19321
2015.11.20;00:00:00;1.33063;1.32815;1.32955;1.3283;8251
2015.11.20;04:00:00;1.3298;1.32839;1.32917;1.32955;11730
2015.11.20;08:00:00;1.33332;1.329;1.33025;1.32918;21207
2015.11.20;12:00:00;1.3335;1.32815;1.32938;1.33024;21550
2015.11.20;16:00:00;1.33473;1.32696;1.33313;1.32937;32446
2015.11.20;20:00:00;1.33554;1.33222;1.33486;1.33315;22600
2015.11.23;00:00:00;1.33848;1.33296;1.33806;1.33325;7605
2015.11.23;04:00:00;1.33973;1.33805;1.33972;1.33806;7240
2015.11.23;08:00:00;1.34048;1.33811;1.33993;1.3397;18971
2015.11.23;12:00:00;1.34351;1.33344;1.33747;1.33995;31201
2015.11.23;16:00:00;1.33893;1.33417;1.33545;1.33748;31431
2015.11.23;20:00:00;1.33813;1.33493;1.3364;1.33543;16032
2015.11.24;00:00:00;1.3368;1.334;1.3345;1.3364;5953
2015.11.24;04:00:00;1.3353;1.33422;1.33444;1.3345;5355
2015.11.24;08:00:00;1.33511;1.33235;1.33501;1.33445;16902
2015.11.24;12:00:00;1.33765;1.33458;1.3355;1.33502;23209
2015.11.24;16:00:00;1.3355;1.32834;1.33045;1.3355;30874
2015.11.24;20:00:00;1.33124;1.3287;1.33028;1.33045;18841
2015.11.25;00:00:00;1.33086;1.32905;1.32944;1.33031;7996
2015.11.25;04:00:00;1.3295;1.3279;1.32834;1.32944;6785
2015.11.25;08:00:00;1.33211;1.32791;1.33181;1.32833;17510
2015.11.25;12:00:00;1.33366;1.32968;1.33213;1.3318;23138
2015.11.25;16:00:00;1.33382;1.32885;1.33022;1.33212;31040
2015.11.25;20:00:00;1.33073;1.32862;1.32866;1.33023;18225
2015.11.26;00:00:00;1.33034;1.3286;1.32887;1.32868;7187
2015.11.26;04:00:00;1.33002;1.32832;1.32968;1.32887;6191
2015.11.26;08:00:00;1.33235;1.32936;1.33122;1.3297;14147
2015.11.26;12:00:00;1.33145;1.32966;1.33031;1.33121;15959
2015.11.26;16:00:00;1.33088;1.32866;1.32884;1.3303;13137
2015.11.26;20:00:00;1.32939;1.32856;1.32894;1.32882;23612
2015.11.27;00:00:00;1.33064;1.32876;1.32996;1.3288;6605
2015.11.27;04:00:00;1.33098;1.32979;1.33066;1.32996;5089
2015.11.27;08:00:00;1.33347;1.33016;1.33318;1.33065;16730
2015.11.27;12:00:00;1.33573;1.33218;1.33493;1.33318;19971
2015.11.27;16:00:00;1.33738;1.3345;1.33606;1.33493;22580
2015.11.27;20:00:00;1.33745;1.33601;1.33725;1.33605;8435
2015.11.30;00:00:00;1.33853;1.33558;1.33806;1.33558;7179
2015.11.30;04:00:00;1.33849;1.33739;1.33793;1.33806;6381
2015.11.30;08:00:00;1.3392;1.33687;1.33899;1.33794;14645
2015.11.30;12:00:00;1.3391;1.33579;1.33605;1.33901;20548
2015.11.30;16:00:00;1.33629;1.33113;1.33516;1.33606;27886
2015.11.30;20:00:00;1.33616;1.33366;1.33605;1.33516;18345
2015.12.01;00:00:00;1.33615;1.33354;1.33385;1.3361;8457
2015.12.01;04:00:00;1.33525;1.33251;1.33455;1.33385;11274
2015.12.01;08:00:00;1.33535;1.33088;1.33305;1.33454;17867
2015.12.01;12:00:00;1.33951;1.33102;1.33786;1.33305;21374
2015.12.01;16:00:00;1.33804;1.33327;1.33762;1.33786;34728
2015.12.01;20:00:00;1.33868;1.33559;1.3357;1.33761;21562
2015.12.02;00:00:00;1.33673;1.33533;1.33633;1.33557;8361
2015.12.02;04:00:00;1.33745;1.33628;1.33725;1.33633;6662
2015.12.02;08:00:00;1.33749;1.33583;1.33689;1.3373;15019
2015.12.02;12:00:00;1.34055;1.33641;1.34047;1.3369;19166
2015.12.02;16:00:00;1.34067;1.33072;1.33622;1.34045;37233
2015.12.02;20:00:00;1.3369;1.33318;1.33419;1.33622;28237
2015.12.03;00:00:00;1.33545;1.33372;1.3347;1.33419;6908
2015.12.03;04:00:00;1.33519;1.32925;1.33145;1.3347;11161
2015.12.03;08:00:00;1.33336;1.33113;1.33236;1.33145;17335
2015.12.03;12:00:00;1.33513;1.33007;1.33196;1.33236;30921
2015.12.03;16:00:00;1.33989;1.33146;1.33756;1.33196;37775
2015.12.03;20:00:00;1.33806;1.33286;1.33536;1.33757;29028
2015.12.04;00:00:00;1.33549;1.33352;1.33485;1.33536;8926
2015.12.04;04:00:00;1.33563;1.33422;1.33534;1.33486;8857
2015.12.04;08:00:00;1.33727;1.33332;1.33369;1.33538;18541
2015.12.04;12:00:00;1.33951;1.33196;1.33809;1.3337;27502
2015.12.04;16:00:00;1.34154;1.33165;1.33878;1.33809;49426
2015.12.04;20:00:00;1.33896;1.33583;1.33605;1.33878;21476
2015.12.07;00:00:00;1.33957;1.33646;1.33859;1.33672;7480
2015.12.07;04:00:00;1.33994;1.33843;1.33955;1.33859;8491
2015.12.07;08:00:00;1.34275;1.33909;1.34253;1.33954;12507
2015.12.07;12:00:00;1.34864;1.34227;1.34845;1.34252;19625
2015.12.07;16:00:00;1.3522;1.3475;1.35197;1.34844;30383
2015.12.07;20:00:00;1.35229;1.34963;1.3497;1.35197;17882
2015.12.08;00:00:00;1.35158;1.34956;1.3505;1.3497;6060
2015.12.08;04:00:00;1.35214;1.35026;1.35182;1.35051;9777
2015.12.08;08:00:00;1.35543;1.35039;1.35294;1.35184;16912
2015.12.08;12:00:00;1.36202;1.35252;1.36157;1.35292;26267
2015.12.08;16:00:00;1.36213;1.35476;1.35872;1.36163;35410
2015.12.08;20:00:00;1.36039;1.35733;1.3584;1.35873;20149
2015.12.09;00:00:00;1.35866;1.35703;1.35746;1.35845;6651
2015.12.09;04:00:00;1.35842;1.35645;1.35696;1.35746;7426
2015.12.09;08:00:00;1.36061;1.35554;1.35874;1.35697;15829
2015.12.09;12:00:00;1.35878;1.35468;1.35759;1.35875;22600
2015.12.09;16:00:00;1.36191;1.35159;1.35991;1.35761;42276
2015.12.09;20:00:00;1.36011;1.35595;1.35773;1.35991;26793
2015.12.10;00:00:00;1.35783;1.35519;1.35585;1.35779;8918
2015.12.10;04:00:00;1.35644;1.35472;1.35568;1.35585;8640
2015.12.10;08:00:00;1.35649;1.35443;1.35607;1.35568;16368
2015.12.10;12:00:00;1.35735;1.35312;1.35704;1.35608;25191
2015.12.10;16:00:00;1.36279;1.35575;1.36119;1.35705;33292
2015.12.10;20:00:00;1.36387;1.36046;1.36233;1.36119;19884
2015.12.11;00:00:00;1.36513;1.36213;1.36437;1.36243;6892
2015.12.11;04:00:00;1.36585;1.36418;1.36485;1.36437;6578
2015.12.11;08:00:00;1.36689;1.36305;1.36671;1.36485;14557
2015.12.11;12:00:00;1.36785;1.36484;1.36695;1.3667;21102
2015.12.11;16:00:00;1.37446;1.36542;1.37437;1.36695;37290
2015.12.11;20:00:00;1.37568;1.37298;1.37528;1.37438;20355
2015.12.14;00:00:00;1.37542;1.37168;1.37436;1.37168;8317
2015.12.14;04:00:00;1.3751;1.37219;1.37238;1.37437;9081
2015.12.14;08:00:00;1.37285;1.37002;1.3719;1.37238;17667
2015.12.14;12:00:00;1.37799;1.36757;1.36932;1.37188;30841
2015.12.14;16:00:00;1.37608;1.36761;1.37369;1.36931;46247
2015.12.14;20:00:00;1.37535;1.37201;1.37316;1.37369;23155
2015.12.15;00:00:00;1.37328;1.37145;1.37148;1.37315;6873
2015.12.15;04:00:00;1.37169;1.36993;1.3708;1.37148;8604
2015.12.15;08:00:00;1.37172;1.36842;1.36935;1.37079;20302
2015.12.15;12:00:00;1.37308;1.36722;1.37109;1.36933;28185
2015.12.15;16:00:00;1.37652;1.36921;1.37009;1.37111;33804
2015.12.15;20:00:00;1.37024;1.3701;1.37017;1.3701;39
