DATE;TIME;HIGH;LOW;CLOSE;OPEN;VOLUME
2015.04.27;12:00:00;0.95795;0.95488;0.95694;0.95584;20324
2015.04.27;16:00:00;0.95734;0.94915;0.95161;0.95694;24099
2015.04.27;20:00:00;0.95672;0.95115;0.95444;0.95162;10510
2015.04.28;00:00:00;0.95638;0.95417;0.95492;0.95435;8324
2015.04.28;04:00:00;0.95513;0.95403;0.95497;0.95491;8222
2015.04.28;08:00:00;0.9571;0.95343;0.95598;0.95496;22836
2015.04.28;12:00:00;0.95975;0.95503;0.95797;0.95598;26313
2015.04.28;16:00:00;0.95967;0.95023;0.95487;0.95798;27004
2015.04.28;20:00:00;0.9566;0.95324;0.95514;0.95495;9284
2015.04.29;00:00:00;0.9564;0.95367;0.95494;0.95506;5669
2015.04.29;04:00:00;0.95663;0.95494;0.95658;0.95494;6894
2015.04.29;08:00:00;0.95712;0.95345;0.9536;0.95658;21117
2015.04.29;12:00:00;0.95558;0.94554;0.95171;0.9536;27808
2015.04.29;16:00:00;0.95255;0.9339;0.938;0.95171;39203
2015.04.29;20:00:00;0.94165;0.93592;0.93936;0.93799;17328
2015.04.30;00:00:00;0.94039;0.93895;0.93913;0.93934;8460
2015.04.30;04:00:00;0.9405;0.93896;0.93976;0.93913;10044
2015.04.30;08:00:00;0.94195;0.93258;0.93602;0.93974;31030
2015.04.30;12:00:00;0.94105;0.93421;0.93893;0.93602;29296
2015.04.30;16:00:00;0.94459;0.93545;0.93806;0.93894;33752
2015.04.30;20:00:00;0.93936;0.93068;0.93218;0.93807;13351
2015.05.01;00:00:00;0.9343;0.93187;0.93366;0.93223;5893
2015.05.01;04:00:00;0.9343;0.93299;0.93311;0.93365;5533
2015.05.01;08:00:00;0.93408;0.93096;0.93147;0.9331;17494
2015.05.01;12:00:00;0.93257;0.9276;0.93026;0.93147;19218
2015.05.01;16:00:00;0.93512;0.92788;0.93489;0.93025;26929
2015.05.01;20:00:00;0.93489;0.93174;0.93238;0.93489;9133
2015.05.04;00:00:00;0.93399;0.93238;0.93328;0.93318;7111
2015.05.04;04:00:00;0.93363;0.93295;0.9336;0.93328;5683
2015.05.04;08:00:00;0.93836;0.93228;0.93691;0.93357;16596
2015.05.04;12:00:00;0.93728;0.93176;0.93207;0.93687;18489
2015.05.04;16:00:00;0.93634;0.9312;0.93508;0.93207;21993
2015.05.04;20:00:00;0.93541;0.93308;0.93363;0.93508;8331
2015.05.05;00:00:00;0.93425;0.93302;0.93385;0.93364;4510
2015.05.05;04:00:00;0.93618;0.93353;0.93541;0.93384;7177
2015.05.05;08:00:00;0.9412;0.93428;0.93733;0.93541;24493
2015.05.05;12:00:00;0.93764;0.92962;0.93085;0.93734;27491
2015.05.05;16:00:00;0.93315;0.92416;0.92469;0.93088;28988
2015.05.05;20:00:00;0.92715;0.92375;0.92627;0.92469;8809
2015.05.06;00:00:00;0.92796;0.92585;0.92725;0.92626;5346
2015.05.06;04:00:00;0.92788;0.92387;0.92475;0.92724;10401
2015.05.06;08:00:00;0.92585;0.92114;0.92447;0.92475;27155
2015.05.06;12:00:00;0.92594;0.91937;0.91997;0.92447;27704
2015.05.06;16:00:00;0.92209;0.91122;0.91751;0.91997;33221
2015.05.06;20:00:00;0.91765;0.91342;0.91574;0.91751;9691
2015.05.07;00:00:00;0.91661;0.91537;0.91643;0.9157;6910
2015.05.07;04:00:00;0.91717;0.91587;0.91651;0.91643;7964
2015.05.07;08:00:00;0.91679;0.91138;0.9118;0.91652;26062
2015.05.07;12:00:00;0.91705;0.90708;0.91521;0.91181;31298
2015.05.07;16:00:00;0.92188;0.9147;0.92185;0.91527;25886
2015.05.07;20:00:00;0.92262;0.92079;0.92158;0.92184;9169
2015.05.08;00:00:00;0.9228;0.92027;0.92227;0.92159;10481
2015.05.08;04:00:00;0.92435;0.92161;0.9224;0.92227;15945
2015.05.08;08:00:00;0.92504;0.92064;0.92162;0.92244;27094
2015.05.08;12:00:00;0.92781;0.91836;0.92318;0.92166;24304
2015.05.08;16:00:00;0.93005;0.92193;0.92981;0.92318;30059
2015.05.08;20:00:00;0.93226;0.92879;0.93147;0.9298;9354
2015.05.11;00:00:00;0.9325;0.93039;0.93239;0.93099;7168
2015.05.11;04:00:00;0.93488;0.9323;0.93346;0.9324;10493
2015.05.11;08:00:00;0.93453;0.9296;0.93057;0.93346;22855
2015.05.11;12:00:00;0.93444;0.93021;0.9344;0.93059;18417
2015.05.11;16:00:00;0.93536;0.93146;0.93415;0.9344;22474
2015.05.11;20:00:00;0.93508;0.93323;0.93383;0.93415;6236
2015.05.12;00:00:00;0.93575;0.93367;0.93505;0.93383;6179
2015.05.12;04:00:00;0.9351;0.9328;0.93289;0.93503;7343
2015.05.12;08:00:00;0.93361;0.92377;0.92462;0.93288;25336
2015.05.12;12:00:00;0.92705;0.921;0.92687;0.92463;24602
2015.05.12;16:00:00;0.92766;0.9229;0.9273;0.92686;22215
2015.05.12;20:00:00;0.9297;0.9271;0.92915;0.92728;6633
2015.05.13;00:00:00;0.92934;0.92778;0.92812;0.92913;5983
2015.05.13;04:00:00;0.92932;0.92654;0.92676;0.92811;10521
2015.05.13;08:00:00;0.92874;0.92478;0.92773;0.92676;21182
2015.05.13;12:00:00;0.9291;0.92006;0.92178;0.92773;25994
2015.05.13;16:00:00;0.92311;0.91523;0.91663;0.92179;27610
2015.05.13;20:00:00;0.91774;0.91575;0.91646;0.91661;8746
2015.05.14;00:00:00;0.91762;0.91612;0.91713;0.91643;7898
2015.05.14;04:00:00;0.91715;0.91486;0.91527;0.91712;9602
2015.05.14;08:00:00;0.91577;0.91162;0.91358;0.91528;24316
2015.05.14;12:00:00;0.91407;0.90775;0.91115;0.91359;25543
2015.05.14;16:00:00;0.91681;0.9106;0.91363;0.91116;24210
2015.05.14;20:00:00;0.91449;0.91182;0.91194;0.9136;8295
2015.05.15;00:00:00;0.91343;0.91169;0.91314;0.91192;5490
2015.05.15;04:00:00;0.91376;0.91207;0.91266;0.91314;6946
2015.05.15;08:00:00;0.9174;0.91136;0.91724;0.91265;23480
2015.05.15;12:00:00;0.92467;0.917;0.92451;0.91724;20531
2015.05.15;16:00:00;0.92541;0.9151;0.91774;0.9245;28706
2015.05.15;20:00:00;0.91799;0.9136;0.91561;0.91778;10841
2015.05.18;00:00:00;0.91754;0.91312;0.91712;0.91422;5870
2015.05.18;04:00:00;0.91895;0.91668;0.9169;0.91711;7039
2015.05.18;08:00:00;0.9217;0.91645;0.91966;0.91688;19802
2015.05.18;12:00:00;0.92162;0.91616;0.91902;0.91966;19472
2015.05.18;16:00:00;0.92478;0.91818;0.92339;0.91904;18722
2015.05.18;20:00:00;0.92632;0.92304;0.92607;0.92338;10046
2015.05.19;00:00:00;0.92638;0.92573;0.92622;0.92608;5411
2015.05.19;04:00:00;0.92707;0.92582;0.92659;0.92622;9520
2015.05.19;08:00:00;0.93623;0.92447;0.93165;0.9266;30791
2015.05.19;12:00:00;0.93776;0.92979;0.93732;0.93169;26229
2015.05.19;16:00:00;0.93826;0.93381;0.93609;0.93731;23665
2015.05.19;20:00:00;0.93827;0.93608;0.93664;0.93611;8699
2015.05.20;00:00:00;0.93834;0.93592;0.93721;0.93665;7898
2015.05.20;04:00:00;0.93779;0.93579;0.93694;0.93722;7569
2015.05.20;08:00:00;0.94043;0.93549;0.93763;0.93695;25857
2015.05.20;12:00:00;0.94035;0.93506;0.93514;0.93765;23944
2015.05.20;16:00:00;0.94034;0.93513;0.93707;0.93515;27334
2015.05.20;20:00:00;0.93867;0.93354;0.93681;0.93707;22807
2015.05.21;00:00:00;0.93704;0.93447;0.93477;0.93679;7386
2015.05.21;04:00:00;0.9355;0.93328;0.93427;0.93478;8938
2015.05.21;08:00:00;0.93809;0.93141;0.9323;0.93426;28556
2015.05.21;12:00:00;0.93566;0.93049;0.93551;0.93232;24325
2015.05.21;16:00:00;0.93716;0.93312;0.93389;0.93552;25443
2015.05.21;20:00:00;0.93669;0.9337;0.93657;0.93391;9782
2015.05.22;00:00:00;0.9377;0.93597;0.9365;0.93656;6408
2015.05.22;04:00:00;0.93661;0.9344;0.93521;0.9365;8969
2015.05.22;08:00:00;0.93569;0.93197;0.93215;0.93519;18361
2015.05.22;12:00:00;0.94254;0.9285;0.94131;0.93213;23107
2015.05.22;16:00:00;0.94559;0.94131;0.94258;0.94132;24416
2015.05.22;20:00:00;0.94486;0.94097;0.94182;0.94257;10341
2015.05.25;00:00:00;0.945;0.94248;0.94397;0.94269;12684
2015.05.25;04:00:00;0.94434;0.94246;0.94254;0.94396;7451
2015.05.25;08:00:00;0.94392;0.94041;0.94305;0.94254;13838
2015.05.25;12:00:00;0.94368;0.94171;0.94248;0.94305;8774
2015.05.25;16:00:00;0.94556;0.94188;0.94506;0.94247;6379
2015.05.25;20:00:00;0.94552;0.94461;0.94486;0.94503;4337
2015.05.26;00:00:00;0.94726;0.94466;0.94653;0.94488;6663
2015.05.26;04:00:00;0.94736;0.94542;0.94733;0.94653;10283
2015.05.26;08:00:00;0.95193;0.94691;0.95058;0.94733;27571
2015.05.26;12:00:00;0.95101;0.94591;0.94935;0.95059;27198
2015.05.26;16:00:00;0.95163;0.94688;0.94949;0.94939;29409
2015.05.26;20:00:00;0.95352;0.94941;0.95309;0.9495;10189
2015.05.27;00:00:00;0.95373;0.95175;0.95235;0.95304;6967
2015.05.27;04:00:00;0.95344;0.9507;0.95107;0.95234;9040
2015.05.27;08:00:00;0.95122;0.9469;0.9477;0.95103;20765
2015.05.27;12:00:00;0.95366;0.94658;0.95345;0.94769;26940
2015.05.27;16:00:00;0.95425;0.94812;0.95045;0.95344;31712
2015.05.27;20:00:00;0.95189;0.94921;0.94932;0.95045;10251
2015.05.28;00:00:00;0.9502;0.94844;0.94885;0.94932;5430
2015.05.28;04:00:00;0.94973;0.94754;0.94764;0.94882;13063
2015.05.28;08:00:00;0.94918;0.94488;0.94591;0.94764;29089
2015.05.28;12:00:00;0.95114;0.94539;0.94874;0.94591;29855
2015.05.28;16:00:00;0.95075;0.94344;0.94446;0.94874;28737
2015.05.28;20:00:00;0.94443;0.94168;0.94332;0.94443;13208
2015.05.29;00:00:00;0.94391;0.94012;0.94278;0.9426;9412
2015.05.29;04:00:00;0.94329;0.94075;0.94168;0.9428;9087
2015.05.29;08:00:00;0.94779;0.94162;0.9444;0.94169;23321
2015.05.29;12:00:00;0.94459;0.93923;0.94084;0.9444;28540
2015.05.29;16:00:00;0.94457;0.93471;0.94198;0.94085;30242
2015.05.29;20:00:00;0.94199;0.93892;0.93996;0.94199;11319
2015.06.01;00:00:00;0.94301;0.93807;0.9421;0.93812;6263
2015.06.01;04:00:00;0.9431;0.94151;0.94226;0.9421;9400
2015.06.01;08:00:00;0.94756;0.94202;0.94676;0.9422;21416
2015.06.01;12:00:00;0.9479;0.9425;0.94374;0.94676;24250
2015.06.01;16:00:00;0.94827;0.9403;0.94645;0.94369;32451
2015.06.01;20:00:00;0.94667;0.94455;0.94575;0.94638;12590
2015.06.02;00:00:00;0.94685;0.94439;0.94497;0.94575;9274
2015.06.02;04:00:00;0.94566;0.94401;0.94417;0.94497;9781
2015.06.02;08:00:00;0.94568;0.94044;0.94112;0.94416;23205
2015.06.02;12:00:00;0.94291;0.9387;0.9401;0.94111;33979
2015.06.02;16:00:00;0.94012;0.93076;0.9327;0.94008;38249
2015.06.02;20:00:00;0.9338;0.93084;0.93275;0.93272;11908
2015.06.03;00:00:00;0.93436;0.93257;0.9338;0.93257;6781
2015.06.03;04:00:00;0.93388;0.93214;0.93281;0.93379;9846
2015.06.03;08:00:00;0.93563;0.93014;0.93522;0.93282;27232
2015.06.03;12:00:00;0.94219;0.93424;0.93993;0.9352;26652
2015.06.03;16:00:00;0.93998;0.93082;0.93443;0.93992;31031
2015.06.03;20:00:00;0.93588;0.93343;0.93356;0.93443;7325
2015.06.04;00:00:00;0.93467;0.93354;0.93415;0.93356;7182
2015.06.04;04:00:00;0.93514;0.93359;0.93424;0.93415;7682
2015.06.04;08:00:00;0.93707;0.92766;0.92978;0.93424;30443
2015.06.04;12:00:00;0.93368;0.92822;0.93255;0.92979;27934
2015.06.04;16:00:00;0.93544;0.93126;0.93283;0.93256;22297
2015.06.04;20:00:00;0.93488;0.93193;0.93341;0.93286;9648
2015.06.05;00:00:00;0.9361;0.9331;0.93508;0.93338;11061
2015.06.05;04:00:00;0.93596;0.93311;0.93358;0.93506;8535
2015.06.05;08:00:00;0.93438;0.92978;0.93238;0.93359;26982
2015.06.05;12:00:00;0.94566;0.93024;0.94548;0.93238;24134
2015.06.05;16:00:00;0.95008;0.93958;0.93988;0.94548;30260
2015.06.05;20:00:00;0.94117;0.93778;0.93926;0.93988;9570
2015.06.08;00:00:00;0.94193;0.93859;0.94183;0.94075;5704
2015.06.08;04:00:00;0.94183;0.94036;0.9412;0.94183;6657
2015.06.08;08:00:00;0.94281;0.93662;0.9399;0.94119;24556
2015.06.08;12:00:00;0.9407;0.93489;0.9371;0.93992;17190
2015.06.08;16:00:00;0.93798;0.93119;0.93234;0.93708;18153
2015.06.08;20:00:00;0.93267;0.92548;0.92732;0.93233;11972
2015.06.09;00:00:00;0.9281;0.92686;0.92767;0.92732;6590
2015.06.09;04:00:00;0.92772;0.9251;0.92656;0.92766;9114
2015.06.09;08:00:00;0.92955;0.92451;0.92718;0.92656;25178
2015.06.09;12:00:00;0.93314;0.92576;0.93203;0.92717;21987
2015.06.09;16:00:00;0.93225;0.9285;0.93095;0.93201;20825
2015.06.09;20:00:00;0.93176;0.93008;0.93047;0.93096;6832
2015.06.10;00:00:00;0.93118;0.92911;0.92991;0.93043;5562
2015.06.10;04:00:00;0.93205;0.92889;0.92938;0.92991;12481
2015.06.10;08:00:00;0.93043;0.92322;0.92677;0.92938;31796
2015.06.10;12:00:00;0.93051;0.92636;0.92822;0.92677;26249
2015.06.10;16:00:00;0.93239;0.92537;0.9311;0.9282;30268
2015.06.10;20:00:00;0.93234;0.93019;0.93113;0.93112;9345
2015.06.11;00:00:00;0.93243;0.93012;0.93206;0.9311;4914
2015.06.11;04:00:00;0.93357;0.93157;0.93266;0.93207;6971
2015.06.11;08:00:00;0.93755;0.92968;0.93544;0.93266;23460
2015.06.11;12:00:00;0.94057;0.93336;0.93477;0.93544;27870
2015.06.11;16:00:00;0.93808;0.93438;0.93617;0.93476;27024
2015.06.11;20:00:00;0.93677;0.93225;0.93291;0.93617;8106
2015.06.12;00:00:00;0.93402;0.93219;0.93315;0.93291;6429
2015.06.12;04:00:00;0.93445;0.93234;0.93408;0.93316;8718
2015.06.12;08:00:00;0.93896;0.93228;0.93705;0.93407;21597
2015.06.12;12:00:00;0.93796;0.92997;0.93055;0.93702;25617
2015.06.12;16:00:00;0.93087;0.92403;0.92631;0.93054;25628
2015.06.12;20:00:00;0.9298;0.92591;0.9281;0.92632;8944
2015.06.15;00:00:00;0.93265;0.92871;0.93118;0.92871;7317
2015.06.15;04:00:00;0.93378;0.93109;0.93154;0.93118;7195
2015.06.15;08:00:00;0.9333;0.92879;0.93051;0.93155;20037
2015.06.15;12:00:00;0.93748;0.92959;0.93624;0.93052;19683
2015.06.15;16:00:00;0.93833;0.93326;0.93356;0.93623;18870
2015.06.15;20:00:00;0.93553;0.92734;0.92928;0.93356;9772
2015.06.16;00:00:00;0.93119;0.92908;0.93057;0.92928;4255
2015.06.16;04:00:00;0.9315;0.92939;0.92963;0.93057;6224
2015.06.16;08:00:00;0.93136;0.92706;0.93117;0.92965;17163
2015.06.16;12:00:00;0.93338;0.93011;0.93202;0.9312;16912
2015.06.16;16:00:00;0.93323;0.93049;0.93278;0.93204;14750
2015.06.16;20:00:00;0.93303;0.93149;0.93205;0.93276;5267
2015.06.17;00:00:00;0.93235;0.93147;0.93157;0.93201;3713
2015.06.17;04:00:00;0.93157;0.93021;0.93087;0.93157;4041
2015.06.17;08:00:00;0.93145;0.92337;0.92606;0.93088;16871
2015.06.17;12:00:00;0.92902;0.92569;0.92698;0.92607;16665
2015.06.17;16:00:00;0.93084;0.9254;0.92621;0.92699;16713
2015.06.17;20:00:00;0.92902;0.91954;0.92172;0.92622;24128
2015.06.18;00:00:00;0.92236;0.91957;0.9201;0.92172;7844
2015.06.18;04:00:00;0.92095;0.91957;0.92006;0.92009;6563
2015.06.18;08:00:00;0.92213;0.91539;0.9178;0.92005;20604
2015.06.18;12:00:00;0.91844;0.91509;0.91667;0.9178;22048
2015.06.18;16:00:00;0.92451;0.91495;0.92309;0.91662;21860
2015.06.18;20:00:00;0.9241;0.92071;0.92122;0.9231;9333
2015.06.19;00:00:00;0.92167;0.92008;0.92039;0.92122;5447
2015.06.19;04:00:00;0.92197;0.92011;0.92161;0.92042;5494
2015.06.19;08:00:00;0.92433;0.92145;0.92269;0.92161;18427
2015.06.19;12:00:00;0.92479;0.92169;0.9233;0.9227;15799
2015.06.19;16:00:00;0.92418;0.91896;0.92036;0.92332;14276
2015.06.19;20:00:00;0.92064;0.91618;0.91805;0.9204;7660
2015.06.22;00:00:00;0.91846;0.91607;0.91745;0.9164;5523
2015.06.22;04:00:00;0.91759;0.91608;0.9167;0.91746;6563
2015.06.22;08:00:00;0.92199;0.91625;0.91989;0.91669;16602
2015.06.22;12:00:00;0.92241;0.91667;0.91859;0.91988;18155
2015.06.22;16:00:00;0.92193;0.91555;0.92029;0.91858;23455
2015.06.22;20:00:00;0.92241;0.9199;0.9212;0.92029;7952
2015.06.23;00:00:00;0.92202;0.92086;0.92202;0.9212;4128
2015.06.23;04:00:00;0.92849;0.92187;0.92734;0.92202;11927
2015.06.23;08:00:00;0.92961;0.92543;0.9287;0.92733;19307
2015.06.23;12:00:00;0.93778;0.92797;0.93744;0.92871;19466
2015.06.23;16:00:00;0.93864;0.9326;0.93467;0.93746;20689
2015.06.23;20:00:00;0.9355;0.93341;0.93343;0.93467;8596
2015.06.24;00:00:00;0.93446;0.93295;0.93396;0.93343;4611
2015.06.24;04:00:00;0.93428;0.93254;0.93391;0.93396;6428
2015.06.24;08:00:00;0.93412;0.92796;0.93042;0.93392;19739
2015.06.24;12:00:00;0.93384;0.9302;0.93361;0.93043;22132
2015.06.24;16:00:00;0.93683;0.93336;0.93538;0.93361;19710
2015.06.24;20:00:00;0.936;0.93276;0.93339;0.93538;8202
2015.06.25;00:00:00;0.93404;0.93315;0.93361;0.93339;4474
2015.06.25;04:00:00;0.93461;0.93299;0.93331;0.9336;6205
2015.06.25;08:00:00;0.93686;0.93239;0.93668;0.93331;16930
2015.06.25;12:00:00;0.94145;0.93665;0.93825;0.93672;21069
2015.06.25;16:00:00;0.9391;0.93402;0.93605;0.93825;14208
2015.06.25;20:00:00;0.93717;0.93538;0.93632;0.93605;6029
2015.06.26;00:00:00;0.93662;0.93548;0.93613;0.93612;4794
2015.06.26;04:00:00;0.93628;0.9355;0.93603;0.93613;5981
2015.06.26;08:00:00;0.93728;0.93175;0.93265;0.93603;13605
2015.06.26;12:00:00;0.93463;0.92987;0.93461;0.93267;14804
2015.06.26;16:00:00;0.93676;0.93138;0.93476;0.93461;20111
2015.06.26;20:00:00;0.93653;0.93242;0.93243;0.93478;8824
2015.06.29;00:00:00;0.94167;0.93551;0.93756;0.93551;21636
2015.06.29;04:00:00;0.93923;0.93718;0.93859;0.93755;10163
2015.06.29;08:00:00;0.94282;0.93353;0.93686;0.93859;32813
2015.06.29;12:00:00;0.93736;0.93083;0.93229;0.93687;24256
2015.06.29;16:00:00;0.93315;0.92564;0.92613;0.93229;23880
2015.06.29;20:00:00;0.92712;0.92421;0.92476;0.92613;14139
2015.06.30;00:00:00;0.92659;0.92458;0.92617;0.92476;7352
2015.06.30;04:00:00;0.93073;0.92614;0.93036;0.92616;10113
2015.06.30;08:00:00;0.933;0.92886;0.93141;0.93035;22263
2015.06.30;12:00:00;0.93188;0.92846;0.93016;0.93137;24177
2015.06.30;16:00:00;0.938;0.9286;0.93504;0.93015;26035
2015.06.30;20:00:00;0.93618;0.93375;0.935;0.93505;10088
2015.07.01;00:00:00;0.93615;0.93404;0.93443;0.93508;6629
2015.07.01;04:00:00;0.93601;0.93407;0.93574;0.93444;4773
2015.07.01;08:00:00;0.9417;0.9354;0.93784;0.93572;18554
2015.07.01;12:00:00;0.94398;0.93596;0.94152;0.93779;20689
2015.07.01;16:00:00;0.94674;0.94129;0.94599;0.94153;17347
2015.07.01;20:00:00;0.94887;0.94586;0.94781;0.94599;8482
2015.07.02;00:00:00;0.94879;0.9469;0.94811;0.94781;4983
2015.07.02;04:00:00;0.94821;0.94573;0.94575;0.94811;6224
2015.07.02;08:00:00;0.94921;0.94472;0.94689;0.94575;30185
2015.07.02;12:00:00;0.95029;0.94277;0.94351;0.9469;38349
2015.07.02;16:00:00;0.94476;0.94174;0.94459;0.94354;34864
2015.07.02;20:00:00;0.94539;0.94282;0.94316;0.94458;6180
2015.07.03;00:00:00;0.94372;0.94259;0.94307;0.94316;4061
2015.07.03;04:00:00;0.94324;0.9423;0.94247;0.94307;5573
2015.07.03;08:00:00;0.94277;0.94066;0.9418;0.94247;28032
2015.07.03;12:00:00;0.94405;0.94081;0.94227;0.94183;31044
2015.07.03;16:00:00;0.94329;0.93982;0.94275;0.94227;25276
2015.07.03;20:00:00;0.9428;0.93973;0.94023;0.94279;7821
2015.07.06;00:00:00;0.94486;0.94126;0.94297;0.94224;14570
2015.07.06;04:00:00;0.94451;0.9416;0.94396;0.94298;12599
2015.07.06;08:00:00;0.9448;0.94068;0.94418;0.94399;34791
2015.07.06;12:00:00;0.94669;0.94366;0.94614;0.94415;39169
2015.07.06;16:00:00;0.94708;0.94109;0.94191;0.94613;35025
2015.07.06;20:00:00;0.94339;0.94127;0.94233;0.9419;7425
2015.07.07;00:00:00;0.94371;0.94201;0.94315;0.94233;3433
2015.07.07;04:00:00;0.94404;0.94254;0.94365;0.94314;6020
2015.07.07;08:00:00;0.94796;0.94321;0.94729;0.94364;30645
2015.07.07;12:00:00;0.95146;0.9459;0.95025;0.94729;43256
2015.07.07;16:00:00;0.95132;0.94719;0.94935;0.95023;43589
2015.07.07;20:00:00;0.94951;0.94309;0.94616;0.94934;15065
2015.07.08;00:00:00;0.94751;0.94579;0.94653;0.94584;7546
2015.07.08;04:00:00;0.94746;0.94511;0.94537;0.94653;10034
2015.07.08;08:00:00;0.94603;0.94206;0.94249;0.94538;29549
2015.07.08;12:00:00;0.95067;0.94073;0.94939;0.94247;39856
2015.07.08;16:00:00;0.95092;0.94502;0.94747;0.94939;45842
2015.07.08;20:00:00;0.94854;0.94469;0.94519;0.94749;14992
2015.07.09;00:00:00;0.9458;0.94486;0.9454;0.94524;5696
2015.07.09;04:00:00;0.94584;0.94446;0.94464;0.94539;8885
2015.07.09;08:00:00;0.94986;0.94232;0.94964;0.94468;32107
2015.07.09;12:00:00;0.95143;0.94855;0.95079;0.94964;42668
2015.07.09;16:00:00;0.95115;0.94586;0.94803;0.95078;38445
2015.07.09;20:00:00;0.94934;0.9471;0.94741;0.94804;9661
2015.07.10;00:00:00;0.94885;0.94692;0.94704;0.94732;9012
2015.07.10;04:00:00;0.94707;0.94584;0.94617;0.94704;7711
2015.07.10;08:00:00;0.9474;0.93795;0.94061;0.94617;31115
2015.07.10;12:00:00;0.941;0.93287;0.93633;0.94061;42334
2015.07.10;16:00:00;0.94205;0.93458;0.94152;0.93632;36134
2015.07.10;20:00:00;0.94202;0.93667;0.93807;0.94152;11242
2015.07.13;00:00:00;0.9412;0.93814;0.93922;0.94086;6190
2015.07.13;04:00:00;0.94123;0.93916;0.94054;0.93923;7751
2015.07.13;08:00:00;0.94931;0.93665;0.94753;0.94053;28704
2015.07.13;12:00:00;0.94866;0.94569;0.94771;0.94752;32216
2015.07.13;16:00:00;0.9498;0.94771;0.94825;0.94771;23766
2015.07.13;20:00:00;0.95019;0.9481;0.94993;0.94825;8116
2015.07.14;00:00:00;0.95311;0.94924;0.95186;0.94993;6922
2015.07.14;04:00:00;0.95203;0.94966;0.95049;0.95187;7080
2015.07.14;08:00:00;0.95257;0.94284;0.94369;0.95049;30593
2015.07.14;12:00:00;0.94644;0.9402;0.94249;0.94369;43981
2015.07.14;16:00:00;0.94734;0.94175;0.94542;0.94245;32246
2015.07.14;20:00:00;0.94583;0.94443;0.94464;0.94543;6109
2015.07.15;00:00:00;0.94612;0.94426;0.94567;0.94474;4784
2015.07.15;04:00:00;0.94587;0.94483;0.94515;0.94567;6436
2015.07.15;08:00:00;0.94728;0.94457;0.9461;0.94515;27340
2015.07.15;12:00:00;0.95053;0.94579;0.95014;0.9461;33424
2015.07.15;16:00:00;0.95471;0.95008;0.95229;0.95012;36837
2015.07.15;20:00:00;0.95347;0.95116;0.95155;0.95227;8163
2015.07.16;00:00:00;0.9528;0.95136;0.95274;0.95156;5316
2015.07.16;04:00:00;0.95376;0.95231;0.95353;0.95273;8711
2015.07.16;08:00:00;0.95706;0.95316;0.95475;0.95352;28093
2015.07.16;12:00:00;0.9583;0.95443;0.95819;0.95478;34982
2015.07.16;16:00:00;0.95822;0.9537;0.95798;0.95818;31268
2015.07.16;20:00:00;0.95798;0.95661;0.95753;0.95797;5977
2015.07.17;00:00:00;0.95792;0.9568;0.95732;0.95759;4200
2015.07.17;04:00:00;0.95768;0.95594;0.95646;0.95733;5112
2015.07.17;08:00:00;0.95773;0.95559;0.95757;0.95647;27513
2015.07.17;12:00:00;0.96015;0.95671;0.9597;0.95757;35581
2015.07.17;16:00:00;0.96162;0.95895;0.96001;0.95974;30398
2015.07.17;20:00:00;0.96182;0.95997;0.96163;0.96001;5518
2015.07.20;00:00:00;0.96263;0.96053;0.9614;0.96062;5080
2015.07.20;04:00:00;0.96315;0.96127;0.96283;0.96141;6184
2015.07.20;08:00:00;0.96334;0.9599;0.96206;0.96282;24481
2015.07.20;12:00:00;0.96376;0.96125;0.96291;0.96207;37677
2015.07.20;16:00:00;0.96443;0.96126;0.96328;0.96293;27721
2015.07.20;20:00:00;0.9648;0.96305;0.96446;0.96329;6758
2015.07.21;00:00:00;0.96455;0.96286;0.96321;0.96446;3371
2015.07.21;04:00:00;0.9648;0.96279;0.96464;0.96321;12169
2015.07.21;08:00:00;0.9647;0.96068;0.96103;0.96465;28467
2015.07.21;12:00:00;0.96227;0.95982;0.96088;0.96104;43808
2015.07.21;16:00:00;0.96089;0.95586;0.9567;0.96089;46419
2015.07.21;20:00:00;0.95892;0.95626;0.95803;0.9567;11482
2015.07.22;00:00:00;0.95861;0.95644;0.95769;0.95761;4850
2015.07.22;04:00:00;0.95872;0.95666;0.95769;0.95769;8629
2015.07.22;08:00:00;0.95927;0.95598;0.95849;0.9577;29731
2015.07.22;12:00:00;0.96221;0.95796;0.96122;0.95851;43351
2015.07.22;16:00:00;0.96311;0.95965;0.96098;0.96122;39247
2015.07.22;20:00:00;0.96154;0.95961;0.95971;0.96097;5665
2015.07.23;00:00:00;0.96012;0.95937;0.95966;0.95967;3562
2015.07.23;04:00:00;0.95988;0.95808;0.95858;0.95968;4478
2015.07.23;08:00:00;0.95966;0.95241;0.95419;0.95858;30665
2015.07.23;12:00:00;0.95869;0.95339;0.95767;0.95419;40257
2015.07.23;16:00:00;0.95985;0.95628;0.95667;0.95766;40267
2015.07.23;20:00:00;0.96006;0.95603;0.95896;0.95668;8758
2015.07.24;00:00:00;0.95983;0.95806;0.95892;0.95848;2921
2015.07.24;04:00:00;0.96107;0.9589;0.96091;0.95892;6242
2015.07.24;08:00:00;0.96246;0.95788;0.96151;0.96091;26265
2015.07.24;12:00:00;0.96241;0.95966;0.96092;0.96152;39643
2015.07.24;16:00:00;0.96286;0.95724;0.96233;0.96093;37728
2015.07.24;20:00:00;0.9634;0.96181;0.96236;0.96235;6931
2015.07.27;00:00:00;0.96296;0.96062;0.96099;0.9613;2294
2015.07.27;04:00:00;0.96145;0.95963;0.96032;0.96099;5685
2015.07.27;08:00:00;0.96057;0.9529;0.95666;0.96032;31937
2015.07.27;12:00:00;0.95873;0.95535;0.95746;0.95666;40077
2015.07.27;16:00:00;0.96197;0.95498;0.96034;0.95747;41189
2015.07.27;20:00:00;0.96314;0.96013;0.96214;0.96036;6791
2015.07.28;00:00:00;0.96248;0.96033;0.96072;0.96128;2993
2015.07.28;04:00:00;0.96208;0.96046;0.96123;0.9607;4876
2015.07.28;08:00:00;0.96485;0.96101;0.96448;0.96123;28394
2015.07.28;12:00:00;0.96735;0.96247;0.96624;0.9645;38795
2015.07.28;16:00:00;0.96622;0.96134;0.96326;0.96621;36669
2015.07.28;20:00:00;0.96344;0.96127;0.96209;0.96328;6148
2015.07.29;00:00:00;0.9624;0.96089;0.9609;0.96207;3974
2015.07.29;04:00:00;0.96236;0.96018;0.96236;0.96091;4296
2015.07.29;08:00:00;0.96561;0.96179;0.96191;0.96235;24177
2015.07.29;12:00:00;0.96351;0.95976;0.96113;0.96191;37950
2015.07.29;16:00:00;0.96424;0.96077;0.9625;0.96113;33377
2015.07.29;20:00:00;0.96882;0.96025;0.9673;0.9625;16726
2015.07.30;00:00:00;0.96863;0.96664;0.96809;0.96671;4298
2015.07.30;04:00:00;0.96884;0.96806;0.9686;0.9681;4077
2015.07.30;08:00:00;0.97113;0.96826;0.97022;0.9686;24827
2015.07.30;12:00:00;0.97166;0.96906;0.96958;0.97022;34485
2015.07.30;16:00:00;0.9718;0.9687;0.9704;0.96957;42215
2015.07.30;20:00:00;0.97116;0.96882;0.96909;0.9704;6956
2015.07.31;00:00:00;0.96936;0.96729;0.96769;0.96905;3141
2015.07.31;04:00:00;0.96816;0.96626;0.96645;0.96768;3381
2015.07.31;08:00:00;0.9674;0.96252;0.96355;0.96646;30628
2015.07.31;12:00:00;0.96444;0.95697;0.9582;0.96355;42265
2015.07.31;16:00:00;0.96618;0.95473;0.96563;0.9582;46390
2015.07.31;20:00:00;0.96781;0.96381;0.96516;0.96561;10447
2015.08.03;00:00:00;0.96728;0.96507;0.96578;0.96617;4038
2015.08.03;04:00:00;0.96655;0.9647;0.96512;0.96578;4276
2015.08.03;08:00:00;0.96834;0.96418;0.96711;0.96511;24633
2015.08.03;12:00:00;0.96845;0.96542;0.96717;0.96714;37864
2015.08.03;16:00:00;0.96896;0.96565;0.96741;0.96715;41207
2015.08.03;20:00:00;0.97015;0.96734;0.96883;0.96743;7489
2015.08.04;00:00:00;0.97032;0.96868;0.97016;0.96883;3205
2015.08.04;04:00:00;0.97016;0.96905;0.96931;0.97015;4260
2015.08.04;08:00:00;0.96962;0.96687;0.96743;0.96932;27580
2015.08.04;12:00:00;0.97007;0.96668;0.96966;0.96745;40318
2015.08.04;16:00:00;0.9744;0.96963;0.97231;0.96974;37895
2015.08.04;20:00:00;0.97886;0.97198;0.97806;0.97231;13174
2015.08.05;00:00:00;0.97848;0.97742;0.9778;0.97807;3541
2015.08.05;04:00:00;0.97893;0.97739;0.97763;0.9778;4852
2015.08.05;08:00:00;0.97985;0.97726;0.97973;0.97764;23837
2015.08.05;12:00:00;0.9804;0.97586;0.97908;0.97973;44803
2015.08.05;16:00:00;0.98205;0.97825;0.9811;0.97909;29925
2015.08.05;20:00:00;0.98134;0.97821;0.97879;0.9811;7350
2015.08.06;00:00:00;0.97936;0.97688;0.97868;0.97867;3575
2015.08.06;04:00:00;0.97897;0.9781;0.97847;0.97867;5000
2015.08.06;08:00:00;0.98403;0.97664;0.98365;0.97846;21591
2015.08.06;12:00:00;0.98467;0.98124;0.98409;0.98365;38600
2015.08.06;16:00:00;0.98421;0.9792;0.98001;0.98407;33727
2015.08.06;20:00:00;0.98134;0.97969;0.98055;0.98002;6947
2015.08.07;00:00:00;0.98107;0.98009;0.98041;0.98047;2314
2015.08.07;04:00:00;0.98143;0.97999;0.98076;0.98041;4129
2015.08.07;08:00:00;0.98296;0.97993;0.98291;0.98077;20593
2015.08.07;12:00:00;0.98828;0.9789;0.9882;0.9829;33715
2015.08.07;16:00:00;0.98831;0.98043;0.98207;0.98825;43172
2015.08.07;20:00:00;0.98446;0.98092;0.98366;0.98207;7998
2015.08.10;00:00:00;0.98436;0.98156;0.98404;0.98156;3121
2015.08.10;04:00:00;0.98436;0.98254;0.98261;0.98403;4032
2015.08.10;08:00:00;0.98371;0.98021;0.98187;0.9826;22233
2015.08.10;12:00:00;0.98723;0.98144;0.98654;0.98189;32265
2015.08.10;16:00:00;0.98898;0.98191;0.98257;0.98653;33213
2015.08.10;20:00:00;0.98388;0.98149;0.9834;0.98258;8300
2015.08.11;00:00:00;0.98376;0.98205;0.98213;0.98336;3212
2015.08.11;04:00:00;0.98574;0.98214;0.98455;0.98214;10792
2015.08.11;08:00:00;0.98521;0.98033;0.98242;0.98455;30742
2015.08.11;12:00:00;0.98541;0.9812;0.98127;0.98243;34661
2015.08.11;16:00:00;0.99017;0.98008;0.98893;0.98128;35975
2015.08.11;20:00:00;0.99009;0.98702;0.98793;0.98889;8573
2015.08.12;00:00:00;0.98854;0.98739;0.98796;0.98787;4323
2015.08.12;04:00:00;0.9889;0.98486;0.98539;0.98795;8501
2015.08.12;08:00:00;0.98601;0.97991;0.98021;0.98541;35674
2015.08.12;12:00:00;0.98084;0.97211;0.97443;0.98022;35790
2015.08.12;16:00:00;0.97543;0.9676;0.97075;0.97446;39725
2015.08.12;20:00:00;0.97534;0.97004;0.97522;0.97075;9954
2015.08.13;00:00:00;0.97546;0.97415;0.97504;0.97522;2194
2015.08.13;04:00:00;0.97705;0.97287;0.97702;0.97502;5074
2015.08.13;08:00:00;0.97854;0.97639;0.97737;0.977;25935
2015.08.13;12:00:00;0.97931;0.97575;0.97736;0.97739;35708
2015.08.13;16:00:00;0.97797;0.97359;0.97748;0.97735;37425
2015.08.13;20:00:00;0.97817;0.97475;0.9762;0.97749;8349
2015.08.14;00:00:00;0.97624;0.97493;0.97508;0.97622;2847
2015.08.14;04:00:00;0.97695;0.97504;0.97521;0.97507;4564
2015.08.14;08:00:00;0.97814;0.97464;0.97549;0.9752;25548
2015.08.14;12:00:00;0.97652;0.97265;0.97388;0.97542;30596
2015.08.14;16:00:00;0.97857;0.97381;0.97597;0.97387;31097
2015.08.14;20:00:00;0.97768;0.97511;0.97586;0.97598;6191
2015.08.17;00:00:00;0.9779;0.97559;0.97709;0.97565;3000
2015.08.17;04:00:00;0.97816;0.97666;0.97773;0.97708;3824
2015.08.17;08:00:00;0.97975;0.97493;0.9761;0.97773;26106
2015.08.17;12:00:00;0.97814;0.97407;0.9754;0.9761;32929
2015.08.17;16:00:00;0.9795;0.97495;0.97657;0.9754;31043
2015.08.17;20:00:00;0.97882;0.97612;0.9785;0.97657;5968
2015.08.18;00:00:00;0.97919;0.97794;0.97847;0.97851;2298
2015.08.18;04:00:00;0.97928;0.97771;0.97914;0.97847;3861
2015.08.18;08:00:00;0.97945;0.97525;0.97574;0.97915;25053
2015.08.18;12:00:00;0.9784;0.97505;0.97793;0.97575;27141
2015.08.18;16:00:00;0.97883;0.97554;0.97661;0.97793;26178
2015.08.18;20:00:00;0.97814;0.97603;0.97708;0.97663;5193
2015.08.19;00:00:00;0.97764;0.97638;0.977;0.97707;2505
2015.08.19;04:00:00;0.97711;0.97642;0.97662;0.97701;3349
2015.08.19;08:00:00;0.97674;0.97367;0.97376;0.97663;21504
2015.08.19;12:00:00;0.97604;0.97033;0.973;0.97375;32088
2015.08.19;16:00:00;0.97378;0.96845;0.96941;0.97304;30838
2015.08.19;20:00:00;0.97066;0.96429;0.96538;0.96939;17222
2015.08.20;00:00:00;0.96593;0.96377;0.96474;0.96541;5757
2015.08.20;04:00:00;0.96614;0.96456;0.96612;0.96475;4871
2015.08.20;08:00:00;0.96702;0.96213;0.96268;0.96612;24872
2015.08.20;12:00:00;0.96588;0.96148;0.96488;0.96266;26476
2015.08.20;16:00:00;0.96585;0.95914;0.96216;0.96486;38095
2015.08.20;20:00:00;0.963;0.95829;0.95829;0.96216;10435
2015.08.21;00:00:00;0.95935;0.95832;0.95928;0.95832;3496
2015.08.21;04:00:00;0.95934;0.95593;0.956;0.95927;7304
2015.08.21;08:00:00;0.9587;0.95527;0.9567;0.956;24776
2015.08.21;12:00:00;0.95767;0.95276;0.95418;0.9567;32489
2015.08.21;16:00:00;0.95525;0.94613;0.94721;0.9542;46012
2015.08.21;20:00:00;0.95022;0.94583;0.94608;0.94716;13944
2015.08.24;00:00:00;0.94795;0.94512;0.94679;0.94517;8645
2015.08.24;04:00:00;0.94679;0.93645;0.94243;0.94679;19753
2015.08.24;08:00:00;0.94559;0.94104;0.9442;0.94242;29870
2015.08.24;12:00:00;0.94444;0.93305;0.93464;0.94419;43732
2015.08.24;16:00:00;0.93869;0.92567;0.93831;0.93465;55252
2015.08.24;20:00:00;0.93918;0.92987;0.92995;0.93828;27486
2015.08.25;00:00:00;0.93416;0.92971;0.93301;0.93002;12242
2015.08.25;04:00:00;0.93771;0.93268;0.93439;0.93302;15470
2015.08.25;08:00:00;0.94286;0.93136;0.93922;0.9344;35434
2015.08.25;12:00:00;0.94389;0.93823;0.94131;0.93923;34903
2015.08.25;16:00:00;0.95045;0.93985;0.94694;0.94133;47626
2015.08.25;20:00:00;0.94702;0.93847;0.93873;0.94695;21258
2015.08.26;00:00:00;0.94208;0.93821;0.93992;0.93872;13341
2015.08.26;04:00:00;0.94411;0.93916;0.94364;0.93989;14443
2015.08.26;08:00:00;0.94531;0.94074;0.94266;0.94361;35934
2015.08.26;12:00:00;0.94825;0.9415;0.94608;0.94265;39585
2015.08.26;16:00:00;0.94833;0.94361;0.94799;0.94609;49297
2015.08.26;20:00:00;0.95507;0.94731;0.95447;0.948;17151
2015.08.27;00:00:00;0.95481;0.95128;0.95138;0.95446;8441
2015.08.27;04:00:00;0.95328;0.95108;0.95226;0.95139;5724
2015.08.27;08:00:00;0.95466;0.95184;0.95383;0.95226;27773
2015.08.27;12:00:00;0.95888;0.95238;0.95848;0.95382;33643
2015.08.27;16:00:00;0.9671;0.95699;0.9642;0.95847;44488
2015.08.27;20:00:00;0.96643;0.9632;0.96602;0.96419;15222
2015.08.28;00:00:00;0.96656;0.96469;0.96628;0.966;4413
2015.08.28;04:00:00;0.96631;0.96449;0.96504;0.96628;4869
2015.08.28;08:00:00;0.96524;0.95895;0.96154;0.96501;30491
2015.08.28;12:00:00;0.96282;0.95773;0.96078;0.96154;43803
2015.08.28;16:00:00;0.96403;0.95939;0.96181;0.96078;45090
2015.08.28;20:00:00;0.96336;0.959;0.96268;0.96183;12925
2015.08.31;00:00:00;0.9635;0.95937;0.95961;0.96127;6956
2015.08.31;04:00:00;0.96132;0.95857;0.95944;0.95961;7046
2015.08.31;08:00:00;0.96354;0.95874;0.96353;0.95943;13261
2015.08.31;12:00:00;0.96571;0.96271;0.96374;0.9636;18589
2015.08.31;16:00:00;0.96884;0.96359;0.96676;0.96373;19643
2015.08.31;20:00:00;0.96753;0.96492;0.96706;0.96674;8834
2015.09.01;00:00:00;0.96728;0.96325;0.96344;0.96709;2572
2015.09.01;04:00:00;0.9635;0.96068;0.96189;0.96344;4465
2015.09.01;08:00:00;0.96245;0.9568;0.96199;0.96187;33127
2015.09.01;12:00:00;0.96422;0.96051;0.9613;0.96198;50368
2015.09.01;16:00:00;0.96493;0.96005;0.96242;0.9613;44583
2015.09.01;20:00:00;0.96292;0.95857;0.95858;0.96242;16303
2015.09.02;00:00:00;0.96197;0.95724;0.96193;0.95857;8460
2015.09.02;04:00:00;0.96316;0.96006;0.96169;0.96192;8645
2015.09.02;08:00:00;0.96531;0.96063;0.96292;0.96169;30904
2015.09.02;12:00:00;0.96789;0.96161;0.96748;0.96292;39906
2015.09.02;16:00:00;0.96989;0.96674;0.96916;0.96754;43627
2015.09.02;20:00:00;0.96983;0.96845;0.96882;0.96915;8374
2015.09.03;00:00:00;0.97055;0.96869;0.9695;0.96869;4476
2015.09.03;04:00:00;0.96979;0.96865;0.96953;0.96949;5092
2015.09.03;08:00:00;0.97055;0.96809;0.9691;0.96953;30124
2015.09.03;12:00:00;0.97576;0.96864;0.97513;0.96912;46068
2015.09.03;16:00:00;0.97695;0.97299;0.97494;0.97514;38475
2015.09.03;20:00:00;0.97561;0.97201;0.97319;0.97492;11506
2015.09.04;00:00:00;0.9743;0.97283;0.97331;0.97319;5375
2015.09.04;04:00:00;0.97391;0.9697;0.97161;0.97331;10784
2015.09.04;08:00:00;0.97539;0.97083;0.9737;0.9716;35719
2015.09.04;12:00:00;0.97642;0.96816;0.97424;0.97369;28721
2015.09.04;16:00:00;0.97686;0.97274;0.97281;0.97426;34892
2015.09.04;20:00:00;0.97343;0.97139;0.97157;0.97282;10844
2015.09.07;00:00:00;0.97246;0.97085;0.97106;0.97131;4336
2015.09.07;04:00:00;0.97315;0.97061;0.97276;0.97108;6800
2015.09.07;08:00:00;0.97391;0.9715;0.97281;0.97278;33891
2015.09.07;12:00:00;0.9763;0.97148;0.97553;0.97281;47118
2015.09.07;16:00:00;0.97606;0.97431;0.97554;0.97553;8696
2015.09.07;20:00:00;0.97558;0.97453;0.97485;0.97554;2582
2015.09.08;00:00:00;0.97611;0.97363;0.97471;0.97487;3726
2015.09.08;04:00:00;0.97475;0.96985;0.97101;0.97471;6729
2015.09.08;08:00:00;0.97639;0.96992;0.97528;0.97102;14575
2015.09.08;12:00:00;0.97892;0.97504;0.97765;0.9753;13421
2015.09.08;16:00:00;0.98068;0.97718;0.97982;0.97763;16956
2015.09.08;20:00:00;0.982;0.97829;0.97893;0.97981;7548
2015.09.09;00:00:00;0.97953;0.97733;0.97928;0.97893;4243
2015.09.09;04:00:00;0.9802;0.97876;0.97988;0.97928;5770
2015.09.09;08:00:00;0.98226;0.97156;0.97318;0.97988;17209
2015.09.09;12:00:00;0.97944;0.97294;0.97892;0.97319;14489
2015.09.09;16:00:00;0.98;0.97614;0.977;0.97892;19387
2015.09.09;20:00:00;0.97795;0.97309;0.97515;0.977;13301
2015.09.10;00:00:00;0.97588;0.97335;0.97379;0.97504;6532
2015.09.10;04:00:00;0.97856;0.9736;0.97752;0.97379;8973
2015.09.10;08:00:00;0.97918;0.97474;0.97591;0.97753;16502
2015.09.10;12:00:00;0.97829;0.97416;0.97547;0.9759;16364
2015.09.10;16:00:00;0.97752;0.97;0.97256;0.97548;20028
2015.09.10;20:00:00;0.97349;0.97042;0.97297;0.97259;9459
2015.09.11;00:00:00;0.97358;0.97156;0.97305;0.97299;6430
2015.09.11;04:00:00;0.97409;0.97306;0.97321;0.9731;5205
2015.09.11;08:00:00;0.97368;0.9709;0.97327;0.9732;14168
2015.09.11;12:00:00;0.97949;0.97307;0.97837;0.97328;15707
2015.09.11;16:00:00;0.97836;0.97265;0.97381;0.97836;17583
2015.09.11;20:00:00;0.97403;0.96808;0.96898;0.97386;9412
2015.09.14;00:00:00;0.96915;0.96783;0.96843;0.96879;3696
2015.09.14;04:00:00;0.96889;0.96785;0.96791;0.96843;4132
2015.09.14;08:00:00;0.97083;0.96663;0.96974;0.96792;12040
2015.09.14;12:00:00;0.97177;0.96844;0.97089;0.96974;11727
2015.09.14;16:00:00;0.9718;0.96712;0.9673;0.97089;15487
2015.09.14;20:00:00;0.96898;0.96729;0.96808;0.96732;5378
2015.09.15;00:00:00;0.96896;0.96774;0.96807;0.96807;3771
2015.09.15;04:00:00;0.96819;0.96694;0.96768;0.96807;4228
2015.09.15;08:00:00;0.97114;0.96721;0.96928;0.96769;11851
2015.09.15;12:00:00;0.97079;0.96751;0.9702;0.96933;11491
2015.09.15;16:00:00;0.97581;0.96972;0.97386;0.97021;15338
2015.09.15;20:00:00;0.97622;0.9736;0.97376;0.97389;6113
2015.09.16;00:00:00;0.97483;0.97333;0.97468;0.97382;2414
2015.09.16;04:00:00;0.97468;0.97128;0.97208;0.97468;4733
2015.09.16;08:00:00;0.97446;0.97146;0.97267;0.97208;13434
2015.09.16;12:00:00;0.97614;0.96847;0.96941;0.97269;15359
2015.09.16;16:00:00;0.96951;0.96684;0.96778;0.9694;16066
2015.09.16;20:00:00;0.97197;0.96752;0.97097;0.96778;6866
2015.09.17;00:00:00;0.97132;0.96999;0.97003;0.97099;3408
2015.09.17;04:00:00;0.97099;0.96866;0.9706;0.97001;4115
2015.09.17;08:00:00;0.97187;0.96664;0.96752;0.97061;13181
2015.09.17;12:00:00;0.96969;0.9668;0.9675;0.96751;10225
2015.09.17;16:00:00;0.97233;0.96749;0.97191;0.96749;13372
2015.09.17;20:00:00;0.97217;0.95902;0.95923;0.97191;30738
2015.09.18;00:00:00;0.96291;0.9591;0.96068;0.9591;8028
2015.09.18;04:00:00;0.96093;0.95971;0.96053;0.96068;5914
2015.09.18;08:00:00;0.96237;0.95716;0.95751;0.96051;14464
2015.09.18;12:00:00;0.9576;0.95263;0.95508;0.95752;19815
2015.09.18;16:00:00;0.96186;0.95441;0.96154;0.95509;19083
2015.09.18;20:00:00;0.97038;0.96149;0.96783;0.96154;11986
2015.09.21;00:00:00;0.97009;0.96709;0.96817;0.96739;5497
2015.09.21;04:00:00;0.96869;0.96715;0.96773;0.96817;4881
2015.09.21;08:00:00;0.969;0.96415;0.9666;0.96776;13209
2015.09.21;12:00:00;0.97038;0.96566;0.97037;0.96659;12149
2015.09.21;16:00:00;0.97389;0.96793;0.9684;0.97037;17948
2015.09.21;20:00:00;0.97176;0.96783;0.97154;0.96841;8430
2015.09.22;00:00:00;0.97214;0.97133;0.97196;0.97154;2594
2015.09.22;04:00:00;0.97218;0.97101;0.97156;0.97196;2760
2015.09.22;08:00:00;0.97518;0.97063;0.97192;0.97156;14759
2015.09.22;12:00:00;0.97519;0.97089;0.97343;0.97191;16790
2015.09.22;16:00:00;0.97429;0.971;0.97333;0.97344;18795
2015.09.22;20:00:00;0.97513;0.97333;0.97508;0.97334;6829
2015.09.23;00:00:00;0.97646;0.97405;0.97624;0.97508;3614
2015.09.23;04:00:00;0.97628;0.97354;0.97422;0.97625;4274
2015.09.23;08:00:00;0.97838;0.97419;0.97824;0.97422;14594
2015.09.23;12:00:00;0.97841;0.97445;0.97732;0.97825;16210
2015.09.23;16:00:00;0.98001;0.97345;0.97756;0.97732;22707
2015.09.23;20:00:00;0.97999;0.97627;0.97939;0.97756;10517
2015.09.24;00:00:00;0.97971;0.97859;0.97886;0.97929;4882
2015.09.24;04:00:00;0.9803;0.97789;0.97827;0.97884;5119
2015.09.24;08:00:00;0.97892;0.97466;0.9763;0.97828;14649
2015.09.24;12:00:00;0.977;0.97092;0.97143;0.9763;18407
2015.09.24;16:00:00;0.97438;0.96665;0.97323;0.97143;21652
2015.09.24;20:00:00;0.97707;0.97277;0.97482;0.97324;10269
2015.09.25;00:00:00;0.97903;0.9747;0.97852;0.97481;7988
2015.09.25;04:00:00;0.97923;0.97785;0.97922;0.97851;4435
2015.09.25;08:00:00;0.98421;0.97805;0.98254;0.97922;14930
2015.09.25;12:00:00;0.98278;0.97499;0.97898;0.98255;17326
2015.09.25;16:00:00;0.97929;0.97421;0.9784;0.97896;21188
2015.09.25;20:00:00;0.98087;0.9779;0.97856;0.9784;9832
2015.09.28;00:00:00;0.97961;0.97708;0.97887;0.97779;4487
2015.09.28;04:00:00;0.97995;0.97826;0.97946;0.97888;3640
2015.09.28;08:00:00;0.98147;0.97779;0.97933;0.97947;12964
2015.09.28;12:00:00;0.98097;0.97744;0.98042;0.97931;14056
2015.09.28;16:00:00;0.98124;0.97209;0.97281;0.98044;22352
2015.09.28;20:00:00;0.97541;0.97241;0.97336;0.97278;8934
2015.09.29;00:00:00;0.9748;0.97262;0.97328;0.97336;3587
2015.09.29;04:00:00;0.97331;0.97158;0.97159;0.97326;4803
2015.09.29;08:00:00;0.97251;0.96858;0.97121;0.97158;17065
2015.09.29;12:00:00;0.97409;0.96988;0.97246;0.97122;15742
2015.09.29;16:00:00;0.97367;0.96909;0.9706;0.97246;22967
2015.09.29;20:00:00;0.97319;0.96995;0.97153;0.9706;12138
2015.09.30;00:00:00;0.97173;0.96943;0.97119;0.97153;4081
2015.09.30;04:00:00;0.97176;0.9708;0.97105;0.97121;4479
2015.09.30;08:00:00;0.97538;0.97099;0.97321;0.97105;15722
2015.09.30;12:00:00;0.97595;0.97218;0.9749;0.97324;15112
2015.09.30;16:00:00;0.97748;0.97409;0.97474;0.97489;22638
2015.09.30;20:00:00;0.97551;0.97291;0.97295;0.97473;9993
2015.10.01;00:00:00;0.97441;0.97263;0.97348;0.97292;3567
2015.10.01;04:00:00;0.97606;0.97347;0.97575;0.97347;4919
2015.10.01;08:00:00;0.97804;0.97571;0.9773;0.97576;11011
2015.10.01;12:00:00;0.97876;0.97605;0.97736;0.97733;15007
2015.10.01;16:00:00;0.97813;0.97207;0.97663;0.97736;21089
2015.10.01;20:00:00;0.97774;0.97588;0.97688;0.97662;8717
2015.10.02;00:00:00;0.97722;0.97616;0.97676;0.97684;3660
2015.10.02;04:00:00;0.97779;0.97606;0.97777;0.97677;3345
2015.10.02;08:00:00;0.9784;0.97677;0.97772;0.97782;8983
2015.10.02;12:00:00;0.97935;0.96534;0.96651;0.97771;16173
2015.10.02;16:00:00;0.97127;0.96436;0.96998;0.9665;31381
2015.10.02;20:00:00;0.97262;0.96967;0.97138;0.96999;14622
2015.10.05;00:00:00;0.97226;0.97049;0.97127;0.97071;6900
2015.10.05;04:00:00;0.97135;0.96927;0.97054;0.97128;4999
2015.10.05;08:00:00;0.97281;0.96847;0.97063;0.97054;19330
2015.10.05;12:00:00;0.97514;0.96898;0.97492;0.97064;26215
2015.10.05;16:00:00;0.97635;0.97302;0.9752;0.97491;29965
2015.10.05;20:00:00;0.97664;0.97454;0.97527;0.97527;9482
2015.10.06;00:00:00;0.97586;0.97504;0.97567;0.97524;3279
2015.10.06;04:00:00;0.97656;0.97528;0.97613;0.97568;4513
2015.10.06;08:00:00;0.97615;0.973;0.9744;0.97614;17156
2015.10.06;12:00:00;0.97573;0.972;0.97435;0.97439;22720
2015.10.06;16:00:00;0.9745;0.96686;0.96818;0.97436;28182
2015.10.06;20:00:00;0.9685;0.96634;0.96639;0.96819;9442
2015.10.07;00:00:00;0.96748;0.96625;0.96719;0.96639;3487
2015.10.07;04:00:00;0.96749;0.9647;0.96639;0.96719;5301
2015.10.07;08:00:00;0.96853;0.96565;0.96725;0.96639;19484
2015.10.07;12:00:00;0.96865;0.96506;0.96655;0.96726;22410
2015.10.07;16:00:00;0.97382;0.96642;0.97303;0.96654;30434
2015.10.07;20:00:00;0.97357;0.97159;0.97329;0.97303;10987
2015.10.08;00:00:00;0.97359;0.97281;0.97294;0.97329;2627
2015.10.08;04:00:00;0.97307;0.97185;0.97217;0.97297;3524
2015.10.08;08:00:00;0.97242;0.96572;0.96826;0.97217;20194
2015.10.08;12:00:00;0.97285;0.96618;0.9706;0.96826;26103
2015.10.08;16:00:00;0.97123;0.96638;0.96665;0.97058;26058
2015.10.08;20:00:00;0.96821;0.96218;0.96572;0.96665;17301
2015.10.09;00:00:00;0.96654;0.96263;0.9661;0.96488;4990
2015.10.09;04:00:00;0.96742;0.96562;0.96577;0.9661;3884
2015.10.09;08:00:00;0.96733;0.96137;0.96386;0.96576;21350
2015.10.09;12:00:00;0.96409;0.95853;0.95929;0.96384;28081
2015.10.09;16:00:00;0.96271;0.95927;0.95969;0.9593;27724
2015.10.09;20:00:00;0.96177;0.95945;0.96137;0.9597;8254
2015.10.12;00:00:00;0.96151;0.95999;0.96054;0.96059;4968
2015.10.12;04:00:00;0.96156;0.96032;0.961;0.96053;5426
2015.10.12;08:00:00;0.96235;0.95938;0.96112;0.961;12350
2015.10.12;12:00:00;0.96181;0.95964;0.96093;0.96111;15622
2015.10.12;16:00:00;0.96217;0.95968;0.96058;0.96092;18164
2015.10.12;20:00:00;0.96298;0.9606;0.96263;0.9606;5831
2015.10.13;00:00:00;0.96453;0.96228;0.96415;0.96264;4122
2015.10.13;04:00:00;0.96439;0.96258;0.96296;0.96415;3872
2015.10.13;08:00:00;0.96329;0.95793;0.96061;0.96294;17538
2015.10.13;12:00:00;0.96139;0.95534;0.95722;0.9606;21910
2015.10.13;16:00:00;0.96116;0.95702;0.9577;0.95721;24304
2015.10.13;20:00:00;0.95849;0.95628;0.95759;0.95771;8491
2015.10.14;00:00:00;0.95843;0.95712;0.95748;0.9576;3225
2015.10.14;04:00:00;0.9581;0.95694;0.95755;0.95746;3861
2015.10.14;08:00:00;0.95812;0.95479;0.95658;0.95756;15042
2015.10.14;12:00:00;0.95685;0.95198;0.95251;0.95657;20531
2015.10.14;16:00:00;0.95558;0.9503;0.95125;0.95252;27317
2015.10.14;20:00:00;0.95149;0.94825;0.94885;0.95125;12147
2015.10.15;00:00:00;0.95002;0.94861;0.94921;0.94887;3388
2015.10.15;04:00:00;0.94981;0.94803;0.94919;0.9492;4435
2015.10.15;08:00:00;0.95125;0.9475;0.94945;0.94918;16658
2015.10.15;12:00:00;0.95481;0.94814;0.95413;0.94944;15075
2015.10.15;16:00:00;0.95514;0.9484;0.94956;0.95412;21301
2015.10.15;20:00:00;0.95223;0.94951;0.95023;0.94955;6633
2015.10.16;00:00:00;0.95205;0.94978;0.95125;0.94989;3189
2015.10.16;04:00:00;0.95185;0.95086;0.9514;0.95124;2545
2015.10.16;08:00:00;0.95521;0.95108;0.95434;0.95141;8936
2015.10.16;12:00:00;0.95522;0.9496;0.95249;0.95433;12626
2015.10.16;16:00:00;0.95433;0.95021;0.95067;0.95249;17410
2015.10.16;20:00:00;0.95397;0.95009;0.95361;0.95066;8205
2015.10.19;00:00:00;0.9542;0.95061;0.95258;0.95061;3024
2015.10.19;04:00:00;0.95488;0.95218;0.95411;0.95258;4509
2015.10.19;08:00:00;0.95482;0.9521;0.95322;0.95411;9569
2015.10.19;12:00:00;0.95769;0.95317;0.95488;0.95322;11762
2015.10.19;16:00:00;0.95735;0.95446;0.95639;0.95486;14547
2015.10.19;20:00:00;0.95654;0.95534;0.95613;0.95639;5310
2015.10.20;00:00:00;0.95631;0.9551;0.95559;0.95616;2975
2015.10.20;04:00:00;0.95621;0.95517;0.95603;0.95557;3041
2015.10.20;08:00:00;0.95633;0.95063;0.95071;0.95602;9084
2015.10.20;12:00:00;0.95249;0.94928;0.95163;0.95071;11197
2015.10.20;16:00:00;0.95561;0.95125;0.95523;0.95163;12913
2015.10.20;20:00:00;0.95695;0.95431;0.95596;0.95524;5088
2015.10.21;00:00:00;0.95634;0.9554;0.9557;0.95595;3929
2015.10.21;04:00:00;0.9557;0.95493;0.95522;0.9557;3335
2015.10.21;08:00:00;0.95661;0.95268;0.95457;0.95522;9885
2015.10.21;12:00:00;0.96094;0.95466;0.95667;0.95467;10993
2015.10.21;16:00:00;0.95851;0.95513;0.95691;0.95668;14108
2015.10.21;20:00:00;0.9596;0.9563;0.95934;0.95691;6817
2015.10.22;00:00:00;0.9597;0.95884;0.95948;0.95932;2665
2015.10.22;04:00:00;0.95963;0.95875;0.95962;0.95949;3665
2015.10.22;08:00:00;0.96131;0.95787;0.96041;0.9596;15258
2015.10.22;12:00:00;0.97166;0.96018;0.96955;0.96046;30023
2015.10.22;16:00:00;0.97262;0.96888;0.97076;0.96952;35261
2015.10.22;20:00:00;0.97377;0.97077;0.97298;0.97077;11481
2015.10.23;00:00:00;0.97375;0.97258;0.97354;0.97298;6663
2015.10.23;04:00:00;0.97358;0.97244;0.97308;0.97352;5213
2015.10.23;08:00:00;0.97404;0.97106;0.97225;0.97308;21145
2015.10.23;12:00:00;0.97646;0.97119;0.97578;0.97225;29566
2015.10.23;16:00:00;0.97933;0.97496;0.97843;0.97578;32886
2015.10.23;20:00:00;0.97994;0.97841;0.97863;0.97843;9932
2015.10.25;23:00:00;0.979;0.97847;0.9789;0.97854;451
2015.10.26;00:00:00;0.97928;0.9775;0.97784;0.9789;5606
2015.10.26;04:00:00;0.97788;0.97588;0.97634;0.97788;4737
2015.10.26;08:00:00;0.97973;0.97553;0.97965;0.97636;18580
2015.10.26;12:00:00;0.98378;0.97892;0.98139;0.97964;25386
2015.10.26;16:00:00;0.98343;0.97933;0.98268;0.98139;28053
2015.10.26;20:00:00;0.98371;0.98239;0.98249;0.98269;5996
2015.10.27;00:00:00;0.98327;0.98206;0.98254;0.98246;3703
2015.10.27;04:00:00;0.98255;0.98064;0.9807;0.98255;4090
2015.10.27;08:00:00;0.98426;0.98044;0.98383;0.98069;19205
2015.10.27;12:00:00;0.98497;0.98136;0.98454;0.98384;27425
2015.10.27;16:00:00;0.98683;0.9834;0.98605;0.98452;25824
2015.10.27;20:00:00;0.98728;0.98443;0.98597;0.98605;8762
2015.10.28;00:00:00;0.98723;0.98589;0.98672;0.98596;4984
2015.10.28;04:00:00;0.9871;0.98599;0.98632;0.98672;3740
2015.10.28;08:00:00;0.98708;0.98325;0.98398;0.9863;17243
2015.10.28;12:00:00;0.98491;0.98263;0.98385;0.98397;26180
2015.10.28;16:00:00;0.9856;0.98192;0.98203;0.98385;27265
2015.10.28;20:00:00;0.99562;0.98187;0.99383;0.98192;22234
2015.10.29;00:00:00;0.99547;0.99316;0.99478;0.99375;6488
2015.10.29;04:00:00;0.99481;0.99324;0.99351;0.99481;4247
2015.10.29;08:00:00;0.99422;0.98957;0.99005;0.99355;22871
2015.10.29;12:00:00;0.99275;0.98842;0.99033;0.99;29871
2015.10.29;16:00:00;0.99208;0.98868;0.99067;0.99028;24394
2015.10.29;20:00:00;0.99108;0.98879;0.98894;0.99068;5328
2015.10.30;00:00:00;0.9898;0.98803;0.98963;0.98894;4979
2015.10.30;04:00:00;0.99051;0.9884;0.98997;0.98963;8169
2015.10.30;08:00:00;0.99051;0.98542;0.98706;0.98998;22800
2015.10.30;12:00:00;0.99095;0.98676;0.98776;0.98706;29525
2015.10.30;16:00:00;0.98851;0.98444;0.98682;0.98787;30589
2015.10.30;20:00:00;0.98871;0.98676;0.98785;0.98682;7381
2015.11.02;00:00:00;0.98741;0.9849;0.98644;0.9849;6736
2015.11.02;04:00:00;0.98735;0.98642;0.98649;0.98643;3542
2015.11.02;08:00:00;0.98905;0.98534;0.98835;0.9865;20189
2015.11.02;12:00:00;0.98876;0.98496;0.98497;0.98836;20734
2015.11.02;16:00:00;0.9867;0.98344;0.98614;0.98496;25484
2015.11.02;20:00:00;0.98727;0.98513;0.98631;0.98614;6736
2015.11.03;00:00:00;0.98723;0.98516;0.98695;0.98586;2616
2015.11.03;04:00:00;0.98728;0.98646;0.98685;0.98694;3472
2015.11.03;08:00:00;0.98886;0.98431;0.9886;0.98685;19531
2015.11.03;12:00:00;0.99175;0.98802;0.99103;0.9886;21379
2015.11.03;16:00:00;0.99242;0.9901;0.99091;0.99103;27663
2015.11.03;20:00:00;0.99193;0.98986;0.99056;0.99093;11582
2015.11.04;00:00:00;0.99179;0.99047;0.99138;0.99095;5912
2015.11.04;04:00:00;0.99212;0.99114;0.9915;0.99141;4678
2015.11.04;08:00:00;0.99344;0.98988;0.99104;0.99151;19680
2015.11.04;12:00:00;0.99111;0.98841;0.99087;0.99103;23607
2015.11.04;16:00:00;0.99487;0.99036;0.99444;0.99087;32592
2015.11.04;20:00:00;0.99503;0.99283;0.99313;0.99445;10702
2015.11.05;00:00:00;0.99361;0.99204;0.99266;0.99313;4042
2015.11.05;04:00:00;0.99328;0.99256;0.99317;0.99266;3383
2015.11.05;08:00:00;0.99778;0.99306;0.99671;0.99319;23611
2015.11.05;12:00:00;0.99756;0.99406;0.99553;0.9967;28137
2015.11.05;16:00:00;0.99755;0.99449;0.99705;0.99555;30038
2015.11.05;20:00:00;0.99707;0.99466;0.99499;0.99706;8570
2015.11.06;00:00:00;0.99563;0.99486;0.99495;0.99498;3487
2015.11.06;04:00:00;0.99577;0.99467;0.99562;0.99495;3137
2015.11.06;08:00:00;0.99666;0.99428;0.99546;0.99562;19858
2015.11.06;12:00:00;1.00639;0.99478;1.00566;0.99547;24096
2015.11.06;16:00:00;1.00677;1.00286;1.00574;1.00565;38875
2015.11.06;20:00:00;1.00752;1.00495;1.00518;1.00574;12313
2015.11.09;00:00:00;1.00606;1.00444;1.00539;1.0048;6825
2015.11.09;04:00:00;1.00541;1.00363;1.00385;1.00537;4859
2015.11.09;08:00:00;1.00472;0.99966;1.00337;1.00386;20951
2015.11.09;12:00:00;1.00576;1.00218;1.00521;1.00334;24245
2015.11.09;16:00:00;1.00604;1.00024;1.00254;1.00523;28315
2015.11.09;20:00:00;1.00364;1.00189;1.00334;1.00257;9077
2015.11.10;00:00:00;1.00406;1.00252;1.00404;1.00334;5847
2015.11.10;04:00:00;1.00475;1.00339;1.00423;1.00405;4853
2015.11.10;08:00:00;1.00489;1.00188;1.00327;1.00423;23703
2015.11.10;12:00:00;1.00818;1.00276;1.00712;1.00327;31058
2015.11.10;16:00:00;1.00856;1.00591;1.00686;1.00711;31617
2015.11.10;20:00:00;1.00766;1.00548;1.00616;1.00687;11553
2015.11.11;00:00:00;1.00643;1.00397;1.00416;1.00611;6795
2015.11.11;04:00:00;1.00434;1.00277;1.00366;1.00415;7559
2015.11.11;08:00:00;1.0052;1.0031;1.00468;1.00367;21500
2015.11.11;12:00:00;1.0071;1.00415;1.00512;1.00469;18576
2015.11.11;16:00:00;1.00571;1.00284;1.00528;1.00513;24680
2015.11.11;20:00:00;1.00527;1.00405;1.0043;1.00526;6273
2015.11.12;00:00:00;1.00466;1.00238;1.00264;1.00432;6866
2015.11.12;04:00:00;1.00353;1.00238;1.00306;1.00264;4805
2015.11.12;08:00:00;1.0084;1.00244;1.00436;1.00305;22101
2015.11.12;12:00:00;1.00541;1.00352;1.00438;1.00436;25609
2015.11.12;16:00:00;1.00487;0.9988;1.00112;1.00438;35204
2015.11.12;20:00:00;1.00234;0.99932;0.99973;1.00112;13016
2015.11.13;00:00:00;1.00158;0.99968;1.00133;0.9998;6757
2015.11.13;04:00:00;1.00185;1.00094;1.00147;1.00132;6745
2015.11.13;08:00:00;1.00426;1.00136;1.00338;1.00152;20860
2015.11.13;12:00:00;1.00455;0.99979;1.00443;1.00338;28606
2015.11.13;16:00:00;1.00925;1.00423;1.00896;1.00442;31012
2015.11.13;20:00:00;1.00938;1.00558;1.00578;1.00898;11732
2015.11.16;00:00:00;1.00894;1.00549;1.00742;1.00613;10590
2015.11.16;04:00:00;1.00762;1.00636;1.00703;1.00741;5928
2015.11.16;08:00:00;1.00745;1.00423;1.00631;1.00702;21035
2015.11.16;12:00:00;1.00667;1.00488;1.00658;1.00634;21532
2015.11.16;16:00:00;1.0094;1.00647;1.00923;1.00659;28238
2015.11.16;20:00:00;1.0102;1.00888;1.00953;1.00923;9414
2015.11.17;00:00:00;1.01051;1.00912;1.01032;1.00953;5960
2015.11.17;04:00:00;1.01121;1.00993;1.0112;1.01033;3731
2015.11.17;08:00:00;1.01346;1.01069;1.01113;1.0112;19652
2015.11.17;12:00:00;1.01476;1.01089;1.01442;1.01108;23120
2015.11.17;16:00:00;1.01697;1.01247;1.01516;1.01441;30388
2015.11.17;20:00:00;1.01589;1.0138;1.01449;1.01515;16752
2015.11.18;00:00:00;1.01464;1.01387;1.01451;1.01451;4668
2015.11.18;04:00:00;1.01684;1.0145;1.01546;1.01451;4793
2015.11.18;08:00:00;1.01563;1.01266;1.01367;1.01545;18303
2015.11.18;12:00:00;1.01688;1.01316;1.01687;1.01366;19294
2015.11.18;16:00:00;1.02155;1.01654;1.019;1.01684;26923
2015.11.18;20:00:00;1.02188;1.01768;1.01957;1.019;14475
2015.11.19;00:00:00;1.01973;1.01459;1.01654;1.01956;8594
2015.11.19;04:00:00;1.01723;1.01531;1.0156;1.01652;6441
2015.11.19;08:00:00;1.01883;1.01528;1.01843;1.01562;21905
2015.11.19;12:00:00;1.02006;1.01582;1.01872;1.01845;25626
2015.11.19;16:00:00;1.01902;1.01248;1.01502;1.01873;33431
2015.11.19;20:00:00;1.01541;1.01207;1.01256;1.01502;9861
2015.11.20;00:00:00;1.01528;1.01209;1.01427;1.01248;6167
2015.11.20;04:00:00;1.01439;1.01282;1.01284;1.01429;6215
2015.11.20;08:00:00;1.01663;1.01209;1.01424;1.01283;25453
2015.11.20;12:00:00;1.01751;1.01294;1.01441;1.01425;24651
2015.11.20;16:00:00;1.0196;1.01339;1.01903;1.01441;31864
2015.11.20;20:00:00;1.01967;1.01795;1.01823;1.01902;10247
2015.11.23;00:00:00;1.02081;1.01874;1.02054;1.01943;7851
2015.11.23;04:00:00;1.02158;1.02013;1.02053;1.02055;7389
2015.11.23;08:00:00;1.0212;1.01764;1.01843;1.02055;22387
2015.11.23;12:00:00;1.02248;1.01835;1.01921;1.01844;22730
2015.11.23;16:00:00;1.02119;1.01743;1.01934;1.01921;28217
2015.11.23;20:00:00;1.01996;1.01778;1.01803;1.01934;8410
2015.11.24;00:00:00;1.01868;1.01682;1.01737;1.01804;6027
2015.11.24;04:00:00;1.01858;1.01711;1.01817;1.01738;4555
2015.11.24;08:00:00;1.01927;1.01659;1.01825;1.01818;16537
2015.11.24;12:00:00;1.01904;1.01575;1.01643;1.01825;20481
2015.11.24;16:00:00;1.01831;1.01445;1.01574;1.01643;25104
2015.11.24;20:00:00;1.01687;1.01431;1.01656;1.01574;8910
2015.11.25;00:00:00;1.0171;1.01562;1.01596;1.01656;5281
2015.11.25;04:00:00;1.017;1.01508;1.01654;1.01594;6844
2015.11.25;08:00:00;1.02078;1.01427;1.01984;1.01652;19460
2015.11.25;12:00:00;1.02299;1.01985;1.02194;1.01985;23548
2015.11.25;16:00:00;1.02595;1.01987;1.02101;1.0219;23850
2015.11.25;20:00:00;1.02232;1.0197;1.02137;1.02101;7408
2015.11.26;00:00:00;1.02267;1.02053;1.02196;1.02061;5233
2015.11.26;04:00:00;1.02273;1.02193;1.02207;1.02198;3481
2015.11.26;08:00:00;1.02391;1.02189;1.02262;1.02207;12521
2015.11.26;12:00:00;1.02465;1.02149;1.02396;1.0226;12355
2015.11.26;16:00:00;1.02522;1.02306;1.02319;1.02393;10617
2015.11.26;20:00:00;1.02432;1.02302;1.02348;1.02319;10707
2015.11.27;00:00:00;1.02402;1.02299;1.02368;1.02348;2906
2015.11.27;04:00:00;1.02392;1.02327;1.02379;1.02367;4134
2015.11.27;08:00:00;1.02972;1.02245;1.02952;1.02379;16907
2015.11.27;12:00:00;1.03267;1.02821;1.03042;1.02952;20966
2015.11.27;16:00:00;1.03135;1.02922;1.02933;1.03042;18342
2015.11.27;20:00:00;1.0304;1.02901;1.02937;1.02934;5362
2015.11.30;00:00:00;1.03124;1.02938;1.0309;1.02972;4980
2015.11.30;04:00:00;1.03122;1.03008;1.03061;1.03084;3910
2015.11.30;08:00:00;1.03187;1.02948;1.03061;1.0306;13892
2015.11.30;12:00:00;1.03164;1.02957;1.03115;1.03062;15445
2015.11.30;16:00:00;1.03135;1.02649;1.02733;1.03117;21317
2015.11.30;20:00:00;1.02911;1.0257;1.02872;1.02732;8843
2015.12.01;00:00:00;1.02907;1.02794;1.02816;1.0287;4667
2015.12.01;04:00:00;1.02817;1.02568;1.02586;1.02817;8156
2015.12.01;08:00:00;1.02903;1.02567;1.02847;1.02586;14414
2015.12.01;12:00:00;1.02954;1.02735;1.02872;1.02845;12933
2015.12.01;16:00:00;1.03005;1.02535;1.02947;1.02874;21578
2015.12.01;20:00:00;1.02957;1.02532;1.02579;1.02948;7777
2015.12.02;00:00:00;1.02679;1.02519;1.02658;1.02579;5556
2015.12.02;04:00:00;1.02695;1.02607;1.02685;1.02658;3548
2015.12.02;08:00:00;1.02717;1.02471;1.02609;1.02685;13881
2015.12.02;12:00:00;1.02922;1.025;1.02719;1.02609;19643
2015.12.02;16:00:00;1.03065;1.02193;1.02357;1.02718;25428
2015.12.02;20:00:00;1.02397;1.01782;1.01813;1.02357;13714
2015.12.03;00:00:00;1.01957;1.01782;1.01865;1.01813;5129
2015.12.03;04:00:00;1.02112;1.01856;1.0204;1.01865;5227
2015.12.03;08:00:00;1.02455;1.01997;1.02351;1.02039;14656
2015.12.03;12:00:00;1.02603;1.00391;1.00692;1.02351;35368
2015.12.03;16:00:00;1.01098;0.99619;0.99786;1.00689;38415
2015.12.03;20:00:00;0.99797;0.98741;0.99314;0.99784;20135
2015.12.04;00:00:00;0.99437;0.99099;0.99334;0.99314;8246
2015.12.04;04:00:00;0.99378;0.99142;0.99205;0.99333;7296
2015.12.04;08:00:00;1.00031;0.99173;0.99916;0.99207;24141
2015.12.04;12:00:00;1.00329;0.99512;0.9977;0.99918;29784
2015.12.04;16:00:00;1.00306;0.9955;1.00039;0.9977;40516
2015.12.04;20:00:00;1.00173;0.9959;0.99617;1.00039;13516
2015.12.07;00:00:00;0.99786;0.99599;0.9974;0.99686;4757
2015.12.07;04:00:00;0.9988;0.99733;0.99856;0.99739;3375
2015.12.07;08:00:00;1.00235;0.99742;1.00177;0.99856;15198
2015.12.07;12:00:00;1.00253;1.00006;1.0018;1.00176;15478
2015.12.07;16:00:00;1.00305;0.9996;1.00123;1.00179;23804
2015.12.07;20:00:00;1.00173;0.99916;0.99987;1.00123;11917
2015.12.08;00:00:00;1.00091;0.99948;0.99988;0.99987;4444
2015.12.08;04:00:00;1.00006;0.99873;0.99883;0.99989;4047
2015.12.08;08:00:00;0.99954;0.99671;0.99755;0.99884;15541
2015.12.08;12:00:00;0.99863;0.99268;0.99328;0.99765;19792
2015.12.08;16:00:00;0.99479;0.9917;0.99206;0.99329;21645
2015.12.08;20:00:00;0.9931;0.99163;0.99223;0.99208;10734
2015.12.09;00:00:00;0.99434;0.9918;0.99275;0.99223;4097
2015.12.09;04:00:00;0.99302;0.99177;0.99241;0.99276;4322
2015.12.09;08:00:00;0.99375;0.99115;0.99169;0.99242;16071
2015.12.09;12:00:00;0.99198;0.98591;0.98719;0.99168;16706
2015.12.09;16:00:00;0.98969;0.9847;0.98473;0.98719;28345
2015.12.09;20:00:00;0.98624;0.98188;0.98268;0.98474;18347
2015.12.10;00:00:00;0.98472;0.98253;0.98455;0.9827;4583
2015.12.10;04:00:00;0.98478;0.98402;0.98475;0.98455;3359
2015.12.10;08:00:00;0.98896;0.98315;0.9881;0.98474;15024
2015.12.10;12:00:00;0.99068;0.9845;0.98462;0.98809;20549
2015.12.10;16:00:00;0.98951;0.98457;0.98862;0.98463;25002
2015.12.10;20:00:00;0.98979;0.98755;0.98758;0.98861;8358
2015.12.11;00:00:00;0.98893;0.98752;0.98858;0.98754;3196
2015.12.11;04:00:00;0.98868;0.98777;0.98816;0.98858;2478
2015.12.11;08:00:00;0.98855;0.9864;0.98836;0.98816;13051
2015.12.11;12:00:00;0.98973;0.98619;0.98723;0.98837;22397
2015.12.11;16:00:00;0.98727;0.98021;0.98305;0.98724;34116
2015.12.11;20:00:00;0.98418;0.98183;0.98206;0.98305;12789
2015.12.14;00:00:00;0.98467;0.98294;0.98467;0.98333;5286
2015.12.14;04:00:00;0.98561;0.9842;0.98507;0.98466;4165
2015.12.14;08:00:00;0.98711;0.98438;0.98535;0.98509;14035
2015.12.14;12:00:00;0.98576;0.98018;0.9816;0.98535;23062
2015.12.14;16:00:00;0.98425;0.9785;0.98418;0.98162;32656
2015.12.14;20:00:00;0.98636;0.98336;0.98486;0.98416;11431
2015.12.15;00:00:00;0.98585;0.9831;0.98313;0.98492;5331
2015.12.15;04:00:00;0.98383;0.98215;0.98226;0.98313;4819
2015.12.15;08:00:00;0.98411;0.97971;0.98264;0.98227;16404
2015.12.15;12:00:00;0.98698;0.98167;0.98695;0.98266;21675
2015.12.15;16:00:00;0.99236;0.98507;0.99133;0.98695;26506
2015.12.15;20:00:00;0.9914;0.99133;0.99133;0.99134;21
