DATE;TIME;HIGH;LOW;CLOSE;OPEN;VOLUME
2015.04.27;12:00:00;279.058;277.219;277.281;278.93;8809
2015.04.27;16:00:00;277.46;274.07;274.884;277.28;13239
2015.04.27;20:00:00;275.773;274.76;275.31;274.879;5329
2015.04.28;00:00:00;276.02;275.25;275.769;275.32;2616
2015.04.28;04:00:00;275.94;275.608;275.94;275.77;2469
2015.04.28;08:00:00;277.32;275.228;276.247;275.94;10428
2015.04.28;12:00:00;276.385;275.18;276.03;276.245;12381
2015.04.28;16:00:00;276.27;273.71;273.938;276.06;14394
2015.04.28;20:00:00;274.317;273.471;273.68;273.95;5578
2015.04.29;00:00:00;274.264;273.531;273.85;273.68;8178
2015.04.29;04:00:00;274.46;273.85;274.383;273.85;2855
2015.04.29;08:00:00;274.6;273.5;273.85;274.383;8273
2015.04.29;12:00:00;275.27;273.42;274.71;273.85;14084
2015.04.29;16:00:00;274.9;269.683;270.91;274.7;22571
2015.04.29;20:00:00;272.29;269.82;271.27;270.92;12878
2015.04.30;00:00:00;271.77;271.19;271.7;271.25;2596
2015.04.30;04:00:00;272.02;271.35;271.89;271.7;3278
2015.04.30;08:00:00;273.56;269.82;270.16;271.9;12732
2015.04.30;12:00:00;271.24;269.12;270.747;270.16;16413
2015.04.30;16:00:00;272.08;270.118;270.749;270.73;19655
2015.04.30;20:00:00;271.299;269.502;270.14;270.754;8906
2015.05.01;00:00:00;270.63;270.05;270.29;270.13;2511
2015.05.01;04:00:00;270.42;270.09;270.29;270.29;2300
2015.05.01;08:00:00;270.73;269.46;269.96;270.31;7513
2015.05.01;12:00:00;270.57;269.06;269.85;269.96;8008
2015.05.01;16:00:00;271.97;269.16;271.58;269.86;10468
2015.05.01;20:00:00;271.58;270.42;270.69;271.58;4798
2015.05.04;00:00:00;271.37;270.08;271.3;270.44;892
2015.05.04;04:00:00;271.36;270.94;271.1;271.28;3648
2015.05.04;08:00:00;272.51;269.95;272.47;271.11;6688
2015.05.04;12:00:00;272.65;271.04;271.17;272.47;7137
2015.05.04;16:00:00;272.33;270.94;271.68;271.17;9159
2015.05.04;20:00:00;272.459;271.39;271.87;271.7;6436
2015.05.05;00:00:00;272.288;271.65;272.218;271.79;5050
2015.05.05;04:00:00;272.656;272.11;272.586;272.214;1187
2015.05.05;08:00:00;273.52;271.297;271.5;272.581;9270
2015.05.05;12:00:00;271.78;269.94;270.392;271.55;13351
2015.05.05;16:00:00;272.243;270.267;271.14;270.392;17927
2015.05.05;20:00:00;271.5;270.61;271.14;271.14;5479
2015.05.06;00:00:00;271.497;270.95;271.305;271.061;15065
2015.05.06;04:00:00;271.407;269.96;270.08;271.305;4013
2015.05.06;08:00:00;271.876;269.662;271.19;270.07;13203
2015.05.06;12:00:00;271.97;269.82;270.121;271.19;17543
2015.05.06;16:00:00;270.677;268.27;269.89;270.121;20384
2015.05.06;20:00:00;269.89;268.39;268.99;269.89;6986
2015.05.07;00:00:00;269.59;268.9;269.524;268.98;1294
2015.05.07;04:00:00;269.652;269.13;269.269;269.504;2161
2015.05.07;08:00:00;270.68;268.85;269.99;269.269;13294
2015.05.07;12:00:00;270.35;268.767;269.25;270;15495
2015.05.07;16:00:00;270.146;268.87;269.33;269.25;13864
2015.05.07;20:00:00;269.536;268.84;268.89;269.33;4152
2015.05.08;00:00:00;269.96;268.57;269.572;268.87;4089
2015.05.08;04:00:00;270.69;269.34;270.21;269.573;6570
2015.05.08;08:00:00;270.937;269.38;269.88;270.21;10988
2015.05.08;12:00:00;271.45;268.86;269.17;269.89;13837
2015.05.08;16:00:00;270.84;268.373;269.69;269.15;13773
2015.05.08;20:00:00;270.14;269.25;269.51;269.69;4167
2015.05.11;00:00:00;270.76;269.68;270.73;269.88;1690
2015.05.11;04:00:00;271.55;270.65;271.14;270.76;3491
2015.05.11;08:00:00;272.73;270.078;272.64;271.15;9091
2015.05.11;12:00:00;273.72;272.154;273.49;272.71;8810
2015.05.11;16:00:00;273.811;272.288;273.207;273.48;11835
2015.05.11;20:00:00;273.5;272.819;273.16;273.202;3480
2015.05.12;00:00:00;273.756;273.08;273.609;273.12;1991
2015.05.12;04:00:00;273.699;272.795;272.85;273.609;3224
2015.05.12;08:00:00;274.417;272.056;272.71;272.85;13125
2015.05.12;12:00:00;273.17;271.452;272.98;272.7;11456
2015.05.12;16:00:00;273.61;272.042;272.72;272.98;13395
2015.05.12;20:00:00;273.6;272.623;273.39;272.72;5045
2015.05.13;00:00:00;273.51;273.206;273.333;273.39;2260
2015.05.13;04:00:00;273.695;272.7;272.91;273.333;3490
2015.05.13;08:00:00;273.38;271.15;271.94;272.9;10942
2015.05.13;12:00:00;273.5;270.21;270.687;271.95;14568
2015.05.13;16:00:00;271.54;270.148;270.52;270.67;14588
2015.05.13;20:00:00;271.28;270.303;270.8;270.52;4828
2015.05.14;00:00:00;271.302;270.69;271.117;270.81;2641
2015.05.14;04:00:00;271.131;270.432;270.744;271.122;2217
2015.05.14;08:00:00;270.902;269.097;269.87;270.744;12007
2015.05.14;12:00:00;269.98;268.51;268.84;269.873;11733
2015.05.14;16:00:00;270.033;267.95;269.114;268.853;18530
2015.05.14;20:00:00;269.51;268.23;268.23;269.105;4969
2015.05.15;00:00:00;268.709;268.09;268.553;268.24;2330
2015.05.15;04:00:00;268.898;268.211;268.694;268.555;2902
2015.05.15;08:00:00;270.02;267.737;269.75;268.697;9312
2015.05.15;12:00:00;270.94;269.51;270.57;269.76;11527
2015.05.15;16:00:00;270.774;267.85;268.225;270.57;18065
2015.05.15;20:00:00;268.497;267.036;267.2;268.225;5756
2015.05.18;00:00:00;268.319;266.55;268.026;266.65;1398
2015.05.18;04:00:00;268.364;267.7;267.77;268.026;2274
2015.05.18;08:00:00;269.21;267.456;268.76;267.774;10113
2015.05.18;12:00:00;270.544;268.44;270.039;268.76;8623
2015.05.18;16:00:00;272.92;269.92;272.5;270.055;13413
2015.05.18;20:00:00;273.531;272.34;272.73;272.5;5539
2015.05.19;00:00:00;273.005;272.58;272.938;272.72;3282
2015.05.19;04:00:00;273.466;272.871;272.948;272.931;2748
2015.05.19;08:00:00;274.224;272.326;273.2;272.948;11731
2015.05.19;12:00:00;274.677;272.08;274.456;273.29;15245
2015.05.19;16:00:00;274.936;273.58;273.878;274.456;12243
2015.05.19;20:00:00;274.316;273.69;274.14;273.91;1890
2015.05.20;00:00:00;274.83;274.03;274.54;274.13;2339
2015.05.20;04:00:00;274.763;274.2;274.656;274.54;2476
2015.05.20;08:00:00;276.572;274.322;276.18;274.686;12806
2015.05.20;12:00:00;276.27;274.82;274.93;276.192;10369
2015.05.20;16:00:00;277.247;274.413;276.685;274.93;16300
2015.05.20;20:00:00;277.424;275.536;276.38;276.698;7582
2015.05.21;00:00:00;276.704;276.093;276.292;276.317;3833
2015.05.21;04:00:00;276.5;275.995;276.144;276.302;3412
2015.05.21;08:00:00;276.81;274.08;274.642;276.142;14425
2015.05.21;12:00:00;276.36;274.289;276.28;274.66;13233
2015.05.21;16:00:00;276.75;275.622;275.942;276.29;13553
2015.05.21;20:00:00;276.86;275.965;276.69;275.965;5255
2015.05.22;00:00:00;277.03;276.257;276.524;276.319;1708
2015.05.22;04:00:00;276.551;275.693;275.988;276.518;1599
2015.05.22;08:00:00;275.959;274.47;274.8;275.82;9809
2015.05.22;12:00:00;277.19;274.12;276.79;274.8;13554
2015.05.22;16:00:00;279.667;276.8;278.623;276.8;11984
2015.05.22;20:00:00;279.52;278.25;278.39;278.648;5864
2015.05.25;00:00:00;280.12;278.041;279.97;278.999;2964
2015.05.25;04:00:00;280.1;279.328;279.781;279.96;2269
2015.05.25;08:00:00;280.42;279.033;280.25;279.781;4217
2015.05.25;12:00:00;280.574;279.757;279.898;280.234;2348
2015.05.25;16:00:00;280.96;279.805;280.13;279.9;2190
2015.05.25;20:00:00;280.426;280.129;280.31;280.14;1125
2015.05.26;00:00:00;281.462;280.106;281.277;280.32;2021
2015.05.26;04:00:00;281.596;280.973;281.455;281.271;2445
2015.05.26;08:00:00;283.631;281.35;283.148;281.455;9652
2015.05.26;12:00:00;284.05;281.993;283.24;283.127;8791
2015.05.26;16:00:00;284.5;282.414;283.8;283.28;9910
2015.05.26;20:00:00;284.58;283.648;284.048;283.8;5535
2015.05.27;00:00:00;284.12;283.36;283.741;283.99;1691
2015.05.27;04:00:00;284.177;283.333;283.4;283.748;1843
2015.05.27;08:00:00;283.471;282.13;283.113;283.412;8662
2015.05.27;12:00:00;285.444;282.59;285.34;283.113;14095
2015.05.27;16:00:00;285.74;282.986;283.95;285.34;18186
2015.05.27;20:00:00;284.1;283.06;283.13;283.94;9718
2015.05.28;00:00:00;283.863;283.071;283.326;283.16;2951
2015.05.28;04:00:00;283.644;282.991;283.127;283.318;2756
2015.05.28;08:00:00;283.318;281.71;282.46;283.127;13775
2015.05.28;12:00:00;283.686;281.892;282.931;282.49;15599
2015.05.28;16:00:00;284.139;282.55;282.839;282.931;15517
2015.05.28;20:00:00;282.919;282.011;282.21;282.839;5257
2015.05.29;00:00:00;282.22;281.559;282.163;282.175;2540
2015.05.29;04:00:00;282.236;281.77;282.203;282.03;1760
2015.05.29;08:00:00;282.955;281.68;282.13;282.195;10129
2015.05.29;12:00:00;282.27;280.63;281.32;282.14;11691
2015.05.29;16:00:00;282.34;280.68;281.46;281.32;14661
2015.05.29;20:00:00;281.49;281.002;281.04;281.46;3914
2015.06.01;00:00:00;282.617;280.97;282.24;281.11;1705
2015.06.01;04:00:00;282.746;281.928;282.081;282.25;1482
2015.06.01;08:00:00;284.266;281.881;284.025;282.094;11476
2015.06.01;12:00:00;284.19;281.735;281.747;284.01;14990
2015.06.01;16:00:00;283.446;281.272;282.51;281.73;16785
2015.06.01;20:00:00;282.8;282.01;282.13;282.5;6970
2015.06.02;00:00:00;282.46;281.65;282.09;282.11;2956
2015.06.02;04:00:00;282.48;281.9;281.94;282.1;3152
2015.06.02;08:00:00;282.521;280.92;281.597;281.93;11008
2015.06.02;12:00:00;282.37;279.63;280.17;281.574;15940
2015.06.02;16:00:00;280.17;276.43;279.377;280.17;18801
2015.06.02;20:00:00;280.13;278.85;279.543;279.377;7147
2015.06.03;00:00:00;280.003;279.338;279.828;279.472;2634
2015.06.03;04:00:00;279.871;279.136;279.556;279.793;4756
2015.06.03;08:00:00;280.62;278.45;280.104;279.556;12344
2015.06.03;12:00:00;280.896;279.39;280.122;280.104;14518
2015.06.03;16:00:00;280.18;276.55;277.42;280.138;17764
2015.06.03;20:00:00;277.8;277.03;277.19;277.41;4807
2015.06.04;00:00:00;277.651;276.99;277.22;277.18;2129
2015.06.04;04:00:00;277.488;276.9;277.03;277.21;4561
2015.06.04;08:00:00;278.13;275.61;276.66;277.07;14680
2015.06.04;12:00:00;276.84;275.03;275.98;276.67;15257
2015.06.04;16:00:00;277;274.95;275.69;275.98;13934
2015.06.04;20:00:00;277.28;275.52;276.91;275.69;7650
2015.06.05;00:00:00;278.19;276.57;277.16;276.9;4380
2015.06.05;04:00:00;277.58;276.96;277.13;277.17;3440
2015.06.05;08:00:00;277.56;276.074;276.633;277.12;12218
2015.06.05;12:00:00;282.144;275.95;280.874;276.633;14973
2015.06.05;16:00:00;282.47;280.375;280.5;280.907;18178
2015.06.05;20:00:00;280.54;279.95;280.23;280.51;5110
2015.06.08;00:00:00;281.15;280.38;281.14;280.6;1936
2015.06.08;04:00:00;281.14;280.535;280.61;281.131;1596
2015.06.08;08:00:00;282.164;279.57;282.021;280.62;13807
2015.06.08;12:00:00;282.26;279.97;280.677;282.021;11314
2015.06.08;16:00:00;280.695;278.963;279.297;280.675;13203
2015.06.08;20:00:00;279.364;277.572;277.686;279.297;6698
2015.06.09;00:00:00;278.341;277.502;278.183;277.64;2476
2015.06.09;04:00:00;278.192;276.74;277.434;278.179;2092
2015.06.09;08:00:00;277.79;276.37;277.013;277.437;13212
2015.06.09;12:00:00;278.67;276.41;278.474;277.02;14677
2015.06.09;16:00:00;278.64;276.881;277.4;278.454;14791
2015.06.09;20:00:00;277.54;276.924;277.12;277.41;4312
2015.06.10;00:00:00;277.43;276.513;276.747;277.11;2827
2015.06.10;04:00:00;277.066;276.45;276.55;276.743;4898
2015.06.10;08:00:00;277.073;274.94;276.35;276.55;15141
2015.06.10;12:00:00;277.215;275.76;276.179;276.35;14981
2015.06.10;16:00:00;276.82;274.88;276.07;276.179;16406
2015.06.10;20:00:00;276.142;275.406;275.43;276.07;4378
2015.06.11;00:00:00;276.2;275.326;276.16;275.436;1972
2015.06.11;04:00:00;276.61;275.86;276.14;276.17;3611
2015.06.11;08:00:00;277.742;275.49;277.501;276.13;9779
2015.06.11;12:00:00;279.118;276.54;276.972;277.498;13523
2015.06.11;16:00:00;277.546;276.31;276.748;276.958;15045
2015.06.11;20:00:00;276.914;275.73;276.03;276.75;5012
2015.06.12;00:00:00;276.605;275.941;276.16;276.04;2677
2015.06.12;04:00:00;276.88;275.771;276.58;276.17;5568
2015.06.12;08:00:00;279.449;276.53;278.863;276.58;12819
2015.06.12;12:00:00;279.248;277.24;277.894;278.88;14350
2015.06.12;16:00:00;278.301;276.28;276.57;277.872;15293
2015.06.12;20:00:00;277.25;276.24;276.82;276.57;4197
2015.06.15;00:00:00;278.81;278.22;278.62;278.75;2948
2015.06.15;04:00:00;279.351;278.44;278.71;278.63;2683
2015.06.15;08:00:00;279.851;277.671;278.26;278.71;10217
2015.06.15;12:00:00;279.566;278.14;279.082;278.25;12186
2015.06.15;16:00:00;279.296;276.5;276.655;279.079;12168
2015.06.15;20:00:00;277.523;276.406;276.61;276.653;5088
2015.06.16;00:00:00;277.09;276.6;276.93;276.6;1903
2015.06.16;04:00:00;277.2;276.72;276.78;276.94;2905
2015.06.16;08:00:00;277.84;276.29;277.82;276.78;10894
2015.06.16;12:00:00;278.281;277.077;277.141;277.9;12219
2015.06.16;16:00:00;278.466;276.457;276.76;277.13;9577
2015.06.16;20:00:00;277.119;276.416;276.85;276.77;3350
2015.06.17;00:00:00;277.06;276.68;276.919;276.85;1851
2015.06.17;04:00:00;276.96;276.389;276.632;276.906;2679
2015.06.17;08:00:00;277.35;275.9;277.08;276.632;9540
2015.06.17;12:00:00;277.16;276.01;276.374;277.11;10123
2015.06.17;16:00:00;277.78;275.64;276.917;276.374;9537
2015.06.17;20:00:00;278.01;274.09;274.28;276.939;14031
2015.06.18;00:00:00;274.52;273.49;273.74;274.27;3235
2015.06.18;04:00:00;274.02;273.458;273.81;273.74;3366
2015.06.18;08:00:00;274.647;271.947;272.84;273.8;11172
2015.06.18;12:00:00;273.314;272.301;273.233;272.85;13741
2015.06.18;16:00:00;275.623;273.04;274.53;273.233;14323
2015.06.18;20:00:00;275.039;274.115;274.78;274.54;6019
2015.06.19;00:00:00;274.806;273.74;274.38;274.806;3001
2015.06.19;04:00:00;275.132;274.29;275.132;274.39;2083
2015.06.19;08:00:00;276.79;275.059;276.455;275.13;9830
2015.06.19;12:00:00;276.914;276.019;276.52;276.46;10202
2015.06.19;16:00:00;276.93;275.82;276.02;276.53;9769
2015.06.19;20:00:00;276.06;275.44;275.73;276.03;4595
2015.06.22;00:00:00;275.45;274.81;275.29;274.81;2048
2015.06.22;04:00:00;275.33;274.58;274.661;275.3;2640
2015.06.22;08:00:00;275.417;273.539;274.59;274.661;7799
2015.06.22;12:00:00;274.87;273.543;273.706;274.58;8420
2015.06.22;16:00:00;273.87;272.34;273.21;273.706;9892
2015.06.22;20:00:00;274.322;273.177;273.77;273.23;1979
2015.06.23;00:00:00;274.03;273.537;274.03;273.75;2611
2015.06.23;04:00:00;275.878;273.919;275.475;274.03;2050
2015.06.23;08:00:00;276.408;273.75;274.9;275.479;8915
2015.06.23;12:00:00;278.274;274.434;278.01;274.91;8053
2015.06.23;16:00:00;278.976;276.74;277.363;278.03;7625
2015.06.23;20:00:00;277.539;276.81;277.04;277.348;2100
2015.06.24;00:00:00;277.42;276.77;277.27;277.09;2136
2015.06.24;04:00:00;277.37;276.598;277.03;277.26;3487
2015.06.24;08:00:00;277.1;275.3;276.44;277.02;8266
2015.06.24;12:00:00;277.99;276.34;277.72;276.43;10970
2015.06.24;16:00:00;278.399;277.496;277.71;277.71;9636
2015.06.24;20:00:00;277.869;276.902;277.17;277.72;3182
2015.06.25;00:00:00;277.808;276.8;277.48;277.14;2046
2015.06.25;04:00:00;277.79;277.091;277.497;277.47;1932
2015.06.25;08:00:00;278.74;277.496;278.74;277.497;6849
2015.06.25;12:00:00;280.34;277.85;278.168;278.75;8695
2015.06.25;16:00:00;279.26;278.135;278.87;278.182;6774
2015.06.25;20:00:00;279.12;278.49;278.49;278.86;2194
2015.06.26;00:00:00;279.325;278.46;279.262;278.49;786
2015.06.26;04:00:00;279.395;278.956;279.079;279.231;1229
2015.06.26;08:00:00;279.222;278.346;278.88;279.079;4491
2015.06.26;12:00:00;279.77;278.56;279.76;278.89;8700
2015.06.26;16:00:00;280.47;278.56;279.33;279.76;12675
2015.06.26;20:00:00;279.812;279.02;279.07;279.34;1910
2015.06.29;00:00:00;286.96;284.553;284.96;285.43;12627
2015.06.29;04:00:00;285.63;284.73;285.4;284.95;6718
2015.06.29;08:00:00;286.142;281.576;281.86;285.39;15652
2015.06.29;12:00:00;283.773;281.85;282.508;281.86;9490
2015.06.29;16:00:00;283.287;280.92;281.11;282.492;12413
2015.06.29;20:00:00;281.342;279.48;280.73;281.12;5652
2015.06.30;00:00:00;281.6;280.567;281.36;280.68;3502
2015.06.30;04:00:00;281.991;281.28;281.689;281.36;2060
2015.06.30;08:00:00;282.88;281.4;282.489;281.689;8345
2015.06.30;12:00:00;282.829;280.58;280.7;282.489;11141
2015.06.30;16:00:00;283.73;279.89;282.53;280.69;8850
2015.06.30;20:00:00;283.03;282.142;282.399;282.142;3326
2015.07.01;00:00:00;282.93;281.804;282.38;281.804;550
2015.07.01;04:00:00;282.971;282.42;282.788;282.45;2559
2015.07.01;08:00:00;283.732;282.118;282.168;282.788;6696
2015.07.01;12:00:00;283.64;280.59;283.24;282.15;6824
2015.07.01;16:00:00;283.87;282.35;283.125;283.25;5455
2015.07.01;20:00:00;284.031;283.09;283.698;283.112;4248
2015.07.02;00:00:00;284.139;283.505;283.813;283.711;1366
2015.07.02;04:00:00;283.846;282.986;283.1;283.797;757
2015.07.02;08:00:00;284.185;282.8;283.52;283.09;4061
2015.07.02;12:00:00;284.91;282.47;282.97;283.54;6618
2015.07.02;16:00:00;283.74;281.852;283.46;282.97;5565
2015.07.02;20:00:00;284.159;283.39;283.85;283.48;2536
2015.07.03;00:00:00;283.962;283.549;283.834;283.84;2450
2015.07.03;04:00:00;283.9;283.566;283.601;283.833;1207
2015.07.03;08:00:00;283.722;282.435;283.06;283.605;5027
2015.07.03;12:00:00;284.47;282.82;284.25;282.92;6778
2015.07.03;16:00:00;284.36;282.78;283.69;284.26;6500
2015.07.03;20:00:00;283.631;282.468;282.695;283.631;1392
2015.07.06;00:00:00;288.42;286.315;286.787;287.9;5092
2015.07.06;04:00:00;287.054;285.874;286.643;286.787;6442
2015.07.06;08:00:00;287.11;283.98;285.015;286.633;8089
2015.07.06;12:00:00;287.17;284.941;286.2;284.992;7830
2015.07.06;16:00:00;286.76;284.51;284.843;286.217;7081
2015.07.06;20:00:00;286.372;284.564;285.819;284.82;2538
2015.07.07;00:00:00;286.334;285.71;286.193;285.748;1833
2015.07.07;04:00:00;286.824;286.135;286.66;286.19;3822
2015.07.07;08:00:00;288;285.81;287.733;286.66;7455
2015.07.07;12:00:00;289.82;287.09;289.47;287.74;9758
2015.07.07;16:00:00;290.44;288.763;289.67;289.47;11665
2015.07.07;20:00:00;289.67;286.272;287.375;289.67;4553
2015.07.08;00:00:00;288.407;287.325;288.388;287.378;9340
2015.07.08;04:00:00;288.864;287.77;287.981;288.388;4747
2015.07.08;08:00:00;288.516;287.021;287.462;287.981;7678
2015.07.08;12:00:00;288.56;286.896;287.989;287.462;5706
2015.07.08;16:00:00;288.29;286.331;287.59;287.985;13175
2015.07.08;20:00:00;287.85;286.77;286.78;287.6;7198
2015.07.09;00:00:00;287.15;286.66;287.09;286.78;4153
2015.07.09;04:00:00;287.13;286.65;286.76;287.1;5935
2015.07.09;08:00:00;287.61;285.21;286.69;286.77;7445
2015.07.09;12:00:00;287.13;284.4;285.674;286.68;8729
2015.07.09;16:00:00;286.437;284.889;286.437;285.694;7645
2015.07.09;20:00:00;286.72;285.5;285.555;286.437;5433
2015.07.10;00:00:00;285.82;284.107;284.43;285.55;6019
2015.07.10;04:00:00;284.46;283.37;283.489;284.42;7827
2015.07.10;08:00:00;283.847;280.492;280.93;283.485;8060
2015.07.10;12:00:00;280.93;276.809;277.51;280.93;11767
2015.07.10;16:00:00;280.81;277.17;280.73;277.52;11698
2015.07.10;20:00:00;280.843;278.87;278.87;280.726;3570
2015.07.13;00:00:00;281.32;280.05;280.456;281.25;2764
2015.07.13;04:00:00;281.075;279.97;280.52;280.456;3817
2015.07.13;08:00:00;280.742;277.329;280.307;280.51;13908
2015.07.13;12:00:00;281.529;279.7;280.978;280.324;6318
2015.07.13;16:00:00;282.03;280.803;281.527;280.994;5958
2015.07.13;20:00:00;282.419;281.451;282.045;281.555;2741
2015.07.14;00:00:00;282.501;281.568;282.163;282.061;1474
2015.07.14;04:00:00;282.293;281.54;282.232;282.168;1612
2015.07.14;08:00:00;283.81;282.03;282.35;282.232;9296
2015.07.14;12:00:00;282.448;280.207;280.843;282.32;6895
2015.07.14;16:00:00;282.012;280.62;281.699;280.824;6245
2015.07.14;20:00:00;282.181;281.612;281.91;281.683;1937
2015.07.15;00:00:00;282.45;281.671;282.35;281.89;2700
2015.07.15;04:00:00;282.45;282.084;282.3;282.34;3245
2015.07.15;08:00:00;282.67;281.56;281.719;282.29;6348
2015.07.15;12:00:00;282.902;281.555;282.706;281.703;5889
2015.07.15;16:00:00;283.467;282.11;282.7;282.69;9175
2015.07.15;20:00:00;283.1;282.39;282.39;282.7;4467
2015.07.16;00:00:00;282.98;282.26;282.89;282.39;4567
2015.07.16;04:00:00;283.47;282.778;282.99;282.88;6319
2015.07.16;08:00:00;283.464;281.975;283.04;282.99;7460
2015.07.16;12:00:00;284.6;282.541;284.51;283.07;9278
2015.07.16;16:00:00;284.61;282.86;284.57;284.51;8696
2015.07.16;20:00:00;284.64;284.072;284.208;284.57;2751
2015.07.17;00:00:00;284.516;284.067;284.303;284.137;1226
2015.07.17;04:00:00;284.348;283.66;283.893;284.302;800
2015.07.17;08:00:00;284.75;283.055;283.344;283.896;5649
2015.07.17;12:00:00;284.209;283.18;284.02;283.344;4615
2015.07.17;16:00:00;285.1;283.664;284.441;284.04;5160
2015.07.17;20:00:00;285.291;284.439;284.98;284.47;1918
2015.07.20;00:00:00;285.438;284.757;285.213;284.99;534
2015.07.20;04:00:00;285.547;285.02;285.303;285.21;631
2015.07.20;08:00:00;285.41;284.25;284.91;285.315;4310
2015.07.20;12:00:00;285.98;284.64;284.79;284.9;4610
2015.07.20;16:00:00;285.914;284.72;285.88;284.79;4957
2015.07.20;20:00:00;286.65;285.683;286.07;285.88;2515
2015.07.21;00:00:00;286.23;285.823;286.01;286.11;3091
2015.07.21;04:00:00;286.364;285.827;286.335;286.011;7781
2015.07.21;08:00:00;286.426;284.542;284.68;286.336;6378
2015.07.21;12:00:00;285.236;282.59;282.69;284.68;6578
2015.07.21;16:00:00;283.02;280.88;280.91;282.69;12178
2015.07.21;20:00:00;281.53;280.67;281.31;280.89;4849
2015.07.22;00:00:00;281.64;281.06;281.34;281.3;5361
2015.07.22;04:00:00;281.715;280.79;281.032;281.34;5491
2015.07.22;08:00:00;282.26;280.66;281.63;281.031;7205
2015.07.22;12:00:00;282.808;280.881;282.38;281.61;5888
2015.07.22;16:00:00;283.2;282.12;282.42;282.38;8031
2015.07.22;20:00:00;282.58;281.41;281.45;282.4;3105
2015.07.23;00:00:00;281.73;281.231;281.416;281.49;3891
2015.07.23;04:00:00;281.47;280.89;281.19;281.419;3024
2015.07.23;08:00:00;281.731;280.21;280.79;281.2;7154
2015.07.23;12:00:00;282.661;280.372;282.516;280.8;6713
2015.07.23;16:00:00;283.25;281.003;282.29;282.53;8265
2015.07.23;20:00:00;282.66;281.71;282.4;282.29;2780
2015.07.24;00:00:00;282.6;282.106;282.283;282.41;2195
2015.07.24;04:00:00;282.896;282.219;282.764;282.275;2788
2015.07.24;08:00:00;283.68;282.537;283.34;282.762;7275
2015.07.24;12:00:00;284.69;283.12;284.48;283.34;6842
2015.07.24;16:00:00;284.55;283;283.3;284.49;10494
2015.07.24;20:00:00;283.66;283.06;283.52;283.3;3665
2015.07.27;00:00:00;283.75;282.95;283.33;282.98;4750
2015.07.27;04:00:00;283.46;282.67;282.94;283.33;8603
2015.07.27;08:00:00;283.324;280.19;281.17;282.94;7919
2015.07.27;12:00:00;281.41;279.684;279.93;281.17;7248
2015.07.27;16:00:00;280.1;277.789;278.724;279.923;7685
2015.07.27;20:00:00;279.55;278.616;279.33;278.698;2591
2015.07.28;00:00:00;279.677;279.066;279.354;279.33;4067
2015.07.28;04:00:00;280.05;279.31;279.74;279.341;4325
2015.07.28;08:00:00;280.23;279.18;279.819;279.75;6688
2015.07.28;12:00:00;281.09;279.392;280.796;279.819;6992
2015.07.28;16:00:00;281.01;279.33;279.59;280.796;6567
2015.07.28;20:00:00;279.85;279.25;279.39;279.6;3180
2015.07.29;00:00:00;279.45;278.98;279.01;279.38;2650
2015.07.29;04:00:00;279.582;278.734;279.48;279.01;4039
2015.07.29;08:00:00;280.49;279.39;279.58;279.48;5267
2015.07.29;12:00:00;280.74;279.063;280;279.59;4721
2015.07.29;16:00:00;280.53;279.27;279.839;279.99;6715
2015.07.29;20:00:00;281.558;278.42;281.13;279.839;7702
2015.07.30;00:00:00;282.151;280.848;281.933;280.92;3343
2015.07.30;04:00:00;282.163;281.752;281.862;281.933;8847
2015.07.30;08:00:00;282.46;279.708;281.055;281.861;6686
2015.07.30;12:00:00;282.86;280.72;281.822;281.055;8258
2015.07.30;16:00:00;283.571;281.8;282.764;281.822;8010
2015.07.30;20:00:00;283.056;282.131;282.131;282.764;2893
2015.07.31;00:00:00;282.381;281.811;282.081;282.181;5256
2015.07.31;04:00:00;282.161;281.831;281.921;282.071;3857
2015.07.31;08:00:00;283.033;281.687;282.429;281.921;4551
2015.07.31;12:00:00;282.491;277.731;278.689;282.464;6494
2015.07.31;16:00:00;279.308;277.086;279.241;278.663;8625
2015.07.31;20:00:00;279.951;278.811;279.341;279.202;4489
2015.08.03;00:00:00;280.008;279.439;279.716;279.681;1659
2015.08.03;04:00:00;279.888;279.423;279.62;279.716;2474
2015.08.03;08:00:00;280.301;279.351;280.211;279.617;5626
2015.08.03;12:00:00;281.431;280.101;280.83;280.224;6843
2015.08.03;16:00:00;281.049;279.961;280.571;280.831;6223
2015.08.03;20:00:00;280.861;280.421;280.481;280.551;2578
2015.08.04;00:00:00;280.951;280.351;280.891;280.511;1773
2015.08.04;04:00:00;280.891;280.441;280.581;280.891;2788
2015.08.04;08:00:00;280.743;279.811;280.691;280.581;6792
2015.08.04;12:00:00;281.121;280.531;280.981;280.691;5044
2015.08.04;16:00:00;282.661;280.981;282.271;280.981;6886
2015.08.04;20:00:00;284.818;282.171;284.371;282.271;5392
2015.08.05;00:00:00;284.861;284.104;284.791;284.361;3145
2015.08.05;04:00:00;285.571;284.771;285.085;284.791;2815
2015.08.05;08:00:00;285.271;284.141;285.01;285.085;6292
2015.08.05;12:00:00;285.303;282.546;283.631;285.051;6543
2015.08.05;16:00:00;285.471;283.501;284.641;283.621;7582
2015.08.05;20:00:00;284.671;283.491;283.501;284.641;4405
2015.08.06;00:00:00;283.748;282.771;283.291;283.501;2352
2015.08.06;04:00:00;283.591;283.191;283.278;283.291;2858
2015.08.06;08:00:00;285.011;282.421;285.011;283.276;5381
2015.08.06;12:00:00;285.353;283.961;285.13;285.011;7131
2015.08.06;16:00:00;285.382;284.421;284.654;285.147;6155
2015.08.06;20:00:00;284.926;284.184;284.301;284.654;3664
2015.08.07;00:00:00;284.606;284.291;284.406;284.331;2096
2015.08.07;04:00:00;284.821;284.331;284.591;284.406;2686
2015.08.07;08:00:00;285.141;283.241;284.036;284.581;5790
2015.08.07;12:00:00;286.062;282.731;286.041;284.017;8649
2015.08.07;16:00:00;286.271;282.691;283.131;286.021;11418
2015.08.07;20:00:00;283.466;282.761;283.041;283.091;2342
2015.08.10;00:00:00;283.479;282.877;283.261;282.881;2003
2015.08.10;04:00:00;283.321;282.69;282.731;283.271;2306
2015.08.10;08:00:00;283.695;282.272;283.455;282.731;4928
2015.08.10;12:00:00;284.481;283.331;284.202;283.455;6540
2015.08.10;16:00:00;284.524;281.971;282.3;284.202;8405
2015.08.10;20:00:00;282.571;281.839;282.371;282.3;3425
2015.08.11;00:00:00;282.544;282.012;282.021;282.351;1713
2015.08.11;04:00:00;283.681;282.021;283.511;282.021;6891
2015.08.11;08:00:00;283.891;281.651;282.571;283.511;9711
2015.08.11;12:00:00;283.251;281.764;282.024;282.571;7910
2015.08.11;16:00:00;283.301;281.898;283.121;282.024;11061
2015.08.11;20:00:00;283.121;281.941;281.981;283.121;3256
2015.08.12;00:00:00;282.121;281.811;282.071;281.971;2104
2015.08.12;04:00:00;282.491;281.201;281.303;282.071;3902
2015.08.12;08:00:00;281.551;279.758;280.636;281.318;10647
2015.08.12;12:00:00;280.711;278.425;279.504;280.664;6120
2015.08.12;16:00:00;279.717;277.551;278.36;279.481;7490
2015.08.12;20:00:00;278.721;278.052;278.501;278.338;3118
2015.08.13;00:00:00;278.841;278.451;278.741;278.511;1931
2015.08.13;04:00:00;279.331;277.891;279.191;278.741;5312
2015.08.13;08:00:00;280.244;278.851;279.521;279.201;5789
2015.08.13;12:00:00;280.13;278.984;279.401;279.521;5739
2015.08.13;16:00:00;279.591;277.841;278.001;279.419;7808
2015.08.13;20:00:00;278.271;277.261;277.591;278.011;3036
2015.08.14;00:00:00;277.661;277.331;277.361;277.601;1409
2015.08.14;04:00:00;277.941;277.381;277.481;277.381;2036
2015.08.14;08:00:00;278.459;277.471;278.112;277.471;5963
2015.08.14;12:00:00;278.608;277.298;278.211;278.121;6787
2015.08.14;16:00:00;279.785;278.034;278.771;278.221;7180
2015.08.14;20:00:00;279.691;278.771;279.271;278.771;2421
2015.08.17;00:00:00;279.934;278.581;279.86;278.827;1556
2015.08.17;04:00:00;280.246;279.665;280.02;279.891;3518
2015.08.17;08:00:00;280.844;279.241;279.431;280.02;4596
2015.08.17;12:00:00;279.625;278.316;278.544;279.411;5448
2015.08.17;16:00:00;279.361;277.797;278.971;278.544;8109
2015.08.17;20:00:00;279.111;278.721;278.821;278.981;3160
2015.08.18;00:00:00;279.075;278.731;279.051;278.851;1265
2015.08.18;04:00:00;279.548;278.761;279.47;279.041;7202
2015.08.18;08:00:00;279.565;278.61;278.751;279.466;4451
2015.08.18;12:00:00;279.927;278.33;279.754;278.753;5091
2015.08.18;16:00:00;280.191;279.402;280.081;279.775;6056
2015.08.18;20:00:00;280.431;279.941;280.081;280.081;1736
2015.08.19;00:00:00;280.211;279.864;279.898;279.891;1011
2015.08.19;04:00:00;279.941;279.521;279.641;279.893;1642
2015.08.19;08:00:00;279.661;279.088;279.579;279.631;4592
2015.08.19;12:00:00;281.031;279.136;280.631;279.591;7500
2015.08.19;16:00:00;281.041;280.005;280.362;280.621;8543
2015.08.19;20:00:00;280.801;278.501;278.881;280.362;9344
2015.08.20;00:00:00;278.931;277.881;278.081;278.911;2251
2015.08.20;04:00:00;278.461;277.981;278.201;278.071;2803
2015.08.20;08:00:00;281.275;278.181;280.741;278.191;8137
2015.08.20;12:00:00;280.981;278.381;279.151;280.741;6672
2015.08.20;16:00:00;279.836;277.531;277.981;279.151;11247
2015.08.20;20:00:00;278.471;277.213;277.251;277.971;5171
2015.08.21;00:00:00;277.654;277.171;277.459;277.261;3449
2015.08.21;04:00:00;277.551;276.676;276.991;277.442;6769
2015.08.21;08:00:00;278.111;275.759;277.441;276.991;6438
2015.08.21;12:00:00;278.361;276.711;278.231;277.401;7388
2015.08.21;16:00:00;278.231;274.801;276.173;278.231;12098
2015.08.21;20:00:00;277.679;275.801;275.871;276.177;6057
2015.08.24;00:00:00;276.299;274.093;275.994;275.411;1179
2015.08.24;04:00:00;276.539;274.071;275.051;275.994;10679
2015.08.24;08:00:00;276.151;273.289;274.171;275.061;10240
2015.08.24;12:00:00;274.428;272.511;272.981;274.171;12939
2015.08.24;16:00:00;273.001;269.211;270.691;272.991;20142
2015.08.24;20:00:00;270.903;268.557;268.831;270.691;9149
2015.08.25;00:00:00;270.643;268.49;270.241;268.586;1311
2015.08.25;04:00:00;270.893;269.422;270.267;270.278;1033
2015.08.25;08:00:00;271.361;269.377;270.591;270.263;6869
2015.08.25;12:00:00;272.121;270.391;272.036;270.561;9539
2015.08.25;16:00:00;276.011;271.605;275.065;272.041;16131
2015.08.25;20:00:00;275.263;272.271;272.271;275.087;5195
2015.08.26;00:00:00;272.771;271.352;272.351;272.131;2498
2015.08.26;04:00:00;273.091;271.951;273.071;272.361;3774
2015.08.26;08:00:00;274.423;272.981;274.321;273.061;8930
2015.08.26;12:00:00;277.721;274.121;277.541;274.321;12812
2015.08.26;16:00:00;278.401;276.371;277.881;277.551;12579
2015.08.26;20:00:00;279.461;277.761;278.691;277.901;4855
2015.08.27;00:00:00;278.94;278.231;278.815;278.361;1456
2015.08.27;04:00:00;279.048;278.236;278.361;278.804;2281
2015.08.27;08:00:00;278.731;277.125;277.951;278.361;5305
2015.08.27;12:00:00;280.082;277.581;279.94;277.941;6518
2015.08.27;16:00:00;280.541;278.831;279.573;279.94;6506
2015.08.27;20:00:00;280.241;278.68;279.291;279.598;2249
2015.08.28;00:00:00;279.778;279.131;279.691;279.205;1578
2015.08.28;04:00:00;280.341;279.519;280.261;279.691;2678
2015.08.28;08:00:00;280.361;278.491;278.821;280.261;5005
2015.08.28;12:00:00;279.581;278.321;279.531;278.811;4686
2015.08.28;16:00:00;281.071;279.078;280.311;279.511;7512
2015.08.28;20:00:00;280.961;279.931;280.311;280.311;4178
2015.08.31;00:00:00;280.801;279.283;279.509;280.161;904
2015.08.31;04:00:00;279.678;278.588;278.812;279.391;1206
2015.08.31;08:00:00;280.811;278.55;280.436;278.793;3387
2015.08.31;12:00:00;280.697;279.961;280.333;280.331;4545
2015.08.31;16:00:00;280.471;278.971;279.881;280.333;7061
2015.08.31;20:00:00;279.891;278.805;279.141;279.891;5730
2015.09.01;00:00:00;279.531;278.631;278.803;279.061;456
2015.09.01;04:00:00;278.881;278.07;278.243;278.771;8313
2015.09.01;08:00:00;279.041;277.121;278.781;278.243;6944
2015.09.01;12:00:00;279.831;278.411;279.026;278.821;7689
2015.09.01;16:00:00;280.205;278.706;279.303;279.032;7532
2015.09.01;20:00:00;279.357;277.321;277.321;279.33;3365
2015.09.02;00:00:00;278.862;277.264;278.816;277.36;634
2015.09.02;04:00:00;279.121;278.467;278.781;278.803;2211
2015.09.02;08:00:00;280.281;278.631;278.921;278.811;5068
2015.09.02;12:00:00;279.454;278.284;278.851;278.911;5513
2015.09.02;16:00:00;279.577;278.501;278.821;278.858;7141
2015.09.02;20:00:00;279.147;278.261;278.739;278.811;2335
2015.09.03;00:00:00;279.594;278.608;279.373;278.75;482
2015.09.03;04:00:00;279.341;278.891;279.157;279.341;910
2015.09.03;08:00:00;279.811;278.681;279.511;279.153;4201
2015.09.03;12:00:00;281.451;279.201;280.868;279.501;8639
2015.09.03;16:00:00;281.501;280.105;281.001;280.868;7068
2015.09.03;20:00:00;281.241;280.431;280.821;281.011;3697
2015.09.04;00:00:00;281.04;280.576;280.661;280.731;1546
2015.09.04;04:00:00;281.291;280.595;281.291;280.661;2609
2015.09.04;08:00:00;281.661;280.631;281.181;281.271;4026
2015.09.04;12:00:00;282.611;278.621;281.971;281.181;7260
2015.09.04;16:00:00;282.731;281.033;281.791;281.951;6184
2015.09.04;20:00:00;281.881;280.682;280.761;281.817;1492
2015.09.07;00:00:00;281.514;280.604;280.791;280.651;2830
2015.09.07;04:00:00;281.361;280.711;281.331;280.781;3988
2015.09.07;08:00:00;281.982;280.791;281.381;281.331;5807
2015.09.07;12:00:00;282.131;281.271;281.861;281.391;7010
2015.09.07;16:00:00;281.871;281.376;281.481;281.861;3680
2015.09.07;20:00:00;281.551;280.921;280.961;281.481;1011
2015.09.08;00:00:00;281.491;280.911;281.142;280.961;2327
2015.09.08;04:00:00;281.285;279.822;280.041;281.142;5867
2015.09.08;08:00:00;281.321;279.711;280.951;280.051;8141
2015.09.08;12:00:00;281.711;280.841;281.271;280.961;7680
2015.09.08;16:00:00;281.331;279.851;280.411;281.271;6698
2015.09.08;20:00:00;280.711;279.371;279.601;280.411;4672
2015.09.09;00:00:00;280.141;279.291;280.001;279.611;2587
2015.09.09;04:00:00;280.701;279.661;280.521;280.001;3411
2015.09.09;08:00:00;280.871;279.451;279.721;280.531;6182
2015.09.09;12:00:00;281.239;279.231;281.23;279.638;5762
2015.09.09;16:00:00;282.431;280.911;281.621;281.205;6988
2015.09.09;20:00:00;281.813;280.691;280.751;281.649;5767
2015.09.10;00:00:00;280.858;279.951;280.281;280.761;6307
2015.09.10;04:00:00;281.011;280.111;280.551;280.271;6376
2015.09.10;08:00:00;281.081;279.711;280.711;280.561;7397
2015.09.10;12:00:00;281.499;280.348;280.786;280.701;5098
2015.09.10;16:00:00;281.252;279.533;280.041;280.759;9108
2015.09.10;20:00:00;280.041;279.081;279.081;280.041;2210
2015.09.11;00:00:00;279.361;278.711;279.221;279.071;4273
2015.09.11;04:00:00;279.311;279.011;279.011;279.231;2760
2015.09.11;08:00:00;279.718;278.711;279.151;279.021;6727
2015.09.11;12:00:00;280.061;278.853;278.984;279.144;6534
2015.09.11;16:00:00;279.101;275.783;275.866;278.981;8008
2015.09.11;20:00:00;276.251;275.581;275.581;275.861;1823
2015.09.14;00:00:00;276.114;275.431;275.841;276.081;3290
2015.09.14;04:00:00;276.051;275.751;276.021;275.841;3936
2015.09.14;08:00:00;276.911;275.416;276.321;276.011;11115
2015.09.14;12:00:00;277.133;276.141;276.914;276.331;7696
2015.09.14;16:00:00;277.509;276.503;276.671;276.914;8854
2015.09.14;20:00:00;276.951;276.357;276.751;276.671;3926
2015.09.15;00:00:00;277.101;276.446;276.991;276.761;4125
2015.09.15;04:00:00;277.041;276.611;276.941;276.981;4408
2015.09.15;08:00:00;277.701;275.841;276.601;276.941;10417
2015.09.15;12:00:00;276.701;275.561;276.111;276.591;10033
2015.09.15;16:00:00;277.181;275.781;276.631;276.121;11866
2015.09.15;20:00:00;277.231;276.541;276.691;276.641;6020
2015.09.16;00:00:00;276.941;276.595;276.651;276.661;2629
2015.09.16;04:00:00;276.651;276.131;276.231;276.641;3789
2015.09.16;08:00:00;277.441;276.231;276.951;276.241;8981
2015.09.16;12:00:00;277.871;276.361;276.521;276.951;10668
2015.09.16;16:00:00;276.551;275.061;275.641;276.511;11035
2015.09.16;20:00:00;276.531;275.536;275.691;275.636;5325
2015.09.17;00:00:00;276.121;275.65;276.081;275.691;3769
2015.09.17;04:00:00;276.171;275.57;276.111;276.071;5060
2015.09.17;08:00:00;276.511;275.201;275.231;276.111;8899
2015.09.17;12:00:00;275.631;274.271;274.573;275.241;7917
2015.09.17;16:00:00;275.231;274.011;274.757;274.573;8988
2015.09.17;20:00:00;274.813;270.821;270.871;274.757;23749
2015.09.18;00:00:00;271.871;270.771;271.591;270.771;5538
2015.09.18;04:00:00;271.851;271.381;271.591;271.591;4865
2015.09.18;08:00:00;272.381;270.421;270.551;271.601;11278
2015.09.18;12:00:00;271.511;270.111;271.031;270.551;13203
2015.09.18;16:00:00;273.712;270.805;273.441;271.021;12388
2015.09.18;20:00:00;275.691;273.031;274.801;273.435;13067
2015.09.21;00:00:00;275.551;274.641;275.101;274.771;16620
2015.09.21;04:00:00;275.211;274.441;274.891;275.101;3906
2015.09.21;08:00:00;275.461;273.591;274.431;274.891;11038
2015.09.21;12:00:00;276.191;273.961;275.811;274.441;10596
2015.09.21;16:00:00;277.585;275.551;276.631;275.811;12711
2015.09.21;20:00:00;277.241;276.621;277.191;276.641;4419
2015.09.22;00:00:00;277.651;277.025;277.531;277.201;3288
2015.09.22;04:00:00;277.581;277.281;277.471;277.531;3089
2015.09.22;08:00:00;278.041;276.511;276.931;277.461;10674
2015.09.22;12:00:00;278.491;276.688;278.251;276.921;12035
2015.09.22;16:00:00;280.221;278.241;279.801;278.261;13447
2015.09.22;20:00:00;279.919;279.241;279.691;279.816;2497
2015.09.23;00:00:00;280.111;279.301;280.061;279.711;2799
2015.09.23;04:00:00;280.121;279.171;279.401;280.051;3902
2015.09.23;08:00:00;280.221;278.361;278.911;279.401;9883
2015.09.23;12:00:00;279.407;278.084;279.261;278.903;11532
2015.09.23;16:00:00;279.667;278.306;278.976;279.271;15341
2015.09.23;20:00:00;279.331;278.251;279.151;279.013;7205
2015.09.24;00:00:00;279.251;278.681;279.131;279.131;3595
2015.09.24;04:00:00;279.501;278.531;278.821;279.141;10560
2015.09.24;08:00:00;279.741;277.966;279.241;278.831;13963
2015.09.24;12:00:00;280.051;277.94;279.861;279.251;15860
2015.09.24;16:00:00;280.351;278.691;279.361;279.861;17074
2015.09.24;20:00:00;280.221;279.271;279.421;279.371;7899
2015.09.25;00:00:00;281.451;278.835;281.331;279.401;7168
2015.09.25;04:00:00;281.461;281.031;281.391;281.321;5280
2015.09.25;08:00:00;281.901;280.671;281.611;281.391;11806
2015.09.25;12:00:00;283.651;281.361;282.511;281.601;12350
2015.09.25;16:00:00;282.611;280.761;281.171;282.531;17103
2015.09.25;20:00:00;281.88;280.705;281.101;281.161;11867
2015.09.28;00:00:00;281.001;280.198;280.871;280.831;2846
2015.09.28;04:00:00;281.481;280.781;281.391;280.871;3664
2015.09.28;08:00:00;282.031;280.691;281.681;281.391;10957
2015.09.28;12:00:00;282.744;281.441;282.291;281.671;12668
2015.09.28;16:00:00;282.441;279.782;280.384;282.291;15869
2015.09.28;20:00:00;280.671;280.021;280.021;280.384;6050
2015.09.29;00:00:00;280.111;279.151;279.791;280.041;4070
2015.09.29;04:00:00;280.011;279.281;279.981;279.801;4617
2015.09.29;08:00:00;280.311;279.145;279.951;279.971;14678
2015.09.29;12:00:00;280.531;279.161;280.399;279.951;12719
2015.09.29;16:00:00;280.681;278.32;278.431;280.399;18568
2015.09.29;20:00:00;279.141;278.376;278.701;278.431;6776
2015.09.30;00:00:00;278.781;278.431;278.781;278.711;2775
2015.09.30;04:00:00;279.111;278.591;278.771;278.771;4473
2015.09.30;08:00:00;279.481;278.731;278.823;278.761;10395
2015.09.30;12:00:00;280.206;278.731;280.031;278.855;10515
2015.09.30;16:00:00;280.871;279.911;280.391;280.021;17165
2015.09.30;20:00:00;280.731;280.011;280.171;280.391;6055
2015.10.01;00:00:00;280.531;279.951;280.411;280.201;2562
2015.10.01;04:00:00;280.861;280.301;280.731;280.411;4555
2015.10.01;08:00:00;281.141;280.045;280.491;280.721;9981
2015.10.01;12:00:00;280.691;280.002;280.185;280.481;11870
2015.10.01;16:00:00;280.185;278.761;279.181;280.185;13906
2015.10.01;20:00:00;279.691;279.079;279.261;279.181;5552
2015.10.02;00:00:00;279.511;278.881;279.271;279.191;2452
2015.10.02;04:00:00;279.631;278.941;279.621;279.281;4182
2015.10.02;08:00:00;280.373;279.434;280.171;279.631;7968
2015.10.02;12:00:00;280.651;276.841;277.621;280.171;12833
2015.10.02;16:00:00;278.053;276.081;277.212;277.621;21470
2015.10.02;20:00:00;278.361;277.133;277.751;277.212;9290
2015.10.05;00:00:00;277.971;277.451;277.871;277.551;5088
2015.10.05;04:00:00;277.941;277.041;277.291;277.861;4255
2015.10.05;08:00:00;277.581;276.061;276.982;277.301;11272
2015.10.05;12:00:00;278.262;276.251;278.191;277.004;11998
2015.10.05;16:00:00;279.441;277.351;279.171;278.191;12957
2015.10.05;20:00:00;279.421;278.972;279.141;279.181;4091
2015.10.06;00:00:00;279.271;278.701;278.871;279.111;2460
2015.10.06;04:00:00;279.311;278.761;279.141;278.861;3894
2015.10.06;08:00:00;279.297;278.491;278.591;279.141;9802
2015.10.06;12:00:00;279.801;278.491;279.691;278.591;9592
2015.10.06;16:00:00;279.701;276.101;276.341;279.691;13962
2015.10.06;20:00:00;276.483;275.012;275.031;276.341;7492
2015.10.07;00:00:00;276.271;275.165;276.151;275.591;3545
2015.10.07;04:00:00;276.411;275.891;276.381;276.171;7756
2015.10.07;08:00:00;277.561;276.371;277.021;276.371;10900
2015.10.07;12:00:00;277.521;276.449;276.741;277.011;12055
2015.10.07;16:00:00;278.101;276.527;277.441;276.698;14217
2015.10.07;20:00:00;277.931;277.351;277.861;277.431;7250
2015.10.08;00:00:00;278.001;277.633;277.901;277.841;3050
2015.10.08;04:00:00;277.911;277.451;277.541;277.891;10638
2015.10.08;08:00:00;277.771;276.221;276.861;277.541;9530
2015.10.08;12:00:00;277.831;276.153;277.221;276.871;13065
2015.10.08;16:00:00;277.48;275.691;276.271;277.201;13742
2015.10.08;20:00:00;276.701;275.181;276.191;276.261;9172
2015.10.09;00:00:00;276.191;275.511;275.951;276.171;2783
2015.10.09;04:00:00;276.281;275.684;275.841;275.941;3321
2015.10.09;08:00:00;276.171;273.971;274.577;275.841;11653
2015.10.09;12:00:00;274.841;273.483;273.561;274.577;12563
2015.10.09;16:00:00;274.661;273.349;273.541;273.561;12435
2015.10.09;20:00:00;274.331;273.471;274.051;273.531;4101
2015.10.12;00:00:00;274.131;273.093;273.651;273.093;2231
2015.10.12;04:00:00;273.891;273.256;273.801;273.631;1953
2015.10.12;08:00:00;273.922;272.991;273.111;273.801;5248
2015.10.12;12:00:00;273.591;272.419;272.471;273.101;7711
2015.10.12;16:00:00;272.971;272.17;272.581;272.461;7262
2015.10.12;20:00:00;272.981;272.291;272.831;272.571;2823
2015.10.13;00:00:00;273.071;272.41;273.011;272.821;2018
2015.10.13;04:00:00;273.091;272.481;272.721;273.011;2557
2015.10.13;08:00:00;273.491;272.221;273.371;272.711;9394
2015.10.13;12:00:00;274.071;273.121;273.731;273.381;10912
2015.10.13;16:00:00;273.981;272.7;272.881;273.731;12446
2015.10.13;20:00:00;273.761;272.751;273.481;272.891;4191
2015.10.14;00:00:00;273.741;272.921;273.261;273.481;1918
2015.10.14;04:00:00;273.511;272.955;273.391;273.251;2955
2015.10.14;08:00:00;273.391;272.201;272.791;273.391;9432
2015.10.14;12:00:00;272.955;270.941;271.151;272.791;11868
2015.10.14;16:00:00;271.741;270.431;270.46;271.151;12892
2015.10.14;20:00:00;270.561;269.551;269.911;270.453;4747
2015.10.15;00:00:00;270.051;269.461;270.011;269.911;3020
2015.10.15;04:00:00;270.131;269.48;269.561;270.021;3703
2015.10.15;08:00:00;271.046;269.151;270.931;269.561;10335
2015.10.15;12:00:00;271.45;269.785;271.201;270.961;13393
2015.10.15;16:00:00;271.751;270.832;271.062;271.201;14076
2015.10.15;20:00:00;272.036;270.921;271.111;271.062;5293
2015.10.16;00:00:00;272.441;270.491;272.271;271.141;3071
2015.10.16;04:00:00;272.391;271.841;271.931;272.271;3710
2015.10.16;08:00:00;272.051;271.121;272.031;271.941;8743
2015.10.16;12:00:00;273.041;271.871;272.031;272.031;9696
2015.10.16;16:00:00;272.791;271.18;272.391;272.041;12549
2015.10.16;20:00:00;273.151;272.101;273.041;272.383;4128
2015.10.19;00:00:00;272.655;271.675;271.917;271.714;1393
2015.10.19;04:00:00;272.951;271.783;272.722;271.909;3896
2015.10.19;08:00:00;272.722;271.686;272.101;272.722;8598
2015.10.19;12:00:00;273.501;272.081;272.944;272.101;10574
2015.10.19;16:00:00;274.441;272.801;273.811;272.944;10274
2015.10.19;20:00:00;273.831;273.441;273.501;273.811;4139
2015.10.20;00:00:00;273.641;273.102;273.431;273.491;1894
2015.10.20;04:00:00;273.511;273.222;273.431;273.431;1727
2015.10.20;08:00:00;273.781;273.131;273.351;273.431;7659
2015.10.20;12:00:00;273.421;272.388;273.221;273.351;8935
2015.10.20;16:00:00;273.971;273.067;273.621;273.221;10026
2015.10.20;20:00:00;273.821;273.294;273.431;273.631;4220
2015.10.21;00:00:00;273.411;272.861;272.971;273.411;1874
2015.10.21;04:00:00;273.111;272.821;272.961;272.971;2150
2015.10.21;08:00:00;274.441;272.921;273.916;272.991;8303
2015.10.21;12:00:00;274.521;273.811;274.481;273.935;9076
2015.10.21;16:00:00;275.071;274.261;274.601;274.481;8317
2015.10.21;20:00:00;274.957;274.373;274.631;274.594;4071
2015.10.22;00:00:00;274.811;274.255;274.706;274.641;1626
2015.10.22;04:00:00;274.731;274.331;274.721;274.696;3261
2015.10.22;08:00:00;275.751;274.281;275.221;274.721;7993
2015.10.22;12:00:00;277.771;274.561;277.301;275.231;12995
2015.10.22;16:00:00;279.141;276.732;278.477;277.301;16943
2015.10.22;20:00:00;279.261;278.402;279.171;278.477;5759
2015.10.23;00:00:00;280.051;278.84;279.481;279.171;5086
2015.10.23;04:00:00;279.481;278.781;279.021;279.481;4206
2015.10.23;08:00:00;279.341;277.441;277.721;279.021;9422
2015.10.23;12:00:00;280.991;277.411;280.521;277.721;13073
2015.10.23;16:00:00;283.381;280.481;283.091;280.511;15048
2015.10.23;20:00:00;283.601;282.481;283.091;283.101;4592
2015.10.25;23:00:00;282.651;282.491;282.501;282.601;60
2015.10.26;00:00:00;282.921;282.141;282.671;282.511;4189
2015.10.26;04:00:00;282.731;282.281;282.571;282.651;3221
2015.10.26;08:00:00;282.731;280.841;281.761;282.571;8616
2015.10.26;12:00:00;282.111;280.741;281.661;281.751;9712
2015.10.26;16:00:00;282.066;280.991;281.781;281.671;12147
2015.10.26;20:00:00;282.141;281.403;281.581;281.781;3489
2015.10.27;00:00:00;282.021;281.421;282.011;281.611;2345
2015.10.27;04:00:00;282.031;281.272;281.661;282.001;2934
2015.10.27;08:00:00;282.351;281.321;282.301;281.671;7807
2015.10.27;12:00:00;282.981;281.745;282.451;282.301;11278
2015.10.27;16:00:00;283.109;281.805;282.263;282.451;10669
2015.10.27;20:00:00;282.347;281.491;281.871;282.263;3954
2015.10.28;00:00:00;282.371;281.811;282.221;281.841;4854
2015.10.28;04:00:00;282.341;281.991;282.161;282.241;3353
2015.10.28;08:00:00;282.501;281.591;282.271;282.171;6833
2015.10.28;12:00:00;282.411;281.081;281.544;282.251;10441
2015.10.28;16:00:00;281.901;280.961;281.181;281.531;10933
2015.10.28;20:00:00;286.362;281.201;284.691;281.561;14453
2015.10.29;00:00:00;285.361;284.551;284.991;284.701;6253
2015.10.29;04:00:00;284.991;284.511;284.621;284.991;3759
2015.10.29;08:00:00;285.211;283.461;283.611;284.611;10473
2015.10.29;12:00:00;285.141;283.411;283.961;283.611;13920
2015.10.29;16:00:00;284.131;282.539;282.77;283.971;11612
2015.10.29;20:00:00;283.208;282.211;282.451;282.742;3408
2015.10.30;00:00:00;282.771;282.091;282.601;282.441;3749
2015.10.30;04:00:00;282.911;282.141;282.701;282.591;7593
2015.10.30;08:00:00;282.751;280.798;281.301;282.701;10868
2015.10.30;12:00:00;281.711;280.691;280.691;281.331;12456
2015.10.30;16:00:00;281.911;280.171;281.555;280.681;13044
2015.10.30;20:00:00;282.591;281.561;282.071;281.561;5167
2015.11.02;00:00:00;281.871;281.098;281.561;281.191;3746
2015.11.02;04:00:00;281.841;281.361;281.611;281.571;2560
2015.11.02;08:00:00;282.861;280.997;282.853;281.611;8804
2015.11.02;12:00:00;283.341;282.451;282.592;282.853;9841
2015.11.02;16:00:00;283.906;282.601;283.771;282.615;8913
2015.11.02;20:00:00;284.081;283.421;283.841;283.761;2862
2015.11.03;00:00:00;284.051;283.398;283.911;283.851;1660
2015.11.03;04:00:00;283.901;283.555;283.741;283.901;1875
2015.11.03;08:00:00;285.501;283.511;285.361;283.741;8199
2015.11.03;12:00:00;286.148;285.181;285.951;285.361;10456
2015.11.03;16:00:00;286.896;285.791;285.921;285.961;12289
2015.11.03;20:00:00;286.251;285.221;285.301;285.931;5588
2015.11.04;00:00:00;285.791;284.932;285.731;285.321;3346
2015.11.04;04:00:00;285.971;285.451;285.461;285.721;2741
2015.11.04;08:00:00;288.031;285.461;288.031;285.461;10562
2015.11.04;12:00:00;288.641;287.461;288.501;288.051;10371
2015.11.04;16:00:00;289.911;288.271;289.181;288.491;17004
2015.11.04;20:00:00;289.508;288.966;289.091;289.191;3975
2015.11.05;00:00:00;289.271;288.861;288.941;289.081;3017
2015.11.05;04:00:00;289.091;288.691;288.811;288.931;2523
2015.11.05;08:00:00;289.801;288.491;289.151;288.871;10494
2015.11.05;12:00:00;289.681;287.933;288.471;289.141;12311
2015.11.05;16:00:00;289.231;287.921;288.595;288.481;12456
2015.11.05;20:00:00;288.611;287.823;288.001;288.595;4377
2015.11.06;00:00:00;288.131;287.781;287.921;288.021;2138
2015.11.06;04:00:00;288.291;287.627;288.141;287.911;2601
2015.11.06;08:00:00;289.141;287.881;289.021;288.131;7648
2015.11.06;12:00:00;293.451;288.441;292.531;289.031;12523
2015.11.06;16:00:00;294.001;292.531;293.181;292.541;18983
2015.11.06;20:00:00;293.631;292.041;292.091;293.181;4569
2015.11.09;00:00:00;293.015;291.788;292.271;291.788;2338
2015.11.09;04:00:00;292.326;291.662;291.829;292.266;3300
2015.11.09;08:00:00;292.911;291.441;292.421;291.829;9468
2015.11.09;12:00:00;292.677;291.361;292.501;292.391;11652
2015.11.09;16:00:00;293.141;290.701;291.221;292.501;14263
2015.11.09;20:00:00;291.679;290.986;291.401;291.221;4275
2015.11.10;00:00:00;291.511;291.111;291.456;291.401;2933
2015.11.10;04:00:00;291.881;291.271;291.677;291.456;2302
2015.11.10;08:00:00;292.121;290.981;291.744;291.677;9689
2015.11.10;12:00:00;292.854;291.521;291.991;291.744;11738
2015.11.10;16:00:00;292.621;291.41;291.691;291.991;12925
2015.11.10;20:00:00;291.931;291.071;291.331;291.701;6754
2015.11.11;00:00:00;291.541;290.741;290.741;291.341;3954
2015.11.11;04:00:00;290.731;289.371;289.651;290.721;5369
2015.11.11;08:00:00;290.881;289.621;290.101;289.641;8199
2015.11.11;12:00:00;291.191;289.937;289.941;290.101;7767
2015.11.11;16:00:00;291.171;289.741;290.221;289.937;11765
2015.11.11;20:00:00;290.381;289.751;290.001;290.221;3746
2015.11.12;00:00:00;290.051;289.111;289.311;290.011;4366
2015.11.12;04:00:00;289.691;289.231;289.511;289.311;3656
2015.11.12;08:00:00;291.861;289.481;291.171;289.501;10799
2015.11.12;12:00:00;291.261;290.407;290.931;291.181;10791
2015.11.12;16:00:00;291.171;288.739;289.491;290.941;17051
2015.11.12;20:00:00;289.871;288.281;288.961;289.501;7603
2015.11.13;00:00:00;289.601;288.731;289.601;288.961;4509
2015.11.13;04:00:00;289.751;289.261;289.691;289.591;3191
2015.11.13;08:00:00;290.681;289.311;290.161;289.701;9152
2015.11.13;12:00:00;290.351;288.861;290.271;290.181;15202
2015.11.13;16:00:00;290.741;289.811;290.261;290.271;13593
2015.11.13;20:00:00;290.411;288.841;288.911;290.271;5866
2015.11.16;00:00:00;291.218;288.824;290.466;288.824;6236
2015.11.16;04:00:00;290.492;290.071;290.111;290.492;2619
2015.11.16;08:00:00;290.901;289.356;290.601;290.112;9799
2015.11.16;12:00:00;290.801;289.981;290.521;290.621;8648
2015.11.16;16:00:00;291.801;290.391;291.721;290.531;13163
2015.11.16;20:00:00;292.201;291.501;291.621;291.711;4959
2015.11.17;00:00:00;292.431;291.391;292.301;291.621;3590
2015.11.17;04:00:00;292.621;291.974;292.451;292.311;3040
2015.11.17;08:00:00;293.061;292.171;292.441;292.461;9571
2015.11.17;12:00:00;292.801;291.811;292.051;292.451;9619
2015.11.17;16:00:00;292.647;291.602;292.047;292.061;11810
2015.11.17;20:00:00;292.391;291.801;292.061;292.047;6424
2015.11.18;00:00:00;292.271;291.889;292.131;292.071;2610
2015.11.18;04:00:00;292.241;291.701;291.731;292.141;2830
2015.11.18;08:00:00;292.121;290.851;291.141;291.721;8022
2015.11.18;12:00:00;291.723;290.851;291.221;291.141;8508
2015.11.18;16:00:00;292.031;291.111;291.795;291.242;9012
2015.11.18;20:00:00;292.281;290.791;290.931;291.761;7830
2015.11.19;00:00:00;291.171;289.401;289.821;290.941;4320
2015.11.19;04:00:00;290.171;289.541;289.771;289.821;5642
2015.11.19;08:00:00;290.911;289.571;289.901;289.781;8233
2015.11.19;12:00:00;290.964;289.161;290.132;289.901;12100
2015.11.19;16:00:00;290.221;288.371;289.281;290.132;15252
2015.11.19;20:00:00;289.411;288.631;288.711;289.271;4030
2015.11.20;00:00:00;289.391;288.571;289.181;288.711;2548
2015.11.20;04:00:00;289.361;288.931;288.991;289.181;3186
2015.11.20;08:00:00;290.561;288.861;289.561;289.051;10320
2015.11.20;12:00:00;290.171;288.455;290.081;289.561;9628
2015.11.20;16:00:00;291.881;289.721;291.451;290.091;11917
2015.11.20;20:00:00;291.911;291.241;291.711;291.461;5032
2015.11.23;00:00:00;292.791;291.722;292.701;291.941;3678
2015.11.23;04:00:00;293.031;292.361;292.551;292.711;4528
2015.11.23;08:00:00;292.881;291.489;292.021;292.541;9722
2015.11.23;12:00:00;292.831;291.971;291.981;292.031;9091
2015.11.23;16:00:00;294.144;291.924;293.611;291.996;13529
2015.11.23;20:00:00;293.891;292.941;292.971;293.621;4655
2015.11.24;00:00:00;293.151;292.721;292.831;292.981;3267
2015.11.24;04:00:00;293.421;292.721;293.091;292.841;2768
2015.11.24;08:00:00;293.481;292.191;292.901;293.071;9061
2015.11.24;12:00:00;293.151;292.36;292.551;292.891;10855
2015.11.24;16:00:00;293.501;292.301;293.061;292.561;11998
2015.11.24;20:00:00;293.281;292.515;293.081;293.061;6328
2015.11.25;00:00:00;293.151;292.441;292.541;293.091;3477
2015.11.25;04:00:00;292.761;292.111;292.521;292.541;4654
2015.11.25;08:00:00;293.981;292.042;293.931;292.511;11576
2015.11.25;12:00:00;295.231;293.731;294.831;293.951;14788
2015.11.25;16:00:00;295.311;293.221;293.771;294.821;14027
2015.11.25;20:00:00;294.061;293.531;293.541;293.761;4617
2015.11.26;00:00:00;293.851;293.459;293.681;293.551;3100
2015.11.26;04:00:00;293.851;293.531;293.691;293.691;2995
2015.11.26;08:00:00;294.609;293.591;294.381;293.701;6111
2015.11.26;12:00:00;294.491;293.941;293.964;294.381;5936
2015.11.26;16:00:00;294.321;293.745;293.921;293.971;4763
2015.11.26;20:00:00;294.211;293.884;293.961;293.921;2492
2015.11.27;00:00:00;294.411;293.911;294.011;293.981;3060
2015.11.27;04:00:00;294.061;293.674;293.871;294.001;3712
2015.11.27;08:00:00;294.446;293.171;294.408;293.871;9214
2015.11.27;12:00:00;295.271;294.331;295.121;294.43;8756
2015.11.27;16:00:00;295.551;293.951;294.141;295.131;8378
2015.11.27;20:00:00;294.371;293.891;294.121;294.131;2537
2015.11.30;00:00:00;294.811;294.019;294.571;294.091;3219
2015.11.30;04:00:00;294.671;294.133;294.501;294.581;2187
2015.11.30;08:00:00;294.701;294.041;294.221;294.491;7052
2015.11.30;12:00:00;294.791;294.121;294.481;294.211;8274
2015.11.30;16:00:00;294.531;293.551;294.141;294.481;10970
2015.11.30;20:00:00;294.161;293.731;293.871;294.141;4240
2015.12.01;00:00:00;294.031;293.571;293.671;293.881;2910
2015.12.01;04:00:00;293.871;293.151;293.581;293.681;5891
2015.12.01;08:00:00;293.681;292.341;292.891;293.581;8467
2015.12.01;12:00:00;293.281;292.531;292.851;292.881;7208
2015.12.01;16:00:00;294.071;292.061;293.641;292.861;11760
2015.12.01;20:00:00;293.901;293.241;293.681;293.641;4392
2015.12.02;00:00:00;294.101;293.511;294.091;293.691;2789
2015.12.02;04:00:00;294.371;293.911;294.361;294.081;2399
2015.12.02;08:00:00;294.471;293.32;293.675;294.371;7027
2015.12.02;12:00:00;294.571;292.841;293.921;293.722;10286
2015.12.02;16:00:00;294.541;292.812;293.107;293.931;12362
2015.12.02;20:00:00;293.218;292.031;292.051;293.107;6728
2015.12.03;00:00:00;292.391;291.971;292.371;292.061;2524
2015.12.03;04:00:00;292.741;292.351;292.741;292.371;3022
2015.12.03;08:00:00;293.701;292.601;293.515;292.741;7563
2015.12.03;12:00:00;294.591;287.021;288.231;293.515;25021
2015.12.03;16:00:00;289.521;285.571;286.941;288.227;21801
2015.12.03;20:00:00;286.941;284.911;286.321;286.941;10243
2015.12.04;00:00:00;287.421;286.001;287.181;286.311;6209
2015.12.04;04:00:00;287.321;286.421;286.671;287.181;5299
2015.12.04;08:00:00;287.911;286.311;287.301;286.661;12291
2015.12.04;12:00:00;288.325;285.961;287.171;287.311;16538
2015.12.04;16:00:00;288.221;285.926;287.381;287.171;19038
2015.12.04;20:00:00;287.801;286.931;287.031;287.391;6621
2015.12.07;00:00:00;287.34;286.388;287.131;287.151;3201
2015.12.07;04:00:00;287.511;287.091;287.311;287.141;2284
2015.12.07;08:00:00;288.621;286.903;288.421;287.301;7329
2015.12.07;12:00:00;288.591;287.801;288.401;288.401;8519
2015.12.07;16:00:00;288.711;287.285;288.211;288.411;11951
2015.12.07;20:00:00;288.881;288.021;288.711;288.211;5642
2015.12.08;00:00:00;288.891;288.491;288.531;288.701;2483
2015.12.08;04:00:00;288.701;288.231;288.251;288.541;2692
2015.12.08;08:00:00;288.63;287.461;288.63;288.251;8163
2015.12.08;12:00:00;289.271;288.141;288.381;288.63;11580
2015.12.08;16:00:00;289.081;287.881;288.001;288.381;12726
2015.12.08;20:00:00;288.191;287.721;288.021;287.991;6331
2015.12.09;00:00:00;288.231;287.491;287.781;288.011;2111
2015.12.09;04:00:00;287.921;287.011;287.461;287.781;3666
2015.12.09;08:00:00;287.931;287.061;287.371;287.461;10340
2015.12.09;12:00:00;288.031;286.871;287.161;287.381;9583
2015.12.09;16:00:00;288.471;286.741;287.35;287.161;16939
2015.12.09;20:00:00;287.551;286.361;286.591;287.35;12361
2015.12.10;00:00:00;286.929;285.971;286.927;286.571;3304
2015.12.10;04:00:00;287.091;286.742;287.091;286.927;2208
2015.12.10;08:00:00;288.771;286.771;288.581;287.091;9232
2015.12.10;12:00:00;289.361;288.361;288.401;288.591;13108
2015.12.10;16:00:00;290.301;288.321;289.971;288.411;15636
2015.12.10;20:00:00;290.521;289.721;289.871;289.981;6533
2015.12.11;00:00:00;290.461;289.759;290.291;289.881;2866
2015.12.11;04:00:00;290.411;289.991;290.161;290.291;1927
2015.12.11;08:00:00;290.351;288.671;290.175;290.161;9073
2015.12.11;12:00:00;290.245;288.601;289.031;290.175;14643
2015.12.11;16:00:00;289.501;287.551;288.811;289.041;22300
2015.12.11;20:00:00;289.051;288.381;288.461;288.811;8017
2015.12.14;00:00:00;288.751;287.801;288.651;288.181;4641
2015.12.14;04:00:00;289.051;288.551;288.621;288.661;3956
2015.12.14;08:00:00;289.041;288.291;288.361;288.631;8303
2015.12.14;12:00:00;289.241;287.931;287.981;288.371;13506
2015.12.14;16:00:00;288.251;286.691;287.901;287.981;20603
2015.12.14;20:00:00;288.731;287.761;288.581;287.901;7900
2015.12.15;00:00:00;288.701;288.161;288.311;288.571;4335
2015.12.15;04:00:00;288.381;287.471;287.521;288.301;3148
2015.12.15;08:00:00;288.181;286.773;287.491;287.531;9718
2015.12.15;12:00:00;288.281;286.941;288.158;287.481;12187
2015.12.15;16:00:00;289.671;287.818;289.126;288.138;15683
2015.12.15;20:00:00;289.153;289.153;289.153;289.153;4
