DATE;TIME;HIGH;LOW;CLOSE;OPEN;VOLUME
2015.04.27;12:00:00;7.7499;7.7494;7.7495;7.7499;161
2015.04.27;16:00:00;7.7502;7.7494;7.7501;7.7495;230
2015.04.27;20:00:00;7.7503;7.7493;7.7494;7.7501;253
2015.04.28;00:00:00;7.7494;7.7493;7.7494;7.7494;38
2015.04.28;04:00:00;7.75;7.7493;7.7497;7.7494;137
2015.04.28;08:00:00;7.7498;7.7494;7.7497;7.7498;175
2015.04.28;12:00:00;7.7499;7.7496;7.7499;7.7497;254
2015.04.28;16:00:00;7.7509;7.7499;7.7505;7.7499;268
2015.04.28;20:00:00;7.7505;7.7497;7.7497;7.7504;259
2015.04.29;00:00:00;7.7497;7.7494;7.7495;7.7497;77
2015.04.29;04:00:00;7.7497;7.7496;7.7497;7.7496;13
2015.04.29;08:00:00;7.7501;7.7495;7.7497;7.7498;146
2015.04.29;12:00:00;7.7497;7.7495;7.7496;7.7496;89
2015.04.29;16:00:00;7.7498;7.7495;7.7498;7.7496;118
2015.04.29;20:00:00;7.7502;7.7496;7.7498;7.7498;238
2015.04.30;00:00:00;7.75;7.7495;7.7499;7.7497;119
2015.04.30;04:00:00;7.7501;7.7496;7.7499;7.7499;46
2015.04.30;08:00:00;7.75;7.7497;7.7499;7.7499;167
2015.04.30;12:00:00;7.7499;7.7495;7.7496;7.7499;166
2015.04.30;16:00:00;7.7502;7.7496;7.7501;7.7497;150
2015.04.30;20:00:00;7.7511;7.7499;7.7507;7.7501;339
2015.05.01;00:00:00;7.7507;7.7495;7.7498;7.7507;265
2015.05.01;04:00:00;7.7507;7.7497;7.7507;7.7498;80
2015.05.01;08:00:00;7.7511;7.75;7.7503;7.7507;146
2015.05.01;12:00:00;7.7509;7.7495;7.7497;7.7504;133
2015.05.01;16:00:00;7.7502;7.7495;7.75;7.7498;2730
2015.05.01;20:00:00;7.7509;7.7499;7.7508;7.75;289
2015.05.04;00:00:00;7.7516;7.7508;7.7514;7.7508;109
2015.05.04;04:00:00;7.7508;7.75;7.7505;7.7501;51
2015.05.04;08:00:00;7.7521;7.7505;7.752;7.7506;207
2015.05.04;12:00:00;7.7528;7.7513;7.7517;7.752;303
2015.05.04;16:00:00;7.7523;7.7517;7.7519;7.7517;159
2015.05.04;20:00:00;7.7526;7.7518;7.7522;7.752;176
2015.05.05;00:00:00;7.7529;7.7518;7.7518;7.7523;117
2015.05.05;04:00:00;7.7526;7.7517;7.7522;7.7519;81
2015.05.05;08:00:00;7.7523;7.7512;7.7512;7.752;186
2015.05.05;12:00:00;7.7519;7.7508;7.7511;7.7512;315
2015.05.05;16:00:00;7.7514;7.7501;7.7503;7.7511;176
2015.05.05;20:00:00;7.7516;7.7499;7.7508;7.7503;270
2015.05.06;00:00:00;7.7514;7.7504;7.7506;7.7508;165
2015.05.06;04:00:00;7.7508;7.7504;7.7508;7.7506;31
2015.05.06;08:00:00;7.7513;7.7508;7.7511;7.7508;233
2015.05.06;12:00:00;7.7513;7.751;7.7512;7.7511;207
2015.05.06;16:00:00;7.7518;7.751;7.7511;7.7512;242
2015.05.06;20:00:00;7.7518;7.751;7.7514;7.7511;361
2015.05.07;00:00:00;7.7516;7.7511;7.7511;7.7515;115
2015.05.07;04:00:00;7.7514;7.751;7.7512;7.7511;45
2015.05.07;08:00:00;7.7517;7.7511;7.7511;7.7513;118
2015.05.07;12:00:00;7.7523;7.7511;7.7522;7.7512;237
2015.05.07;16:00:00;7.7523;7.7514;7.7519;7.7522;268
2015.05.07;20:00:00;7.7538;7.7516;7.7524;7.752;408
2015.05.08;00:00:00;7.7537;7.7524;7.7531;7.7527;130
2015.05.08;04:00:00;7.7539;7.7524;7.7528;7.753;144
2015.05.08;08:00:00;7.7531;7.7527;7.7529;7.7529;142
2015.05.08;12:00:00;7.7531;7.7523;7.7523;7.7528;173
2015.05.08;16:00:00;7.7535;7.7523;7.7532;7.7523;239
2015.05.08;20:00:00;7.754;7.7529;7.753;7.7531;242
2015.05.11;00:00:00;7.7532;7.7523;7.7526;7.7529;142
2015.05.11;04:00:00;7.7533;7.7524;7.7532;7.7526;76
2015.05.11;08:00:00;7.7532;7.7527;7.7528;7.7532;138
2015.05.11;12:00:00;7.7528;7.752;7.7521;7.7528;104
2015.05.11;16:00:00;7.7523;7.7519;7.752;7.7521;120
2015.05.11;20:00:00;7.7529;7.7517;7.7518;7.7521;210
2015.05.12;00:00:00;7.752;7.7515;7.7516;7.7517;83
2015.05.12;04:00:00;7.752;7.7514;7.7518;7.7514;29
2015.05.12;08:00:00;7.7519;7.7514;7.7515;7.7519;119
2015.05.12;12:00:00;7.7516;7.751;7.7514;7.7515;281
2015.05.12;16:00:00;7.7523;7.7514;7.7523;7.7515;122
2015.05.12;20:00:00;7.7529;7.7516;7.7516;7.7523;225
2015.05.13;00:00:00;7.7519;7.7508;7.751;7.7516;95
2015.05.13;04:00:00;7.7513;7.7507;7.7513;7.751;77
2015.05.13;08:00:00;7.7528;7.7513;7.7524;7.7513;201
2015.05.13;12:00:00;7.7526;7.752;7.7522;7.7524;166
2015.05.13;16:00:00;7.7528;7.7513;7.7515;7.7521;202
2015.05.13;20:00:00;7.7516;7.7508;7.7509;7.7516;162
2015.05.14;00:00:00;7.751;7.7508;7.7509;7.7508;49
2015.05.14;04:00:00;7.7514;7.7509;7.7512;7.751;61
2015.05.14;08:00:00;7.7517;7.7511;7.7514;7.7512;145
2015.05.14;12:00:00;7.7514;7.7508;7.7508;7.7514;98
2015.05.14;16:00:00;7.7509;7.7503;7.7503;7.7508;95
2015.05.14;20:00:00;7.7507;7.7498;7.75;7.7503;185
2015.05.15;00:00:00;7.75;7.7498;7.7499;7.7499;47
2015.05.15;04:00:00;7.7507;7.7499;7.7501;7.7499;133
2015.05.15;08:00:00;7.7508;7.7501;7.7505;7.7502;88
2015.05.15;12:00:00;7.751;7.7504;7.7509;7.7505;188
2015.05.15;16:00:00;7.751;7.7502;7.7503;7.7509;131
2015.05.15;20:00:00;7.7503;7.7498;7.7499;7.7503;154
2015.05.18;00:00:00;7.7509;7.7496;7.75;7.7499;132
2015.05.18;04:00:00;7.7504;7.7493;7.7503;7.7493;66
2015.05.18;08:00:00;7.7511;7.7502;7.7509;7.7502;108
2015.05.18;12:00:00;7.7518;7.7507;7.7515;7.7509;178
2015.05.18;16:00:00;7.7516;7.7505;7.7507;7.7516;151
2015.05.18;20:00:00;7.7514;7.7501;7.7509;7.7507;320
2015.05.19;00:00:00;7.7509;7.75;7.75;7.7508;63
2015.05.19;04:00:00;7.7507;7.75;7.7507;7.75;41
2015.05.19;08:00:00;7.751;7.7507;7.7507;7.7507;87
2015.05.19;12:00:00;7.752;7.7507;7.751;7.7507;214
2015.05.19;16:00:00;7.7516;7.7509;7.7514;7.751;167
2015.05.19;20:00:00;7.7518;7.7509;7.7509;7.7515;335
2015.05.20;00:00:00;7.752;7.7507;7.7511;7.7509;142
2015.05.20;04:00:00;7.7518;7.751;7.7517;7.7511;67
2015.05.20;08:00:00;7.7518;7.7512;7.7517;7.7517;171
2015.05.20;12:00:00;7.7521;7.7509;7.7514;7.7517;297
2015.05.20;16:00:00;7.7521;7.7513;7.7518;7.7515;163
2015.05.20;20:00:00;7.7521;7.7512;7.7516;7.7518;254
2015.05.21;00:00:00;7.7519;7.7513;7.7515;7.7517;114
2015.05.21;04:00:00;7.752;7.7514;7.7519;7.7515;68
2015.05.21;08:00:00;7.7523;7.7516;7.7522;7.7519;172
2015.05.21;12:00:00;7.7524;7.7519;7.7523;7.7521;114
2015.05.21;16:00:00;7.7532;7.7522;7.7532;7.7523;119
2015.05.21;20:00:00;7.7532;7.7523;7.7531;7.7531;168
2015.05.22;00:00:00;7.7532;7.7525;7.7525;7.7532;70
2015.05.22;04:00:00;7.7531;7.7524;7.7525;7.7525;63
2015.05.22;08:00:00;7.7527;7.751;7.7511;7.7526;236
2015.05.22;12:00:00;7.7516;7.751;7.7512;7.7512;151
2015.05.22;16:00:00;7.7518;7.7507;7.7518;7.7511;233
2015.05.22;20:00:00;7.7518;7.7505;7.7506;7.7517;226
2015.05.25;00:00:00;7.7512;7.7505;7.7508;7.7507;137
2015.05.25;04:00:00;7.752;7.7507;7.7519;7.751;58
2015.05.25;08:00:00;7.7521;7.7506;7.7513;7.7521;308
2015.05.25;12:00:00;7.7515;7.7509;7.7513;7.7512;115
2015.05.25;16:00:00;7.7515;7.7509;7.7512;7.7513;139
2015.05.25;20:00:00;7.7517;7.7511;7.7517;7.7511;32
2015.05.26;00:00:00;7.7516;7.7512;7.7512;7.7516;6
2015.05.26;04:00:00;7.7517;7.751;7.7516;7.7513;129
2015.05.26;08:00:00;7.7517;7.7514;7.7514;7.7515;112
2015.05.26;12:00:00;7.7517;7.7514;7.7517;7.7514;212
2015.05.26;16:00:00;7.7522;7.7514;7.752;7.7516;243
2015.05.26;20:00:00;7.7523;7.7517;7.752;7.752;274
2015.05.27;00:00:00;7.7521;7.7509;7.7514;7.7521;162
2015.05.27;04:00:00;7.7519;7.7511;7.7517;7.7515;112
2015.05.27;08:00:00;7.752;7.7516;7.7518;7.7517;168
2015.05.27;12:00:00;7.7521;7.7514;7.7515;7.7518;255
2015.05.27;16:00:00;7.7538;7.7515;7.7538;7.7515;341
2015.05.27;20:00:00;7.7592;7.7537;7.7574;7.7538;865
2015.05.28;00:00:00;7.7587;7.7572;7.7578;7.7574;213
2015.05.28;04:00:00;7.7578;7.7545;7.7545;7.7577;181
2015.05.28;08:00:00;7.7546;7.7528;7.753;7.7546;278
2015.05.28;12:00:00;7.7532;7.7521;7.7522;7.7529;281
2015.05.28;16:00:00;7.7531;7.7519;7.7531;7.7521;303
2015.05.28;20:00:00;7.7537;7.7524;7.7532;7.7531;358
2015.05.29;00:00:00;7.7534;7.7526;7.7527;7.7533;155
2015.05.29;04:00:00;7.753;7.7524;7.7527;7.7527;83
2015.05.29;08:00:00;7.7528;7.752;7.7521;7.7528;163
2015.05.29;12:00:00;7.7522;7.7514;7.7514;7.7522;268
2015.05.29;16:00:00;7.7532;7.7511;7.7525;7.7514;341
2015.05.29;20:00:00;7.7536;7.7499;7.7527;7.7524;683
2015.06.01;00:00:00;7.7533;7.752;7.7522;7.7526;203
2015.06.01;04:00:00;7.7524;7.7515;7.7523;7.7516;48
2015.06.01;08:00:00;7.7523;7.7514;7.7514;7.7522;227
2015.06.01;12:00:00;7.7541;7.7514;7.7533;7.7515;409
2015.06.01;16:00:00;7.7557;7.7534;7.7553;7.7534;327
2015.06.01;20:00:00;7.7562;7.755;7.7557;7.7553;269
2015.06.02;00:00:00;7.7559;7.7549;7.7551;7.7557;118
2015.06.02;04:00:00;7.7553;7.7538;7.7539;7.7551;179
2015.06.02;08:00:00;7.7568;7.7533;7.7556;7.7539;666
2015.06.02;12:00:00;7.7557;7.7549;7.7556;7.7555;325
2015.06.02;16:00:00;7.7562;7.755;7.7551;7.7555;182
2015.06.02;20:00:00;7.7563;7.755;7.7562;7.7551;347
2015.06.03;00:00:00;7.7564;7.7551;7.7552;7.7562;138
2015.06.03;04:00:00;7.7552;7.7547;7.7548;7.7552;130
2015.06.03;08:00:00;7.7549;7.7537;7.7541;7.7548;212
2015.06.03;12:00:00;7.7542;7.7527;7.7527;7.754;237
2015.06.03;16:00:00;7.7533;7.7525;7.7526;7.7528;154
2015.06.03;20:00:00;7.7529;7.7523;7.7525;7.7527;205
2015.06.04;00:00:00;7.7533;7.7524;7.7525;7.7526;365
2015.06.04;04:00:00;7.753;7.7523;7.7526;7.7525;143
2015.06.04;08:00:00;7.7532;7.7526;7.7528;7.7527;122
2015.06.04;12:00:00;7.7529;7.7515;7.7516;7.7529;234
2015.06.04;16:00:00;7.7518;7.7513;7.7516;7.7516;154
2015.06.04;20:00:00;7.7521;7.7511;7.7514;7.7516;269
2015.06.05;00:00:00;7.7522;7.7508;7.751;7.7514;153
2015.06.05;04:00:00;7.7519;7.751;7.7512;7.7511;235
2015.06.05;08:00:00;7.7521;7.7512;7.7517;7.7513;159
2015.06.05;12:00:00;7.7529;7.7515;7.7527;7.7517;299
2015.06.05;16:00:00;7.7533;7.7523;7.7524;7.7528;356
2015.06.05;20:00:00;7.7532;7.7518;7.7526;7.7524;282
2015.06.08;00:00:00;7.7526;7.751;7.7512;7.7526;170
2015.06.08;04:00:00;7.7522;7.7513;7.752;7.7514;75
2015.06.08;08:00:00;7.7525;7.7516;7.7525;7.752;222
2015.06.08;12:00:00;7.7525;7.7508;7.7512;7.7525;227
2015.06.08;16:00:00;7.752;7.7512;7.7518;7.7512;176
2015.06.08;20:00:00;7.7523;7.7512;7.7514;7.7519;226
2015.06.09;00:00:00;7.7515;7.7511;7.7513;7.7514;162
2015.06.09;04:00:00;7.7517;7.7514;7.7515;7.7514;43
2015.06.09;08:00:00;7.7518;7.751;7.7513;7.7516;157
2015.06.09;12:00:00;7.7524;7.7512;7.7513;7.7512;292
2015.06.09;16:00:00;7.7522;7.7513;7.7521;7.7514;171
2015.06.09;20:00:00;7.7528;7.7515;7.7526;7.752;258
2015.06.10;00:00:00;7.7531;7.7514;7.7527;7.7525;134
2015.06.10;04:00:00;7.753;7.7522;7.7525;7.7527;55
2015.06.10;08:00:00;7.7525;7.7512;7.7513;7.7525;234
2015.06.10;12:00:00;7.7525;7.7513;7.7523;7.7514;314
2015.06.10;16:00:00;7.7525;7.752;7.7522;7.7524;209
2015.06.10;20:00:00;7.7528;7.7517;7.752;7.7523;266
2015.06.11;00:00:00;7.752;7.7516;7.7518;7.7519;119
2015.06.11;04:00:00;7.7522;7.7516;7.7519;7.7517;48
2015.06.11;08:00:00;7.7521;7.7516;7.7516;7.752;184
2015.06.11;12:00:00;7.7523;7.7516;7.7522;7.7516;229
2015.06.11;16:00:00;7.7524;7.7519;7.752;7.7523;200
2015.06.11;20:00:00;7.7528;7.752;7.752;7.7521;173
2015.06.12;00:00:00;7.7521;7.7517;7.7518;7.7519;255
2015.06.12;04:00:00;7.7525;7.7516;7.752;7.7518;55
2015.06.12;08:00:00;7.7521;7.7517;7.7518;7.7521;149
2015.06.12;12:00:00;7.7524;7.7518;7.7521;7.7518;176
2015.06.12;16:00:00;7.7526;7.7521;7.7525;7.7521;147
2015.06.12;20:00:00;7.7531;7.7522;7.7524;7.7525;761
2015.06.15;00:00:00;7.7527;7.7517;7.7519;7.7523;110
2015.06.15;04:00:00;7.7525;7.752;7.7524;7.752;31
2015.06.15;08:00:00;7.7527;7.7523;7.7523;7.7526;120
2015.06.15;12:00:00;7.7525;7.7517;7.7518;7.7524;183
2015.06.15;16:00:00;7.7523;7.7511;7.7521;7.7517;253
2015.06.15;20:00:00;7.7524;7.7515;7.7521;7.7521;284
2015.06.16;00:00:00;7.7526;7.7521;7.7522;7.7521;84
2015.06.16;04:00:00;7.7526;7.7517;7.7519;7.7523;54
2015.06.16;08:00:00;7.752;7.7514;7.7515;7.7519;170
2015.06.16;12:00:00;7.7519;7.7514;7.7518;7.7515;182
2015.06.16;16:00:00;7.7523;7.7517;7.7522;7.7518;157
2015.06.16;20:00:00;7.7528;7.7514;7.7516;7.7522;322
2015.06.17;00:00:00;7.7517;7.7513;7.7515;7.7516;108
2015.06.17;04:00:00;7.7519;7.7513;7.7516;7.7515;61
2015.06.17;08:00:00;7.7519;7.7511;7.7517;7.7515;179
2015.06.17;12:00:00;7.7524;7.7516;7.7518;7.7516;194
2015.06.17;16:00:00;7.7523;7.7515;7.7523;7.7518;183
2015.06.17;20:00:00;7.7525;7.7513;7.7524;7.7524;259
2015.06.18;00:00:00;7.7526;7.7517;7.7517;7.7525;190
2015.06.18;04:00:00;7.7517;7.7514;7.7516;7.7515;66
2015.06.18;08:00:00;7.7521;7.7514;7.7521;7.7516;174
2015.06.18;12:00:00;7.7523;7.7517;7.7519;7.7521;165
2015.06.18;16:00:00;7.7523;7.7517;7.7519;7.7518;106
2015.06.18;20:00:00;7.7525;7.7516;7.752;7.7519;341
2015.06.19;00:00:00;7.7521;7.7515;7.7517;7.7521;162
2015.06.19;04:00:00;7.7522;7.7516;7.752;7.7517;71
2015.06.19;08:00:00;7.7521;7.7517;7.7518;7.752;107
2015.06.19;12:00:00;7.7521;7.7516;7.7518;7.7518;214
2015.06.19;16:00:00;7.7518;7.7508;7.7509;7.7517;244
2015.06.19;20:00:00;7.7513;7.7508;7.7509;7.7509;207
2015.06.22;00:00:00;7.7509;7.7506;7.7507;7.7508;80
2015.06.22;04:00:00;7.751;7.7506;7.7508;7.7507;24
2015.06.22;08:00:00;7.7511;7.7509;7.751;7.7509;107
2015.06.22;12:00:00;7.7511;7.7508;7.7509;7.751;159
2015.06.22;16:00:00;7.7513;7.7504;7.7505;7.7508;284
2015.06.22;20:00:00;7.7513;7.7504;7.751;7.7506;248
2015.06.23;00:00:00;7.751;7.7504;7.7507;7.751;94
2015.06.23;04:00:00;7.7506;7.7503;7.7505;7.7506;204
2015.06.23;08:00:00;7.7513;7.7504;7.7513;7.7505;178
2015.06.23;12:00:00;7.7523;7.7511;7.7522;7.7513;312
2015.06.23;16:00:00;7.7521;7.7515;7.7519;7.7521;273
2015.06.23;20:00:00;7.7524;7.7514;7.7523;7.7518;332
2015.06.24;00:00:00;7.7524;7.7517;7.7518;7.7523;118
2015.06.24;04:00:00;7.7526;7.7515;7.7525;7.7518;252
2015.06.24;08:00:00;7.7526;7.7511;7.7517;7.7525;254
2015.06.24;12:00:00;7.752;7.7514;7.752;7.7518;260
2015.06.24;16:00:00;7.7521;7.7516;7.7518;7.7519;195
2015.06.24;20:00:00;7.7523;7.7517;7.7518;7.7519;344
2015.06.25;00:00:00;7.7518;7.7513;7.7515;7.7518;165
2015.06.25;04:00:00;7.752;7.7514;7.7519;7.7516;121
2015.06.25;08:00:00;7.752;7.7509;7.7509;7.7519;171
2015.06.25;12:00:00;7.7513;7.7505;7.7505;7.7509;216
2015.06.25;16:00:00;7.7512;7.7504;7.751;7.7505;205
2015.06.25;20:00:00;7.7517;7.751;7.7517;7.751;166
2015.06.26;00:00:00;7.7521;7.7516;7.7519;7.7518;43
2015.06.26;04:00:00;7.752;7.7507;7.7509;7.752;124
2015.06.26;08:00:00;7.7516;7.7508;7.7513;7.751;179
2015.06.26;12:00:00;7.7516;7.751;7.7515;7.7513;178
2015.06.26;16:00:00;7.7518;7.7513;7.7517;7.7516;216
2015.06.26;20:00:00;7.7523;7.7513;7.7523;7.7518;222
2015.06.29;00:00:00;7.7523;7.7512;7.7514;7.7522;104
2015.06.29;04:00:00;7.7522;7.7513;7.7521;7.7514;101
2015.06.29;08:00:00;7.7521;7.7511;7.7514;7.752;151
2015.06.29;12:00:00;7.752;7.7513;7.7518;7.7514;304
2015.06.29;16:00:00;7.752;7.7514;7.7515;7.7517;262
2015.06.29;20:00:00;7.7523;7.7515;7.7522;7.7517;232
2015.06.30;00:00:00;7.7523;7.7514;7.7517;7.7523;241
2015.06.30;04:00:00;7.7518;7.7514;7.7517;7.7517;69
2015.06.30;08:00:00;7.7517;7.7513;7.7514;7.7516;154
2015.06.30;12:00:00;7.7518;7.7514;7.7514;7.7515;232
2015.06.30;16:00:00;7.7519;7.7513;7.7517;7.7513;210
2015.06.30;20:00:00;7.7522;7.7505;7.751;7.7516;487
2015.07.01;00:00:00;7.7513;7.7505;7.7508;7.7508;276
2015.07.01;04:00:00;7.7516;7.7504;7.7514;7.7508;268
2015.07.01;08:00:00;7.7518;7.7507;7.7513;7.7515;209
2015.07.01;12:00:00;7.7518;7.7508;7.7515;7.7512;296
2015.07.01;16:00:00;7.7518;7.7511;7.7513;7.7514;240
2015.07.01;20:00:00;7.7519;7.7505;7.7513;7.7513;228
2015.07.02;00:00:00;7.7518;7.7514;7.7518;7.7514;80
2015.07.02;04:00:00;7.7518;7.7513;7.7516;7.7517;36
2015.07.02;08:00:00;7.7515;7.7509;7.751;7.7515;163
2015.07.02;12:00:00;7.7513;7.7509;7.7512;7.751;161
2015.07.02;16:00:00;7.7513;7.7506;7.7507;7.7511;271
2015.07.02;20:00:00;7.7512;7.7504;7.7508;7.7507;248
2015.07.03;00:00:00;7.7513;7.7504;7.7509;7.7508;118
2015.07.03;04:00:00;7.7515;7.7508;7.7514;7.7509;72
2015.07.03;08:00:00;7.7514;7.7506;7.7513;7.7514;107
2015.07.03;12:00:00;7.7517;7.751;7.7517;7.7512;223
2015.07.03;16:00:00;7.7519;7.7514;7.7517;7.7516;203
2015.07.03;20:00:00;7.7524;7.7517;7.7522;7.7518;116
2015.07.06;00:00:00;7.7526;7.7518;7.7519;7.7523;56
2015.07.06;04:00:00;7.7524;7.7515;7.752;7.7518;107
2015.07.06;08:00:00;7.7524;7.7517;7.7523;7.7521;173
2015.07.06;12:00:00;7.7527;7.7519;7.7521;7.7524;323
2015.07.06;16:00:00;7.7527;7.7516;7.752;7.7521;241
2015.07.06;20:00:00;7.753;7.7519;7.7525;7.752;381
2015.07.07;00:00:00;7.7528;7.7523;7.7526;7.7525;201
2015.07.07;04:00:00;7.7528;7.7521;7.7521;7.7521;74
2015.07.07;08:00:00;7.7536;7.7521;7.7536;7.7522;134
2015.07.07;12:00:00;7.7549;7.7536;7.7546;7.7537;525
2015.07.07;16:00:00;7.7553;7.7541;7.7553;7.7547;406
2015.07.07;20:00:00;7.7557;7.7543;7.7545;7.7552;384
2015.07.08;00:00:00;7.7547;7.7539;7.7539;7.7545;68
2015.07.08;04:00:00;7.7551;7.7538;7.7544;7.7538;111
2015.07.08;08:00:00;7.7547;7.7539;7.7539;7.7545;263
2015.07.08;12:00:00;7.7542;7.7533;7.7534;7.754;444
2015.07.08;16:00:00;7.7535;7.7519;7.7527;7.7534;368
2015.07.08;20:00:00;7.753;7.7513;7.7515;7.7528;500
2015.07.09;00:00:00;7.7528;7.7512;7.7514;7.7517;235
2015.07.09;04:00:00;7.7525;7.7512;7.7524;7.7513;160
2015.07.09;08:00:00;7.7525;7.7515;7.7525;7.7523;254
2015.07.09;12:00:00;7.7527;7.7517;7.7518;7.7525;369
2015.07.09;16:00:00;7.7522;7.7513;7.7513;7.7518;300
2015.07.09;20:00:00;7.7516;7.7504;7.7504;7.7514;381
2015.07.10;00:00:00;7.7519;7.7504;7.7512;7.7505;315
2015.07.10;04:00:00;7.7515;7.7509;7.7511;7.7511;57
2015.07.10;08:00:00;7.7516;7.7509;7.7512;7.751;178
2015.07.10;12:00:00;7.7515;7.7505;7.751;7.7511;248
2015.07.10;16:00:00;7.751;7.7502;7.7505;7.751;376
2015.07.10;20:00:00;7.7513;7.7501;7.7511;7.7505;285
2015.07.13;00:00:00;7.7512;7.7499;7.7499;7.7511;205
2015.07.13;04:00:00;7.7509;7.7499;7.7507;7.7503;87
2015.07.13;08:00:00;7.751;7.7504;7.7506;7.7507;160
2015.07.13;12:00:00;7.751;7.7504;7.7506;7.7507;288
2015.07.13;16:00:00;7.7516;7.7502;7.7514;7.7505;340
2015.07.13;20:00:00;7.7517;7.7508;7.7515;7.7513;248
2015.07.14;00:00:00;7.7517;7.7512;7.7512;7.7514;196
2015.07.14;04:00:00;7.7513;7.7509;7.751;7.7512;41
2015.07.14;08:00:00;7.7516;7.751;7.7515;7.7511;178
2015.07.14;12:00:00;7.7516;7.7509;7.751;7.7516;293
2015.07.14;16:00:00;7.7511;7.7501;7.7502;7.751;269
2015.07.14;20:00:00;7.751;7.7502;7.7508;7.7502;386
2015.07.15;00:00:00;7.751;7.7505;7.7506;7.7508;79
2015.07.15;04:00:00;7.7509;7.7506;7.7508;7.7507;19
2015.07.15;08:00:00;7.751;7.7507;7.7508;7.7508;126
2015.07.15;12:00:00;7.7509;7.7503;7.7504;7.7508;251
2015.07.15;16:00:00;7.7506;7.75;7.75;7.7503;214
2015.07.15;20:00:00;7.7505;7.7496;7.7502;7.7501;249
2015.07.16;00:00:00;7.7505;7.7501;7.7502;7.7503;73
2015.07.16;04:00:00;7.7505;7.7499;7.7502;7.7502;90
2015.07.16;08:00:00;7.7503;7.7498;7.75;7.7501;218
2015.07.16;12:00:00;7.7507;7.7499;7.7507;7.7501;202
2015.07.16;16:00:00;7.7507;7.75;7.7505;7.7507;276
2015.07.16;20:00:00;7.7506;7.7499;7.7505;7.7505;392
2015.07.17;00:00:00;7.7508;7.7501;7.7506;7.7505;144
2015.07.17;04:00:00;7.7507;7.7501;7.7503;7.7507;184
2015.07.17;08:00:00;7.7504;7.7499;7.7499;7.7502;261
2015.07.17;12:00:00;7.7502;7.7497;7.75;7.75;203
2015.07.17;16:00:00;7.75;7.7496;7.7499;7.7499;187
2015.07.17;20:00:00;7.7501;7.7495;7.7501;7.7499;221
2015.07.20;00:00:00;7.7501;7.7495;7.7498;7.75;88
2015.07.20;04:00:00;7.7499;7.7493;7.7498;7.7493;44
2015.07.20;08:00:00;7.7502;7.7496;7.7502;7.7497;104
2015.07.20;12:00:00;7.7509;7.7501;7.7508;7.7502;157
2015.07.20;16:00:00;7.7509;7.7502;7.7503;7.7508;305
2015.07.20;20:00:00;7.7507;7.7501;7.7502;7.7504;191
2015.07.21;00:00:00;7.7508;7.7497;7.75;7.7503;276
2015.07.21;04:00:00;7.7504;7.7497;7.7503;7.7501;63
2015.07.21;08:00:00;7.7508;7.75;7.7504;7.7504;138
2015.07.21;12:00:00;7.7505;7.7501;7.7501;7.7504;134
2015.07.21;16:00:00;7.7503;7.7498;7.7503;7.7501;262
2015.07.21;20:00:00;7.7505;7.7498;7.7502;7.7503;214
2015.07.22;00:00:00;7.7505;7.7501;7.7501;7.7501;665
2015.07.22;04:00:00;7.7505;7.7498;7.75;7.7502;117
2015.07.22;08:00:00;7.7505;7.7499;7.75;7.7501;151
2015.07.22;12:00:00;7.7502;7.75;7.75;7.75;134
2015.07.22;16:00:00;7.7503;7.7499;7.7502;7.7501;140
2015.07.22;20:00:00;7.7503;7.7495;7.7496;7.7502;308
2015.07.23;00:00:00;7.7498;7.7496;7.7497;7.7496;59
2015.07.23;04:00:00;7.7499;7.7494;7.7498;7.7497;90
2015.07.23;08:00:00;7.7502;7.7497;7.7501;7.7498;107
2015.07.23;12:00:00;7.7503;7.7501;7.7502;7.7502;161
2015.07.23;16:00:00;7.7506;7.7501;7.7504;7.7501;126
2015.07.23;20:00:00;7.7507;7.7503;7.7504;7.7505;240
2015.07.24;00:00:00;7.7508;7.7502;7.7508;7.7505;90
2015.07.24;04:00:00;7.7509;7.7503;7.7503;7.7509;79
2015.07.24;08:00:00;7.7504;7.75;7.7501;7.7502;185
2015.07.24;12:00:00;7.7502;7.75;7.75;7.7501;150
2015.07.24;16:00:00;7.7508;7.7498;7.7507;7.75;212
2015.07.24;20:00:00;7.7513;7.7506;7.7511;7.7508;295
2015.07.27;00:00:00;7.7513;7.7508;7.751;7.751;175
2015.07.27;04:00:00;7.7514;7.7505;7.7505;7.7508;99
2015.07.27;08:00:00;7.7507;7.75;7.75;7.7505;107
2015.07.27;12:00:00;7.7501;7.7497;7.7498;7.7501;160
2015.07.27;16:00:00;7.7502;7.7496;7.7502;7.7499;157
2015.07.27;20:00:00;7.7508;7.7501;7.7504;7.7501;216
2015.07.28;00:00:00;7.7509;7.7503;7.7504;7.7503;268
2015.07.28;04:00:00;7.7507;7.7498;7.75;7.7506;97
2015.07.28;08:00:00;7.7502;7.7498;7.7501;7.75;178
2015.07.28;12:00:00;7.7508;7.7499;7.7505;7.7501;216
2015.07.28;16:00:00;7.7506;7.75;7.7504;7.7505;160
2015.07.28;20:00:00;7.7508;7.7503;7.7508;7.7504;165
2015.07.29;00:00:00;7.7508;7.7504;7.7506;7.7508;162
2015.07.29;04:00:00;7.7507;7.7503;7.7503;7.7505;45
2015.07.29;08:00:00;7.7503;7.75;7.75;7.7503;102
2015.07.29;12:00:00;7.7504;7.75;7.75;7.75;147
2015.07.29;16:00:00;7.7505;7.7498;7.7503;7.75;252
2015.07.29;20:00:00;7.751;7.7503;7.751;7.7504;176
2015.07.30;00:00:00;7.7512;7.7508;7.7512;7.7509;279
2015.07.30;04:00:00;7.7512;7.7501;7.7502;7.7512;69
2015.07.30;08:00:00;7.7504;7.75;7.7504;7.7502;128
2015.07.30;12:00:00;7.7507;7.7503;7.7507;7.7504;236
2015.07.30;16:00:00;7.7514;7.7503;7.7512;7.7507;152
2015.07.30;20:00:00;7.7516;7.7505;7.7514;7.7513;300
2015.07.31;00:00:00;7.7525;7.7513;7.7524;7.7513;127
2015.07.31;04:00:00;7.753;7.7509;7.751;7.7523;237
2015.07.31;08:00:00;7.751;7.7504;7.7507;7.7509;141
2015.07.31;12:00:00;7.7513;7.7505;7.7512;7.7508;235
2015.07.31;16:00:00;7.7525;7.7512;7.7518;7.7513;237
2015.07.31;20:00:00;7.7524;7.7497;7.751;7.7517;500
2015.08.03;00:00:00;7.7517;7.7504;7.7514;7.7511;290
2015.08.03;04:00:00;7.7515;7.7498;7.7508;7.7503;122
2015.08.03;08:00:00;7.7509;7.7504;7.7506;7.7509;144
2015.08.03;12:00:00;7.7513;7.7506;7.7513;7.7507;177
2015.08.03;16:00:00;7.752;7.7512;7.752;7.7514;157
2015.08.03;20:00:00;7.7524;7.7515;7.7522;7.752;258
2015.08.04;00:00:00;7.7523;7.7516;7.7518;7.7522;79
2015.08.04;04:00:00;7.7523;7.7512;7.7515;7.7519;83
2015.08.04;08:00:00;7.7529;7.7515;7.7525;7.7516;173
2015.08.04;12:00:00;7.7526;7.7518;7.752;7.7526;289
2015.08.04;16:00:00;7.7528;7.752;7.7525;7.752;233
2015.08.04;20:00:00;7.7529;7.752;7.7525;7.7526;260
2015.08.05;00:00:00;7.753;7.7524;7.7525;7.7524;110
2015.08.05;04:00:00;7.753;7.7521;7.7526;7.7524;76
2015.08.05;08:00:00;7.7528;7.7524;7.7524;7.7527;115
2015.08.05;12:00:00;7.7526;7.7512;7.7512;7.7523;253
2015.08.05;16:00:00;7.7516;7.7506;7.751;7.7512;287
2015.08.05;20:00:00;7.7515;7.7504;7.7511;7.751;298
2015.08.06;00:00:00;7.7512;7.7503;7.7504;7.7512;66
2015.08.06;04:00:00;7.7514;7.7502;7.7507;7.7502;84
2015.08.06;08:00:00;7.7507;7.7502;7.7503;7.7507;106
2015.08.06;12:00:00;7.7503;7.7496;7.7498;7.7502;175
2015.08.06;16:00:00;7.75;7.7495;7.7498;7.7499;182
2015.08.06;20:00:00;7.75;7.7496;7.7497;7.7497;179
2015.08.07;00:00:00;7.75;7.7495;7.7495;7.7496;51
2015.08.07;04:00:00;7.7501;7.7495;7.7501;7.7498;72
2015.08.07;08:00:00;7.7504;7.7498;7.7503;7.7501;83
2015.08.07;12:00:00;7.7516;7.7503;7.7515;7.7504;242
2015.08.07;16:00:00;7.7517;7.7504;7.7509;7.7516;327
2015.08.07;20:00:00;7.7519;7.7506;7.7506;7.7509;328
2015.08.10;00:00:00;7.7516;7.7503;7.7503;7.7506;591
2015.08.10;04:00:00;7.7513;7.7502;7.7511;7.7505;62
2015.08.10;08:00:00;7.7514;7.7508;7.7513;7.751;100
2015.08.10;12:00:00;7.7519;7.751;7.7519;7.7512;308
2015.08.10;16:00:00;7.752;7.7511;7.7512;7.7519;193
2015.08.10;20:00:00;7.7519;7.7512;7.7517;7.7514;214
2015.08.11;00:00:00;7.7518;7.7512;7.7513;7.7518;66
2015.08.11;04:00:00;7.7516;7.7511;7.7511;7.7512;73
2015.08.11;08:00:00;7.7547;7.7511;7.7547;7.7511;1376
2015.08.11;12:00:00;7.7592;7.7544;7.7548;7.7547;635
2015.08.11;16:00:00;7.7557;7.7523;7.7557;7.7549;558
2015.08.11;20:00:00;7.7626;7.7557;7.762;7.7557;1289
2015.08.12;00:00:00;7.7621;7.7568;7.7604;7.7621;830
2015.08.12;04:00:00;7.7605;7.7568;7.7589;7.7605;237
2015.08.12;08:00:00;7.7629;7.7537;7.7558;7.759;1956
2015.08.12;12:00:00;7.7576;7.7518;7.7529;7.756;1640
2015.08.12;16:00:00;7.7545;7.7513;7.7533;7.7528;761
2015.08.12;20:00:00;7.7553;7.7532;7.7548;7.7533;579
2015.08.13;00:00:00;7.7557;7.7531;7.7555;7.7548;251
2015.08.13;04:00:00;7.7556;7.7524;7.7524;7.7556;361
2015.08.13;08:00:00;7.7532;7.7516;7.7517;7.7525;891
2015.08.13;12:00:00;7.7517;7.7509;7.7512;7.7516;415
2015.08.13;16:00:00;7.7523;7.75;7.7522;7.7511;407
2015.08.13;20:00:00;7.7541;7.7514;7.7541;7.7523;499
2015.08.14;00:00:00;7.7549;7.7518;7.7544;7.7541;562
2015.08.14;04:00:00;7.7546;7.7511;7.7513;7.7543;128
2015.08.14;08:00:00;7.754;7.751;7.7537;7.7514;316
2015.08.14;12:00:00;7.7556;7.753;7.7548;7.7536;702
2015.08.14;16:00:00;7.7548;7.7537;7.7546;7.7548;331
2015.08.14;20:00:00;7.7548;7.7542;7.7544;7.7546;332
2015.08.17;00:00:00;7.7547;7.7543;7.7543;7.7544;159
2015.08.17;04:00:00;7.7546;7.7543;7.7545;7.7544;68
2015.08.17;08:00:00;7.7564;7.7536;7.7537;7.7546;369
2015.08.17;12:00:00;7.7538;7.7527;7.7528;7.7538;259
2015.08.17;16:00:00;7.7537;7.7527;7.7535;7.7529;302
2015.08.17;20:00:00;7.7538;7.7528;7.7534;7.7535;288
2015.08.18;00:00:00;7.7537;7.7532;7.7532;7.7534;125
2015.08.18;04:00:00;7.7535;7.7528;7.753;7.7532;66
2015.08.18;08:00:00;7.7538;7.7521;7.753;7.7529;383
2015.08.18;12:00:00;7.7539;7.7529;7.7535;7.753;406
2015.08.18;16:00:00;7.7536;7.7523;7.7527;7.7535;315
2015.08.18;20:00:00;7.7537;7.7526;7.7536;7.7526;235
2015.08.19;00:00:00;7.7537;7.7531;7.7531;7.7537;102
2015.08.19;04:00:00;7.7534;7.753;7.7534;7.7532;88
2015.08.19;08:00:00;7.7533;7.7527;7.7528;7.7533;172
2015.08.19;12:00:00;7.7528;7.7513;7.7515;7.7528;378
2015.08.19;16:00:00;7.7518;7.751;7.7511;7.7515;269
2015.08.19;20:00:00;7.7528;7.751;7.7517;7.7512;398
2015.08.20;00:00:00;7.7526;7.7517;7.7524;7.7517;201
2015.08.20;04:00:00;7.7525;7.7512;7.7513;7.7521;101
2015.08.20;08:00:00;7.7514;7.7493;7.7497;7.7512;309
2015.08.20;12:00:00;7.7509;7.7495;7.7507;7.7497;415
2015.08.20;16:00:00;7.7514;7.75;7.7512;7.7508;302
2015.08.20;20:00:00;7.7515;7.7509;7.7511;7.7511;319
2015.08.21;00:00:00;7.7516;7.7502;7.7509;7.7511;283
2015.08.21;04:00:00;7.7516;7.7502;7.7502;7.7512;168
2015.08.21;08:00:00;7.7509;7.7502;7.7503;7.7503;234
2015.08.21;12:00:00;7.7505;7.7501;7.7503;7.7503;275
2015.08.21;16:00:00;7.7504;7.7496;7.7498;7.7503;264
2015.08.21;20:00:00;7.751;7.7496;7.7496;7.7498;368
2015.08.24;00:00:00;7.7512;7.7495;7.7508;7.7497;283
2015.08.24;04:00:00;7.7515;7.75;7.7514;7.75;177
2015.08.24;08:00:00;7.7533;7.751;7.7526;7.7513;400
2015.08.24;12:00:00;7.7531;7.7517;7.7524;7.7527;528
2015.08.24;16:00:00;7.7532;7.7502;7.7521;7.7523;464
2015.08.24;20:00:00;7.7542;7.7511;7.7524;7.7522;744
2015.08.25;00:00:00;7.7528;7.7493;7.7496;7.7523;468
2015.08.25;04:00:00;7.7522;7.7496;7.7508;7.7496;241
2015.08.25;08:00:00;7.7507;7.7492;7.7502;7.7507;403
2015.08.25;12:00:00;7.7504;7.7499;7.7501;7.7503;414
2015.08.25;16:00:00;7.7506;7.7494;7.7502;7.75;601
2015.08.25;20:00:00;7.751;7.7494;7.7506;7.7503;787
2015.08.26;00:00:00;7.7513;7.7497;7.75;7.7505;461
2015.08.26;04:00:00;7.7508;7.7491;7.7501;7.7501;189
2015.08.26;08:00:00;7.7502;7.7493;7.7496;7.7502;284
2015.08.26;12:00:00;7.7502;7.7489;7.749;7.7496;326
2015.08.26;16:00:00;7.7504;7.7489;7.7498;7.7491;334
2015.08.26;20:00:00;7.7507;7.7495;7.7504;7.7498;504
2015.08.27;00:00:00;7.7512;7.7501;7.7503;7.7505;293
2015.08.27;04:00:00;7.751;7.7492;7.7498;7.751;130
2015.08.27;08:00:00;7.7503;7.7489;7.7491;7.7499;238
2015.08.27;12:00:00;7.7495;7.7488;7.7488;7.7491;258
2015.08.27;16:00:00;7.7494;7.7488;7.7492;7.7488;233
2015.08.27;20:00:00;7.7496;7.7487;7.749;7.7492;452
2015.08.28;00:00:00;7.7491;7.7487;7.7489;7.7489;179
2015.08.28;04:00:00;7.7495;7.7485;7.7488;7.7485;162
2015.08.28;08:00:00;7.7494;7.7487;7.7492;7.7487;253
2015.08.28;12:00:00;7.7492;7.7487;7.7487;7.7492;200
2015.08.28;16:00:00;7.7489;7.7486;7.7488;7.7488;242
2015.08.28;20:00:00;7.7488;7.7486;7.7487;7.7488;289
2015.08.31;00:00:00;7.7491;7.7485;7.7486;7.7488;158
2015.08.31;04:00:00;7.7488;7.747;7.7487;7.747;41
2015.08.31;08:00:00;7.7493;7.7487;7.749;7.7488;188
2015.08.31;12:00:00;7.7494;7.749;7.7491;7.7491;285
2015.08.31;16:00:00;7.7493;7.7488;7.7492;7.7492;237
2015.08.31;20:00:00;7.7494;7.7487;7.7487;7.7492;283
2015.09.01;00:00:00;7.7488;7.7484;7.7484;7.7488;68
2015.09.01;04:00:00;7.7489;7.7484;7.7488;7.7484;58
2015.09.01;08:00:00;7.7489;7.7487;7.7488;7.7487;103
2015.09.01;12:00:00;7.7488;7.7487;7.7487;7.7488;189
2015.09.01;16:00:00;7.7488;7.7486;7.7488;7.7487;113
2015.09.01;20:00:00;7.7489;7.7487;7.7488;7.7488;103
2015.09.02;00:00:00;7.7488;7.7486;7.7487;7.7488;99
2015.09.02;04:00:00;7.7488;7.7485;7.7488;7.7485;36
2015.09.02;08:00:00;7.7488;7.7487;7.7488;7.7488;100
2015.09.02;12:00:00;7.7488;7.7486;7.7487;7.7488;83
2015.09.02;16:00:00;7.7488;7.7487;7.7488;7.7488;188
2015.09.02;20:00:00;7.7488;7.7487;7.7487;7.7488;242
2015.09.03;00:00:00;7.7488;7.7487;7.7488;7.7487;81
2015.09.03;04:00:00;7.7489;7.7485;7.7489;7.7486;47
2015.09.03;08:00:00;7.7489;7.7487;7.7487;7.7488;39
2015.09.03;12:00:00;7.7488;7.7487;7.7488;7.7488;90
2015.09.03;16:00:00;7.749;7.7488;7.7489;7.7488;127
2015.09.03;20:00:00;7.7505;7.7489;7.7491;7.7489;268
2015.09.04;00:00:00;7.7494;7.7482;7.7482;7.7491;116
2015.09.04;04:00:00;7.7495;7.7483;7.7492;7.7483;86
2015.09.04;08:00:00;7.7496;7.749;7.749;7.7491;162
2015.09.04;12:00:00;7.7492;7.7487;7.7488;7.7491;154
2015.09.04;16:00:00;7.7488;7.7486;7.7488;7.7488;185
2015.09.04;20:00:00;7.7488;7.7487;7.7487;7.7487;212
2015.09.07;00:00:00;7.7491;7.7483;7.7486;7.7488;144
2015.09.07;04:00:00;7.749;7.7486;7.7489;7.7488;32
2015.09.07;08:00:00;7.7489;7.7487;7.7488;7.7489;62
2015.09.07;12:00:00;7.7488;7.7487;7.7487;7.7488;81
2015.09.07;16:00:00;7.7488;7.7487;7.7487;7.7487;156
2015.09.07;20:00:00;7.7489;7.7486;7.7486;7.7488;186
2015.09.08;00:00:00;7.7488;7.7486;7.7488;7.7488;21
2015.09.08;04:00:00;7.7488;7.7484;7.7488;7.7484;57
2015.09.08;08:00:00;7.7491;7.7487;7.7489;7.7488;149
2015.09.08;12:00:00;7.7492;7.7488;7.7492;7.7489;162
2015.09.08;16:00:00;7.7497;7.749;7.7497;7.7491;327
2015.09.08;20:00:00;7.7503;7.7494;7.75;7.7498;253
2015.09.09;00:00:00;7.75;7.7491;7.7491;7.75;139
2015.09.09;04:00:00;7.7498;7.7491;7.7497;7.7491;100
2015.09.09;08:00:00;7.75;7.7491;7.7495;7.7497;179
2015.09.09;12:00:00;7.7497;7.7491;7.7493;7.7495;234
2015.09.09;16:00:00;7.75;7.7491;7.75;7.7492;217
2015.09.09;20:00:00;7.7504;7.7496;7.7502;7.7499;212
2015.09.10;00:00:00;7.7504;7.7499;7.7504;7.7502;148
2015.09.10;04:00:00;7.7503;7.7496;7.7496;7.7502;137
2015.09.10;08:00:00;7.7501;7.7495;7.7496;7.7497;207
2015.09.10;12:00:00;7.7497;7.7488;7.7491;7.7496;344
2015.09.10;16:00:00;7.7491;7.7487;7.7488;7.7491;178
2015.09.10;20:00:00;7.7492;7.7487;7.7488;7.7488;193
2015.09.11;00:00:00;7.7491;7.7485;7.7485;7.7489;81
2015.09.11;04:00:00;7.7491;7.7485;7.7489;7.7489;116
2015.09.11;08:00:00;7.7489;7.7486;7.7488;7.7488;175
2015.09.11;12:00:00;7.7489;7.7487;7.7488;7.7488;146
2015.09.11;16:00:00;7.7489;7.7487;7.7488;7.7488;110
2015.09.11;20:00:00;7.749;7.7487;7.7487;7.7488;208
2015.09.14;00:00:00;7.7488;7.7484;7.7487;7.7488;113
2015.09.14;04:00:00;7.749;7.7486;7.7488;7.7488;64
2015.09.14;08:00:00;7.7489;7.7488;7.7488;7.7488;124
2015.09.14;12:00:00;7.7488;7.7487;7.7488;7.7488;119
2015.09.14;16:00:00;7.7488;7.7487;7.7488;7.7488;108
2015.09.14;20:00:00;7.7488;7.7487;7.7488;7.7488;174
2015.09.15;00:00:00;7.7488;7.7486;7.7488;7.7488;35
2015.09.15;04:00:00;7.7489;7.7485;7.7488;7.7488;34
2015.09.15;08:00:00;7.7488;7.7487;7.7488;7.7488;71
2015.09.15;12:00:00;7.7488;7.7487;7.7488;7.7488;113
2015.09.15;16:00:00;7.7488;7.7487;7.7488;7.7488;128
2015.09.15;20:00:00;7.749;7.7487;7.7488;7.7488;211
2015.09.16;00:00:00;7.749;7.7487;7.7488;7.7489;87
2015.09.16;04:00:00;7.7489;7.7486;7.7488;7.7487;60
2015.09.16;08:00:00;7.7489;7.7488;7.7489;7.7488;131
2015.09.16;12:00:00;7.7492;7.7488;7.7491;7.7488;138
2015.09.16;16:00:00;7.7494;7.7489;7.7489;7.7492;244
2015.09.16;20:00:00;7.7493;7.7489;7.749;7.749;223
2015.09.17;00:00:00;7.7493;7.7488;7.7488;7.7491;112
2015.09.17;04:00:00;7.7493;7.7488;7.7491;7.7492;103
2015.09.17;08:00:00;7.7492;7.7489;7.7492;7.7492;202
2015.09.17;12:00:00;7.7493;7.7489;7.7492;7.7491;309
2015.09.17;16:00:00;7.7493;7.7488;7.7488;7.7493;161
2015.09.17;20:00:00;7.7491;7.7488;7.7488;7.7488;161
2015.09.18;00:00:00;7.7488;7.7479;7.7488;7.7488;165
2015.09.18;04:00:00;7.7489;7.7485;7.7489;7.7485;38
2015.09.18;08:00:00;7.7489;7.7487;7.7488;7.7488;107
2015.09.18;12:00:00;7.7489;7.7487;7.7488;7.7488;191
2015.09.18;16:00:00;7.749;7.7487;7.7488;7.7489;236
2015.09.18;20:00:00;7.7488;7.7487;7.7488;7.7488;170
2015.09.21;00:00:00;7.7488;7.748;7.7487;7.7488;122
2015.09.21;04:00:00;7.749;7.7486;7.7488;7.7486;43
2015.09.21;08:00:00;7.7488;7.7487;7.7488;7.7488;50
2015.09.21;12:00:00;7.7488;7.7487;7.7488;7.7488;81
2015.09.21;16:00:00;7.7488;7.7487;7.7488;7.7487;115
2015.09.21;20:00:00;7.749;7.7488;7.7489;7.7488;134
2015.09.22;00:00:00;7.749;7.7487;7.7488;7.7489;93
2015.09.22;04:00:00;7.7489;7.7485;7.7488;7.7488;23
2015.09.22;08:00:00;7.7488;7.7487;7.7488;7.7488;39
2015.09.22;12:00:00;7.7488;7.7487;7.7488;7.7488;60
2015.09.22;16:00:00;7.7488;7.7487;7.7488;7.7488;112
2015.09.22;20:00:00;7.7488;7.7487;7.7488;7.7487;93
2015.09.23;00:00:00;7.749;7.7487;7.7488;7.7488;48
2015.09.23;04:00:00;7.7488;7.7486;7.7488;7.7486;42
2015.09.23;08:00:00;7.7488;7.7488;7.7488;7.7488;42
2015.09.23;12:00:00;7.749;7.7487;7.7488;7.7488;107
2015.09.23;16:00:00;7.7488;7.7488;7.7488;7.7488;75
2015.09.23;20:00:00;7.7489;7.7487;7.7488;7.7488;97
2015.09.24;00:00:00;7.7488;7.7487;7.7487;7.7488;65
2015.09.24;04:00:00;7.7488;7.7484;7.7488;7.7487;39
2015.09.24;08:00:00;7.7488;7.7488;7.7488;7.7488;41
2015.09.24;12:00:00;7.7488;7.7487;7.7488;7.7488;91
2015.09.24;16:00:00;7.749;7.7488;7.7489;7.7488;127
2015.09.24;20:00:00;7.7499;7.7489;7.7493;7.7489;245
2015.09.25;00:00:00;7.7494;7.7487;7.7491;7.7493;108
2015.09.25;04:00:00;7.7495;7.7486;7.7491;7.7491;47
2015.09.25;08:00:00;7.749;7.7488;7.7488;7.749;115
2015.09.25;12:00:00;7.7489;7.7487;7.7488;7.7488;90
2015.09.25;16:00:00;7.7489;7.7488;7.7489;7.7488;135
2015.09.25;20:00:00;7.7495;7.7487;7.7488;7.749;207
2015.09.28;00:00:00;7.7493;7.7487;7.7488;7.7488;135
2015.09.28;04:00:00;7.7492;7.7487;7.7491;7.7487;43
2015.09.28;08:00:00;7.7494;7.7487;7.7488;7.7491;80
2015.09.28;12:00:00;7.7489;7.7487;7.7488;7.7488;103
2015.09.28;16:00:00;7.749;7.7488;7.7489;7.7488;81
2015.09.28;20:00:00;7.7492;7.7488;7.7491;7.7489;145
2015.09.29;00:00:00;7.7492;7.7488;7.7488;7.7492;62
2015.09.29;04:00:00;7.7491;7.7486;7.7489;7.7486;51
2015.09.29;08:00:00;7.749;7.7488;7.7488;7.749;90
2015.09.29;12:00:00;7.7489;7.7487;7.7488;7.7488;78
2015.09.29;16:00:00;7.7491;7.7487;7.7491;7.7488;115
2015.09.29;20:00:00;7.749;7.7487;7.7488;7.749;137
2015.09.30;00:00:00;7.7492;7.7487;7.7488;7.7488;126
2015.09.30;04:00:00;7.7491;7.7488;7.7488;7.7488;71
2015.09.30;08:00:00;7.7488;7.7487;7.7488;7.7488;58
2015.09.30;12:00:00;7.7488;7.7487;7.7488;7.7488;107
2015.09.30;16:00:00;7.7488;7.7487;7.7488;7.7488;58
2015.09.30;20:00:00;7.7493;7.7487;7.749;7.7489;372
2015.10.01;00:00:00;7.7492;7.7485;7.7487;7.749;278
2015.10.01;04:00:00;7.749;7.7485;7.7488;7.7485;53
2015.10.01;08:00:00;7.7489;7.7488;7.7488;7.7488;73
2015.10.01;12:00:00;7.7488;7.7487;7.7488;7.7488;72
2015.10.01;16:00:00;7.7488;7.7487;7.7488;7.7488;59
2015.10.01;20:00:00;7.7489;7.7488;7.7488;7.7488;77
2015.10.02;00:00:00;7.7488;7.7486;7.7488;7.7488;44
2015.10.02;04:00:00;7.7489;7.7484;7.7488;7.7484;36
2015.10.02;08:00:00;7.7488;7.7488;7.7488;7.7488;22
2015.10.02;12:00:00;7.7488;7.7487;7.7488;7.7488;98
2015.10.02;16:00:00;7.7488;7.7487;7.7488;7.7488;103
2015.10.02;20:00:00;7.7492;7.7487;7.7488;7.7489;276
2015.10.05;00:00:00;7.7489;7.7486;7.7487;7.7488;95
2015.10.05;04:00:00;7.7489;7.7485;7.7488;7.7488;199
2015.10.05;08:00:00;7.7495;7.7488;7.7488;7.7488;124
2015.10.05;12:00:00;7.7492;7.7488;7.7491;7.7488;137
2015.10.05;16:00:00;7.7492;7.7488;7.7491;7.7492;132
2015.10.05;20:00:00;7.7493;7.7486;7.7488;7.7492;186
2015.10.06;00:00:00;7.7488;7.7487;7.7488;7.7487;88
2015.10.06;04:00:00;7.7489;7.7483;7.7488;7.7485;41
2015.10.06;08:00:00;7.7488;7.7487;7.7488;7.7487;70
2015.10.06;12:00:00;7.7489;7.7487;7.7488;7.7488;120
2015.10.06;16:00:00;7.7489;7.7488;7.7489;7.7489;166
2015.10.06;20:00:00;7.749;7.7488;7.7489;7.7488;193
2015.10.07;00:00:00;7.7489;7.7487;7.7488;7.7488;84
2015.10.07;04:00:00;7.7488;7.7485;7.7488;7.7485;58
2015.10.07;08:00:00;7.7488;7.7487;7.7488;7.7488;46
2015.10.07;12:00:00;7.749;7.7487;7.749;7.7488;133
2015.10.07;16:00:00;7.749;7.7487;7.7488;7.7489;126
2015.10.07;20:00:00;7.7491;7.7488;7.7488;7.7488;209
2015.10.08;00:00:00;7.7489;7.7486;7.7489;7.7489;108
2015.10.08;04:00:00;7.7489;7.7484;7.7488;7.7489;41
2015.10.08;08:00:00;7.7488;7.7488;7.7488;7.7488;26
2015.10.08;12:00:00;7.7488;7.7487;7.7488;7.7488;101
2015.10.08;16:00:00;7.7489;7.7487;7.7488;7.7488;80
2015.10.08;20:00:00;7.7489;7.7487;7.7487;7.7488;119
2015.10.09;00:00:00;7.7489;7.7486;7.7488;7.7488;145
2015.10.09;04:00:00;7.7488;7.7484;7.7488;7.7488;33
2015.10.09;08:00:00;7.7488;7.7488;7.7488;7.7488;72
2015.10.09;12:00:00;7.7491;7.7488;7.749;7.7488;138
2015.10.09;16:00:00;7.749;7.7487;7.7488;7.7489;121
2015.10.09;20:00:00;7.7491;7.7487;7.7487;7.7488;187
2015.10.12;00:00:00;7.7488;7.7487;7.7487;7.7487;38
2015.10.12;04:00:00;7.7488;7.7486;7.7488;7.7487;45
2015.10.12;08:00:00;7.749;7.7488;7.7489;7.7489;60
2015.10.12;12:00:00;7.7492;7.7487;7.7488;7.7489;110
2015.10.12;16:00:00;7.7488;7.7488;7.7488;7.7488;81
2015.10.12;20:00:00;7.7488;7.7487;7.7488;7.7487;156
2015.10.13;00:00:00;7.7488;7.7487;7.7487;7.7488;75
2015.10.13;04:00:00;7.7489;7.7485;7.7489;7.7487;49
2015.10.13;08:00:00;7.7489;7.7488;7.7488;7.7488;62
2015.10.13;12:00:00;7.7488;7.7487;7.7487;7.7488;72
2015.10.13;16:00:00;7.7488;7.7487;7.7488;7.7488;129
2015.10.13;20:00:00;7.7489;7.7487;7.7488;7.7489;87
2015.10.14;00:00:00;7.7489;7.7484;7.7484;7.7487;75
2015.10.14;04:00:00;7.7489;7.7484;7.7488;7.7484;49
2015.10.14;08:00:00;7.7488;7.7487;7.7488;7.7488;77
2015.10.14;12:00:00;7.7488;7.7487;7.7488;7.7488;103
2015.10.14;16:00:00;7.7488;7.7488;7.7488;7.7488;101
2015.10.14;20:00:00;7.7489;7.7487;7.7488;7.7488;161
2015.10.15;00:00:00;7.7489;7.7487;7.7488;7.7488;79
2015.10.15;04:00:00;7.7489;7.7485;7.7488;7.7488;63
2015.10.15;08:00:00;7.7488;7.7488;7.7488;7.7488;76
2015.10.15;12:00:00;7.7488;7.7486;7.7488;7.7488;117
2015.10.15;16:00:00;7.7488;7.7487;7.7488;7.7488;154
2015.10.15;20:00:00;7.7488;7.7487;7.7488;7.7487;110
2015.10.16;00:00:00;7.7488;7.7486;7.7487;7.7487;52
2015.10.16;04:00:00;7.7488;7.7484;7.7487;7.7487;45
2015.10.16;08:00:00;7.7488;7.7487;7.7488;7.7488;66
2015.10.16;12:00:00;7.7488;7.7488;7.7488;7.7488;84
2015.10.16;16:00:00;7.7488;7.7487;7.7488;7.7488;77
2015.10.16;20:00:00;7.7488;7.7486;7.7488;7.7488;109
2015.10.19;00:00:00;7.7488;7.7484;7.7486;7.7487;125
2015.10.19;04:00:00;7.7488;7.7484;7.7488;7.7484;31
2015.10.19;08:00:00;7.7488;7.7487;7.7488;7.7488;86
2015.10.19;12:00:00;7.7488;7.7488;7.7488;7.7488;26
2015.10.19;16:00:00;7.7488;7.7487;7.7488;7.7488;119
2015.10.19;20:00:00;7.7488;7.7487;7.7487;7.7488;188
2015.10.20;00:00:00;7.7488;7.7485;7.7488;7.7488;36
2015.10.20;04:00:00;7.7488;7.7485;7.7488;7.7486;28
2015.10.20;08:00:00;7.7488;7.7487;7.7488;7.7487;37
2015.10.20;12:00:00;7.7488;7.7487;7.7487;7.7488;112
2015.10.20;16:00:00;7.7488;7.7487;7.7487;7.7488;111
2015.10.20;20:00:00;7.749;7.7487;7.7488;7.7488;113
2015.10.21;00:00:00;7.7489;7.7487;7.7488;7.7488;51
2015.10.21;04:00:00;7.7489;7.7485;7.7488;7.7488;43
2015.10.21;08:00:00;7.749;7.7488;7.7488;7.7488;53
2015.10.21;12:00:00;7.749;7.7488;7.7488;7.7489;120
2015.10.21;16:00:00;7.7488;7.7488;7.7488;7.7488;83
2015.10.21;20:00:00;7.7493;7.7488;7.7492;7.7488;102
2015.10.22;00:00:00;7.7495;7.749;7.7493;7.7492;91
2015.10.22;04:00:00;7.7495;7.7488;7.7489;7.7491;81
2015.10.22;08:00:00;7.7489;7.7487;7.7488;7.7489;69
2015.10.22;12:00:00;7.7488;7.7487;7.7488;7.7488;65
2015.10.22;16:00:00;7.7489;7.7486;7.7488;7.7488;163
2015.10.22;20:00:00;7.749;7.7487;7.7489;7.7489;233
2015.10.23;00:00:00;7.749;7.7487;7.7488;7.749;120
2015.10.23;04:00:00;7.7489;7.7485;7.7485;7.7488;98
2015.10.23;08:00:00;7.749;7.7485;7.7487;7.7488;146
2015.10.23;12:00:00;7.7489;7.7487;7.7487;7.7488;144
2015.10.23;16:00:00;7.7488;7.7487;7.7488;7.7488;132
2015.10.23;20:00:00;7.7488;7.7486;7.7488;7.7488;149
2015.10.25;23:00:00;7.7488;7.748;7.7486;7.7487;97
2015.10.26;00:00:00;7.7487;7.7486;7.7487;7.7486;2
2015.10.26;04:00:00;7.7488;7.7484;7.7487;7.7488;56
2015.10.26;08:00:00;7.7488;7.7486;7.7487;7.7488;59
2015.10.26;12:00:00;7.7488;7.7484;7.7488;7.7488;163
2015.10.26;16:00:00;7.7488;7.7486;7.7488;7.7487;98
2015.10.26;20:00:00;7.7489;7.7486;7.7488;7.7488;144
2015.10.27;00:00:00;7.7488;7.7486;7.7488;7.7486;50
2015.10.27;04:00:00;7.7488;7.7485;7.7486;7.7487;61
2015.10.27;08:00:00;7.7488;7.7482;7.7486;7.7487;69
2015.10.27;12:00:00;7.7488;7.7486;7.7488;7.7488;126
2015.10.27;16:00:00;7.7488;7.7486;7.7487;7.7487;145
2015.10.27;20:00:00;7.7488;7.7481;7.7487;7.7488;150
2015.10.28;00:00:00;7.7488;7.7485;7.7488;7.7488;53
2015.10.28;04:00:00;7.7488;7.7484;7.7488;7.7487;84
2015.10.28;08:00:00;7.7488;7.7487;7.7488;7.7488;84
2015.10.28;12:00:00;7.7488;7.7485;7.7487;7.7487;120
2015.10.28;16:00:00;7.7488;7.7486;7.7488;7.7488;121
2015.10.28;20:00:00;7.7488;7.7478;7.7487;7.7488;96
2015.10.29;00:00:00;7.7488;7.7486;7.7488;7.7486;95
2015.10.29;04:00:00;7.7488;7.7487;7.7488;7.7487;39
2015.10.29;08:00:00;7.7488;7.7487;7.7487;7.7488;83
2015.10.29;12:00:00;7.7488;7.7482;7.7487;7.7488;164
2015.10.29;16:00:00;7.7488;7.7486;7.7488;7.7488;142
2015.10.29;20:00:00;7.7489;7.7487;7.7488;7.7488;120
2015.10.30;00:00:00;7.7489;7.7486;7.7488;7.7488;90
2015.10.30;04:00:00;7.7489;7.7487;7.7487;7.7487;67
2015.10.30;08:00:00;7.7488;7.7484;7.7488;7.7487;112
2015.10.30;12:00:00;7.7488;7.7481;7.7487;7.7487;124
2015.10.30;16:00:00;7.7489;7.7485;7.7488;7.7487;214
2015.10.30;20:00:00;7.7493;7.7487;7.7489;7.7488;366
2015.11.02;00:00:00;7.7494;7.7487;7.7493;7.7488;165
2015.11.02;04:00:00;7.749;7.7486;7.7489;7.7486;114
2015.11.02;08:00:00;7.749;7.7488;7.7489;7.7489;33
2015.11.02;12:00:00;7.7489;7.7484;7.7489;7.7489;107
2015.11.02;16:00:00;7.7491;7.7485;7.749;7.7489;189
2015.11.02;20:00:00;7.7492;7.7485;7.7489;7.7491;236
2015.11.03;00:00:00;7.7489;7.7483;7.7483;7.7489;184
2015.11.03;04:00:00;7.7489;7.7482;7.7488;7.7485;111
2015.11.03;08:00:00;7.7489;7.7488;7.7488;7.7489;142
2015.11.03;12:00:00;7.7492;7.7484;7.7489;7.7488;208
2015.11.03;16:00:00;7.7491;7.7487;7.7489;7.7489;229
2015.11.03;20:00:00;7.7493;7.7482;7.7492;7.749;720
2015.11.04;00:00:00;7.7501;7.7487;7.7487;7.7493;718
2015.11.04;04:00:00;7.7496;7.7487;7.7494;7.7487;148
2015.11.04;08:00:00;7.7495;7.7492;7.7493;7.7495;174
2015.11.04;12:00:00;7.75;7.7489;7.7493;7.7493;232
2015.11.04;16:00:00;7.7495;7.7488;7.749;7.7493;213
2015.11.04;20:00:00;7.7497;7.7489;7.749;7.749;326
2015.11.05;00:00:00;7.7501;7.749;7.7494;7.7492;248
2015.11.05;04:00:00;7.7496;7.7487;7.7491;7.7494;215
2015.11.05;08:00:00;7.7499;7.7488;7.7496;7.7491;221
2015.11.05;12:00:00;7.7498;7.7492;7.7497;7.7496;226
2015.11.05;16:00:00;7.7498;7.749;7.7497;7.7497;283
2015.11.05;20:00:00;7.7502;7.7492;7.7496;7.7497;293
2015.11.06;00:00:00;7.7502;7.749;7.7492;7.7497;168
2015.11.06;04:00:00;7.7498;7.7489;7.7498;7.7497;163
2015.11.06;08:00:00;7.7499;7.7493;7.7496;7.7497;125
2015.11.06;12:00:00;7.7499;7.7496;7.7498;7.7496;225
2015.11.06;16:00:00;7.7508;7.7493;7.7507;7.7497;299
2015.11.06;20:00:00;7.7514;7.7491;7.7494;7.7508;606
2015.11.09;00:00:00;7.7495;7.7471;7.7489;7.7495;169
2015.11.09;04:00:00;7.7509;7.746;7.7497;7.746;252
2015.11.09;08:00:00;7.7503;7.7497;7.7502;7.7498;173
2015.11.09;12:00:00;7.7504;7.7495;7.7501;7.7502;269
2015.11.09;16:00:00;7.7512;7.75;7.7507;7.7501;263
2015.11.09;20:00:00;7.7511;7.7501;7.7502;7.7507;293
2015.11.10;00:00:00;7.7512;7.7502;7.7502;7.7503;188
2015.11.10;04:00:00;7.751;7.7502;7.7502;7.7505;166
2015.11.10;08:00:00;7.7503;7.7497;7.7501;7.7502;199
2015.11.10;12:00:00;7.7504;7.7498;7.7499;7.7501;310
2015.11.10;16:00:00;7.751;7.7499;7.7506;7.7499;240
2015.11.10;20:00:00;7.751;7.7498;7.7501;7.7505;287
2015.11.11;00:00:00;7.7511;7.7499;7.7509;7.75;156
2015.11.11;04:00:00;7.7511;7.7501;7.7501;7.7509;180
2015.11.11;08:00:00;7.7503;7.7499;7.7499;7.7502;96
2015.11.11;12:00:00;7.75;7.7495;7.7495;7.75;188
2015.11.11;16:00:00;7.7499;7.7495;7.7498;7.7495;125
2015.11.11;20:00:00;7.75;7.7491;7.7492;7.7498;264
2015.11.12;00:00:00;7.7498;7.7486;7.749;7.7492;139
2015.11.12;04:00:00;7.7493;7.7486;7.7493;7.7491;88
2015.11.12;08:00:00;7.7495;7.7492;7.7492;7.7492;119
2015.11.12;12:00:00;7.7494;7.7489;7.7492;7.7492;139
2015.11.12;16:00:00;7.7494;7.7489;7.7491;7.7492;169
2015.11.12;20:00:00;7.7493;7.7488;7.7488;7.7491;221
2015.11.13;00:00:00;7.7491;7.7487;7.7489;7.7489;124
2015.11.13;04:00:00;7.7491;7.7487;7.7489;7.7487;75
2015.11.13;08:00:00;7.749;7.7488;7.749;7.7489;75
2015.11.13;12:00:00;7.7495;7.749;7.7494;7.749;177
2015.11.13;16:00:00;7.7497;7.7491;7.7497;7.7494;141
2015.11.13;20:00:00;7.7502;7.7496;7.7499;7.7496;179
2015.11.16;00:00:00;7.7502;7.7491;7.7491;7.7499;225
2015.11.16;04:00:00;7.7496;7.749;7.7495;7.749;58
2015.11.16;08:00:00;7.7495;7.7492;7.7492;7.7495;123
2015.11.16;12:00:00;7.7495;7.7491;7.7492;7.7492;155
2015.11.16;16:00:00;7.7495;7.7491;7.7494;7.7493;176
2015.11.16;20:00:00;7.7507;7.7492;7.7506;7.7493;298
2015.11.17;00:00:00;7.7507;7.749;7.7496;7.7507;147
2015.11.17;04:00:00;7.7504;7.7492;7.7495;7.7496;131
2015.11.17;08:00:00;7.7496;7.7493;7.7493;7.7495;85
2015.11.17;12:00:00;7.7494;7.7491;7.7492;7.7493;94
2015.11.17;16:00:00;7.7495;7.7491;7.7495;7.7492;189
2015.11.17;20:00:00;7.7495;7.749;7.749;7.7494;244
2015.11.18;00:00:00;7.7495;7.7489;7.749;7.7491;100
2015.11.18;04:00:00;7.7499;7.7487;7.7499;7.7489;88
2015.11.18;08:00:00;7.75;7.7495;7.7495;7.75;127
2015.11.18;12:00:00;7.7502;7.7495;7.7501;7.7496;158
2015.11.18;16:00:00;7.7502;7.7494;7.7495;7.7502;184
2015.11.18;20:00:00;7.7496;7.7492;7.7492;7.7495;149
2015.11.19;00:00:00;7.7494;7.7489;7.749;7.7493;150
2015.11.19;04:00:00;7.7492;7.7486;7.7489;7.749;57
2015.11.19;08:00:00;7.749;7.7488;7.7489;7.749;86
2015.11.19;12:00:00;7.7491;7.7489;7.749;7.749;115
2015.11.19;16:00:00;7.7492;7.7487;7.7489;7.7489;161
2015.11.19;20:00:00;7.749;7.7488;7.7489;7.7489;150
2015.11.20;00:00:00;7.749;7.7487;7.7488;7.749;105
2015.11.20;04:00:00;7.749;7.7486;7.7489;7.7489;57
2015.11.20;08:00:00;7.7491;7.7489;7.7489;7.7489;110
2015.11.20;12:00:00;7.7491;7.7488;7.7488;7.7489;116
2015.11.20;16:00:00;7.7489;7.7487;7.7488;7.7487;81
2015.11.20;20:00:00;7.7489;7.7487;7.7487;7.7488;82
2015.11.23;00:00:00;7.7491;7.7483;7.7488;7.7487;156
2015.11.23;04:00:00;7.7496;7.7484;7.7491;7.7487;109
2015.11.23;08:00:00;7.7492;7.749;7.7491;7.7492;45
2015.11.23;12:00:00;7.7491;7.7488;7.7488;7.749;89
2015.11.23;16:00:00;7.7489;7.7488;7.7488;7.7488;76
2015.11.23;20:00:00;7.7492;7.7488;7.749;7.7488;136
2015.11.24;00:00:00;7.749;7.7488;7.7488;7.749;60
2015.11.24;04:00:00;7.7489;7.7486;7.7489;7.7488;59
2015.11.24;08:00:00;7.7489;7.7487;7.7488;7.7489;107
2015.11.24;12:00:00;7.749;7.7487;7.7489;7.7488;142
2015.11.24;16:00:00;7.749;7.7488;7.749;7.7489;115
2015.11.24;20:00:00;7.749;7.7488;7.7488;7.7489;169
2015.11.25;00:00:00;7.749;7.7488;7.749;7.7488;92
2015.11.25;04:00:00;7.7489;7.7485;7.7489;7.7485;57
2015.11.25;08:00:00;7.749;7.7488;7.7489;7.7488;79
2015.11.25;12:00:00;7.7492;7.7489;7.7491;7.7489;170
2015.11.25;16:00:00;7.7493;7.749;7.7491;7.7491;210
2015.11.25;20:00:00;7.7495;7.7491;7.7494;7.7492;286
2015.11.26;00:00:00;7.7495;7.7488;7.7489;7.7493;200
2015.11.26;04:00:00;7.7491;7.7487;7.749;7.7488;68
2015.11.26;08:00:00;7.7491;7.749;7.7491;7.749;48
2015.11.26;12:00:00;7.7492;7.749;7.7492;7.749;120
2015.11.26;16:00:00;7.7493;7.749;7.7492;7.7491;117
2015.11.26;20:00:00;7.7493;7.7489;7.7492;7.7493;227
2015.11.27;00:00:00;7.7494;7.749;7.7492;7.7492;51
2015.11.27;04:00:00;7.7492;7.7489;7.749;7.7489;48
2015.11.27;08:00:00;7.7491;7.7489;7.749;7.749;54
2015.11.27;12:00:00;7.7491;7.7489;7.7491;7.749;113
2015.11.27;16:00:00;7.7495;7.749;7.7495;7.749;110
2015.11.27;20:00:00;7.7497;7.7489;7.7493;7.7494;193
2015.11.30;00:00:00;7.7493;7.7489;7.7489;7.7493;86
2015.11.30;04:00:00;7.7493;7.7489;7.749;7.7492;75
2015.11.30;08:00:00;7.749;7.7489;7.749;7.749;77
2015.11.30;12:00:00;7.749;7.7487;7.7489;7.7489;117
2015.11.30;16:00:00;7.749;7.7488;7.7489;7.7489;132
2015.11.30;20:00:00;7.7716;7.7489;7.7515;7.7489;871
2015.12.01;00:00:00;7.7524;7.7511;7.7515;7.7515;247
2015.12.01;04:00:00;7.7534;7.7498;7.7502;7.7516;209
2015.12.01;08:00:00;7.7506;7.7498;7.7505;7.7502;137
2015.12.01;12:00:00;7.7516;7.7503;7.7514;7.7505;221
2015.12.01;16:00:00;7.7516;7.7508;7.7515;7.7513;218
2015.12.01;20:00:00;7.7517;7.7506;7.7509;7.7515;387
2015.12.02;00:00:00;7.751;7.7505;7.7508;7.7508;133
2015.12.02;04:00:00;7.751;7.7503;7.7507;7.7506;112
2015.12.02;08:00:00;7.7508;7.7495;7.7497;7.7506;148
2015.12.02;12:00:00;7.7497;7.7489;7.7489;7.7497;247
2015.12.02;16:00:00;7.7493;7.7489;7.749;7.749;111
2015.12.02;20:00:00;7.7495;7.7489;7.7493;7.7491;231
2015.12.03;00:00:00;7.7497;7.7488;7.7492;7.7494;150
2015.12.03;04:00:00;7.7493;7.7485;7.7492;7.7492;100
2015.12.03;08:00:00;7.7493;7.7488;7.749;7.7493;106
2015.12.03;12:00:00;7.749;7.7487;7.7488;7.749;161
2015.12.03;16:00:00;7.7489;7.7487;7.7488;7.7488;263
2015.12.03;20:00:00;7.749;7.7487;7.7489;7.7488;214
2015.12.04;00:00:00;7.7489;7.7487;7.7488;7.7489;71
2015.12.04;04:00:00;7.7491;7.7484;7.749;7.7487;84
2015.12.04;08:00:00;7.749;7.7488;7.7488;7.749;105
2015.12.04;12:00:00;7.7488;7.7487;7.7487;7.7488;110
2015.12.04;16:00:00;7.7488;7.7486;7.7488;7.7488;103
2015.12.04;20:00:00;7.7489;7.7487;7.7487;7.7488;148
2015.12.07;00:00:00;7.7489;7.7484;7.7486;7.7488;116
2015.12.07;04:00:00;7.7488;7.7486;7.7488;7.7487;38
2015.12.07;08:00:00;7.7491;7.7487;7.749;7.7488;97
2015.12.07;12:00:00;7.7491;7.7488;7.7488;7.7491;129
2015.12.07;16:00:00;7.7489;7.7488;7.7488;7.7489;43
2015.12.07;20:00:00;7.749;7.7488;7.749;7.7489;108
2015.12.08;00:00:00;7.7495;7.749;7.7491;7.749;65
2015.12.08;04:00:00;7.7494;7.7489;7.7494;7.7492;122
2015.12.08;08:00:00;7.7493;7.7488;7.749;7.7493;126
2015.12.08;12:00:00;7.749;7.7487;7.7488;7.7489;123
2015.12.08;16:00:00;7.7492;7.7488;7.7491;7.7488;131
2015.12.08;20:00:00;7.7498;7.749;7.7495;7.7492;212
2015.12.09;00:00:00;7.7497;7.7488;7.7491;7.7497;150
2015.12.09;04:00:00;7.7492;7.7487;7.7491;7.749;122
2015.12.09;08:00:00;7.7492;7.7487;7.7488;7.7492;103
2015.12.09;12:00:00;7.749;7.7487;7.7488;7.7489;140
2015.12.09;16:00:00;7.7492;7.7487;7.7491;7.7487;143
2015.12.09;20:00:00;7.7495;7.7489;7.7493;7.7491;231
2015.12.10;00:00:00;7.7493;7.7486;7.7488;7.7493;169
2015.12.10;04:00:00;7.7491;7.7484;7.749;7.7488;93
2015.12.10;08:00:00;7.7495;7.7489;7.7494;7.7489;110
2015.12.10;12:00:00;7.7495;7.7491;7.7492;7.7493;176
2015.12.10;16:00:00;7.7493;7.7488;7.7492;7.7491;167
2015.12.10;20:00:00;7.7495;7.7487;7.7488;7.7492;255
2015.12.11;00:00:00;7.7492;7.7487;7.7488;7.7488;104
2015.12.11;04:00:00;7.749;7.7484;7.7489;7.7485;83
2015.12.11;08:00:00;7.7495;7.749;7.749;7.749;159
2015.12.11;12:00:00;7.7493;7.749;7.749;7.7491;168
2015.12.11;16:00:00;7.7494;7.749;7.7491;7.7491;199
2015.12.11;20:00:00;7.7498;7.749;7.7493;7.7492;318
2015.12.14;00:00:00;7.7497;7.7488;7.749;7.7493;417
2015.12.14;04:00:00;7.75;7.7487;7.7492;7.749;134
2015.12.14;08:00:00;7.7493;7.749;7.749;7.7493;120
2015.12.14;12:00:00;7.7491;7.7487;7.7488;7.7491;93
2015.12.14;16:00:00;7.7495;7.7488;7.7492;7.7488;180
2015.12.14;20:00:00;7.7497;7.7491;7.7496;7.7493;264
2015.12.15;00:00:00;7.7496;7.7488;7.7489;7.7496;194
2015.12.15;04:00:00;7.7491;7.7486;7.7489;7.7489;59
2015.12.15;08:00:00;7.7492;7.7489;7.7491;7.749;110
2015.12.15;12:00:00;7.7491;7.7487;7.7488;7.7491;125
2015.12.15;16:00:00;7.7489;7.7488;7.7488;7.7488;94
2015.12.15;20:00:00;7.7493;7.7488;7.7491;7.7489;193
