DATE;TIME;HIGH;LOW;CLOSE;OPEN;VOLUME
2015.04.27;12:00:00;15.4024;15.3649;15.383;15.39543;17580
2015.04.27;16:00:00;15.4073;15.2878;15.3198;15.3829;25332
2015.04.27;20:00:00;15.3605;15.31274;15.346;15.31992;13041
2015.04.28;00:00:00;15.3774;15.34;15.3663;15.346;4270
2015.04.28;04:00:00;15.37739;15.36642;15.37572;15.3668;4300
2015.04.28;08:00:00;15.38986;15.3394;15.3535;15.37572;14876
2015.04.28;12:00:00;15.35775;15.2946;15.3001;15.3536;22301
2015.04.28;16:00:00;15.3043;15.1854;15.2303;15.3001;28887
2015.04.28;20:00:00;15.26541;15.2133;15.2502;15.2304;13566
2015.04.29;00:00:00;15.26961;15.2425;15.2583;15.25;5957
2015.04.29;04:00:00;15.27529;15.25677;15.27165;15.25799;1616
2015.04.29;08:00:00;15.27227;15.24106;15.2545;15.27227;11930
2015.04.29;12:00:00;15.3009;15.2073;15.25008;15.2546;21636
2015.04.29;16:00:00;15.29526;15.1494;15.1994;15.24993;31266
2015.04.29;20:00:00;15.25456;15.1408;15.2045;15.1993;19478
2015.04.30;00:00:00;15.2318;15.18974;15.22348;15.21946;5137
2015.04.30;04:00:00;15.2502;15.21922;15.2415;15.22413;4687
2015.04.30;08:00:00;15.2675;15.20703;15.23939;15.24191;17377
2015.04.30;12:00:00;15.29568;15.2084;15.2849;15.23908;23285
2015.04.30;16:00:00;15.40443;15.2831;15.37105;15.2849;34641
2015.04.30;20:00:00;15.38716;15.32823;15.3365;15.37105;16848
2015.05.01;00:00:00;15.35589;15.32639;15.3468;15.3421;2782
2015.05.01;04:00:00;15.3643;15.3461;15.3527;15.34662;3249
2015.05.01;08:00:00;15.3672;15.3238;15.3663;15.3527;13255
2015.05.01;12:00:00;15.3974;15.33346;15.39208;15.3663;16113
2015.05.01;16:00:00;15.591;15.36632;15.5577;15.39267;25421
2015.05.01;20:00:00;15.58357;15.5456;15.55165;15.5577;9829
2015.05.04;00:00:00;15.5831;15.5236;15.5438;15.5236;4867
2015.05.04;04:00:00;15.5499;15.5356;15.5382;15.5438;2836
2015.05.04;08:00:00;15.5471;15.5088;15.5216;15.5382;13022
2015.05.04;12:00:00;15.57723;15.49902;15.5078;15.522;16406
2015.05.04;16:00:00;15.5228;15.4571;15.4663;15.5074;18755
2015.05.04;20:00:00;15.4736;15.4256;15.4496;15.4663;13482
2015.05.05;00:00:00;15.46515;15.4418;15.46364;15.4486;4578
2015.05.05;04:00:00;15.4805;15.46328;15.468;15.46343;4751
2015.05.05;08:00:00;15.47981;15.4433;15.44554;15.4681;17950
2015.05.05;12:00:00;15.4567;15.37102;15.39127;15.44532;20470
2015.05.05;16:00:00;15.41394;15.26851;15.3427;15.39135;27123
2015.05.05;20:00:00;15.3644;15.3305;15.3384;15.34277;12585
2015.05.06;00:00:00;15.3556;15.3215;15.3465;15.3374;2055
2015.05.06;04:00:00;15.3481;15.31772;15.31876;15.3471;2502
2015.05.06;08:00:00;15.3485;15.3031;15.33329;15.31878;13183
2015.05.06;12:00:00;15.35657;15.24274;15.2616;15.33347;20705
2015.05.06;16:00:00;15.3615;15.2408;15.3342;15.2615;26316
2015.05.06;20:00:00;15.3654;15.30797;15.3546;15.33451;13869
2015.05.07;00:00:00;15.3633;15.34925;15.3552;15.3522;3097
2015.05.07;04:00:00;15.36878;15.3496;15.35656;15.3551;4158
2015.05.07;08:00:00;15.40375;15.35638;15.3711;15.3575;14599
2015.05.07;12:00:00;15.4364;15.31566;15.34257;15.37166;24678
2015.05.07;16:00:00;15.3596;15.30168;15.3111;15.3419;24338
2015.05.07;20:00:00;15.329;15.26883;15.3142;15.31;15485
2015.05.08;00:00:00;15.3126;15.27984;15.2984;15.3126;2979
2015.05.08;04:00:00;15.31644;15.2921;15.29248;15.3038;6102
2015.05.08;08:00:00;15.3204;15.281;15.2815;15.29262;19140
2015.05.08;12:00:00;15.3192;15.1992;15.20027;15.2815;24424
2015.05.08;16:00:00;15.2097;15.106;15.12666;15.20052;28075
2015.05.08;20:00:00;15.1503;15.10582;15.11836;15.12666;11895
2015.05.11;00:00:00;15.1412;15.10714;15.1326;15.10882;3007
2015.05.11;04:00:00;15.1683;15.13122;15.158;15.13275;4226
2015.05.11;08:00:00;15.19033;15.13049;15.18873;15.15797;13149
2015.05.11;12:00:00;15.1931;15.1437;15.17948;15.18874;16900
2015.05.11;16:00:00;15.3001;15.1588;15.2892;15.1795;24861
2015.05.11;20:00:00;15.3596;15.27098;15.3569;15.2894;11755
2015.05.12;00:00:00;15.3573;15.32989;15.34084;15.3569;3545
2015.05.12;04:00:00;15.3619;15.32886;15.3408;15.34058;3890
2015.05.12;08:00:00;15.3679;15.3082;15.3154;15.3409;15747
2015.05.12;12:00:00;15.42662;15.3077;15.3652;15.3149;22641
2015.05.12;16:00:00;15.3757;15.27762;15.3273;15.36537;24238
2015.05.12;20:00:00;15.36603;15.3128;15.3265;15.3273;11467
2015.05.13;00:00:00;15.3327;15.3033;15.3052;15.3265;1570
2015.05.13;04:00:00;15.3293;15.3048;15.3188;15.3053;1342
2015.05.13;08:00:00;15.33193;15.24753;15.25926;15.3188;9650
2015.05.13;12:00:00;15.28804;15.15;15.18166;15.25916;21078
2015.05.13;16:00:00;15.25832;15.1604;15.2248;15.18202;24522
2015.05.13;20:00:00;15.2855;15.2082;15.25824;15.2248;11211
2015.05.14;00:00:00;15.2789;15.24182;15.278;15.25723;3680
2015.05.14;04:00:00;15.2781;15.25424;15.25983;15.278;2965
2015.05.14;08:00:00;15.2916;15.2289;15.2395;15.25983;21447
2015.05.14;12:00:00;15.2492;15.16911;15.174;15.2395;21996
2015.05.14;16:00:00;15.17446;15.068;15.10371;15.174;25423
2015.05.14;20:00:00;15.1113;15.0733;15.0964;15.1038;11788
2015.05.15;00:00:00;15.09984;15.08822;15.09953;15.0967;3085
2015.05.15;04:00:00;15.11204;15.0978;15.10349;15.09908;3379
2015.05.15;08:00:00;15.12825;15.0883;15.1185;15.1039;17156
2015.05.15;12:00:00;15.146;15.1039;15.1309;15.1186;16493
2015.05.15;16:00:00;15.1413;14.9821;15.0211;15.13111;24396
2015.05.15;20:00:00;15.0276;14.98503;14.98923;15.02111;9174
2015.05.18;00:00:00;15.0369;14.99918;15.011;15.02178;1995
2015.05.18;04:00:00;15.0265;15.01016;15.01882;15.011;2131
2015.05.18;08:00:00;15.06008;15.0078;15.0366;15.01845;13307
2015.05.18;12:00:00;15.0508;15.01449;15.0415;15.0366;17612
2015.05.18;16:00:00;15.14458;15.03473;15.11656;15.04126;23453
2015.05.18;20:00:00;15.1314;15.1032;15.1131;15.11676;10455
2015.05.19;00:00:00;15.11442;15.0868;15.0982;15.1131;2884
2015.05.19;04:00:00;15.1038;15.08917;15.0911;15.0982;3427
2015.05.19;08:00:00;15.11381;15.0793;15.10231;15.0911;16286
2015.05.19;12:00:00;15.18851;15.07022;15.1683;15.10231;21027
2015.05.19;16:00:00;15.2274;15.1608;15.19255;15.16829;23608
2015.05.19;20:00:00;15.2084;15.1765;15.177;15.1923;11730
2015.05.20;00:00:00;15.2023;15.1727;15.19965;15.1727;2384
2015.05.20;04:00:00;15.2016;15.1821;15.18451;15.19965;3663
2015.05.20;08:00:00;15.22493;15.18387;15.19386;15.18451;13782
2015.05.20;12:00:00;15.21744;15.15978;15.17783;15.19386;20679
2015.05.20;16:00:00;15.2427;15.17646;15.1979;15.17783;25568
2015.05.20;20:00:00;15.2263;15.12156;15.18178;15.1979;22182
2015.05.21;00:00:00;15.2128;15.17334;15.18106;15.18178;2752
2015.05.21;04:00:00;15.18627;15.17089;15.17327;15.1808;2932
2015.05.21;08:00:00;15.1906;15.12957;15.1321;15.17284;15312
2015.05.21;12:00:00;15.2218;15.1295;15.2159;15.1323;20006
2015.05.21;16:00:00;15.2605;15.1867;15.2393;15.2164;23742
2015.05.21;20:00:00;15.24536;15.2128;15.2131;15.23983;10862
2015.05.22;00:00:00;15.2238;15.21262;15.22034;15.2131;1335
2015.05.22;04:00:00;15.22214;15.1939;15.1996;15.22073;3411
2015.05.22;08:00:00;15.22026;15.181;15.1914;15.1949;9448
2015.05.22;12:00:00;15.32086;15.18669;15.2952;15.19133;19639
2015.05.22;16:00:00;15.3298;15.243;15.25686;15.2953;23193
2015.05.22;20:00:00;15.2932;15.203;15.2586;15.25715;10685
2015.05.25;00:00:00;15.28285;15.2188;15.27051;15.2188;2603
2015.05.25;04:00:00;15.27642;15.24593;15.24814;15.27051;1896
2015.05.25;08:00:00;15.26814;15.2374;15.25793;15.2478;7981
2015.05.25;12:00:00;15.2749;15.24865;15.2521;15.25793;9800
2015.05.25;16:00:00;15.2862;15.24435;15.24588;15.25229;12269
2015.05.25;20:00:00;15.256;15.24009;15.2473;15.24584;4852
2015.05.26;00:00:00;15.27695;15.24678;15.2726;15.2474;3188
2015.05.26;04:00:00;15.2746;15.2541;15.26179;15.27277;2777
2015.05.26;08:00:00;15.30117;15.25297;15.27978;15.26132;16412
2015.05.26;12:00:00;15.32705;15.23819;15.2943;15.2796;22904
2015.05.26;16:00:00;15.3354;15.27271;15.3332;15.2949;25327
2015.05.26;20:00:00;15.3435;15.29067;15.2941;15.3335;13134
2015.05.27;00:00:00;15.3001;15.28;15.2803;15.2919;3456
2015.05.27;04:00:00;15.29573;15.2782;15.2794;15.2804;4336
2015.05.27;08:00:00;15.28;15.24958;15.26125;15.2794;12304
2015.05.27;12:00:00;15.3935;15.25745;15.38597;15.26185;21783
2015.05.27;16:00:00;15.39815;15.31505;15.35445;15.38597;30219
2015.05.27;20:00:00;15.3606;15.27433;15.27542;15.35445;12833
2015.05.28;00:00:00;15.3;15.27412;15.2877;15.27542;3090
2015.05.28;04:00:00;15.30642;15.28017;15.30376;15.2872;5603
2015.05.28;08:00:00;15.3106;15.27907;15.2943;15.3037;17752
2015.05.28;12:00:00;15.3618;15.2916;15.34963;15.29462;22784
2015.05.28;16:00:00;15.4103;15.33229;15.3443;15.34983;27471
2015.05.28;20:00:00;15.3601;15.31004;15.3102;15.34433;15737
2015.05.29;00:00:00;15.32151;15.3077;15.32116;15.3092;3629
2015.05.29;04:00:00;15.325;15.31115;15.3169;15.32116;8042
2015.05.29;08:00:00;15.34598;15.31126;15.33646;15.317;13137
2015.05.29;12:00:00;15.3742;15.321;15.3369;15.33639;19929
2015.05.29;16:00:00;15.43812;15.31279;15.40627;15.3363;27204
2015.05.29;20:00:00;15.4066;15.36993;15.3707;15.406;12145
2015.06.01;00:00:00;15.39991;15.35211;15.39135;15.35211;2372
2015.06.01;04:00:00;15.39727;15.3724;15.37554;15.38907;2085
2015.06.01;08:00:00;15.4291;15.37398;15.4092;15.37561;13627
2015.06.01;12:00:00;15.4396;15.38019;15.38996;15.4092;20059
2015.06.01;16:00:00;15.4964;15.384;15.4818;15.39005;25686
2015.06.01;20:00:00;15.5364;15.4682;15.47457;15.4818;12712
2015.06.02;00:00:00;15.48453;15.46704;15.47723;15.47669;3392
2015.06.02;04:00:00;15.48629;15.474;15.47549;15.47723;4020
2015.06.02;08:00:00;15.47762;15.45059;15.4714;15.47525;14174
2015.06.02;12:00:00;15.4976;15.4322;15.48047;15.47125;22888
2015.06.02;16:00:00;15.48039;15.38647;15.3928;15.48039;30974
2015.06.02;20:00:00;15.44986;15.38473;15.4222;15.3927;14883
2015.06.03;00:00:00;15.4392;15.4126;15.43416;15.4222;3407
2015.06.03;04:00:00;15.43489;15.4126;15.43244;15.43416;2665
2015.06.03;08:00:00;15.45628;15.4284;15.4548;15.43282;12258
2015.06.03;12:00:00;15.51867;15.43901;15.49412;15.4549;22998
2015.06.03;16:00:00;15.53011;15.44953;15.4706;15.494;28244
2015.06.03;20:00:00;15.5417;15.46819;15.5098;15.4707;12575
2015.06.04;00:00:00;15.5251;15.5048;15.5203;15.50989;3327
2015.06.04;04:00:00;15.5348;15.51699;15.52167;15.5202;4096
2015.06.04;08:00:00;15.56305;15.51824;15.55189;15.52167;13472
2015.06.04;12:00:00;15.5855;15.51929;15.52824;15.55207;24080
2015.06.04;16:00:00;15.57532;15.4884;15.5556;15.52866;26292
2015.06.04;20:00:00;15.568;15.5183;15.5326;15.5557;15721
2015.06.05;00:00:00;15.54683;15.51558;15.5424;15.5317;6792
2015.06.05;04:00:00;15.5495;15.54178;15.5449;15.54319;2851
2015.06.05;08:00:00;15.57421;15.53393;15.5711;15.54433;14627
2015.06.05;12:00:00;15.7474;15.50839;15.7458;15.5712;21419
2015.06.05;16:00:00;15.76895;15.63763;15.6777;15.7461;28189
2015.06.05;20:00:00;15.72537;15.6751;15.70412;15.67816;9991
2015.06.08;00:00:00;15.7361;15.6777;15.7326;15.68407;2309
2015.06.08;04:00:00;15.7426;15.72491;15.7368;15.7326;3893
2015.06.08;08:00:00;15.7586;15.6834;15.71708;15.7368;11815
2015.06.08;12:00:00;15.72705;15.6489;15.6582;15.7175;14326
2015.06.08;16:00:00;15.6896;15.6404;15.648;15.65823;20774
2015.06.08;20:00:00;15.6521;15.60336;15.62208;15.648;16823
2015.06.09;00:00:00;15.6349;15.61986;15.63032;15.6249;1909
2015.06.09;04:00:00;15.6331;15.61044;15.61842;15.63056;6093
2015.06.09;08:00:00;15.6564;15.60014;15.63469;15.61869;14451
2015.06.09;12:00:00;15.6609;15.57623;15.59373;15.63432;22640
2015.06.09;16:00:00;15.59908;15.5292;15.56106;15.59373;25810
2015.06.09;20:00:00;15.58344;15.5394;15.57121;15.56077;12424
2015.06.10;00:00:00;15.5873;15.55;15.57269;15.57121;2696
2015.06.10;04:00:00;15.597;15.5542;15.5559;15.57239;4764
2015.06.10;08:00:00;15.5704;15.452;15.4874;15.5559;16865
2015.06.10;12:00:00;15.49841;15.40401;15.412;15.4874;22028
2015.06.10;16:00:00;15.4883;15.40242;15.4404;15.412;25727
2015.06.10;20:00:00;15.4704;15.4266;15.4269;15.4406;16221
2015.06.11;00:00:00;15.4778;15.42497;15.4703;15.427;4789
2015.06.11;04:00:00;15.4768;15.45446;15.4688;15.4698;7021
2015.06.11;08:00:00;15.5029;15.4474;15.50182;15.4689;17840
2015.06.11;12:00:00;15.5632;15.44769;15.46273;15.50211;22833
2015.06.11;16:00:00;15.497;15.3801;15.4162;15.46242;24899
2015.06.11;20:00:00;15.4188;15.3425;15.3434;15.4162;12257
2015.06.12;00:00:00;15.36567;15.3426;15.36183;15.3434;4103
2015.06.12;04:00:00;15.3628;15.344;15.3463;15.3621;3110
2015.06.12;08:00:00;15.412;15.3409;15.40984;15.3467;14070
2015.06.12;12:00:00;15.4541;15.37812;15.4262;15.41006;18818
2015.06.12;16:00:00;15.4458;15.37438;15.3858;15.4261;20338
2015.06.12;20:00:00;15.4183;15.3813;15.3818;15.3858;8544
2015.06.15;00:00:00;15.426;15.3714;15.41546;15.38127;2952
2015.06.15;04:00:00;15.436;15.4138;15.4207;15.4158;3028
2015.06.15;08:00:00;15.4288;15.39892;15.42719;15.4209;13862
2015.06.15;12:00:00;15.456;15.41581;15.4354;15.42719;15718
2015.06.15;16:00:00;15.4442;15.40341;15.4088;15.4354;18461
2015.06.15;20:00:00;15.445;15.4086;15.4323;15.4088;11842
2015.06.16;00:00:00;15.45165;15.428;15.44453;15.4314;4270
2015.06.16;04:00:00;15.45697;15.43963;15.441;15.44521;4194
2015.06.16;08:00:00;15.4632;15.43371;15.44566;15.441;13057
2015.06.16;12:00:00;15.45516;15.38891;15.4054;15.44566;14575
2015.06.16;16:00:00;15.4341;15.3937;15.4161;15.40534;18168
2015.06.16;20:00:00;15.43583;15.38209;15.38254;15.4162;11083
2015.06.17;00:00:00;15.39197;15.3764;15.39131;15.3819;2491
2015.06.17;04:00:00;15.39707;15.3887;15.3944;15.39095;2908
2015.06.17;08:00:00;15.4242;15.3843;15.41596;15.3945;10469
2015.06.17;12:00:00;15.4196;15.38917;15.40998;15.41596;14792
2015.06.17;16:00:00;15.4326;15.399;15.4086;15.40998;16370
2015.06.17;20:00:00;15.4219;15.24303;15.2462;15.4087;23430
2015.06.18;00:00:00;15.26497;15.246;15.251;15.24889;5112
2015.06.18;04:00:00;15.2694;15.2467;15.25932;15.251;5092
2015.06.18;08:00:00;15.27442;15.209;15.2184;15.25896;15113
2015.06.18;12:00:00;15.2273;15.16467;15.1925;15.2184;20346
2015.06.18;16:00:00;15.3315;15.1906;15.3051;15.1925;22944
2015.06.18;20:00:00;15.37342;15.2916;15.3386;15.3052;11884
2015.06.19;00:00:00;15.3387;15.31521;15.3246;15.3387;4342
2015.06.19;04:00:00;15.3337;15.3211;15.3329;15.3247;4185
2015.06.19;08:00:00;15.34796;15.3261;15.34279;15.333;12362
2015.06.19;12:00:00;15.3587;15.27762;15.3138;15.34287;17168
2015.06.19;16:00:00;15.34372;15.2855;15.3337;15.3138;18304
2015.06.19;20:00:00;15.3693;15.30441;15.34107;15.3336;9501
2015.06.22;00:00:00;15.35411;15.32261;15.34763;15.33013;2239
2015.06.22;04:00:00;15.35422;15.32694;15.32992;15.34763;5592
2015.06.22;08:00:00;15.3384;15.31417;15.3257;15.33017;10224
2015.06.22;12:00:00;15.33553;15.2933;15.3157;15.3257;15097
2015.06.22;16:00:00;15.3451;15.2783;15.31234;15.3159;19442
2015.06.22;20:00:00;15.3542;15.30927;15.3345;15.3123;11446
2015.06.23;00:00:00;15.3468;15.3344;15.3467;15.3345;2578
2015.06.23;04:00:00;15.3696;15.346;15.36414;15.3467;5802
2015.06.23;08:00:00;15.36775;15.31501;15.31868;15.36439;12185
2015.06.23;12:00:00;15.4159;15.3144;15.3937;15.31868;17038
2015.06.23;16:00:00;15.4307;15.3776;15.40865;15.3935;19973
2015.06.23;20:00:00;15.4382;15.3917;15.3917;15.40885;11526
2015.06.24;00:00:00;15.3993;15.3894;15.3931;15.3917;4200
2015.06.24;04:00:00;15.404;15.389;15.40179;15.3931;4976
2015.06.24;08:00:00;15.40268;15.3627;15.3677;15.4023;11695
2015.06.24;12:00:00;15.40443;15.3557;15.38414;15.3677;17322
2015.06.24;16:00:00;15.4734;15.37891;15.44106;15.38414;21186
2015.06.24;20:00:00;15.5014;15.4254;15.4895;15.44112;12881
2015.06.25;00:00:00;15.50589;15.47857;15.50422;15.4895;9474
2015.06.25;04:00:00;15.5092;15.4933;15.494;15.50422;4898
2015.06.25;08:00:00;15.5089;15.4764;15.49335;15.49395;13117
2015.06.25;12:00:00;15.49784;15.4485;15.4697;15.49288;18942
2015.06.25;16:00:00;15.5171;15.44884;15.50161;15.4697;17249
2015.06.25;20:00:00;15.5057;15.47523;15.4759;15.50161;9853
2015.06.26;00:00:00;15.49459;15.4728;15.48749;15.4748;2431
2015.06.26;04:00:00;15.49224;15.48131;15.48883;15.48792;2162
2015.06.26;08:00:00;15.5229;15.48454;15.5216;15.48797;8578
2015.06.26;12:00:00;15.57284;15.50781;15.5672;15.5216;15406
2015.06.26;16:00:00;15.58948;15.5462;15.56436;15.5672;21421
2015.06.26;20:00:00;15.58603;15.5365;15.53752;15.5644;9745
2015.06.29;00:00:00;15.6942;15.621;15.63221;15.6867;5069
2015.06.29;04:00:00;15.6469;15.61157;15.638;15.63221;8860
2015.06.29;08:00:00;15.6627;15.61761;15.62625;15.638;13379
2015.06.29;12:00:00;15.6821;15.61422;15.646;15.62617;19742
2015.06.29;16:00:00;15.7041;15.6342;15.67922;15.64789;28031
2015.06.29;20:00:00;15.71162;15.652;15.6805;15.67922;19849
2015.06.30;00:00:00;15.702;15.66359;15.6987;15.6805;3282
2015.06.30;04:00:00;15.7066;15.68521;15.68659;15.6987;2774
2015.06.30;08:00:00;15.7231;15.6701;15.712;15.6867;11444
2015.06.30;12:00:00;15.7141;15.647;15.6585;15.7118;23536
2015.06.30;16:00:00;15.712;15.6245;15.68423;15.6584;26523
2015.06.30;20:00:00;15.73535;15.6712;15.73005;15.68438;15513
2015.07.01;00:00:00;15.73997;15.69493;15.73809;15.73062;3282
2015.07.01;04:00:00;15.74417;15.7279;15.74324;15.73691;2514
2015.07.01;08:00:00;15.7496;15.72582;15.72645;15.74378;10215
2015.07.01;12:00:00;15.76445;15.69612;15.76062;15.72731;19117
2015.07.01;16:00:00;15.80893;15.7536;15.77727;15.76087;24497
2015.07.01;20:00:00;15.7963;15.7671;15.76928;15.77727;14221
2015.07.02;00:00:00;15.78867;15.7662;15.77552;15.76987;2763
2015.07.02;04:00:00;15.78944;15.7712;15.77251;15.77627;2970
2015.07.02;08:00:00;15.8088;15.77235;15.80788;15.77264;9329
2015.07.02;12:00:00;15.8394;15.73071;15.74189;15.80783;17606
2015.07.02;16:00:00;15.76116;15.63644;15.6786;15.7439;24519
2015.07.02;20:00:00;15.7054;15.6542;15.6584;15.6786;10183
2015.07.03;00:00:00;15.67013;15.6518;15.65647;15.6585;3606
2015.07.03;04:00:00;15.68365;15.65226;15.6776;15.65586;3850
2015.07.03;08:00:00;15.68854;15.6582;15.68661;15.6776;7944
2015.07.03;12:00:00;15.7079;15.6744;15.6764;15.6755;12436
2015.07.03;16:00:00;15.72534;15.6643;15.69123;15.67658;14105
2015.07.03;20:00:00;15.7498;15.6906;15.71883;15.69129;3416
2015.07.06;00:00:00;15.8396;15.7594;15.78338;15.80694;4295
2015.07.06;04:00:00;15.7948;15.77873;15.79261;15.78327;3418
2015.07.06;08:00:00;15.80657;15.75958;15.79453;15.79288;10274
2015.07.06;12:00:00;15.86096;15.78928;15.82224;15.79434;18518
2015.07.06;16:00:00;15.8515;15.71267;15.7211;15.82293;27237
2015.07.06;20:00:00;15.75912;15.6975;15.709;15.72088;17688
2015.07.07;00:00:00;15.7203;15.6981;15.71005;15.7083;2149
2015.07.07;04:00:00;15.71807;15.7007;15.7105;15.71042;2104
2015.07.07;08:00:00;15.7918;15.7045;15.7909;15.7105;11535
2015.07.07;12:00:00;15.8359;15.77625;15.8236;15.7909;20559
2015.07.07;16:00:00;15.8672;15.78514;15.79872;15.8238;30607
2015.07.07;20:00:00;15.80432;15.73786;15.78416;15.79894;21986
2015.07.08;00:00:00;15.8159;15.77505;15.80784;15.77898;3137
2015.07.08;04:00:00;15.83433;15.8039;15.8204;15.80779;6762
2015.07.08;08:00:00;15.8638;15.8109;15.83741;15.8205;14147
2015.07.08;12:00:00;15.8377;15.7865;15.80674;15.8377;18991
2015.07.08;16:00:00;15.8422;15.79147;15.81151;15.80726;32200
2015.07.08;20:00:00;15.851;15.76704;15.8458;15.81176;19492
2015.07.09;00:00:00;15.84826;15.81986;15.83794;15.8464;5405
2015.07.09;04:00:00;15.847;15.8132;15.8165;15.8384;6684
2015.07.09;08:00:00;15.82932;15.77828;15.8157;15.8164;13367
2015.07.09;12:00:00;15.83105;15.72827;15.7477;15.81541;16631
2015.07.09;16:00:00;15.80484;15.7423;15.80422;15.74761;23672
2015.07.09;20:00:00;15.8205;15.7625;15.80714;15.80407;12163
2015.07.10;00:00:00;15.81678;15.77144;15.79366;15.8102;4922
2015.07.10;04:00:00;15.79417;15.7689;15.7727;15.79318;4188
2015.07.10;08:00:00;15.7742;15.7429;15.74551;15.7727;12350
2015.07.10;12:00:00;15.74622;15.66819;15.6943;15.74544;17652
2015.07.10;16:00:00;15.76272;15.6922;15.75174;15.69382;23426
2015.07.10;20:00:00;15.7659;15.68802;15.6899;15.75193;12960
2015.07.13;00:00:00;15.76835;15.72461;15.76105;15.72716;2587
2015.07.13;04:00:00;15.77293;15.7511;15.76449;15.76104;2184
2015.07.13;08:00:00;15.8069;15.70639;15.80035;15.76423;12436
2015.07.13;12:00:00;15.80155;15.71863;15.74945;15.80036;15591
2015.07.13;16:00:00;15.7724;15.70178;15.7083;15.74945;20949
2015.07.13;20:00:00;15.7298;15.6943;15.6943;15.7084;12115
2015.07.14;00:00:00;15.7351;15.6915;15.7286;15.6943;2888
2015.07.14;04:00:00;15.73452;15.6988;15.71296;15.7286;4045
2015.07.14;08:00:00;15.75963;15.7117;15.74355;15.71265;11625
2015.07.14;12:00:00;15.74411;15.62598;15.64578;15.74355;16790
2015.07.14;16:00:00;15.68171;15.64339;15.67304;15.64578;20797
2015.07.14;20:00:00;15.68444;15.64834;15.64891;15.67304;9363
2015.07.15;00:00:00;15.6733;15.64822;15.654;15.65462;2796
2015.07.15;04:00:00;15.6575;15.638;15.64962;15.6538;9483
2015.07.15;08:00:00;15.6776;15.63375;15.6646;15.64909;13392
2015.07.15;12:00:00;15.7133;15.6331;15.69803;15.6646;14347
2015.07.15;16:00:00;15.7863;15.69796;15.7596;15.69814;26321
2015.07.15;20:00:00;15.8039;15.7475;15.7747;15.75968;12787
2015.07.16;00:00:00;15.80401;15.76047;15.7938;15.77424;3869
2015.07.16;04:00:00;15.80388;15.78141;15.7933;15.7938;5931
2015.07.16;08:00:00;15.804;15.7695;15.7951;15.7932;16998
2015.07.16;12:00:00;15.82876;15.77152;15.80074;15.7952;19728
2015.07.16;16:00:00;15.8147;15.7729;15.78911;15.80129;21053
2015.07.16;20:00:00;15.8345;15.78283;15.8231;15.7888;11445
2015.07.17;00:00:00;15.8427;15.8234;15.82845;15.8234;2388
2015.07.17;04:00:00;15.82919;15.81388;15.81843;15.82893;2971
2015.07.17;08:00:00;15.8281;15.7969;15.81185;15.81904;12073
2015.07.17;12:00:00;15.85553;15.79231;15.8401;15.81185;17596
2015.07.17;16:00:00;15.92553;15.8296;15.8937;15.8401;25846
2015.07.17;20:00:00;15.9277;15.88937;15.92024;15.8937;9568
2015.07.20;00:00:00;15.92768;15.90947;15.91696;15.90947;1894
2015.07.20;04:00:00;15.9396;15.9143;15.93155;15.91621;5527
2015.07.20;08:00:00;15.9356;15.89984;15.9172;15.93155;18168
2015.07.20;12:00:00;15.95014;15.9014;15.93174;15.9172;20227
2015.07.20;16:00:00;16.00124;15.93045;15.9939;15.93174;23529
2015.07.20;20:00:00;16.03929;15.98792;16.0023;15.9939;14805
2015.07.21;00:00:00;16.0142;15.9967;16.0115;16.0018;2391
2015.07.21;04:00:00;16.01694;16.0051;16.01328;16.0114;26652
2015.07.21;08:00:00;16.02001;15.9797;16.00058;16.0128;41906
2015.07.21;12:00:00;16.0071;15.94144;16.00508;16.00081;34439
2015.07.21;16:00:00;16.00547;15.94991;15.9595;16.00547;34934
2015.07.21;20:00:00;16.0013;15.9571;16.0012;15.96109;18804
2015.07.22;00:00:00;16.0111;15.9982;16.00219;16;2122
2015.07.22;04:00:00;16.01365;15.9896;15.9914;16.00242;4738
2015.07.22;08:00:00;16.04322;15.98727;16.03179;15.99123;15651
2015.07.22;12:00:00;16.0718;16.01041;16.05511;16.03179;16823
2015.07.22;16:00:00;16.1215;16.05052;16.1171;16.05515;23368
2015.07.22;20:00:00;16.14462;16.0914;16.0914;16.1171;14192
2015.07.23;00:00:00;16.1171;16.08244;16.1061;16.08312;2884
2015.07.23;04:00:00;16.1089;16.0928;16.102;16.1062;5729
2015.07.23;08:00:00;16.11749;16.05387;16.05961;16.102;15880
2015.07.23;12:00:00;16.11905;16.05909;16.10407;16.05938;17355
2015.07.23;16:00:00;16.13996;16.03825;16.12019;16.10399;25589
2015.07.23;20:00:00;16.21;16.11265;16.2091;16.12004;18304
2015.07.24;00:00:00;16.2167;16.17771;16.2021;16.2091;2363
2015.07.24;04:00:00;16.238;16.20217;16.2235;16.20243;6421
2015.07.24;08:00:00;16.2382;16.19563;16.2111;16.2233;12465
2015.07.24;12:00:00;16.2948;16.2068;16.2526;16.21125;18594
2015.07.24;16:00:00;16.2722;16.1934;16.26384;16.2527;19891
2015.07.24;20:00:00;16.26843;16.2253;16.2562;16.26208;9883
2015.07.27;00:00:00;16.26154;16.22955;16.2449;16.22958;1882
2015.07.27;04:00:00;16.2471;16.2338;16.24503;16.24486;3843
2015.07.27;08:00:00;16.254;16.2148;16.2354;16.24503;12245
2015.07.27;12:00:00;16.34323;16.2175;16.3088;16.2354;18485
2015.07.27;16:00:00;16.311;16.24081;16.27377;16.30907;23122
2015.07.27;20:00:00;16.31532;16.2684;16.2871;16.27383;12521
2015.07.28;00:00:00;16.29382;16.26992;16.28435;16.2872;2478
2015.07.28;04:00:00;16.3007;16.2558;16.259;16.28456;3480
2015.07.28;08:00:00;16.27474;16.25114;16.25376;16.259;13378
2015.07.28;12:00:00;16.26207;16.21185;16.21245;16.25371;17660
2015.07.28;16:00:00;16.2957;16.21165;16.2882;16.2123;25771
2015.07.28;20:00:00;16.3245;16.2635;16.2722;16.2883;14747
2015.07.29;00:00:00;16.28372;16.26183;16.27464;16.2725;2920
2015.07.29;04:00:00;16.2792;16.2664;16.2705;16.27463;3599
2015.07.29;08:00:00;16.28785;16.2587;16.26102;16.2704;10877
2015.07.29;12:00:00;16.2957;16.2457;16.27138;16.26102;15276
2015.07.29;16:00:00;16.27174;16.16913;16.1978;16.27151;22589
2015.07.29;20:00:00;16.2923;16.1577;16.2869;16.198;18140
2015.07.30;00:00:00;16.295;16.2763;16.28454;16.2869;3905
2015.07.30;04:00:00;16.2918;16.284;16.291;16.2857;4090
2015.07.30;08:00:00;16.31346;16.28249;16.2947;16.291;10527
2015.07.30;12:00:00;16.42152;16.285;16.3517;16.2948;19769
2015.07.30;16:00:00;16.4856;16.3473;16.46453;16.3518;24179
2015.07.30;20:00:00;16.47492;16.19549;16.26373;16.46449;19790
2015.07.31;00:00:00;16.28363;16.24103;16.24663;16.26363;2586
2015.07.31;04:00:00;16.24553;16.22363;16.24053;16.24553;3521
2015.07.31;08:00:00;16.29313;16.23945;16.25053;16.24053;10585
2015.07.31;12:00:00;16.28389;16.04585;16.10222;16.25043;21282
2015.07.31;16:00:00;16.1106;16.00199;16.08898;16.10318;30281
2015.07.31;20:00:00;16.14736;16.08772;16.10059;16.08872;13966
2015.08.03;00:00:00;16.13036;16.07648;16.11513;16.1147;5097
2015.08.03;04:00:00;16.11955;16.10433;16.11735;16.11523;3538
2015.08.03;08:00:00;16.16047;16.10669;16.13683;16.11735;13171
2015.08.03;12:00:00;16.18193;16.10733;16.13315;16.13681;18448
2015.08.03;16:00:00;16.13543;16.07373;16.12847;16.13315;25753
2015.08.03;20:00:00;16.17917;16.12233;16.16713;16.12873;16503
2015.08.04;00:00:00;16.17913;16.15581;16.17013;16.17163;2786
2015.08.04;04:00:00;16.17023;16.15503;16.15583;16.17023;4537
2015.08.04;08:00:00;16.15763;16.11023;16.11353;16.15593;10746
2015.08.04;12:00:00;16.12893;16.09323;16.09576;16.11353;15326
2015.08.04;16:00:00;16.20937;16.0954;16.19938;16.09576;25540
2015.08.04;20:00:00;16.29363;16.17883;16.29343;16.19938;23027
2015.08.05;00:00:00;16.29845;16.26538;16.27367;16.29363;3958
2015.08.05;04:00:00;16.30163;16.27366;16.29059;16.27366;2608
2015.08.05;08:00:00;16.30082;16.25747;16.28733;16.29014;8543
2015.08.05;12:00:00;16.31849;16.22586;16.23756;16.28743;17565
2015.08.05;16:00:00;16.38782;16.23368;16.3723;16.23763;28676
2015.08.05;20:00:00;16.39549;16.33484;16.36483;16.37246;15916
2015.08.06;00:00:00;16.36913;16.33969;16.3539;16.36503;1861
2015.08.06;04:00:00;16.36513;16.34513;16.34863;16.35368;2065
2015.08.06;08:00:00;16.38606;16.34256;16.3828;16.34873;12333
2015.08.06;12:00:00;16.41325;16.35629;16.37619;16.3828;16940
2015.08.06;16:00:00;16.37915;16.31428;16.32243;16.37601;24344
2015.08.06;20:00:00;16.34695;16.30903;16.30943;16.32241;13528
2015.08.07;00:00:00;16.32323;16.29753;16.32273;16.31326;1855
2015.08.07;04:00:00;16.32932;16.31441;16.32793;16.32263;2533
2015.08.07;08:00:00;16.33171;16.29052;16.31243;16.3277;7754
2015.08.07;12:00:00;16.35863;16.20062;16.34803;16.31243;16855
2015.08.07;16:00:00;16.34857;16.10873;16.18193;16.34763;32337
2015.08.07;20:00:00;16.18813;16.12546;16.15236;16.18193;13209
2015.08.10;00:00:00;16.16958;16.13199;16.16133;16.13199;3305
2015.08.10;04:00:00;16.17035;16.15413;16.16345;16.16143;4209
2015.08.10;08:00:00;16.21315;16.16111;16.21089;16.16345;11034
2015.08.10;12:00:00;16.2738;16.18479;16.21503;16.21089;16130
2015.08.10;16:00:00;16.22365;16.08915;16.117;16.21493;27712
2015.08.10;20:00:00;16.16369;16.11213;16.15353;16.117;14933
2015.08.11;00:00:00;16.17595;16.14897;16.15763;16.15363;2585
2015.08.11;04:00:00;16.29829;16.1561;16.2929;16.15724;7015
2015.08.11;08:00:00;16.29802;16.19513;16.25172;16.2929;12127
2015.08.11;12:00:00;16.30263;16.23789;16.26703;16.25172;16656
2015.08.11;16:00:00;16.36332;16.26501;16.32024;16.26703;24316
2015.08.11;20:00:00;16.32751;16.28841;16.30413;16.32023;14405
2015.08.12;00:00:00;16.31101;16.29149;16.29574;16.30413;2211
2015.08.12;04:00:00;16.38593;16.28434;16.38225;16.29581;6163
2015.08.12;08:00:00;16.38254;16.28633;16.34746;16.38254;12146
2015.08.12;12:00:00;16.35441;16.17145;16.23713;16.34886;19428
2015.08.12;16:00:00;16.33313;16.22762;16.31143;16.23703;28336
2015.08.12;20:00:00;16.31576;16.26715;16.26983;16.31133;16716
2015.08.13;00:00:00;16.26993;16.24413;16.26113;16.26983;2114
2015.08.13;04:00:00;16.27213;16.23613;16.25056;16.26166;2266
2015.08.13;08:00:00;16.29613;16.24603;16.28493;16.25077;10335
2015.08.13;12:00:00;16.31085;16.24316;16.28953;16.28493;16628
2015.08.13;16:00:00;16.39143;16.28483;16.37282;16.28953;21252
2015.08.13;20:00:00;16.41383;16.35323;16.38943;16.37273;14695
2015.08.14;00:00:00;16.40655;16.37466;16.39437;16.38943;2395
2015.08.14;04:00:00;16.42551;16.3943;16.41148;16.39434;2304
2015.08.14;08:00:00;16.41814;16.38345;16.40084;16.4108;9093
2015.08.14;12:00:00;16.41753;16.35938;16.39973;16.40109;16409
2015.08.14;16:00:00;16.41175;16.32782;16.38225;16.39963;25052
2015.08.14;20:00:00;16.40133;16.36203;16.36563;16.38251;15113
2015.08.17;00:00:00;16.4097;16.35911;16.40193;16.36694;2486
2015.08.17;04:00:00;16.41603;16.39407;16.41416;16.40193;4328
2015.08.17;08:00:00;16.46503;16.40406;16.43633;16.41416;9753
2015.08.17;12:00:00;16.47653;16.43142;16.45933;16.43643;14191
2015.08.17;16:00:00;16.47403;16.3774;16.40225;16.45923;19432
2015.08.17;20:00:00;16.43199;16.38707;16.41713;16.40223;11311
2015.08.18;00:00:00;16.44333;16.41143;16.44013;16.41563;2151
2015.08.18;04:00:00;16.45083;16.43383;16.44698;16.44023;4027
2015.08.18;08:00:00;16.46076;16.44022;16.45391;16.4466;10426
2015.08.18;12:00:00;16.45937;16.40814;16.44027;16.45391;15018
2015.08.18;16:00:00;16.46054;16.38253;16.39732;16.44048;24159
2015.08.18;20:00:00;16.41841;16.39386;16.39473;16.39729;15341
2015.08.19;00:00:00;16.41788;16.38004;16.40309;16.39263;2852
2015.08.19;04:00:00;16.41373;16.39704;16.41211;16.40288;2032
2015.08.19;08:00:00;16.42197;16.38773;16.39643;16.41207;9926
2015.08.19;12:00:00;16.43493;16.36755;16.40402;16.39663;15664
2015.08.19;16:00:00;16.54643;16.40329;16.53715;16.40402;22670
2015.08.19;20:00:00;16.62593;16.46343;16.60913;16.53701;28050
2015.08.20;00:00:00;16.61203;16.58451;16.58505;16.60402;4502
2015.08.20;04:00:00;16.60333;16.58504;16.59213;16.58504;5012
2015.08.20;08:00:00;16.72023;16.58673;16.71053;16.59203;15906
2015.08.20;12:00:00;16.79083;16.67497;16.71867;16.71053;22485
2015.08.20;16:00:00;16.77403;16.65363;16.69203;16.71885;28702
2015.08.20;20:00:00;16.81223;16.67413;16.78333;16.69203;20820
2015.08.21;00:00:00;16.82473;16.77013;16.78703;16.78323;2485
2015.08.21;04:00:00;16.86073;16.78626;16.83693;16.78768;8183
2015.08.21;08:00:00;16.83933;16.80107;16.81813;16.83703;13641
2015.08.21;12:00:00;16.92473;16.80123;16.88603;16.81813;20017
2015.08.21;16:00:00;16.94529;16.85773;16.92259;16.88613;28751
2015.08.21;20:00:00;16.99063;16.88123;16.97243;16.92272;25968
2015.08.24;00:00:00;17.06228;16.96577;17.04173;16.9671;4849
2015.08.24;04:00:00;17.10833;17.01663;17.08425;17.04143;10029
2015.08.24;08:00:00;17.15773;17.06155;17.11963;17.08418;14760
2015.08.24;12:00:00;17.14903;17.07707;17.10286;17.11997;22617
2015.08.24;16:00:00;17.24363;17.00853;17.02361;17.10344;33694
2015.08.24;20:00:00;17.21933;17.01953;17.18493;17.02295;24851
2015.08.25;00:00:00;17.19163;17.14113;17.15063;17.18593;4747
2015.08.25;04:00:00;17.15163;17.09535;17.13553;17.14897;7624
2015.08.25;08:00:00;17.16501;17.03233;17.04413;17.13543;15938
2015.08.25;12:00:00;17.05736;16.88825;16.93212;17.04393;20943
2015.08.25;16:00:00;17.07163;16.92283;17.06223;16.93212;35080
2015.08.25;20:00:00;17.21473;17.0497;17.19533;17.06223;27247
2015.08.26;00:00:00;17.29829;17.18593;17.28289;17.19733;5152
2015.08.26;04:00:00;17.29703;17.19431;17.19929;17.28287;7794
2015.08.26;08:00:00;17.21105;17.14354;17.16104;17.19929;11561
2015.08.26;12:00:00;17.17675;16.99001;17.09104;17.16081;15631
2015.08.26;16:00:00;17.17413;17.04033;17.15325;17.09093;26757
2015.08.26;20:00:00;17.16942;16.98656;16.99723;17.15325;24189
2015.08.27;00:00:00;17.04165;16.99468;17.01723;16.99743;4384
2015.08.27;04:00:00;17.03063;16.9894;17.02963;17.01733;5753
2015.08.27;08:00:00;17.03514;16.92759;16.93779;17.02963;12503
2015.08.27;12:00:00;17.00624;16.92652;16.98198;16.93779;17704
2015.08.27;16:00:00;16.99326;16.80614;16.83594;16.98223;29051
2015.08.27;20:00:00;16.89653;16.78523;16.86853;16.83626;27352
2015.08.28;00:00:00;16.87993;16.84703;16.86083;16.86843;3237
2015.08.28;04:00:00;16.86513;16.84753;16.86252;16.86093;6562
2015.08.28;08:00:00;16.94428;16.85577;16.93248;16.86252;11361
2015.08.28;12:00:00;16.93948;16.87803;16.91522;16.93248;15249
2015.08.28;16:00:00;16.93973;16.69955;16.75673;16.91517;35164
2015.08.28;20:00:00;16.79673;16.72934;16.75353;16.75663;18599
2015.08.31;00:00:00;16.77073;16.71612;16.76913;16.72254;5408
2015.08.31;04:00:00;16.80223;16.76613;16.79233;16.76913;6990
2015.08.31;08:00:00;16.84173;16.78843;16.82843;16.79223;8620
2015.08.31;12:00:00;16.89683;16.79193;16.87622;16.82783;12279
2015.08.31;16:00:00;16.90936;16.71453;16.73339;16.87593;25344
2015.08.31;20:00:00;16.75423;16.65673;16.73811;16.73339;19714
2015.09.01;00:00:00;16.76143;16.71343;16.75063;16.73811;1530
2015.09.01;04:00:00;16.77138;16.74233;16.75533;16.75013;2105
2015.09.01;08:00:00;16.89336;16.75383;16.89123;16.75626;8857
2015.09.01;12:00:00;16.90236;16.79956;16.85003;16.89133;18484
2015.09.01;16:00:00;16.88603;16.79033;16.87903;16.85053;26984
2015.09.01;20:00:00;16.98513;16.86888;16.96573;16.87903;23405
2015.09.02;00:00:00;16.97383;16.91869;16.92119;16.96483;5831
2015.09.02;04:00:00;16.95165;16.91063;16.91193;16.92119;8325
2015.09.02;08:00:00;16.96798;16.88923;16.945;16.91193;14131
2015.09.02;12:00:00;16.95559;16.8073;16.81636;16.945;19058
2015.09.02;16:00:00;16.98513;16.81233;16.86493;16.81636;30885
2015.09.02;20:00:00;16.88424;16.80852;16.81773;16.86512;19326
2015.09.03;00:00:00;16.86463;16.80043;16.85663;16.81773;3733
2015.09.03;04:00:00;16.87733;16.84563;16.85749;16.85653;5549
2015.09.03;08:00:00;16.89479;16.84558;16.87451;16.85749;12199
2015.09.03;12:00:00;16.94006;16.84673;16.85293;16.87451;18040
2015.09.03;16:00:00;16.88193;16.73813;16.80498;16.85273;29094
2015.09.03;20:00:00;16.85796;16.78843;16.78843;16.80513;19859
2015.09.04;00:00:00;16.83433;16.77613;16.82903;16.78843;4540
2015.09.04;04:00:00;16.85643;16.80293;16.84528;16.82903;4687
2015.09.04;08:00:00;16.87573;16.82976;16.85303;16.84465;10744
2015.09.04;12:00:00;16.93913;16.78509;16.90903;16.85335;20547
2015.09.04;16:00:00;16.95466;16.7607;16.92491;16.90898;29543
2015.09.04;20:00:00;16.94363;16.89386;16.93533;16.92453;18206
2015.09.07;00:00:00;16.94853;16.87009;16.93063;16.90311;4047
2015.09.07;04:00:00;16.93103;16.89018;16.90833;16.93073;8896
2015.09.07;08:00:00;16.95008;16.89233;16.94303;16.90823;11645
2015.09.07;12:00:00;16.98683;16.93001;16.95718;16.94319;13317
2015.09.07;16:00:00;17.01761;16.94673;16.99093;16.95718;12801
2015.09.07;20:00:00;16.99948;16.97586;16.98773;16.99083;2852
2015.09.08;00:00:00;16.99049;16.96093;16.97713;16.98803;3925
2015.09.08;04:00:00;16.98063;16.95173;16.9649;16.97703;6138
2015.09.08;08:00:00;16.97094;16.85843;16.88131;16.96439;12416
2015.09.08;12:00:00;16.90873;16.8185;16.83073;16.88131;17217
2015.09.08;16:00:00;16.85145;16.75131;16.80723;16.83063;26398
2015.09.08;20:00:00;16.82553;16.75114;16.81733;16.80713;15460
2015.09.09;00:00:00;16.82743;16.80403;16.80423;16.81683;3905
2015.09.09;04:00:00;16.80553;16.77273;16.79465;16.80423;6484
2015.09.09;08:00:00;16.80375;16.73776;16.78043;16.79465;13175
2015.09.09;12:00:00;16.82388;16.74133;16.74523;16.78081;15453
2015.09.09;16:00:00;16.80897;16.71964;16.78343;16.74513;29310
2015.09.09;20:00:00;16.84953;16.76631;16.81693;16.78323;19565
2015.09.10;00:00:00;16.97803;16.81094;16.97498;16.81703;7910
2015.09.10;04:00:00;16.99033;16.95273;16.95983;16.97498;8712
2015.09.10;08:00:00;16.96543;16.87533;16.89773;16.95973;14449
2015.09.10;12:00:00;16.96918;16.83513;16.88511;16.89763;19680
2015.09.10;16:00:00;16.88544;16.75125;16.76776;16.88507;29487
2015.09.10;20:00:00;16.78638;16.69431;16.74481;16.76776;20001
2015.09.11;00:00:00;16.77053;16.7252;16.74573;16.7319;4084
2015.09.11;04:00:00;16.74862;16.72993;16.73123;16.74573;5763
2015.09.11;08:00:00;16.79686;16.73023;16.78413;16.73043;12575
2015.09.11;12:00:00;16.80183;16.72017;16.76563;16.78403;17594
2015.09.11;16:00:00;16.86923;16.7353;16.82223;16.76573;25969
2015.09.11;20:00:00;16.84856;16.79533;16.83063;16.82203;14099
2015.09.14;00:00:00;16.83908;16.76753;16.77473;16.78371;3351
2015.09.14;04:00:00;16.79843;16.76563;16.79297;16.77463;6536
2015.09.14;08:00:00;16.81062;16.77969;16.80678;16.79297;13825
2015.09.14;12:00:00;16.80861;16.76393;16.78943;16.8071;15005
2015.09.14;16:00:00;16.85538;16.78393;16.79431;16.78953;21442
2015.09.14;20:00:00;16.81015;16.73033;16.73043;16.79495;13516
2015.09.15;00:00:00;16.73868;16.71043;16.71249;16.73447;4356
2015.09.15;04:00:00;16.72155;16.70733;16.71953;16.71133;5006
2015.09.15;08:00:00;16.76423;16.70023;16.70213;16.7192;11125
2015.09.15;12:00:00;16.74943;16.69193;16.73473;16.70239;16958
2015.09.15;16:00:00;16.78559;16.72636;16.75988;16.73463;25295
2015.09.15;20:00:00;16.76201;16.68053;16.68103;16.75987;21976
2015.09.16;00:00:00;16.69563;16.67236;16.6849;16.68113;3676
2015.09.16;04:00:00;16.68487;16.67074;16.67449;16.68452;4731
2015.09.16;08:00:00;16.68915;16.64783;16.66083;16.67414;10816
2015.09.16;12:00:00;16.68813;16.59553;16.61223;16.66083;19437
2015.09.16;16:00:00;16.63223;16.55033;16.56577;16.61213;30091
2015.09.16;20:00:00;16.58523;16.53603;16.53623;16.56596;17981
2015.09.17;00:00:00;16.56101;16.52931;16.53553;16.53783;4354
2015.09.17;04:00:00;16.54162;16.51583;16.52593;16.53553;5713
2015.09.17;08:00:00;16.56643;16.51923;16.56563;16.52593;12912
2015.09.17;12:00:00;16.60344;16.55939;16.58103;16.56553;18325
2015.09.17;16:00:00;16.60353;16.51917;16.59743;16.58113;28410
2015.09.17;20:00:00;16.61747;16.36113;16.58903;16.59743;37843
2015.09.18;00:00:00;16.60207;16.57836;16.58973;16.59003;4168
2015.09.18;04:00:00;16.59043;16.57083;16.57243;16.58963;6303
2015.09.18;08:00:00;16.57303;16.48333;16.49993;16.57243;16481
2015.09.18;12:00:00;16.51633;16.42517;16.44663;16.50003;24497
2015.09.18;16:00:00;16.57573;16.44353;16.54538;16.44663;33972
2015.09.18;20:00:00;16.66612;16.53983;16.64883;16.54547;25873
2015.09.21;00:00:00;16.63833;16.60195;16.63363;16.60509;3785
2015.09.21;04:00:00;16.63383;16.61603;16.62423;16.63353;5083
2015.09.21;08:00:00;16.64002;16.59243;16.62448;16.62423;14919
2015.09.21;12:00:00;16.63221;16.55412;16.62793;16.62448;17880
2015.09.21;16:00:00;16.70423;16.61965;16.70083;16.62793;24004
2015.09.21;20:00:00;16.75378;16.65593;16.65893;16.70053;17962
2015.09.22;00:00:00;16.65943;16.64494;16.65143;16.65813;2950
2015.09.22;04:00:00;16.65463;16.64517;16.65153;16.65153;7444
2015.09.22;08:00:00;16.72753;16.63283;16.72713;16.65153;15202
2015.09.22;12:00:00;16.82895;16.71513;16.81483;16.72703;22418
2015.09.22;16:00:00;16.89443;16.81423;16.87633;16.81483;26589
2015.09.22;20:00:00;16.91083;16.85583;16.87163;16.87623;18716
2015.09.23;00:00:00;16.89903;16.8605;16.89423;16.87163;4232
2015.09.23;04:00:00;16.94893;16.88255;16.94633;16.89433;9091
2015.09.23;08:00:00;16.96173;16.87973;16.88179;16.94623;16529
2015.09.23;12:00:00;16.94384;16.83213;16.93913;16.88139;20134
2015.09.23;16:00:00;17.14533;16.91373;17.09596;16.93923;34479
2015.09.23;20:00:00;17.13973;17.07425;17.11503;17.09591;20619
2015.09.24;00:00:00;17.13906;17.10951;17.13793;17.11513;4543
2015.09.24;04:00:00;17.14253;17.10313;17.10993;17.13793;8772
2015.09.24;08:00:00;17.16363;17.08993;17.13429;17.11003;16778
2015.09.24;12:00:00;17.32684;17.1294;17.30753;17.13399;25753
2015.09.24;16:00:00;17.33793;16.88766;16.98706;17.30743;39992
2015.09.24;20:00:00;17.04279;16.7887;16.86223;16.9873;27181
2015.09.25;00:00:00;16.89203;16.80882;16.87753;16.86293;7657
2015.09.25;04:00:00;16.91173;16.87473;16.89423;16.87763;7712
2015.09.25;08:00:00;16.90073;16.78433;16.81083;16.89413;18543
2015.09.25;12:00:00;16.87393;16.70453;16.81903;16.81083;24106
2015.09.25;16:00:00;17.02203;16.79103;17.00633;16.81883;34191
2015.09.25;20:00:00;17.00833;16.94743;16.96152;17.00643;21093
2015.09.28;00:00:00;16.98581;16.95213;16.95533;16.98581;2233
2015.09.28;04:00:00;16.96803;16.94923;16.95653;16.95523;5263
2015.09.28;08:00:00;16.99726;16.91183;16.99672;16.95653;14353
2015.09.28;12:00:00;17.11983;16.97533;16.99709;16.99702;23645
2015.09.28;16:00:00;17.10626;16.94129;17.08733;16.99709;33818
2015.09.28;20:00:00;17.10533;17.03563;17.05633;17.08723;23053
2015.09.29;00:00:00;17.10693;17.05433;17.09483;17.05633;4462
2015.09.29;04:00:00;17.13823;17.09087;17.1227;17.09443;6682
2015.09.29;08:00:00;17.14423;17.03923;17.04676;17.12275;17794
2015.09.29;12:00:00;17.07108;16.95613;17.02915;17.04676;21847
2015.09.29;16:00:00;17.11393;17.01193;17.10913;17.02912;35814
2015.09.29;20:00:00;17.11493;17.00746;17.02163;17.10913;23043
2015.09.30;00:00:00;17.03643;17.01143;17.01883;17.02133;5062
2015.09.30;04:00:00;17.01893;16.97713;16.97763;17.01893;7174
2015.09.30;08:00:00;16.99153;16.93513;16.93953;16.97763;17021
2015.09.30;12:00:00;16.98343;16.88683;16.95734;16.93953;19128
2015.09.30;16:00:00;16.98713;16.85143;16.91109;16.95734;34766
2015.09.30;20:00:00;16.9401;16.88283;16.91453;16.91144;23028
2015.10.01;00:00:00;16.93054;16.87758;16.90903;16.91463;4703
2015.10.01;04:00:00;16.90983;16.85133;16.85303;16.90893;8493
2015.10.01;08:00:00;16.85313;16.81349;16.8277;16.85303;16088
2015.10.01;12:00:00;16.88473;16.79703;16.83373;16.8277;21478
2015.10.01;16:00:00;16.91347;16.77722;16.88361;16.83353;36838
2015.10.01;20:00:00;16.92833;16.85775;16.91333;16.88401;25586
2015.10.02;00:00:00;16.93423;16.87653;16.89283;16.91343;2583
2015.10.02;04:00:00;16.92523;16.87739;16.91953;16.89283;6511
2015.10.02;08:00:00;16.92807;16.87063;16.87843;16.91953;15811
2015.10.02;12:00:00;16.96473;16.79337;16.92907;16.87843;20287
2015.10.02;16:00:00;17.01723;16.75373;16.78923;16.93257;39863
2015.10.02;20:00:00;16.83245;16.71653;16.74349;16.78913;23285
2015.10.05;00:00:00;16.78757;16.74013;16.77808;16.75785;4672
2015.10.05;04:00:00;16.77893;16.73843;16.74793;16.77808;7004
2015.10.05;08:00:00;16.75283;16.69253;16.69823;16.74803;19252
2015.10.05;12:00:00;16.69783;16.57563;16.67585;16.69783;23284
2015.10.05;16:00:00;16.73123;16.65773;16.72153;16.67593;29035
2015.10.05;20:00:00;16.79113;16.71303;16.77693;16.72153;18230
2015.10.06;00:00:00;16.78243;16.74157;16.77883;16.77693;5062
2015.10.06;04:00:00;16.77963;16.74643;16.74783;16.77883;6968
2015.10.06;08:00:00;16.84453;16.73143;16.77111;16.74783;18327
2015.10.06;12:00:00;16.82793;16.74803;16.77223;16.77111;21689
2015.10.06;16:00:00;16.77323;16.6275;16.69353;16.77213;39150
2015.10.06;20:00:00;16.73591;16.62803;16.64513;16.69353;25326
2015.10.07;00:00:00;16.66603;16.64117;16.66513;16.64513;5256
2015.10.07;04:00:00;16.66653;16.63573;16.64173;16.66563;7876
2015.10.07;08:00:00;16.64366;16.55663;16.59363;16.64224;18139
2015.10.07;12:00:00;16.60613;16.53763;16.56678;16.59353;22910
2015.10.07;16:00:00;16.6091;16.49103;16.58194;16.56658;46479
2015.10.07;20:00:00;16.66513;16.56864;16.64113;16.58209;29606
2015.10.08;00:00:00;16.65173;16.61233;16.61773;16.64113;4389
2015.10.08;04:00:00;16.67613;16.61573;16.66943;16.61763;10746
2015.10.08;08:00:00;16.68483;16.63102;16.67667;16.66933;17962
2015.10.08;12:00:00;16.67748;16.59372;16.60683;16.67643;26896
2015.10.08;16:00:00;16.64227;16.49173;16.51793;16.60693;39863
2015.10.08;20:00:00;16.55683;16.45053;16.45133;16.51795;30527
2015.10.09;00:00:00;16.45733;16.44406;16.45253;16.45133;5510
2015.10.09;04:00:00;16.45553;16.44433;16.44923;16.45253;8586
2015.10.09;08:00:00;16.47843;16.43063;16.43211;16.44933;19440
2015.10.09;12:00:00;16.43767;16.37853;16.42887;16.43211;25055
2015.10.09;16:00:00;16.47633;16.37164;16.45193;16.42858;39591
2015.10.09;20:00:00;16.48908;16.41756;16.41762;16.45203;16051
2015.10.12;00:00:00;16.42123;16.39443;16.39738;16.41891;4065
2015.10.12;04:00:00;16.41633;16.39553;16.41087;16.40033;6537
2015.10.12;08:00:00;16.43343;16.38866;16.42893;16.41087;14140
2015.10.12;12:00:00;16.44203;16.41044;16.42523;16.42873;15304
2015.10.12;16:00:00;16.44343;16.39453;16.43963;16.42523;22527
2015.10.12;20:00:00;16.49463;16.43853;16.44304;16.43943;13113
2015.10.13;00:00:00;16.49236;16.44673;16.49233;16.44673;4590
2015.10.13;04:00:00;16.51143;16.47736;16.50583;16.49233;8288
2015.10.13;08:00:00;16.59313;16.49433;16.57721;16.50513;15793
2015.10.13;12:00:00;16.61994;16.56933;16.61137;16.57783;23116
2015.10.13;16:00:00;16.65513;16.50577;16.59633;16.61123;33607
2015.10.13;20:00:00;16.65503;16.59284;16.65503;16.59633;22017
2015.10.14;00:00:00;16.66173;16.63782;16.64303;16.65323;4724
2015.10.14;04:00:00;16.64603;16.60803;16.62063;16.64303;6638
2015.10.14;08:00:00;16.63173;16.57543;16.61383;16.62043;13513
2015.10.14;12:00:00;16.63293;16.49336;16.53303;16.61383;20153
2015.10.14;16:00:00;16.61737;16.53133;16.55263;16.53323;33410
2015.10.14;20:00:00;16.57215;16.43854;16.46953;16.55253;25627
2015.10.15;00:00:00;16.47193;16.43513;16.45003;16.46943;3941
2015.10.15;04:00:00;16.45443;16.42813;16.43063;16.44985;9882
2015.10.15;08:00:00;16.43093;16.38691;16.39773;16.43083;15292
2015.10.15;12:00:00;16.48519;16.35533;16.44984;16.39773;23057
2015.10.15;16:00:00;16.47823;16.3254;16.36019;16.44973;37289
2015.10.15;20:00:00;16.39554;16.32176;16.37683;16.36033;17068
2015.10.16;00:00:00;16.39713;16.37393;16.39076;16.37683;4710
2015.10.16;04:00:00;16.41003;16.38245;16.40953;16.39071;6449
2015.10.16;08:00:00;16.45683;16.39169;16.45203;16.40963;13558
2015.10.16;12:00:00;16.49883;16.41753;16.43993;16.45203;21274
2015.10.16;16:00:00;16.44003;16.3396;16.37745;16.44003;35335
2015.10.16;20:00:00;16.42428;16.34843;16.42403;16.37723;18149
2015.10.19;00:00:00;16.40355;16.38057;16.39373;16.38214;4169
2015.10.19;04:00:00;16.41757;16.37533;16.38773;16.39363;6443
2015.10.19;08:00:00;16.40163;16.35493;16.3688;16.38763;10554
2015.10.19;12:00:00;16.48162;16.36761;16.48162;16.3688;23061
2015.10.19;16:00:00;16.52843;16.45653;16.48953;16.48143;31278
2015.10.19;20:00:00;16.52097;16.46943;16.47873;16.48953;14973
2015.10.20;00:00:00;16.49843;16.47573;16.48653;16.48013;2645
2015.10.20;04:00:00;16.49943;16.48147;16.49675;16.48653;5598
2015.10.20;08:00:00;16.51523;16.44623;16.51503;16.49675;14896
2015.10.20;12:00:00;16.52333;16.44933;16.48597;16.51503;18234
2015.10.20;16:00:00;16.59413;16.48553;16.56823;16.48652;26577
2015.10.20;20:00:00;16.60948;16.54823;16.55553;16.56833;14165
2015.10.21;00:00:00;16.56093;16.53654;16.55193;16.55543;5164
2015.10.21;04:00:00;16.55924;16.55053;16.55533;16.55213;4527
2015.10.21;08:00:00;16.64005;16.55343;16.63303;16.55533;14827
2015.10.21;12:00:00;16.68523;16.60343;16.67357;16.63153;19619
2015.10.21;16:00:00;16.70653;16.63013;16.65663;16.67357;33441
2015.10.21;20:00:00;16.66374;16.60953;16.64533;16.65663;24453
2015.10.22;00:00:00;16.65166;16.64123;16.64193;16.64613;3526
2015.10.22;04:00:00;16.64434;16.62034;16.63043;16.64203;4842
2015.10.22;08:00:00;16.65183;16.61853;16.62443;16.63094;10234
2015.10.22;12:00:00;16.62909;16.52204;16.55376;16.62463;21975
2015.10.22;16:00:00;16.58993;16.46003;16.47855;16.55379;32236
2015.10.22;20:00:00;16.51183;16.46015;16.47123;16.47855;20347
2015.10.23;00:00:00;16.51283;16.46683;16.48423;16.47123;5607
2015.10.23;04:00:00;16.48843;16.46203;16.46993;16.48443;9834
2015.10.23;08:00:00;16.48303;16.43309;16.47603;16.46933;14807
2015.10.23;12:00:00;16.50263;16.38873;16.47693;16.47643;23652
2015.10.23;16:00:00;16.56933;16.46918;16.55433;16.47713;39316
2015.10.23;20:00:00;16.61018;16.55423;16.56212;16.55423;19957
2015.10.25;23:00:00;16.58011;16.57521;16.57821;16.57733;17
2015.10.26;00:00:00;16.58843;16.54103;16.56343;16.58133;6357
2015.10.26;04:00:00;16.58703;16.56113;16.58413;16.56363;6696
2015.10.26;08:00:00;16.58933;16.54993;16.55423;16.58403;14050
2015.10.26;12:00:00;16.55433;16.48811;16.52913;16.55433;21023
2015.10.26;16:00:00;16.55583;16.47003;16.55204;16.52883;25857
2015.10.26;20:00:00;16.55568;16.50254;16.51183;16.55204;13310
2015.10.27;00:00:00;16.52833;16.51123;16.52743;16.51183;5130
2015.10.27;04:00:00;16.55913;16.52743;16.54684;16.52743;5987
2015.10.27;08:00:00;16.57423;16.53833;16.55873;16.54684;13223
2015.10.27;12:00:00;16.59847;16.53394;16.59073;16.55883;20048
2015.10.27;16:00:00;16.60513;16.53143;16.53983;16.59133;30363
2015.10.27;20:00:00;16.54593;16.49985;16.54143;16.53978;15100
2015.10.28;00:00:00;16.55623;16.53843;16.55433;16.54143;6519
2015.10.28;04:00:00;16.55717;16.54373;16.54517;16.55433;5867
2015.10.28;08:00:00;16.54553;16.47743;16.48663;16.54452;13179
2015.10.28;12:00:00;16.54623;16.48333;16.49233;16.48673;21867
2015.10.28;16:00:00;16.50072;16.41923;16.43863;16.49243;30303
2015.10.28;20:00:00;16.65153;16.43593;16.61843;16.43873;29670
2015.10.29;00:00:00;16.64453;16.61263;16.63413;16.61843;6912
2015.10.29;04:00:00;16.63863;16.62193;16.62313;16.63413;6540
2015.10.29;08:00:00;16.66043;16.61623;16.65253;16.62303;16910
2015.10.29;12:00:00;16.69173;16.61973;16.65403;16.65243;31280
2015.10.29;16:00:00;16.65703;16.58383;16.5952;16.65423;30706
2015.10.29;20:00:00;16.64413;16.58843;16.61293;16.59523;12987
2015.10.30;00:00:00;16.62383;16.61103;16.61533;16.61293;5107
2015.10.30;04:00:00;16.62123;16.60823;16.61023;16.61533;9142
2015.10.30;08:00:00;16.61323;16.54478;16.54973;16.61013;14981
2015.10.30;12:00:00;16.60188;16.50843;16.53243;16.54983;28253
2015.10.30;16:00:00;16.55963;16.48017;16.50283;16.53263;30576
2015.10.30;20:00:00;16.52303;16.47523;16.48162;16.50293;14395
2015.11.02;00:00:00;16.50013;16.47763;16.48723;16.48551;5046
2015.11.02;04:00:00;16.49443;16.48053;16.48233;16.48723;5861
2015.11.02;08:00:00;16.50653;16.46293;16.50103;16.48233;21016
2015.11.02;12:00:00;16.53023;16.45813;16.47193;16.50103;28692
2015.11.02;16:00:00;16.51323;16.45173;16.46015;16.47203;25336
2015.11.02;20:00:00;16.46035;16.43173;16.43233;16.4602;12393
2015.11.03;00:00:00;16.44323;16.4209;16.44313;16.43263;5184
2015.11.03;04:00:00;16.45193;16.43373;16.44106;16.44313;6996
2015.11.03;08:00:00;16.47513;16.43413;16.47033;16.44106;17170
2015.11.03;12:00:00;16.50587;16.45743;16.47453;16.47033;22469
2015.11.03;16:00:00;16.47443;16.36813;16.38983;16.47443;27477
2015.11.03;20:00:00;16.41281;16.38203;16.39533;16.38973;14695
2015.11.04;00:00:00;16.40973;16.37043;16.37533;16.39443;5501
2015.11.04;04:00:00;16.39183;16.35023;16.38763;16.37483;8192
2015.11.04;08:00:00;16.41973;16.37873;16.40223;16.38773;18865
2015.11.04;12:00:00;16.43089;16.35933;16.42923;16.40223;25269
2015.11.04;16:00:00;16.55218;16.40263;16.54774;16.42893;32977
2015.11.04;20:00:00;16.55553;16.50876;16.53313;16.54774;17725
2015.11.05;00:00:00;16.55103;16.52982;16.53593;16.53223;4299
2015.11.05;04:00:00;16.53673;16.51122;16.52243;16.53593;5067
2015.11.05;08:00:00;16.55023;16.51573;16.54893;16.52233;13864
2015.11.05;12:00:00;16.58783;16.51663;16.53293;16.54893;21145
2015.11.05;16:00:00;16.61753;16.50718;16.58113;16.53293;31935
2015.11.05;20:00:00;16.62503;16.57923;16.59993;16.58113;15009
2015.11.06;00:00:00;16.61573;16.58759;16.60763;16.60003;3066
2015.11.06;04:00:00;16.61273;16.59843;16.60123;16.60753;3426
2015.11.06;08:00:00;16.62303;16.59633;16.61663;16.60133;11539
2015.11.06;12:00:00;16.80003;16.61253;16.77194;16.61693;22735
2015.11.06;16:00:00;16.87753;16.75303;16.82513;16.77194;33143
2015.11.06;20:00:00;16.83753;16.78643;16.79124;16.82523;13318
2015.11.09;00:00:00;16.82463;16.78833;16.79023;16.81206;4661
2015.11.09;04:00:00;16.79213;16.78483;16.7865;16.79023;4826
2015.11.09;08:00:00;16.81803;16.78073;16.80477;16.7865;10839
2015.11.09;12:00:00;16.89293;16.78573;16.88173;16.80477;17461
2015.11.09;16:00:00;16.91357;16.82613;16.84063;16.88273;28977
2015.11.09;20:00:00;16.85033;16.75673;16.75913;16.84073;13799
2015.11.10;00:00:00;16.78363;16.74531;16.77083;16.76213;5482
2015.11.10;04:00:00;16.77113;16.75853;16.76103;16.77103;6510
2015.11.10;08:00:00;16.79837;16.75542;16.78983;16.76103;11255
2015.11.10;12:00:00;16.84316;16.77091;16.83079;16.78993;21554
2015.11.10;16:00:00;16.8309;16.73148;16.73975;16.8309;31732
2015.11.10;20:00:00;16.762;16.71624;16.74223;16.73985;19019
2015.11.11;00:00:00;16.76578;16.72044;16.72503;16.74223;5220
2015.11.11;04:00:00;16.74163;16.72071;16.72933;16.72513;5658
2015.11.11;08:00:00;16.74513;16.70313;16.71293;16.72913;12330
2015.11.11;12:00:00;16.73893;16.6634;16.67165;16.71273;17215
2015.11.11;16:00:00;16.74573;16.6505;16.73516;16.67163;29819
2015.11.11;20:00:00;16.75973;16.70563;16.72133;16.73545;12565
2015.11.12;00:00:00;16.72418;16.68683;16.68763;16.72263;7499
2015.11.12;04:00:00;16.70029;16.68511;16.70014;16.68763;5488
2015.11.12;08:00:00;16.73993;16.69112;16.73693;16.70014;13192
2015.11.12;12:00:00;16.80794;16.72371;16.79937;16.73723;18915
2015.11.12;16:00:00;16.81136;16.70643;16.74621;16.79926;36550
2015.11.12;20:00:00;16.75198;16.71903;16.73433;16.74621;14570
2015.11.13;00:00:00;16.7489;16.72306;16.74737;16.73443;4306
2015.11.13;04:00:00;16.75501;16.74251;16.7533;16.74735;2699
2015.11.13;08:00:00;16.76137;16.73118;16.75603;16.75323;7073
2015.11.13;12:00:00;16.78763;16.72133;16.74401;16.75603;18318
2015.11.13;16:00:00;16.77592;16.68844;16.70123;16.74387;23916
2015.11.13;20:00:00;16.72713;16.65993;16.68027;16.70113;13914
2015.11.16;00:00:00;16.72406;16.68485;16.71731;16.68963;4281
2015.11.16;04:00:00;16.72743;16.71416;16.72473;16.71731;4156
2015.11.16;08:00:00;16.73293;16.70013;16.70696;16.72453;13542
2015.11.16;12:00:00;16.75033;16.67651;16.72843;16.70696;18547
2015.11.16;16:00:00;16.83383;16.71263;16.79953;16.72843;27848
2015.11.16;20:00:00;16.80083;16.74975;16.75512;16.79953;12251
2015.11.17;00:00:00;16.77483;16.74253;16.76885;16.75159;3608
2015.11.17;04:00:00;16.78113;16.76713;16.77793;16.76943;2049
2015.11.17;08:00:00;16.79473;16.74546;16.74917;16.77803;8928
2015.11.17;12:00:00;16.79521;16.73172;16.76473;16.74917;18190
2015.11.17;16:00:00;16.78014;16.73458;16.74953;16.76475;30603
2015.11.17;20:00:00;16.76433;16.70833;16.71583;16.74993;15010
2015.11.18;00:00:00;16.74718;16.70923;16.74428;16.71583;3843
2015.11.18;04:00:00;16.74598;16.71035;16.72793;16.74428;4716
2015.11.18;08:00:00;16.73733;16.69193;16.70933;16.72803;9801
2015.11.18;12:00:00;16.75963;16.70117;16.73432;16.70923;16836
2015.11.18;16:00:00;16.77579;16.72563;16.76723;16.73427;28400
2015.11.18;20:00:00;16.82192;16.72343;16.72883;16.76713;20006
2015.11.19;00:00:00;16.73879;16.69123;16.69203;16.72883;6906
2015.11.19;04:00:00;16.69203;16.64993;16.65283;16.69203;8548
2015.11.19;08:00:00;16.68333;16.64013;16.64489;16.65283;13117
2015.11.19;12:00:00;16.67864;16.62173;16.64023;16.64489;21560
2015.11.19;16:00:00;16.63973;16.549;16.56953;16.63973;33792
2015.11.19;20:00:00;16.64803;16.56563;16.61653;16.56943;13989
2015.11.20;00:00:00;16.65433;16.60601;16.64503;16.61533;4325
2015.11.20;04:00:00;16.64603;16.61543;16.63673;16.64503;4968
2015.11.20;08:00:00;16.65233;16.60113;16.60141;16.63683;13736
2015.11.20;12:00:00;16.61663;16.53096;16.53953;16.60141;19464
2015.11.20;16:00:00;16.53963;16.45269;16.51027;16.53953;27356
2015.11.20;20:00:00;16.55123;16.4842;16.53143;16.51027;14388
2015.11.23;00:00:00;16.56873;16.4905;16.56553;16.49073;3896
2015.11.23;04:00:00;16.59341;16.56563;16.59241;16.56583;6651
2015.11.23;08:00:00;16.61033;16.58468;16.60913;16.59241;11947
2015.11.23;12:00:00;16.62593;16.52233;16.54167;16.60903;20653
2015.11.23;16:00:00;16.5537;16.48223;16.49553;16.54117;25105
2015.11.23;20:00:00;16.56433;16.49043;16.54483;16.49553;11654
2015.11.24;00:00:00;16.55774;16.52092;16.53287;16.54373;4628
2015.11.24;04:00:00;16.53823;16.52893;16.53073;16.53287;4351
2015.11.24;08:00:00;16.54583;16.50263;16.51606;16.53083;14252
2015.11.24;12:00:00;16.56282;16.47907;16.51028;16.51606;25551
2015.11.24;16:00:00;16.51103;16.43535;16.48029;16.51028;29095
2015.11.24;20:00:00;16.54053;16.47068;16.52823;16.48014;14740
2015.11.25;00:00:00;16.53143;16.50223;16.51343;16.52833;4631
2015.11.25;04:00:00;16.51353;16.49643;16.50323;16.51333;6541
2015.11.25;08:00:00;16.52863;16.4915;16.51609;16.50323;15813
2015.11.25;12:00:00;16.581;16.48573;16.56283;16.51609;23247
2015.11.25;16:00:00;16.58128;16.51819;16.53004;16.56293;24718
2015.11.25;20:00:00;16.53583;16.48933;16.49032;16.52996;10493
2015.11.26;00:00:00;16.52983;16.48201;16.50743;16.48943;3305
2015.11.26;04:00:00;16.51283;16.49643;16.50393;16.50763;4058
2015.11.26;08:00:00;16.54773;16.49963;16.52974;16.50383;12322
2015.11.26;12:00:00;16.56316;16.51406;16.52753;16.52993;14184
2015.11.26;16:00:00;16.55793;16.52293;16.54392;16.52753;15141
2015.11.26;20:00:00;16.56361;16.53993;16.54549;16.54392;3521
2015.11.27;00:00:00;16.56613;16.54456;16.56313;16.54549;4228
2015.11.27;04:00:00;16.56553;16.55665;16.56003;16.56303;4311
2015.11.27;08:00:00;16.61083;16.55198;16.59823;16.56003;12919
2015.11.27;12:00:00;16.61153;16.53983;16.54403;16.59833;21313
2015.11.27;16:00:00;16.60742;16.53655;16.59003;16.54393;22606
2015.11.27;20:00:00;16.62583;16.58923;16.61642;16.58993;6755
2015.11.30;00:00:00;16.62599;16.59299;16.6157;16.59433;3291
2015.11.30;04:00:00;16.62043;16.60933;16.61193;16.6157;3918
2015.11.30;08:00:00;16.61893;16.58683;16.61473;16.61183;10839
2015.11.30;12:00:00;16.62073;16.56168;16.57204;16.61473;17264
2015.11.30;16:00:00;16.62603;16.55003;16.59293;16.57193;24704
2015.11.30;20:00:00;16.59343;16.56133;16.56543;16.59293;12091
2015.12.01;00:00:00;16.57203;16.55293;16.55473;16.56573;5182
2015.12.01;04:00:00;16.57443;16.54673;16.56953;16.55463;7485
2015.12.01;08:00:00;16.57093;16.51933;16.53703;16.56943;13025
2015.12.01;12:00:00;16.54633;16.49623;16.53225;16.53713;19078
2015.12.01;16:00:00;16.53983;16.46797;16.53423;16.5323;25217
2015.12.01;20:00:00;16.55133;16.50692;16.51133;16.53346;13092
2015.12.02;00:00:00;16.51859;16.50366;16.51453;16.51123;4046
2015.12.02;04:00:00;16.52431;16.51423;16.52181;16.51463;4278
2015.12.02;08:00:00;16.52331;16.49553;16.50763;16.52181;10267
2015.12.02;12:00:00;16.53677;16.49843;16.53629;16.50771;16931
2015.12.02;16:00:00;16.61623;16.53066;16.58653;16.53623;36457
2015.12.02;20:00:00;16.61263;16.55633;16.55663;16.58663;25131
2015.12.03;00:00:00;16.58533;16.55139;16.57713;16.55713;5144
2015.12.03;04:00:00;16.58723;16.52073;16.52353;16.57723;5920
2015.12.03;08:00:00;16.55003;16.52333;16.54073;16.52353;12458
2015.12.03;12:00:00;16.59843;16.52653;16.55363;16.54073;28887
2015.12.03;16:00:00;16.73399;16.54352;16.69843;16.55393;43581
2015.12.03;20:00:00;16.74983;16.68203;16.69563;16.6987;27332
2015.12.04;00:00:00;16.73033;16.68299;16.70493;16.69563;4145
2015.12.04;04:00:00;16.71493;16.70243;16.71423;16.70493;5424
2015.12.04;08:00:00;16.73654;16.69363;16.73431;16.71433;18721
2015.12.04;12:00:00;16.76823;16.68273;16.68833;16.73431;30240
2015.12.04;16:00:00;16.73283;16.64673;16.65983;16.68868;41020
2015.12.04;20:00:00;16.67363;16.62723;16.64286;16.65988;13312
2015.12.07;00:00:00;16.68823;16.6326;16.68243;16.64057;2152
2015.12.07;04:00:00;16.69113;16.68123;16.68163;16.68272;3762
2015.12.07;08:00:00;16.72413;16.68183;16.71213;16.68183;13096
2015.12.07;12:00:00;16.80773;16.70333;16.80103;16.71223;21238
2015.12.07;16:00:00;16.96839;16.79691;16.96807;16.80103;28818
2015.12.07;20:00:00;16.97053;16.87243;16.87263;16.96801;16636
2015.12.08;00:00:00;16.88893;16.87061;16.87683;16.87263;3729
2015.12.08;04:00:00;16.90735;16.87663;16.90023;16.87683;4714
2015.12.08;08:00:00;16.94203;16.88732;16.93334;16.90023;12719
2015.12.08;12:00:00;17.07266;16.92671;17.05385;16.93322;28819
2015.12.08;16:00:00;17.06553;16.9827;17.00903;17.0538;38736
2015.12.08;20:00:00;17.02708;16.99283;16.99793;17.00913;16576
2015.12.09;00:00:00;17.01578;16.99576;17.00012;17.00096;5051
2015.12.09;04:00:00;17.01963;16.99713;17.00623;17.00012;7482
2015.12.09;08:00:00;17.02738;16.98303;17.01233;17.00623;15256
2015.12.09;12:00:00;17.01873;16.91808;16.99864;17.01183;23007
2015.12.09;16:00:00;17.07196;16.94971;17.04423;16.99836;44182
2015.12.09;20:00:00;17.09393;17.02457;17.05262;17.04416;27894
2015.12.10;00:00:00;17.09078;17.04813;17.06063;17.05262;8408
2015.12.10;04:00:00;17.08123;17.05273;17.07324;17.06073;5239
2015.12.10;08:00:00;17.08165;17.02808;17.06173;17.07436;12836
2015.12.10;12:00:00;17.1057;17.03503;17.0832;17.06173;23656
2015.12.10;16:00:00;17.17211;17.03702;17.15002;17.08313;33979
2015.12.10;20:00:00;17.20491;17.14013;17.18873;17.15018;21154
2015.12.11;00:00:00;17.22323;17.16516;17.20455;17.18853;9114
2015.12.11;04:00:00;17.22391;17.20283;17.20533;17.20422;5873
2015.12.11;08:00:00;17.29202;17.1813;17.27854;17.20543;14733
2015.12.11;12:00:00;17.43473;17.27839;17.32833;17.27876;26119
2015.12.11;16:00:00;17.42703;17.29996;17.38803;17.32813;35453
2015.12.11;20:00:00;17.41343;17.36204;17.38342;17.38803;17876
2015.12.14;00:00:00;17.38413;17.26878;17.37563;17.26878;6287
2015.12.14;04:00:00;17.38503;17.35307;17.35673;17.37563;6968
2015.12.14;08:00:00;17.36288;17.29129;17.33933;17.35733;17182
2015.12.14;12:00:00;17.46283;17.30943;17.32543;17.33923;25815
2015.12.14;16:00:00;17.42703;17.28871;17.34113;17.32363;40127
2015.12.14;20:00:00;17.36572;17.30283;17.30359;17.34093;22851
2015.12.15;00:00:00;17.34133;17.29077;17.33273;17.30359;5248
2015.12.15;04:00:00;17.34233;17.30363;17.3315;17.33263;5165
2015.12.15;08:00:00;17.34422;17.26893;17.28953;17.3315;13680
2015.12.15;12:00:00;17.29436;17.21083;17.21389;17.28953;25689
2015.12.15;16:00:00;17.22283;17.12345;17.14143;17.21423;37355
2015.12.15;20:00:00;17.14213;17.14143;17.14159;17.14143;21
