DATE;TIME;HIGH;LOW;CLOSE;OPEN;VOLUME
2015.04.27;12:00:00;4.923;4.9005;4.923;4.908;128
2015.04.27;16:00:00;4.958;4.923;4.9505;4.923;161
2015.04.27;20:00:00;4.953;4.948;4.9505;4.9505;43
2015.04.28;00:00:00;4.9905;4.9355;4.9455;4.958;1207
2015.04.28;04:00:00;4.9505;4.9255;4.9255;4.943;250
2015.04.28;08:00:00;4.913;4.8755;4.913;4.883;183
2015.04.28;12:00:00;4.9155;4.903;4.913;4.9105;140
2015.04.28;16:00:00;4.928;4.908;4.908;4.9155;149
2015.04.28;20:00:00;4.9105;4.8955;4.9105;4.9055;40
2015.04.29;00:00:00;4.953;4.8855;4.9155;4.898;947
2015.04.29;04:00:00;4.9805;4.913;4.9755;4.913;197
2015.04.29;08:00:00;4.973;4.9555;4.9655;4.973;107
2015.04.29;12:00:00;4.963;4.9505;4.953;4.963;47
2015.04.29;16:00:00;4.953;4.933;4.9455;4.9505;202
2015.04.29;20:00:00;4.968;4.943;4.968;4.948;110
2015.04.30;00:00:00;5.0505;4.9355;5.013;4.9455;1352
2015.04.30;04:00:00;5.0255;4.9905;4.993;5.0155;173
2015.04.30;08:00:00;4.998;4.983;4.988;4.993;110
2015.04.30;12:00:00;4.9905;4.9755;4.9855;4.988;73
2015.04.30;16:00:00;5.018;4.9855;5.013;4.988;108
2015.04.30;20:00:00;5.0105;5.0005;5.008;5.0105;48
2015.05.01;00:00:00;5.038;4.9505;4.998;5.0055;1194
2015.05.01;04:00:00;5.0005;4.983;4.988;4.993;162
2015.05.01;08:00:00;5.013;4.988;5.0055;4.9905;139
2015.05.01;12:00:00;5.008;4.993;5.008;4.9955;54
2015.05.01;16:00:00;5.0255;5.0055;5.0155;5.0055;152
2015.05.01;20:00:00;5.018;5.008;5.018;5.018;54
2015.05.04;00:00:00;5.053;5.0055;5.023;5.028;887
2015.05.04;04:00:00;5.028;5.003;5.008;5.0205;171
2015.05.04;08:00:00;5.0105;5.003;5.0105;5.0055;131
2015.05.04;12:00:00;5.013;4.9955;4.998;5.008;79
2015.05.04;16:00:00;5.013;4.993;5.0005;4.998;162
2015.05.04;20:00:00;5.0005;4.9905;4.9905;5.0005;34
2015.05.05;00:00:00;4.9905;4.878;4.893;4.988;949
2015.05.05;04:00:00;4.913;4.8705;4.888;4.8955;216
2015.05.05;08:00:00;4.883;4.848;4.8805;4.878;122
2015.05.05;12:00:00;4.898;4.878;4.8855;4.878;106
2015.05.05;16:00:00;4.883;4.863;4.863;4.883;73
2015.05.05;20:00:00;4.8655;4.8555;4.8655;4.8605;36
2015.05.06;00:00:00;4.878;4.748;4.7505;4.868;842
2015.05.06;04:00:00;4.7555;4.7205;4.733;4.748;182
2015.05.06;08:00:00;4.7605;4.738;4.738;4.7455;224
2015.05.06;12:00:00;4.758;4.7355;4.758;4.7405;28
2015.05.06;16:00:00;4.758;4.7005;4.7105;4.7555;182
2015.05.06;20:00:00;4.7205;4.6955;4.7205;4.708;66
2015.05.07;00:00:00;4.773;4.6355;4.763;4.7255;1436
2015.05.07;04:00:00;4.778;4.738;4.758;4.763;267
2015.05.07;08:00:00;4.773;4.7555;4.7655;4.7605;136
2015.05.07;12:00:00;4.768;4.7355;4.7505;4.768;150
2015.05.07;16:00:00;4.788;4.748;4.7855;4.748;210
2015.05.07;20:00:00;4.7955;4.778;4.793;4.783;49
2015.05.08;00:00:00;4.8155;4.738;4.813;4.768;1152
2015.05.08;04:00:00;4.833;4.7855;4.833;4.8155;284
2015.05.08;08:00:00;4.8655;4.8305;4.848;4.8305;260
2015.05.08;12:00:00;4.858;4.838;4.8555;4.848;103
2015.05.08;16:00:00;4.878;4.853;4.868;4.858;264
2015.05.08;20:00:00;4.8805;4.868;4.868;4.8705;41
2015.05.11;00:00:00;4.8705;4.713;4.733;4.868;1250
2015.05.11;04:00:00;4.7605;4.7205;4.748;4.7305;352
2015.05.11;08:00:00;4.7555;4.7205;4.7255;4.7555;174
2015.05.11;12:00:00;4.7455;4.728;4.738;4.728;58
2015.05.11;16:00:00;4.773;4.738;4.738;4.7405;99
2015.05.11;20:00:00;4.748;4.738;4.7405;4.7405;21
2015.05.12;00:00:00;4.7855;4.6805;4.7205;4.743;970
2015.05.12;04:00:00;4.748;4.723;4.733;4.7255;221
2015.05.12;08:00:00;4.733;4.7055;4.7305;4.7055;147
2015.05.12;12:00:00;4.733;4.7155;4.718;4.728;30
2015.05.12;16:00:00;4.7155;4.668;4.6805;4.7155;185
2015.05.12;20:00:00;4.688;4.6755;4.6855;4.683;70
2015.05.13;00:00:00;4.738;4.658;4.713;4.683;815
2015.05.13;04:00:00;4.7355;4.708;4.7205;4.7105;126
2015.05.13;08:00:00;4.718;4.703;4.718;4.7055;110
2015.05.13;12:00:00;4.7205;4.7005;4.7005;4.718;105
2015.05.13;16:00:00;4.698;4.6705;4.6755;4.698;141
2015.05.13;20:00:00;4.6805;4.6755;4.678;4.678;36
2015.05.14;00:00:00;4.6805;4.6055;4.653;4.6705;1016
2015.05.14;04:00:00;4.663;4.6405;4.6605;4.6505;156
2015.05.14;08:00:00;4.6955;4.673;4.688;4.678;146
2015.05.14;12:00:00;4.6905;4.6805;4.6905;4.6855;52
2015.05.14;16:00:00;4.693;4.6805;4.6855;4.688;51
2015.05.14;20:00:00;4.693;4.683;4.688;4.688;48
2015.05.15;00:00:00;4.808;4.668;4.7855;4.7005;1369
2015.05.15;04:00:00;4.8155;4.768;4.7855;4.788;367
2015.05.15;08:00:00;4.8005;4.7755;4.798;4.798;106
2015.05.15;12:00:00;4.798;4.7905;4.793;4.798;19
2015.05.15;16:00:00;4.818;4.778;4.8005;4.7905;138
2015.05.15;20:00:00;4.8055;4.7805;4.7805;4.798;40
2015.05.18;00:00:00;4.833;4.708;4.7205;4.783;1609
2015.05.18;04:00:00;4.738;4.713;4.7205;4.718;224
2015.05.18;08:00:00;4.733;4.713;4.733;4.713;72
2015.05.18;12:00:00;4.7605;4.728;4.758;4.7305;66
2015.05.18;16:00:00;4.7655;4.738;4.7605;4.7555;64
2015.05.18;20:00:00;4.763;4.7355;4.7355;4.763;78
2015.05.19;00:00:00;4.798;4.7305;4.768;4.7555;1144
2015.05.19;04:00:00;4.8205;4.748;4.818;4.7705;198
2015.05.19;08:00:00;4.8355;4.758;4.7955;4.8205;244
2015.05.19;12:00:00;4.8005;4.778;4.783;4.793;61
2015.05.19;16:00:00;4.823;4.7805;4.793;4.7855;164
2015.05.19;20:00:00;4.798;4.7855;4.793;4.798;26
2015.05.20;00:00:00;4.8205;4.7605;4.7905;4.8055;1003
2015.05.20;04:00:00;4.813;4.7805;4.8105;4.793;201
2015.05.20;08:00:00;4.8055;4.7805;4.7805;4.8055;95
2015.05.20;12:00:00;4.803;4.783;4.803;4.783;26
2015.05.20;16:00:00;4.8105;4.793;4.803;4.8055;80
2015.05.20;20:00:00;4.803;4.7905;4.8005;4.8005;18
2015.05.21;00:00:00;4.8955;4.7755;4.838;4.803;2418
2015.05.21;04:00:00;4.853;4.793;4.808;4.8355;317
2015.05.21;08:00:00;4.833;4.8005;4.823;4.8005;100
2015.05.21;12:00:00;4.8255;4.8155;4.823;4.8205;54
2015.05.21;16:00:00;4.8355;4.798;4.8305;4.823;112
2015.05.21;20:00:00;4.843;4.8255;4.8405;4.828;49
2015.05.22;00:00:00;4.858;4.7055;4.7605;4.8355;1953
2015.05.22;04:00:00;4.8205;4.733;4.8105;4.763;249
2015.05.22;08:00:00;4.823;4.8055;4.8205;4.808;84
2015.05.22;12:00:00;4.823;4.813;4.818;4.823;36
2015.05.22;16:00:00;4.873;4.8205;4.8705;4.8205;145
2015.05.22;20:00:00;4.923;4.873;4.9005;4.873;182
2015.05.25;00:00:00;5.078;4.878;5.078;4.8905;2296
2015.05.25;04:00:00;5.1455;5.0755;5.138;5.0755;805
2015.05.25;08:00:00;5.1655;5.1255;5.1355;5.143;364
2015.05.25;12:00:00;5.153;5.1305;5.143;5.133;105
2015.05.25;16:00:00;5.1905;5.1455;5.148;5.148;351
2015.05.25;20:00:00;5.148;5.103;5.108;5.1455;118
2015.05.26;00:00:00;5.1555;5.0555;5.0905;5.103;2236
2015.05.26;04:00:00;5.1105;5.0655;5.1005;5.088;250
2015.05.26;08:00:00;5.1455;5.073;5.128;5.103;378
2015.05.26;12:00:00;5.163;5.128;5.148;5.1305;58
2015.05.26;16:00:00;5.183;5.143;5.168;5.1505;139
2015.05.26;20:00:00;5.193;5.168;5.1755;5.1705;136
2015.05.27;00:00:00;5.293;5.163;5.248;5.1855;1983
2015.05.27;04:00:00;5.268;5.2005;5.2155;5.2505;301
2015.05.27;08:00:00;5.2405;5.1955;5.218;5.1955;341
2015.05.27;12:00:00;5.2205;5.133;5.1355;5.2155;179
2015.05.27;16:00:00;5.153;5.108;5.113;5.138;305
2015.05.27;20:00:00;5.123;5.0955;5.1005;5.1155;107
2015.05.28;00:00:00;5.1505;5.033;5.078;5.123;1615
2015.05.28;04:00:00;5.103;5.0705;5.1005;5.083;284
2015.05.28;08:00:00;5.108;5.0755;5.078;5.1005;121
2015.05.28;12:00:00;5.083;5.048;5.0655;5.078;123
2015.05.28;16:00:00;5.078;5.058;5.0605;5.068;100
2015.05.28;20:00:00;5.0705;5.0455;5.0605;5.058;79
2015.05.29;00:00:00;5.1505;5.0255;5.108;5.0555;2031
2015.05.29;04:00:00;5.1305;5.0955;5.118;5.1105;308
2015.05.29;08:00:00;5.138;5.1055;5.1305;5.1355;122
2015.05.29;12:00:00;5.1705;5.1305;5.1655;5.133;96
2015.05.29;16:00:00;5.178;5.1455;5.163;5.163;274
2015.05.29;20:00:00;5.1655;5.1555;5.1555;5.1605;43
2015.06.01;00:00:00;5.273;5.1505;5.2455;5.153;2237
2015.06.01;04:00:00;5.263;5.1955;5.198;5.248;267
2015.06.01;08:00:00;5.263;5.208;5.2555;5.2105;234
2015.06.01;12:00:00;5.268;5.243;5.268;5.2538;97
2015.06.01;16:00:00;5.283;5.253;5.263;5.2705;279
2015.06.01;20:00:00;5.2805;5.258;5.2605;5.263;89
2015.06.02;00:00:00;5.253;5.1055;5.133;5.253;1926
2015.06.02;04:00:00;5.1655;5.123;5.143;5.128;340
2015.06.02;08:00:00;5.188;5.1405;5.163;5.1405;321
2015.06.02;12:00:00;5.183;5.133;5.148;5.1655;205
2015.06.02;16:00:00;5.1455;5.1205;5.1205;5.1455;158
2015.06.02;20:00:00;5.1305;5.098;5.1055;5.123;97
2015.06.03;00:00:00;5.1155;4.9205;4.9255;5.103;1934
2015.06.03;04:00:00;4.958;4.9155;4.9205;4.923;300
2015.06.03;08:00:00;4.953;4.923;4.923;4.953;89
2015.06.03;12:00:00;4.933;4.9055;4.908;4.9255;65
2015.06.03;16:00:00;4.9155;4.8355;4.8405;4.9055;392
2015.06.03;20:00:00;4.8555;4.823;4.8505;4.843;131
2015.06.04;00:00:00;4.9555;4.8155;4.9055;4.8455;1849
2015.06.04;04:00:00;4.9155;4.8605;4.8755;4.908;254
2015.06.04;08:00:00;4.8855;4.863;4.8655;4.8855;142
2015.06.04;12:00:00;4.933;4.863;4.9305;4.868;107
2015.06.04;16:00:00;4.9405;4.898;4.9005;4.933;163
2015.06.04;20:00:00;4.913;4.898;4.9105;4.898;24
2015.06.05;00:00:00;4.933;4.8255;4.8755;4.903;1531
2015.06.05;04:00:00;4.903;4.868;4.868;4.8805;163
2015.06.05;08:00:00;4.878;4.848;4.8555;4.868;174
2015.06.05;12:00:00;4.8605;4.8405;4.8405;4.858;80
2015.06.05;16:00:00;4.873;4.8305;4.873;4.838;217
2015.06.05;20:00:00;4.8705;4.8505;4.853;4.8705;38
2015.06.08;00:00:00;4.8855;4.7405;4.7505;4.8455;1582
2015.06.08;04:00:00;4.7755;4.7405;4.773;4.748;385
2015.06.08;08:00:00;4.7755;4.7355;4.7405;4.7755;149
2015.06.08;12:00:00;4.7755;4.7405;4.773;4.7455;107
2015.06.08;16:00:00;4.7855;4.748;4.7605;4.7755;127
2015.06.08;20:00:00;4.778;4.758;4.7755;4.758;51
2015.06.09;00:00:00;4.948;4.758;4.933;4.7705;2248
2015.06.09;04:00:00;4.943;4.9055;4.943;4.9355;270
2015.06.09;08:00:00;4.963;4.9305;4.958;4.9455;211
2015.06.09;12:00:00;4.973;4.9355;4.973;4.9555;92
2015.06.09;16:00:00;4.9805;4.9555;4.963;4.9705;150
2015.06.09;20:00:00;5.0005;4.9655;4.998;4.9655;132
2015.06.10;00:00:00;5.098;4.923;5.083;5.0005;2127
2015.06.10;04:00:00;5.1255;5.083;5.1205;5.083;393
2015.06.10;08:00:00;5.138;5.1205;5.128;5.1255;192
2015.06.10;12:00:00;5.163;5.128;5.1505;5.128;97
2015.06.10;16:00:00;5.1505;5.078;5.1105;5.148;234
2015.06.10;20:00:00;5.1105;5.0955;5.108;5.108;60
2015.06.11;00:00:00;5.253;5.0805;5.138;5.118;2872
2015.06.11;04:00:00;5.1505;5.083;5.0855;5.1405;472
2015.06.11;08:00:00;5.0955;5.053;5.088;5.093;170
2015.06.11;12:00:00;5.093;5.0355;5.0505;5.0905;116
2015.06.11;16:00:00;5.103;5.0455;5.103;5.048;166
2015.06.11;20:00:00;5.1055;5.0655;5.0705;5.1005;92
2015.06.12;00:00:00;5.233;5.058;5.2205;5.0655;2465
2015.06.12;04:00:00;5.2355;5.203;5.2255;5.223;275
2015.06.12;08:00:00;5.233;5.163;5.1805;5.233;374
2015.06.12;12:00:00;5.2305;5.173;5.203;5.183;199
2015.06.12;16:00:00;5.2655;5.2005;5.228;5.2005;326
2015.06.12;20:00:00;5.243;5.198;5.2005;5.2255;224
2015.06.15;00:00:00;5.333;5.1655;5.1805;5.193;3079
2015.06.15;04:00:00;5.203;5.1555;5.163;5.178;310
2015.06.15;08:00:00;5.208;5.1555;5.193;5.163;400
2015.06.15;12:00:00;5.208;5.1655;5.188;5.198;82
2015.06.15;16:00:00;5.2055;5.1705;5.2005;5.1905;154
2015.06.15;20:00:00;5.2405;5.2005;5.2105;5.2005;102
2015.06.16;00:00:00;5.3205;5.208;5.3055;5.208;1893
2015.06.16;04:00:00;5.3105;5.2505;5.2755;5.308;453
2015.06.16;08:00:00;5.3005;5.258;5.2955;5.258;234
2015.06.16;12:00:00;5.3005;5.2705;5.3005;5.2955;55
2015.06.16;16:00:00;5.303;5.2505;5.278;5.303;343
2015.06.16;20:00:00;5.278;5.2355;5.243;5.2755;96
2015.06.17;00:00:00;5.3655;5.248;5.3355;5.2505;2526
2015.06.17;04:00:00;5.3555;5.3055;5.3205;5.338;411
2015.06.17;08:00:00;5.353;5.318;5.348;5.318;294
2015.06.17;12:00:00;5.368;5.3455;5.3655;5.3455;175
2015.06.17;16:00:00;5.368;5.318;5.353;5.363;309
2015.06.17;20:00:00;5.358;5.338;5.3405;5.3505;130
2015.06.18;00:00:00;5.3555;5.123;5.1405;5.353;3062
2015.06.18;04:00:00;5.168;5.1205;5.1205;5.138;451
2015.06.18;08:00:00;5.148;5.113;5.113;5.1305;222
2015.06.18;12:00:00;5.1305;5.1055;5.118;5.113;73
2015.06.18;16:00:00;5.118;5.0755;5.088;5.1155;293
2015.06.18;20:00:00;5.1005;5.0655;5.073;5.0905;156
2015.06.19;00:00:00;5.1405;5.0205;5.033;5.0755;1990
2015.06.19;04:00:00;5.0455;5.023;5.0455;5.0305;206
2015.06.19;08:00:00;5.0705;5.0155;5.018;5.0355;274
2015.06.19;12:00:00;5.0255;5.0005;5.008;5.0205;142
2015.06.19;16:00:00;5.0455;5.0005;5.0405;5.0055;185
2015.06.19;20:00:00;5.053;5.033;5.048;5.043;77
2015.06.22;00:00:00;5.1005;5.0405;5.0505;5.048;1645
2015.06.22;04:00:00;5.0605;5.028;5.038;5.048;260
2015.06.22;08:00:00;5.0305;4.978;4.9805;5.0305;236
2015.06.22;12:00:00;4.988;4.9755;4.983;4.9805;42
2015.06.22;16:00:00;4.9805;4.958;4.9605;4.9805;159
2015.06.22;20:00:00;4.978;4.9605;4.9755;4.963;37
2015.06.23;00:00:00;4.973;4.8555;4.8705;4.973;1492
2015.06.23;04:00:00;4.903;4.868;4.883;4.868;308
2015.06.23;08:00:00;4.9755;4.9355;4.9705;4.9455;125
2015.06.23;12:00:00;4.998;4.963;4.9955;4.9705;80
2015.06.23;16:00:00;5.003;4.9655;4.973;4.998;238
2015.06.23;20:00:00;4.993;4.973;4.9905;4.973;43
2015.06.24;00:00:00;4.9905;4.918;4.9305;4.988;1376
2015.06.24;04:00:00;4.953;4.923;4.9355;4.928;219
2015.06.24;08:00:00;4.9655;4.9455;4.9655;4.9555;207
2015.06.24;12:00:00;4.993;4.9655;4.993;4.9655;90
2015.06.24;16:00:00;5.0455;4.9905;5.0155;4.9905;292
2015.06.24;20:00:00;5.0205;4.9955;5.0055;5.018;99
2015.06.25;00:00:00;5.0405;4.953;4.958;5.0105;1580
2015.06.25;04:00:00;4.978;4.9505;4.968;4.9605;238
2015.06.25;08:00:00;4.968;4.9305;4.948;4.968;237
2015.06.25;12:00:00;4.9555;4.923;4.9305;4.9455;171
2015.06.25;16:00:00;4.9905;4.928;4.968;4.928;261
2015.06.25;20:00:00;4.973;4.9655;4.968;4.9705;76
2015.06.26;00:00:00;5.038;4.9505;4.993;4.9605;1371
2015.06.26;04:00:00;5.0005;4.923;4.9255;4.9955;272
2015.06.26;08:00:00;4.9305;4.903;4.908;4.9255;274
2015.06.26;12:00:00;4.9205;4.9005;4.903;4.9105;147
2015.06.26;16:00:00;4.918;4.898;4.9155;4.9005;383
2015.06.26;20:00:00;4.933;4.913;4.928;4.913;49
2015.06.29;00:00:00;4.9705;4.878;4.933;4.923;1426
2015.06.29;04:00:00;4.9355;4.913;4.923;4.9305;191
2015.06.29;08:00:00;4.938;4.908;4.9305;4.913;305
2015.06.29;12:00:00;4.978;4.928;4.953;4.928;209
2015.06.29;16:00:00;4.963;4.948;4.9605;4.9555;331
2015.06.29;20:00:00;4.9905;4.958;4.9805;4.958;91
2015.06.30;00:00:00;5.083;4.948;5.043;4.9855;1208
2015.06.30;04:00:00;5.0605;5.033;5.0605;5.0455;174
2015.06.30;08:00:00;5.133;5.0605;5.1155;5.0605;295
2015.06.30;12:00:00;5.128;5.108;5.118;5.118;141
2015.06.30;16:00:00;5.128;5.088;5.0955;5.1205;201
2015.06.30;20:00:00;5.1005;5.0805;5.083;5.093;127
2015.07.01;00:00:00;5.1855;5.073;5.1855;5.078;1410
2015.07.01;04:00:00;5.273;5.1805;5.273;5.183;328
2015.07.01;08:00:00;5.2705;5.2105;5.2355;5.2705;218
2015.07.01;12:00:00;5.2405;5.233;5.238;5.2355;60
2015.07.01;16:00:00;5.2605;5.2005;5.228;5.2405;358
2015.07.01;20:00:00;5.233;5.2205;5.2305;5.2255;36
2015.07.02;00:00:00;5.3455;5.188;5.3405;5.228;1665
2015.07.02;04:00:00;5.3405;5.218;5.228;5.338;465
2015.07.02;08:00:00;5.233;5.2105;5.2155;5.223;217
2015.07.02;12:00:00;5.2255;5.178;5.1805;5.218;172
2015.07.02;16:00:00;5.2405;5.178;5.2405;5.178;341
2015.07.02;20:00:00;5.263;5.2355;5.253;5.243;114
2015.07.03;00:00:00;5.373;5.2505;5.358;5.2555;1647
2015.07.03;04:00:00;5.383;5.328;5.3805;5.3605;452
2015.07.03;08:00:00;5.3955;5.3555;5.383;5.3805;296
2015.07.03;12:00:00;5.4005;5.3805;5.398;5.383;199
2015.07.03;16:00:00;5.593;5.393;5.5805;5.3955;1003
2015.07.03;20:00:00;5.648;5.5755;5.6405;5.578;352
2015.07.06;00:00:00;5.713;5.5105;5.6805;5.623;3818
2015.07.06;04:00:00;5.703;5.6405;5.658;5.683;586
2015.07.06;08:00:00;5.763;5.623;5.723;5.6255;813
2015.07.06;12:00:00;5.723;5.668;5.673;5.7205;416
2015.07.06;16:00:00;5.7605;5.6355;5.758;5.6705;514
2015.07.06;20:00:00;5.763;5.7405;5.7555;5.7555;200
2015.07.07;00:00:00;5.908;5.7305;5.8105;5.7755;3973
2015.07.07;04:00:00;5.8405;5.8005;5.8355;5.8105;598
2015.07.07;08:00:00;5.878;5.823;5.868;5.8255;327
2015.07.07;12:00:00;5.873;5.7705;5.7705;5.8705;450
2015.07.07;16:00:00;5.8705;5.7655;5.8355;5.7705;424
2015.07.07;20:00:00;5.833;5.7955;5.8055;5.833;170
2015.07.08;00:00:00;6.053;5.753;5.9955;5.813;6116
2015.07.08;04:00:00;6.1655;5.9905;6.1555;5.9955;1020
2015.07.08;08:00:00;6.1455;6.058;6.068;6.138;709
2015.07.08;12:00:00;6.113;6.018;6.1105;6.0705;419
2015.07.08;16:00:00;6.1405;6.0305;6.038;6.113;902
2015.07.08;20:00:00;6.0505;5.963;5.973;6.0355;360
2015.07.09;00:00:00;6.0155;5.7555;5.768;5.998;4168
2015.07.09;04:00:00;5.8905;5.7655;5.8655;5.7705;439
2015.07.09;08:00:00;5.9205;5.858;5.9105;5.8755;284
2015.07.09;12:00:00;5.9105;5.888;5.9055;5.9105;120
2015.07.09;16:00:00;5.9155;5.7655;5.8155;5.903;684
2015.07.09;20:00:00;5.8155;5.7805;5.783;5.813;175
2015.07.10;00:00:00;6.003;5.7355;5.9305;5.778;3791
2015.07.10;04:00:00;5.8555;5.763;5.788;5.828;662
2015.07.10;08:00:00;5.8205;5.7605;5.8005;5.788;294
2015.07.10;12:00:00;5.808;5.7305;5.7355;5.8005;396
2015.07.10;16:00:00;5.753;5.7155;5.7405;5.733;205
2015.07.10;20:00:00;5.9905;5.7255;5.9555;5.733;4063
2015.07.13;00:00:00;5.963;5.908;5.9505;5.958;643
2015.07.13;04:00:00;5.923;5.8905;5.908;5.923;616
2015.07.13;08:00:00;5.9255;5.868;5.878;5.908;413
2015.07.13;12:00:00;5.9155;5.833;5.838;5.8755;647
2015.07.13;16:00:00;5.868;5.8255;5.858;5.8355;223
2015.07.13;20:00:00;5.9055;5.778;5.8555;5.8555;3947
2015.07.14;00:00:00;5.8755;5.823;5.8355;5.858;528
2015.07.14;04:00:00;5.838;5.798;5.8055;5.8305;257
2015.07.14;08:00:00;5.8205;5.7505;5.758;5.808;288
2015.07.14;12:00:00;5.7655;5.7255;5.7555;5.758;592
2015.07.14;16:00:00;5.7905;5.758;5.7605;5.758;185
2015.07.14;20:00:00;5.873;5.753;5.778;5.753;2680
2015.07.15;00:00:00;5.783;5.763;5.7705;5.7805;267
2015.07.15;04:00:00;5.818;5.7555;5.818;5.7605;279
2015.07.15;08:00:00;5.8405;5.803;5.818;5.818;297
2015.07.15;12:00:00;5.833;5.7955;5.828;5.8205;374
2015.07.15;16:00:00;5.8355;5.808;5.8155;5.8255;126
2015.07.15;20:00:00;5.858;5.748;5.813;5.8155;3095
2015.07.16;00:00:00;5.823;5.763;5.768;5.813;497
2015.07.16;04:00:00;5.768;5.7355;5.768;5.7605;321
2015.07.16;08:00:00;5.8005;5.7655;5.7855;5.7655;173
2015.07.16;12:00:00;5.8305;5.743;5.828;5.7805;555
2015.07.16;16:00:00;5.8455;5.8255;5.8455;5.8305;136
2015.07.16;20:00:00;5.8705;5.6855;5.798;5.8405;3810
2015.07.17;00:00:00;5.8055;5.7455;5.7505;5.7955;552
2015.07.17;04:00:00;5.7605;5.7005;5.723;5.7405;618
2015.07.17;08:00:00;5.7405;5.7055;5.7305;5.723;292
2015.07.17;12:00:00;5.7555;5.723;5.738;5.733;455
2015.07.17;16:00:00;5.743;5.708;5.708;5.7405;146
2015.07.17;20:00:00;5.748;5.663;5.743;5.703;1967
2015.07.20;00:00:00;5.7555;5.7255;5.7505;5.7455;317
2015.07.20;04:00:00;5.813;5.7405;5.798;5.743;495
2015.07.20;08:00:00;5.818;5.793;5.8005;5.8005;273
2015.07.20;12:00:00;5.8105;5.7455;5.753;5.803;463
2015.07.20;16:00:00;5.778;5.753;5.7655;5.7555;133
2015.07.20;20:00:00;5.778;5.688;5.7055;5.7755;2539
2015.07.21;00:00:00;5.723;5.703;5.7055;5.7105;333
2015.07.21;04:00:00;5.688;5.6505;5.663;5.688;489
2015.07.21;08:00:00;5.683;5.6555;5.678;5.663;140
2015.07.21;12:00:00;5.6755;5.6105;5.6205;5.673;533
2015.07.21;16:00:00;5.638;5.618;5.6355;5.618;128
2015.07.21;20:00:00;5.6755;5.5805;5.638;5.623;3322
2015.07.22;00:00:00;5.668;5.6355;5.6655;5.6405;605
2015.07.22;04:00:00;5.678;5.6455;5.6655;5.658;341
2015.07.22;08:00:00;5.6705;5.638;5.6405;5.668;122
2015.07.22;12:00:00;5.6755;5.6155;5.6755;5.638;465
2015.07.22;16:00:00;5.723;5.6705;5.7005;5.673;315
2015.07.22;20:00:00;5.733;5.6255;5.6505;5.7105;2497
2015.07.23;00:00:00;5.6605;5.6105;5.6255;5.6505;319
2015.07.23;04:00:00;5.6055;5.5605;5.578;5.6005;384
2015.07.23;08:00:00;5.5905;5.5655;5.583;5.5755;209
2015.07.23;12:00:00;5.6005;5.578;5.578;5.5805;238
2015.07.23;16:00:00;5.578;5.5555;5.558;5.578;116
2015.07.23;20:00:00;5.558;5.4555;5.523;5.553;2398
2015.07.24;00:00:00;5.548;5.508;5.5355;5.5205;540
2015.07.24;04:00:00;5.5255;5.428;5.4705;5.5255;587
2015.07.24;08:00:00;5.473;5.448;5.463;5.473;202
2015.07.24;12:00:00;5.4755;5.438;5.4505;5.4655;297
2015.07.24;16:00:00;5.453;5.4305;5.433;5.4505;75
2015.07.24;20:00:00;5.448;5.353;5.3555;5.428;1942
2015.07.27;00:00:00;5.3605;5.3005;5.3355;5.358;478
2015.07.27;04:00:00;5.3305;5.2955;5.2955;5.328;301
2015.07.27;08:00:00;5.323;5.2955;5.3205;5.298;169
2015.07.27;12:00:00;5.3705;5.313;5.3205;5.323;498
2015.07.27;16:00:00;5.3255;5.2805;5.2805;5.323;106
2015.07.27;20:00:00;5.3655;5.2655;5.268;5.2805;2078
2015.07.28;00:00:00;5.268;5.238;5.2405;5.2655;184
2015.07.28;04:00:00;5.238;5.208;5.2205;5.238;280
2015.07.28;08:00:00;5.228;5.203;5.203;5.2205;230
2015.07.28;12:00:00;5.203;5.1655;5.168;5.2005;318
2015.07.28;16:00:00;5.1705;5.158;5.1605;5.1655;79
2015.07.28;20:00:00;5.2755;5.148;5.178;5.168;2019
2015.07.29;00:00:00;5.1855;5.1505;5.1555;5.1755;363
2015.07.29;04:00:00;5.193;5.1605;5.193;5.1605;290
2015.07.29;08:00:00;5.2255;5.183;5.2105;5.1905;240
2015.07.29;12:00:00;5.2255;5.198;5.203;5.213;216
2015.07.29;16:00:00;5.223;5.2005;5.2205;5.2005;167
2015.07.29;20:00:00;5.263;5.158;5.183;5.213;1757
2015.07.30;00:00:00;5.2255;5.183;5.213;5.1855;339
2015.07.30;04:00:00;5.218;5.1855;5.218;5.2005;247
2015.07.30;08:00:00;5.228;5.2005;5.2105;5.2205;130
2015.07.30;12:00:00;5.2205;5.168;5.1755;5.2155;177
2015.07.30;16:00:00;5.178;5.1455;5.1605;5.178;94
2015.07.30;20:00:00;5.173;5.0905;5.1355;5.158;1398
2015.07.31;00:00:00;5.1605;5.1105;5.1105;5.133;257
2015.07.31;04:00:00;5.1055;5.038;5.058;5.1055;522
2015.07.31;08:00:00;5.078;5.0555;5.068;5.0555;166
2015.07.31;12:00:00;5.078;5.058;5.0605;5.0655;217
2015.07.31;16:00:00;5.0655;5.0505;5.0505;5.0605;77
2015.07.31;20:00:00;5.1105;5.0205;5.0205;5.053;1529
2015.08.03;00:00:00;5.048;5.008;5.008;5.018;334
2015.08.03;04:00:00;5.0355;5.0155;5.033;5.0205;400
2015.08.03;08:00:00;5.048;5.0305;5.0455;5.0305;117
2015.08.03;12:00:00;5.0805;5.048;5.0805;5.048;263
2015.08.03;16:00:00;5.088;5.063;5.063;5.0805;112
2015.08.03;20:00:00;5.098;5.013;5.0605;5.068;2134
2015.08.04;00:00:00;5.1105;5.058;5.1005;5.058;276
2015.08.04;04:00:00;5.118;5.0855;5.0955;5.1105;213
2015.08.04;08:00:00;5.1005;5.0605;5.0605;5.093;56
2015.08.04;12:00:00;5.073;5.0455;5.0505;5.063;151
2015.08.04;16:00:00;5.0605;5.048;5.0555;5.048;47
2015.08.04;20:00:00;5.058;4.9605;4.9805;5.058;1471
2015.08.05;00:00:00;4.9955;4.9505;4.9555;4.9755;260
2015.08.05;04:00:00;4.9655;4.9505;4.958;4.958;256
2015.08.05;08:00:00;4.973;4.953;4.973;4.958;203
2015.08.05;12:00:00;5.0005;4.968;4.993;4.9755;256
2015.08.05;16:00:00;5.023;4.988;5.008;4.9955;146
2015.08.05;20:00:00;5.0405;4.933;4.968;5.0155;2011
2015.08.06;00:00:00;4.978;4.9555;4.958;4.968;181
2015.08.06;04:00:00;4.9955;4.953;4.9955;4.9605;210
2015.08.06;08:00:00;5.0005;4.988;4.988;4.998;110
2015.08.06;12:00:00;5.028;4.983;5.0105;4.988;237
2015.08.06;16:00:00;5.023;4.9955;5.0155;5.0105;151
2015.08.06;20:00:00;5.028;4.9655;4.978;5.013;1293
2015.08.07;00:00:00;5.013;4.9705;4.9955;4.9755;383
2015.08.07;04:00:00;4.978;4.958;4.9655;4.968;298
2015.08.07;08:00:00;4.9705;4.9405;4.9405;4.963;96
2015.08.07;12:00:00;4.9455;4.923;4.933;4.943;172
2015.08.07;16:00:00;4.938;4.928;4.933;4.933;82
2015.08.07;20:00:00;4.983;4.9005;4.968;4.928;1356
2015.08.10;00:00:00;4.998;4.958;4.9805;4.9655;286
2015.08.10;04:00:00;5.038;4.988;5.018;4.988;295
2015.08.10;08:00:00;5.043;5.0155;5.0405;5.0205;108
2015.08.10;12:00:00;5.063;5.008;5.013;5.043;195
2015.08.10;16:00:00;5.023;5.013;5.018;5.0155;39
2015.08.10;20:00:00;5.028;4.9405;4.9405;5.013;1605
2015.08.11;00:00:00;4.948;4.908;4.933;4.943;265
2015.08.11;04:00:00;4.9655;4.928;4.958;4.9355;190
2015.08.11;08:00:00;4.968;4.9505;4.9505;4.9605;73
2015.08.11;12:00:00;4.9505;4.918;4.933;4.948;136
2015.08.11;16:00:00;4.933;4.9155;4.923;4.9305;189
2015.08.11;20:00:00;5.0405;4.923;4.993;4.9255;1623
2015.08.12;00:00:00;5.0205;4.9805;5.0205;4.9955;199
2015.08.12;04:00:00;5.018;4.978;4.983;5.018;248
2015.08.12;08:00:00;4.9905;4.978;4.9905;4.983;76
2015.08.12;12:00:00;5.0905;4.9905;5.068;4.9905;377
2015.08.12;16:00:00;5.0905;5.0655;5.078;5.0705;138
2015.08.12;20:00:00;5.1355;5.0455;5.1105;5.073;1285
2015.08.13;00:00:00;5.1105;5.0555;5.0605;5.108;331
2015.08.13;04:00:00;5.0805;5.0455;5.048;5.073;160
2015.08.13;08:00:00;5.078;5.0455;5.068;5.0455;94
2015.08.13;12:00:00;5.0905;5.0605;5.088;5.0655;208
2015.08.13;16:00:00;5.0955;5.078;5.083;5.0905;57
2015.08.13;20:00:00;5.133;5.033;5.1205;5.0855;1720
2015.08.14;00:00:00;5.123;5.0905;5.093;5.123;197
2015.08.14;04:00:00;5.1405;5.1005;5.128;5.1155;245
2015.08.14;08:00:00;5.1405;5.128;5.1305;5.1305;70
2015.08.14;12:00:00;5.1405;5.113;5.1155;5.128;63
2015.08.14;16:00:00;5.113;5.1005;5.108;5.1105;62
2015.08.14;20:00:00;5.293;5.0855;5.238;5.1055;1861
2015.08.17;00:00:00;5.258;5.2205;5.253;5.238;381
2015.08.17;04:00:00;5.238;5.198;5.208;5.218;383
2015.08.17;08:00:00;5.2305;5.2055;5.2255;5.2055;200
2015.08.17;12:00:00;5.2305;5.188;5.188;5.228;349
2015.08.17;16:00:00;5.188;5.163;5.1655;5.1855;96
2015.08.17;20:00:00;5.168;5.0355;5.0805;5.163;1825
2015.08.18;00:00:00;5.0955;5.0605;5.0605;5.083;328
2015.08.18;04:00:00;5.088;5.008;5.0155;5.068;434
2015.08.18;08:00:00;5.028;5.008;5.023;5.013;248
2015.08.18;12:00:00;5.113;5.023;5.103;5.0255;451
2015.08.18;16:00:00;5.1155;5.0955;5.1005;5.1055;108
2015.08.18;20:00:00;5.1405;4.8355;4.8955;5.1005;3258
2015.08.19;00:00:00;4.953;4.8905;4.9305;4.893;471
2015.08.19;04:00:00;4.953;4.9155;4.948;4.923;236
2015.08.19;08:00:00;4.9655;4.9505;4.9655;4.9505;119
2015.08.19;12:00:00;4.983;4.953;4.958;4.963;251
2015.08.19;16:00:00;4.9605;4.9505;4.9555;4.9555;77
2015.08.19;20:00:00;5.0405;4.928;5.018;4.948;2622
2015.08.20;00:00:00;5.028;4.978;5.028;5.018;385
2015.08.20;04:00:00;5.0255;4.9955;5.0055;5.0255;163
2015.08.20;08:00:00;5.0155;5.003;5.008;5.0105;151
2015.08.20;12:00:00;5.0105;4.973;4.9905;5.008;65
2015.08.20;16:00:00;5.0105;4.9905;5.003;4.993;99
2015.08.20;20:00:00;5.1155;4.9855;5.083;5.003;1838
2015.08.21;00:00:00;5.088;5.043;5.0605;5.0805;275
2015.08.21;04:00:00;5.0605;5.0105;5.053;5.0355;253
2015.08.21;08:00:00;5.0805;5.048;5.073;5.0505;180
2015.08.21;12:00:00;5.0705;5.0305;5.053;5.0705;355
2015.08.21;16:00:00;5.073;5.043;5.073;5.053;55
2015.08.21;20:00:00;5.0755;4.978;4.993;5.0755;1581
2015.08.24;00:00:00;5.018;4.988;4.9955;4.9905;226
2015.08.24;04:00:00;5.0255;4.988;5.0105;4.993;170
2015.08.24;08:00:00;5.028;4.9855;4.993;5.0105;145
2015.08.24;12:00:00;5.003;4.983;4.983;4.993;161
2015.08.24;16:00:00;4.998;4.983;4.9855;4.983;104
2015.08.24;20:00:00;4.993;4.928;4.9605;4.9755;1810
2015.08.25;00:00:00;4.963;4.933;4.933;4.9605;279
2015.08.25;04:00:00;4.968;4.9405;4.958;4.943;221
2015.08.25;08:00:00;4.963;4.9405;4.963;4.9555;185
2015.08.25;12:00:00;4.9655;4.9355;4.938;4.9655;154
2015.08.25;16:00:00;4.9455;4.9355;4.938;4.9355;35
2015.08.25;20:00:00;4.978;4.9055;4.913;4.9405;1674
2015.08.26;00:00:00;4.9655;4.9105;4.9605;4.913;318
2015.08.26;04:00:00;4.9905;4.948;4.9855;4.948;287
2015.08.26;08:00:00;5.013;4.9755;4.9905;4.9855;194
2015.08.26;12:00:00;4.993;4.9505;4.978;4.9905;278
2015.08.26;16:00:00;5.0005;4.983;4.9955;4.983;111
2015.08.26;20:00:00;5.053;4.9905;5.048;4.993;1512
2015.08.27;00:00:00;5.0705;5.0355;5.043;5.048;271
2015.08.27;04:00:00;5.0655;5.033;5.0355;5.038;255
2015.08.27;08:00:00;5.0505;5.023;5.023;5.0355;73
2015.08.27;12:00:00;5.0355;5.018;5.0255;5.023;165
2015.08.27;16:00:00;5.028;5.0055;5.0105;5.028;119
2015.08.27;20:00:00;5.033;4.9505;4.9805;5.013;1644
2015.08.28;00:00:00;5.0005;4.973;4.988;4.978;279
2015.08.28;04:00:00;5.028;4.9405;4.9405;5.023;312
2015.08.28;08:00:00;4.9505;4.9255;4.938;4.938;190
2015.08.28;12:00:00;4.9805;4.933;4.9455;4.938;370
2015.08.28;16:00:00;4.963;4.938;4.948;4.9455;212
2015.08.28;20:00:00;5.083;4.913;5.023;4.918;2345
2015.08.31;00:00:00;5.083;5.0205;5.0805;5.0205;343
2015.08.31;04:00:00;5.138;5.0805;5.1255;5.0805;363
2015.08.31;08:00:00;5.1255;5.088;5.0905;5.123;194
2015.08.31;12:00:00;5.153;5.083;5.143;5.0905;458
2015.08.31;16:00:00;5.1455;5.1355;5.138;5.1455;89
2015.08.31;20:00:00;5.153;4.9755;4.978;5.1455;1764
2015.09.01;00:00:00;4.998;4.963;4.9955;4.9755;307
2015.09.01;04:00:00;5.0205;4.9905;4.9905;5.0205;393
2015.09.01;08:00:00;5.013;4.988;5.008;4.9905;157
2015.09.01;12:00:00;5.0355;5.008;5.0255;5.0105;171
2015.09.01;16:00:00;5.028;5.003;5.003;5.023;73
2015.09.01;20:00:00;5.0205;4.9255;4.9455;5.0105;1604
2015.09.02;00:00:00;4.948;4.9305;4.9355;4.943;172
2015.09.02;04:00:00;4.978;4.9455;4.978;4.948;220
2015.09.02;08:00:00;4.993;4.968;4.9905;4.9755;111
2015.09.02;12:00:00;4.9955;4.9455;4.948;4.993;300
2015.09.02;16:00:00;4.9505;4.9305;4.9305;4.9505;73
2015.09.02;20:00:00;4.983;4.868;4.8955;4.928;1853
2015.09.03;00:00:00;4.918;4.8855;4.888;4.898;184
2015.09.03;04:00:00;4.9205;4.8955;4.913;4.8955;150
2015.09.03;08:00:00;4.9305;4.898;4.918;4.9155;248
2015.09.03;12:00:00;4.9205;4.8955;4.898;4.9205;232
2015.09.03;16:00:00;4.9005;4.8955;4.898;4.898;79
2015.09.03;20:00:00;4.908;4.833;4.833;4.893;1506
2015.09.04;00:00:00;4.8405;4.8205;4.8305;4.8355;314
2015.09.04;04:00:00;4.8355;4.823;4.8355;4.8305;249
2015.09.04;08:00:00;4.843;4.8155;4.818;4.8355;220
2015.09.04;12:00:00;4.823;4.7955;4.7955;4.8205;243
2015.09.04;16:00:00;4.798;4.788;4.7905;4.798;51
2015.09.04;20:00:00;4.8405;4.7605;4.8055;4.793;2036
2015.09.07;00:00:00;4.858;4.793;4.848;4.803;468
2015.09.07;04:00:00;4.838;4.8155;4.833;4.838;192
2015.09.07;08:00:00;4.8655;4.833;4.863;4.8355;139
2015.09.07;12:00:00;4.893;4.8505;4.8805;4.8655;318
2015.09.07;16:00:00;4.883;4.863;4.8655;4.883;76
2015.09.07;20:00:00;4.908;4.838;4.858;4.8505;2460
2015.09.08;00:00:00;4.8655;4.8405;4.8505;4.8555;332
2015.09.08;04:00:00;4.893;4.848;4.873;4.853;253
2015.09.08;08:00:00;4.8805;4.853;4.858;4.8755;118
2015.09.08;12:00:00;4.868;4.8405;4.843;4.858;200
2015.09.08;16:00:00;4.848;4.8405;4.843;4.8405;69
2015.09.08;20:00:00;4.853;4.7605;4.783;4.848;1624
2015.09.09;00:00:00;4.7905;4.768;4.7855;4.7805;270
2015.09.09;04:00:00;4.788;4.753;4.7605;4.788;126
2015.09.09;08:00:00;4.773;4.7555;4.7605;4.758;72
2015.09.09;12:00:00;4.778;4.7555;4.7705;4.758;452
2015.09.09;16:00:00;4.773;4.7405;4.743;4.7705;103
2015.09.09;20:00:00;4.753;4.653;4.6605;4.7405;1897
2015.09.10;00:00:00;4.673;4.643;4.643;4.658;174
2015.09.10;04:00:00;4.6605;4.6255;4.6405;4.653;69
2015.09.10;08:00:00;4.6455;4.628;4.643;4.638;130
2015.09.10;12:00:00;4.688;4.633;4.673;4.6405;316
2015.09.10;16:00:00;4.688;4.668;4.6705;4.6755;107
2015.09.10;20:00:00;4.6905;4.628;4.6805;4.658;1185
2015.09.11;00:00:00;4.6855;4.6655;4.6655;4.678;147
2015.09.11;04:00:00;4.7605;4.6755;4.713;4.6755;365
2015.09.11;08:00:00;4.733;4.708;4.7305;4.718;160
2015.09.11;12:00:00;4.758;4.7255;4.753;4.7305;197
2015.09.11;16:00:00;4.758;4.7405;4.748;4.7555;63
2015.09.11;20:00:00;4.753;4.698;4.743;4.7455;1925
2015.09.14;00:00:00;4.7505;4.718;4.7455;4.7405;225
2015.09.14;04:00:00;4.7455;4.7055;4.7455;4.7205;189
2015.09.14;08:00:00;4.7555;4.738;4.753;4.748;134
2015.09.14;12:00:00;4.803;4.7555;4.7855;4.7555;276
2015.09.14;16:00:00;4.7905;4.778;4.7855;4.7805;81
2015.09.14;20:00:00;4.788;4.718;4.723;4.778;1537
2015.09.15;00:00:00;4.7355;4.7105;4.7205;4.7205;255
2015.09.15;04:00:00;4.738;4.708;4.728;4.718;173
2015.09.15;08:00:00;4.7405;4.7255;4.7305;4.7305;101
2015.09.15;12:00:00;4.738;4.723;4.7255;4.7305;156
2015.09.15;16:00:00;4.7305;4.718;4.7305;4.7255;61
2015.09.15;20:00:00;4.788;4.723;4.778;4.728;2058
2015.09.16;00:00:00;4.7805;4.7655;4.7755;4.7755;232
2015.09.16;04:00:00;4.7755;4.7555;4.758;4.773;103
2015.09.16;08:00:00;4.7755;4.753;4.773;4.7555;56
2015.09.16;12:00:00;4.7755;4.7405;4.753;4.7705;117
2015.09.16;16:00:00;4.768;4.7555;4.768;4.7555;38
2015.09.16;20:00:00;4.8255;4.6805;4.808;4.7605;2766
2015.09.17;00:00:00;4.848;4.8005;4.8455;4.8055;514
2015.09.17;04:00:00;4.8905;4.853;4.873;4.8555;177
2015.09.17;08:00:00;4.883;4.868;4.8755;4.8705;170
2015.09.17;12:00:00;4.883;4.853;4.878;4.8705;208
2015.09.17;16:00:00;4.883;4.873;4.873;4.8805;59
2015.09.17;20:00:00;5.008;4.868;4.988;4.878;2449
2015.09.18;00:00:00;5.0105;4.9805;5.008;4.9905;265
2015.09.18;04:00:00;5.0255;4.993;5.0255;4.993;139
2015.09.18;08:00:00;5.0255;4.983;4.983;5.023;41
2015.09.18;12:00:00;4.9955;4.958;4.9605;4.9805;270
2015.09.18;16:00:00;4.963;4.9505;4.9605;4.958;68
2015.09.18;20:00:00;4.973;4.918;4.943;4.9505;1558
2015.09.21;00:00:00;4.953;4.933;4.943;4.9455;230
2015.09.21;04:00:00;4.9455;4.903;4.908;4.9455;253
2015.09.21;08:00:00;4.9155;4.908;4.913;4.9105;27
2015.09.21;12:00:00;4.923;4.8655;4.8955;4.9155;222
2015.09.21;16:00:00;4.933;4.8955;4.9305;4.898;114
2015.09.21;20:00:00;4.9455;4.8255;4.8605;4.928;1549
2015.09.22;00:00:00;4.883;4.8505;4.883;4.858;114
2015.09.22;04:00:00;4.8755;4.8605;4.8605;4.8755;58
2015.09.22;08:00:00;4.8705;4.8555;4.8655;4.863;57
2015.09.22;12:00:00;4.8905;4.8605;4.878;4.8655;171
2015.09.22;16:00:00;4.878;4.843;4.843;4.8755;82
2015.09.22;20:00:00;4.8705;4.8055;4.8305;4.8505;1006
2015.09.23;00:00:00;4.868;4.8005;4.803;4.828;274
2015.09.23;04:00:00;4.823;4.808;4.8205;4.808;97
2015.09.23;08:00:00;4.863;4.823;4.8505;4.823;96
2015.09.23;12:00:00;4.8555;4.8155;4.843;4.853;326
2015.09.23;16:00:00;4.8505;4.8255;4.8305;4.8455;94
2015.09.23;20:00:00;4.883;4.7955;4.868;4.8305;1462
2015.09.24;00:00:00;4.868;4.828;4.8605;4.8655;344
2015.09.24;04:00:00;4.858;4.8005;4.813;4.853;114
2015.09.24;08:00:00;4.833;4.8155;4.8255;4.8155;79
2015.09.24;12:00:00;4.8705;4.8205;4.853;4.823;186
2015.09.24;16:00:00;4.8505;4.828;4.833;4.8505;63
2015.09.24;20:00:00;4.9855;4.8405;4.9705;4.843;1454
2015.09.25;00:00:00;4.9755;4.9455;4.9605;4.973;233
2015.09.25;04:00:00;4.958;4.9355;4.938;4.958;141
2015.09.25;08:00:00;4.948;4.933;4.9355;4.9405;37
2015.09.25;12:00:00;4.958;4.9155;4.9155;4.938;172
2015.09.25;16:00:00;4.928;4.913;4.918;4.913;49
2015.09.25;20:00:00;4.953;4.878;4.933;4.9155;1205
2015.09.28;00:00:00;4.958;4.928;4.948;4.9305;189
2015.09.28;04:00:00;4.9805;4.933;4.963;4.9355;271
2015.09.28;08:00:00;4.9905;4.948;4.988;4.9605;148
2015.09.28;12:00:00;5.038;4.9805;5.038;4.9905;272
2015.09.28;16:00:00;5.038;5.028;5.033;5.0355;72
2015.09.28;20:00:00;5.078;5.013;5.058;5.0355;1270
2015.09.29;00:00:00;5.0705;5.048;5.0705;5.058;177
2015.09.29;04:00:00;5.083;5.0505;5.0705;5.0555;296
2015.09.29;08:00:00;5.0805;5.0405;5.0555;5.068;89
2015.09.29;12:00:00;5.0605;5.033;5.0455;5.053;161
2015.09.29;16:00:00;5.0455;5.008;5.013;5.0455;92
2015.09.29;20:00:00;5.078;4.9755;4.9805;5.018;1558
2015.09.30;00:00:00;4.9855;4.963;4.9655;4.978;175
2015.09.30;04:00:00;4.983;4.9605;4.963;4.973;152
2015.09.30;08:00:00;4.9805;4.958;4.9755;4.9655;78
2015.09.30;12:00:00;5.0055;4.9705;5.0005;4.973;251
2015.09.30;16:00:00;5.013;4.998;5.013;5.003;87
2015.09.30;20:00:00;5.098;4.9955;5.0705;5.0055;1348
2015.10.01;00:00:00;5.0755;5.0505;5.0755;5.068;264
2015.10.01;04:00:00;5.133;5.0755;5.123;5.0755;305
2015.10.01;08:00:00;5.133;5.1105;5.1255;5.1205;186
2015.10.01;12:00:00;5.143;5.1255;5.138;5.128;213
2015.10.01;16:00:00;5.143;5.1305;5.1355;5.1405;75
2015.10.01;20:00:00;5.148;4.9955;5.0105;5.123;1900
2015.10.02;00:00:00;5.0555;5.008;5.0555;5.008;299
2015.10.02;04:00:00;5.073;5.0405;5.053;5.053;232
2015.10.02;08:00:00;5.0555;5.0205;5.0205;5.0555;114
2015.10.02;12:00:00;5.0255;5.0005;5.0105;5.018;223
2015.10.02;16:00:00;5.0305;5.0055;5.0255;5.0105;70
2015.10.02;20:00:00;5.0905;5.013;5.0605;5.0255;1838
2015.10.05;00:00:00;5.063;5.0255;5.033;5.058;256
2015.10.05;04:00:00;5.048;5.023;5.043;5.0255;91
2015.10.05;08:00:00;5.063;5.0405;5.063;5.0405;50
2015.10.05;12:00:00;5.078;5.0355;5.0605;5.0655;205
2015.10.05;16:00:00;5.068;5.038;5.0455;5.0555;84
2015.10.05;20:00:00;5.138;4.978;5.093;5.0505;2962
2015.10.06;00:00:00;5.148;5.0905;5.1155;5.0955;459
2015.10.06;04:00:00;5.128;5.1155;5.128;5.1155;136
2015.10.06;08:00:00;5.128;5.113;5.1205;5.1255;93
2015.10.06;12:00:00;5.168;5.1205;5.158;5.123;275
2015.10.06;16:00:00;5.183;5.1505;5.158;5.1605;154
2015.10.06;20:00:00;5.2305;5.143;5.2055;5.163;2203
2015.10.07;00:00:00;5.203;5.1705;5.173;5.203;245
2015.10.07;04:00:00;5.1905;5.1555;5.188;5.1555;155
2015.10.07;08:00:00;5.1905;5.183;5.188;5.188;74
2015.10.07;12:00:00;5.1905;5.1355;5.1355;5.1855;232
2015.10.07;16:00:00;5.1455;5.1205;5.1405;5.138;129
2015.10.07;20:00:00;5.223;5.1255;5.1555;5.1355;1514
2015.10.08;00:00:00;5.1655;5.1205;5.1205;5.158;367
2015.10.08;04:00:00;5.173;5.1155;5.1555;5.118;298
2015.10.08;08:00:00;5.1655;5.138;5.163;5.1505;89
2015.10.08;12:00:00;5.1655;5.148;5.153;5.1655;198
2015.10.08;16:00:00;5.173;5.1455;5.168;5.1505;92
2015.10.08;20:00:00;5.168;5.083;5.158;5.1655;1633
2015.10.09;00:00:00;5.1605;5.133;5.153;5.1605;196
2015.10.09;04:00:00;5.1455;5.1255;5.143;5.1355;102
2015.10.09;08:00:00;5.1605;5.1455;5.148;5.1455;43
2015.10.09;12:00:00;5.1505;5.1355;5.1355;5.1505;32
2015.10.09;16:00:00;5.213;5.133;5.193;5.133;150
2015.10.09;20:00:00;5.258;5.193;5.238;5.203;2232
2015.10.12;00:00:00;5.2605;5.228;5.253;5.2355;223
2015.10.12;04:00:00;5.258;5.2455;5.258;5.248;112
2015.10.12;08:00:00;5.2605;5.2505;5.258;5.2555;97
2015.10.12;12:00:00;5.308;5.258;5.2955;5.2605;211
2015.10.12;16:00:00;5.2955;5.283;5.2905;5.293;65
2015.10.12;20:00:00;5.2905;5.1455;5.1705;5.288;2052
2015.10.13;00:00:00;5.178;5.1605;5.1605;5.173;212
2015.10.13;04:00:00;5.193;5.1505;5.188;5.153;216
2015.10.13;08:00:00;5.1855;5.1755;5.1805;5.183;52
2015.10.13;12:00:00;5.188;5.173;5.1805;5.178;119
2015.10.13;16:00:00;5.1805;5.1655;5.1655;5.178;87
2015.10.13;20:00:00;5.213;5.088;5.1005;5.168;1617
2015.10.14;00:00:00;5.123;5.098;5.1055;5.103;156
2015.10.14;04:00:00;5.1555;5.103;5.1455;5.103;216
2015.10.14;08:00:00;5.1505;5.1055;5.1205;5.1455;155
2015.10.14;12:00:00;5.1505;5.123;5.1355;5.123;125
2015.10.14;16:00:00;5.168;5.138;5.1455;5.138;84
2015.10.14;20:00:00;5.188;5.038;5.133;5.138;2810
2015.10.15;00:00:00;5.133;5.0755;5.0755;5.133;393
2015.10.15;04:00:00;5.093;5.058;5.078;5.068;288
2015.10.15;08:00:00;5.088;5.0755;5.088;5.078;92
2015.10.15;12:00:00;5.088;5.0605;5.0605;5.0855;111
2015.10.15;16:00:00;5.0755;5.058;5.058;5.058;82
2015.10.15;20:00:00;5.1005;5.028;5.088;5.0655;1302
2015.10.16;00:00:00;5.088;5.053;5.063;5.088;195
2015.10.16;04:00:00;5.063;5.0455;5.053;5.0605;58
2015.10.16;08:00:00;5.0805;5.0555;5.0805;5.0555;85
2015.10.16;12:00:00;5.0855;5.0605;5.068;5.078;113
2015.10.16;16:00:00;5.078;5.063;5.073;5.0705;60
2015.10.16;20:00:00;5.1805;5.0705;5.1755;5.0705;2010
2015.10.19;00:00:00;5.2105;5.1705;5.183;5.178;338
2015.10.19;04:00:00;5.1905;5.173;5.1805;5.178;127
2015.10.19;08:00:00;5.1805;5.163;5.163;5.178;108
2015.10.19;12:00:00;5.1755;5.153;5.168;5.1605;26
2015.10.19;16:00:00;5.188;5.173;5.183;5.173;64
2015.10.19;20:00:00;5.1855;5.0705;5.083;5.1805;1028
2015.10.20;00:00:00;5.088;5.073;5.078;5.0805;136
2015.10.20;04:00:00;5.088;5.063;5.078;5.063;127
2015.10.20;08:00:00;5.093;5.0805;5.0855;5.0805;97
2015.10.20;12:00:00;5.0955;5.0605;5.068;5.083;184
2015.10.20;16:00:00;5.078;5.0655;5.0705;5.0655;120
2015.10.20;20:00:00;5.1205;5.033;5.043;5.078;1043
2015.10.21;00:00:00;5.043;5.0155;5.0155;5.0405;275
2015.10.21;04:00:00;5.023;4.993;4.998;5.0205;239
2015.10.21;08:00:00;5.0355;5.0005;5.0355;5.0005;157
2015.10.21;12:00:00;5.043;5.028;5.033;5.0355;226
2015.10.21;16:00:00;5.0505;5.0305;5.048;5.033;37
2015.10.21;20:00:00;5.0505;4.893;4.9155;5.0505;1398
2015.10.22;00:00:00;4.948;4.9155;4.918;4.918;292
2015.10.22;04:00:00;4.908;4.8705;4.8755;4.908;196
2015.10.22;08:00:00;4.878;4.8555;4.8655;4.878;89
2015.10.22;12:00:00;4.873;4.8555;4.858;4.863;310
2015.10.22;16:00:00;4.883;4.8555;4.8805;4.8605;66
2015.10.22;20:00:00;4.928;4.8455;4.8455;4.8755;1464
2015.10.23;00:00:00;4.8655;4.838;4.848;4.8505;360
2015.10.23;04:00:00;4.8605;4.8405;4.8455;4.858;82
2015.10.23;08:00:00;4.853;4.8305;4.8405;4.848;108
2015.10.23;12:00:00;4.888;4.8355;4.8805;4.838;165
2015.10.23;16:00:00;4.8855;4.858;4.878;4.883;70
2015.10.23;20:00:00;4.9005;4.843;4.8755;4.873;1165
2015.10.25;23:00:00;4.9105;4.873;4.9005;4.878;185
2015.10.26;00:00:00;4.933;4.908;4.9155;4.9155;118
2015.10.26;04:00:00;4.923;4.908;4.913;4.9155;78
2015.10.26;08:00:00;4.923;4.898;4.9105;4.9105;231
2015.10.26;12:00:00;4.923;4.9055;4.913;4.913;71
2015.10.26;16:00:00;4.968;4.9105;4.9555;4.913;1015
2015.10.26;20:00:00;4.968;4.938;4.9405;4.958;238
2015.10.27;00:00:00;4.9655;4.938;4.9655;4.938;115
2015.10.27;04:00:00;4.9855;4.968;4.983;4.968;37
2015.10.27;08:00:00;4.993;4.978;4.9855;4.9805;115
2015.10.27;12:00:00;4.998;4.9655;4.9655;4.9905;69
2015.10.27;16:00:00;4.988;4.9055;4.928;4.9605;1484
2015.10.27;20:00:00;4.933;4.9005;4.903;4.9255;172
2015.10.28;00:00:00;4.903;4.8905;4.8955;4.8955;72
2015.10.28;04:00:00;4.9355;4.8955;4.933;4.8955;60
2015.10.28;08:00:00;4.9355;4.913;4.9305;4.9355;155
2015.10.28;12:00:00;4.933;4.918;4.9255;4.933;36
2015.10.28;16:00:00;4.9255;4.843;4.8555;4.918;1052
2015.10.28;20:00:00;4.9055;4.853;4.9005;4.858;211
2015.10.29;00:00:00;4.993;4.9305;4.973;4.9305;391
2015.10.29;04:00:00;4.973;4.968;4.968;4.9705;33
2015.10.29;08:00:00;4.9905;4.9505;4.953;4.9705;254
2015.10.29;12:00:00;5.113;4.943;5.0905;4.9505;1881
2015.10.29;16:00:00;5.098;5.053;5.088;5.093;411
2015.10.29;20:00:00;5.1005;5.083;5.0905;5.0905;106
2015.10.30;00:00:00;5.0905;5.0855;5.088;5.088;47
2015.10.30;04:00:00;5.0855;5.0605;5.063;5.0855;136
2015.10.30;08:00:00;5.173;5.0655;5.1105;5.0655;1945
2015.10.30;12:00:00;5.113;5.0805;5.0855;5.113;136
2015.10.30;16:00:00;5.0805;5.063;5.063;5.068;81
2015.10.30;20:00:00;5.0605;5.0355;5.0405;5.0605;90
2015.11.02;00:00:00;5.053;5.028;5.0355;5.0455;169
2015.11.02;04:00:00;5.0805;4.9955;5.0655;5.038;1454
2015.11.02;08:00:00;5.0705;5.043;5.053;5.063;369
2015.11.02;12:00:00;5.073;5.0505;5.0655;5.0505;142
2015.11.02;16:00:00;5.0705;5.063;5.0655;5.063;17
2015.11.02;20:00:00;5.063;5.0455;5.0505;5.063;26
2015.11.03;00:00:00;5.1655;5.0455;5.133;5.048;2162
2015.11.03;04:00:00;5.153;5.1305;5.148;5.1305;255
2015.11.03;08:00:00;5.1905;5.1455;5.188;5.1455;240
2015.11.03;12:00:00;5.1905;5.1755;5.183;5.1905;57
2015.11.03;16:00:00;5.193;5.1805;5.183;5.183;82
2015.11.03;20:00:00;5.2305;5.148;5.218;5.1855;1556
2015.11.04;00:00:00;5.218;5.1955;5.2155;5.2155;208
2015.11.04;04:00:00;5.2205;5.1955;5.2105;5.1955;149
2015.11.04;08:00:00;5.2205;5.213;5.2155;5.213;42
2015.11.04;12:00:00;5.2155;5.1755;5.1755;5.213;132
2015.11.04;16:00:00;5.178;5.1705;5.173;5.178;46
2015.11.04;20:00:00;5.173;5.063;5.0905;5.1705;1535
2015.11.05;00:00:00;5.098;5.0705;5.073;5.093;264
2015.11.05;04:00:00;5.0705;5.0605;5.0605;5.068;47
2015.11.05;08:00:00;5.068;5.0555;5.068;5.063;31
2015.11.05;12:00:00;5.0705;5.053;5.0605;5.0655;112
2015.11.05;16:00:00;5.093;5.063;5.088;5.063;38
2015.11.05;20:00:00;5.1555;5.083;5.148;5.0855;1892
2015.11.06;00:00:00;5.163;5.1355;5.158;5.1505;280
2015.11.06;04:00:00;5.1555;5.123;5.128;5.1505;94
2015.11.06;08:00:00;5.1305;5.1255;5.1255;5.128;26
2015.11.06;12:00:00;5.1255;5.108;5.1255;5.123;70
2015.11.06;16:00:00;5.123;5.118;5.1205;5.123;28
2015.11.06;20:00:00;5.3005;5.078;5.268;5.123;2732
2015.11.09;00:00:00;5.278;5.238;5.258;5.2655;272
2015.11.09;04:00:00;5.253;5.238;5.2455;5.238;110
2015.11.09;08:00:00;5.2505;5.228;5.2355;5.243;88
2015.11.09;12:00:00;5.258;5.228;5.258;5.233;155
2015.11.09;16:00:00;5.253;5.213;5.218;5.2505;84
2015.11.09;20:00:00;5.283;5.1955;5.268;5.213;2288
2015.11.10;00:00:00;5.2805;5.2455;5.253;5.2705;323
2015.11.10;04:00:00;5.2455;5.2155;5.2155;5.238;241
2015.11.10;08:00:00;5.2255;5.2155;5.2255;5.218;88
2015.11.10;12:00:00;5.228;5.2105;5.223;5.223;113
2015.11.10;16:00:00;5.2205;5.188;5.188;5.2205;85
2015.11.10;20:00:00;5.253;5.173;5.248;5.1955;2213
2015.11.11;00:00:00;5.2055;5.163;5.193;5.198;170
2015.11.11;04:00:00;5.193;5.188;5.1905;5.1905;9
2015.11.11;08:00:00;5.188;5.1605;5.168;5.188;132
2015.11.11;12:00:00;5.1755;5.163;5.1705;5.1655;52
2015.11.11;16:00:00;5.1755;5.0205;5.0255;5.1655;1420
2015.11.11;20:00:00;5.033;5.008;5.0105;5.028;397
2015.11.12;00:00:00;5.028;5.0055;5.028;5.018;129
2015.11.12;04:00:00;5.0305;5.0255;5.0305;5.028;56
2015.11.12;08:00:00;5.0305;5.0155;5.0155;5.0255;127
2015.11.12;12:00:00;5.013;5.0005;5.003;5.013;28
2015.11.12;16:00:00;5.0105;4.8755;4.888;5.0055;2587
2015.11.12;20:00:00;4.9155;4.878;4.908;4.8905;317
2015.11.13;00:00:00;4.9355;4.903;4.9355;4.9055;90
2015.11.13;04:00:00;4.943;4.928;4.9355;4.933;49
2015.11.13;08:00:00;4.973;4.9355;4.963;4.938;70
2015.11.13;12:00:00;4.968;4.9555;4.958;4.9655;56
2015.11.13;16:00:00;4.963;4.898;4.9005;4.9605;1361
2015.11.13;20:00:00;4.948;4.898;4.9455;4.898;179
2015.11.16;00:00:00;4.973;4.948;4.963;4.948;173
2015.11.16;04:00:00;4.973;4.9605;4.973;4.9605;48
2015.11.16;08:00:00;4.973;4.953;4.958;4.9705;47
2015.11.16;12:00:00;4.9555;4.9355;4.9405;4.9555;42
2015.11.16;16:00:00;4.998;4.918;4.978;4.938;1947
2015.11.16;20:00:00;4.983;4.968;4.9705;4.9805;150
2015.11.17;00:00:00;4.9655;4.953;4.9605;4.958;43
2015.11.17;04:00:00;4.973;4.9605;4.9705;4.9605;76
2015.11.17;08:00:00;4.9905;4.9705;4.9755;4.9705;116
2015.11.17;12:00:00;4.988;4.9705;4.978;4.978;80
2015.11.17;16:00:00;4.9705;4.9105;4.9405;4.9705;1559
2015.11.17;20:00:00;4.958;4.9355;4.9555;4.938;268
2015.11.18;00:00:00;4.9455;4.9155;4.9205;4.943;361
2015.11.18;04:00:00;4.923;4.9105;4.923;4.9205;39
2015.11.18;08:00:00;4.928;4.918;4.918;4.9205;16
2015.11.18;12:00:00;4.9205;4.9105;4.9155;4.9155;45
2015.11.18;16:00:00;4.973;4.898;4.938;4.913;1676
2015.11.18;20:00:00;4.958;4.9305;4.933;4.9405;315
2015.11.19;00:00:00;4.933;4.9105;4.913;4.9305;66
2015.11.19;04:00:00;4.918;4.9105;4.9155;4.913;69
2015.11.19;08:00:00;4.918;4.908;4.9105;4.9155;75
2015.11.19;12:00:00;4.918;4.908;4.9155;4.908;37
2015.11.19;16:00:00;4.918;4.8405;4.8455;4.918;1150
2015.11.19;20:00:00;4.873;4.8455;4.8705;4.848;233
2015.11.20;00:00:00;4.873;4.858;4.858;4.8655;106
2015.11.20;04:00:00;4.863;4.8505;4.8605;4.8555;78
2015.11.20;08:00:00;4.8905;4.858;4.883;4.858;111
2015.11.20;12:00:00;4.8905;4.8805;4.888;4.8855;55
2015.11.20;16:00:00;4.8955;4.8005;4.803;4.893;1365
2015.11.20;20:00:00;4.833;4.8005;4.828;4.8005;217
2015.11.23;00:00:00;4.833;4.8105;4.813;4.823;278
2015.11.23;04:00:00;4.8255;4.8105;4.823;4.813;46
2015.11.23;08:00:00;4.848;4.8255;4.843;4.8255;219
2015.11.23;12:00:00;4.873;4.838;4.853;4.8405;116
2015.11.23;16:00:00;4.9105;4.8505;4.893;4.853;1083
2015.11.23;20:00:00;4.9205;4.893;4.898;4.8955;205
2015.11.24;00:00:00;4.903;4.8705;4.903;4.8855;197
2015.11.24;04:00:00;4.908;4.888;4.9055;4.908;102
2015.11.24;08:00:00;4.918;4.903;4.9055;4.908;79
2015.11.24;12:00:00;4.908;4.903;4.9055;4.9055;31
2015.11.24;16:00:00;4.943;4.858;4.898;4.9005;1287
2015.11.24;20:00:00;4.898;4.8705;4.8855;4.898;149
2015.11.25;00:00:00;4.923;4.868;4.9055;4.868;98
2015.11.25;04:00:00;4.9055;4.853;4.8605;4.903;65
2015.11.25;08:00:00;4.8755;4.858;4.8755;4.858;19
2015.11.25;12:00:00;4.878;4.8605;4.873;4.878;33
2015.11.25;16:00:00;4.983;4.8705;4.978;4.878;926
2015.11.25;20:00:00;4.9905;4.9655;4.9655;4.9755;89
2015.11.26;00:00:00;4.9655;4.9505;4.9505;4.958;145
2015.11.26;04:00:00;4.9555;4.9505;4.953;4.953;16
2015.11.26;08:00:00;4.9555;4.9305;4.933;4.9555;46
2015.11.26;12:00:00;4.9405;4.928;4.933;4.9355;49
2015.11.26;16:00:00;4.9655;4.878;4.8855;4.9305;1073
2015.11.26;20:00:00;4.903;4.873;4.8755;4.883;104
2015.11.27;00:00:00;4.9105;4.868;4.903;4.878;220
2015.11.27;04:00:00;4.9055;4.9005;4.9055;4.9005;45
2015.11.27;08:00:00;4.918;4.8855;4.8905;4.903;119
2015.11.27;12:00:00;4.8955;4.8855;4.8855;4.893;43
2015.11.27;16:00:00;4.913;4.868;4.8755;4.888;1253
2015.11.27;20:00:00;4.893;4.868;4.8705;4.8755;129
2015.11.30;00:00:00;4.8555;4.7755;4.788;4.848;599
2015.11.30;04:00:00;4.778;4.7505;4.778;4.7655;202
2015.11.30;08:00:00;4.7755;4.753;4.7555;4.7755;62
2015.11.30;12:00:00;4.783;4.758;4.7805;4.758;35
2015.11.30;16:00:00;4.778;4.768;4.773;4.778;44
2015.11.30;20:00:00;4.798;4.7455;4.7605;4.773;1062
2015.12.01;00:00:00;4.763;4.748;4.7505;4.763;94
2015.12.01;04:00:00;4.763;4.7355;4.763;4.7405;50
2015.12.01;08:00:00;4.773;4.7605;4.773;4.7605;32
2015.12.01;12:00:00;4.7955;4.773;4.793;4.7755;90
2015.12.01;16:00:00;4.7955;4.7855;4.788;4.7955;56
2015.12.01;20:00:00;4.783;4.703;4.703;4.783;830
2015.12.02;00:00:00;4.7205;4.703;4.708;4.7055;126
2015.12.02;04:00:00;4.713;4.7055;4.7105;4.7055;141
2015.12.02;08:00:00;4.7255;4.708;4.723;4.708;31
2015.12.02;12:00:00;4.728;4.708;4.7155;4.723;72
2015.12.02;16:00:00;4.718;4.6955;4.6955;4.713;60
2015.12.02;20:00:00;4.713;4.6505;4.6705;4.698;802
2015.12.03;00:00:00;4.683;4.663;4.6655;4.668;139
2015.12.03;04:00:00;4.6655;4.6555;4.6655;4.663;97
2015.12.03;08:00:00;4.683;4.6655;4.6755;4.6655;70
2015.12.03;12:00:00;4.683;4.663;4.6705;4.673;118
2015.12.03;16:00:00;4.7005;4.663;4.698;4.668;185
2015.12.03;20:00:00;4.833;4.6605;4.813;4.6755;1041
2015.12.04;00:00:00;4.823;4.7755;4.778;4.8105;144
2015.12.04;04:00:00;4.808;4.7855;4.803;4.7855;116
2015.12.04;08:00:00;4.813;4.803;4.8105;4.8055;20
2015.12.04;12:00:00;4.808;4.7905;4.7955;4.808;54
2015.12.04;16:00:00;4.813;4.798;4.813;4.798;24
2015.12.04;20:00:00;4.838;4.778;4.828;4.8105;890
2015.12.07;00:00:00;4.843;4.813;4.8405;4.8255;113
2015.12.07;04:00:00;4.913;4.8705;4.8905;4.8705;186
2015.12.07;08:00:00;4.893;4.8705;4.8705;4.888;19
2015.12.07;12:00:00;4.888;4.8705;4.883;4.873;77
2015.12.07;16:00:00;4.8855;4.8705;4.873;4.8805;46
2015.12.07;20:00:00;4.923;4.838;4.8505;4.8755;1033
2015.12.08;00:00:00;4.8605;4.8155;4.823;4.853;165
2015.12.08;04:00:00;4.8305;4.808;4.8255;4.808;74
2015.12.08;08:00:00;4.8255;4.813;4.8155;4.823;36
2015.12.08;12:00:00;4.8155;4.788;4.803;4.813;64
2015.12.08;16:00:00;4.823;4.8005;4.8105;4.8005;49
2015.12.08;20:00:00;4.818;4.7605;4.798;4.808;1034
2015.12.09;00:00:00;4.8155;4.7955;4.808;4.7955;101
2015.12.09;04:00:00;4.8255;4.808;4.8255;4.8105;25
2015.12.09;08:00:00;4.8305;4.823;4.828;4.8255;19
2015.12.09;12:00:00;4.853;4.828;4.8505;4.8305;76
2015.12.09;16:00:00;4.8505;4.843;4.843;4.8505;19
2015.12.09;20:00:00;4.9055;4.838;4.8605;4.853;1281
2015.12.10;00:00:00;4.893;4.8605;4.8905;4.863;130
2015.12.10;04:00:00;4.9055;4.878;4.878;4.883;54
2015.12.10;08:00:00;4.883;4.8755;4.8805;4.8805;27
2015.12.10;12:00:00;4.883;4.858;4.8605;4.878;37
2015.12.10;16:00:00;4.868;4.858;4.858;4.8655;23
2015.12.10;20:00:00;4.973;4.8505;4.9555;4.863;623
2015.12.11;00:00:00;4.968;4.938;4.948;4.953;142
2015.12.11;04:00:00;4.953;4.9205;4.923;4.9405;83
2015.12.11;08:00:00;4.9455;4.923;4.938;4.923;54
2015.12.11;12:00:00;4.943;4.928;4.9405;4.9405;71
2015.12.11;16:00:00;4.9555;4.943;4.9555;4.943;25
2015.12.11;20:00:00;4.973;4.8705;4.913;4.9505;1074
2015.12.14;00:00:00;4.9205;4.8955;4.898;4.9155;113
2015.12.14;04:00:00;4.9255;4.9005;4.9155;4.908;65
2015.12.14;08:00:00;4.9205;4.9005;4.9055;4.918;24
2015.12.14;12:00:00;4.923;4.883;4.883;4.908;134
2015.12.14;16:00:00;4.8955;4.8805;4.893;4.883;45
2015.12.14;20:00:00;4.963;4.8855;4.9505;4.8855;880
2015.12.15;00:00:00;4.953;4.928;4.928;4.9505;64
2015.12.15;04:00:00;4.923;4.903;4.9105;4.9055;87
2015.12.15;08:00:00;4.9155;4.9005;4.903;4.913;29
2015.12.15;12:00:00;4.9255;4.9005;4.9005;4.9055;75
2015.12.15;16:00:00;4.903;4.8805;4.888;4.9005;44
2015.12.15;20:00:00;4.973;4.858;4.958;4.8955;671
